0 -0.342602
1 -0.0946301
2 0.124481
3 0.228173
4 0.269488
5 0.283965
6 0.287932
7 0.287026
8 0.267937
9 0.27336
10 0.235267
11 0.272896
12 0.234359
13 0.159204
14 0.179269
15 0.149044
16 0.155184
17 0.163857
18 0.178257
19 0.164663
20 0.174338
21 0.184568
22 0.179432
23 0.171724
24 0.177068
25 0.177519
26 0.185964
27 0.181801
28 0.177457
29 0.17532
30 0.172261
31 0.18366
32 0.179466
33 0.171617
34 0.172894
35 0.167862
36 0.179224
37 0.187848
38 0.172751
39 0.17338
40 0.182733
41 0.189978
42 0.186352
43 0.188679
44 0.181809
45 0.183849
46 0.183212
47 0.182149
48 0.169804
49 0.166325
50 0.186051
51 0.172365
52 0.177595
53 0.181777
54 0.166901
55 0.180387
56 0.178849
57 0.175475
58 0.182335
59 0.168926
60 0.16641
61 0.16285
62 0.181763
63 0.171835
64 0.181547
65 0.176555
66 0.170414
67 0.173298
68 0.178163
69 0.190099
70 0.175538
71 0.170176
72 0.180242
73 0.180216
74 0.177054
75 0.168593
76 0.16866
77 0.171028
78 0.177269
79 0.170226
80 0.179484
81 0.187661
82 0.178322
83 0.187672
84 0.174664
85 0.181958
86 0.174446
87 0.174204
88 0.172985
89 0.16752
90 0.179099
91 0.176136
92 0.178841
93 0.17111
94 0.167206
95 0.178023
96 0.174805
97 0.171791
98 0.168969
99 0.180147
100 0.170887
101 0.168927
102 0.177949
103 0.191904
104 0.174768
105 0.170672
106 0.183862
107 0.177302
108 0.168046
109 0.170324
110 0.172824
111 0.17438
112 0.168599
113 0.172579
114 0.169954
115 0.185738
116 0.190127
117 0.188916
118 0.176679
119 0.166416
120 0.178882
121 0.171487
122 0.188875
123 0.179557
124 0.174574
125 0.176192
126 0.181598
127 0.178014
128 0.186686
129 0.184437
130 0.177281
131 0.176569
132 0.173693
133 0.173816
134 0.181211
135 0.174371
136 0.168837
137 0.185334
138 0.191914
139 0.183107
140 0.179391
141 0.184805
142 0.183248
143 0.169958
144 0.174919
145 0.168768
146 0.168104
147 0.188009
148 0.17872
149 0.178368
150 0.169312
151 0.176684
152 0.180289
153 0.182777
154 0.172756
155 0.17683
156 0.179041
157 0.17917
158 0.181787
159 0.186582
160 0.176137
161 0.166891
162 0.168324
163 0.16881
164 0.180238
165 0.188965
166 0.190432
167 0.185451
168 0.17664
169 0.170453
170 0.18227
171 0.187828
172 0.174615
173 0.178222
174 0.176231
175 0.170572
176 0.185097
177 0.166679
178 0.183042
179 0.183823
180 0.190419
181 0.178594
182 0.169616
183 0.185518
184 0.167264
185 0.181204
186 0.171158
187 0.179613
188 0.187754
189 0.178389
190 0.17563
191 0.188207
192 0.178707
193 0.186777
194 0.184323
195 0.174822
196 0.182477
197 0.168701
198 0.170113
199 0.168305
200 0.164714
201 0.18116
202 0.185334
203 0.183065
204 0.17885
205 0.180173
206 0.172315
207 0.167302
208 0.16655
209 0.187686
210 0.196795
211 0.17144
212 0.187359
213 0.180675
214 0.17234
215 0.175525
216 0.19171
217 0.172973
218 0.180397
219 0.1874
220 0.170313
221 0.185613
222 0.182089
223 0.167571
224 0.186468
225 0.177759
226 0.175123
227 0.182367
228 0.174911
229 0.163438
230 0.180943
231 0.185956
232 0.169255
233 0.17987
234 0.178659
235 0.185329
236 0.184021
237 0.19069
238 0.171001
239 0.178496
240 0.187832
241 0.173497
242 0.178747
243 0.168169
244 0.169529
245 0.176283
246 0.171612
247 0.188543
248 0.183909
249 0.168013
250 0.185163
251 0.176749
252 0.190742
253 0.17672
254 0.175432
255 0.170908
256 0.17066
257 0.17907
258 0.180552
259 0.177571
260 0.181604
261 0.186457
262 0.180419
263 0.169564
264 0.17633
265 0.181915
266 0.171063
267 0.18965
268 0.195578
269 0.17223
270 0.181531
271 0.180062
272 0.17154
273 0.174458
274 0.183717
275 0.186099
276 0.190422
277 0.175547
278 0.160588
279 0.185268
280 0.170395
281 0.185165
282 0.18974
283 0.167981
284 0.192635
285 0.17446
286 0.1827
287 0.178754
288 0.184172
289 0.183587
290 0.176607
291 0.186763
292 0.189054
293 0.184228
294 0.170908
295 0.177668
296 0.172975
297 0.184627
298 0.177387
299 0.17604
300 0.189603
301 0.181069
302 0.182756
303 0.177828
304 0.177385
305 0.166966
306 0.182206
307 0.189507
308 0.178595
309 0.180686
310 0.186758
311 0.191048
312 0.176349
313 0.166672
314 0.166985
315 0.169404
316 0.18407
317 0.182657
318 0.191254
319 0.172363
320 0.183438
321 0.178633
322 0.173849
323 0.193171
324 0.177054
325 0.180306
326 0.178577
327 0.180018
328 0.1812
329 0.180602
330 0.173661
331 0.179579
332 0.177782
333 0.178486
334 0.171819
335 0.177337
336 0.164987
337 0.176071
338 0.183008
339 0.174381
340 0.174875
341 0.172115
342 0.180181
343 0.183015
344 0.182521
345 0.170715
346 0.168124
347 0.171286
348 0.187688
349 0.173386
350 0.180735
351 0.171144
352 0.17868
353 0.192389
354 0.169271
355 0.188554
356 0.16956
357 0.175094
358 0.185836
359 0.192133
360 0.179566
361 0.18054
362 0.186604
363 0.170308
364 0.172257
365 0.183099
366 0.172416
367 0.177284
368 0.169324
369 0.179835
370 0.18834
371 0.17163
372 0.181048
373 0.169183
374 0.16775
375 0.170996
376 0.178817
377 0.178309
378 0.180972
379 0.187657
380 0.187153
381 0.183041
382 0.181405
383 0.173527
384 0.166186
385 0.174115
386 0.18209
387 0.17229
388 0.176655
389 0.173805
390 0.185784
391 0.186419
392 0.172271
393 0.168408
394 0.179159
395 0.183716
396 0.177287
397 0.169096
398 0.175435
399 0.180246
400 0.183054
401 0.174605
402 0.181184
403 0.183263
404 0.17113
405 0.17764
406 0.182145
407 0.167036
408 0.184945
409 0.183995
410 0.187901
411 0.180206
412 0.178185
413 0.185873
414 0.183132
415 0.180832
416 0.18328
417 0.170363
418 0.185315
419 0.182101
420 0.189784
421 0.176151
422 0.163584
423 0.182606
424 0.169521
425 0.171193
426 0.179822
427 0.164598
428 0.184138
429 0.178674
430 0.193397
431 0.175971
432 0.167054
433 0.171917
434 0.188532
435 0.189183
436 0.173943
437 0.187324
438 0.187065
439 0.171444
440 0.174913
441 0.181524
442 0.185671
443 0.183472
444 0.185944
445 0.182813
446 0.176291
447 0.171621
448 0.169281
449 0.182109
450 0.172163
451 0.178559
452 0.183784
453 0.187906
454 0.169409
455 0.168947
456 0.167767
457 0.172912
458 0.173854
459 0.180999
460 0.191971
461 0.185597
462 0.168705
463 0.181071
464 0.189811
465 0.178937
466 0.188532
467 0.18972
468 0.175019
469 0.177932
470 0.179654
471 0.169766
472 0.185734
473 0.176931
474 0.18686
475 0.186981
476 0.190018
477 0.187414
478 0.179978
479 0.194685
480 0.168796
481 0.180452
482 0.187122
483 0.187008
484 0.18123
485 0.169633
486 0.181777
487 0.184804
488 0.185483
489 0.174852
490 0.166946
491 0.185338
492 0.184268
493 0.167918
494 0.18182
495 0.166984
496 0.177954
497 0.177998
498 0.170183
499 0.173337
500 0.169846
501 0.181542
502 0.182331
503 0.184475
504 0.17005
505 0.185083
506 0.191152
507 0.183074
508 0.169483
509 0.169679
510 0.166169
511 0.170159
512 0.189419
513 0.1776
514 0.189096
515 0.179809
516 0.187104
517 0.183514
518 0.17906
519 0.179396
520 0.18432
521 0.173857
522 0.171812
523 0.172669
524 0.18771
525 0.176184
526 0.175336
527 0.188403
528 0.181677
529 0.182689
530 0.178668
531 0.180835
532 0.187202
533 0.188576
534 0.18647
535 0.176492
536 0.16914
537 0.179802
538 0.184575
539 0.175302
540 0.19033
541 0.185799
542 0.179851
543 0.173445
544 0.182599
545 0.188807
546 0.170551
547 0.167151
548 0.176374
549 0.180463
550 0.186485
551 0.180765
552 0.17151
553 0.176353
554 0.174871
555 0.189083
556 0.181716
557 0.169889
558 0.180447
559 0.187313
560 0.184977
561 0.176009
562 0.165132
563 0.179024
564 0.184431
565 0.181929
566 0.174863
567 0.180408
568 0.175501
569 0.174598
570 0.184555
571 0.18536
572 0.171409
573 0.173926
574 0.172192
575 0.16527
576 0.178766
577 0.190287
578 0.188737
579 0.172464
580 0.173732
581 0.17685
582 0.169647
583 0.17786
584 0.181089
585 0.190304
586 0.190769
587 0.188241
588 0.183218
589 0.170279
590 0.180714
591 0.172649
592 0.190141
593 0.170444
594 0.187894
595 0.176383
596 0.167077
597 0.183866
598 0.174391
599 0.185681
600 0.182431
601 0.173253
602 0.177757
603 0.18694
604 0.174763
605 0.184124
606 0.175108
607 0.177992
608 0.169433
609 0.186855
610 0.17887
611 0.169439
612 0.189581
613 0.170299
614 0.171479
615 0.176909
616 0.176804
617 0.169793
618 0.170208
619 0.180591
620 0.173054
621 0.173554
622 0.167167
623 0.176266
624 0.17827
625 0.185105
626 0.177655
627 0.188592
628 0.178748
629 0.167345
630 0.169877
631 0.18661
632 0.184457
633 0.175189
634 0.184163
635 0.181914
636 0.172337
637 0.173052
638 0.18865
639 0.176461
640 0.182346
641 0.174954
642 0.170683
643 0.187011
644 0.188962
645 0.185161
646 0.182752
647 0.178479
648 0.186404
649 0.172223
650 0.174917
651 0.168893
652 0.183206
653 0.185195
654 0.186468
655 0.18037
656 0.166936
657 0.176344
658 0.185697
659 0.176012
660 0.181315
661 0.169061
662 0.173476
663 0.17391
664 0.170583
665 0.174158
666 0.184553
667 0.170267
668 0.178863
669 0.181387
670 0.17776
671 0.16779
672 0.168863
673 0.167573
674 0.18402
675 0.177688
676 0.173602
677 0.185536
678 0.191725
679 0.168885
680 0.178093
681 0.180937
682 0.178344
683 0.195615
684 0.175428
685 0.167384
686 0.170797
687 0.180755
688 0.175732
689 0.176701
690 0.173351
691 0.168817
692 0.169366
693 0.180874
694 0.179353
695 0.171945
696 0.171657
697 0.172967
698 0.183946
699 0.178905
700 0.177111
701 0.17599
702 0.179736
703 0.184594
704 0.181172
705 0.179718
706 0.18147
707 0.18891
708 0.179006
709 0.17813
710 0.16611
711 0.167696
712 0.191589
713 0.174764
714 0.180041
715 0.169309
716 0.176607
717 0.189085
718 0.19069
719 0.180713
720 0.185936
721 0.176371
722 0.170618
723 0.16971
724 0.169406
725 0.185542
726 0.193335
727 0.174248
728 0.175982
729 0.188135
730 0.178923
731 0.170236
732 0.17712
733 0.167443
734 0.184998
735 0.172814
736 0.184209
737 0.18055
738 0.173929
739 0.180141
740 0.181029
741 0.177584
742 0.167322
743 0.180469
744 0.1679
745 0.172371
746 0.185687
747 0.16962
748 0.16522
749 0.169697
750 0.182542
751 0.168788
752 0.168492
753 0.181168
754 0.164244
755 0.180702
756 0.177533
757 0.166921
758 0.169352
759 0.179925
760 0.189807
761 0.179006
762 0.187744
763 0.179051
764 0.181715
765 0.167383
766 0.169483
767 0.178125
768 0.168795
769 0.180351
770 0.190691
771 0.186655
772 0.183602
773 0.171301
774 0.16624
775 0.164573
776 0.185549
777 0.178952
778 0.168459
779 0.167385
780 0.165515
781 0.183117
782 0.190334
783 0.170227
784 0.183107
785 0.173035
786 0.170301
787 0.174706
788 0.176874
789 0.182021
790 0.174559
791 0.171783
792 0.1855
793 0.182678
794 0.182835
795 0.174217
796 0.179292
797 0.171599
798 0.173681
799 0.173934
800 0.1718
801 0.169432
802 0.1836
803 0.179286
804 0.169533
805 0.171331
806 0.175136
807 0.168886
808 0.184238
809 0.17355
810 0.176225
811 0.174403
812 0.177456
813 0.188661
814 0.171325
815 0.173034
816 0.177981
817 0.176556
818 0.190882
819 0.194281
820 0.174938
821 0.174498
822 0.171812
823 0.169789
824 0.177561
825 0.170872
826 0.170132
827 0.170326
828 0.168094
829 0.187445
830 0.179898
831 0.180108
832 0.176316
833 0.165377
834 0.185854
835 0.178818
836 0.168115
837 0.170116
838 0.170334
839 0.186132
840 0.177139
841 0.174397
842 0.180459
843 0.171159
844 0.17348
845 0.186005
846 0.181535
847 0.174901
848 0.17873
849 0.173381
850 0.177806
851 0.174609
852 0.16534
853 0.165761
854 0.182612
855 0.187015
856 0.179578
857 0.187229
858 0.1744
859 0.182249
860 0.171684
861 0.17559
862 0.171508
863 0.182653
864 0.177401
865 0.165781
866 0.183897
867 0.178432
868 0.189553
869 0.179993
870 0.174563
871 0.174359
872 0.181993
873 0.177533
874 0.175951
875 0.173143
876 0.172541
877 0.180949
878 0.179957
879 0.172131
880 0.184077
881 0.189183
882 0.17877
883 0.178385
884 0.169599
885 0.174065
886 0.179951
887 0.174701
888 0.173052
889 0.186219
890 0.179407
891 0.173895
892 0.179856
893 0.182082
894 0.179617
895 0.183614
896 0.178177
897 0.182451
898 0.167334
899 0.17884
900 0.169444
901 0.183308
902 0.170129
903 0.169567
904 0.177857
905 0.188948
906 0.190542
907 0.181945
908 0.181458
909 0.180225
910 0.188871
911 0.177005
912 0.185612
913 0.194925
914 0.16925
915 0.187471
916 0.168165
917 0.175018
918 0.178735
919 0.172903
920 0.188106
921 0.170635
922 0.179857
923 0.169318
924 0.168539
925 0.181368
926 0.172668
927 0.183336
928 0.178002
929 0.18796
930 0.174126
931 0.179408
932 0.169254
933 0.167402
934 0.17999
935 0.177914
936 0.173848
937 0.175798
938 0.167057
939 0.183917
940 0.171452
941 0.174966
942 0.185323
943 0.174823
944 0.16904
945 0.175807
946 0.172647
947 0.17677
948 0.169329
949 0.166268
950 0.179756
951 0.188464
952 0.176827
953 0.168367
954 0.186967
955 0.168063
956 0.176599
957 0.173
958 0.162551
959 0.179159
960 0.182051
961 0.179177
962 0.184697
963 0.179427
964 0.173892
965 0.173286
966 0.167788
967 0.189246
968 0.194193
969 0.186009
970 0.176299
971 0.183171
972 0.186164
973 0.174973
974 0.167897
975 0.163873
976 0.176912
977 0.186291
978 0.181416
979 0.184508
980 0.171637
981 0.177731
982 0.180623
983 0.176273
984 0.184489
985 0.179892
986 0.179665
987 0.177253
988 0.170573
989 0.169896
990 0.170734
991 0.186156
992 0.1696
993 0.17625
994 0.166207
995 0.17865
996 0.187695
997 0.187772
998 0.173028
999 0.168307
1000 0.183915
1001 0.187343
1002 0.18606
1003 0.18408
1004 0.168447
1005 0.185268
1006 0.170907
1007 0.183138
1008 0.178022
1009 0.174113
1010 0.172558
1011 0.180598
1012 0.168842
1013 0.190947
1014 0.178225
1015 0.178887
1016 0.184809
1017 0.177224
1018 0.18275
1019 0.176742
1020 0.177535
1021 0.169483
1022 0.182091
1023 0.172791
1024 0.1725
1025 0.171744
1026 0.17395
1027 0.171246
1028 0.184137
1029 0.171207
1030 0.173533
1031 0.166086
1032 0.173045
1033 0.179112
1034 0.175542
1035 0.17187
1036 0.164381
1037 0.185104
1038 0.184369
1039 0.191557
1040 0.17994
1041 0.177685
1042 0.177378
1043 0.166802
1044 0.184154
1045 0.183532
1046 0.171557
1047 0.167199
1048 0.178014
1049 0.186911
1050 0.185584
1051 0.180782
1052 0.172515
1053 0.169358
1054 0.187862
1055 0.18476
1056 0.187337
1057 0.183127
1058 0.190069
1059 0.169893
1060 0.173998
1061 0.173003
1062 0.171004
1063 0.186882
1064 0.180133
1065 0.170739
1066 0.180428
1067 0.172194
1068 0.165252
1069 0.182017
1070 0.175687
1071 0.178824
1072 0.188661
1073 0.171525
1074 0.191111
1075 0.176181
1076 0.172539
1077 0.181212
1078 0.180817
1079 0.189921
1080 0.174183
1081 0.16677
1082 0.180953
1083 0.175672
1084 0.182914
1085 0.183103
1086 0.187358
1087 0.181237
1088 0.167126
1089 0.175046
1090 0.184413
1091 0.184909
1092 0.178177
1093 0.169582
1094 0.187136
1095 0.172981
1096 0.176279
1097 0.172717
1098 0.18275
1099 0.177363
1100 0.19227
1101 0.173417
1102 0.168408
1103 0.186356
1104 0.186371
1105 0.173832
1106 0.179419
1107 0.177938
1108 0.182944
1109 0.185454
1110 0.196294
1111 0.168906
1112 0.175867
1113 0.173386
1114 0.178336
1115 0.175646
1116 0.166508
1117 0.182227
1118 0.18105
1119 0.173363
1120 0.168525
1121 0.163342
1122 0.187495
1123 0.169391
1124 0.176041
1125 0.187859
1126 0.179881
1127 0.188621
1128 0.178317
1129 0.177052
1130 0.187698
1131 0.178015
1132 0.183576
1133 0.173665
1134 0.17907
1135 0.174716
1136 0.167672
1137 0.184067
1138 0.171614
1139 0.187793
1140 0.193259
1141 0.179896
1142 0.183691
1143 0.185499
1144 0.175679
1145 0.172349
1146 0.190241
1147 0.178351
1148 0.187367
1149 0.164924
1150 0.172149
1151 0.186054
1152 0.179064
1153 0.190112
1154 0.175054
1155 0.173029
1156 0.188792
1157 0.177673
1158 0.176436
1159 0.171135
1160 0.183401
1161 0.179575
1162 0.176308
1163 0.176664
1164 0.18192
1165 0.180928
1166 0.168618
1167 0.180436
1168 0.170849
1169 0.180035
1170 0.171356
1171 0.177452
1172 0.176648
1173 0.188985
1174 0.178179
1175 0.182603
1176 0.183509
1177 0.178601
1178 0.171593
1179 0.173082
1180 0.168049
1181 0.18163
1182 0.17721
1183 0.171488
1184 0.178662
1185 0.179425
1186 0.181433
1187 0.174216
1188 0.16595
1189 0.185237
1190 0.174952
1191 0.178038
1192 0.18949
1193 0.171836
1194 0.164983
1195 0.179831
1196 0.176402
1197 0.185138
1198 0.193681
1199 0.179719
1200 0.183678
1201 0.190476
1202 0.176905
1203 0.168021
1204 0.178187
1205 0.174706
1206 0.176094
1207 0.165415
1208 0.182251
1209 0.183246
1210 0.168925
1211 0.170115
1212 0.173245
1213 0.170263
1214 0.190105
1215 0.171326
1216 0.178563
1217 0.163593
1218 0.178412
1219 0.180319
1220 0.184342
1221 0.180195
1222 0.186291
1223 0.180259
1224 0.176564
1225 0.169396
1226 0.168549
1227 0.178817
1228 0.182286
1229 0.180798
1230 0.182893
1231 0.16753
1232 0.173296
1233 0.185829
1234 0.172599
1235 0.187933
1236 0.189463
1237 0.189604
1238 0.189367
1239 0.181603
1240 0.188349
1241 0.17138
1242 0.172499
1243 0.188887
1244 0.170135
1245 0.173623
1246 0.162358
1247 0.184893
1248 0.187196
1249 0.169565
1250 0.167616
1251 0.165244
1252 0.178523
1253 0.190779
1254 0.179779
1255 0.187587
1256 0.174241
1257 0.183501
1258 0.179562
1259 0.169392
1260 0.164554
1261 0.172793
1262 0.181788
1263 0.169398
1264 0.187595
1265 0.180665
1266 0.185654
1267 0.18523
1268 0.177367
1269 0.168093
1270 0.166544
1271 0.1758
1272 0.183685
1273 0.185051
1274 0.190012
1275 0.165687
1276 0.175095
1277 0.18482
1278 0.186253
1279 0.185319
1280 0.185999
1281 0.172463
1282 0.17856
1283 0.168575
1284 0.185157
1285 0.16572
1286 0.178073
1287 0.176521
1288 0.189831
1289 0.18048
1290 0.177758
1291 0.180359
1292 0.169881
1293 0.182727
1294 0.171092
1295 0.175426
1296 0.177764
1297 0.188553
1298 0.178049
1299 0.178893
1300 0.17655
1301 0.16406
1302 0.185496
1303 0.172643
1304 0.180191
1305 0.190125
1306 0.180343
1307 0.173278
1308 0.175418
1309 0.16642
1310 0.166746
1311 0.163837
1312 0.179663
1313 0.174225
1314 0.169496
1315 0.183483
1316 0.179913
1317 0.177673
1318 0.168637
1319 0.185201
1320 0.168082
1321 0.16843
1322 0.171465
1323 0.176658
1324 0.180714
1325 0.177888
1326 0.170245
1327 0.181852
1328 0.174489
1329 0.17897
1330 0.175236
1331 0.182601
1332 0.172276
1333 0.166427
1334 0.1766
1335 0.182433
1336 0.191237
1337 0.172956
1338 0.163508
1339 0.170206
1340 0.180346
1341 0.177415
1342 0.188045
1343 0.193297
1344 0.174954
1345 0.166939
1346 0.186849
1347 0.185436
1348 0.173374
1349 0.185688
1350 0.165376
1351 0.178076
1352 0.178591
1353 0.175194
1354 0.17997
1355 0.178108
1356 0.180753
1357 0.186586
1358 0.172495
1359 0.186199
1360 0.176048
1361 0.167678
1362 0.17348
1363 0.166136
1364 0.183878
1365 0.173423
1366 0.191038
1367 0.172466
1368 0.174616
1369 0.188068
1370 0.180302
1371 0.182241
1372 0.185789
1373 0.180015
1374 0.177169
1375 0.18105
1376 0.185008
1377 0.172265
1378 0.179789
1379 0.175549
1380 0.165918
1381 0.18119
1382 0.187341
1383 0.186742
1384 0.177795
1385 0.189702
1386 0.180751
1387 0.171683
1388 0.18976
1389 0.175046
1390 0.188475
1391 0.187606
1392 0.180658
1393 0.178689
1394 0.165242
1395 0.179912
1396 0.189023
1397 0.180614
1398 0.186038
1399 0.179867
1400 0.170136
1401 0.1781
1402 0.180339
1403 0.168626
1404 0.189163
1405 0.192316
1406 0.173964
1407 0.175634
1408 0.185856
1409 0.181964
1410 0.177903
1411 0.173098
1412 0.184246
1413 0.171135
1414 0.18847
1415 0.176862
1416 0.175766
1417 0.178215
1418 0.177815
1419 0.167389
1420 0.178169
1421 0.188498
1422 0.175216
1423 0.175327
1424 0.187336
1425 0.174903
1426 0.178217
1427 0.171049
1428 0.174415
1429 0.18206
1430 0.17289
1431 0.169865
1432 0.168923
1433 0.187815
1434 0.167347
1435 0.183279
1436 0.181193
1437 0.165075
1438 0.172247
1439 0.173067
1440 0.180787
1441 0.180626
1442 0.170316
1443 0.178165
1444 0.190498
1445 0.175616
1446 0.176308
1447 0.185924
1448 0.188352
1449 0.185965
1450 0.177271
1451 0.187219
1452 0.169742
1453 0.188538
1454 0.180387
1455 0.176712
1456 0.175972
1457 0.164776
1458 0.186409
1459 0.170324
1460 0.169347
1461 0.185254
1462 0.179601
1463 0.187368
1464 0.180473
1465 0.183518
1466 0.183271
1467 0.179138
1468 0.185159
1469 0.173343
1470 0.180113
1471 0.184579
1472 0.169645
1473 0.168207
1474 0.184775
1475 0.179891
1476 0.171853
1477 0.186174
1478 0.18357
1479 0.187337
1480 0.189925
1481 0.184151
1482 0.179169
1483 0.181071
1484 0.180873
1485 0.180108
1486 0.187727
1487 0.177005
1488 0.166853
1489 0.180318
1490 0.19062
1491 0.170828
1492 0.171304
1493 0.165644
1494 0.184597
1495 0.174493
1496 0.183728
1497 0.175334
1498 0.180184
1499 0.170514
1500 0.178926
1501 0.174154
1502 0.177558
1503 0.17369
1504 0.177525
1505 0.183616
1506 0.180152
1507 0.173679
1508 0.171793
1509 0.176876
1510 0.183505
1511 0.174671
1512 0.17187
1513 0.181703
1514 0.1871
1515 0.190459
1516 0.181746
1517 0.173179
1518 0.184549
1519 0.177014
1520 0.176836
1521 0.177024
1522 0.168091
1523 0.166142
1524 0.174647
1525 0.181139
1526 0.171714
1527 0.176454
1528 0.177174
1529 0.174057
1530 0.179524
1531 0.191375
1532 0.180131
1533 0.185505
1534 0.180412
1535 0.177533
1536 0.182565
1537 0.171239
1538 0.17233
1539 0.167615
1540 0.183148
1541 0.188491
1542 0.179568
1543 0.169285
1544 0.169061
1545 0.166422
1546 0.177632
1547 0.172828
1548 0.185809
1549 0.178553
1550 0.188375
1551 0.171754
1552 0.170181
1553 0.174149
1554 0.183886
1555 0.191363
1556 0.174411
1557 0.188957
1558 0.182306
1559 0.180362
1560 0.170792
1561 0.17195
1562 0.169556
1563 0.186128
1564 0.188082
1565 0.186291
1566 0.177485
1567 0.182816
1568 0.176255
1569 0.168403
1570 0.188725
1571 0.179017
1572 0.17146
1573 0.169995
1574 0.171855
1575 0.175637
1576 0.188598
1577 0.184286
1578 0.171178
1579 0.177063
1580 0.183548
1581 0.18379
1582 0.175196
1583 0.160122
1584 0.180894
1585 0.184694
1586 0.173499
1587 0.167963
1588 0.165277
1589 0.179017
1590 0.174467
1591 0.187215
1592 0.189105
1593 0.180302
1594 0.18798
1595 0.171168
1596 0.179837
1597 0.178741
1598 0.185138
1599 0.17738
1600 0.165588
1601 0.177001
1602 0.177729
1603 0.175632
1604 0.182441
1605 0.179108
1606 0.182714
1607 0.181477
1608 0.189424
1609 0.178869
1610 0.18421
1611 0.17873
1612 0.187294
1613 0.173751
1614 0.18086
1615 0.190187
1616 0.187687
1617 0.171292
1618 0.187265
1619 0.183853
1620 0.173469
1621 0.167906
1622 0.166948
1623 0.167202
1624 0.182549
1625 0.189175
1626 0.191858
1627 0.173503
1628 0.184515
1629 0.170277
1630 0.184197
1631 0.185589
1632 0.175056
1633 0.177988
1634 0.185594
1635 0.169452
1636 0.171024
1637 0.185814
1638 0.178805
1639 0.188166
1640 0.176501
1641 0.185388
1642 0.174438
1643 0.17466
1644 0.170814
1645 0.189178
1646 0.172077
1647 0.183853
1648 0.17418
1649 0.167617
1650 0.166915
1651 0.183914
1652 0.173877
1653 0.184634
1654 0.178701
1655 0.170633
1656 0.166539
1657 0.172206
1658 0.167379
1659 0.172094
1660 0.169977
1661 0.168237
1662 0.172847
1663 0.183006
1664 0.17512
1665 0.172004
1666 0.176078
1667 0.178651
1668 0.174234
1669 0.179168
1670 0.166137
1671 0.186962
1672 0.17589
1673 0.186573
1674 0.173664
1675 0.185698
1676 0.183754
1677 0.163468
1678 0.179296
1679 0.175733
1680 0.177971
1681 0.174407
1682 0.182403
1683 0.170877
1684 0.186822
1685 0.179098
1686 0.179337
1687 0.176867
1688 0.167923
1689 0.17771
1690 0.18546
1691 0.17967
1692 0.18464
1693 0.172403
1694 0.172077
1695 0.182341
1696 0.185954
1697 0.18764
1698 0.169154
1699 0.175995
1700 0.182879
1701 0.175589
1702 0.175632
1703 0.175712
1704 0.175074
1705 0.186912
1706 0.173937
1707 0.181227
1708 0.167587
1709 0.180332
1710 0.179085
1711 0.184777
1712 0.171002
1713 0.16995
1714 0.187982
1715 0.168053
1716 0.183138
1717 0.190692
1718 0.176983
1719 0.176574
1720 0.164923
1721 0.182331
1722 0.177831
1723 0.181428
1724 0.181612
1725 0.185864
1726 0.171876
1727 0.170489
1728 0.1785
1729 0.19298
1730 0.172381
1731 0.175132
1732 0.185869
1733 0.184657
1734 0.184535
1735 0.166446
1736 0.173017
1737 0.171177
1738 0.175862
1739 0.173119
1740 0.182294
1741 0.182077
1742 0.188084
1743 0.174685
1744 0.187434
1745 0.167543
1746 0.166955
1747 0.184535
1748 0.171758
1749 0.172114
1750 0.172838
1751 0.188847
1752 0.179307
1753 0.187398
1754 0.170566
1755 0.177116
1756 0.1833
1757 0.183867
1758 0.188962
1759 0.171666
1760 0.178917
1761 0.171474
1762 0.170359
1763 0.165572
1764 0.184797
1765 0.18829
1766 0.186272
1767 0.181144
1768 0.175806
1769 0.168039
1770 0.188506
1771 0.188257
1772 0.167316
1773 0.180257
1774 0.180416
1775 0.18972
1776 0.189463
1777 0.170931
1778 0.184936
1779 0.189893
1780 0.180419
1781 0.190544
1782 0.176242
1783 0.173277
1784 0.185037
1785 0.173861
1786 0.175566
1787 0.167823
1788 0.175413
1789 0.188629
1790 0.18446
1791 0.170364
1792 0.181317
1793 0.167828
1794 0.173636
1795 0.179812
1796 0.180295
1797 0.172843
1798 0.166247
1799 0.174385
1800 0.185787
1801 0.181602
1802 0.169263
1803 0.174984
1804 0.181387
1805 0.170934
1806 0.185135
1807 0.179351
1808 0.166949
1809 0.184907
1810 0.174985
1811 0.181161
1812 0.18747
1813 0.171918
1814 0.173948
1815 0.177771
1816 0.179861
1817 0.187242
1818 0.171073
1819 0.18315
1820 0.181668
1821 0.183973
1822 0.169945
1823 0.170211
1824 0.184629
1825 0.175416
1826 0.192241
1827 0.181042
1828 0.179773
1829 0.168351
1830 0.175165
1831 0.173095
1832 0.167498
1833 0.168302
1834 0.177858
1835 0.178551
1836 0.164846
1837 0.186381
1838 0.178131
1839 0.18761
1840 0.189148
1841 0.172409
1842 0.174354
1843 0.175706
1844 0.173722
1845 0.18567
1846 0.180824
1847 0.184336
1848 0.186132
1849 0.173556
1850 0.167129
1851 0.177036
1852 0.192907
1853 0.177423
1854 0.173022
1855 0.181019
1856 0.170867
1857 0.186691
1858 0.181612
1859 0.175877
1860 0.167647
1861 0.177554
1862 0.172232
1863 0.175736
1864 0.18579
1865 0.182217
1866 0.173884
1867 0.181462
1868 0.180205
1869 0.188156
1870 0.180177
1871 0.180104
1872 0.187237
1873 0.174734
1874 0.167467
1875 0.178223
1876 0.191582
1877 0.178113
1878 0.183294
1879 0.183945
1880 0.169991
1881 0.170378
1882 0.181294
1883 0.180438
1884 0.176599
1885 0.178191
1886 0.169677
1887 0.183468
1888 0.194915
1889 0.17385
1890 0.170477
1891 0.178041
1892 0.180388
1893 0.187402
1894 0.183335
1895 0.175215
1896 0.179282
1897 0.171075
1898 0.17431
1899 0.179016
1900 0.168733
1901 0.170834
1902 0.177786
1903 0.181826
1904 0.180002
1905 0.175627
1906 0.173258
1907 0.182066
1908 0.168843
1909 0.171491
1910 0.163549
1911 0.18418
1912 0.178688
1913 0.178751
1914 0.172356
1915 0.173659
1916 0.187831
1917 0.187699
1918 0.172237
1919 0.175751
1920 0.18293
1921 0.171968
1922 0.175446
1923 0.179515
1924 0.18226
1925 0.178176
1926 0.187507
1927 0.179527
1928 0.179234
1929 0.178271
1930 0.171461
1931 0.181505
1932 0.172778
1933 0.167394
1934 0.178072
1935 0.174699
1936 0.18549
1937 0.183223
1938 0.187696
1939 0.17952
1940 0.179001
1941 0.180583
1942 0.170007
1943 0.179615
1944 0.170379
1945 0.167817
1946 0.183967
1947 0.185316
1948 0.182996
1949 0.177417
1950 0.16455
1951 0.168377
1952 0.19093
1953 0.179429
1954 0.180718
1955 0.178473
1956 0.168428
1957 0.180265
1958 0.172399
1959 0.189653
1960 0.182004
1961 0.178933
1962 0.172163
1963 0.177026
1964 0.181378
1965 0.186422
1966 0.176409
1967 0.174383
1968 0.181941
1969 0.177797
1970 0.180884
1971 0.172374
1972 0.176701
1973 0.176543
1974 0.17218
1975 0.179098
1976 0.184077
1977 0.183376
1978 0.19057
1979 0.171027
1980 0.176978
1981 0.188506
1982 0.188233
1983 0.184022
1984 0.187529
1985 0.171144
1986 0.183853
1987 0.169027
1988 0.173344
1989 0.172025
1990 0.181332
1991 0.181922
1992 0.177939
1993 0.177999
1994 0.168276
1995 0.164891
1996 0.178515
1997 0.190319
1998 0.168856
1999 0.185273
2000 0.175421
2001 0.168391
2002 0.17384
2003 0.168475
2004 0.186733
2005 0.193445
2006 0.188113
2007 0.174763
2008 0.185275
2009 0.174813
2010 0.176724
2011 0.177355
2012 0.175985
2013 0.172018
2014 0.165329
2015 0.17776
2016 0.185722
2017 0.190801
2018 0.184977
2019 0.175961
2020 0.185912
2021 0.170138
2022 0.18029
2023 0.175726
2024 0.17054
2025 0.184704
2026 0.178286
2027 0.172679
2028 0.173416
2029 0.184543
2030 0.170173
2031 0.179583
2032 0.186342
2033 0.170798
2034 0.179305
2035 0.177952
2036 0.176586
2037 0.183889
2038 0.175776
2039 0.174979
2040 0.185255
2041 0.186252
2042 0.189731
2043 0.182106
2044 0.172775
2045 0.179045
2046 0.188034
2047 0.191853
2048 0.174951
2049 0.165964
2050 0.17776
2051 0.172239
2052 0.169327
2053 0.165021
2054 0.177281
2055 0.182851
2056 0.189436
2057 0.19057
2058 0.182756
2059 0.174113
2060 0.185827
2061 0.189028
2062 0.180997
2063 0.177263
2064 0.183427
2065 0.188072
2066 0.186542
2067 0.175405
2068 0.170875
2069 0.1811
2070 0.1822
2071 0.169616
2072 0.164795
2073 0.178132
2074 0.178259
2075 0.187001
2076 0.189112
2077 0.177373
2078 0.176925
2079 0.177444
2080 0.181008
2081 0.182284
2082 0.176463
2083 0.178995
2084 0.185582
2085 0.175953
2086 0.177824
2087 0.181512
2088 0.175623
2089 0.170716
2090 0.17337
2091 0.167271
2092 0.168871
2093 0.169936
2094 0.178981
2095 0.184955
2096 0.173513
2097 0.187305
2098 0.191854
2099 0
