0 556.701
1 -129.602
2 35.8879
3 7.14754
4 -1.63607
5 -0.685331
6 -0.0253238
7 0.142839
8 0.163685
9 0.156494
10 0.163294
11 0.171039
12 0.176024
13 0.186141
14 0.191915
15 0.189737
16 0.180604
17 0.184793
18 0.189962
19 0.193213
20 0.164058
21 0.17532
22 0.175045
23 0.172573
24 0.164645
25 0.165588
26 0.171468
27 0.168328
28 0.168091
29 0.157854
30 0.194572
31 0.173464
32 0.179425
33 0.155819
34 0.197928
35 0.163802
36 0.180859
37 0.15118
38 0.191215
39 0.166877
40 0.171019
41 0.15732
42 0.168545
43 0.171451
44 0.166415
45 0.156817
46 0.173384
47 0.186213
48 0.169721
49 0.170578
50 0.178803
51 0.188918
52 0.172929
53 0.189249
54 0.175252
55 0.184444
56 0.18421
57 0.199402
58 0.198683
59 0.20325
60 0.202228
61 0.191159
62 0.184211
63 0.19267
64 0.186101
65 0.175511
66 0.159741
67 0.171149
68 0.17006
69 0.162041
70 0.167521
71 0.182549
72 0.192668
73 0.176455
74 0.170674
75 0.201137
76 0.198697
77 0.192135
78 0.170897
79 0.185939
80 0.180109
81 0.175599
82 0.159705
83 0.175868
84 0.1607
85 0.179246
86 0.159493
87 0.159328
88 0.158745
89 0.19428
90 0.184772
91 0.155269
92 0.180376
93 0.209741
94 0.209666
95 0.16799
96 0.162255
97 0.196428
98 0.18895
99 0.15747
100 0.149516
101 0.178585
102 0.180785
103 0.176012
104 0.155914
105 0.178604
106 0.201969
107 0.197873
108 0.173815
109 0.204133
110 0.207531
111 0.195506
112 0.181736
113 0.188825
114 0.191556
115 0.184641
116 0.156225
117 0.151337
118 0.167934
119 0.181943
120 0.161024
121 0.165149
122 0.163208
123 0.16782
124 0.179229
125 0.182933
126 0.157867
127 0.143019
128 0.180418
129 0.183994
130 0.167871
131 0.155441
132 0.190506
133 0.188703
134 0.195393
135 0.182788
136 0.192399
137 0.176756
138 0.175669
139 0.175142
140 0.169136
141 0.173013
142 0.157738
143 0.148253
144 0.1707
145 0.19703
146 0.164836
147 0.169653
148 0.185246
149 0.202291
150 0.173543
151 0.190779
152 0.193916
153 0.208372
154 0.186377
155 0.166674
156 0.192384
157 0.181766
158 0.16398
159 0.157382
160 0.181418
161 0.147301
162 0.173162
163 0.186479
164 0.165266
165 0.15375
166 0.195779
167 0.181398
168 0.168629
169 0.165393
170 0.171143
171 0.17399
172 0.167365
173 0.166565
174 0.165717
175 0.179497
176 0.171137
177 0.153447
178 0.186049
179 0.156476
180 0.16743
181 0.176838
182 0.192103
183 0.16784
184 0.15972
185 0.172265
186 0.174319
187 0.17417
188 0.160308
189 0.147708
190 0.15608
191 0.18071
192 0.180479
193 0.148269
194 0.178474
195 0.173846
196 0.177467
197 0.154608
198 0.172773
199 0.149583
200 0.175561
201 0.169726
202 0.170231
203 0.15245
204 0.171913
205 0.172276
206 0.165484
207 0.168755
208 0.178564
209 0.164989
210 0.159631
211 0.164965
212 0.184125
213 0.16333
214 0.178248
215 0.1605
216 0.168469
217 0.174094
218 0.197738
219 0.182444
220 0.171496
221 0.170561
222 0.182527
223 0.188189
224 0.164127
225 0.173268
226 0.181634
227 0.184792
228 0.166246
229 0.175001
230 0.179495
231 0.182771
232 0.177373
233 0.17121
234 0.180541
235 0.186085
236 0.188423
237 0.169274
238 0.188405
239 0.174793
240 0.166536
241 0.165627
242 0.169448
243 0.171095
244 0.15671
245 0.175515
246 0.163936
247 0.160085
248 0.160528
249 0.173282
250 0.183748
251 0.179544
252 0.172693
253 0.166859
254 0.198264
255 0.206297
256 0.191037
257 0.171855
258 0.171716
259 0.181127
260 0.205471
261 0.197084
262 0.176647
263 0.166062
264 0.1944
265 0.209274
266 0.194476
267 0.177327
268 0.198279
269 0.209778
270 0.188889
271 0.187193
272 0.178278
273 0.18756
274 0.186772
275 0.18308
276 0.171676
277 0.179358
278 0.171035
279 0.194145
280 0.180692
281 0.183536
282 0.183035
283 0.177781
284 0.155364
285 0.147211
286 0.181286
287 0.156393
288 0.168559
289 0.148522
290 0.180912
291 0.165016
292 0.197239
293 0.179298
294 0.195578
295 0.182789
296 0.189265
297 0.172855
298 0.175769
299 0.161303
300 0.181595
301 0.186095
302 0.167814
303 0.15321
304 0.173523
305 0.202343
306 0.175222
307 0.170463
308 0.177808
309 0.17734
310 0.178573
311 0.20093
312 0.196423
313 0.170195
314 0.180245
315 0.188418
316 0.178099
317 0.17018
318 0.175702
319 0.181382
320 0.187544
321 0.197829
322 0.194639
323 0.20593
324 0.204343
325 0.18378
326 0.193551
327 0.204174
328 0.192779
329 0.185623
330 0.202115
331 0.198638
332 0.194747
333 0.218366
334 0.198891
335 0.193469
336 0.177797
337 0.192639
338 0.166139
339 0.186579
340 0.154221
341 0.173274
342 0.178244
343 0.175962
344 0.178301
345 0.18479
346 0.185986
347 0.166189
348 0.165118
349 0.187623
350 0.174169
351 0.167755
352 0.154519
353 0.182625
354 0.16849
355 0.163745
356 0.178633
357 0.167768
358 0.160212
359 0.165837
360 0.168119
361 0.149234
362 0.176792
363 0.180289
364 0.172221
365 0.16607
366 0.191311
367 0.177553
368 0.195534
369 0.183902
370 0.183058
371 0.173335
372 0.168591
373 0.166008
374 0.153644
375 0.160038
376 0.149749
377 0.166465
378 0.170361
379 0.153323
380 0.161377
381 0.172675
382 0.16513
383 0.156663
384 0.164489
385 0.173919
386 0.155279
387 0.15283
388 0.160717
389 0.185345
390 0.164172
391 0.170588
392 0.193915
393 0.203786
394 0.177506
395 0.184057
396 0.180906
397 0.189832
398 0.167432
399 0.169783
400 0.156784
401 0.18177
402 0.182712
403 0.193353
404 0.186672
405 0.196873
406 0.201913
407 0.211146
408 0.196746
409 0.196673
410 0.206498
411 0.212422
412 0.190666
413 0.189964
414 0.188451
415 0.203842
416 0.20168
417 0.181735
418 0.162671
419 0.180723
420 0.191505
421 0.184356
422 0.157461
423 0.188016
424 0.183846
425 0.178016
426 0.152618
427 0.178148
428 0.1681
429 0.171548
430 0.164485
431 0.173514
432 0.1772
433 0.188388
434 0.167697
435 0.18674
436 0.180508
437 0.183032
438 0.16999
439 0.171277
440 0.177366
441 0.180794
442 0.189573
443 0.165498
444 0.168335
445 0.169836
446 0.169468
447 0.161016
448 0.166813
449 0.145046
450 0.144632
451 0.172783
452 0.185105
453 0.148842
454 0.154818
455 0.188482
456 0.168275
457 0.156614
458 0.185044
459 0.186944
460 0.171085
461 0.169282
462 0.169502
463 0.169828
464 0.187888
465 0.190642
466 0.163737
467 0.165923
468 0.199453
469 0.188228
470 0.189169
471 0.175192
472 0.175798
473 0.17207
474 0.174018
475 0.193598
476 0.160133
477 0.170201
478 0.152846
479 0.193705
480 0.175859
481 0.174433
482 0.174454
483 0.179679
484 0.172691
485 0.197066
486 0.185297
487 0.170293
488 0.172946
489 0.189258
490 0.187695
491 0.188354
492 0.195023
493 0.174583
494 0.175088
495 0.201872
496 0.206748
497 0.184597
498 0.162924
499 0.186486
500 0.175663
501 0.182263
502 0.158919
503 0.18349
504 0.158956
505 0.173109
506 0.155004
507 0.194001
508 0.166572
509 0.175005
510 0.148762
511 0.181617
512 0.158391
513 0.182741
514 0.16559
515 0.180898
516 0.181029
517 0.193102
518 0.191831
519 0.18785
520 0.189726
521 0.179248
522 0.177607
523 0.162929
524 0.178973
525 0.186477
526 0.184078
527 0.15575
528 0.178467
529 0.180826
530 0.187276
531 0.158683
532 0.153402
533 0.1647
534 0.173577
535 0.165803
536 0.162353
537 0.190013
538 0.170439
539 0.181956
540 0.168158
541 0.198662
542 0.162365
543 0.176034
544 0.171248
545 0.175354
546 0.161155
547 0.155166
548 0.178871
549 0.178356
550 0.161145
551 0.147652
552 0.16072
553 0.202565
554 0.176244
555 0.14495
556 0.163135
557 0.178848
558 0.175534
559 0.153365
560 0.177774
561 0.166623
562 0.182037
563 0.187306
564 0.18408
565 0.183567
566 0.178827
567 0.200177
568 0.186673
569 0.198527
570 0.170274
571 0.169064
572 0.186886
573 0.195132
574 0.192912
575 0.168696
576 0.192746
577 0.195226
578 0.209838
579 0.176017
580 0.180714
581 0.186
582 0.199214
583 0.168924
584 0.177824
585 0.17617
586 0.175933
587 0.179166
588 0.194968
589 0.190377
590 0.168672
591 0.169486
592 0.181884
593 0.181568
594 0.174719
595 0.155761
596 0.170392
597 0.158857
598 0.162049
599 0.170689
600 0.171838
601 0.165263
602 0.162642
603 0.173765
604 0.173496
605 0.163147
606 0.163243
607 0.179718
608 0.165751
609 0.160026
610 0.143249
611 0.16772
612 0.169095
613 0.185889
614 0.169142
615 0.153606
616 0.158511
617 0.186216
618 0.178345
619 0.150812
620 0.142642
621 0.177376
622 0.172342
623 0.167497
624 0.151446
625 0.184089
626 0.171621
627 0.170292
628 0.16938
629 0.182749
630 0.175007
631 0.169501
632 0.170638
633 0.177591
634 0.185163
635 0.178125
636 0.153653
637 0.174263
638 0.160567
639 0.149424
640 0.145811
641 0.154903
642 0.163889
643 0.157726
644 0.154848
645 0.156145
646 0.180877
647 0.165323
648 0.162404
649 0.156204
650 0.182319
651 0.164459
652 0.174855
653 0.168988
654 0.186832
655 0.166942
656 0.198477
657 0.198875
658 0.185684
659 0.154178
660 0.182021
661 0.19631
662 0.172909
663 0.140278
664 0.161272
665 0.188715
666 0.166262
667 0.153669
668 0.17849
669 0.174182
670 0.182643
671 0.177627
672 0.176044
673 0.164986
674 0.19578
675 0.176639
676 0.165464
677 0.18844
678 0.20327
679 0.181082
680 0.169073
681 0.195864
682 0.188971
683 0.173691
684 0.164897
685 0.18612
686 0.182496
687 0.171325
688 0.194805
689 0.194555
690 0.172924
691 0.187805
692 0.199764
693 0.192429
694 0.161551
695 0.184036
696 0.194894
697 0.187792
698 0.184367
699 0.185991
700 0.188623
701 0.18218
702 0.187074
703 0.165271
704 0.17122
705 0.187193
706 0.179196
707 0.152423
708 0.158943
709 0.18592
710 0.178295
711 0.157611
712 0.171448
713 0.17663
714 0.16045
715 0.150655
716 0.155886
717 0.166723
718 0.160493
719 0.169292
720 0.155549
721 0.149936
722 0.15936
723 0.193378
724 0.179392
725 0.171427
726 0.148733
727 0.165787
728 0.180325
729 0.180661
730 0.17309
731 0.154833
732 0.180813
733 0.178912
734 0.198167
735 0.156841
736 0.177586
737 0.18263
738 0.195015
739 0.164263
740 0.170529
741 0.187075
742 0.189875
743 0.167149
744 0.152569
745 0.15979
746 0.17949
747 0.172438
748 0.172293
749 0.158741
750 0.19076
751 0.197131
752 0.202276
753 0.180811
754 0.17253
755 0.194988
756 0.206682
757 0.185231
758 0.175328
759 0.200423
760 0.206013
761 0.185495
762 0.204959
763 0.207897
764 0.199218
765 0.171897
766 0.174107
767 0.180738
768 0.189634
769 0.177463
770 0.180344
771 0.17517
772 0.179141
773 0.197858
774 0.206696
775 0.173506
776 0.153871
777 0.187734
778 0.18258
779 0.158934
780 0.171299
781 0.194594
782 0.17467
783 0.15909
784 0.193396
785 0.203336
786 0.18465
787 0.17557
788 0.179432
789 0.203319
790 0.180136
791 0.183791
792 0.172782
793 0.186296
794 0.172316
795 0.158722
796 0.160695
797 0.173912
798 0.184871
799 0.173084
800 0.153446
801 0.165558
802 0.190303
803 0.210558
804 0.168695
805 0.181353
806 0.166779
807 0.173913
808 0.184553
809 0.18302
810 0.160411
811 0.158015
812 0.184934
813 0.163425
814 0.172347
815 0.163291
816 0.16157
817 0.163459
818 0.185883
819 0.171972
820 0.153528
821 0.176569
822 0.201912
823 0.202332
824 0.165654
825 0.187497
826 0.199107
827 0.179226
828 0.169393
829 0.173123
830 0.174184
831 0.176804
832 0.174817
833 0.148854
834 0.158804
835 0.171811
836 0.157493
837 0.164274
838 0.175011
839 0.154555
840 0.158341
841 0.17127
842 0.193202
843 0.182095
844 0.189451
845 0.152407
846 0.168912
847 0.186334
848 0.189158
849 0.175684
850 0.15521
851 0.179914
852 0.174725
853 0.189816
854 0.160507
855 0.182238
856 0.179185
857 0.18322
858 0.162017
859 0.191002
860 0.174507
861 0.185194
862 0.17543
863 0.182993
864 0.177277
865 0.18175
866 0.193412
867 0.168614
868 0.17998
869 0.198087
870 0.185068
871 0.170342
872 0.15695
873 0.192622
874 0.164029
875 0.160619
876 0.16289
877 0.190992
878 0.170646
879 0.165624
880 0.171004
881 0.199856
882 0.193201
883 0.169513
884 0.183363
885 0.187547
886 0.20646
887 0.169247
888 0.15983
889 0.148157
890 0.191113
891 0.159074
892 0.161854
893 0.158756
894 0.166885
895 0.173929
896 0.188435
897 0.175823
898 0.148123
899 0.163681
900 0.170863
901 0.179221
902 0.171827
903 0.151425
904 0.161685
905 0.198877
906 0.212613
907 0.171952
908 0.173608
909 0.200511
910 0.204549
911 0.172869
912 0.176402
913 0.177493
914 0.179003
915 0.18324
916 0.189536
917 0.169072
918 0.17385
919 0.18494
920 0.180509
921 0.162739
922 0.179363
923 0.195722
924 0.180703
925 0.150078
926 0.151014
927 0.196282
928 0.175408
929 0.169359
930 0.165977
931 0.179183
932 0.184084
933 0.179254
934 0.179384
935 0.174695
936 0.187472
937 0.168212
938 0.176583
939 0.169724
940 0.176317
941 0.185328
942 0.179721
943 0.171046
944 0.175279
945 0.188858
946 0.175573
947 0.20045
948 0.203537
949 0.200442
950 0.184786
951 0.184889
952 0.197759
953 0.204
954 0.179608
955 0.153933
956 0.18704
957 0.181108
958 0.172991
959 0.165526
960 0.195504
961 0.161723
962 0.171796
963 0.186513
964 0.174335
965 0.171423
966 0.180923
967 0.173839
968 0.164298
969 0.178552
970 0.180002
971 0.153946
972 0.171961
973 0.181332
974 0.153149
975 0.163451
976 0.188008
977 0.179244
978 0.182328
979 0.187935
980 0.19223
981 0.188207
982 0.190177
983 0.171269
984 0.166016
985 0.199952
986 0.177491
987 0.16399
988 0.174064
989 0.202226
990 0.200242
991 0.178346
992 0.17097
993 0.201521
994 0.201274
995 0.163386
996 0.153399
997 0.194482
998 0.183687
999 0.176657
1000 0.170261
1001 0.179852
1002 0.165925
1003 0.16683
1004 0.166457
1005 0.156895
1006 0.154957
1007 0.166364
1008 0.153645
1009 0.159338
1010 0.164369
1011 0.185451
1012 0.178954
1013 0.194876
1014 0.195699
1015 0.187004
1016 0.187571
1017 0.190639
1018 0.185454
1019 0.176355
1020 0.171806
1021 0.15803
1022 0.182216
1023 0.192127
1024 0.183684
1025 0.174957
1026 0.170782
1027 0.195337
1028 0.179384
1029 0.171081
1030 0.149832
1031 0.192985
1032 0.164736
1033 0.169174
1034 0.178082
1035 0.201137
1036 0.194986
1037 0.198171
1038 0.197889
1039 0.188439
1040 0.174341
1041 0.187166
1042 0.180327
1043 0.172952
1044 0.149347
1045 0.190632
1046 0.188285
1047 0.19054
1048 0.155334
1049 0.182947
1050 0.181535
1051 0.162794
1052 0.164263
1053 0.159318
1054 0.160004
1055 0.147184
1056 0.182522
1057 0.178639
1058 0.175288
1059 0.166544
1060 0.182618
1061 0.19205
1062 0.197626
1063 0.184187
1064 0.184925
1065 0.191593
1066 0.189479
1067 0.198004
1068 0.193801
1069 0.182838
1070 0.181794
1071 0.183791
1072 0.182731
1073 0.155652
1074 0.17551
1075 0.167833
1076 0.154018
1077 0.166099
1078 0.180922
1079 0.174866
1080 0.162698
1081 0.170348
1082 0.1816
1083 0.168641
1084 0.180268
1085 0.17902
1086 0.179909
1087 0.182544
1088 0.198898
1089 0.201368
1090 0.20089
1091 0.196266
1092 0.178272
1093 0.191877
1094 0.19513
1095 0.178771
1096 0.153175
1097 0.191749
1098 0.196675
1099 0.172937
1100 0.161658
1101 0.173453
1102 0.183057
1103 0.165998
1104 0.155877
1105 0.152649
1106 0.172747
1107 0.183178
1108 0.172029
1109 0.182259
1110 0.192359
1111 0.188087
1112 0.178908
1113 0.1918
1114 0.188459
1115 0.164129
1116 0.159288
1117 0.154608
1118 0.155
1119 0.177094
1120 0.156928
1121 0.157273
1122 0.14525
1123 0.184966
1124 0.172724
1125 0.161663
1126 0.170636
1127 0.193901
1128 0.196851
1129 0.162446
1130 0.185601
1131 0.202474
1132 0.184715
1133 0.180056
1134 0.169168
1135 0.175361
1136 0.181917
1137 0.194503
1138 0.168641
1139 0.155452
1140 0.178439
1141 0.20126
1142 0.178849
1143 0.177545
1144 0.163384
1145 0.186242
1146 0.169039
1147 0.192206
1148 0.166139
1149 0.150105
1150 0.157159
1151 0.168574
1152 0.162868
1153 0.162504
1154 0.179059
1155 0.177011
1156 0.159975
1157 0.177085
1158 0.175978
1159 0.196437
1160 0.162942
1161 0.162268
1162 0.181839
1163 0.184245
1164 0.184967
1165 0.185008
1166 0.207378
1167 0.182726
1168 0.205105
1169 0.197801
1170 0.19364
1171 0.17193
1172 0.18656
1173 0.186093
1174 0.164581
1175 0.15178
1176 0.175522
1177 0.197371
1178 0.169142
1179 0.149189
1180 0.163948
1181 0.177808
1182 0.178298
1183 0.172546
1184 0.159339
1185 0.162102
1186 0.182445
1187 0.187537
1188 0.157543
1189 0.162836
1190 0.186055
1191 0.172998
1192 0.158761
1193 0.171088
1194 0.172667
1195 0.162005
1196 0.180344
1197 0.186781
1198 0.162246
1199 0.155641
1200 0.170989
1201 0.176261
1202 0.171209
1203 0.164507
1204 0.173366
1205 0.192162
1206 0.206813
1207 0.190191
1208 0.182957
1209 0.16991
1210 0.182629
1211 0.178631
1212 0.168609
1213 0.160702
1214 0.168173
1215 0.169597
1216 0.176862
1217 0.175015
1218 0.164408
1219 0.187909
1220 0.196675
1221 0.182789
1222 0.144009
1223 0.196119
1224 0.190324
1225 0.180818
1226 0.16242
1227 0.191651
1228 0.189894
1229 0.167131
1230 0.181538
1231 0.190993
1232 0.178426
1233 0.176038
1234 0.172573
1235 0.175744
1236 0.168264
1237 0.180493
1238 0.162928
1239 0.160482
1240 0.189772
1241 0.181883
1242 0.182028
1243 0.187692
1244 0.181332
1245 0.181539
1246 0.200412
1247 0.174437
1248 0.163891
1249 0.162533
1250 0.187891
1251 0.150084
1252 0.178423
1253 0.167255
1254 0.160082
1255 0.140773
1256 0.16933
1257 0.163067
1258 0.157748
1259 0.163312
1260 0.164595
1261 0.159143
1262 0.165531
1263 0.194828
1264 0.176139
1265 0.187769
1266 0.167895
1267 0.191674
1268 0.167932
1269 0.170029
1270 0.154538
1271 0.167751
1272 0.166846
1273 0.14559
1274 0.143805
1275 0.139792
1276 0.17618
1277 0.151307
1278 0.149679
1279 0.156098
1280 0.156074
1281 0.165646
1282 0.158528
1283 0.158833
1284 0.160057
1285 0.180524
1286 0.166638
1287 0.150061
1288 0.163574
1289 0.183704
1290 0.184189
1291 0.168531
1292 0.180519
1293 0.194807
1294 0.182396
1295 0.180749
1296 0.200888
1297 0.183432
1298 0.173202
1299 0.172922
1300 0.171385
1301 0.160995
1302 0.173567
1303 0.169565
1304 0.158006
1305 0.163536
1306 0.162388
1307 0.157443
1308 0.180298
1309 0.188889
1310 0.177027
1311 0.179637
1312 0.196529
1313 0.207951
1314 0.196542
1315 0.180544
1316 0.174302
1317 0.17952
1318 0.185607
1319 0.17644
1320 0.164807
1321 0.159587
1322 0.190104
1323 0.178987
1324 0.163886
1325 0.181848
1326 0.17717
1327 0.160586
1328 0.156739
1329 0.196485
1330 0.178118
1331 0.180215
1332 0.164677
1333 0.168897
1334 0.178716
1335 0.176419
1336 0.171565
1337 0.144447
1338 0.163572
1339 0.148118
1340 0.174829
1341 0.167176
1342 0.171167
1343 0.163744
1344 0.165257
1345 0.168271
1346 0.181592
1347 0.167744
1348 0.149792
1349 0.147852
1350 0.175677
1351 0.161954
1352 0.162516
1353 0.158288
1354 0.177878
1355 0.184408
1356 0.177519
1357 0.174913
1358 0.18537
1359 0.194754
1360 0.187749
1361 0.190075
1362 0.196782
1363 0.173434
1364 0.174336
1365 0.181375
1366 0.1731
1367 0.159227
1368 0.16127
1369 0.160537
1370 0.167266
1371 0.183797
1372 0.174589
1373 0.156323
1374 0.184576
1375 0.203421
1376 0.184526
1377 0.176642
1378 0.179709
1379 0.174201
1380 0.188582
1381 0.196851
1382 0.165826
1383 0.169374
1384 0.20682
1385 0.194104
1386 0.171088
1387 0.172368
1388 0.193485
1389 0.176993
1390 0.182683
1391 0.168994
1392 0.166832
1393 0.172385
1394 0.192232
1395 0.20272
1396 0.189162
1397 0.183953
1398 0.1982
1399 0.187217
1400 0.192386
1401 0.168104
1402 0.187871
1403 0.162658
1404 0.186066
1405 0.174066
1406 0.182027
1407 0.178439
1408 0.188452
1409 0.190274
1410 0.179624
1411 0.192506
1412 0.179731
1413 0.16789
1414 0.164106
1415 0.180653
1416 0.190859
1417 0.176518
1418 0.174814
1419 0.171674
1420 0.19221
1421 0.184682
1422 0.198099
1423 0.177504
1424 0.189486
1425 0.18334
1426 0.192734
1427 0.164872
1428 0.175406
1429 0.184413
1430 0.166198
1431 0.166382
1432 0.169422
1433 0.178693
1434 0.175672
1435 0.192103
1436 0.193206
1437 0.201611
1438 0.203992
1439 0.200082
1440 0.209021
1441 0.200325
1442 0.185866
1443 0.200306
1444 0.193236
1445 0.168028
1446 0.153028
1447 0.183176
1448 0.161732
1449 0.154288
1450 0.152124
1451 0.169799
1452 0.151525
1453 0.15393
1454 0.175855
1455 0.172981
1456 0.152114
1457 0.157095
1458 0.171505
1459 0.164005
1460 0.150659
1461 0.16078
1462 0.153074
1463 0.163691
1464 0.170286
1465 0.168014
1466 0.153927
1467 0.166309
1468 0.172929
1469 0.173116
1470 0.151738
1471 0.151432
1472 0.159709
1473 0.159644
1474 0.158524
1475 0.169941
1476 0.163514
1477 0.164464
1478 0.171412
1479 0.184379
1480 0.161663
1481 0.176346
1482 0.159
1483 0.170034
1484 0.162058
1485 0.168454
1486 0.158972
1487 0.154912
1488 0.157254
1489 0.177415
1490 0.16941
1491 0.157182
1492 0.150732
1493 0.192337
1494 0.164498
1495 0.181416
1496 0.176269
1497 0.178537
1498 0.192123
1499 0.196793
1500 0.202383
1501 0.181763
1502 0.2074
1503 0.189259
1504 0.186758
1505 0.190113
1506 0.178442
1507 0.155835
1508 0.16646
1509 0.178034
1510 0.169402
1511 0.169097
1512 0.159276
1513 0.186015
1514 0.176156
1515 0.183303
1516 0.162016
1517 0.196524
1518 0.179625
1519 0.177916
1520 0.178221
1521 0.193966
1522 0.186621
1523 0.169672
1524 0.161513
1525 0.166891
1526 0.173515
1527 0.168943
1528 0.163603
1529 0.166693
1530 0.190062
1531 0.194146
1532 0.170754
1533 0.173934
1534 0.189826
1535 0.170296
1536 0.151946
1537 0.153483
1538 0.169734
1539 0.149171
1540 0.165001
1541 0.15833
1542 0.146499
1543 0.164699
1544 0.184909
1545 0.165688
1546 0.152179
1547 0.19213
1548 0.190313
1549 0.193489
1550 0.17733
1551 0.18025
1552 0.180742
1553 0.178249
1554 0.180575
1555 0.168039
1556 0.178855
1557 0.164814
1558 0.171779
1559 0.17583
1560 0.170162
1561 0.186134
1562 0.162025
1563 0.166356
1564 0.169896
1565 0.188037
1566 0.153916
1567 0.163428
1568 0.183336
1569 0.164664
1570 0.167061
1571 0.192092
1572 0.198348
1573 0.164695
1574 0.185765
1575 0.181997
1576 0.172036
1577 0.16944
1578 0.17727
1579 0.14819
1580 0.154527
1581 0.184285
1582 0.172366
1583 0.150804
1584 0.179269
1585 0.192402
1586 0.174872
1587 0.169979
1588 0.186248
1589 0.186354
1590 0.171773
1591 0.171609
1592 0.181421
1593 0.194585
1594 0.184535
1595 0.163331
1596 0.179745
1597 0.191592
1598 0.189487
1599 0.17149
1600 0.18924
1601 0.184123
1602 0.181724
1603 0.165322
1604 0.170954
1605 0.162764
1606 0.186247
1607 0.167851
1608 0.159107
1609 0.149232
1610 0.183641
1611 0.181477
1612 0.166903
1613 0.149934
1614 0.16264
1615 0.16562
1616 0.16475
1617 0.147188
1618 0.160798
1619 0.165258
1620 0.167195
1621 0.179859
1622 0.184047
1623 0.196587
1624 0.187924
1625 0.181818
1626 0.177926
1627 0.189099
1628 0.189038
1629 0.157093
1630 0.156198
1631 0.165079
1632 0.170595
1633 0.169334
1634 0.161995
1635 0.160757
1636 0.157499
1637 0.188951
1638 0.173227
1639 0.163776
1640 0.166152
1641 0.171627
1642 0.184163
1643 0.169127
1644 0.171062
1645 0.172281
1646 0.196279
1647 0.182346
1648 0.193874
1649 0.200053
1650 0.186528
1651 0.164665
1652 0.197349
1653 0.184804
1654 0.1636
1655 0.147946
1656 0.169499
1657 0.176219
1658 0.163872
1659 0.168204
1660 0.162003
1661 0.174148
1662 0.1828
1663 0.175187
1664 0.171025
1665 0.173819
1666 0.163112
1667 0.156195
1668 0.160464
1669 0.173767
1670 0.170436
1671 0.164107
1672 0.181491
1673 0.191672
1674 0.178071
1675 0.154821
1676 0.177314
1677 0.199254
1678 0.168842
1679 0.166618
1680 0.159375
1681 0.19914
1682 0.187199
1683 0.18322
1684 0.17898
1685 0.177641
1686 0.178251
1687 0.165636
1688 0.190907
1689 0.174967
1690 0.155368
1691 0.15802
1692 0.166589
1693 0.185712
1694 0.159375
1695 0.178635
1696 0.155731
1697 0.154595
1698 0.152945
1699 0.169328
1700 0.164333
1701 0.149567
1702 0.148857
1703 0.151338
1704 0.159359
1705 0.17031
1706 0.178899
1707 0.164209
1708 0.165374
1709 0.186889
1710 0.18749
1711 0.168019
1712 0.175588
1713 0.188216
1714 0.187348
1715 0.182098
1716 0.199165
1717 0.186018
1718 0.171815
1719 0.182364
1720 0.182147
1721 0.171504
1722 0.161311
1723 0.184258
1724 0.17667
1725 0.175609
1726 0.177368
1727 0.201481
1728 0.184286
1729 0.17216
1730 0.177663
1731 0.184577
1732 0.169787
1733 0.171274
1734 0.169052
1735 0.180269
1736 0.173716
1737 0.171559
1738 0.158081
1739 0.169716
1740 0.180447
1741 0.189257
1742 0.183915
1743 0.183529
1744 0.193329
1745 0.207449
1746 0.183056
1747 0.17812
1748 0.170909
1749 0.171254
1750 0.168482
1751 0.175804
1752 0.168326
1753 0.154383
1754 0.17478
1755 0.173119
1756 0.159525
1757 0.169267
1758 0.172144
1759 0.152308
1760 0.145473
1761 0.183225
1762 0.182681
1763 0.163341
1764 0.145058
1765 0.184764
1766 0.182276
1767 0.166214
1768 0.158528
1769 0.17524
1770 0.16904
1771 0.161921
1772 0.178587
1773 0.16382
1774 0.147561
1775 0.156015
1776 0.174057
1777 0.161435
1778 0.159542
1779 0.174992
1780 0.179604
1781 0.159093
1782 0.17098
1783 0.168509
1784 0.18903
1785 0.163027
1786 0.167248
1787 0.167892
1788 0.170264
1789 0.172228
1790 0.179503
1791 0.190814
1792 0.194358
1793 0.171793
1794 0.173984
1795 0.193657
1796 0.196812
1797 0.157076
1798 0.177172
1799 0.182536
1800 0.166956
1801 0.158621
1802 0.188082
1803 0.173659
1804 0.175285
1805 0.194144
1806 0.197606
1807 0.1772
1808 0.191323
1809 0.202069
1810 0.190497
1811 0.162959
1812 0.166316
1813 0.183035
1814 0.161486
1815 0.166456
1816 0.151103
1817 0.156966
1818 0.166118
1819 0.185613
1820 0.171071
1821 0.152656
1822 0.167861
1823 0.178947
1824 0.165923
1825 0.171009
1826 0.179034
1827 0.193099
1828 0.180657
1829 0.194681
1830 0.179349
1831 0.174409
1832 0.18343
1833 0.189907
1834 0.153941
1835 0.140071
1836 0.172013
1837 0.193812
1838 0.154126
1839 0.140095
1840 0.178424
1841 0.200487
1842 0.152473
1843 0.161737
1844 0.170619
1845 0.197924
1846 0.164553
1847 0.189659
1848 0.176602
1849 0.193599
1850 0.182107
1851 0.185323
1852 0.187683
1853 0.205947
1854 0.194983
1855 0.194437
1856 0.1954
1857 0.203905
1858 0.195114
1859 0.205976
1860 0.184685
1861 0.182052
1862 0.17236
1863 0.191574
1864 0.174478
1865 0.177464
1866 0.17304
1867 0.188387
1868 0.184449
1869 0.179177
1870 0.187475
1871 0.198528
1872 0.194279
1873 0.158458
1874 0.156443
1875 0.162403
1876 0.156512
1877 0.157802
1878 0.159489
1879 0.159027
1880 0.155889
1881 0.178328
1882 0.172478
1883 0.182941
1884 0.190308
1885 0.189281
1886 0.157449
1887 0.193477
1888 0.189955
1889 0.168328
1890 0.171197
1891 0.198194
1892 0.172478
1893 0.160467
1894 0.175681
1895 0.176151
1896 0.18273
1897 0.174744
1898 0.150757
1899 0.145071
1900 0.181967
1901 0.164548
1902 0.147212
1903 0.161172
1904 0.188903
1905 0.160336
1906 0.147092
1907 0.173541
1908 0.178063
1909 0.16593
1910 0.152327
1911 0.16218
1912 0.171326
1913 0.188696
1914 0.182498
1915 0.162557
1916 0.195686
1917 0.188998
1918 0.177389
1919 0.161038
1920 0.193059
1921 0.164219
1922 0.14966
1923 0.147364
1924 0.165974
1925 0.169265
1926 0.176714
1927 0.145877
1928 0.16199
1929 0.184939
1930 0.190697
1931 0.180748
1932 0.174221
1933 0.177628
1934 0.175578
1935 0.186994
1936 0.15625
1937 0.150804
1938 0.180798
1939 0.179093
1940 0.157361
1941 0.169552
1942 0.175903
1943 0.197325
1944 0.165341
1945 0.170302
1946 0.175085
1947 0.174276
1948 0.169697
1949 0.166726
1950 0.179041
1951 0.164948
1952 0.178606
1953 0.194053
1954 0.186823
1955 0.172088
1956 0.169952
1957 0.188177
1958 0.194296
1959 0.16994
1960 0.171197
1961 0.160969
1962 0.182056
1963 0.189496
1964 0.183028
1965 0.161877
1966 0.177017
1967 0.185492
1968 0.1877
1969 0.193566
1970 0.186128
1971 0.195289
1972 0.204426
1973 0.21344
1974 0.191173
1975 0.203147
1976 0.182217
1977 0.18442
1978 0.182435
1979 0.183189
1980 0.162825
1981 0.149867
1982 0.192763
1983 0.1806
1984 0.164381
1985 0.146821
1986 0.193925
1987 0.195958
1988 0.194888
1989 0.163236
1990 0.181664
1991 0.183217
1992 0.179446
1993 0.176678
1994 0.178964
1995 0.167039
1996 0.170367
1997 0.185413
1998 0.195762
1999 0.187677
2000 0.172717
2001 0.158592
2002 0.158355
2003 0.169171
2004 0.149737
2005 0.155198
2006 0.146967
2007 0.158674
2008 0.150967
2009 0.162105
2010 0.168218
2011 0.189805
2012 0.168701
2013 0.174649
2014 0.183121
2015 0.183483
2016 0.184625
2017 0.172332
2018 0.178777
2019 0.15915
2020 0.19105
2021 0.167903
2022 0.17709
2023 0.178057
2024 0.189624
2025 0.176563
2026 0.172337
2027 0.194905
2028 0.184867
2029 0.17975
2030 0.174349
2031 0.171131
2032 0.174961
2033 0.172594
2034 0.183988
2035 0.174625
2036 0.167479
2037 0.17905
2038 0.173977
2039 0.168272
2040 0.16685
2041 0.178493
2042 0.166236
2043 0.164868
2044 0.155392
2045 0.186555
2046 0.184141
2047 0.201352
2048 0.173144
2049 0.190899
2050 0.171559
2051 0.178317
2052 0.172554
2053 0.188961
2054 0.181876
2055 0.165682
2056 0.155248
2057 0.183332
2058 0.183129
2059 0.182639
2060 0.17709
2061 0.17693
2062 0.151476
2063 0.183119
2064 0.183581
2065 0.159384
2066 0.151725
2067 0.166201
2068 0.164475
2069 0.153298
2070 0.158242
2071 0.157901
2072 0.159846
2073 0.166934
2074 0.169918
2075 0.156826
2076 0.155769
2077 0.185251
2078 0.16776
2079 0.171713
2080 0.191492
2081 0.188135
2082 0.160955
2083 0.179022
2084 0.177767
2085 0.183382
2086 0.168762
2087 0.175855
2088 0.169351
2089 0.19557
2090 0.190142
2091 0.187946
2092 0.187372
2093 0.19008
2094 0.203079
2095 0.19934
2096 0.189986
2097 0.192306
2098 0.196113
2099 0
