0 1690.6
1 587.184
2 -113.293
3 -26.7397
4 -3.34997
5 -0.0401641
6 -0.120538
7 0.038159
8 0.0707972
9 0.156641
10 0.204187
11 0.16016
12 0.147787
13 0.194377
14 0.202424
15 0.183251
16 0.178302
17 0.183987
18 0.196252
19 0.201586
20 0.160612
21 0.172058
22 0.175134
23 0.173639
24 0.154839
25 0.172667
26 0.173409
27 0.170711
28 0.165273
29 0.153129
30 0.188022
31 0.165545
32 0.194064
33 0.150375
34 0.200639
35 0.155876
36 0.182526
37 0.154843
38 0.197295
39 0.173477
40 0.169591
41 0.156199
42 0.165485
43 0.179565
44 0.165504
45 0.15751
46 0.167494
47 0.18021
48 0.158077
49 0.175858
50 0.169613
51 0.19497
52 0.174871
53 0.180997
54 0.172448
55 0.190418
56 0.178089
57 0.199785
58 0.200051
59 0.206256
60 0.199839
61 0.195377
62 0.175104
63 0.189945
64 0.186615
65 0.182164
66 0.158761
67 0.171701
68 0.170203
69 0.15229
70 0.163658
71 0.183484
72 0.19383
73 0.172166
74 0.173356
75 0.201757
76 0.194365
77 0.200247
78 0.166651
79 0.182599
80 0.181775
81 0.172336
82 0.156897
83 0.182825
84 0.158831
85 0.177924
86 0.15904
87 0.152452
88 0.159265
89 0.209021
90 0.202273
91 0.16267
92 0.184021
93 0.221208
94 0.226914
95 0.167046
96 0.165693
97 0.201759
98 0.19488
99 0.168532
100 0.162407
101 0.180157
102 0.179832
103 0.170493
104 0.14955
105 0.173629
106 0.197962
107 0.195958
108 0.169989
109 0.218926
110 0.209118
111 0.191864
112 0.181075
113 0.187367
114 0.187436
115 0.194285
116 0.169048
117 0.157877
118 0.167296
119 0.167887
120 0.154611
121 0.167456
122 0.157969
123 0.161019
124 0.184101
125 0.177465
126 0.167552
127 0.14206
128 0.178226
129 0.173077
130 0.159451
131 0.155729
132 0.194177
133 0.190332
134 0.187438
135 0.181685
136 0.191768
137 0.161251
138 0.156342
139 0.174576
140 0.174907
141 0.167316
142 0.163815
143 0.157562
144 0.163461
145 0.212897
146 0.165587
147 0.174826
148 0.180802
149 0.203266
150 0.178508
151 0.196595
152 0.194235
153 0.21012
154 0.182308
155 0.165135
156 0.182433
157 0.175445
158 0.163889
159 0.164871
160 0.179728
161 0.145612
162 0.169803
163 0.180667
164 0.167406
165 0.157868
166 0.203175
167 0.175209
168 0.18175
169 0.154632
170 0.166666
171 0.176051
172 0.17118
173 0.162054
174 0.162067
175 0.18436
176 0.167674
177 0.157313
178 0.176965
179 0.151997
180 0.172028
181 0.182908
182 0.182846
183 0.156281
184 0.175385
185 0.163937
186 0.176766
187 0.174167
188 0.149053
189 0.142849
190 0.15673
191 0.167808
192 0.173321
193 0.152531
194 0.177262
195 0.174977
196 0.176778
197 0.154218
198 0.171411
199 0.146206
200 0.171876
201 0.154638
202 0.163928
203 0.154139
204 0.177912
205 0.164084
206 0.164216
207 0.168
208 0.172983
209 0.165362
210 0.157729
211 0.160967
212 0.191288
213 0.169681
214 0.162312
215 0.161009
216 0.160911
217 0.169648
218 0.200353
219 0.183771
220 0.17103
221 0.173869
222 0.179459
223 0.199158
224 0.16796
225 0.171568
226 0.179299
227 0.188142
228 0.164741
229 0.170575
230 0.181337
231 0.175024
232 0.177878
233 0.170974
234 0.17936
235 0.182193
236 0.185734
237 0.158259
238 0.18981
239 0.171058
240 0.173868
241 0.167998
242 0.167064
243 0.167195
244 0.154438
245 0.182422
246 0.160429
247 0.163568
248 0.162883
249 0.172917
250 0.179765
251 0.180487
252 0.166728
253 0.171594
254 0.19679
255 0.220191
256 0.184016
257 0.1714
258 0.183929
259 0.177658
260 0.215169
261 0.194208
262 0.175435
263 0.17253
264 0.194269
265 0.205692
266 0.193202
267 0.178355
268 0.203968
269 0.216091
270 0.195904
271 0.17748
272 0.160035
273 0.182702
274 0.183057
275 0.181413
276 0.164011
277 0.174898
278 0.170852
279 0.197949
280 0.177134
281 0.18238
282 0.180986
283 0.183208
284 0.158666
285 0.143218
286 0.186124
287 0.150033
288 0.167424
289 0.154904
290 0.180506
291 0.164046
292 0.190877
293 0.176024
294 0.190792
295 0.181909
296 0.186207
297 0.165714
298 0.167323
299 0.163565
300 0.179363
301 0.179178
302 0.158629
303 0.165191
304 0.164445
305 0.199537
306 0.184435
307 0.173513
308 0.18019
309 0.181527
310 0.173715
311 0.199264
312 0.211498
313 0.174781
314 0.182548
315 0.184456
316 0.181708
317 0.172881
318 0.171934
319 0.181984
320 0.188824
321 0.196165
322 0.192918
323 0.213664
324 0.208822
325 0.181038
326 0.195956
327 0.217246
328 0.195639
329 0.189857
330 0.198431
331 0.193075
332 0.191151
333 0.22226
334 0.204846
335 0.196552
336 0.179295
337 0.188986
338 0.168063
339 0.17991
340 0.160318
341 0.172474
342 0.170927
343 0.176765
344 0.182639
345 0.178224
346 0.181949
347 0.155901
348 0.153383
349 0.188442
350 0.156543
351 0.165572
352 0.161099
353 0.17506
354 0.161915
355 0.162317
356 0.182704
357 0.162879
358 0.161105
359 0.159226
360 0.160791
361 0.14868
362 0.174769
363 0.189835
364 0.167176
365 0.168952
366 0.196363
367 0.166264
368 0.198311
369 0.175464
370 0.176807
371 0.176469
372 0.174951
373 0.162753
374 0.163839
375 0.166088
376 0.146825
377 0.171832
378 0.16401
379 0.157524
380 0.159921
381 0.182635
382 0.168684
383 0.165782
384 0.153942
385 0.178205
386 0.171439
387 0.148475
388 0.153714
389 0.187745
390 0.162288
391 0.165244
392 0.191395
393 0.203614
394 0.171868
395 0.17186
396 0.169334
397 0.19241
398 0.167382
399 0.174192
400 0.163094
401 0.180833
402 0.183092
403 0.192606
404 0.186722
405 0.194903
406 0.200268
407 0.208928
408 0.1864
409 0.196729
410 0.227525
411 0.216087
412 0.187869
413 0.187603
414 0.182701
415 0.203664
416 0.209686
417 0.198606
418 0.168542
419 0.185887
420 0.188425
421 0.182779
422 0.16047
423 0.180897
424 0.183426
425 0.186189
426 0.15551
427 0.165762
428 0.169189
429 0.172481
430 0.162403
431 0.168221
432 0.178017
433 0.178511
434 0.163994
435 0.192073
436 0.174413
437 0.184366
438 0.173838
439 0.186143
440 0.17306
441 0.172561
442 0.184853
443 0.167098
444 0.170208
445 0.136754
446 0.170669
447 0.161594
448 0.159052
449 0.142724
450 0.152545
451 0.174512
452 0.178276
453 0.152056
454 0.162039
455 0.188901
456 0.171246
457 0.160476
458 0.17883
459 0.180907
460 0.180315
461 0.178762
462 0.166325
463 0.174068
464 0.196151
465 0.178058
466 0.180071
467 0.171844
468 0.200708
469 0.187329
470 0.193671
471 0.171252
472 0.173171
473 0.173089
474 0.166586
475 0.196366
476 0.164476
477 0.172925
478 0.156562
479 0.185876
480 0.171635
481 0.175808
482 0.173734
483 0.176238
484 0.166418
485 0.196755
486 0.195046
487 0.16889
488 0.176559
489 0.187427
490 0.192616
491 0.192461
492 0.196839
493 0.175259
494 0.169145
495 0.199185
496 0.212615
497 0.1847
498 0.175947
499 0.179691
500 0.169198
501 0.173661
502 0.165201
503 0.190262
504 0.158581
505 0.170763
506 0.1499
507 0.200155
508 0.16661
509 0.176778
510 0.163354
511 0.182388
512 0.159858
513 0.174629
514 0.162277
515 0.173823
516 0.176979
517 0.200719
518 0.184503
519 0.187399
520 0.189693
521 0.183422
522 0.173662
523 0.164548
524 0.176693
525 0.189964
526 0.196758
527 0.159782
528 0.162106
529 0.176731
530 0.18294
531 0.155048
532 0.152382
533 0.171373
534 0.176558
535 0.161291
536 0.157466
537 0.187805
538 0.162517
539 0.171233
540 0.159864
541 0.202868
542 0.166493
543 0.184286
544 0.165832
545 0.167396
546 0.151074
547 0.164439
548 0.186312
549 0.174114
550 0.158143
551 0.151686
552 0.170474
553 0.210092
554 0.178886
555 0.166036
556 0.16051
557 0.17349
558 0.170866
559 0.161069
560 0.179202
561 0.170901
562 0.179934
563 0.180849
564 0.186418
565 0.176496
566 0.17999
567 0.207548
568 0.191657
569 0.202231
570 0.164722
571 0.171587
572 0.186294
573 0.203081
574 0.190621
575 0.169631
576 0.189931
577 0.198777
578 0.233798
579 0.168892
580 0.178151
581 0.192018
582 0.198805
583 0.169022
584 0.172432
585 0.178883
586 0.167306
587 0.180157
588 0.191148
589 0.199299
590 0.172525
591 0.175841
592 0.182586
593 0.175729
594 0.170127
595 0.162583
596 0.164699
597 0.16116
598 0.15833
599 0.164564
600 0.172447
601 0.164667
602 0.168532
603 0.171281
604 0.173357
605 0.176881
606 0.153915
607 0.180785
608 0.16383
609 0.170853
610 0.142967
611 0.165955
612 0.157952
613 0.185702
614 0.168631
615 0.155418
616 0.151782
617 0.188176
618 0.180035
619 0.156697
620 0.145764
621 0.175898
622 0.173482
623 0.161755
624 0.153807
625 0.175752
626 0.166482
627 0.171646
628 0.166012
629 0.18382
630 0.171148
631 0.165877
632 0.177985
633 0.175328
634 0.178887
635 0.174872
636 0.159011
637 0.171889
638 0.159141
639 0.160386
640 0.162308
641 0.151163
642 0.157169
643 0.153563
644 0.158861
645 0.15472
646 0.179168
647 0.160824
648 0.160885
649 0.150479
650 0.177174
651 0.167037
652 0.170737
653 0.166041
654 0.188835
655 0.166763
656 0.199504
657 0.200894
658 0.178485
659 0.156335
660 0.18137
661 0.200075
662 0.18403
663 0.163476
664 0.166109
665 0.191035
666 0.172781
667 0.156085
668 0.182903
669 0.175453
670 0.176835
671 0.174732
672 0.172353
673 0.167412
674 0.198725
675 0.173961
676 0.164252
677 0.187725
678 0.202164
679 0.178788
680 0.174913
681 0.193684
682 0.201062
683 0.163087
684 0.178312
685 0.176892
686 0.179023
687 0.167273
688 0.192809
689 0.203338
690 0.17711
691 0.194504
692 0.205254
693 0.204573
694 0.167733
695 0.190719
696 0.193056
697 0.1857
698 0.185826
699 0.185814
700 0.194511
701 0.179084
702 0.183706
703 0.165241
704 0.178694
705 0.190443
706 0.181185
707 0.165976
708 0.164898
709 0.181516
710 0.175095
711 0.159687
712 0.181002
713 0.173769
714 0.165281
715 0.150849
716 0.163143
717 0.154604
718 0.152855
719 0.150299
720 0.151694
721 0.152463
722 0.158107
723 0.188891
724 0.173625
725 0.175154
726 0.156822
727 0.166574
728 0.17968
729 0.178673
730 0.164552
731 0.162921
732 0.18572
733 0.174354
734 0.193681
735 0.159307
736 0.189445
737 0.178851
738 0.198748
739 0.171321
740 0.175298
741 0.182996
742 0.193377
743 0.165916
744 0.153254
745 0.164542
746 0.18548
747 0.167324
748 0.169471
749 0.157894
750 0.190653
751 0.200692
752 0.204407
753 0.184217
754 0.174995
755 0.192605
756 0.208343
757 0.181572
758 0.16826
759 0.210531
760 0.206014
761 0.172972
762 0.201841
763 0.221883
764 0.202023
765 0.175748
766 0.170641
767 0.182662
768 0.194358
769 0.171506
770 0.176655
771 0.169168
772 0.177223
773 0.195584
774 0.229286
775 0.167629
776 0.160582
777 0.190793
778 0.187458
779 0.163386
780 0.16553
781 0.190342
782 0.171132
783 0.168784
784 0.192929
785 0.204865
786 0.183695
787 0.176368
788 0.177686
789 0.1936
790 0.179099
791 0.186315
792 0.16989
793 0.191284
794 0.16923
795 0.159844
796 0.159664
797 0.172385
798 0.190046
799 0.156908
800 0.155879
801 0.162595
802 0.187664
803 0.217494
804 0.16592
805 0.16888
806 0.160101
807 0.16704
808 0.187538
809 0.190078
810 0.155664
811 0.163224
812 0.182927
813 0.155913
814 0.176306
815 0.154282
816 0.145563
817 0.161945
818 0.190385
819 0.171969
820 0.152655
821 0.177987
822 0.203573
823 0.205785
824 0.170598
825 0.193993
826 0.195139
827 0.178161
828 0.174718
829 0.174016
830 0.178472
831 0.177796
832 0.17792
833 0.148257
834 0.161123
835 0.166918
836 0.147025
837 0.154267
838 0.1577
839 0.152065
840 0.172106
841 0.163252
842 0.185228
843 0.179582
844 0.189739
845 0.162087
846 0.171881
847 0.187201
848 0.190153
849 0.171493
850 0.162186
851 0.188731
852 0.169865
853 0.181412
854 0.161542
855 0.186127
856 0.181038
857 0.17901
858 0.160174
859 0.181855
860 0.175745
861 0.185363
862 0.168668
863 0.193148
864 0.175651
865 0.181692
866 0.181409
867 0.175288
868 0.175574
869 0.188931
870 0.185403
871 0.170506
872 0.164241
873 0.198102
874 0.1711
875 0.171349
876 0.162309
877 0.187786
878 0.175724
879 0.16118
880 0.170644
881 0.205977
882 0.203561
883 0.17487
884 0.18535
885 0.17935
886 0.216934
887 0.181116
888 0.169956
889 0.141828
890 0.198262
891 0.156129
892 0.161523
893 0.165667
894 0.168786
895 0.168241
896 0.185945
897 0.167034
898 0.149638
899 0.167299
900 0.160928
901 0.169335
902 0.160438
903 0.15098
904 0.161071
905 0.199513
906 0.243981
907 0.173024
908 0.176755
909 0.206486
910 0.211131
911 0.168038
912 0.176628
913 0.169035
914 0.171612
915 0.180227
916 0.198125
917 0.169364
918 0.179061
919 0.188358
920 0.184738
921 0.163582
922 0.180877
923 0.206009
924 0.185667
925 0.166014
926 0.159548
927 0.20193
928 0.176887
929 0.161984
930 0.162495
931 0.17742
932 0.182552
933 0.174953
934 0.176423
935 0.180068
936 0.185462
937 0.169029
938 0.167934
939 0.163896
940 0.17692
941 0.179923
942 0.185836
943 0.175339
944 0.177008
945 0.194343
946 0.17417
947 0.205787
948 0.21336
949 0.196787
950 0.178567
951 0.174055
952 0.194615
953 0.211361
954 0.189616
955 0.160988
956 0.187898
957 0.176798
958 0.181247
959 0.166645
960 0.199507
961 0.162273
962 0.174016
963 0.1898
964 0.177751
965 0.169864
966 0.184995
967 0.162744
968 0.179207
969 0.187824
970 0.164422
971 0.15872
972 0.170807
973 0.178749
974 0.148306
975 0.163873
976 0.191828
977 0.182275
978 0.185934
979 0.18435
980 0.185462
981 0.187007
982 0.185836
983 0.161716
984 0.168121
985 0.195702
986 0.177621
987 0.160752
988 0.168642
989 0.218831
990 0.201929
991 0.173445
992 0.163906
993 0.217905
994 0.206873
995 0.167791
996 0.158163
997 0.195641
998 0.178255
999 0.178596
1000 0.176318
1001 0.17843
1002 0.166963
1003 0.161208
1004 0.164081
1005 0.157268
1006 0.155358
1007 0.165485
1008 0.152937
1009 0.162936
1010 0.163151
1011 0.178166
1012 0.172875
1013 0.19247
1014 0.196885
1015 0.18535
1016 0.187042
1017 0.181361
1018 0.191377
1019 0.180761
1020 0.166734
1021 0.163512
1022 0.178677
1023 0.19128
1024 0.183479
1025 0.167614
1026 0.160998
1027 0.201996
1028 0.186131
1029 0.161369
1030 0.15685
1031 0.199039
1032 0.172545
1033 0.160916
1034 0.175475
1035 0.201476
1036 0.190383
1037 0.204272
1038 0.194797
1039 0.191582
1040 0.168115
1041 0.193902
1042 0.189845
1043 0.172065
1044 0.155658
1045 0.186769
1046 0.18484
1047 0.178518
1048 0.15015
1049 0.178363
1050 0.171407
1051 0.164106
1052 0.158655
1053 0.162636
1054 0.158248
1055 0.147767
1056 0.177789
1057 0.177182
1058 0.169246
1059 0.165842
1060 0.176799
1061 0.186463
1062 0.206358
1063 0.190805
1064 0.184796
1065 0.194172
1066 0.187626
1067 0.193916
1068 0.198302
1069 0.187434
1070 0.1867
1071 0.182672
1072 0.179153
1073 0.166366
1074 0.183598
1075 0.164726
1076 0.159107
1077 0.160109
1078 0.17738
1079 0.182822
1080 0.166273
1081 0.165928
1082 0.172881
1083 0.17103
1084 0.178927
1085 0.177019
1086 0.177313
1087 0.179055
1088 0.212172
1089 0.209098
1090 0.192137
1091 0.18466
1092 0.18025
1093 0.193641
1094 0.18998
1095 0.188234
1096 0.165362
1097 0.198993
1098 0.197706
1099 0.179263
1100 0.16163
1101 0.174389
1102 0.185049
1103 0.16061
1104 0.166669
1105 0.159501
1106 0.171066
1107 0.182605
1108 0.15782
1109 0.172667
1110 0.186105
1111 0.177573
1112 0.175793
1113 0.188613
1114 0.188095
1115 0.176257
1116 0.166277
1117 0.161529
1118 0.161755
1119 0.174497
1120 0.154547
1121 0.161721
1122 0.151107
1123 0.189919
1124 0.171068
1125 0.166771
1126 0.161798
1127 0.200294
1128 0.21298
1129 0.170585
1130 0.187203
1131 0.207552
1132 0.184937
1133 0.189568
1134 0.156337
1135 0.179324
1136 0.181999
1137 0.20312
1138 0.172151
1139 0.16319
1140 0.182539
1141 0.203457
1142 0.184757
1143 0.171732
1144 0.167234
1145 0.18322
1146 0.165999
1147 0.199072
1148 0.181145
1149 0.161002
1150 0.158247
1151 0.170374
1152 0.157386
1153 0.165106
1154 0.172729
1155 0.181511
1156 0.162296
1157 0.166182
1158 0.173626
1159 0.199925
1160 0.165847
1161 0.16535
1162 0.175568
1163 0.193293
1164 0.175718
1165 0.187358
1166 0.203133
1167 0.173178
1168 0.204812
1169 0.193162
1170 0.19192
1171 0.170091
1172 0.188521
1173 0.18417
1174 0.168101
1175 0.156721
1176 0.174345
1177 0.187719
1178 0.158604
1179 0.167023
1180 0.161431
1181 0.179151
1182 0.17981
1183 0.166
1184 0.160213
1185 0.163301
1186 0.180544
1187 0.184858
1188 0.157231
1189 0.152979
1190 0.190713
1191 0.173757
1192 0.154271
1193 0.162854
1194 0.177258
1195 0.160929
1196 0.177919
1197 0.196668
1198 0.149123
1199 0.163731
1200 0.168689
1201 0.171647
1202 0.161144
1203 0.16733
1204 0.172675
1205 0.192059
1206 0.209041
1207 0.190207
1208 0.1864
1209 0.165506
1210 0.165291
1211 0.173127
1212 0.177324
1213 0.163353
1214 0.172673
1215 0.16391
1216 0.168179
1217 0.164099
1218 0.153304
1219 0.186455
1220 0.202496
1221 0.176549
1222 0.148985
1223 0.191588
1224 0.191693
1225 0.177519
1226 0.169598
1227 0.193374
1228 0.184002
1229 0.163973
1230 0.190159
1231 0.191738
1232 0.181902
1233 0.180136
1234 0.171065
1235 0.177292
1236 0.175272
1237 0.183409
1238 0.163557
1239 0.168429
1240 0.190665
1241 0.180526
1242 0.175337
1243 0.189036
1244 0.175044
1245 0.173351
1246 0.198712
1247 0.170676
1248 0.171571
1249 0.160611
1250 0.181061
1251 0.152379
1252 0.177997
1253 0.177166
1254 0.151486
1255 0.142418
1256 0.169883
1257 0.166041
1258 0.152187
1259 0.155911
1260 0.165785
1261 0.164491
1262 0.163082
1263 0.192294
1264 0.173585
1265 0.187072
1266 0.168233
1267 0.186256
1268 0.166175
1269 0.175692
1270 0.164712
1271 0.167218
1272 0.17296
1273 0.143861
1274 0.145836
1275 0.154934
1276 0.170037
1277 0.147017
1278 0.147389
1279 0.147344
1280 0.16104
1281 0.159075
1282 0.172138
1283 0.170507
1284 0.168637
1285 0.17729
1286 0.161924
1287 0.154571
1288 0.164572
1289 0.182909
1290 0.179713
1291 0.166078
1292 0.174654
1293 0.205182
1294 0.172396
1295 0.17773
1296 0.205463
1297 0.18859
1298 0.175084
1299 0.176026
1300 0.160785
1301 0.166595
1302 0.171543
1303 0.154538
1304 0.153153
1305 0.159844
1306 0.160165
1307 0.147795
1308 0.182128
1309 0.191478
1310 0.172116
1311 0.176898
1312 0.18754
1313 0.216212
1314 0.19337
1315 0.184241
1316 0.163788
1317 0.177159
1318 0.188916
1319 0.177778
1320 0.167655
1321 0.1611
1322 0.195125
1323 0.175862
1324 0.17154
1325 0.188868
1326 0.176911
1327 0.161277
1328 0.165245
1329 0.211781
1330 0.182576
1331 0.174208
1332 0.160114
1333 0.173409
1334 0.175389
1335 0.171099
1336 0.167695
1337 0.14821
1338 0.163983
1339 0.146362
1340 0.17495
1341 0.156948
1342 0.165816
1343 0.168983
1344 0.158186
1345 0.164537
1346 0.169305
1347 0.161921
1348 0.154683
1349 0.147913
1350 0.171249
1351 0.155144
1352 0.161435
1353 0.157246
1354 0.176276
1355 0.183025
1356 0.178908
1357 0.178606
1358 0.193943
1359 0.196287
1360 0.185336
1361 0.186963
1362 0.192558
1363 0.16848
1364 0.169704
1365 0.17656
1366 0.175814
1367 0.165648
1368 0.156219
1369 0.159435
1370 0.167958
1371 0.163957
1372 0.173776
1373 0.157306
1374 0.185779
1375 0.200656
1376 0.186627
1377 0.171567
1378 0.174383
1379 0.16121
1380 0.185653
1381 0.205804
1382 0.169485
1383 0.171683
1384 0.211829
1385 0.201176
1386 0.175911
1387 0.157952
1388 0.196586
1389 0.190625
1390 0.178082
1391 0.158696
1392 0.168691
1393 0.175948
1394 0.188944
1395 0.208585
1396 0.186871
1397 0.175478
1398 0.199961
1399 0.176307
1400 0.204952
1401 0.169314
1402 0.199825
1403 0.169736
1404 0.183295
1405 0.165672
1406 0.191767
1407 0.184572
1408 0.178547
1409 0.18898
1410 0.180358
1411 0.186847
1412 0.188529
1413 0.172197
1414 0.169225
1415 0.180734
1416 0.199837
1417 0.172383
1418 0.177596
1419 0.160805
1420 0.185613
1421 0.190279
1422 0.196795
1423 0.172585
1424 0.187719
1425 0.186867
1426 0.188417
1427 0.15497
1428 0.177841
1429 0.1841
1430 0.175281
1431 0.163739
1432 0.167586
1433 0.18216
1434 0.17898
1435 0.188928
1436 0.193345
1437 0.212634
1438 0.203264
1439 0.196511
1440 0.203716
1441 0.191452
1442 0.179156
1443 0.197455
1444 0.190264
1445 0.168169
1446 0.16539
1447 0.175331
1448 0.151873
1449 0.148984
1450 0.161902
1451 0.162835
1452 0.153678
1453 0.161921
1454 0.167901
1455 0.180171
1456 0.15379
1457 0.159403
1458 0.176513
1459 0.153644
1460 0.158123
1461 0.156045
1462 0.152137
1463 0.160858
1464 0.160655
1465 0.173086
1466 0.159115
1467 0.157381
1468 0.165975
1469 0.177068
1470 0.150683
1471 0.156347
1472 0.158123
1473 0.148212
1474 0.159394
1475 0.157212
1476 0.163369
1477 0.17165
1478 0.165606
1479 0.184485
1480 0.163481
1481 0.188478
1482 0.153974
1483 0.175904
1484 0.166313
1485 0.166359
1486 0.172775
1487 0.154436
1488 0.161748
1489 0.175974
1490 0.160924
1491 0.153864
1492 0.151401
1493 0.187877
1494 0.167318
1495 0.17457
1496 0.164381
1497 0.184353
1498 0.182309
1499 0.197472
1500 0.211375
1501 0.18306
1502 0.211623
1503 0.185518
1504 0.174963
1505 0.183862
1506 0.179738
1507 0.156617
1508 0.169347
1509 0.17732
1510 0.16461
1511 0.165385
1512 0.14839
1513 0.191471
1514 0.164277
1515 0.186809
1516 0.165486
1517 0.203665
1518 0.16723
1519 0.176219
1520 0.179191
1521 0.190282
1522 0.184221
1523 0.174152
1524 0.167669
1525 0.169828
1526 0.168327
1527 0.156274
1528 0.158516
1529 0.160593
1530 0.186352
1531 0.195766
1532 0.163807
1533 0.170789
1534 0.198624
1535 0.168944
1536 0.15237
1537 0.15743
1538 0.160348
1539 0.146762
1540 0.162273
1541 0.148678
1542 0.150302
1543 0.158694
1544 0.179795
1545 0.163214
1546 0.154018
1547 0.188527
1548 0.190845
1549 0.19477
1550 0.170709
1551 0.183202
1552 0.17869
1553 0.173914
1554 0.186652
1555 0.161476
1556 0.182707
1557 0.160373
1558 0.162801
1559 0.180346
1560 0.1732
1561 0.191054
1562 0.158256
1563 0.166649
1564 0.167533
1565 0.188358
1566 0.148475
1567 0.165474
1568 0.185651
1569 0.169627
1570 0.164188
1571 0.19309
1572 0.194793
1573 0.169169
1574 0.193016
1575 0.178864
1576 0.158619
1577 0.174118
1578 0.191927
1579 0.137091
1580 0.154384
1581 0.178093
1582 0.179539
1583 0.150996
1584 0.176963
1585 0.186186
1586 0.176025
1587 0.165691
1588 0.188807
1589 0.199657
1590 0.172668
1591 0.171252
1592 0.176856
1593 0.198967
1594 0.184836
1595 0.167411
1596 0.175806
1597 0.191702
1598 0.192418
1599 0.166378
1600 0.182631
1601 0.190614
1602 0.189666
1603 0.166614
1604 0.169145
1605 0.156748
1606 0.18365
1607 0.173881
1608 0.160521
1609 0.154111
1610 0.187508
1611 0.179546
1612 0.175224
1613 0.16248
1614 0.155816
1615 0.171036
1616 0.154828
1617 0.14509
1618 0.160222
1619 0.146653
1620 0.158843
1621 0.172547
1622 0.178391
1623 0.20016
1624 0.198361
1625 0.185966
1626 0.167784
1627 0.19029
1628 0.186179
1629 0.156851
1630 0.157355
1631 0.155018
1632 0.173118
1633 0.160198
1634 0.161354
1635 0.168256
1636 0.159536
1637 0.185973
1638 0.173683
1639 0.169621
1640 0.154835
1641 0.158089
1642 0.182114
1643 0.162961
1644 0.165926
1645 0.17666
1646 0.192576
1647 0.176518
1648 0.186968
1649 0.197444
1650 0.182966
1651 0.167283
1652 0.199994
1653 0.198501
1654 0.173453
1655 0.153539
1656 0.162238
1657 0.172181
1658 0.15682
1659 0.155914
1660 0.161666
1661 0.169833
1662 0.178488
1663 0.162106
1664 0.171928
1665 0.174526
1666 0.163788
1667 0.159978
1668 0.156084
1669 0.165363
1670 0.162844
1671 0.165027
1672 0.182689
1673 0.202331
1674 0.178746
1675 0.16077
1676 0.181196
1677 0.198945
1678 0.169307
1679 0.168282
1680 0.159426
1681 0.211974
1682 0.192998
1683 0.181033
1684 0.187004
1685 0.176288
1686 0.167242
1687 0.166517
1688 0.189187
1689 0.188352
1690 0.160624
1691 0.162119
1692 0.168852
1693 0.188958
1694 0.163774
1695 0.175759
1696 0.16308
1697 0.16451
1698 0.162559
1699 0.17736
1700 0.157159
1701 0.149496
1702 0.151453
1703 0.14795
1704 0.159085
1705 0.164964
1706 0.180224
1707 0.162578
1708 0.16567
1709 0.187863
1710 0.189588
1711 0.16283
1712 0.183571
1713 0.190386
1714 0.18425
1715 0.182822
1716 0.194256
1717 0.161353
1718 0.175505
1719 0.176292
1720 0.186865
1721 0.177485
1722 0.164962
1723 0.178803
1724 0.179034
1725 0.177867
1726 0.17051
1727 0.20382
1728 0.182854
1729 0.175448
1730 0.176205
1731 0.176995
1732 0.168352
1733 0.167072
1734 0.168229
1735 0.18068
1736 0.174109
1737 0.167183
1738 0.154499
1739 0.169821
1740 0.1797
1741 0.195105
1742 0.177424
1743 0.177898
1744 0.187251
1745 0.193374
1746 0.169227
1747 0.17506
1748 0.167612
1749 0.177797
1750 0.161734
1751 0.161193
1752 0.169496
1753 0.155532
1754 0.166637
1755 0.157623
1756 0.147284
1757 0.168953
1758 0.155574
1759 0.154311
1760 0.152684
1761 0.17818
1762 0.182004
1763 0.156523
1764 0.150321
1765 0.190952
1766 0.178907
1767 0.172133
1768 0.160812
1769 0.183595
1770 0.164475
1771 0.165872
1772 0.167151
1773 0.161323
1774 0.155687
1775 0.155089
1776 0.173102
1777 0.155341
1778 0.157817
1779 0.172948
1780 0.181402
1781 0.154009
1782 0.174978
1783 0.169225
1784 0.189279
1785 0.162798
1786 0.172153
1787 0.16174
1788 0.176461
1789 0.161683
1790 0.171746
1791 0.195487
1792 0.198352
1793 0.175083
1794 0.179001
1795 0.185252
1796 0.194381
1797 0.158532
1798 0.180449
1799 0.174123
1800 0.163548
1801 0.161274
1802 0.186671
1803 0.177558
1804 0.177871
1805 0.196517
1806 0.199302
1807 0.174368
1808 0.189821
1809 0.205824
1810 0.194542
1811 0.173492
1812 0.17377
1813 0.182148
1814 0.169726
1815 0.16749
1816 0.14972
1817 0.161855
1818 0.159492
1819 0.179584
1820 0.174377
1821 0.155956
1822 0.169159
1823 0.176746
1824 0.171074
1825 0.161279
1826 0.173839
1827 0.190578
1828 0.187943
1829 0.193358
1830 0.177197
1831 0.177902
1832 0.188368
1833 0.187486
1834 0.162726
1835 0.155697
1836 0.171979
1837 0.194896
1838 0.158646
1839 0.158494
1840 0.175291
1841 0.211797
1842 0.149053
1843 0.175288
1844 0.172904
1845 0.199993
1846 0.163757
1847 0.182381
1848 0.170167
1849 0.199789
1850 0.1853
1851 0.180446
1852 0.181585
1853 0.216702
1854 0.190691
1855 0.192901
1856 0.182758
1857 0.213975
1858 0.200372
1859 0.214339
1860 0.192323
1861 0.187639
1862 0.169557
1863 0.182897
1864 0.179323
1865 0.18325
1866 0.173759
1867 0.191482
1868 0.201031
1869 0.175312
1870 0.186701
1871 0.19942
1872 0.201529
1873 0.156135
1874 0.172057
1875 0.168049
1876 0.155776
1877 0.152224
1878 0.130492
1879 0.14553
1880 0.1541
1881 0.168384
1882 0.172376
1883 0.184698
1884 0.185877
1885 0.195352
1886 0.154837
1887 0.198604
1888 0.195199
1889 0.166787
1890 0.168265
1891 0.179287
1892 0.175137
1893 0.161159
1894 0.168288
1895 0.172152
1896 0.192509
1897 0.168073
1898 0.160451
1899 0.148191
1900 0.192653
1901 0.154938
1902 0.151646
1903 0.167115
1904 0.185318
1905 0.161185
1906 0.158425
1907 0.16825
1908 0.175668
1909 0.166532
1910 0.154728
1911 0.160346
1912 0.170884
1913 0.198527
1914 0.201265
1915 0.156354
1916 0.195877
1917 0.184723
1918 0.168223
1919 0.168013
1920 0.196759
1921 0.164885
1922 0.158676
1923 0.163275
1924 0.156027
1925 0.16487
1926 0.157644
1927 0.151008
1928 0.170494
1929 0.183117
1930 0.181674
1931 0.184813
1932 0.170316
1933 0.176679
1934 0.171981
1935 0.184004
1936 0.160623
1937 0.153975
1938 0.18644
1939 0.171435
1940 0.160816
1941 0.174263
1942 0.169434
1943 0.196583
1944 0.169829
1945 0.173218
1946 0.184831
1947 0.173182
1948 0.17901
1949 0.164087
1950 0.171565
1951 0.173047
1952 0.177017
1953 0.194399
1954 0.201355
1955 0.171576
1956 0.165241
1957 0.179454
1958 0.195698
1959 0.172693
1960 0.168922
1961 0.16199
1962 0.184673
1963 0.190378
1964 0.190695
1965 0.170064
1966 0.17239
1967 0.185879
1968 0.193766
1969 0.188192
1970 0.18365
1971 0.208015
1972 0.202395
1973 0.210446
1974 0.190807
1975 0.213686
1976 0.18088
1977 0.187569
1978 0.186216
1979 0.200819
1980 0.154333
1981 0.138968
1982 0.192844
1983 0.163519
1984 0.1643
1985 0.148855
1986 0.194758
1987 0.207075
1988 0.207889
1989 0.162347
1990 0.17345
1991 0.17137
1992 0.181658
1993 0.177927
1994 0.175159
1995 0.157648
1996 0.176596
1997 0.179872
1998 0.193653
1999 0.191014
2000 0.179396
2001 0.172664
2002 0.155422
2003 0.157168
2004 0.147685
2005 0.147026
2006 0.141714
2007 0.158749
2008 0.148919
2009 0.161419
2010 0.160125
2011 0.178098
2012 0.166877
2013 0.17289
2014 0.183649
2015 0.1798
2016 0.192906
2017 0.167177
2018 0.182887
2019 0.160197
2020 0.185924
2021 0.154711
2022 0.174043
2023 0.165116
2024 0.189558
2025 0.183362
2026 0.171991
2027 0.194544
2028 0.189927
2029 0.185746
2030 0.171022
2031 0.164885
2032 0.169144
2033 0.172853
2034 0.182796
2035 0.170037
2036 0.16812
2037 0.18172
2038 0.167496
2039 0.174398
2040 0.166705
2041 0.182429
2042 0.157002
2043 0.17314
2044 0.155998
2045 0.180603
2046 0.184549
2047 0.197051
2048 0.168834
2049 0.183591
2050 0.162576
2051 0.167123
2052 0.169926
2053 0.192421
2054 0.172645
2055 0.170619
2056 0.163058
2057 0.188341
2058 0.182022
2059 0.1874
2060 0.171394
2061 0.170387
2062 0.160199
2063 0.175018
2064 0.176718
2065 0.165494
2066 0.147001
2067 0.166351
2068 0.166517
2069 0.151449
2070 0.15991
2071 0.147179
2072 0.148603
2073 0.173188
2074 0.156576
2075 0.152015
2076 0.156191
2077 0.184706
2078 0.157594
2079 0.176302
2080 0.187964
2081 0.188107
2082 0.16223
2083 0.194141
2084 0.168429
2085 0.188936
2086 0.17506
2087 0.172251
2088 0.168082
2089 0.1966
2090 0.190143
2091 0.187319
2092 0.187735
2093 0.183721
2094 0.211917
2095 0.204998
2096 0.205963
2097 0.188332
2098 0.191477
2099 0
