0 -0.74606
1 -0.0736379
2 0.10127
3 0.136863
4 0.155255
5 0.161278
6 0.168344
7 0.172193
8 0.168587
9 0.17155
10 0.178644
11 0.187369
12 0.172136
13 0.17793
14 0.185056
15 0.175624
16 0.18936
17 0.168454
18 0.183873
19 0.168603
20 0.175989
21 0.184895
22 0.178687
23 0.17272
24 0.177782
25 0.178997
26 0.18541
27 0.182574
28 0.177849
29 0.175687
30 0.172534
31 0.183308
32 0.177748
33 0.170241
34 0.171214
35 0.169604
36 0.18019
37 0.189735
38 0.172862
39 0.173665
40 0.185109
41 0.19104
42 0.185617
43 0.190396
44 0.184215
45 0.185871
46 0.184777
47 0.186493
48 0.170887
49 0.168332
50 0.189863
51 0.173239
52 0.177261
53 0.184505
54 0.167422
55 0.18128
56 0.178916
57 0.174633
58 0.180106
59 0.16729
60 0.164672
61 0.164354
62 0.184324
63 0.169133
64 0.178282
65 0.175547
66 0.170748
67 0.172213
68 0.175792
69 0.191179
70 0.175637
71 0.17017
72 0.180663
73 0.182424
74 0.175436
75 0.167819
76 0.167322
77 0.171035
78 0.178099
79 0.16728
80 0.178159
81 0.185857
82 0.177715
83 0.187205
84 0.174053
85 0.184194
86 0.174908
87 0.173389
88 0.172207
89 0.16386
90 0.177432
91 0.173717
92 0.178655
93 0.169854
94 0.167134
95 0.179682
96 0.173744
97 0.169893
98 0.167533
99 0.179567
100 0.168409
101 0.165759
102 0.173009
103 0.189194
104 0.172097
105 0.165122
106 0.183219
107 0.177801
108 0.166803
109 0.168817
110 0.172139
111 0.175018
112 0.166118
113 0.170984
114 0.1688
115 0.182575
116 0.188687
117 0.18802
118 0.178786
119 0.169607
120 0.18393
121 0.171231
122 0.185904
123 0.177154
124 0.175048
125 0.176091
126 0.180844
127 0.178024
128 0.18542
129 0.183798
130 0.176714
131 0.17705
132 0.17473
133 0.174095
134 0.181908
135 0.173581
136 0.16869
137 0.185879
138 0.192256
139 0.180866
140 0.180437
141 0.186853
142 0.183502
143 0.168272
144 0.174636
145 0.169257
146 0.166577
147 0.186316
148 0.178759
149 0.181999
150 0.169693
151 0.177209
152 0.178134
153 0.183279
154 0.171647
155 0.176931
156 0.179023
157 0.177861
158 0.182205
159 0.187783
160 0.178942
161 0.167569
162 0.171499
163 0.168604
164 0.178852
165 0.184855
166 0.19064
167 0.186662
168 0.177561
169 0.171925
170 0.182033
171 0.186516
172 0.1729
173 0.176649
174 0.176683
175 0.170735
176 0.187205
177 0.168662
178 0.185167
179 0.184935
180 0.191846
181 0.177712
182 0.170172
183 0.188313
184 0.168323
185 0.18275
186 0.167848
187 0.180156
188 0.188428
189 0.179257
190 0.176868
191 0.189643
192 0.180828
193 0.186518
194 0.18393
195 0.175993
196 0.184388
197 0.168673
198 0.170119
199 0.166326
200 0.165682
201 0.181519
202 0.184631
203 0.181871
204 0.177897
205 0.184324
206 0.173768
207 0.166758
208 0.166291
209 0.185227
210 0.193321
211 0.167186
212 0.186076
213 0.182446
214 0.174225
215 0.173726
216 0.189695
217 0.169835
218 0.179634
219 0.187733
220 0.167904
221 0.186544
222 0.184062
223 0.168129
224 0.186825
225 0.179494
226 0.176051
227 0.183795
228 0.177915
229 0.165549
230 0.183909
231 0.190138
232 0.169534
233 0.180266
234 0.180807
235 0.185764
236 0.183703
237 0.192238
238 0.172215
239 0.180364
240 0.190926
241 0.175684
242 0.176672
243 0.168738
244 0.170445
245 0.174638
246 0.166777
247 0.188169
248 0.184609
249 0.16751
250 0.186094
251 0.176941
252 0.189225
253 0.174762
254 0.17627
255 0.171787
256 0.172373
257 0.17947
258 0.179356
259 0.175057
260 0.181932
261 0.187276
262 0.179956
263 0.169164
264 0.174939
265 0.181052
266 0.168066
267 0.186045
268 0.193754
269 0.171546
270 0.182721
271 0.181499
272 0.171562
273 0.173857
274 0.183027
275 0.185668
276 0.190723
277 0.178242
278 0.16372
279 0.189829
280 0.168967
281 0.183673
282 0.190902
283 0.167211
284 0.189913
285 0.168666
286 0.1842
287 0.177994
288 0.184873
289 0.184869
290 0.175285
291 0.188308
292 0.189865
293 0.187975
294 0.173402
295 0.183768
296 0.17584
297 0.183103
298 0.173991
299 0.175677
300 0.189566
301 0.179847
302 0.183243
303 0.178395
304 0.177018
305 0.165503
306 0.179103
307 0.188355
308 0.177531
309 0.179887
310 0.188558
311 0.192268
312 0.179014
313 0.166703
314 0.168457
315 0.169226
316 0.18074
317 0.181475
318 0.191949
319 0.171046
320 0.183186
321 0.179569
322 0.173235
323 0.190708
324 0.172696
325 0.181414
326 0.17862
327 0.180633
328 0.181996
329 0.18123
330 0.174203
331 0.179792
332 0.178031
333 0.177428
334 0.171469
335 0.179247
336 0.165993
337 0.177425
338 0.184892
339 0.1741
340 0.173982
341 0.172726
342 0.179304
343 0.181721
344 0.181283
345 0.170923
346 0.168634
347 0.171206
348 0.188582
349 0.174203
350 0.185604
351 0.172602
352 0.179401
353 0.192383
354 0.168281
355 0.188647
356 0.168312
357 0.174827
358 0.18315
359 0.190846
360 0.17876
361 0.180039
362 0.186735
363 0.171399
364 0.171957
365 0.182534
366 0.168806
367 0.177091
368 0.167165
369 0.18029
370 0.188128
371 0.170252
372 0.179344
373 0.168205
374 0.165915
375 0.170759
376 0.178986
377 0.176963
378 0.180273
379 0.186609
380 0.189432
381 0.184141
382 0.182605
383 0.176617
384 0.165616
385 0.174244
386 0.180869
387 0.169637
388 0.17489
389 0.172873
390 0.186712
391 0.184823
392 0.172216
393 0.169228
394 0.179412
395 0.182139
396 0.176441
397 0.166337
398 0.175861
399 0.178399
400 0.182631
401 0.175204
402 0.183713
403 0.187242
404 0.172681
405 0.180195
406 0.186734
407 0.168239
408 0.185868
409 0.185533
410 0.189695
411 0.179824
412 0.179042
413 0.187786
414 0.18432
415 0.182619
416 0.187082
417 0.173727
418 0.188454
419 0.184113
420 0.190973
421 0.174822
422 0.164639
423 0.18387
424 0.167911
425 0.168312
426 0.177987
427 0.166977
428 0.18708
429 0.17704
430 0.190896
431 0.174944
432 0.167659
433 0.172426
434 0.187907
435 0.189547
436 0.171338
437 0.188393
438 0.188644
439 0.172917
440 0.17595
441 0.183696
442 0.188323
443 0.183649
444 0.187014
445 0.18769
446 0.178141
447 0.171992
448 0.170361
449 0.182226
450 0.170305
451 0.176446
452 0.182183
453 0.18588
454 0.168381
455 0.16776
456 0.168701
457 0.17462
458 0.171274
459 0.179839
460 0.18984
461 0.187568
462 0.167648
463 0.183236
464 0.190848
465 0.178875
466 0.188869
467 0.192978
468 0.178793
469 0.178605
470 0.183634
471 0.17088
472 0.184118
473 0.172604
474 0.187596
475 0.186303
476 0.190349
477 0.187979
478 0.180641
479 0.193507
480 0.167697
481 0.180527
482 0.188213
483 0.187482
484 0.183709
485 0.170375
486 0.184487
487 0.186358
488 0.187546
489 0.173782
490 0.166639
491 0.186229
492 0.182406
493 0.166262
494 0.182686
495 0.169603
496 0.181154
497 0.179427
498 0.169976
499 0.172755
500 0.169405
501 0.179477
502 0.180435
503 0.183578
504 0.166908
505 0.186168
506 0.192128
507 0.187068
508 0.170324
509 0.17544
510 0.169204
511 0.169401
512 0.187836
513 0.176025
514 0.187754
515 0.17985
516 0.188245
517 0.18578
518 0.180492
519 0.181833
520 0.188736
521 0.174999
522 0.174695
523 0.173604
524 0.187264
525 0.171723
526 0.174466
527 0.188011
528 0.181166
529 0.18173
530 0.177834
531 0.183296
532 0.188889
533 0.191319
534 0.186991
535 0.179199
536 0.171979
537 0.180321
538 0.183155
539 0.174394
540 0.189062
541 0.185558
542 0.18002
543 0.171198
544 0.184589
545 0.191625
546 0.172006
547 0.16744
548 0.178341
549 0.181936
550 0.18487
551 0.178236
552 0.172626
553 0.175913
554 0.175319
555 0.188039
556 0.18305
557 0.17167
558 0.183684
559 0.190946
560 0.184751
561 0.17854
562 0.166504
563 0.17946
564 0.181947
565 0.181268
566 0.172627
567 0.180373
568 0.174716
569 0.171801
570 0.184503
571 0.186176
572 0.171266
573 0.173211
574 0.174924
575 0.164135
576 0.177231
577 0.186852
578 0.189614
579 0.172099
580 0.175005
581 0.179142
582 0.1683
583 0.176908
584 0.179637
585 0.189455
586 0.191448
587 0.191319
588 0.18927
589 0.173553
590 0.183962
591 0.173823
592 0.191007
593 0.169118
594 0.18902
595 0.178267
596 0.168724
597 0.18636
598 0.17363
599 0.184295
600 0.182642
601 0.174233
602 0.178456
603 0.186828
604 0.175007
605 0.183246
606 0.174453
607 0.179299
608 0.165969
609 0.18535
610 0.17736
611 0.164696
612 0.186183
613 0.167693
614 0.169776
615 0.175555
616 0.176893
617 0.169256
618 0.168094
619 0.180027
620 0.172007
621 0.171215
622 0.165804
623 0.174827
624 0.175474
625 0.182944
626 0.175863
627 0.190291
628 0.179338
629 0.170528
630 0.170087
631 0.186527
632 0.181064
633 0.173375
634 0.183122
635 0.181743
636 0.17122
637 0.168684
638 0.187746
639 0.173856
640 0.181104
641 0.175314
642 0.172699
643 0.188236
644 0.189637
645 0.18393
646 0.184807
647 0.179892
648 0.187469
649 0.171064
650 0.174363
651 0.171042
652 0.184538
653 0.184441
654 0.185646
655 0.183732
656 0.168516
657 0.177068
658 0.184724
659 0.175231
660 0.180349
661 0.167855
662 0.174084
663 0.172493
664 0.169165
665 0.172239
666 0.183728
667 0.171632
668 0.181541
669 0.184123
670 0.177199
671 0.167086
672 0.170443
673 0.166933
674 0.183019
675 0.176228
676 0.169783
677 0.185962
678 0.192608
679 0.168227
680 0.178163
681 0.182864
682 0.178758
683 0.192238
684 0.174037
685 0.168567
686 0.170713
687 0.180285
688 0.174135
689 0.173993
690 0.171988
691 0.167454
692 0.164871
693 0.179304
694 0.1772
695 0.168838
696 0.171026
697 0.173402
698 0.184955
699 0.178005
700 0.176473
701 0.177381
702 0.179728
703 0.184391
704 0.181152
705 0.17875
706 0.1833
707 0.190807
708 0.181149
709 0.17717
710 0.167642
711 0.166648
712 0.188403
713 0.167985
714 0.179659
715 0.168851
716 0.177691
717 0.189206
718 0.191765
719 0.181698
720 0.189058
721 0.181135
722 0.171557
723 0.171842
724 0.168241
725 0.184653
726 0.191689
727 0.173915
728 0.174881
729 0.189594
730 0.181008
731 0.168393
732 0.176226
733 0.165385
734 0.183992
735 0.174216
736 0.187602
737 0.183016
738 0.175111
739 0.181426
740 0.184358
741 0.178207
742 0.165478
743 0.18295
744 0.167556
745 0.171442
746 0.184723
747 0.170353
748 0.164429
749 0.16887
750 0.183939
751 0.167746
752 0.169213
753 0.184029
754 0.165745
755 0.182102
756 0.179088
757 0.166478
758 0.168932
759 0.179506
760 0.190061
761 0.178769
762 0.190191
763 0.181645
764 0.181113
765 0.167781
766 0.169883
767 0.176395
768 0.164234
769 0.178369
770 0.189602
771 0.185216
772 0.185189
773 0.173536
774 0.167255
775 0.162447
776 0.184691
777 0.176295
778 0.167539
779 0.165166
780 0.167262
781 0.184012
782 0.191435
783 0.170516
784 0.185314
785 0.176003
786 0.169908
787 0.173805
788 0.175214
789 0.181578
790 0.173427
791 0.171447
792 0.185381
793 0.183507
794 0.185996
795 0.175682
796 0.179881
797 0.169862
798 0.174048
799 0.172676
800 0.170071
801 0.167373
802 0.181479
803 0.176793
804 0.1669
805 0.167944
806 0.17413
807 0.166445
808 0.183147
809 0.173511
810 0.178224
811 0.175273
812 0.177405
813 0.188528
814 0.170949
815 0.17082
816 0.177852
817 0.174282
818 0.188266
819 0.19223
820 0.175768
821 0.176338
822 0.173073
823 0.171411
824 0.178341
825 0.169971
826 0.168698
827 0.170106
828 0.164719
829 0.186303
830 0.176711
831 0.178733
832 0.175167
833 0.164625
834 0.186088
835 0.177628
836 0.169083
837 0.169522
838 0.171666
839 0.186652
840 0.176413
841 0.172733
842 0.180608
843 0.172069
844 0.170029
845 0.18471
846 0.179929
847 0.172769
848 0.178052
849 0.174008
850 0.179133
851 0.172961
852 0.166374
853 0.164185
854 0.181043
855 0.183105
856 0.177536
857 0.186769
858 0.174956
859 0.183343
860 0.171729
861 0.174986
862 0.170006
863 0.182499
864 0.175931
865 0.165172
866 0.185007
867 0.180033
868 0.189882
869 0.180985
870 0.175235
871 0.175681
872 0.182054
873 0.177689
874 0.174712
875 0.173182
876 0.170524
877 0.179914
878 0.180291
879 0.170196
880 0.183787
881 0.187724
882 0.179525
883 0.178071
884 0.169695
885 0.175039
886 0.179219
887 0.172933
888 0.17124
889 0.185471
890 0.179356
891 0.174592
892 0.18069
893 0.182715
894 0.178158
895 0.185167
896 0.178908
897 0.183604
898 0.167398
899 0.178822
900 0.169779
901 0.183437
902 0.168433
903 0.169452
904 0.178118
905 0.18941
906 0.189478
907 0.180774
908 0.184934
909 0.182295
910 0.190466
911 0.177764
912 0.184672
913 0.194052
914 0.167848
915 0.188885
916 0.171761
917 0.18006
918 0.180453
919 0.174361
920 0.190603
921 0.171019
922 0.179529
923 0.167125
924 0.168575
925 0.179788
926 0.171031
927 0.182262
928 0.174965
929 0.18626
930 0.172692
931 0.181335
932 0.16996
933 0.168281
934 0.181413
935 0.177098
936 0.171608
937 0.176261
938 0.165095
939 0.183378
940 0.167945
941 0.170811
942 0.183704
943 0.173714
944 0.16569
945 0.174494
946 0.172496
947 0.177082
948 0.16753
949 0.164535
950 0.179727
951 0.187812
952 0.173752
953 0.167773
954 0.188942
955 0.167725
956 0.175372
957 0.172315
958 0.16416
959 0.180363
960 0.181351
961 0.179203
962 0.1859
963 0.182884
964 0.174767
965 0.173182
966 0.16797
967 0.186957
968 0.192283
969 0.184791
970 0.174787
971 0.185809
972 0.18926
973 0.178398
974 0.167342
975 0.165501
976 0.177649
977 0.184541
978 0.177063
979 0.185439
980 0.171941
981 0.178803
982 0.179835
983 0.175003
984 0.183852
985 0.179545
986 0.180812
987 0.176903
988 0.173045
989 0.170952
990 0.170842
991 0.186736
992 0.16804
993 0.174328
994 0.164456
995 0.178331
996 0.185712
997 0.184738
998 0.17227
999 0.164393
1000 0.185103
1001 0.186611
1002 0.186408
1003 0.183303
1004 0.166869
1005 0.189956
1006 0.171549
1007 0.184133
1008 0.178365
1009 0.17453
1010 0.172926
1011 0.180889
1012 0.164864
1013 0.187526
1014 0.175377
1015 0.178088
1016 0.183852
1017 0.17592
1018 0.184911
1019 0.177283
1020 0.178076
1021 0.169858
1022 0.182251
1023 0.171398
1024 0.170449
1025 0.169418
1026 0.172815
1027 0.168905
1028 0.183289
1029 0.171489
1030 0.177828
1031 0.1662
1032 0.172389
1033 0.176737
1034 0.174724
1035 0.170104
1036 0.163012
1037 0.185567
1038 0.182474
1039 0.189222
1040 0.179572
1041 0.179403
1042 0.177784
1043 0.166509
1044 0.185245
1045 0.182547
1046 0.170774
1047 0.166625
1048 0.177246
1049 0.186147
1050 0.184359
1051 0.181109
1052 0.172667
1053 0.169415
1054 0.187147
1055 0.185763
1056 0.189517
1057 0.185048
1058 0.190467
1059 0.168292
1060 0.176378
1061 0.173376
1062 0.17002
1063 0.186921
1064 0.180847
1065 0.170446
1066 0.180966
1067 0.173817
1068 0.166878
1069 0.184425
1070 0.175898
1071 0.178601
1072 0.190275
1073 0.172176
1074 0.190633
1075 0.172747
1076 0.173343
1077 0.179444
1078 0.18102
1079 0.18957
1080 0.17514
1081 0.169169
1082 0.184551
1083 0.176516
1084 0.181621
1085 0.181226
1086 0.190706
1087 0.182382
1088 0.166031
1089 0.177081
1090 0.18464
1091 0.18318
1092 0.176385
1093 0.166763
1094 0.186247
1095 0.170243
1096 0.173995
1097 0.173886
1098 0.186846
1099 0.177072
1100 0.190708
1101 0.170041
1102 0.168292
1103 0.185436
1104 0.184713
1105 0.171009
1106 0.176549
1107 0.180085
1108 0.183475
1109 0.183891
1110 0.193861
1111 0.168091
1112 0.177879
1113 0.175009
1114 0.178662
1115 0.175871
1116 0.164108
1117 0.182869
1118 0.180397
1119 0.173077
1120 0.166773
1121 0.161869
1122 0.188147
1123 0.169699
1124 0.177877
1125 0.189503
1126 0.182281
1127 0.190296
1128 0.180767
1129 0.178149
1130 0.188882
1131 0.178158
1132 0.184354
1133 0.174598
1134 0.181501
1135 0.175198
1136 0.169709
1137 0.188622
1138 0.170661
1139 0.186916
1140 0.190718
1141 0.18126
1142 0.18358
1143 0.186434
1144 0.177654
1145 0.169133
1146 0.189592
1147 0.176402
1148 0.189264
1149 0.167556
1150 0.17745
1151 0.189564
1152 0.180537
1153 0.19124
1154 0.17717
1155 0.172785
1156 0.189704
1157 0.176863
1158 0.175444
1159 0.172624
1160 0.185711
1161 0.180222
1162 0.175913
1163 0.178579
1164 0.184809
1165 0.180592
1166 0.16569
1167 0.182827
1168 0.171019
1169 0.179959
1170 0.169965
1171 0.175405
1172 0.17774
1173 0.189603
1174 0.177014
1175 0.182896
1176 0.185855
1177 0.182835
1178 0.171886
1179 0.174613
1180 0.16875
1181 0.180166
1182 0.173888
1183 0.170408
1184 0.176291
1185 0.178765
1186 0.180029
1187 0.173342
1188 0.168698
1189 0.189506
1190 0.175564
1191 0.178082
1192 0.191815
1193 0.175494
1194 0.164432
1195 0.180262
1196 0.177027
1197 0.181979
1198 0.191752
1199 0.178823
1200 0.18301
1201 0.190649
1202 0.179239
1203 0.167954
1204 0.177605
1205 0.174477
1206 0.1766
1207 0.164472
1208 0.182542
1209 0.184543
1210 0.167811
1211 0.169479
1212 0.17303
1213 0.166851
1214 0.186101
1215 0.16717
1216 0.177616
1217 0.166076
1218 0.183321
1219 0.180898
1220 0.183205
1221 0.177387
1222 0.188609
1223 0.182199
1224 0.176892
1225 0.170285
1226 0.166413
1227 0.178458
1228 0.180173
1229 0.178301
1230 0.180709
1231 0.167335
1232 0.17297
1233 0.1838
1234 0.167578
1235 0.187347
1236 0.189925
1237 0.190596
1238 0.190869
1239 0.18393
1240 0.189045
1241 0.171984
1242 0.170681
1243 0.186619
1244 0.16777
1245 0.173178
1246 0.164126
1247 0.186957
1248 0.189421
1249 0.169087
1250 0.167981
1251 0.166701
1252 0.176264
1253 0.187607
1254 0.176118
1255 0.18739
1256 0.177812
1257 0.188843
1258 0.184533
1259 0.169526
1260 0.1653
1261 0.174135
1262 0.180717
1263 0.164304
1264 0.18776
1265 0.180458
1266 0.185476
1267 0.184597
1268 0.181206
1269 0.169196
1270 0.167651
1271 0.174979
1272 0.182577
1273 0.182593
1274 0.19343
1275 0.167789
1276 0.177654
1277 0.187405
1278 0.187432
1279 0.184758
1280 0.187377
1281 0.174939
1282 0.178093
1283 0.167584
1284 0.187787
1285 0.167481
1286 0.182244
1287 0.177204
1288 0.189677
1289 0.177335
1290 0.178765
1291 0.181675
1292 0.170219
1293 0.182925
1294 0.170216
1295 0.175016
1296 0.176735
1297 0.189868
1298 0.178958
1299 0.182055
1300 0.181183
1301 0.165718
1302 0.187752
1303 0.172447
1304 0.177259
1305 0.188974
1306 0.179625
1307 0.173122
1308 0.174603
1309 0.166505
1310 0.164409
1311 0.164106
1312 0.181858
1313 0.173087
1314 0.168639
1315 0.183163
1316 0.181572
1317 0.177123
1318 0.16741
1319 0.188601
1320 0.169387
1321 0.166814
1322 0.169376
1323 0.174714
1324 0.178917
1325 0.177015
1326 0.168263
1327 0.180208
1328 0.172867
1329 0.179052
1330 0.174733
1331 0.182943
1332 0.173061
1333 0.163842
1334 0.176791
1335 0.180036
1336 0.192784
1337 0.171307
1338 0.164738
1339 0.168834
1340 0.179349
1341 0.17467
1342 0.185969
1343 0.192959
1344 0.173916
1345 0.166946
1346 0.187339
1347 0.184289
1348 0.170676
1349 0.185544
1350 0.167399
1351 0.179987
1352 0.1773
1353 0.175631
1354 0.181404
1355 0.178799
1356 0.181314
1357 0.186913
1358 0.172982
1359 0.186243
1360 0.174545
1361 0.168053
1362 0.171844
1363 0.166094
1364 0.183013
1365 0.168463
1366 0.187201
1367 0.169471
1368 0.172457
1369 0.186977
1370 0.178457
1371 0.182538
1372 0.18612
1373 0.179918
1374 0.178583
1375 0.180692
1376 0.184662
1377 0.169872
1378 0.179589
1379 0.175139
1380 0.164988
1381 0.178833
1382 0.187092
1383 0.187351
1384 0.177478
1385 0.190664
1386 0.180043
1387 0.172221
1388 0.190177
1389 0.175805
1390 0.188801
1391 0.188756
1392 0.182042
1393 0.182798
1394 0.165556
1395 0.180606
1396 0.188068
1397 0.180639
1398 0.185345
1399 0.179071
1400 0.171936
1401 0.176842
1402 0.179094
1403 0.165089
1404 0.185833
1405 0.190836
1406 0.173464
1407 0.173951
1408 0.186614
1409 0.182646
1410 0.178546
1411 0.173255
1412 0.185749
1413 0.170932
1414 0.187794
1415 0.175609
1416 0.175116
1417 0.177804
1418 0.17676
1419 0.165917
1420 0.174988
1421 0.186694
1422 0.174124
1423 0.1736
1424 0.187115
1425 0.17191
1426 0.178641
1427 0.169977
1428 0.174864
1429 0.181579
1430 0.17229
1431 0.168638
1432 0.167398
1433 0.188781
1434 0.169647
1435 0.187961
1436 0.18594
1437 0.166484
1438 0.17391
1439 0.174519
1440 0.179961
1441 0.177969
1442 0.16967
1443 0.175437
1444 0.188917
1445 0.173011
1446 0.171445
1447 0.187395
1448 0.189685
1449 0.188199
1450 0.17956
1451 0.191977
1452 0.171789
1453 0.188386
1454 0.178778
1455 0.177771
1456 0.176097
1457 0.166067
1458 0.18815
1459 0.169291
1460 0.170072
1461 0.187337
1462 0.180551
1463 0.185763
1464 0.17765
1465 0.186707
1466 0.184515
1467 0.179382
1468 0.188064
1469 0.173897
1470 0.180904
1471 0.184987
1472 0.170098
1473 0.170063
1474 0.187742
1475 0.182735
1476 0.172243
1477 0.187424
1478 0.186597
1479 0.187561
1480 0.19017
1481 0.186951
1482 0.181059
1483 0.182493
1484 0.182417
1485 0.180039
1486 0.186767
1487 0.178736
1488 0.166224
1489 0.180755
1490 0.190668
1491 0.170652
1492 0.16918
1493 0.164987
1494 0.186518
1495 0.171886
1496 0.181124
1497 0.173245
1498 0.181269
1499 0.172247
1500 0.18211
1501 0.175216
1502 0.176173
1503 0.172489
1504 0.177929
1505 0.183071
1506 0.178076
1507 0.173883
1508 0.170253
1509 0.177033
1510 0.182019
1511 0.17351
1512 0.172711
1513 0.183146
1514 0.188278
1515 0.1897
1516 0.183279
1517 0.175648
1518 0.185587
1519 0.175125
1520 0.177091
1521 0.17692
1522 0.166932
1523 0.164028
1524 0.170627
1525 0.178475
1526 0.168045
1527 0.172186
1528 0.176711
1529 0.174021
1530 0.177845
1531 0.189957
1532 0.17661
1533 0.186965
1534 0.181787
1535 0.178925
1536 0.184377
1537 0.172335
1538 0.171494
1539 0.165498
1540 0.180251
1541 0.186667
1542 0.179849
1543 0.169959
1544 0.168711
1545 0.165835
1546 0.177581
1547 0.171073
1548 0.184707
1549 0.178262
1550 0.190102
1551 0.171036
1552 0.170055
1553 0.171579
1554 0.184625
1555 0.19198
1556 0.172613
1557 0.188119
1558 0.181808
1559 0.183931
1560 0.171053
1561 0.172506
1562 0.169865
1563 0.183704
1564 0.186361
1565 0.185018
1566 0.176952
1567 0.183486
1568 0.177849
1569 0.166265
1570 0.186464
1571 0.178177
1572 0.171235
1573 0.169115
1574 0.170793
1575 0.17457
1576 0.186379
1577 0.181973
1578 0.169784
1579 0.174544
1580 0.184738
1581 0.183503
1582 0.175599
1583 0.16339
1584 0.186797
1585 0.188719
1586 0.172253
1587 0.167742
1588 0.16667
1589 0.178321
1590 0.170909
1591 0.186043
1592 0.189025
1593 0.18143
1594 0.191141
1595 0.172249
1596 0.180454
1597 0.17864
1598 0.188249
1599 0.176666
1600 0.164288
1601 0.179395
1602 0.17779
1603 0.173997
1604 0.18244
1605 0.178632
1606 0.182758
1607 0.180566
1608 0.191081
1609 0.181606
1610 0.189182
1611 0.181928
1612 0.187216
1613 0.171031
1614 0.181974
1615 0.191029
1616 0.187062
1617 0.170187
1618 0.187418
1619 0.184348
1620 0.173769
1621 0.165981
1622 0.167133
1623 0.166374
1624 0.179483
1625 0.188026
1626 0.191284
1627 0.173916
1628 0.185582
1629 0.170032
1630 0.185683
1631 0.186512
1632 0.174673
1633 0.178403
1634 0.188842
1635 0.170946
1636 0.172733
1637 0.188193
1638 0.180793
1639 0.189309
1640 0.177767
1641 0.186964
1642 0.17379
1643 0.176316
1644 0.167954
1645 0.187166
1646 0.168088
1647 0.182587
1648 0.174057
1649 0.16967
1650 0.164573
1651 0.181136
1652 0.169231
1653 0.183679
1654 0.17834
1655 0.170148
1656 0.166469
1657 0.17116
1658 0.16548
1659 0.169616
1660 0.166332
1661 0.166247
1662 0.169875
1663 0.180747
1664 0.173846
1665 0.172399
1666 0.1764
1667 0.177915
1668 0.172473
1669 0.180685
1670 0.166282
1671 0.188369
1672 0.17562
1673 0.186785
1674 0.174228
1675 0.187228
1676 0.187999
1677 0.166303
1678 0.184726
1679 0.178505
1680 0.176798
1681 0.172008
1682 0.184851
1683 0.171776
1684 0.187404
1685 0.180187
1686 0.179925
1687 0.176201
1688 0.166503
1689 0.175143
1690 0.184477
1691 0.178221
1692 0.185829
1693 0.173566
1694 0.174453
1695 0.184252
1696 0.18643
1697 0.187062
1698 0.169483
1699 0.175145
1700 0.182877
1701 0.17319
1702 0.173032
1703 0.175696
1704 0.174959
1705 0.187781
1706 0.175449
1707 0.18733
1708 0.168781
1709 0.179888
1710 0.17572
1711 0.185887
1712 0.170346
1713 0.17017
1714 0.189675
1715 0.166392
1716 0.182731
1717 0.19114
1718 0.179543
1719 0.175146
1720 0.165118
1721 0.185416
1722 0.177944
1723 0.180109
1724 0.182102
1725 0.187934
1726 0.171523
1727 0.170029
1728 0.176175
1729 0.190433
1730 0.169221
1731 0.170069
1732 0.186584
1733 0.185554
1734 0.187234
1735 0.167847
1736 0.176441
1737 0.173265
1738 0.174432
1739 0.170924
1740 0.182029
1741 0.180644
1742 0.186255
1743 0.173315
1744 0.190669
1745 0.169563
1746 0.169846
1747 0.187903
1748 0.172358
1749 0.172379
1750 0.172389
1751 0.18904
1752 0.176681
1753 0.188786
1754 0.17062
1755 0.178102
1756 0.182928
1757 0.183522
1758 0.186938
1759 0.171314
1760 0.182238
1761 0.172337
1762 0.172463
1763 0.164238
1764 0.183092
1765 0.185316
1766 0.185876
1767 0.181629
1768 0.176186
1769 0.16731
1770 0.188364
1771 0.186067
1772 0.165933
1773 0.17959
1774 0.183105
1775 0.1901
1776 0.192214
1777 0.172274
1778 0.188357
1779 0.193032
1780 0.181549
1781 0.189613
1782 0.177553
1783 0.173361
1784 0.183878
1785 0.17336
1786 0.176584
1787 0.16806
1788 0.174984
1789 0.189694
1790 0.184773
1791 0.16928
1792 0.184546
1793 0.169283
1794 0.173201
1795 0.177679
1796 0.1811
1797 0.171382
1798 0.166178
1799 0.173034
1800 0.184333
1801 0.181338
1802 0.167908
1803 0.174515
1804 0.180973
1805 0.169238
1806 0.18276
1807 0.177265
1808 0.164502
1809 0.183052
1810 0.176307
1811 0.18181
1812 0.188871
1813 0.173847
1814 0.178315
1815 0.18013
1816 0.180824
1817 0.186844
1818 0.170783
1819 0.182398
1820 0.181411
1821 0.184467
1822 0.168711
1823 0.171832
1824 0.18652
1825 0.172986
1826 0.18942
1827 0.17984
1828 0.183389
1829 0.169739
1830 0.176957
1831 0.175244
1832 0.165786
1833 0.167098
1834 0.177291
1835 0.178342
1836 0.164329
1837 0.187299
1838 0.176642
1839 0.187139
1840 0.190737
1841 0.175273
1842 0.174789
1843 0.176112
1844 0.174437
1845 0.184079
1846 0.178494
1847 0.185301
1848 0.188498
1849 0.173238
1850 0.166559
1851 0.173955
1852 0.190723
1853 0.174897
1854 0.170704
1855 0.180088
1856 0.168594
1857 0.187237
1858 0.181582
1859 0.175606
1860 0.167782
1861 0.17731
1862 0.17114
1863 0.172572
1864 0.183951
1865 0.181291
1866 0.173406
1867 0.181106
1868 0.182478
1869 0.191223
1870 0.181919
1871 0.181182
1872 0.188308
1873 0.177203
1874 0.165432
1875 0.179278
1876 0.191323
1877 0.177265
1878 0.182969
1879 0.187123
1880 0.172972
1881 0.171118
1882 0.183542
1883 0.182682
1884 0.175621
1885 0.177486
1886 0.170315
1887 0.181389
1888 0.192863
1889 0.17185
1890 0.16721
1891 0.179625
1892 0.180192
1893 0.186915
1894 0.182746
1895 0.177299
1896 0.183284
1897 0.172382
1898 0.17412
1899 0.180475
1900 0.168064
1901 0.170062
1902 0.176179
1903 0.180788
1904 0.178295
1905 0.17526
1906 0.171817
1907 0.180215
1908 0.167299
1909 0.171051
1910 0.164712
1911 0.185893
1912 0.178454
1913 0.177174
1914 0.170949
1915 0.174769
1916 0.187388
1917 0.185212
1918 0.170362
1919 0.173518
1920 0.18263
1921 0.170988
1922 0.173193
1923 0.179481
1924 0.1826
1925 0.177953
1926 0.187126
1927 0.178134
1928 0.180921
1929 0.178874
1930 0.171888
1931 0.181384
1932 0.173326
1933 0.167899
1934 0.179264
1935 0.173048
1936 0.183806
1937 0.180947
1938 0.190086
1939 0.180861
1940 0.179701
1941 0.183849
1942 0.170108
1943 0.179305
1944 0.168738
1945 0.163327
1946 0.183324
1947 0.183326
1948 0.183075
1949 0.175963
1950 0.167118
1951 0.167903
1952 0.18889
1953 0.173527
1954 0.179402
1955 0.178676
1956 0.168598
1957 0.181236
1958 0.169142
1959 0.188111
1960 0.180043
1961 0.179018
1962 0.173922
1963 0.180228
1964 0.183238
1965 0.18516
1966 0.174453
1967 0.175449
1968 0.182268
1969 0.177001
1970 0.181387
1971 0.171327
1972 0.176263
1973 0.175328
1974 0.169051
1975 0.179095
1976 0.184216
1977 0.183814
1978 0.188659
1979 0.168696
1980 0.178575
1981 0.188994
1982 0.187661
1983 0.184079
1984 0.190281
1985 0.174069
1986 0.187337
1987 0.169776
1988 0.172606
1989 0.170922
1990 0.18132
1991 0.180622
1992 0.176574
1993 0.180759
1994 0.168825
1995 0.16404
1996 0.178716
1997 0.191205
1998 0.167183
1999 0.185673
2000 0.178281
2001 0.169036
2002 0.174637
2003 0.1649
2004 0.185991
2005 0.191343
2006 0.190097
2007 0.176156
2008 0.188356
2009 0.178058
2010 0.176378
2011 0.176762
2012 0.175351
2013 0.171547
2014 0.165862
2015 0.178115
2016 0.184053
2017 0.189508
2018 0.186381
2019 0.177947
2020 0.186968
2021 0.167407
2022 0.181635
2023 0.175679
2024 0.16998
2025 0.184023
2026 0.178753
2027 0.172196
2028 0.172775
2029 0.186336
2030 0.172048
2031 0.182617
2032 0.19065
2033 0.17277
2034 0.180678
2035 0.180293
2036 0.176679
2037 0.183387
2038 0.175223
2039 0.172533
2040 0.185815
2041 0.185918
2042 0.191407
2043 0.182682
2044 0.176421
2045 0.181722
2046 0.189297
2047 0.19135
2048 0.176509
2049 0.164989
2050 0.179113
2051 0.171152
2052 0.166389
2053 0.164196
2054 0.176841
2055 0.179239
2056 0.188484
2057 0.191846
2058 0.186709
2059 0.177061
2060 0.187753
2061 0.192511
2062 0.182556
2063 0.177964
2064 0.184703
2065 0.191125
2066 0.18616
2067 0.177042
2068 0.171132
2069 0.181871
2070 0.184364
2071 0.170051
2072 0.164416
2073 0.178182
2074 0.177626
2075 0.184098
2076 0.18734
2077 0.177062
2078 0.176784
2079 0.179223
2080 0.181955
2081 0.182941
2082 0.177332
2083 0.181405
2084 0.18939
2085 0.177341
2086 0.177744
2087 0.184027
2088 0.17713
2089 0.170041
2090 0.173369
2091 0.166196
2092 0.166983
2093 0.166858
2094 0.17447
2095 0.182071
2096 0.170744
2097 0.186708
2098 0.192155
2099 0
