0 -55.1024
1 196.278
2 -4.02018
3 -1.9321
4 2.37635
5 1.35549
6 0.384089
7 0.200948
8 0.163684
9 0.153833
10 0.17113
11 0.170497
12 0.159224
13 0.162564
14 0.184128
15 0.183697
16 0.17963
17 0.160889
18 0.189056
19 0.160519
20 0.188154
21 0.17645
22 0.181777
23 0.157769
24 0.173177
25 0.187624
26 0.186885
27 0.173364
28 0.172757
29 0.175426
30 0.179888
31 0.185161
32 0.18042
33 0.162468
34 0.155349
35 0.174814
36 0.180317
37 0.170606
38 0.159968
39 0.152552
40 0.184461
41 0.214113
42 0.187596
43 0.187751
44 0.205403
45 0.213083
46 0.204444
47 0.205469
48 0.174694
49 0.173086
50 0.195727
51 0.179205
52 0.16441
53 0.170783
54 0.175885
55 0.172385
56 0.172481
57 0.175814
58 0.1685
59 0.16004
60 0.155743
61 0.155789
62 0.166573
63 0.15412
64 0.151899
65 0.158047
66 0.168986
67 0.159757
68 0.17492
69 0.186106
70 0.165845
71 0.15784
72 0.175427
73 0.194328
74 0.16642
75 0.15475
76 0.160094
77 0.165111
78 0.161988
79 0.153619
80 0.161764
81 0.173787
82 0.171529
83 0.170097
84 0.167843
85 0.193178
86 0.178478
87 0.179943
88 0.163073
89 0.159635
90 0.168971
91 0.164468
92 0.1587
93 0.154302
94 0.157525
95 0.165114
96 0.173663
97 0.160748
98 0.152753
99 0.17161
100 0.158026
101 0.152383
102 0.1591
103 0.179333
104 0.153636
105 0.147713
106 0.168805
107 0.183381
108 0.154265
109 0.150021
110 0.166196
111 0.167266
112 0.153051
113 0.145554
114 0.159613
115 0.170987
116 0.171009
117 0.172076
118 0.166057
119 0.174029
120 0.19676
121 0.181539
122 0.184587
123 0.164714
124 0.174205
125 0.167019
126 0.180375
127 0.17677
128 0.177519
129 0.177214
130 0.177138
131 0.178293
132 0.177293
133 0.176579
134 0.177152
135 0.17036
136 0.159345
137 0.176125
138 0.199116
139 0.179507
140 0.163349
141 0.19821
142 0.202457
143 0.169808
144 0.172028
145 0.167148
146 0.166423
147 0.169058
148 0.17206
149 0.163789
150 0.155226
151 0.176681
152 0.176405
153 0.180398
154 0.165581
155 0.168571
156 0.173098
157 0.177535
158 0.175484
159 0.18347
160 0.176592
161 0.164909
162 0.170786
163 0.167248
164 0.1817
165 0.169789
166 0.174525
167 0.166726
168 0.17867
169 0.178613
170 0.202179
171 0.200118
172 0.167285
173 0.164193
174 0.178079
175 0.171489
176 0.178058
177 0.161417
178 0.174005
179 0.170979
180 0.201371
181 0.168032
182 0.170778
183 0.201126
184 0.179163
185 0.178694
186 0.154876
187 0.184752
188 0.175785
189 0.184141
190 0.159068
191 0.192223
192 0.195393
193 0.191388
194 0.183406
195 0.189328
196 0.192026
197 0.1655
198 0.172448
199 0.151474
200 0.162696
201 0.164556
202 0.172625
203 0.162079
204 0.155118
205 0.186238
206 0.179485
207 0.166939
208 0.158999
209 0.187199
210 0.182284
211 0.152072
212 0.156751
213 0.189952
214 0.187244
215 0.163074
216 0.200268
217 0.169781
218 0.17577
219 0.175667
220 0.175753
221 0.175755
222 0.181763
223 0.177259
224 0.174119
225 0.180065
226 0.176331
227 0.173374
228 0.183508
229 0.160109
230 0.178213
231 0.191601
232 0.166087
233 0.160875
234 0.18722
235 0.19958
236 0.176422
237 0.196996
238 0.174063
239 0.197702
240 0.209056
241 0.192288
242 0.163342
243 0.164293
244 0.171468
245 0.170478
246 0.157775
247 0.172183
248 0.1687
249 0.156457
250 0.166755
251 0.183545
252 0.197599
253 0.160851
254 0.181282
255 0.165457
256 0.17627
257 0.173776
258 0.169893
259 0.157918
260 0.174579
261 0.187284
262 0.18034
263 0.164856
264 0.174817
265 0.186618
266 0.16552
267 0.16931
268 0.18518
269 0.17087
270 0.161423
271 0.186828
272 0.186439
273 0.170895
274 0.190614
275 0.186099
276 0.178379
277 0.169913
278 0.162466
279 0.19917
280 0.174255
281 0.180429
282 0.173149
283 0.181133
284 0.176658
285 0.170351
286 0.200711
287 0.168127
288 0.197875
289 0.173513
290 0.181065
291 0.186843
292 0.212539
293 0.202065
294 0.168834
295 0.204099
296 0.185644
297 0.196117
298 0.170365
299 0.180997
300 0.18928
301 0.183785
302 0.176235
303 0.17458
304 0.185035
305 0.169669
306 0.182086
307 0.184891
308 0.176122
309 0.162883
310 0.189169
311 0.207684
312 0.177986
313 0.163188
314 0.164615
315 0.182684
316 0.180128
317 0.166952
318 0.169275
319 0.154275
320 0.185638
321 0.180921
322 0.18947
323 0.181219
324 0.177219
325 0.17638
326 0.173166
327 0.193839
328 0.180545
329 0.186275
330 0.173825
331 0.185611
332 0.181114
333 0.175154
334 0.162885
335 0.178523
336 0.161436
337 0.170071
338 0.171249
339 0.16801
340 0.156592
341 0.168095
342 0.181692
343 0.176478
344 0.170743
345 0.164966
346 0.16179
347 0.169866
348 0.188521
349 0.166976
350 0.161979
351 0.163699
352 0.194524
353 0.184884
354 0.173375
355 0.177759
356 0.163728
357 0.195165
358 0.172429
359 0.200459
360 0.171028
361 0.168963
362 0.195609
363 0.184542
364 0.16863
365 0.181036
366 0.171325
367 0.15937
368 0.155649
369 0.180362
370 0.170713
371 0.165404
372 0.162532
373 0.156156
374 0.165706
375 0.159903
376 0.17528
377 0.160816
378 0.157525
379 0.16698
380 0.189089
381 0.189911
382 0.193954
383 0.184825
384 0.174814
385 0.177154
386 0.179757
387 0.167423
388 0.157609
389 0.164634
390 0.182499
391 0.169371
392 0.168656
393 0.157535
394 0.182294
395 0.191849
396 0.165124
397 0.158884
398 0.169306
399 0.176586
400 0.171586
401 0.163379
402 0.178172
403 0.189223
404 0.174628
405 0.173558
406 0.188113
407 0.17446
408 0.179341
409 0.183087
410 0.205396
411 0.169631
412 0.185363
413 0.199409
414 0.205873
415 0.190968
416 0.194513
417 0.184873
418 0.200376
419 0.195377
420 0.208381
421 0.167546
422 0.171559
423 0.189908
424 0.16204
425 0.161286
426 0.158121
427 0.163932
428 0.16512
429 0.158725
430 0.177659
431 0.163126
432 0.172735
433 0.171831
434 0.208463
435 0.179019
436 0.161556
437 0.178583
438 0.201019
439 0.188379
440 0.170395
441 0.192339
442 0.20046
443 0.183333
444 0.189842
445 0.200197
446 0.196557
447 0.173723
448 0.177613
449 0.1972
450 0.169995
451 0.162616
452 0.167123
453 0.187623
454 0.155495
455 0.161136
456 0.161109
457 0.175486
458 0.162412
459 0.164298
460 0.174176
461 0.180379
462 0.157029
463 0.186594
464 0.210325
465 0.195833
466 0.174531
467 0.208133
468 0.202357
469 0.18161
470 0.198778
471 0.18884
472 0.187388
473 0.170229
474 0.198334
475 0.178421
476 0.210478
477 0.18664
478 0.200367
479 0.206791
480 0.173451
481 0.195906
482 0.198772
483 0.214383
484 0.169277
485 0.172049
486 0.201919
487 0.208922
488 0.196525
489 0.167246
490 0.164938
491 0.197685
492 0.189336
493 0.160011
494 0.168656
495 0.17295
496 0.181859
497 0.168998
498 0.170192
499 0.158447
500 0.161257
501 0.175766
502 0.170526
503 0.170701
504 0.151886
505 0.181238
506 0.193276
507 0.195201
508 0.148647
509 0.179479
510 0.173164
511 0.174012
512 0.177981
513 0.17
514 0.163922
515 0.166618
516 0.198423
517 0.187034
518 0.197003
519 0.18976
520 0.210759
521 0.180496
522 0.174355
523 0.176563
524 0.197052
525 0.164188
526 0.167334
527 0.177533
528 0.190701
529 0.173588
530 0.172346
531 0.200303
532 0.195969
533 0.208243
534 0.189673
535 0.183184
536 0.178725
537 0.197334
538 0.197003
539 0.175636
540 0.179034
541 0.191144
542 0.181638
543 0.162721
544 0.199447
545 0.202506
546 0.173742
547 0.156068
548 0.182288
549 0.197633
550 0.172006
551 0.165424
552 0.16695
553 0.178557
554 0.183693
555 0.184022
556 0.171026
557 0.165534
558 0.180401
559 0.206906
560 0.192244
561 0.166975
562 0.167195
563 0.189345
564 0.189989
565 0.174845
566 0.159814
567 0.180152
568 0.177844
569 0.171594
570 0.175313
571 0.185729
572 0.164677
573 0.159342
574 0.171452
575 0.1709
576 0.170507
577 0.175301
578 0.16838
579 0.145729
580 0.164171
581 0.180891
582 0.173306
583 0.169494
584 0.178098
585 0.180953
586 0.177286
587 0.201297
588 0.196522
589 0.186735
590 0.209664
591 0.190687
592 0.210436
593 0.159349
594 0.186739
595 0.175252
596 0.18553
597 0.173628
598 0.188697
599 0.183984
600 0.176225
601 0.179338
602 0.176479
603 0.196103
604 0.172961
605 0.180271
606 0.173913
607 0.188819
608 0.155859
609 0.182854
610 0.169585
611 0.160564
612 0.166823
613 0.16406
614 0.163666
615 0.163169
616 0.174658
617 0.153271
618 0.152536
619 0.167432
620 0.167511
621 0.153811
622 0.155182
623 0.169881
624 0.161221
625 0.164129
626 0.159707
627 0.176865
628 0.178934
629 0.173577
630 0.164509
631 0.198265
632 0.179685
633 0.159314
634 0.17188
635 0.188092
636 0.171296
637 0.160232
638 0.19846
639 0.172597
640 0.173897
641 0.16216
642 0.179356
643 0.177145
644 0.193828
645 0.184784
646 0.177744
647 0.197586
648 0.204468
649 0.177137
650 0.175598
651 0.169308
652 0.192639
653 0.178932
654 0.181987
655 0.168338
656 0.168344
657 0.184681
658 0.196866
659 0.177715
660 0.169184
661 0.163951
662 0.169701
663 0.169458
664 0.162063
665 0.160835
666 0.16633
667 0.154647
668 0.163105
669 0.179736
670 0.178455
671 0.156539
672 0.164708
673 0.16272
674 0.174961
675 0.165273
676 0.154187
677 0.16805
678 0.197869
679 0.165428
680 0.163346
681 0.188452
682 0.196852
683 0.177295
684 0.17497
685 0.168512
686 0.162251
687 0.191491
688 0.167368
689 0.157635
690 0.155924
691 0.159338
692 0.152125
693 0.164341
694 0.166643
695 0.15358
696 0.150261
697 0.171454
698 0.176485
699 0.16657
700 0.160069
701 0.170547
702 0.181458
703 0.186366
704 0.178499
705 0.172644
706 0.189772
707 0.207255
708 0.184948
709 0.174069
710 0.166838
711 0.172613
712 0.192542
713 0.16297
714 0.155749
715 0.151319
716 0.187149
717 0.172005
718 0.19246
719 0.16838
720 0.194497
721 0.195737
722 0.185804
723 0.177516
724 0.171787
725 0.188624
726 0.175831
727 0.163027
728 0.155077
729 0.201252
730 0.189765
731 0.167121
732 0.166669
733 0.167613
734 0.180778
735 0.161534
736 0.178657
737 0.16351
738 0.178483
739 0.176496
740 0.19624
741 0.180868
742 0.16288
743 0.182527
744 0.162699
745 0.167356
746 0.159862
747 0.166256
748 0.150462
749 0.155586
750 0.178178
751 0.161892
752 0.14811
753 0.166377
754 0.166371
755 0.159491
756 0.165202
757 0.168
758 0.161297
759 0.177916
760 0.187269
761 0.161864
762 0.170183
763 0.183623
764 0.198247
765 0.164059
766 0.172437
767 0.171504
768 0.159045
769 0.161899
770 0.177758
771 0.181004
772 0.159179
773 0.169543
774 0.169793
775 0.157436
776 0.178499
777 0.166281
778 0.157572
779 0.13959
780 0.157963
781 0.173324
782 0.167581
783 0.153525
784 0.162602
785 0.182307
786 0.180615
787 0.167013
788 0.176543
789 0.169284
790 0.162626
791 0.155784
792 0.178919
793 0.186975
794 0.182287
795 0.167146
796 0.188128
797 0.16695
798 0.174335
799 0.168811
800 0.167732
801 0.160282
802 0.171919
803 0.166674
804 0.155285
805 0.152378
806 0.162766
807 0.1585
808 0.148866
809 0.158964
810 0.163981
811 0.163299
812 0.177091
813 0.176992
814 0.159501
815 0.160767
816 0.173607
817 0.18593
818 0.17144
819 0.184335
820 0.168363
821 0.168735
822 0.176928
823 0.179935
824 0.176235
825 0.165396
826 0.155729
827 0.152734
828 0.155666
829 0.16793
830 0.15972
831 0.160717
832 0.157231
833 0.161467
834 0.182932
835 0.172779
836 0.16296
837 0.15039
838 0.168651
839 0.181105
840 0.166968
841 0.15887
842 0.172999
843 0.17508
844 0.163411
845 0.171643
846 0.179186
847 0.161355
848 0.16938
849 0.176691
850 0.176949
851 0.166792
852 0.155875
853 0.152402
854 0.177617
855 0.169566
856 0.155448
857 0.165589
858 0.174055
859 0.188286
860 0.170557
861 0.178559
862 0.165105
863 0.178152
864 0.165639
865 0.154271
866 0.167433
867 0.176628
868 0.183024
869 0.165656
870 0.174477
871 0.17873
872 0.195089
873 0.182029
874 0.168781
875 0.163047
876 0.165214
877 0.174954
878 0.169477
879 0.160982
880 0.168811
881 0.188815
882 0.176271
883 0.170583
884 0.168635
885 0.180582
886 0.175974
887 0.168837
888 0.157181
889 0.177102
890 0.17143
891 0.161118
892 0.172575
893 0.188308
894 0.180017
895 0.183486
896 0.180547
897 0.188647
898 0.162303
899 0.183172
900 0.166336
901 0.184108
902 0.160865
903 0.159929
904 0.167316
905 0.191447
906 0.174819
907 0.168111
908 0.18551
909 0.20489
910 0.213005
911 0.192919
912 0.200454
913 0.208527
914 0.183893
915 0.191167
916 0.168674
917 0.200895
918 0.167306
919 0.18336
920 0.185966
921 0.167171
922 0.180607
923 0.153904
924 0.168888
925 0.16561
926 0.169287
927 0.159442
928 0.163814
929 0.175016
930 0.164462
931 0.178968
932 0.158907
933 0.175251
934 0.172498
935 0.176389
936 0.154325
937 0.160135
938 0.158699
939 0.173356
940 0.157094
941 0.160017
942 0.162166
943 0.17371
944 0.157081
945 0.163541
946 0.166287
947 0.165737
948 0.149576
949 0.156124
950 0.166302
951 0.173996
952 0.163421
953 0.143642
954 0.187167
955 0.166867
956 0.164993
957 0.155266
958 0.170841
959 0.165091
960 0.174215
961 0.164266
962 0.168295
963 0.183083
964 0.172309
965 0.175331
966 0.169639
967 0.188994
968 0.18608
969 0.186515
970 0.152947
971 0.200374
972 0.217177
973 0.187876
974 0.160666
975 0.165884
976 0.185016
977 0.181523
978 0.160147
979 0.164647
980 0.167424
981 0.180689
982 0.175207
983 0.180485
984 0.173625
985 0.179927
986 0.177121
987 0.175961
988 0.174244
989 0.168311
990 0.171982
991 0.178585
992 0.16387
993 0.156414
994 0.153708
995 0.184242
996 0.168656
997 0.172442
998 0.151632
999 0.155374
1000 0.194633
1001 0.199512
1002 0.179089
1003 0.161252
1004 0.165291
1005 0.199423
1006 0.18727
1007 0.185253
1008 0.168886
1009 0.184908
1010 0.165493
1011 0.184703
1012 0.165026
1013 0.168278
1014 0.162189
1015 0.17764
1016 0.167382
1017 0.188021
1018 0.178807
1019 0.177875
1020 0.182883
1021 0.169382
1022 0.190276
1023 0.165709
1024 0.168307
1025 0.156361
1026 0.169364
1027 0.15646
1028 0.160484
1029 0.160531
1030 0.16477
1031 0.15111
1032 0.163861
1033 0.167515
1034 0.169429
1035 0.157352
1036 0.150895
1037 0.181314
1038 0.174665
1039 0.169821
1040 0.15785
1041 0.182815
1042 0.177513
1043 0.170431
1044 0.183152
1045 0.180871
1046 0.165585
1047 0.153306
1048 0.179412
1049 0.186638
1050 0.17289
1051 0.158826
1052 0.167377
1053 0.170902
1054 0.203414
1055 0.191332
1056 0.182739
1057 0.17323
1058 0.206134
1059 0.173436
1060 0.186767
1061 0.177079
1062 0.178815
1063 0.169489
1064 0.171909
1065 0.158185
1066 0.167252
1067 0.179001
1068 0.170149
1069 0.172826
1070 0.176719
1071 0.172663
1072 0.169006
1073 0.176032
1074 0.185445
1075 0.174412
1076 0.183565
1077 0.174286
1078 0.194989
1079 0.179028
1080 0.172671
1081 0.168786
1082 0.184403
1083 0.189183
1084 0.177948
1085 0.172587
1086 0.199654
1087 0.176867
1088 0.162754
1089 0.186123
1090 0.195256
1091 0.18777
1092 0.157059
1093 0.157142
1094 0.189912
1095 0.170598
1096 0.165348
1097 0.158932
1098 0.191175
1099 0.164419
1100 0.180077
1101 0.155158
1102 0.16905
1103 0.186477
1104 0.196821
1105 0.164356
1106 0.16388
1107 0.183994
1108 0.189897
1109 0.178569
1110 0.180167
1111 0.169885
1112 0.181168
1113 0.176538
1114 0.194034
1115 0.165186
1116 0.15827
1117 0.170766
1118 0.170214
1119 0.167904
1120 0.148885
1121 0.16138
1122 0.174877
1123 0.162153
1124 0.157514
1125 0.16565
1126 0.198201
1127 0.175428
1128 0.181771
1129 0.195567
1130 0.201455
1131 0.19109
1132 0.193619
1133 0.174741
1134 0.195267
1135 0.177331
1136 0.172578
1137 0.180957
1138 0.172084
1139 0.175319
1140 0.178088
1141 0.200517
1142 0.172885
1143 0.209722
1144 0.19771
1145 0.169991
1146 0.203468
1147 0.184523
1148 0.187054
1149 0.152835
1150 0.194139
1151 0.189692
1152 0.197405
1153 0.176779
1154 0.180537
1155 0.180851
1156 0.199499
1157 0.188127
1158 0.17328
1159 0.165884
1160 0.191127
1161 0.172807
1162 0.169181
1163 0.169345
1164 0.194783
1165 0.1807
1166 0.16133
1167 0.180259
1168 0.172976
1169 0.177773
1170 0.157674
1171 0.170173
1172 0.164375
1173 0.18617
1174 0.162147
1175 0.175459
1176 0.190425
1177 0.196352
1178 0.167082
1179 0.178101
1180 0.167519
1181 0.172788
1182 0.166333
1183 0.160679
1184 0.163887
1185 0.173479
1186 0.166387
1187 0.160953
1188 0.156926
1189 0.184541
1190 0.175302
1191 0.173063
1192 0.176035
1193 0.182709
1194 0.160003
1195 0.178789
1196 0.183349
1197 0.179636
1198 0.177126
1199 0.177423
1200 0.181761
1201 0.204794
1202 0.192296
1203 0.170919
1204 0.18439
1205 0.179315
1206 0.172673
1207 0.154251
1208 0.173878
1209 0.175912
1210 0.158674
1211 0.150984
1212 0.167351
1213 0.162596
1214 0.168145
1215 0.157994
1216 0.161517
1217 0.149355
1218 0.178076
1219 0.161882
1220 0.179228
1221 0.162489
1222 0.193997
1223 0.182394
1224 0.184856
1225 0.16639
1226 0.169736
1227 0.178596
1228 0.172556
1229 0.161553
1230 0.162543
1231 0.163149
1232 0.171543
1233 0.175309
1234 0.159766
1235 0.165505
1236 0.173353
1237 0.201718
1238 0.18086
1239 0.208557
1240 0.213685
1241 0.176876
1242 0.187441
1243 0.194425
1244 0.17324
1245 0.160688
1246 0.152344
1247 0.191323
1248 0.177992
1249 0.160392
1250 0.14691
1251 0.155028
1252 0.184196
1253 0.169843
1254 0.15641
1255 0.165172
1256 0.172151
1257 0.202386
1258 0.184604
1259 0.179028
1260 0.160708
1261 0.173411
1262 0.180776
1263 0.152887
1264 0.170074
1265 0.168542
1266 0.183723
1267 0.168065
1268 0.191857
1269 0.169085
1270 0.168567
1271 0.18228
1272 0.183736
1273 0.168224
1274 0.164484
1275 0.161402
1276 0.178003
1277 0.195943
1278 0.214575
1279 0.178368
1280 0.194475
1281 0.184182
1282 0.18846
1283 0.167391
1284 0.19867
1285 0.160424
1286 0.177551
1287 0.159858
1288 0.195021
1289 0.168505
1290 0.183549
1291 0.177908
1292 0.183441
1293 0.182888
1294 0.163573
1295 0.169055
1296 0.16602
1297 0.192801
1298 0.171273
1299 0.171826
1300 0.179144
1301 0.169637
1302 0.185047
1303 0.167675
1304 0.182845
1305 0.177894
1306 0.184722
1307 0.16259
1308 0.165842
1309 0.161898
1310 0.154252
1311 0.148816
1312 0.156779
1313 0.157698
1314 0.14767
1315 0.16208
1316 0.176471
1317 0.169397
1318 0.151814
1319 0.192107
1320 0.161564
1321 0.161076
1322 0.152211
1323 0.174248
1324 0.161707
1325 0.161447
1326 0.152426
1327 0.161593
1328 0.166899
1329 0.170576
1330 0.163723
1331 0.179025
1332 0.16307
1333 0.157555
1334 0.168444
1335 0.186095
1336 0.172596
1337 0.151876
1338 0.150677
1339 0.159147
1340 0.182198
1341 0.168488
1342 0.161229
1343 0.173477
1344 0.174924
1345 0.153978
1346 0.197644
1347 0.199555
1348 0.170356
1349 0.16882
1350 0.167378
1351 0.178384
1352 0.167508
1353 0.177263
1354 0.167357
1355 0.176843
1356 0.180094
1357 0.185915
1358 0.175945
1359 0.183301
1360 0.175752
1361 0.174293
1362 0.158995
1363 0.163738
1364 0.169838
1365 0.153863
1366 0.169043
1367 0.156708
1368 0.16632
1369 0.172884
1370 0.183642
1371 0.168433
1372 0.178318
1373 0.189025
1374 0.180552
1375 0.187968
1376 0.196227
1377 0.169178
1378 0.175032
1379 0.172514
1380 0.169948
1381 0.171422
1382 0.189768
1383 0.177968
1384 0.157589
1385 0.190579
1386 0.194441
1387 0.184584
1388 0.194744
1389 0.190694
1390 0.195623
1391 0.187297
1392 0.20409
1393 0.180674
1394 0.173463
1395 0.192376
1396 0.191468
1397 0.185992
1398 0.166929
1399 0.177812
1400 0.179777
1401 0.180345
1402 0.18249
1403 0.160555
1404 0.170383
1405 0.180002
1406 0.170341
1407 0.146279
1408 0.196663
1409 0.199077
1410 0.176037
1411 0.166333
1412 0.195404
1413 0.176692
1414 0.190472
1415 0.169427
1416 0.178231
1417 0.169077
1418 0.180282
1419 0.165605
1420 0.170825
1421 0.182768
1422 0.161552
1423 0.153216
1424 0.177318
1425 0.178902
1426 0.171681
1427 0.156604
1428 0.176043
1429 0.170516
1430 0.169134
1431 0.152836
1432 0.155159
1433 0.183186
1434 0.158613
1435 0.164394
1436 0.171903
1437 0.177932
1438 0.159867
1439 0.175936
1440 0.182929
1441 0.166405
1442 0.161124
1443 0.171543
1444 0.181349
1445 0.172926
1446 0.151944
1447 0.180431
1448 0.211618
1449 0.186527
1450 0.170797
1451 0.209625
1452 0.186983
1453 0.203637
1454 0.178217
1455 0.197366
1456 0.165707
1457 0.168672
1458 0.189363
1459 0.16681
1460 0.161626
1461 0.167482
1462 0.189924
1463 0.172238
1464 0.165621
1465 0.195681
1466 0.191477
1467 0.191387
1468 0.195159
1469 0.181723
1470 0.192576
1471 0.185765
1472 0.177817
1473 0.159844
1474 0.189629
1475 0.18487
1476 0.157399
1477 0.179317
1478 0.200665
1479 0.198008
1480 0.193729
1481 0.209283
1482 0.196043
1483 0.202198
1484 0.203626
1485 0.197529
1486 0.193788
1487 0.180785
1488 0.169406
1489 0.189128
1490 0.194251
1491 0.169311
1492 0.152212
1493 0.154828
1494 0.189537
1495 0.161818
1496 0.16044
1497 0.155684
1498 0.184133
1499 0.166575
1500 0.18436
1501 0.171306
1502 0.175727
1503 0.160428
1504 0.178625
1505 0.179366
1506 0.17134
1507 0.1634
1508 0.163274
1509 0.178306
1510 0.175834
1511 0.160872
1512 0.158326
1513 0.178681
1514 0.186798
1515 0.18613
1516 0.174146
1517 0.18244
1518 0.204178
1519 0.184862
1520 0.181974
1521 0.170169
1522 0.164631
1523 0.152993
1524 0.158123
1525 0.160536
1526 0.150506
1527 0.146363
1528 0.160666
1529 0.165781
1530 0.162074
1531 0.180146
1532 0.169224
1533 0.176483
1534 0.181925
1535 0.194924
1536 0.183196
1537 0.18066
1538 0.16947
1539 0.161508
1540 0.188355
1541 0.176846
1542 0.163225
1543 0.152988
1544 0.160133
1545 0.159225
1546 0.169403
1547 0.162636
1548 0.155742
1549 0.161307
1550 0.176226
1551 0.157204
1552 0.169756
1553 0.167241
1554 0.217263
1555 0.174569
1556 0.161944
1557 0.174316
1558 0.186
1559 0.204884
1560 0.168293
1561 0.17327
1562 0.170665
1563 0.191621
1564 0.176662
1565 0.173353
1566 0.161847
1567 0.190187
1568 0.181879
1569 0.169698
1570 0.183797
1571 0.181951
1572 0.175414
1573 0.153721
1574 0.165944
1575 0.169658
1576 0.174255
1577 0.164389
1578 0.156462
1579 0.169286
1580 0.187139
1581 0.18252
1582 0.162449
1583 0.157661
1584 0.198764
1585 0.189966
1586 0.167459
1587 0.146641
1588 0.156699
1589 0.175355
1590 0.164722
1591 0.159568
1592 0.174224
1593 0.185326
1594 0.180517
1595 0.176783
1596 0.192894
1597 0.180951
1598 0.211047
1599 0.167645
1600 0.168254
1601 0.178843
1602 0.18074
1603 0.16349
1604 0.159541
1605 0.174181
1606 0.181784
1607 0.178069
1608 0.198112
1609 0.18867
1610 0.198061
1611 0.190767
1612 0.207657
1613 0.177582
1614 0.204408
1615 0.20096
1616 0.201305
1617 0.157918
1618 0.198038
1619 0.196326
1620 0.185336
1621 0.152842
1622 0.16127
1623 0.167794
1624 0.174067
1625 0.161041
1626 0.164753
1627 0.158479
1628 0.184671
1629 0.17532
1630 0.208329
1631 0.185383
1632 0.185122
1633 0.168302
1634 0.196223
1635 0.175626
1636 0.165767
1637 0.187446
1638 0.195975
1639 0.173917
1640 0.176337
1641 0.200069
1642 0.17466
1643 0.191067
1644 0.161519
1645 0.195941
1646 0.157101
1647 0.171577
1648 0.166447
1649 0.176668
1650 0.159869
1651 0.177405
1652 0.164882
1653 0.156966
1654 0.16589
1655 0.167673
1656 0.152155
1657 0.161147
1658 0.153832
1659 0.14902
1660 0.145692
1661 0.152417
1662 0.153947
1663 0.159854
1664 0.157393
1665 0.150109
1666 0.159701
1667 0.173954
1668 0.163314
1669 0.170467
1670 0.15868
1671 0.171474
1672 0.163183
1673 0.190172
1674 0.158302
1675 0.201208
1676 0.189411
1677 0.177129
1678 0.177618
1679 0.181121
1680 0.185342
1681 0.160067
1682 0.18606
1683 0.171172
1684 0.182124
1685 0.170134
1686 0.188915
1687 0.167308
1688 0.172726
1689 0.17954
1690 0.177705
1691 0.171977
1692 0.168331
1693 0.164573
1694 0.179006
1695 0.185956
1696 0.19896
1697 0.179109
1698 0.161253
1699 0.178989
1700 0.189419
1701 0.179008
1702 0.159661
1703 0.170128
1704 0.176071
1705 0.175584
1706 0.167613
1707 0.179306
1708 0.159973
1709 0.18156
1710 0.175328
1711 0.186995
1712 0.163668
1713 0.163306
1714 0.183918
1715 0.17181
1716 0.169902
1717 0.185517
1718 0.197689
1719 0.157983
1720 0.159366
1721 0.198314
1722 0.177975
1723 0.174013
1724 0.169663
1725 0.190378
1726 0.164376
1727 0.167129
1728 0.179599
1729 0.202592
1730 0.162691
1731 0.153122
1732 0.185212
1733 0.205156
1734 0.17563
1735 0.163879
1736 0.181133
1737 0.171909
1738 0.178059
1739 0.162412
1740 0.177531
1741 0.173685
1742 0.175666
1743 0.162033
1744 0.197781
1745 0.166258
1746 0.171932
1747 0.179021
1748 0.185423
1749 0.156435
1750 0.162159
1751 0.196956
1752 0.168311
1753 0.1747
1754 0.160478
1755 0.18839
1756 0.182369
1757 0.199177
1758 0.175826
1759 0.168965
1760 0.18768
1761 0.172148
1762 0.175717
1763 0.151815
1764 0.183724
1765 0.176792
1766 0.176272
1767 0.16496
1768 0.181935
1769 0.166459
1770 0.201336
1771 0.192133
1772 0.166769
1773 0.166859
1774 0.194894
1775 0.195509
1776 0.177457
1777 0.173837
1778 0.197731
1779 0.215234
1780 0.212284
1781 0.191894
1782 0.191973
1783 0.190157
1784 0.194504
1785 0.181374
1786 0.171232
1787 0.162511
1788 0.180315
1789 0.184018
1790 0.177036
1791 0.156377
1792 0.175495
1793 0.17531
1794 0.174094
1795 0.168026
1796 0.182154
1797 0.157873
1798 0.160097
1799 0.169658
1800 0.175902
1801 0.163502
1802 0.154829
1803 0.161921
1804 0.180277
1805 0.16828
1806 0.172869
1807 0.168025
1808 0.162953
1809 0.165129
1810 0.170507
1811 0.176848
1812 0.171702
1813 0.176021
1814 0.176185
1815 0.183733
1816 0.19356
1817 0.179617
1818 0.166482
1819 0.186096
1820 0.184024
1821 0.196532
1822 0.16353
1823 0.169375
1824 0.184319
1825 0.176549
1826 0.173994
1827 0.17004
1828 0.189673
1829 0.166965
1830 0.187103
1831 0.170901
1832 0.163466
1833 0.153391
1834 0.170344
1835 0.170039
1836 0.147788
1837 0.163371
1838 0.16696
1839 0.180481
1840 0.176782
1841 0.190746
1842 0.161755
1843 0.183203
1844 0.190638
1845 0.177431
1846 0.173423
1847 0.181354
1848 0.178741
1849 0.174724
1850 0.165443
1851 0.180302
1852 0.201748
1853 0.167993
1854 0.153009
1855 0.173415
1856 0.175712
1857 0.182373
1858 0.170687
1859 0.169391
1860 0.160448
1861 0.183071
1862 0.166022
1863 0.162581
1864 0.167109
1865 0.174333
1866 0.158698
1867 0.171001
1868 0.191604
1869 0.19391
1870 0.180528
1871 0.186428
1872 0.200928
1873 0.190075
1874 0.17475
1875 0.187024
1876 0.203626
1877 0.171604
1878 0.160869
1879 0.191637
1880 0.180112
1881 0.16881
1882 0.187165
1883 0.193821
1884 0.168874
1885 0.166084
1886 0.172364
1887 0.188013
1888 0.186344
1889 0.169588
1890 0.153007
1891 0.177546
1892 0.198653
1893 0.177317
1894 0.168526
1895 0.177266
1896 0.184803
1897 0.174984
1898 0.174394
1899 0.175893
1900 0.170314
1901 0.154273
1902 0.165943
1903 0.180883
1904 0.16203
1905 0.159663
1906 0.160854
1907 0.180868
1908 0.166635
1909 0.155924
1910 0.150283
1911 0.181245
1912 0.160543
1913 0.160071
1914 0.154876
1915 0.181117
1916 0.185486
1917 0.178061
1918 0.156187
1919 0.164888
1920 0.190919
1921 0.169063
1922 0.162305
1923 0.17064
1924 0.179608
1925 0.165022
1926 0.175693
1927 0.179612
1928 0.186733
1929 0.181368
1930 0.173839
1931 0.181586
1932 0.179134
1933 0.163814
1934 0.172019
1935 0.175269
1936 0.170799
1937 0.167432
1938 0.191282
1939 0.175388
1940 0.185844
1941 0.193009
1942 0.177763
1943 0.18227
1944 0.159178
1945 0.159085
1946 0.172512
1947 0.180483
1948 0.167083
1949 0.154973
1950 0.160891
1951 0.166369
1952 0.191739
1953 0.170248
1954 0.162362
1955 0.1685
1956 0.170771
1957 0.176636
1958 0.164452
1959 0.179174
1960 0.164763
1961 0.180537
1962 0.1616
1963 0.190419
1964 0.187221
1965 0.18494
1966 0.164174
1967 0.176363
1968 0.18776
1969 0.186202
1970 0.171447
1971 0.163211
1972 0.177062
1973 0.172912
1974 0.164821
1975 0.170358
1976 0.177925
1977 0.178238
1978 0.174329
1979 0.163935
1980 0.189542
1981 0.203083
1982 0.207367
1983 0.170992
1984 0.197113
1985 0.190131
1986 0.204189
1987 0.174231
1988 0.176509
1989 0.171183
1990 0.185707
1991 0.167391
1992 0.165679
1993 0.169264
1994 0.16434
1995 0.165883
1996 0.174749
1997 0.190919
1998 0.150039
1999 0.154809
2000 0.178681
2001 0.178897
2002 0.161463
2003 0.163254
2004 0.176433
2005 0.173261
2006 0.188826
2007 0.154702
2008 0.200918
2009 0.189764
2010 0.189956
2011 0.175788
2012 0.184257
2013 0.165969
2014 0.162705
2015 0.178263
2016 0.17724
2017 0.172758
2018 0.169
2019 0.175693
2020 0.198138
2021 0.17789
2022 0.195385
2023 0.176251
2024 0.176993
2025 0.172967
2026 0.176996
2027 0.161743
2028 0.161738
2029 0.182762
2030 0.176998
2031 0.168567
2032 0.179828
2033 0.18095
2034 0.169443
2035 0.183806
2036 0.189794
2037 0.1802
2038 0.176899
2039 0.167378
2040 0.189196
2041 0.192501
2042 0.188338
2043 0.174773
2044 0.1837
2045 0.199595
2046 0.214492
2047 0.20439
2048 0.171315
2049 0.162217
2050 0.190667
2051 0.173172
2052 0.159487
2053 0.149544
2054 0.165863
2055 0.169055
2056 0.157202
2057 0.171804
2058 0.182089
2059 0.17706
2060 0.209701
2061 0.221497
2062 0.206081
2063 0.182143
2064 0.203848
2065 0.217108
2066 0.205134
2067 0.176237
2068 0.17958
2069 0.197283
2070 0.19436
2071 0.168287
2072 0.157372
2073 0.172403
2074 0.181641
2075 0.167414
2076 0.166699
2077 0.174998
2078 0.174652
2079 0.18391
2080 0.19457
2081 0.182421
2082 0.176875
2083 0.182424
2084 0.195937
2085 0.185422
2086 0.175223
2087 0.193599
2088 0.193341
2089 0.170713
2090 0.16373
2091 0.158875
2092 0.157476
2093 0.153666
2094 0.160042
2095 0.157541
2096 0.149315
2097 0.161983
2098 0.18585
2099 0
