0 13.6182
1 16.7243
2 19.9928
3 33.9017
4 36.6787
5 35.6769
6 33.9732
7 34.2112
8 29.5438
9 31.2175
10 10.9976
11 9.67199
12 7.80467
13 2.70581
14 -0.578769
15 -0.0969408
16 -0.217828
17 -0.0955285
18 0.162621
19 0.112662
20 0.132008
21 0.166938
22 0.18361
23 0.153297
24 0.1674
25 0.184698
26 0.179857
27 0.174243
28 0.174678
29 0.175022
30 0.175892
31 0.180313
32 0.174964
33 0.16441
34 0.153609
35 0.171189
36 0.177568
37 0.181287
38 0.160259
39 0.158775
40 0.188768
41 0.204332
42 0.179068
43 0.18789
44 0.194723
45 0.196412
46 0.203681
47 0.198565
48 0.1818
49 0.172805
50 0.193678
51 0.179362
52 0.16566
53 0.164226
54 0.173526
55 0.173788
56 0.173603
57 0.17754
58 0.166317
59 0.159371
60 0.164841
61 0.159696
62 0.172318
63 0.146895
64 0.15
65 0.148156
66 0.171391
67 0.155576
68 0.17418
69 0.18461
70 0.163216
71 0.163463
72 0.174375
73 0.191061
74 0.169555
75 0.154581
76 0.158859
77 0.171858
78 0.17262
79 0.147309
80 0.16357
81 0.167584
82 0.176189
83 0.173673
84 0.171871
85 0.185415
86 0.169795
87 0.180254
88 0.165359
89 0.159685
90 0.16299
91 0.160833
92 0.166656
93 0.148753
94 0.156374
95 0.168535
96 0.167688
97 0.145431
98 0.148457
99 0.183689
100 0.15597
101 0.151637
102 0.149602
103 0.180589
104 0.16157
105 0.142692
106 0.168594
107 0.179114
108 0.15443
109 0.143838
110 0.167926
111 0.165336
112 0.141379
113 0.145956
114 0.152406
115 0.171439
116 0.170879
117 0.176159
118 0.171165
119 0.17068
120 0.19547
121 0.186893
122 0.184125
123 0.166389
124 0.170476
125 0.161914
126 0.184845
127 0.177198
128 0.180139
129 0.177656
130 0.17683
131 0.171533
132 0.180446
133 0.181364
134 0.179298
135 0.168888
136 0.158509
137 0.175521
138 0.188851
139 0.170217
140 0.169535
141 0.197621
142 0.206354
143 0.170073
144 0.172063
145 0.178108
146 0.166966
147 0.171641
148 0.172777
149 0.174899
150 0.154682
151 0.183949
152 0.1744
153 0.186669
154 0.16334
155 0.169183
156 0.174253
157 0.180437
158 0.172757
159 0.182176
160 0.180346
161 0.163599
162 0.173636
163 0.171014
164 0.177668
165 0.167895
166 0.179315
167 0.174685
168 0.178125
169 0.185779
170 0.188599
171 0.187613
172 0.164616
173 0.159163
174 0.174996
175 0.178424
176 0.182602
177 0.162869
178 0.17897
179 0.184046
180 0.201203
181 0.164734
182 0.173818
183 0.201268
184 0.179653
185 0.172699
186 0.155416
187 0.187785
188 0.170255
189 0.175313
190 0.162773
191 0.188721
192 0.186197
193 0.18768
194 0.18027
195 0.188204
196 0.186299
197 0.172718
198 0.182005
199 0.155671
200 0.164272
201 0.165009
202 0.167984
203 0.161265
204 0.162098
205 0.181757
206 0.172968
207 0.168409
208 0.16411
209 0.191059
210 0.181952
211 0.158398
212 0.164312
213 0.191918
214 0.18226
215 0.165262
216 0.19784
217 0.169791
218 0.176682
219 0.181002
220 0.164318
221 0.172638
222 0.175414
223 0.169044
224 0.171605
225 0.185473
226 0.18141
227 0.177854
228 0.192646
229 0.163831
230 0.182896
231 0.190531
232 0.168498
233 0.164989
234 0.188469
235 0.204288
236 0.179921
237 0.197794
238 0.174187
239 0.190495
240 0.202588
241 0.188643
242 0.170774
243 0.162932
244 0.176368
245 0.15929
246 0.162692
247 0.17299
248 0.172363
249 0.148359
250 0.161318
251 0.184108
252 0.197982
253 0.162568
254 0.178857
255 0.173311
256 0.184476
257 0.168311
258 0.171282
259 0.160216
260 0.173787
261 0.186115
262 0.181715
263 0.161736
264 0.176349
265 0.179616
266 0.167769
267 0.172211
268 0.187024
269 0.160089
270 0.169055
271 0.187809
272 0.189138
273 0.170289
274 0.184011
275 0.190056
276 0.185797
277 0.174377
278 0.164099
279 0.200712
280 0.180118
281 0.180148
282 0.163197
283 0.173827
284 0.165519
285 0.16803
286 0.19711
287 0.172231
288 0.195358
289 0.175734
290 0.187723
291 0.191658
292 0.207108
293 0.202871
294 0.173497
295 0.196985
296 0.188329
297 0.197512
298 0.174631
299 0.180788
300 0.183475
301 0.184678
302 0.177997
303 0.172353
304 0.184883
305 0.168517
306 0.182546
307 0.185884
308 0.174463
309 0.163672
310 0.191924
311 0.203968
312 0.189938
313 0.168104
314 0.17908
315 0.182408
316 0.176667
317 0.167284
318 0.174049
319 0.157078
320 0.181915
321 0.179289
322 0.178674
323 0.176573
324 0.172264
325 0.177591
326 0.172525
327 0.192516
328 0.177098
329 0.183246
330 0.172444
331 0.178846
332 0.178809
333 0.174435
334 0.164848
335 0.17567
336 0.16356
337 0.168725
338 0.173314
339 0.168994
340 0.15433
341 0.16949
342 0.181664
343 0.176965
344 0.171356
345 0.161372
346 0.160312
347 0.174371
348 0.184139
349 0.162569
350 0.173564
351 0.162112
352 0.189302
353 0.184539
354 0.164991
355 0.177242
356 0.162777
357 0.182801
358 0.164407
359 0.202034
360 0.171021
361 0.17006
362 0.187794
363 0.184134
364 0.167353
365 0.178519
366 0.169202
367 0.162174
368 0.148589
369 0.182584
370 0.176356
371 0.162797
372 0.163397
373 0.161128
374 0.162747
375 0.155894
376 0.172602
377 0.160922
378 0.161515
379 0.180793
380 0.1972
381 0.183476
382 0.186436
383 0.18999
384 0.178905
385 0.178561
386 0.180675
387 0.161736
388 0.1563
389 0.162045
390 0.187332
391 0.173216
392 0.168203
393 0.160004
394 0.182601
395 0.18719
396 0.167402
397 0.151451
398 0.173384
399 0.176089
400 0.17728
401 0.158547
402 0.182013
403 0.186458
404 0.179576
405 0.176902
406 0.189804
407 0.175805
408 0.172306
409 0.188744
410 0.20031
411 0.169192
412 0.184483
413 0.194929
414 0.202478
415 0.186862
416 0.197517
417 0.184153
418 0.197729
419 0.192392
420 0.198935
421 0.171706
422 0.175308
423 0.188551
424 0.166315
425 0.155483
426 0.15062
427 0.167373
428 0.165784
429 0.163741
430 0.193536
431 0.161042
432 0.171625
433 0.171937
434 0.209931
435 0.17986
436 0.153244
437 0.175039
438 0.197079
439 0.180576
440 0.170266
441 0.20623
442 0.200598
443 0.184522
444 0.187974
445 0.192567
446 0.187297
447 0.179512
448 0.175983
449 0.190031
450 0.165724
451 0.164433
452 0.170477
453 0.186154
454 0.162989
455 0.160097
456 0.167136
457 0.178354
458 0.155857
459 0.160015
460 0.17513
461 0.178153
462 0.153447
463 0.184331
464 0.209279
465 0.194158
466 0.178499
467 0.201697
468 0.190306
469 0.180671
470 0.198973
471 0.194492
472 0.186627
473 0.173258
474 0.198022
475 0.182908
476 0.200225
477 0.184992
478 0.196288
479 0.209931
480 0.17417
481 0.191611
482 0.195506
483 0.207504
484 0.179585
485 0.173459
486 0.196992
487 0.201717
488 0.188228
489 0.166541
490 0.167866
491 0.195627
492 0.191133
493 0.159446
494 0.170085
495 0.176211
496 0.181449
497 0.158477
498 0.167469
499 0.152669
500 0.165078
501 0.174597
502 0.16765
503 0.173355
504 0.154058
505 0.179716
506 0.19528
507 0.192475
508 0.165696
509 0.181943
510 0.178998
511 0.173928
512 0.175782
513 0.166352
514 0.171562
515 0.173155
516 0.204422
517 0.192163
518 0.193077
519 0.190227
520 0.198128
521 0.18706
522 0.178663
523 0.17513
524 0.195799
525 0.173172
526 0.172591
527 0.179366
528 0.189967
529 0.1691
530 0.177446
531 0.189951
532 0.191421
533 0.198404
534 0.190502
535 0.185206
536 0.177243
537 0.197963
538 0.189869
539 0.181034
540 0.183169
541 0.189198
542 0.185038
543 0.168176
544 0.20017
545 0.212478
546 0.174872
547 0.157843
548 0.178875
549 0.193332
550 0.177045
551 0.161529
552 0.166175
553 0.176327
554 0.177007
555 0.186976
556 0.176906
557 0.166996
558 0.178435
559 0.209168
560 0.195032
561 0.174864
562 0.169108
563 0.184695
564 0.186442
565 0.177892
566 0.161753
567 0.176001
568 0.174413
569 0.17049
570 0.169853
571 0.184628
572 0.163504
573 0.164301
574 0.17464
575 0.169473
576 0.163434
577 0.17171
578 0.181183
579 0.1539
580 0.173807
581 0.184481
582 0.177454
583 0.167951
584 0.170301
585 0.190384
586 0.18147
587 0.19406
588 0.194379
589 0.183851
590 0.207558
591 0.187492
592 0.207453
593 0.164533
594 0.192773
595 0.171711
596 0.171992
597 0.165794
598 0.178814
599 0.181059
600 0.171294
601 0.181307
602 0.172833
603 0.198463
604 0.182439
605 0.17879
606 0.171371
607 0.185888
608 0.162065
609 0.181016
610 0.167596
611 0.153318
612 0.158477
613 0.169999
614 0.163808
615 0.153344
616 0.173792
617 0.15087
618 0.150147
619 0.16925
620 0.156983
621 0.150712
622 0.14956
623 0.166618
624 0.166545
625 0.16973
626 0.156784
627 0.188241
628 0.172384
629 0.172379
630 0.166484
631 0.200232
632 0.179138
633 0.164566
634 0.16992
635 0.183186
636 0.169325
637 0.162528
638 0.190796
639 0.172906
640 0.1731
641 0.15878
642 0.174697
643 0.181867
644 0.192952
645 0.175787
646 0.180831
647 0.189659
648 0.206915
649 0.180431
650 0.175772
651 0.17253
652 0.190858
653 0.179124
654 0.18612
655 0.176832
656 0.169488
657 0.186952
658 0.191018
659 0.176247
660 0.162376
661 0.157285
662 0.173339
663 0.161924
664 0.162717
665 0.156622
666 0.175894
667 0.163619
668 0.165387
669 0.174437
670 0.17922
671 0.151805
672 0.170768
673 0.163799
674 0.176275
675 0.156566
676 0.14963
677 0.168163
678 0.199283
679 0.163853
680 0.16599
681 0.185686
682 0.191636
683 0.186604
684 0.173831
685 0.168205
686 0.17319
687 0.194881
688 0.16694
689 0.158303
690 0.151514
691 0.157094
692 0.159495
693 0.162566
694 0.160909
695 0.146382
696 0.144781
697 0.167889
698 0.175684
699 0.164364
700 0.162506
701 0.171261
702 0.184875
703 0.182877
704 0.175831
705 0.171596
706 0.184081
707 0.200279
708 0.18918
709 0.180344
710 0.168224
711 0.175376
712 0.183782
713 0.164941
714 0.163838
715 0.155993
716 0.181262
717 0.178559
718 0.200332
719 0.175118
720 0.1919
721 0.194548
722 0.191029
723 0.176123
724 0.172436
725 0.181604
726 0.179497
727 0.163458
728 0.15851
729 0.199309
730 0.196798
731 0.164132
732 0.166624
733 0.167369
734 0.182716
735 0.157818
736 0.183073
737 0.164952
738 0.184794
739 0.174698
740 0.194013
741 0.182953
742 0.166048
743 0.181457
744 0.169948
745 0.168309
746 0.157506
747 0.161608
748 0.143864
749 0.15473
750 0.176891
751 0.157894
752 0.148968
753 0.162367
754 0.157415
755 0.162963
756 0.160726
757 0.164695
758 0.145676
759 0.174335
760 0.191283
761 0.164876
762 0.179461
763 0.183169
764 0.188503
765 0.16847
766 0.17582
767 0.171408
768 0.155777
769 0.161024
770 0.180101
771 0.17485
772 0.161458
773 0.168066
774 0.168839
775 0.166464
776 0.185456
777 0.166201
778 0.147447
779 0.14039
780 0.170247
781 0.174032
782 0.168712
783 0.155368
784 0.167096
785 0.178135
786 0.182289
787 0.160643
788 0.178589
789 0.170203
790 0.155648
791 0.161187
792 0.177764
793 0.191462
794 0.182723
795 0.169744
796 0.183017
797 0.17252
798 0.17825
799 0.164575
800 0.165197
801 0.153968
802 0.170516
803 0.159488
804 0.149607
805 0.151147
806 0.16301
807 0.158118
808 0.163826
809 0.14962
810 0.165915
811 0.161607
812 0.176674
813 0.171142
814 0.165998
815 0.154985
816 0.169307
817 0.180686
818 0.172841
819 0.185146
820 0.178821
821 0.171152
822 0.179274
823 0.179045
824 0.175184
825 0.166059
826 0.159382
827 0.153378
828 0.154485
829 0.168579
830 0.156942
831 0.161954
832 0.160091
833 0.16445
834 0.180945
835 0.172697
836 0.165149
837 0.147489
838 0.179871
839 0.182496
840 0.164343
841 0.159484
842 0.166194
843 0.17825
844 0.162573
845 0.178345
846 0.17993
847 0.163868
848 0.160154
849 0.178423
850 0.177526
851 0.164278
852 0.155978
853 0.158131
854 0.17
855 0.170537
856 0.154749
857 0.162614
858 0.171359
859 0.184225
860 0.165356
861 0.182755
862 0.164327
863 0.183833
864 0.162958
865 0.15594
866 0.166162
867 0.182265
868 0.186036
869 0.167124
870 0.179528
871 0.1754
872 0.19653
873 0.18051
874 0.167498
875 0.166837
876 0.171412
877 0.176875
878 0.171767
879 0.158906
880 0.173247
881 0.189824
882 0.184626
883 0.168489
884 0.172139
885 0.176633
886 0.178159
887 0.164773
888 0.16045
889 0.175396
890 0.174996
891 0.163895
892 0.167207
893 0.189824
894 0.183524
895 0.1778
896 0.179415
897 0.186828
898 0.165222
899 0.18401
900 0.163174
901 0.184047
902 0.146488
903 0.163618
904 0.161514
905 0.193532
906 0.175812
907 0.175158
908 0.185715
909 0.198833
910 0.20553
911 0.181737
912 0.205317
913 0.194995
914 0.181056
915 0.186505
916 0.178481
917 0.197385
918 0.172477
919 0.188559
920 0.179497
921 0.169441
922 0.18258
923 0.16045
924 0.173576
925 0.163403
926 0.163071
927 0.158973
928 0.155954
929 0.181645
930 0.168646
931 0.186825
932 0.160188
933 0.172639
934 0.166044
935 0.178393
936 0.158712
937 0.165561
938 0.156711
939 0.175876
940 0.156679
941 0.162551
942 0.164845
943 0.173205
944 0.145692
945 0.157024
946 0.167843
947 0.165754
948 0.1438
949 0.147895
950 0.167493
951 0.188896
952 0.159288
953 0.148311
954 0.185481
955 0.174409
956 0.166523
957 0.151142
958 0.172521
959 0.158025
960 0.16866
961 0.16291
962 0.165337
963 0.186312
964 0.175334
965 0.167672
966 0.174516
967 0.183927
968 0.189863
969 0.177419
970 0.164388
971 0.19964
972 0.210749
973 0.188317
974 0.159407
975 0.167625
976 0.190456
977 0.180277
978 0.160743
979 0.168383
980 0.166858
981 0.18012
982 0.178116
983 0.179811
984 0.175528
985 0.183099
986 0.178033
987 0.172917
988 0.172122
989 0.168964
990 0.173263
991 0.180484
992 0.154459
993 0.161428
994 0.146479
995 0.180733
996 0.171987
997 0.174601
998 0.154072
999 0.154364
1000 0.189062
1001 0.203807
1002 0.181719
1003 0.163606
1004 0.169662
1005 0.200364
1006 0.187622
1007 0.180945
1008 0.163763
1009 0.180815
1010 0.163882
1011 0.177748
1012 0.157222
1013 0.178875
1014 0.165435
1015 0.175019
1016 0.166866
1017 0.184712
1018 0.178311
1019 0.177144
1020 0.184227
1021 0.170037
1022 0.187291
1023 0.166508
1024 0.162073
1025 0.154222
1026 0.171955
1027 0.157383
1028 0.170106
1029 0.157743
1030 0.170769
1031 0.151589
1032 0.163225
1033 0.163708
1034 0.165877
1035 0.150376
1036 0.150648
1037 0.180007
1038 0.174566
1039 0.173552
1040 0.158612
1041 0.187032
1042 0.181628
1043 0.175684
1044 0.184712
1045 0.181198
1046 0.166577
1047 0.142305
1048 0.183999
1049 0.19192
1050 0.177006
1051 0.165761
1052 0.167002
1053 0.172352
1054 0.198646
1055 0.193877
1056 0.188608
1057 0.181335
1058 0.20263
1059 0.172711
1060 0.185973
1061 0.179455
1062 0.180818
1063 0.167977
1064 0.174593
1065 0.165631
1066 0.167644
1067 0.178041
1068 0.163923
1069 0.167607
1070 0.176475
1071 0.172377
1072 0.174822
1073 0.169318
1074 0.183104
1075 0.174278
1076 0.182963
1077 0.173892
1078 0.19663
1079 0.182169
1080 0.163919
1081 0.166966
1082 0.189424
1083 0.19262
1084 0.17596
1085 0.175818
1086 0.195788
1087 0.176722
1088 0.161298
1089 0.188645
1090 0.199
1091 0.192958
1092 0.165937
1093 0.160693
1094 0.190552
1095 0.174853
1096 0.163921
1097 0.159553
1098 0.193226
1099 0.175694
1100 0.182281
1101 0.161016
1102 0.17191
1103 0.180524
1104 0.196237
1105 0.167296
1106 0.154079
1107 0.181976
1108 0.193449
1109 0.178892
1110 0.189873
1111 0.169831
1112 0.18065
1113 0.177944
1114 0.18812
1115 0.16584
1116 0.158492
1117 0.172426
1118 0.174567
1119 0.170984
1120 0.149767
1121 0.158578
1122 0.179511
1123 0.156825
1124 0.159457
1125 0.16491
1126 0.18914
1127 0.183795
1128 0.184632
1129 0.191571
1130 0.196378
1131 0.193024
1132 0.184604
1133 0.175371
1134 0.189113
1135 0.174858
1136 0.169689
1137 0.181371
1138 0.172582
1139 0.173237
1140 0.184047
1141 0.190044
1142 0.174825
1143 0.196313
1144 0.189289
1145 0.169369
1146 0.195509
1147 0.181583
1148 0.183807
1149 0.154726
1150 0.190698
1151 0.189626
1152 0.191866
1153 0.182663
1154 0.174791
1155 0.182279
1156 0.198399
1157 0.193239
1158 0.170156
1159 0.164423
1160 0.196509
1161 0.176588
1162 0.169537
1163 0.170197
1164 0.191347
1165 0.179046
1166 0.15986
1167 0.178879
1168 0.179078
1169 0.176382
1170 0.153977
1171 0.176391
1172 0.167151
1173 0.192599
1174 0.170645
1175 0.175369
1176 0.189213
1177 0.200502
1178 0.165908
1179 0.174244
1180 0.173676
1181 0.183772
1182 0.164497
1183 0.161368
1184 0.161272
1185 0.179784
1186 0.170504
1187 0.153399
1188 0.164394
1189 0.187652
1190 0.17671
1191 0.174588
1192 0.170681
1193 0.179115
1194 0.155574
1195 0.179329
1196 0.186982
1197 0.180446
1198 0.17729
1199 0.182546
1200 0.178878
1201 0.203567
1202 0.195342
1203 0.164504
1204 0.182455
1205 0.184721
1206 0.173983
1207 0.147367
1208 0.175784
1209 0.172689
1210 0.161268
1211 0.149989
1212 0.177828
1213 0.167865
1214 0.159899
1215 0.151015
1216 0.159337
1217 0.153018
1218 0.183435
1219 0.163958
1220 0.17708
1221 0.162782
1222 0.193534
1223 0.188548
1224 0.185393
1225 0.169732
1226 0.170385
1227 0.18065
1228 0.177004
1229 0.168868
1230 0.156426
1231 0.164131
1232 0.176926
1233 0.180794
1234 0.162021
1235 0.159018
1236 0.183675
1237 0.200386
1238 0.179819
1239 0.197245
1240 0.206936
1241 0.189069
1242 0.184653
1243 0.192215
1244 0.167951
1245 0.157569
1246 0.149365
1247 0.201036
1248 0.168253
1249 0.160376
1250 0.152963
1251 0.165354
1252 0.184291
1253 0.174063
1254 0.163394
1255 0.167285
1256 0.175938
1257 0.196985
1258 0.189625
1259 0.173635
1260 0.164021
1261 0.1809
1262 0.180432
1263 0.151543
1264 0.166946
1265 0.175997
1266 0.183228
1267 0.167562
1268 0.191069
1269 0.170464
1270 0.167938
1271 0.176254
1272 0.183041
1273 0.161878
1274 0.165697
1275 0.157295
1276 0.179523
1277 0.196435
1278 0.20824
1279 0.180319
1280 0.189206
1281 0.179167
1282 0.189399
1283 0.176542
1284 0.20108
1285 0.165146
1286 0.179802
1287 0.158412
1288 0.190546
1289 0.158513
1290 0.179609
1291 0.182189
1292 0.178819
1293 0.17944
1294 0.168109
1295 0.166885
1296 0.167972
1297 0.190328
1298 0.172317
1299 0.176921
1300 0.17832
1301 0.170037
1302 0.184404
1303 0.171063
1304 0.178056
1305 0.171927
1306 0.188702
1307 0.16487
1308 0.171354
1309 0.171451
1310 0.15663
1311 0.151123
1312 0.165961
1313 0.154199
1314 0.148536
1315 0.160367
1316 0.178265
1317 0.166245
1318 0.152242
1319 0.195954
1320 0.165569
1321 0.157633
1322 0.150232
1323 0.17272
1324 0.157256
1325 0.157689
1326 0.153975
1327 0.175123
1328 0.164538
1329 0.172939
1330 0.161196
1331 0.182577
1332 0.167077
1333 0.160343
1334 0.166493
1335 0.177849
1336 0.18138
1337 0.149725
1338 0.158597
1339 0.160069
1340 0.186801
1341 0.17074
1342 0.167367
1343 0.180232
1344 0.173849
1345 0.163798
1346 0.190751
1347 0.203902
1348 0.164575
1349 0.167048
1350 0.170731
1351 0.18017
1352 0.166243
1353 0.178735
1354 0.165067
1355 0.177034
1356 0.179857
1357 0.184151
1358 0.174623
1359 0.183805
1360 0.18199
1361 0.168093
1362 0.163693
1363 0.166848
1364 0.172
1365 0.150301
1366 0.173054
1367 0.151051
1368 0.171699
1369 0.171009
1370 0.18354
1371 0.167789
1372 0.174998
1373 0.182642
1374 0.182069
1375 0.186255
1376 0.194712
1377 0.168475
1378 0.17782
1379 0.171275
1380 0.15897
1381 0.166052
1382 0.18904
1383 0.188224
1384 0.162568
1385 0.198508
1386 0.190262
1387 0.181285
1388 0.19307
1389 0.189908
1390 0.191992
1391 0.189554
1392 0.1923
1393 0.178573
1394 0.177233
1395 0.193864
1396 0.199019
1397 0.185085
1398 0.169901
1399 0.181173
1400 0.17333
1401 0.177088
1402 0.19009
1403 0.1709
1404 0.171801
1405 0.180504
1406 0.161155
1407 0.156016
1408 0.190813
1409 0.193453
1410 0.172784
1411 0.161262
1412 0.185018
1413 0.181291
1414 0.185834
1415 0.165041
1416 0.177755
1417 0.165521
1418 0.186528
1419 0.155417
1420 0.165754
1421 0.176765
1422 0.164436
1423 0.154566
1424 0.184095
1425 0.175058
1426 0.165668
1427 0.159619
1428 0.171347
1429 0.163282
1430 0.166934
1431 0.155095
1432 0.157026
1433 0.18703
1434 0.161278
1435 0.164424
1436 0.168236
1437 0.170254
1438 0.157953
1439 0.173024
1440 0.185493
1441 0.156618
1442 0.151891
1443 0.175235
1444 0.188094
1445 0.17113
1446 0.158695
1447 0.182324
1448 0.203146
1449 0.179231
1450 0.175338
1451 0.200718
1452 0.187315
1453 0.201564
1454 0.189617
1455 0.18828
1456 0.164642
1457 0.173531
1458 0.185062
1459 0.165631
1460 0.164882
1461 0.177248
1462 0.188138
1463 0.174062
1464 0.16992
1465 0.188988
1466 0.188471
1467 0.187921
1468 0.188809
1469 0.183297
1470 0.187619
1471 0.185787
1472 0.175383
1473 0.167854
1474 0.189028
1475 0.185731
1476 0.156263
1477 0.173213
1478 0.201561
1479 0.192991
1480 0.185763
1481 0.202287
1482 0.185017
1483 0.202284
1484 0.198562
1485 0.193263
1486 0.193133
1487 0.180053
1488 0.173456
1489 0.189378
1490 0.189676
1491 0.164211
1492 0.149419
1493 0.163006
1494 0.195566
1495 0.163987
1496 0.170357
1497 0.154347
1498 0.183763
1499 0.160275
1500 0.183976
1501 0.166044
1502 0.175637
1503 0.157137
1504 0.182659
1505 0.176547
1506 0.173552
1507 0.159507
1508 0.16772
1509 0.180204
1510 0.182906
1511 0.164089
1512 0.162536
1513 0.173483
1514 0.1928
1515 0.182687
1516 0.178256
1517 0.178928
1518 0.197384
1519 0.186308
1520 0.188902
1521 0.167446
1522 0.170046
1523 0.159079
1524 0.166554
1525 0.170943
1526 0.149361
1527 0.148313
1528 0.15428
1529 0.170676
1530 0.160513
1531 0.181115
1532 0.175229
1533 0.17955
1534 0.183801
1535 0.192344
1536 0.179999
1537 0.181929
1538 0.172722
1539 0.161872
1540 0.1759
1541 0.180465
1542 0.169612
1543 0.155146
1544 0.16227
1545 0.166359
1546 0.17245
1547 0.158223
1548 0.169332
1549 0.165008
1550 0.18943
1551 0.165609
1552 0.17832
1553 0.16568
1554 0.188329
1555 0.186717
1556 0.163883
1557 0.178121
1558 0.192632
1559 0.201582
1560 0.161903
1561 0.174431
1562 0.173209
1563 0.189717
1564 0.172948
1565 0.173631
1566 0.16137
1567 0.188517
1568 0.190989
1569 0.172474
1570 0.182083
1571 0.180364
1572 0.164829
1573 0.15528
1574 0.171735
1575 0.166378
1576 0.175411
1577 0.165634
1578 0.157439
1579 0.1705
1580 0.189618
1581 0.183841
1582 0.165555
1583 0.161289
1584 0.194238
1585 0.191874
1586 0.16465
1587 0.15232
1588 0.169259
1589 0.183416
1590 0.15922
1591 0.175422
1592 0.170278
1593 0.178349
1594 0.187844
1595 0.184234
1596 0.186583
1597 0.183241
1598 0.198207
1599 0.164772
1600 0.162774
1601 0.173917
1602 0.185783
1603 0.174396
1604 0.166358
1605 0.174775
1606 0.18129
1607 0.172043
1608 0.193151
1609 0.191943
1610 0.19581
1611 0.192791
1612 0.201825
1613 0.170652
1614 0.19398
1615 0.202562
1616 0.195843
1617 0.165215
1618 0.184495
1619 0.196713
1620 0.176128
1621 0.156429
1622 0.1734
1623 0.170141
1624 0.168374
1625 0.182726
1626 0.177131
1627 0.153471
1628 0.18189
1629 0.176153
1630 0.201061
1631 0.18487
1632 0.179078
1633 0.168549
1634 0.192784
1635 0.178666
1636 0.17537
1637 0.186654
1638 0.194879
1639 0.181661
1640 0.172491
1641 0.203681
1642 0.171836
1643 0.179745
1644 0.168996
1645 0.202071
1646 0.159797
1647 0.172508
1648 0.156359
1649 0.178264
1650 0.145607
1651 0.181715
1652 0.169241
1653 0.164958
1654 0.160321
1655 0.160218
1656 0.156983
1657 0.169483
1658 0.155171
1659 0.158249
1660 0.139548
1661 0.140564
1662 0.144898
1663 0.158412
1664 0.152865
1665 0.152122
1666 0.157157
1667 0.176815
1668 0.162247
1669 0.17075
1670 0.153776
1671 0.181682
1672 0.176906
1673 0.182025
1674 0.161921
1675 0.193987
1676 0.186242
1677 0.173967
1678 0.181626
1679 0.192527
1680 0.182581
1681 0.15677
1682 0.185219
1683 0.164261
1684 0.175499
1685 0.168926
1686 0.178958
1687 0.169006
1688 0.168539
1689 0.175108
1690 0.184179
1691 0.17666
1692 0.17288
1693 0.166099
1694 0.18139
1695 0.185291
1696 0.190873
1697 0.178691
1698 0.157778
1699 0.180241
1700 0.19375
1701 0.178709
1702 0.163272
1703 0.164136
1704 0.175983
1705 0.178028
1706 0.168219
1707 0.18273
1708 0.164505
1709 0.190652
1710 0.174781
1711 0.189317
1712 0.158938
1713 0.172086
1714 0.186119
1715 0.178249
1716 0.170393
1717 0.185702
1718 0.179902
1719 0.163694
1720 0.167515
1721 0.202177
1722 0.181956
1723 0.171759
1724 0.169917
1725 0.192632
1726 0.178367
1727 0.166513
1728 0.181423
1729 0.214062
1730 0.159244
1731 0.159446
1732 0.169884
1733 0.194609
1734 0.169873
1735 0.153615
1736 0.183398
1737 0.1749
1738 0.178427
1739 0.15169
1740 0.164628
1741 0.170145
1742 0.17794
1743 0.166625
1744 0.201593
1745 0.168745
1746 0.172535
1747 0.176306
1748 0.181943
1749 0.159545
1750 0.162474
1751 0.19083
1752 0.169731
1753 0.184097
1754 0.153418
1755 0.183818
1756 0.185685
1757 0.193972
1758 0.181767
1759 0.172068
1760 0.185164
1761 0.174734
1762 0.16482
1763 0.154777
1764 0.184209
1765 0.182644
1766 0.179341
1767 0.16074
1768 0.176908
1769 0.168298
1770 0.189435
1771 0.191739
1772 0.160134
1773 0.16489
1774 0.187942
1775 0.203737
1776 0.190348
1777 0.172132
1778 0.197101
1779 0.217255
1780 0.193326
1781 0.18239
1782 0.183649
1783 0.187821
1784 0.184008
1785 0.183253
1786 0.172365
1787 0.161143
1788 0.176571
1789 0.185834
1790 0.178842
1791 0.155079
1792 0.18096
1793 0.181239
1794 0.175959
1795 0.16286
1796 0.184079
1797 0.151715
1798 0.1488
1799 0.170431
1800 0.181226
1801 0.165539
1802 0.139899
1803 0.160109
1804 0.17776
1805 0.163531
1806 0.164692
1807 0.163285
1808 0.154328
1809 0.156926
1810 0.177598
1811 0.172072
1812 0.168035
1813 0.176601
1814 0.177647
1815 0.184693
1816 0.196958
1817 0.183299
1818 0.169474
1819 0.184256
1820 0.184624
1821 0.185536
1822 0.16333
1823 0.1738
1824 0.182267
1825 0.175984
1826 0.182844
1827 0.168296
1828 0.186284
1829 0.157091
1830 0.190779
1831 0.169422
1832 0.158831
1833 0.150291
1834 0.170426
1835 0.163221
1836 0.142273
1837 0.157078
1838 0.171882
1839 0.179764
1840 0.179003
1841 0.185077
1842 0.178153
1843 0.18979
1844 0.191277
1845 0.179703
1846 0.175052
1847 0.185322
1848 0.180177
1849 0.177644
1850 0.158273
1851 0.173286
1852 0.200457
1853 0.167776
1854 0.155362
1855 0.172421
1856 0.176516
1857 0.179507
1858 0.168634
1859 0.172725
1860 0.153678
1861 0.173531
1862 0.172336
1863 0.168612
1864 0.17176
1865 0.176361
1866 0.169351
1867 0.170935
1868 0.188425
1869 0.193265
1870 0.181707
1871 0.189412
1872 0.193762
1873 0.195041
1874 0.169123
1875 0.180875
1876 0.205038
1877 0.180385
1878 0.174243
1879 0.186431
1880 0.173953
1881 0.16821
1882 0.18434
1883 0.188815
1884 0.165608
1885 0.167389
1886 0.181244
1887 0.174218
1888 0.193678
1889 0.172122
1890 0.146423
1891 0.178249
1892 0.193505
1893 0.177995
1894 0.166264
1895 0.175364
1896 0.181472
1897 0.183166
1898 0.169456
1899 0.178757
1900 0.166694
1901 0.152103
1902 0.159777
1903 0.172542
1904 0.161373
1905 0.157867
1906 0.158292
1907 0.175183
1908 0.158896
1909 0.165343
1910 0.148365
1911 0.185759
1912 0.16054
1913 0.165329
1914 0.147887
1915 0.17875
1916 0.183414
1917 0.182116
1918 0.153847
1919 0.164312
1920 0.190492
1921 0.174125
1922 0.159655
1923 0.168253
1924 0.179459
1925 0.16481
1926 0.173308
1927 0.174301
1928 0.187626
1929 0.171628
1930 0.176719
1931 0.175895
1932 0.173529
1933 0.162123
1934 0.166866
1935 0.178851
1936 0.175366
1937 0.165347
1938 0.186779
1939 0.175503
1940 0.179196
1941 0.18897
1942 0.185067
1943 0.181052
1944 0.161918
1945 0.165314
1946 0.166694
1947 0.176575
1948 0.167168
1949 0.150672
1950 0.15734
1951 0.167955
1952 0.187805
1953 0.167533
1954 0.155527
1955 0.166477
1956 0.176355
1957 0.173277
1958 0.168106
1959 0.186139
1960 0.169494
1961 0.174415
1962 0.153986
1963 0.196379
1964 0.188177
1965 0.191054
1966 0.166407
1967 0.173674
1968 0.183247
1969 0.178265
1970 0.171414
1971 0.156021
1972 0.18359
1973 0.163201
1974 0.164735
1975 0.167656
1976 0.180887
1977 0.182222
1978 0.18459
1979 0.163032
1980 0.180378
1981 0.194074
1982 0.199537
1983 0.17974
1984 0.191548
1985 0.192483
1986 0.206376
1987 0.17553
1988 0.182227
1989 0.166033
1990 0.190598
1991 0.170814
1992 0.167596
1993 0.170493
1994 0.165322
1995 0.158361
1996 0.179778
1997 0.190188
1998 0.143864
1999 0.154089
2000 0.168244
2001 0.177541
2002 0.156532
2003 0.167726
2004 0.194749
2005 0.182767
2006 0.189038
2007 0.161585
2008 0.193098
2009 0.196773
2010 0.188735
2011 0.175946
2012 0.185978
2013 0.171216
2014 0.155796
2015 0.173842
2016 0.177016
2017 0.180308
2018 0.17244
2019 0.177147
2020 0.205702
2021 0.174101
2022 0.187271
2023 0.172422
2024 0.173275
2025 0.169794
2026 0.178786
2027 0.168834
2028 0.155036
2029 0.185981
2030 0.16848
2031 0.168905
2032 0.179968
2033 0.17674
2034 0.1733
2035 0.17749
2036 0.184666
2037 0.179893
2038 0.168527
2039 0.16852
2040 0.184447
2041 0.188025
2042 0.190797
2043 0.184695
2044 0.183983
2045 0.192226
2046 0.210673
2047 0.199464
2048 0.174773
2049 0.171215
2050 0.184989
2051 0.18814
2052 0.163003
2053 0.136971
2054 0.168989
2055 0.167575
2056 0.177939
2057 0.172893
2058 0.184299
2059 0.174999
2060 0.198103
2061 0.213687
2062 0.193758
2063 0.182464
2064 0.207443
2065 0.214315
2066 0.196537
2067 0.181175
2068 0.176421
2069 0.194679
2070 0.188163
2071 0.168426
2072 0.149378
2073 0.173895
2074 0.178909
2075 0.175842
2076 0.163938
2077 0.172752
2078 0.168182
2079 0.187552
2080 0.193781
2081 0.187387
2082 0.175884
2083 0.177816
2084 0.19107
2085 0.176222
2086 0.177949
2087 0.184115
2088 0.189554
2089 0.162752
2090 0.163373
2091 0.163533
2092 0.163097
2093 0.146862
2094 0.162427
2095 0.159414
2096 0.152122
2097 0.165559
2098 0.187876
2099 0
