0 -7.11593
1 -3.51706
2 -0.0153142
3 -2.43127
4 -1.05367
5 -0.179234
6 0.0968059
7 0.0303719
8 0.255971
9 -0.00589103
10 0.832134
11 0.237626
12 -0.070972
13 0.979496
14 -0.669264
15 1.93465
16 -0.731916
17 1.6634
18 0.990689
19 -1.51781
20 1.84027
21 0.362598
22 0.155568
23 0.3747
24 0.1949
25 0.359549
26 0.450941
27 0.398482
28 0.395738
29 0.36384
30 0.317796
31 0.433664
32 0.373314
33 0.291831
34 0.27505
35 0.265767
36 0.383782
37 0.490893
38 0.347693
39 0.366448
40 0.472954
41 0.559073
42 0.553847
43 0.604041
44 0.538353
45 0.559293
46 0.528832
47 0.525033
48 0.337387
49 0.303762
50 0.487013
51 0.337263
52 0.396477
53 0.443147
54 0.283643
55 0.42015
56 0.387314
57 0.357327
58 0.38986
59 0.235626
60 0.179273
61 0.170034
62 0.376893
63 0.248924
64 0.368277
65 0.322812
66 0.289427
67 0.295401
68 0.346288
69 0.503226
70 0.36921
71 0.312546
72 0.398847
73 0.427811
74 0.351409
75 0.249053
76 0.221585
77 0.262375
78 0.32461
79 0.239091
80 0.366111
81 0.447314
82 0.410229
83 0.506242
84 0.371645
85 0.473997
86 0.358196
87 0.330456
88 0.278762
89 0.196201
90 0.327176
91 0.303828
92 0.360207
93 0.261204
94 0.246993
95 0.35165
96 0.305863
97 0.25497
98 0.236508
99 0.337071
100 0.224573
101 0.213858
102 0.284854
103 0.464193
104 0.30013
105 0.249421
106 0.405412
107 0.351072
108 0.23514
109 0.240962
110 0.270438
111 0.291909
112 0.208015
113 0.245745
114 0.240934
115 0.420087
116 0.505266
117 0.53141
118 0.437696
119 0.331787
120 0.444628
121 0.318102
122 0.478399
123 0.379738
124 0.362301
125 0.358761
126 0.414718
127 0.401137
128 0.495681
129 0.47194
130 0.410704
131 0.390974
132 0.344514
133 0.34479
134 0.412121
135 0.329443
136 0.292732
137 0.469133
138 0.54397
139 0.476285
140 0.48113
141 0.530698
142 0.47379
143 0.296811
144 0.334868
145 0.24825
146 0.238634
147 0.432127
148 0.386223
149 0.437833
150 0.307847
151 0.371792
152 0.384471
153 0.440432
154 0.323773
155 0.383398
156 0.38815
157 0.391022
158 0.453833
159 0.513307
160 0.416318
161 0.280827
162 0.284725
163 0.245469
164 0.372806
165 0.456949
166 0.557978
167 0.541303
168 0.442656
169 0.355715
170 0.445244
171 0.476582
172 0.348226
173 0.38098
174 0.35412
175 0.315605
176 0.457894
177 0.293179
178 0.485677
179 0.487112
180 0.579864
181 0.431726
182 0.346346
183 0.4834
184 0.293266
185 0.422983
186 0.262453
187 0.418504
188 0.487772
189 0.429175
190 0.417964
191 0.5473
192 0.464211
193 0.540209
194 0.495484
195 0.41329
196 0.464994
197 0.281258
198 0.264318
199 0.200119
200 0.203291
201 0.367388
202 0.433857
203 0.442902
204 0.419699
205 0.469431
206 0.329651
207 0.23704
208 0.230412
209 0.438549
210 0.514783
211 0.300438
212 0.509467
213 0.443685
214 0.366932
215 0.353506
216 0.505706
217 0.307234
218 0.433447
219 0.473667
220 0.303144
221 0.498509
222 0.451382
223 0.31665
224 0.49299
225 0.412884
226 0.392213
227 0.460888
228 0.380155
229 0.259253
230 0.446079
231 0.502539
232 0.315605
233 0.431604
234 0.429465
235 0.501469
236 0.498316
237 0.589469
238 0.370316
239 0.470741
240 0.533506
241 0.397624
242 0.383583
243 0.27104
244 0.270304
245 0.295604
246 0.242298
247 0.477812
248 0.439013
249 0.295054
250 0.474505
251 0.385733
252 0.541787
253 0.379407
254 0.381547
255 0.305476
256 0.314607
257 0.376402
258 0.387194
259 0.362267
260 0.445096
261 0.50251
262 0.426103
263 0.304034
264 0.344082
265 0.388977
266 0.278353
267 0.492548
268 0.552513
269 0.365602
270 0.481146
271 0.43767
272 0.325178
273 0.344044
274 0.441611
275 0.492623
276 0.566789
277 0.420086
278 0.264594
279 0.485369
280 0.291161
281 0.478225
282 0.513348
283 0.308714
284 0.523646
285 0.305513
286 0.469861
287 0.396969
288 0.497915
289 0.484109
290 0.417846
291 0.544212
292 0.570016
293 0.552623
294 0.398237
295 0.48472
296 0.384836
297 0.46207
298 0.353836
299 0.38824
300 0.514554
301 0.442497
302 0.485696
303 0.415899
304 0.388355
305 0.245186
306 0.386806
307 0.476397
308 0.409278
309 0.449675
310 0.546138
311 0.593817
312 0.439969
313 0.272896
314 0.24751
315 0.245717
316 0.374701
317 0.418516
318 0.548205
319 0.344894
320 0.478685
321 0.408022
322 0.372145
323 0.521689
324 0.355032
325 0.455426
326 0.4032
327 0.438712
328 0.44547
329 0.44546
330 0.364509
331 0.414191
332 0.39083
333 0.378538
334 0.311243
335 0.370689
336 0.240298
337 0.367142
338 0.428478
339 0.337899
340 0.331574
341 0.309828
342 0.388061
343 0.424962
344 0.424617
345 0.30568
346 0.265167
347 0.290565
348 0.460976
349 0.348611
350 0.482862
351 0.34537
352 0.434936
353 0.529049
354 0.321271
355 0.515003
356 0.294334
357 0.369596
358 0.428522
359 0.541513
360 0.436956
361 0.464565
362 0.500166
363 0.33393
364 0.328674
365 0.406325
366 0.273118
367 0.341219
368 0.247139
369 0.393239
370 0.465788
371 0.316186
372 0.391679
373 0.2527
374 0.214565
375 0.253598
376 0.344805
377 0.353862
378 0.426415
379 0.501314
380 0.557297
381 0.520081
382 0.492622
383 0.388778
384 0.251173
385 0.320597
386 0.376655
387 0.271552
388 0.327942
389 0.31648
390 0.478023
391 0.452737
392 0.331593
393 0.288664
394 0.381031
395 0.413141
396 0.356547
397 0.24645
398 0.336167
399 0.365185
400 0.428508
401 0.373858
402 0.475712
403 0.50257
404 0.36977
405 0.445897
406 0.476881
407 0.310275
408 0.493826
409 0.492408
410 0.570337
411 0.462484
412 0.455317
413 0.530915
414 0.507241
415 0.500933
416 0.537567
417 0.391681
418 0.545559
419 0.501185
420 0.589359
421 0.385152
422 0.265103
423 0.405911
424 0.248051
425 0.24909
426 0.325389
427 0.2487
428 0.460416
429 0.393612
430 0.550764
431 0.368169
432 0.282345
433 0.307115
434 0.477383
435 0.510681
436 0.366932
437 0.544673
438 0.523876
439 0.374452
440 0.390557
441 0.456546
442 0.530531
443 0.51104
444 0.557236
445 0.550325
446 0.439638
447 0.34033
448 0.298799
449 0.396569
450 0.286983
451 0.364664
452 0.423375
453 0.467997
454 0.278093
455 0.246117
456 0.23169
457 0.295946
458 0.275931
459 0.403503
460 0.516702
461 0.518663
462 0.312614
463 0.483551
464 0.534302
465 0.459301
466 0.584437
467 0.606248
468 0.481479
469 0.458275
470 0.469584
471 0.336082
472 0.458202
473 0.344226
474 0.524431
475 0.522472
476 0.5987
477 0.575459
478 0.508047
479 0.609462
480 0.336109
481 0.457219
482 0.511669
483 0.542658
484 0.494233
485 0.352337
486 0.48273
487 0.501167
488 0.523908
489 0.364915
490 0.289701
491 0.454741
492 0.41743
493 0.263867
494 0.417092
495 0.280049
496 0.41759
497 0.380318
498 0.291991
499 0.302219
500 0.267425
501 0.373021
502 0.403012
503 0.444785
504 0.279533
505 0.497813
506 0.550639
507 0.534225
508 0.337867
509 0.359403
510 0.26263
511 0.274805
512 0.454068
513 0.373412
514 0.52762
515 0.448649
516 0.561169
517 0.52677
518 0.481636
519 0.490849
520 0.539051
521 0.392063
522 0.365375
523 0.350705
524 0.471895
525 0.322135
526 0.37173
527 0.483307
528 0.449787
529 0.467528
530 0.421871
531 0.487544
532 0.550396
533 0.606864
534 0.562817
535 0.467006
536 0.359093
537 0.433352
538 0.447501
539 0.379329
540 0.54163
541 0.498903
542 0.450022
543 0.349453
544 0.481179
545 0.536267
546 0.337387
547 0.283567
548 0.37092
549 0.41982
550 0.471307
551 0.405113
552 0.339451
553 0.358172
554 0.35998
555 0.493673
556 0.45946
557 0.360632
558 0.477272
559 0.552308
560 0.510284
561 0.428497
562 0.276623
563 0.398414
564 0.416407
565 0.425833
566 0.340018
567 0.409171
568 0.338589
569 0.327534
570 0.451799
571 0.47273
572 0.327707
573 0.331735
574 0.315642
575 0.210868
576 0.351036
577 0.457233
578 0.522315
579 0.355327
580 0.37259
581 0.37869
582 0.268728
583 0.354
584 0.394545
585 0.535524
586 0.599619
587 0.635157
588 0.603841
589 0.422874
590 0.494539
591 0.38212
592 0.543808
593 0.318453
594 0.540318
595 0.394937
596 0.320622
597 0.468064
598 0.354406
599 0.478909
600 0.447304
601 0.370451
602 0.411341
603 0.491644
604 0.382366
605 0.466573
606 0.359009
607 0.401483
608 0.254681
609 0.445323
610 0.35163
611 0.239551
612 0.429697
613 0.243039
614 0.27279
615 0.31266
616 0.332372
617 0.254573
618 0.251119
619 0.356372
620 0.287738
621 0.26814
622 0.210757
623 0.300567
624 0.319726
625 0.420838
626 0.376349
627 0.539591
628 0.417725
629 0.317612
630 0.294944
631 0.457146
632 0.412866
633 0.358153
634 0.4547
635 0.427989
636 0.312823
637 0.286578
638 0.459455
639 0.335181
640 0.425817
641 0.352481
642 0.34452
643 0.498788
644 0.547213
645 0.519351
646 0.529172
647 0.468912
648 0.521861
649 0.338524
650 0.345403
651 0.298744
652 0.451487
653 0.466338
654 0.514677
655 0.478686
656 0.314868
657 0.387953
658 0.447628
659 0.368183
660 0.409796
661 0.266996
662 0.312156
663 0.278276
664 0.251201
665 0.289695
666 0.40466
667 0.305995
668 0.436107
669 0.450729
670 0.372796
671 0.251004
672 0.260694
673 0.224558
674 0.391933
675 0.335144
676 0.301041
677 0.479674
678 0.5405
679 0.309494
680 0.406597
681 0.430406
682 0.426813
683 0.561993
684 0.362237
685 0.284987
686 0.281387
687 0.371677
688 0.308015
689 0.317929
690 0.277291
691 0.216509
692 0.193651
693 0.342344
694 0.330009
695 0.259295
696 0.275943
697 0.309691
698 0.437466
699 0.390607
700 0.379107
701 0.384094
702 0.421322
703 0.47282
704 0.451575
705 0.438322
706 0.491249
707 0.561661
708 0.475231
709 0.407677
710 0.263049
711 0.246617
712 0.44046
713 0.256507
714 0.381431
715 0.264737
716 0.388568
717 0.50198
718 0.579383
719 0.506624
720 0.585355
721 0.466517
722 0.345795
723 0.310595
724 0.259711
725 0.443576
726 0.521443
727 0.372783
728 0.396589
729 0.522536
730 0.431777
731 0.29611
732 0.335738
733 0.232945
734 0.416801
735 0.339706
736 0.508356
737 0.459371
738 0.398941
739 0.448503
740 0.471215
741 0.393103
742 0.263231
743 0.412235
744 0.240067
745 0.300912
746 0.403894
747 0.271467
748 0.196313
749 0.24488
750 0.379663
751 0.235233
752 0.273117
753 0.389267
754 0.243982
755 0.412546
756 0.368175
757 0.246674
758 0.25731
759 0.37726
760 0.495053
761 0.441472
762 0.574172
763 0.47317
764 0.45559
765 0.28136
766 0.279446
767 0.304579
768 0.203732
769 0.370183
770 0.491237
771 0.496627
772 0.505423
773 0.361074
774 0.244536
775 0.188534
776 0.395871
777 0.320431
778 0.227419
779 0.196433
780 0.226611
781 0.405649
782 0.50383
783 0.332803
784 0.495916
785 0.36238
786 0.298528
787 0.314041
788 0.33445
789 0.403337
790 0.323067
791 0.312622
792 0.455287
793 0.462752
794 0.513383
795 0.402302
796 0.418439
797 0.295454
798 0.322528
799 0.287177
800 0.257028
801 0.234542
802 0.37377
803 0.332299
804 0.233477
805 0.232646
806 0.279053
807 0.22593
808 0.396714
809 0.319296
810 0.382022
811 0.350517
812 0.389137
813 0.489525
814 0.313848
815 0.305488
816 0.358917
817 0.346361
818 0.51584
819 0.570491
820 0.41295
821 0.391258
822 0.328215
823 0.301983
824 0.351103
825 0.262769
826 0.241433
827 0.235914
828 0.197033
829 0.430359
830 0.355831
831 0.40087
832 0.336794
833 0.23592
834 0.440979
835 0.356041
836 0.264376
837 0.255773
838 0.280702
839 0.443255
840 0.365991
841 0.331683
842 0.399884
843 0.304367
844 0.291327
845 0.431666
846 0.397447
847 0.340251
848 0.381983
849 0.336711
850 0.385265
851 0.299875
852 0.217081
853 0.194931
854 0.365321
855 0.405344
856 0.401617
857 0.499618
858 0.382152
859 0.457493
860 0.326717
861 0.341138
862 0.278959
863 0.407811
864 0.331419
865 0.245138
866 0.439832
867 0.409946
868 0.552077
869 0.451829
870 0.391375
871 0.37966
872 0.435946
873 0.382323
874 0.347957
875 0.311986
876 0.288547
877 0.378604
878 0.384042
879 0.308761
880 0.456766
881 0.505653
882 0.442727
883 0.401905
884 0.295537
885 0.338603
886 0.367619
887 0.314025
888 0.31103
889 0.44871
890 0.403629
891 0.371224
892 0.425355
893 0.4511
894 0.420285
895 0.495814
896 0.427926
897 0.461634
898 0.27867
899 0.374727
900 0.281334
901 0.415621
902 0.256316
903 0.28063
904 0.360566
905 0.508786
906 0.550206
907 0.480448
908 0.528904
909 0.49091
910 0.581456
911 0.445203
912 0.532118
913 0.59533
914 0.332002
915 0.532733
916 0.337268
917 0.433347
918 0.408157
919 0.38283
920 0.521549
921 0.336214
922 0.396424
923 0.24517
924 0.257415
925 0.347271
926 0.287197
927 0.420125
928 0.358284
929 0.479423
930 0.342591
931 0.425298
932 0.281134
933 0.268359
934 0.38282
935 0.357043
936 0.305919
937 0.333729
938 0.227786
939 0.400188
940 0.244471
941 0.285838
942 0.395444
943 0.309515
944 0.230443
945 0.307089
946 0.286541
947 0.329831
948 0.227231
949 0.202722
950 0.349331
951 0.454902
952 0.32805
953 0.283359
954 0.46514
955 0.261702
956 0.336929
957 0.271641
958 0.207033
959 0.376732
960 0.402651
961 0.419735
962 0.499309
963 0.469812
964 0.374328
965 0.326275
966 0.274252
967 0.482486
968 0.552111
969 0.5201
970 0.416399
971 0.524795
972 0.541982
973 0.415144
974 0.262781
975 0.225804
976 0.34203
977 0.426021
978 0.389892
979 0.483333
980 0.332353
981 0.406723
982 0.399059
983 0.369279
984 0.463157
985 0.4226
986 0.43202
987 0.385915
988 0.32616
989 0.284443
990 0.291103
991 0.425449
992 0.267398
993 0.311949
994 0.205329
995 0.366227
996 0.441956
997 0.462683
998 0.320203
999 0.245247
1000 0.443711
1001 0.484235
1002 0.521459
1003 0.484316
1004 0.311258
1005 0.516987
1006 0.33624
1007 0.472026
1008 0.396157
1009 0.35279
1010 0.321919
1011 0.380969
1012 0.23047
1013 0.475239
1014 0.353784
1015 0.410508
1016 0.450683
1017 0.394398
1018 0.477755
1019 0.398821
1020 0.397987
1021 0.303571
1022 0.411951
1023 0.291583
1024 0.274637
1025 0.248072
1026 0.274886
1027 0.249071
1028 0.40384
1029 0.295371
1030 0.35488
1031 0.226815
1032 0.291612
1033 0.327787
1034 0.315907
1035 0.252112
1036 0.197847
1037 0.424813
1038 0.422583
1039 0.545051
1040 0.448646
1041 0.444716
1042 0.387629
1043 0.274389
1044 0.453461
1045 0.42006
1046 0.297957
1047 0.245925
1048 0.356649
1049 0.457002
1050 0.478475
1051 0.443088
1052 0.342901
1053 0.29866
1054 0.472827
1055 0.496915
1056 0.574257
1057 0.541543
1058 0.587376
1059 0.328938
1060 0.381023
1061 0.312054
1062 0.291866
1063 0.462351
1064 0.407216
1065 0.314589
1066 0.411202
1067 0.32167
1068 0.263034
1069 0.423168
1070 0.356809
1071 0.414314
1072 0.528901
1073 0.368425
1074 0.54443
1075 0.351007
1076 0.35217
1077 0.393447
1078 0.432033
1079 0.522185
1080 0.376931
1081 0.311465
1082 0.445036
1083 0.380848
1084 0.44636
1085 0.458114
1086 0.565038
1087 0.461808
1088 0.288581
1089 0.374682
1090 0.446238
1091 0.453747
1092 0.374873
1093 0.269623
1094 0.445405
1095 0.291406
1096 0.332089
1097 0.319502
1098 0.478447
1099 0.4019
1100 0.547702
1101 0.313686
1102 0.297987
1103 0.437295
1104 0.451523
1105 0.326775
1106 0.381502
1107 0.409216
1108 0.464948
1109 0.500206
1110 0.595381
1111 0.324803
1112 0.400349
1113 0.347089
1114 0.387511
1115 0.334138
1116 0.226941
1117 0.402706
1118 0.386254
1119 0.316557
1120 0.221261
1121 0.179321
1122 0.422572
1123 0.268737
1124 0.397386
1125 0.506001
1126 0.490118
1127 0.579253
1128 0.476736
1129 0.460819
1130 0.536661
1131 0.43098
1132 0.494665
1133 0.386666
1134 0.443268
1135 0.355639
1136 0.309031
1137 0.471366
1138 0.324008
1139 0.527766
1140 0.553281
1141 0.494683
1142 0.512513
1143 0.528653
1144 0.413987
1145 0.325389
1146 0.509384
1147 0.391511
1148 0.53201
1149 0.294921
1150 0.407716
1151 0.494705
1152 0.467706
1153 0.584611
1154 0.422712
1155 0.382436
1156 0.521209
1157 0.391483
1158 0.369597
1159 0.336225
1160 0.467643
1161 0.421657
1162 0.388108
1163 0.415442
1164 0.469123
1165 0.412631
1166 0.263957
1167 0.416144
1168 0.299437
1169 0.386427
1170 0.279755
1171 0.345779
1172 0.37236
1173 0.517333
1174 0.408446
1175 0.490102
1176 0.499859
1177 0.470384
1178 0.343171
1179 0.335982
1180 0.269667
1181 0.374544
1182 0.309603
1183 0.285639
1184 0.339541
1185 0.375926
1186 0.391674
1187 0.325089
1188 0.282838
1189 0.482957
1190 0.3669
1191 0.4227
1192 0.540666
1193 0.370315
1194 0.24666
1195 0.382964
1196 0.364444
1197 0.450591
1198 0.558149
1199 0.451036
1200 0.505944
1201 0.570396
1202 0.441798
1203 0.306084
1204 0.36764
1205 0.329441
1206 0.340049
1207 0.2195
1208 0.415939
1209 0.421084
1210 0.26216
1211 0.265333
1212 0.283349
1213 0.234759
1214 0.418836
1215 0.253802
1216 0.353691
1217 0.235464
1218 0.425572
1219 0.409154
1220 0.463551
1221 0.415644
1222 0.546107
1223 0.468606
1224 0.39346
1225 0.292479
1226 0.239144
1227 0.349958
1228 0.379434
1229 0.394076
1230 0.40843
1231 0.267682
1232 0.317983
1233 0.411129
1234 0.280101
1235 0.507008
1236 0.534717
1237 0.610736
1238 0.625113
1239 0.556362
1240 0.578395
1241 0.365454
1242 0.331676
1243 0.44603
1244 0.26913
1245 0.296942
1246 0.214704
1247 0.455942
1248 0.480998
1249 0.289001
1250 0.245578
1251 0.217436
1252 0.331683
1253 0.455627
1254 0.391604
1255 0.521787
1256 0.431457
1257 0.56017
1258 0.480026
1259 0.301746
1260 0.229383
1261 0.30728
1262 0.35973
1263 0.225574
1264 0.478726
1265 0.418008
1266 0.511304
1267 0.49981
1268 0.455875
1269 0.297871
1270 0.259414
1271 0.320241
1272 0.412411
1273 0.457345
1274 0.570024
1275 0.312857
1276 0.417077
1277 0.49526
1278 0.533816
1279 0.527881
1280 0.549075
1281 0.398892
1282 0.40153
1283 0.286286
1284 0.474222
1285 0.269788
1286 0.439008
1287 0.378631
1288 0.538028
1289 0.409163
1290 0.430787
1291 0.430367
1292 0.31719
1293 0.424686
1294 0.291677
1295 0.345712
1296 0.362637
1297 0.523144
1298 0.428277
1299 0.477643
1300 0.429692
1301 0.275356
1302 0.477723
1303 0.32952
1304 0.399771
1305 0.505843
1306 0.424597
1307 0.350408
1308 0.323495
1309 0.20495
1310 0.16635
1311 0.169195
1312 0.339434
1313 0.284619
1314 0.268039
1315 0.415429
1316 0.415878
1317 0.372813
1318 0.280014
1319 0.459933
1320 0.272761
1321 0.229757
1322 0.238449
1323 0.304284
1324 0.353095
1325 0.349395
1326 0.268022
1327 0.381872
1328 0.315244
1329 0.380672
1330 0.344779
1331 0.427996
1332 0.31275
1333 0.214462
1334 0.333364
1335 0.394724
1336 0.539038
1337 0.309602
1338 0.223164
1339 0.231487
1340 0.349506
1341 0.3351
1342 0.48934
1343 0.561994
1344 0.369824
1345 0.288829
1346 0.471004
1347 0.449255
1348 0.329249
1349 0.46675
1350 0.280867
1351 0.410482
1352 0.361161
1353 0.365469
1354 0.423505
1355 0.41005
1356 0.452192
1357 0.501155
1358 0.366152
1359 0.493954
1360 0.348555
1361 0.267178
1362 0.269385
1363 0.219093
1364 0.390028
1365 0.267302
1366 0.470221
1367 0.28196
1368 0.335876
1369 0.455694
1370 0.410398
1371 0.471661
1372 0.510347
1373 0.448272
1374 0.429657
1375 0.441702
1376 0.468609
1377 0.318535
1378 0.399177
1379 0.330529
1380 0.232808
1381 0.36391
1382 0.470184
1383 0.516003
1384 0.443828
1385 0.569325
1386 0.451629
1387 0.374131
1388 0.530045
1389 0.403389
1390 0.565446
1391 0.551356
1392 0.49485
1393 0.468884
1394 0.282766
1395 0.423629
1396 0.490359
1397 0.452431
1398 0.508893
1399 0.426361
1400 0.340313
1401 0.375274
1402 0.376155
1403 0.247993
1404 0.465661
1405 0.522478
1406 0.360907
1407 0.372352
1408 0.490669
1409 0.453823
1410 0.418623
1411 0.357843
1412 0.467575
1413 0.326756
1414 0.506508
1415 0.372949
1416 0.372127
1417 0.375116
1418 0.352731
1419 0.232144
1420 0.332489
1421 0.440534
1422 0.343987
1423 0.357489
1424 0.469965
1425 0.334545
1426 0.389167
1427 0.287316
1428 0.337658
1429 0.394604
1430 0.305633
1431 0.25342
1432 0.243836
1433 0.451488
1434 0.312386
1435 0.521014
1436 0.469372
1437 0.283931
1438 0.327676
1439 0.326504
1440 0.387355
1441 0.368202
1442 0.288149
1443 0.354062
1444 0.482482
1445 0.334443
1446 0.337919
1447 0.495784
1448 0.550618
1449 0.568527
1450 0.486535
1451 0.60214
1452 0.382091
1453 0.557669
1454 0.421669
1455 0.412279
1456 0.356485
1457 0.263515
1458 0.454625
1459 0.274888
1460 0.303278
1461 0.459347
1462 0.433517
1463 0.506348
1464 0.431507
1465 0.531559
1466 0.500161
1467 0.460235
1468 0.532162
1469 0.388914
1470 0.451626
1471 0.465188
1472 0.311046
1473 0.31503
1474 0.474565
1475 0.438051
1476 0.357642
1477 0.515489
1478 0.521232
1479 0.574004
1480 0.604538
1481 0.569959
1482 0.50198
1483 0.493866
1484 0.478298
1485 0.457838
1486 0.522383
1487 0.407831
1488 0.270211
1489 0.414908
1490 0.496188
1491 0.30302
1492 0.268343
1493 0.2239
1494 0.42345
1495 0.310503
1496 0.422961
1497 0.330202
1498 0.419666
1499 0.323607
1500 0.424949
1501 0.351304
1502 0.359738
1503 0.310895
1504 0.373632
1505 0.430206
1506 0.394318
1507 0.338093
1508 0.292323
1509 0.360767
1510 0.400637
1511 0.33414
1512 0.326564
1513 0.437864
1514 0.523503
1515 0.573464
1516 0.504197
1517 0.42298
1518 0.496255
1519 0.374446
1520 0.390336
1521 0.3555
1522 0.228994
1523 0.175995
1524 0.238383
1525 0.313544
1526 0.236359
1527 0.285955
1528 0.322074
1529 0.323229
1530 0.382732
1531 0.515556
1532 0.407987
1533 0.536225
1534 0.467266
1535 0.443152
1536 0.481129
1537 0.335122
1538 0.295857
1539 0.226486
1540 0.379948
1541 0.446888
1542 0.417062
1543 0.29045
1544 0.246861
1545 0.196138
1546 0.318135
1547 0.276541
1548 0.441016
1549 0.400483
1550 0.535661
1551 0.324466
1552 0.294831
1553 0.296169
1554 0.44819
1555 0.526936
1556 0.384865
1557 0.548518
1558 0.464826
1559 0.48318
1560 0.329011
1561 0.31756
1562 0.272182
1563 0.433813
1564 0.485532
1565 0.501172
1566 0.424372
1567 0.477615
1568 0.391863
1569 0.27566
1570 0.459395
1571 0.364426
1572 0.293696
1573 0.254865
1574 0.267783
1575 0.316774
1576 0.456668
1577 0.420747
1578 0.304792
1579 0.354251
1580 0.450315
1581 0.450168
1582 0.353424
1583 0.233295
1584 0.469341
1585 0.474983
1586 0.320804
1587 0.25516
1588 0.227856
1589 0.327948
1590 0.290538
1591 0.47607
1592 0.524713
1593 0.484118
1594 0.578176
1595 0.376922
1596 0.450877
1597 0.41977
1598 0.515504
1599 0.376876
1600 0.24399
1601 0.365495
1602 0.357794
1603 0.342838
1604 0.429107
1605 0.403868
1606 0.464313
1607 0.449361
1608 0.581426
1609 0.49054
1610 0.583005
1611 0.495155
1612 0.539271
1613 0.35135
1614 0.480433
1615 0.546113
1616 0.5281
1617 0.353395
1618 0.533272
1619 0.468045
1620 0.340236
1621 0.223328
1622 0.205154
1623 0.198654
1624 0.35821
1625 0.477467
1626 0.553666
1627 0.38697
1628 0.496663
1629 0.324112
1630 0.492585
1631 0.486201
1632 0.389049
1633 0.423344
1634 0.510765
1635 0.325982
1636 0.35813
1637 0.489491
1638 0.444003
1639 0.555265
1640 0.445029
1641 0.52784
1642 0.368958
1643 0.37519
1644 0.27739
1645 0.455515
1646 0.279129
1647 0.422373
1648 0.312214
1649 0.25862
1650 0.201615
1651 0.362787
1652 0.266995
1653 0.428914
1654 0.366593
1655 0.276887
1656 0.21678
1657 0.242191
1658 0.185885
1659 0.207387
1660 0.175844
1661 0.184503
1662 0.22831
1663 0.352576
1664 0.304814
1665 0.304354
1666 0.344356
1667 0.364606
1668 0.311569
1669 0.383837
1670 0.251693
1671 0.491858
1672 0.375949
1673 0.511722
1674 0.378468
1675 0.534241
1676 0.511534
1677 0.295369
1678 0.47276
1679 0.391592
1680 0.38453
1681 0.325775
1682 0.450815
1683 0.326795
1684 0.512945
1685 0.423708
1686 0.429995
1687 0.363441
1688 0.257786
1689 0.336142
1690 0.424651
1691 0.39973
1692 0.486973
1693 0.358763
1694 0.369234
1695 0.45893
1696 0.506743
1697 0.517203
1698 0.32549
1699 0.367743
1700 0.417577
1701 0.323961
1702 0.32229
1703 0.337855
1704 0.350273
1705 0.487042
1706 0.382688
1707 0.492814
1708 0.303528
1709 0.412524
1710 0.359623
1711 0.46191
1712 0.300479
1713 0.3125
1714 0.468589
1715 0.266247
1716 0.464771
1717 0.526674
1718 0.436023
1719 0.363484
1720 0.24913
1721 0.443313
1722 0.381463
1723 0.429022
1724 0.45997
1725 0.511408
1726 0.330118
1727 0.303563
1728 0.355983
1729 0.489947
1730 0.291582
1731 0.317937
1732 0.46754
1733 0.482848
1734 0.509629
1735 0.308452
1736 0.363748
1737 0.314916
1738 0.323249
1739 0.284747
1740 0.416355
1741 0.420939
1742 0.489519
1743 0.373996
1744 0.547821
1745 0.307449
1746 0.313126
1747 0.454031
1748 0.320746
1749 0.316668
1750 0.322276
1751 0.485019
1752 0.396875
1753 0.526117
1754 0.332326
1755 0.413612
1756 0.444637
1757 0.484001
1758 0.509715
1759 0.357268
1760 0.445355
1761 0.319696
1762 0.296879
1763 0.212699
1764 0.411508
1765 0.449676
1766 0.502645
1767 0.463222
1768 0.384897
1769 0.287
1770 0.489504
1771 0.45548
1772 0.276896
1773 0.409442
1774 0.450782
1775 0.56005
1776 0.595301
1777 0.401973
1778 0.571732
1779 0.589089
1780 0.511629
1781 0.593996
1782 0.430679
1783 0.379564
1784 0.446996
1785 0.334431
1786 0.355919
1787 0.260549
1788 0.351644
1789 0.494121
1790 0.4683
1791 0.328544
1792 0.453707
1793 0.286601
1794 0.320302
1795 0.358173
1796 0.394809
1797 0.288596
1798 0.231308
1799 0.298404
1800 0.423104
1801 0.399776
1802 0.274137
1803 0.337116
1804 0.381286
1805 0.284334
1806 0.42379
1807 0.358194
1808 0.233976
1809 0.415952
1810 0.357669
1811 0.450254
1812 0.517753
1813 0.378054
1814 0.41732
1815 0.425107
1816 0.444294
1817 0.501159
1818 0.342863
1819 0.457707
1820 0.43299
1821 0.471474
1822 0.297679
1823 0.322798
1824 0.441611
1825 0.353378
1826 0.53084
1827 0.434198
1828 0.475261
1829 0.313618
1830 0.377291
1831 0.3196
1832 0.222369
1833 0.223505
1834 0.321624
1835 0.341316
1836 0.227414
1837 0.459387
1838 0.369487
1839 0.528598
1840 0.556646
1841 0.407158
1842 0.376789
1843 0.358216
1844 0.347809
1845 0.448947
1846 0.41079
1847 0.505585
1848 0.529712
1849 0.356337
1850 0.259887
1851 0.333785
1852 0.480925
1853 0.350777
1854 0.312161
1855 0.377034
1856 0.2864
1857 0.485598
1858 0.428698
1859 0.361505
1860 0.267736
1861 0.347404
1862 0.281781
1863 0.313337
1864 0.424658
1865 0.412209
1866 0.355899
1867 0.429918
1868 0.459554
1869 0.573709
1870 0.486787
1871 0.491769
1872 0.546221
1873 0.402154
1874 0.263836
1875 0.39494
1876 0.511385
1877 0.413949
1878 0.495124
1879 0.511535
1880 0.353984
1881 0.331915
1882 0.432002
1883 0.437399
1884 0.378083
1885 0.378829
1886 0.303685
1887 0.435132
1888 0.534189
1889 0.329858
1890 0.273462
1891 0.374145
1892 0.401743
1893 0.507489
1894 0.47044
1895 0.42636
1896 0.461164
1897 0.334989
1898 0.345117
1899 0.386113
1900 0.255287
1901 0.268917
1902 0.327383
1903 0.391546
1904 0.383711
1905 0.350698
1906 0.30637
1907 0.367741
1908 0.237164
1909 0.257321
1910 0.208906
1911 0.423354
1912 0.375148
1913 0.376842
1914 0.296935
1915 0.353419
1916 0.480436
1917 0.463595
1918 0.320291
1919 0.340378
1920 0.411424
1921 0.296121
1922 0.328824
1923 0.382698
1924 0.435332
1925 0.412894
1926 0.512913
1927 0.423404
1928 0.450872
1929 0.410224
1930 0.336995
1931 0.412546
1932 0.31336
1933 0.262133
1934 0.364521
1935 0.310815
1936 0.452373
1937 0.437622
1938 0.55889
1939 0.470205
1940 0.462261
1941 0.468864
1942 0.319468
1943 0.382858
1944 0.248469
1945 0.207421
1946 0.392094
1947 0.424913
1948 0.454109
1949 0.373447
1950 0.251482
1951 0.252546
1952 0.453838
1953 0.327526
1954 0.413841
1955 0.381628
1956 0.290162
1957 0.392036
1958 0.286306
1959 0.49001
1960 0.416696
1961 0.418141
1962 0.35316
1963 0.417932
1964 0.45929
1965 0.494266
1966 0.374581
1967 0.380814
1968 0.434829
1969 0.387169
1970 0.425736
1971 0.315596
1972 0.359205
1973 0.32242
1974 0.274461
1975 0.382108
1976 0.452173
1977 0.478769
1978 0.530384
1979 0.321775
1980 0.421449
1981 0.509
1982 0.538994
1983 0.530247
1984 0.587581
1985 0.403266
1986 0.522931
1987 0.306916
1988 0.317555
1989 0.290583
1990 0.399319
1991 0.404178
1992 0.38202
1993 0.408611
1994 0.26218
1995 0.214461
1996 0.350177
1997 0.487123
1998 0.281394
1999 0.493594
2000 0.377922
2001 0.286948
2002 0.304058
2003 0.228229
2004 0.462914
2005 0.535831
2006 0.572524
2007 0.441269
2008 0.555112
2009 0.422685
2010 0.397783
2011 0.368971
2012 0.346868
2013 0.281475
2014 0.225979
2015 0.358166
2016 0.436488
2017 0.53922
2018 0.52597
2019 0.450008
2020 0.508334
2021 0.293457
2022 0.4269
2023 0.334454
2024 0.300805
2025 0.431274
2026 0.38885
2027 0.32026
2028 0.321965
2029 0.452584
2030 0.328798
2031 0.469581
2032 0.525556
2033 0.364741
2034 0.44887
2035 0.417735
2036 0.387179
2037 0.453874
2038 0.366419
2039 0.346058
2040 0.483735
2041 0.50631
2042 0.598425
2043 0.505268
2044 0.428394
2045 0.478461
2046 0.559052
2047 0.586429
2048 0.404444
2049 0.264308
2050 0.359307
2051 0.259324
2052 0.195287
2053 0.182589
2054 0.31678
2055 0.375753
2056 0.51955
2057 0.585202
2058 0.554783
2059 0.460379
2060 0.564648
2061 0.603089
2062 0.504873
2063 0.4618
2064 0.51645
2065 0.585175
2066 0.54108
2067 0.417614
2068 0.339642
2069 0.435926
2070 0.445917
2071 0.2951
2072 0.222736
2073 0.338098
2074 0.358139
2075 0.467322
2076 0.503588
2077 0.417229
2078 0.405367
2079 0.419166
2080 0.449374
2081 0.46134
2082 0.411088
2083 0.460666
2084 0.534343
2085 0.417548
2086 0.425531
2087 0.465517
2088 0.381928
2089 0.296208
2090 0.3057
2091 0.205413
2092 0.199853
2093 0.1959
2094 0.291221
2095 0.378687
2096 0.308404
2097 0.505229
2098 0.560122
2099 0
