0 0.166093
1 0.153681
2 0.140947
3 0.130655
4 0.120214
5 0.113403
6 0.109065
7 0.105433
8 0.107733
9 0.10891
10 0.104125
11 0.1376
12 0.180651
13 0.188997
14 0.172954
15 0.189111
16 0.171243
17 0.178489
18 0.171452
19 0.174943
20 0.186093
21 0.190632
22 0.185653
23 0.171446
24 0.163499
25 0.172181
26 0.185605
27 0.191144
28 0.182474
29 0.168618
30 0.164139
31 0.169483
32 0.181849
33 0.189535
34 0.18221
35 0.168052
36 0.162952
37 0.169265
38 0.18578
39 0.192777
40 0.1815
41 0.165164
42 0.166703
43 0.179151
44 0.190321
45 0.190056
46 0.175393
47 0.162521
48 0.165034
49 0.181861
50 0.187365
51 0.186838
52 0.174657
53 0.161116
54 0.166607
55 0.178496
56 0.189434
57 0.186729
58 0.171116
59 0.160507
60 0.163901
61 0.181571
62 0.187701
63 0.189247
64 0.173851
65 0.163074
66 0.166071
67 0.178954
68 0.19158
69 0.185494
70 0.173666
71 0.164166
72 0.166133
73 0.17814
74 0.18845
75 0.185645
76 0.170791
77 0.161201
78 0.164441
79 0.182351
80 0.192682
81 0.186519
82 0.171707
83 0.161839
84 0.171022
85 0.183074
86 0.189676
87 0.182558
88 0.169164
89 0.163035
90 0.166661
91 0.181759
92 0.188971
93 0.183912
94 0.16982
95 0.1601
96 0.166825
97 0.181682
98 0.191333
99 0.183983
100 0.16968
101 0.163297
102 0.171772
103 0.179633
104 0.188575
105 0.186641
106 0.170884
107 0.160162
108 0.165488
109 0.178415
110 0.189021
111 0.18491
112 0.172967
113 0.161522
114 0.167858
115 0.183266
116 0.191421
117 0.187778
118 0.172347
119 0.164829
120 0.166905
121 0.182286
122 0.189499
123 0.185756
124 0.17264
125 0.163343
126 0.166739
127 0.182994
128 0.191386
129 0.183957
130 0.168981
131 0.160917
132 0.168394
133 0.184866
134 0.189828
135 0.18391
136 0.170692
137 0.164422
138 0.171383
139 0.187089
140 0.192908
141 0.180729
142 0.165928
143 0.163468
144 0.169393
145 0.182072
146 0.191354
147 0.180848
148 0.166743
149 0.16081
150 0.172755
151 0.186613
152 0.190208
153 0.180484
154 0.167493
155 0.163477
156 0.173609
157 0.188332
158 0.19244
159 0.178335
160 0.165001
161 0.163872
162 0.171618
163 0.186422
164 0.190066
165 0.179543
166 0.16517
167 0.163685
168 0.174686
169 0.189858
170 0.18896
171 0.174975
172 0.164061
173 0.164746
174 0.176683
175 0.191373
176 0.187948
177 0.176593
178 0.164453
179 0.168799
180 0.179649
181 0.188829
182 0.18786
183 0.171317
184 0.163278
185 0.16333
186 0.180625
187 0.191799
188 0.185655
189 0.17209
190 0.164605
191 0.167554
192 0.184282
193 0.192564
194 0.184656
195 0.169341
196 0.160222
197 0.168728
198 0.181989
199 0.188397
200 0.184073
201 0.170331
202 0.163319
203 0.169982
204 0.184534
205 0.189074
206 0.181807
207 0.167367
208 0.162961
209 0.172077
210 0.182793
211 0.193268
212 0.18201
213 0.165222
214 0.162927
215 0.177472
216 0.184542
217 0.191241
218 0.17987
219 0.164509
220 0.166198
221 0.175916
222 0.184997
223 0.190474
224 0.177223
225 0.163461
226 0.164558
227 0.175036
228 0.186586
229 0.190247
230 0.176453
231 0.161046
232 0.167352
233 0.181389
234 0.190094
235 0.188951
236 0.174909
237 0.162005
238 0.168834
239 0.185309
240 0.189333
241 0.18399
242 0.170074
243 0.161493
244 0.166217
245 0.1785
246 0.192659
247 0.184956
248 0.169092
249 0.164155
250 0.167783
251 0.185434
252 0.190657
253 0.18465
254 0.167712
255 0.162127
256 0.171751
257 0.184025
258 0.190343
259 0.183889
260 0.169996
261 0.162698
262 0.168781
263 0.183282
264 0.190386
265 0.181091
266 0.169166
267 0.163727
268 0.16945
269 0.187944
270 0.191589
271 0.179181
272 0.165077
273 0.164634
274 0.17692
275 0.189699
276 0.190403
277 0.177582
278 0.168327
279 0.162921
280 0.175888
281 0.18917
282 0.187572
283 0.179837
284 0.162799
285 0.165103
286 0.175027
287 0.190608
288 0.188996
289 0.174405
290 0.164381
291 0.16817
292 0.182871
293 0.190202
294 0.187799
295 0.169845
296 0.163822
297 0.169289
298 0.182345
299 0.192428
300 0.183533
301 0.170986
302 0.163504
303 0.169068
304 0.179588
305 0.190933
306 0.184079
307 0.167647
308 0.162897
309 0.173921
310 0.188766
311 0.189329
312 0.180433
313 0.166412
314 0.161608
315 0.173116
316 0.186654
317 0.193567
318 0.179537
319 0.168915
320 0.165074
321 0.171833
322 0.188361
323 0.188177
324 0.179913
325 0.164701
326 0.163582
327 0.175631
328 0.189274
329 0.188289
330 0.176122
331 0.162748
332 0.164841
333 0.177578
334 0.189968
335 0.187214
336 0.175779
337 0.164873
338 0.164632
339 0.177451
340 0.187857
341 0.188144
342 0.175635
343 0.163688
344 0.162888
345 0.17517
346 0.18837
347 0.189274
348 0.174625
349 0.165104
350 0.164157
351 0.179892
352 0.193229
353 0.186612
354 0.174351
355 0.160658
356 0.166468
357 0.183166
358 0.192781
359 0.184202
360 0.171687
361 0.164809
362 0.166323
363 0.180835
364 0.190981
365 0.182483
366 0.168891
367 0.160001
368 0.170621
369 0.186042
370 0.188487
371 0.185413
372 0.168633
373 0.161727
374 0.168986
375 0.182701
376 0.190049
377 0.184864
378 0.171721
379 0.16481
380 0.17113
381 0.184715
382 0.189776
383 0.180745
384 0.166723
385 0.161184
386 0.16851
387 0.185453
388 0.190894
389 0.182853
390 0.165966
391 0.16196
392 0.173134
393 0.188231
394 0.190436
395 0.177876
396 0.165451
397 0.164796
398 0.173719
399 0.18719
400 0.188702
401 0.179386
402 0.165088
403 0.162045
404 0.177026
405 0.190571
406 0.186371
407 0.17654
408 0.163739
409 0.168086
410 0.180835
411 0.191266
412 0.188508
413 0.171423
414 0.16376
415 0.172083
416 0.182454
417 0.192569
418 0.183051
419 0.17019
420 0.162384
421 0.168341
422 0.184559
423 0.187504
424 0.181883
425 0.168135
426 0.159863
427 0.173055
428 0.185511
429 0.19191
430 0.181723
431 0.167316
432 0.163101
433 0.17517
434 0.187121
435 0.190148
436 0.182959
437 0.167304
438 0.161576
439 0.173886
440 0.187778
441 0.190558
442 0.178602
443 0.166004
444 0.164954
445 0.17522
446 0.187743
447 0.188093
448 0.175682
449 0.16098
450 0.165759
451 0.180903
452 0.190118
453 0.1872
454 0.175077
455 0.163796
456 0.164698
457 0.17508
458 0.189275
459 0.189885
460 0.175763
461 0.161801
462 0.167048
463 0.180029
464 0.189446
465 0.188373
466 0.173047
467 0.161135
468 0.168878
469 0.185003
470 0.189049
471 0.185482
472 0.168311
473 0.165603
474 0.17421
475 0.187053
476 0.19245
477 0.181716
478 0.169313
479 0.161687
480 0.174252
481 0.187687
482 0.190324
483 0.178773
484 0.16379
485 0.16483
486 0.176501
487 0.190173
488 0.187683
489 0.174863
490 0.164467
491 0.164299
492 0.175609
493 0.192305
494 0.187705
495 0.174528
496 0.163172
497 0.164761
498 0.178125
499 0.187288
500 0.187606
501 0.174824
502 0.163836
503 0.16291
504 0.181231
505 0.192194
506 0.186351
507 0.171828
508 0.16344
509 0.164111
510 0.178045
511 0.192731
512 0.187651
513 0.173793
514 0.163078
515 0.171027
516 0.184731
517 0.19126
518 0.183924
519 0.170355
520 0.161986
521 0.169389
522 0.182227
523 0.191557
524 0.181405
525 0.167961
526 0.163528
527 0.170926
528 0.186591
529 0.191276
530 0.181664
531 0.166302
532 0.165698
533 0.178304
534 0.189134
535 0.188987
536 0.176885
537 0.1648
538 0.164539
539 0.180349
540 0.189973
541 0.187611
542 0.174594
543 0.164643
544 0.166721
545 0.176495
546 0.188921
547 0.187612
548 0.171658
549 0.16188
550 0.16759
551 0.182191
552 0.19099
553 0.185189
554 0.170495
555 0.1627
556 0.1694
557 0.187172
558 0.192998
559 0.181163
560 0.167551
561 0.16225
562 0.172621
563 0.185108
564 0.189665
565 0.179825
566 0.165932
567 0.160926
568 0.172162
569 0.189401
570 0.19039
571 0.17779
572 0.165252
573 0.163112
574 0.171893
575 0.188062
576 0.192164
577 0.178601
578 0.164218
579 0.165268
580 0.176461
581 0.184965
582 0.188309
583 0.177375
584 0.165418
585 0.166656
586 0.181214
587 0.192093
588 0.185728
589 0.171944
590 0.160221
591 0.170608
592 0.181235
593 0.192416
594 0.185137
595 0.169765
596 0.165211
597 0.169658
598 0.184208
599 0.191364
600 0.183244
601 0.170462
602 0.164815
603 0.168711
604 0.184999
605 0.189648
606 0.182229
607 0.165544
608 0.163646
609 0.169456
610 0.182846
611 0.192912
612 0.180284
613 0.165933
614 0.162779
615 0.172736
616 0.183383
617 0.189653
618 0.182315
619 0.167187
620 0.161537
621 0.167957
622 0.182881
623 0.189731
624 0.183452
625 0.168002
626 0.164567
627 0.170022
628 0.183787
629 0.190646
630 0.182443
631 0.164723
632 0.162604
633 0.177164
634 0.188064
635 0.188733
636 0.178197
637 0.168048
638 0.163194
639 0.174747
640 0.185674
641 0.189197
642 0.180366
643 0.165969
644 0.164157
645 0.177667
646 0.189909
647 0.1889
648 0.173609
649 0.163004
650 0.164049
651 0.180601
652 0.191077
653 0.189827
654 0.173595
655 0.162054
656 0.16826
657 0.182248
658 0.188869
659 0.185586
660 0.171209
661 0.162087
662 0.164857
663 0.1778
664 0.189595
665 0.18685
666 0.170904
667 0.163435
668 0.168528
669 0.181569
670 0.189013
671 0.185831
672 0.169921
673 0.164195
674 0.168521
675 0.179562
676 0.192315
677 0.186447
678 0.169752
679 0.163408
680 0.168921
681 0.181795
682 0.192402
683 0.182594
684 0.167278
685 0.160555
686 0.169808
687 0.183036
688 0.189952
689 0.184224
690 0.16857
691 0.161427
692 0.170712
693 0.182086
694 0.18873
695 0.184302
696 0.171355
697 0.163782
698 0.16736
699 0.181686
700 0.190803
701 0.184474
702 0.169444
703 0.161852
704 0.170447
705 0.186842
706 0.192456
707 0.181884
708 0.166661
709 0.161392
710 0.171234
711 0.188337
712 0.188469
713 0.18131
714 0.166446
715 0.163548
716 0.175078
717 0.189088
718 0.189997
719 0.179612
720 0.164049
721 0.161661
722 0.173733
723 0.186945
724 0.189952
725 0.177379
726 0.162565
727 0.166184
728 0.182659
729 0.188833
730 0.1871
731 0.175208
732 0.162482
733 0.166985
734 0.177607
735 0.191726
736 0.187231
737 0.173594
738 0.163863
739 0.166995
740 0.178772
741 0.1881
742 0.187252
743 0.169557
744 0.161347
745 0.168634
746 0.179852
747 0.18789
748 0.186856
749 0.172774
750 0.160589
751 0.166175
752 0.183147
753 0.187294
754 0.186539
755 0.172144
756 0.160553
757 0.164714
758 0.18006
759 0.191963
760 0.185533
761 0.173234
762 0.162208
763 0.16873
764 0.180704
765 0.189774
766 0.185103
767 0.168612
768 0.164502
769 0.173301
770 0.183446
771 0.191932
772 0.183353
773 0.169604
774 0.160568
775 0.169508
776 0.18014
777 0.188526
778 0.183965
779 0.168654
780 0.162058
781 0.171076
782 0.18304
783 0.192865
784 0.182726
785 0.166533
786 0.162511
787 0.172074
788 0.185298
789 0.189831
790 0.181893
791 0.169992
792 0.164245
793 0.172993
794 0.18434
795 0.190564
796 0.179874
797 0.165587
798 0.160241
799 0.169886
800 0.184401
801 0.191379
802 0.181361
803 0.165706
804 0.162363
805 0.172324
806 0.18241
807 0.191796
808 0.180961
809 0.169044
810 0.163573
811 0.171425
812 0.186347
813 0.188292
814 0.181005
815 0.166144
816 0.160881
817 0.175381
818 0.190309
819 0.188704
820 0.178611
821 0.164323
822 0.16266
823 0.175576
824 0.186005
825 0.189031
826 0.17841
827 0.165592
828 0.16582
829 0.172427
830 0.186591
831 0.189166
832 0.178603
833 0.166213
834 0.160952
835 0.171611
836 0.186587
837 0.18961
838 0.179456
839 0.163486
840 0.16381
841 0.177894
842 0.186741
843 0.188802
844 0.178479
845 0.164837
846 0.163332
847 0.176668
848 0.186641
849 0.188622
850 0.176588
851 0.162722
852 0.160669
853 0.175537
854 0.188832
855 0.188697
856 0.179115
857 0.163969
858 0.16607
859 0.176289
860 0.187956
861 0.188417
862 0.177458
863 0.163945
864 0.162564
865 0.179075
866 0.188393
867 0.189456
868 0.175306
869 0.162932
870 0.164183
871 0.178445
872 0.189267
873 0.186679
874 0.173241
875 0.161781
876 0.166673
877 0.180422
878 0.188445
879 0.189704
880 0.173835
881 0.163014
882 0.168169
883 0.180003
884 0.189171
885 0.185084
886 0.17166
887 0.162166
888 0.168492
889 0.179879
890 0.189786
891 0.186218
892 0.170341
893 0.16107
894 0.17089
895 0.184951
896 0.191085
897 0.182503
898 0.169378
899 0.16104
900 0.171608
901 0.182671
902 0.189906
903 0.183181
904 0.170235
905 0.164779
906 0.17187
907 0.186516
908 0.190772
909 0.181659
910 0.165348
911 0.164313
912 0.17655
913 0.185677
914 0.191092
915 0.17635
916 0.164587
917 0.164367
918 0.177059
919 0.19207
920 0.188165
921 0.175596
922 0.162241
923 0.163971
924 0.178026
925 0.187005
926 0.188574
927 0.175178
928 0.164484
929 0.163008
930 0.178844
931 0.187983
932 0.186329
933 0.1745
934 0.16199
935 0.164668
936 0.179735
937 0.18815
938 0.189024
939 0.171761
940 0.163989
941 0.169458
942 0.17687
943 0.186243
944 0.187391
945 0.17486
946 0.16269
947 0.16189
948 0.174335
949 0.190067
950 0.18903
951 0.175218
952 0.163601
953 0.167964
954 0.175453
955 0.187765
956 0.188954
957 0.17596
958 0.166445
959 0.166359
960 0.176198
961 0.190037
962 0.188839
963 0.175563
964 0.162687
965 0.162197
966 0.179442
967 0.191806
968 0.187407
969 0.173548
970 0.164834
971 0.168132
972 0.180198
973 0.189115
974 0.186118
975 0.172202
976 0.16342
977 0.167792
978 0.18352
979 0.189143
980 0.185971
981 0.171976
982 0.16212
983 0.168434
984 0.181087
985 0.190988
986 0.18449
987 0.169123
988 0.160312
989 0.167209
990 0.185036
991 0.188491
992 0.185788
993 0.169491
994 0.164261
995 0.171546
996 0.182754
997 0.189104
998 0.184329
999 0.173447
1000 0.163878
1001 0.169562
1002 0.183135
1003 0.1893
1004 0.18541
1005 0.166964
1006 0.163037
1007 0.169562
1008 0.184414
1009 0.190465
1010 0.182874
1011 0.164965
1012 0.165861
1013 0.173398
1014 0.184737
1015 0.191804
1016 0.18118
1017 0.169024
1018 0.163705
1019 0.172341
1020 0.183221
1021 0.190575
1022 0.179473
1023 0.165215
1024 0.160438
1025 0.170688
1026 0.184351
1027 0.191263
1028 0.181415
1029 0.167703
1030 0.160832
1031 0.171385
1032 0.185992
1033 0.190056
1034 0.180168
1035 0.167332
1036 0.165519
1037 0.171515
1038 0.187601
1039 0.190175
1040 0.180476
1041 0.164581
1042 0.160134
1043 0.175615
1044 0.188192
1045 0.187534
1046 0.178488
1047 0.166368
1048 0.164868
1049 0.176418
1050 0.189077
1051 0.189872
1052 0.177501
1053 0.167124
1054 0.166514
1055 0.17836
1056 0.189934
1057 0.189829
1058 0.174144
1059 0.163022
1060 0.162486
1061 0.17542
1062 0.191433
1063 0.187697
1064 0.17379
1065 0.164096
1066 0.16403
1067 0.176459
1068 0.192184
1069 0.188192
1070 0.173835
1071 0.165318
1072 0.166706
1073 0.183394
1074 0.188273
1075 0.185811
1076 0.173261
1077 0.163314
1078 0.168629
1079 0.17946
1080 0.189605
1081 0.186416
1082 0.169369
1083 0.162054
1084 0.169905
1085 0.187338
1086 0.190782
1087 0.182473
1088 0.169133
1089 0.163553
1090 0.171936
1091 0.18476
1092 0.189683
1093 0.183701
1094 0.166734
1095 0.161835
1096 0.169807
1097 0.186004
1098 0.189861
1099 0.183143
1100 0.165482
1101 0.16135
1102 0.173215
1103 0.186779
1104 0.188397
1105 0.182238
1106 0.167307
1107 0.16407
1108 0.17578
1109 0.190634
1110 0.188776
1111 0.179601
1112 0.165461
1113 0.163535
1114 0.173087
1115 0.183799
1116 0.190896
1117 0.178886
1118 0.164351
1119 0.16061
1120 0.169865
1121 0.188729
1122 0.188187
1123 0.182188
1124 0.16826
1125 0.163805
1126 0.177366
1127 0.189423
1128 0.19058
1129 0.178081
1130 0.164035
1131 0.166241
1132 0.176698
1133 0.189122
1134 0.18696
1135 0.175324
1136 0.165177
1137 0.162205
1138 0.180579
1139 0.192153
1140 0.186616
1141 0.172951
1142 0.163589
1143 0.166542
1144 0.180218
1145 0.193721
1146 0.185143
1147 0.170891
1148 0.160367
1149 0.170633
1150 0.187633
1151 0.191191
1152 0.182723
1153 0.166909
1154 0.162603
1155 0.175164
1156 0.184443
1157 0.189192
1158 0.179826
1159 0.166237
1160 0.161599
1161 0.173732
1162 0.189051
1163 0.190229
1164 0.176951
1165 0.16258
1166 0.166441
1167 0.175967
1168 0.187704
1169 0.188787
1170 0.17829
1171 0.165729
1172 0.166997
1173 0.175847
1174 0.189864
1175 0.189232
1176 0.175635
1177 0.162178
1178 0.16391
1179 0.174386
1180 0.189446
1181 0.187471
1182 0.175129
1183 0.163577
1184 0.165208
1185 0.178725
1186 0.188697
1187 0.188529
1188 0.176717
1189 0.162452
1190 0.165914
1191 0.183002
1192 0.18831
1193 0.185213
1194 0.175281
1195 0.16284
1196 0.166026
1197 0.1823
1198 0.1906
1199 0.186458
1200 0.171314
1201 0.160722
1202 0.166834
1203 0.184351
1204 0.190176
1205 0.18404
1206 0.16786
1207 0.165157
1208 0.172316
1209 0.179821
1210 0.18922
1211 0.184332
1212 0.17044
1213 0.16393
1214 0.164626
1215 0.181435
1216 0.188525
1217 0.186207
1218 0.170431
1219 0.163035
1220 0.16879
1221 0.186484
1222 0.191351
1223 0.183446
1224 0.167305
1225 0.161483
1226 0.171869
1227 0.184317
1228 0.190891
1229 0.18296
1230 0.167954
1231 0.162473
1232 0.171027
1233 0.180957
1234 0.192416
1235 0.182991
1236 0.167734
1237 0.164364
1238 0.175012
1239 0.190123
1240 0.188018
1241 0.177172
1242 0.164941
1243 0.16073
1244 0.174813
1245 0.187743
1246 0.191813
1247 0.175891
1248 0.162614
1249 0.1645
1250 0.175032
1251 0.187155
1252 0.188556
1253 0.175673
1254 0.165148
1255 0.164517
1256 0.18076
1257 0.190467
1258 0.185213
1259 0.171849
1260 0.162338
1261 0.165675
1262 0.176673
1263 0.193029
1264 0.188564
1265 0.173564
1266 0.163922
1267 0.169098
1268 0.179811
1269 0.188106
1270 0.185038
1271 0.172517
1272 0.163612
1273 0.170579
1274 0.178374
1275 0.191195
1276 0.18599
1277 0.16984
1278 0.162204
1279 0.172516
1280 0.185053
1281 0.190293
1282 0.181313
1283 0.168627
1284 0.159902
1285 0.1732
1286 0.187748
1287 0.193
1288 0.178284
1289 0.166855
1290 0.165866
1291 0.172045
1292 0.18715
1293 0.18759
1294 0.179126
1295 0.164743
1296 0.16515
1297 0.174455
1298 0.189834
1299 0.189385
1300 0.174401
1301 0.164628
1302 0.162437
1303 0.178325
1304 0.193322
1305 0.188624
1306 0.172479
1307 0.163295
1308 0.164997
1309 0.175273
1310 0.185763
1311 0.188307
1312 0.174731
1313 0.162604
1314 0.165907
1315 0.177127
1316 0.188746
1317 0.187156
1318 0.175725
1319 0.15967
1320 0.163974
1321 0.178588
1322 0.188776
1323 0.188605
1324 0.174548
1325 0.16344
1326 0.167411
1327 0.177198
1328 0.189096
1329 0.186613
1330 0.175283
1331 0.161955
1332 0.162531
1333 0.177835
1334 0.189957
1335 0.188412
1336 0.172916
1337 0.162595
1338 0.164635
1339 0.179181
1340 0.18834
1341 0.190842
1342 0.175572
1343 0.162193
1344 0.165573
1345 0.183784
1346 0.189961
1347 0.183894
1348 0.173726
1349 0.161394
1350 0.167605
1351 0.179589
1352 0.190024
1353 0.185726
1354 0.170058
1355 0.16216
1356 0.170904
1357 0.183513
1358 0.192155
1359 0.18276
1360 0.167243
1361 0.162296
1362 0.169149
1363 0.18477
1364 0.18892
1365 0.184756
1366 0.167938
1367 0.16188
1368 0.171858
1369 0.183407
1370 0.191253
1371 0.182778
1372 0.166577
1373 0.161889
1374 0.172928
1375 0.188067
1376 0.188475
1377 0.180543
1378 0.164714
1379 0.161282
1380 0.175579
1381 0.189574
1382 0.191596
1383 0.177891
1384 0.167807
1385 0.165824
1386 0.17513
1387 0.190362
1388 0.187312
1389 0.177293
1390 0.16507
1391 0.165974
1392 0.179217
1393 0.187784
1394 0.187561
1395 0.172367
1396 0.161575
1397 0.170021
1398 0.18387
1399 0.189516
1400 0.185007
1401 0.169262
1402 0.160818
1403 0.172793
1404 0.186729
1405 0.18966
1406 0.182747
1407 0.17037
1408 0.16332
1409 0.17053
1410 0.183418
1411 0.191662
1412 0.180475
1413 0.167977
1414 0.160591
1415 0.17189
1416 0.186852
1417 0.189696
1418 0.179931
1419 0.167365
1420 0.164516
1421 0.171817
1422 0.186117
1423 0.192783
1424 0.178995
1425 0.167617
1426 0.163303
1427 0.171876
1428 0.185446
1429 0.188405
1430 0.179968
1431 0.164997
1432 0.163737
1433 0.169708
1434 0.189718
1435 0.191434
1436 0.17756
1437 0.164726
1438 0.162818
1439 0.175566
1440 0.187581
1441 0.189626
1442 0.179093
1443 0.167143
1444 0.162811
1445 0.173785
1446 0.189359
1447 0.190343
1448 0.177913
1449 0.1645
1450 0.166975
1451 0.174395
1452 0.191396
1453 0.18786
1454 0.173747
1455 0.161532
1456 0.163812
1457 0.182506
1458 0.188023
1459 0.187862
1460 0.175073
1461 0.16315
1462 0.16835
1463 0.18166
1464 0.192222
1465 0.185514
1466 0.171454
1467 0.164615
1468 0.166945
1469 0.182847
1470 0.191123
1471 0.182346
1472 0.168154
1473 0.163532
1474 0.169516
1475 0.183478
1476 0.193666
1477 0.182999
1478 0.166811
1479 0.165515
1480 0.177897
1481 0.18886
1482 0.190648
1483 0.176724
1484 0.164866
1485 0.167667
1486 0.177296
1487 0.186099
1488 0.188757
1489 0.176218
1490 0.161385
1491 0.163306
1492 0.17396
1493 0.190492
1494 0.186917
1495 0.177348
1496 0.163232
1497 0.166174
1498 0.177154
1499 0.189817
1500 0.188828
1501 0.175896
1502 0.164054
1503 0.16613
1504 0.178701
1505 0.188472
1506 0.187075
1507 0.174984
1508 0.163331
1509 0.164596
1510 0.176164
1511 0.189331
1512 0.188706
1513 0.173845
1514 0.163208
1515 0.168376
1516 0.182693
1517 0.19249
1518 0.184278
1519 0.169216
1520 0.162401
1521 0.167626
1522 0.180307
1523 0.189092
1524 0.184222
1525 0.170005
1526 0.16235
1527 0.16716
1528 0.179756
1529 0.190579
1530 0.186457
1531 0.16949
1532 0.163765
1533 0.169615
1534 0.184605
1535 0.19196
1536 0.18235
1537 0.167058
1538 0.16101
1539 0.172735
1540 0.186503
1541 0.190998
1542 0.181063
1543 0.16825
1544 0.161366
1545 0.169611
1546 0.181496
1547 0.191762
1548 0.182476
1549 0.16841
1550 0.15974
1551 0.170499
1552 0.185365
1553 0.191224
1554 0.182521
1555 0.16569
1556 0.167091
1557 0.176751
1558 0.18722
1559 0.188856
1560 0.179217
1561 0.165983
1562 0.165193
1563 0.175621
1564 0.188607
1565 0.189223
1566 0.178504
1567 0.163394
1568 0.161101
1569 0.178047
1570 0.188415
1571 0.186788
1572 0.175982
1573 0.163806
1574 0.164038
1575 0.179071
1576 0.1894
1577 0.188889
1578 0.177008
1579 0.165712
1580 0.165956
1581 0.176061
1582 0.185648
1583 0.19037
1584 0.176383
1585 0.162203
1586 0.162588
1587 0.173471
1588 0.188236
1589 0.187698
1590 0.179365
1591 0.165416
1592 0.165539
1593 0.181523
1594 0.18915
1595 0.189089
1596 0.173408
1597 0.164973
1598 0.166783
1599 0.176881
1600 0.189653
1601 0.186244
1602 0.173785
1603 0.16422
1604 0.165712
1605 0.180299
1606 0.190813
1607 0.187477
1608 0.170735
1609 0.163885
1610 0.169318
1611 0.185879
1612 0.189956
1613 0.184225
1614 0.168145
1615 0.1634
1616 0.17189
1617 0.190216
1618 0.190968
1619 0.177722
1620 0.165483
1621 0.16277
1622 0.169876
1623 0.185884
1624 0.191034
1625 0.180342
1626 0.164381
1627 0.165201
1628 0.171886
1629 0.189656
1630 0.190209
1631 0.176634
1632 0.164258
1633 0.166693
1634 0.176091
1635 0.188623
1636 0.191215
1637 0.17458
1638 0.165741
1639 0.16808
1640 0.181779
1641 0.187926
1642 0.186107
1643 0.172768
1644 0.164163
1645 0.162787
1646 0.181246
1647 0.18939
1648 0.184852
1649 0.171153
1650 0.163408
1651 0.163829
1652 0.181659
1653 0.191432
1654 0.186577
1655 0.171277
1656 0.162658
1657 0.164789
1658 0.17668
1659 0.18615
1660 0.18651
1661 0.176056
1662 0.164308
1663 0.162541
1664 0.175525
1665 0.189317
1666 0.188218
1667 0.175147
1668 0.16403
1669 0.162535
1670 0.180734
1671 0.189779
1672 0.190301
1673 0.172994
1674 0.165839
1675 0.170081
1676 0.176934
1677 0.191071
1678 0.185767
1679 0.173021
1680 0.162285
1681 0.168003
1682 0.177677
1683 0.192053
1684 0.185881
1685 0.170756
1686 0.160865
1687 0.165767
1688 0.182713
1689 0.191902
1690 0.185661
1691 0.171002
1692 0.161894
1693 0.16981
1694 0.186314
1695 0.192143
1696 0.182229
1697 0.167062
1698 0.163472
1699 0.172167
1700 0.182828
1701 0.189259
1702 0.181376
1703 0.165816
1704 0.163429
1705 0.171558
1706 0.18928
1707 0.188939
1708 0.179546
1709 0.163647
1710 0.165288
1711 0.17458
1712 0.186896
1713 0.191867
1714 0.175711
1715 0.167721
1716 0.169304
1717 0.175314
1718 0.186655
1719 0.18723
1720 0.178665
1721 0.16322
1722 0.164459
1723 0.177753
1724 0.191237
1725 0.186408
1726 0.174135
1727 0.162928
1728 0.167565
1729 0.176922
1730 0.189111
1731 0.190422
1732 0.173614
1733 0.164268
1734 0.166319
1735 0.181052
1736 0.187963
1737 0.185112
1738 0.172759
1739 0.163978
1740 0.166398
1741 0.182017
1742 0.189841
1743 0.186801
1744 0.168454
1745 0.161382
1746 0.170467
1747 0.181429
1748 0.189242
1749 0.185802
1750 0.171728
1751 0.161651
1752 0.172271
1753 0.183713
1754 0.191373
1755 0.182441
1756 0.168777
1757 0.164643
1758 0.169845
1759 0.185513
1760 0.188643
1761 0.181005
1762 0.165489
1763 0.163416
1764 0.172135
1765 0.187693
1766 0.191255
1767 0.18026
1768 0.164406
1769 0.16603
1770 0.176646
1771 0.18366
1772 0.191739
1773 0.180095
1774 0.167429
1775 0.167053
1776 0.174777
1777 0.190534
1778 0.189735
1779 0.175601
1780 0.165025
1781 0.164372
1782 0.17701
1783 0.1907
1784 0.186291
1785 0.173217
1786 0.161215
1787 0.166434
1788 0.183142
1789 0.19018
1790 0.187316
1791 0.17525
1792 0.161468
1793 0.165305
1794 0.180695
1795 0.190214
1796 0.184948
1797 0.172835
1798 0.162977
1799 0.16644
1800 0.179022
1801 0.188476
1802 0.186887
1803 0.171335
1804 0.15962
1805 0.169251
1806 0.182547
1807 0.187599
1808 0.187542
1809 0.170576
1810 0.164247
1811 0.172583
1812 0.181838
1813 0.190691
1814 0.184047
1815 0.170431
1816 0.16409
1817 0.167819
1818 0.184587
1819 0.190688
1820 0.182785
1821 0.166298
1822 0.161954
1823 0.172194
1824 0.183909
1825 0.192269
1826 0.182613
1827 0.167858
1828 0.161337
1829 0.173406
1830 0.186242
1831 0.188285
1832 0.179527
1833 0.168059
1834 0.16319
1835 0.168411
1836 0.187337
1837 0.189682
1838 0.182159
1839 0.167451
1840 0.161843
1841 0.172706
1842 0.186991
1843 0.189203
1844 0.179816
1845 0.164868
1846 0.166122
1847 0.179264
1848 0.186948
1849 0.188342
1850 0.177626
1851 0.166688
1852 0.16335
1853 0.174575
1854 0.187955
1855 0.187589
1856 0.179328
1857 0.164741
1858 0.16285
1859 0.172899
1860 0.188492
1861 0.187981
1862 0.177314
1863 0.165182
1864 0.164508
1865 0.176195
1866 0.190926
1867 0.190349
1868 0.175835
1869 0.163642
1870 0.168003
1871 0.182905
1872 0.188802
1873 0.184276
1874 0.174092
1875 0.164953
1876 0.165704
1877 0.182622
1878 0.192191
1879 0.183372
1880 0.168935
1881 0.16284
1882 0.169087
1883 0.183042
1884 0.191524
1885 0.183648
1886 0.169227
1887 0.164494
1888 0.169573
1889 0.183491
1890 0.191577
1891 0.18201
1892 0.169222
1893 0.164513
1894 0.171697
1895 0.185692
1896 0.188677
1897 0.180955
1898 0.166273
1899 0.159553
1900 0.170676
1901 0.186528
1902 0.190459
1903 0.181219
1904 0.166573
1905 0.162738
1906 0.17425
1907 0.183986
1908 0.189518
1909 0.179591
1910 0.169553
1911 0.163631
1912 0.171407
1913 0.183024
1914 0.1902
1915 0.182528
1916 0.166785
1917 0.160677
1918 0.172218
1919 0.187684
1920 0.188131
1921 0.181189
1922 0.167393
1923 0.164022
1924 0.173887
1925 0.189535
1926 0.190725
1927 0.179383
1928 0.165901
1929 0.163183
1930 0.175276
1931 0.185041
1932 0.187943
1933 0.17955
1934 0.164224
1935 0.1639
1936 0.175115
1937 0.191153
1938 0.189023
1939 0.176336
1940 0.163622
1941 0.163009
1942 0.178862
1943 0.188229
1944 0.187203
1945 0.176066
1946 0.164089
1947 0.166342
1948 0.178439
1949 0.186802
1950 0.18684
1951 0.176885
1952 0.16247
1953 0.165244
1954 0.176752
1955 0.187633
1956 0.188568
1957 0.17418
1958 0.164822
1959 0.164988
1960 0.179677
1961 0.190738
1962 0.188598
1963 0.17209
1964 0.163654
1965 0.168085
1966 0.181704
1967 0.190763
1968 0.184297
1969 0.171918
1970 0.16194
1971 0.167467
1972 0.179712
1973 0.188757
1974 0.185744
1975 0.170671
1976 0.162313
1977 0.171527
1978 0.182928
1979 0.19146
1980 0.183924
1981 0.167166
1982 0.164332
1983 0.177832
1984 0.187017
1985 0.191463
1986 0.176045
1987 0.165849
1988 0.16441
1989 0.175047
1990 0.186762
1991 0.188816
1992 0.178619
1993 0.162602
1994 0.160708
1995 0.17534
1996 0.190399
1997 0.186676
1998 0.179223
1999 0.163861
2000 0.162772
2001 0.176404
2002 0.186719
2003 0.191218
2004 0.176809
2005 0.165524
2006 0.166544
2007 0.182288
2008 0.188408
2009 0.186051
2010 0.173785
2011 0.162374
2012 0.16353
2013 0.175817
2014 0.190478
2015 0.187735
2016 0.174047
2017 0.163307
2018 0.167944
2019 0.184484
2020 0.188901
2021 0.186275
2022 0.168993
2023 0.162087
2024 0.172007
2025 0.182906
2026 0.189179
2027 0.18384
2028 0.171738
2029 0.161445
2030 0.170461
2031 0.184984
2032 0.189306
2033 0.183752
2034 0.167801
2035 0.16105
2036 0.172139
2037 0.185537
2038 0.189742
2039 0.182307
2040 0.166442
2041 0.165975
2042 0.177003
2043 0.188375
2044 0.190737
2045 0.177488
2046 0.165488
2047 0.164955
2048 0.175582
2049 0.188407
2050 0.185991
2051 0.175266
2052 0.16268
2053 0.16356
2054 0.175493
2055 0.191127
2056 0.190306
2057 0.175419
2058 0.162756
2059 0.169121
2060 0.184422
2061 0.190046
2062 0.187131
2063 0.172724
2064 0.164731
2065 0.170858
2066 0.18347
2067 0.189759
2068 0.184341
2069 0.169796
2070 0.160705
2071 0.166547
2072 0.182284
2073 0.189974
2074 0.184664
2075 0.170413
2076 0.161823
2077 0.170051
2078 0.185297
2079 0.191096
2080 0.183355
2081 0.167494
2082 0.164422
2083 0.176149
2084 0.185765
2085 0.190931
2086 0.180648
2087 0.166032
2088 0.162028
2089 0.172254
2090 0.182239
2091 0.188048
2092 0.180519
2093 0.166754
2094 0.162103
2095 0.169994
2096 0.18907
2097 0.19252
2098 0.179932
2099 0
