0 -12.8533
1 -3.30993
2 0.589609
3 -4.62516
4 -3.96227
5 -1.50925
6 -3.43691
7 -7.10201
8 -13.3094
9 -15.8342
10 -22.0368
11 -8.21996
12 -17.279
13 -5.21026
14 -5.58004
15 -2.17572
16 -7.04576
17 -1.70173
18 -2.19831
19 -0.62035
20 0.459508
21 0.373015
22 0.44365
23 0.516314
24 0.333374
25 0.382813
26 0.381256
27 0.291793
28 0.32638
29 0.246219
30 0.39413
31 0.300858
32 0.508887
33 0.507073
34 0.431047
35 0.401208
36 0.479782
37 0.501893
38 0.53657
39 0.512903
40 0.352616
41 0.448361
42 0.493478
43 0.319415
44 0.35371
45 0.42238
46 0.31942
47 0.468398
48 0.454346
49 0.508549
50 0.350344
51 0.254866
52 0.273549
53 0.421325
54 0.423726
55 0.483317
56 0.452174
57 0.556856
58 0.404105
59 0.543142
60 0.505399
61 0.586365
62 0.416457
63 0.470519
64 0.509139
65 0.303803
66 0.23931
67 0.410666
68 0.393071
69 0.308737
70 0.326126
71 0.466651
72 0.54252
73 0.37971
74 0.495602
75 0.437226
76 0.336843
77 0.394031
78 0.472055
79 0.370222
80 0.275348
81 0.353863
82 0.380453
83 0.484806
84 0.509939
85 0.532966
86 0.584021
87 0.557626
88 0.350183
89 0.471679
90 0.543065
91 0.362504
92 0.368217
93 0.431266
94 0.273842
95 0.40291
96 0.357213
97 0.454309
98 0.352092
99 0.476679
100 0.354211
101 0.34758
102 0.430365
103 0.333313
104 0.516899
105 0.572239
106 0.375361
107 0.388194
108 0.491742
109 0.530725
110 0.328712
111 0.334631
112 0.34601
113 0.274553
114 0.370402
115 0.484065
116 0.303595
117 0.442335
118 0.535964
119 0.475834
120 0.299893
121 0.286669
122 0.228968
123 0.204704
124 0.160255
125 0.423993
126 0.378796
127 0.396441
128 0.481972
129 0.424087
130 0.313341
131 0.444658
132 0.303918
133 0.432286
134 0.359046
135 0.23896
136 0.227311
137 0.31172
138 0.360748
139 0.470167
140 0.374489
141 0.325451
142 0.480954
143 0.474258
144 0.289656
145 0.468448
146 0.485751
147 0.407272
148 0.349784
149 0.490282
150 0.569908
151 0.464721
152 0.413935
153 0.511866
154 0.564113
155 0.46079
156 0.559693
157 0.576825
158 0.378277
159 0.354158
160 0.303302
161 0.302893
162 0.22214
163 0.269997
164 0.371534
165 0.230432
166 0.196157
167 0.446257
168 0.271863
169 0.361383
170 0.356293
171 0.46117
172 0.287688
173 0.49793
174 0.321692
175 0.235772
176 0.297281
177 0.303742
178 0.399834
179 0.348687
180 0.423747
181 0.383526
182 0.337446
183 0.366409
184 0.293305
185 0.207124
186 0.380169
187 0.272293
188 0.438085
189 0.260753
190 0.235265
191 0.434157
192 0.347171
193 0.246674
194 0.304999
195 0.281951
196 0.234004
197 0.369787
198 0.499539
199 0.562397
200 0.498305
201 0.488469
202 0.428045
203 0.281735
204 0.406471
205 0.436998
206 0.453686
207 0.403904
208 0.471019
209 0.388119
210 0.315257
211 0.326688
212 0.432925
213 0.258782
214 0.406263
215 0.240147
216 0.325736
217 0.431658
218 0.319552
219 0.514475
220 0.564721
221 0.390407
222 0.287115
223 0.490559
224 0.303948
225 0.230076
226 0.45877
227 0.47128
228 0.535332
229 0.478711
230 0.369008
231 0.255547
232 0.424408
233 0.42079
234 0.385956
235 0.359186
236 0.396386
237 0.356137
238 0.436932
239 0.401399
240 0.269089
241 0.284882
242 0.250259
243 0.423386
244 0.414414
245 0.419207
246 0.431266
247 0.260631
248 0.363834
249 0.429354
250 0.536238
251 0.543924
252 0.472472
253 0.570313
254 0.406795
255 0.437701
256 0.359375
257 0.296225
258 0.353645
259 0.273467
260 0.434937
261 0.363349
262 0.321085
263 0.336588
264 0.364225
265 0.464311
266 0.486636
267 0.562653
268 0.432138
269 0.490394
270 0.524845
271 0.458994
272 0.485982
273 0.330682
274 0.34018
275 0.310142
276 0.438186
277 0.333556
278 0.243942
279 0.20231
280 0.178958
281 0.3588
282 0.381988
283 0.488433
284 0.494529
285 0.36146
286 0.488096
287 0.563337
288 0.340511
289 0.371733
290 0.241968
291 0.430111
292 0.35011
293 0.267107
294 0.269647
295 0.249938
296 0.239498
297 0.34335
298 0.413135
299 0.330473
300 0.384102
301 0.490665
302 0.380239
303 0.472976
304 0.275862
305 0.486274
306 0.451779
307 0.487302
308 0.350086
309 0.365949
310 0.252352
311 0.287645
312 0.356451
313 0.263458
314 0.2638
315 0.334794
316 0.440527
317 0.290233
318 0.355639
319 0.461801
320 0.45506
321 0.490026
322 0.422784
323 0.339897
324 0.513798
325 0.382503
326 0.398277
327 0.269421
328 0.203341
329 0.23304
330 0.184442
331 0.433176
332 0.277775
333 0.23258
334 0.338243
335 0.238095
336 0.397069
337 0.417656
338 0.491302
339 0.562173
340 0.395498
341 0.428093
342 0.446229
343 0.453926
344 0.316354
345 0.224909
346 0.240522
347 0.350632
348 0.458914
349 0.391435
350 0.402467
351 0.29222
352 0.300556
353 0.409506
354 0.381653
355 0.46366
356 0.330045
357 0.523225
358 0.433264
359 0.500693
360 0.362523
361 0.488589
362 0.293101
363 0.281377
364 0.421285
365 0.466832
366 0.311649
367 0.233425
368 0.270414
369 0.221417
370 0.225349
371 0.367191
372 0.241928
373 0.23323
374 0.391173
375 0.462469
376 0.56477
377 0.37536
378 0.296803
379 0.296463
380 0.46232
381 0.27697
382 0.307223
383 0.393735
384 0.284645
385 0.398904
386 0.396225
387 0.44093
388 0.304901
389 0.286553
390 0.428549
391 0.301824
392 0.447974
393 0.543148
394 0.335987
395 0.234876
396 0.226981
397 0.423045
398 0.273432
399 0.206868
400 0.354982
401 0.310614
402 0.36653
403 0.365649
404 0.528339
405 0.515429
406 0.469091
407 0.41616
408 0.33125
409 0.270958
410 0.458859
411 0.318899
412 0.320758
413 0.252623
414 0.359672
415 0.317277
416 0.347681
417 0.265422
418 0.417075
419 0.453569
420 0.388266
421 0.523945
422 0.380644
423 0.542707
424 0.405611
425 0.3113
426 0.250138
427 0.348526
428 0.391482
429 0.500798
430 0.419933
431 0.488714
432 0.418977
433 0.554254
434 0.578288
435 0.441792
436 0.294794
437 0.463067
438 0.416515
439 0.452001
440 0.323692
441 0.26436
442 0.281462
443 0.317192
444 0.424895
445 0.285794
446 0.440922
447 0.425129
448 0.363599
449 0.271896
450 0.415574
451 0.493703
452 0.461118
453 0.324058
454 0.246572
455 0.459643
456 0.450207
457 0.276055
458 0.443449
459 0.355945
460 0.396482
461 0.289092
462 0.206921
463 0.396913
464 0.41995
465 0.352707
466 0.456565
467 0.267402
468 0.413392
469 0.327812
470 0.295906
471 0.314596
472 0.312085
473 0.474164
474 0.289928
475 0.422971
476 0.458366
477 0.554974
478 0.575764
479 0.397507
480 0.262249
481 0.464965
482 0.341222
483 0.357235
484 0.247542
485 0.204328
486 0.401387
487 0.258312
488 0.350002
489 0.268779
490 0.461742
491 0.449507
492 0.453463
493 0.288821
494 0.466967
495 0.357053
496 0.477169
497 0.450566
498 0.38144
499 0.499401
500 0.539817
501 0.322182
502 0.483469
503 0.297227
504 0.337058
505 0.261027
506 0.189208
507 0.4357
508 0.26819
509 0.220556
510 0.250181
511 0.366287
512 0.462628
513 0.33336
514 0.372856
515 0.420276
516 0.314074
517 0.374428
518 0.362489
519 0.437754
520 0.425436
521 0.470395
522 0.320931
523 0.445216
524 0.400004
525 0.261146
526 0.376376
527 0.372918
528 0.322106
529 0.228324
530 0.458158
531 0.378903
532 0.406057
533 0.275529
534 0.466917
535 0.535516
536 0.332338
537 0.265069
538 0.454056
539 0.406296
540 0.376231
541 0.394288
542 0.395443
543 0.248506
544 0.484771
545 0.486607
546 0.417775
547 0.4277
548 0.544651
549 0.585249
550 0.391077
551 0.300062
552 0.435011
553 0.293484
554 0.510944
555 0.489416
556 0.432662
557 0.429747
558 0.50592
559 0.427603
560 0.433646
561 0.274932
562 0.486798
563 0.39746
564 0.435112
565 0.561295
566 0.600168
567 0.587464
568 0.412682
569 0.296682
570 0.421561
571 0.534519
572 0.565287
573 0.370724
574 0.385067
575 0.277887
576 0.332453
577 0.378106
578 0.509186
579 0.522899
580 0.369063
581 0.297022
582 0.471939
583 0.541223
584 0.469921
585 0.433615
586 0.426094
587 0.555822
588 0.374366
589 0.345808
590 0.27502
591 0.35641
592 0.423738
593 0.355495
594 0.279939
595 0.320935
596 0.492562
597 0.434839
598 0.407043
599 0.380835
600 0.240047
601 0.295682
602 0.234567
603 0.219029
604 0.367746
605 0.321292
606 0.478286
607 0.405957
608 0.404703
609 0.461026
610 0.466422
611 0.437261
612 0.399964
613 0.327469
614 0.512606
615 0.324406
616 0.357553
617 0.421528
618 0.291665
619 0.34694
620 0.387948
621 0.377676
622 0.461007
623 0.334518
624 0.248759
625 0.324847
626 0.325458
627 0.322371
628 0.421262
629 0.441066
630 0.264713
631 0.41134
632 0.254772
633 0.189691
634 0.254915
635 0.296731
636 0.213173
637 0.319064
638 0.373272
639 0.411942
640 0.392179
641 0.490309
642 0.438345
643 0.372518
644 0.303285
645 0.253846
646 0.316104
647 0.423852
648 0.290699
649 0.357076
650 0.293883
651 0.406183
652 0.396587
653 0.488084
654 0.412514
655 0.517524
656 0.365816
657 0.526644
658 0.364115
659 0.527671
660 0.48403
661 0.516043
662 0.53496
663 0.352922
664 0.438786
665 0.392701
666 0.498405
667 0.321543
668 0.51489
669 0.515144
670 0.576699
671 0.49867
672 0.397929
673 0.461532
674 0.462224
675 0.372838
676 0.491016
677 0.305271
678 0.287878
679 0.236316
680 0.23456
681 0.41725
682 0.297506
683 0.337373
684 0.487192
685 0.399059
686 0.449599
687 0.336456
688 0.270484
689 0.469895
690 0.421184
691 0.407536
692 0.312374
693 0.27099
694 0.225446
695 0.288191
696 0.450307
697 0.415354
698 0.433155
699 0.380929
700 0.409827
701 0.390618
702 0.487545
703 0.275589
704 0.425353
705 0.413198
706 0.360034
707 0.342572
708 0.261197
709 0.432333
710 0.305004
711 0.521522
712 0.471381
713 0.53083
714 0.392129
715 0.287909
716 0.402629
717 0.501904
718 0.477724
719 0.336421
720 0.342868
721 0.251748
722 0.25521
723 0.288297
724 0.229596
725 0.302433
726 0.447011
727 0.51737
728 0.372476
729 0.317708
730 0.469505
731 0.498714
732 0.42644
733 0.43046
734 0.552398
735 0.5224
736 0.558879
737 0.416599
738 0.467545
739 0.52197
740 0.492991
741 0.458672
742 0.476
743 0.443274
744 0.572896
745 0.329636
746 0.482081
747 0.427629
748 0.34403
749 0.237377
750 0.420411
751 0.32563
752 0.316903
753 0.329151
754 0.362776
755 0.2931
756 0.451694
757 0.369301
758 0.302409
759 0.296707
760 0.358922
761 0.448206
762 0.28772
763 0.268417
764 0.275761
765 0.339402
766 0.406685
767 0.481496
768 0.326664
769 0.327988
770 0.385286
771 0.267756
772 0.359315
773 0.420564
774 0.497
775 0.511264
776 0.45884
777 0.400153
778 0.371516
779 0.30029
780 0.390473
781 0.492741
782 0.439938
783 0.482237
784 0.303817
785 0.225461
786 0.359867
787 0.391991
788 0.397546
789 0.503214
790 0.444216
791 0.578419
792 0.420866
793 0.27424
794 0.246485
795 0.255863
796 0.371266
797 0.466325
798 0.279184
799 0.319552
800 0.444791
801 0.339963
802 0.391279
803 0.37624
804 0.378266
805 0.376121
806 0.337538
807 0.242248
808 0.462833
809 0.344994
810 0.508489
811 0.559094
812 0.424156
813 0.327616
814 0.515173
815 0.510761
816 0.565721
817 0.490866
818 0.382596
819 0.340678
820 0.483974
821 0.437633
822 0.542418
823 0.368622
824 0.299369
825 0.21104
826 0.19354
827 0.222665
828 0.267703
829 0.387894
830 0.41322
831 0.448098
832 0.515239
833 0.497323
834 0.591702
835 0.513808
836 0.564359
837 0.430589
838 0.285648
839 0.2716
840 0.199172
841 0.434704
842 0.540274
843 0.573349
844 0.385374
845 0.481854
846 0.289682
847 0.435718
848 0.25408
849 0.229897
850 0.231409
851 0.355236
852 0.407485
853 0.422098
854 0.289616
855 0.452803
856 0.29426
857 0.292592
858 0.20149
859 0.329443
860 0.307421
861 0.426752
862 0.392441
863 0.505982
864 0.477691
865 0.40268
866 0.313144
867 0.229559
868 0.325693
869 0.428933
870 0.468531
871 0.57257
872 0.409052
873 0.404749
874 0.54053
875 0.515858
876 0.378414
877 0.316891
878 0.400066
879 0.286293
880 0.4585
881 0.318299
882 0.280339
883 0.40754
884 0.289683
885 0.369105
886 0.427896
887 0.406966
888 0.485272
889 0.569487
890 0.331208
891 0.493288
892 0.340844
893 0.500888
894 0.460512
895 0.476331
896 0.375443
897 0.327232
898 0.490432
899 0.538891
900 0.38242
901 0.484188
902 0.444055
903 0.36938
904 0.287205
905 0.216448
906 0.224299
907 0.206194
908 0.195041
909 0.389809
910 0.256456
911 0.45168
912 0.277253
913 0.490743
914 0.282106
915 0.25269
916 0.329575
917 0.430398
918 0.388892
919 0.261676
920 0.27433
921 0.332742
922 0.305547
923 0.234548
924 0.206616
925 0.172321
926 0.383445
927 0.478369
928 0.410143
929 0.456965
930 0.402337
931 0.491493
932 0.497845
933 0.471527
934 0.538409
935 0.327259
936 0.405413
937 0.259928
938 0.389898
939 0.494273
940 0.52603
941 0.537113
942 0.396889
943 0.540179
944 0.356875
945 0.515349
946 0.569269
947 0.443855
948 0.387751
949 0.48782
950 0.453961
951 0.44963
952 0.271161
953 0.49066
954 0.287757
955 0.314613
956 0.271625
957 0.413069
958 0.395682
959 0.393442
960 0.369436
961 0.443836
962 0.4348
963 0.404579
964 0.337762
965 0.484511
966 0.412624
967 0.321941
968 0.312805
969 0.207595
970 0.197608
971 0.430309
972 0.494716
973 0.341702
974 0.404431
975 0.325505
976 0.37798
977 0.522148
978 0.533713
979 0.432077
980 0.382487
981 0.33829
982 0.272635
983 0.296476
984 0.478597
985 0.456401
986 0.561259
987 0.547193
988 0.482487
989 0.388066
990 0.350738
991 0.515709
992 0.498457
993 0.544824
994 0.404496
995 0.283101
996 0.419272
997 0.31303
998 0.493014
999 0.449135
1000 0.364506
1001 0.282059
1002 0.438112
1003 0.496918
1004 0.583367
1005 0.516031
1006 0.418441
1007 0.283579
1008 0.420676
1009 0.391645
1010 0.53336
1011 0.57877
1012 0.422309
1013 0.485888
1014 0.281325
1015 0.301879
1016 0.321343
1017 0.25588
1018 0.298099
1019 0.367944
1020 0.476855
1021 0.436116
1022 0.271604
1023 0.312513
1024 0.397063
1025 0.520329
1026 0.536951
1027 0.464486
1028 0.292055
1029 0.412022
1030 0.358491
1031 0.423358
1032 0.482156
1033 0.54151
1034 0.540054
1035 0.543534
1036 0.348358
1037 0.521493
1038 0.50542
1039 0.435559
1040 0.392834
1041 0.532542
1042 0.308409
1043 0.484178
1044 0.33089
1045 0.238426
1046 0.217086
1047 0.200645
1048 0.226584
1049 0.415899
1050 0.44137
1051 0.285479
1052 0.236226
1053 0.239468
1054 0.330055
1055 0.289775
1056 0.424121
1057 0.420365
1058 0.319794
1059 0.377908
1060 0.334146
1061 0.347631
1062 0.286254
1063 0.367681
1064 0.397706
1065 0.534087
1066 0.490861
1067 0.36515
1068 0.425897
1069 0.398099
1070 0.283893
1071 0.402591
1072 0.447868
1073 0.414156
1074 0.380467
1075 0.305333
1076 0.257066
1077 0.427569
1078 0.249263
1079 0.400127
1080 0.252121
1081 0.230651
1082 0.222974
1083 0.436366
1084 0.254755
1085 0.45441
1086 0.385139
1087 0.433319
1088 0.490143
1089 0.516163
1090 0.298822
1091 0.458338
1092 0.2777
1093 0.455468
1094 0.41638
1095 0.353626
1096 0.450921
1097 0.429378
1098 0.340736
1099 0.287594
1100 0.227279
1101 0.222207
1102 0.188589
1103 0.171212
1104 0.3048
1105 0.470527
1106 0.479267
1107 0.340457
1108 0.342495
1109 0.323881
1110 0.438388
1111 0.542617
1112 0.520699
1113 0.308343
1114 0.514188
1115 0.540583
1116 0.529132
1117 0.395445
1118 0.519852
1119 0.494607
1120 0.437161
1121 0.545203
1122 0.406255
1123 0.518758
1124 0.545308
1125 0.573655
1126 0.619362
1127 0.414637
1128 0.562648
1129 0.459487
1130 0.499765
1131 0.350212
1132 0.47348
1133 0.448656
1134 0.301279
1135 0.230922
1136 0.178448
1137 0.349556
1138 0.209599
1139 0.387561
1140 0.406942
1141 0.508915
1142 0.438136
1143 0.392056
1144 0.416034
1145 0.443568
1146 0.551383
1147 0.432769
1148 0.570032
1149 0.348094
1150 0.2682
1151 0.403292
1152 0.512455
1153 0.537269
1154 0.599234
1155 0.532539
1156 0.613312
1157 0.641456
1158 0.451581
1159 0.414666
1160 0.256819
1161 0.306253
1162 0.224851
1163 0.185302
1164 0.297662
1165 0.225029
1166 0.312771
1167 0.424478
1168 0.525863
1169 0.444895
1170 0.454827
1171 0.301113
1172 0.253513
1173 0.435865
1174 0.473559
1175 0.470925
1176 0.383613
1177 0.511347
1178 0.581647
1179 0.529829
1180 0.495698
1181 0.390391
1182 0.407272
1183 0.363902
1184 0.256113
1185 0.356599
1186 0.336069
1187 0.49416
1188 0.455477
1189 0.573702
1190 0.513082
1191 0.483581
1192 0.499854
1193 0.433982
1194 0.346929
1195 0.463479
1196 0.555416
1197 0.350617
1198 0.458509
1199 0.355982
1200 0.445393
1201 0.441506
1202 0.389354
1203 0.371691
1204 0.266167
1205 0.194181
1206 0.377007
1207 0.328752
1208 0.459916
1209 0.436731
1210 0.329038
1211 0.325667
1212 0.474105
1213 0.549245
1214 0.315354
1215 0.390129
1216 0.408778
1217 0.361763
1218 0.237332
1219 0.215596
1220 0.278335
1221 0.32472
1222 0.413231
1223 0.353421
1224 0.255289
1225 0.194469
1226 0.340771
1227 0.234583
1228 0.283312
1229 0.270755
1230 0.337254
1231 0.455773
1232 0.42434
1233 0.488773
1234 0.454885
1235 0.296504
1236 0.388726
1237 0.310614
1238 0.277079
1239 0.393564
1240 0.399214
1241 0.366891
1242 0.30668
1243 0.33995
1244 0.490738
1245 0.545884
1246 0.475132
1247 0.451951
1248 0.49589
1249 0.443073
1250 0.56924
1251 0.477776
1252 0.523962
1253 0.368463
1254 0.484345
1255 0.356164
1256 0.466559
1257 0.349621
1258 0.400056
1259 0.375086
1260 0.244065
1261 0.267231
1262 0.427215
1263 0.273767
1264 0.338112
1265 0.340374
1266 0.460898
1267 0.457492
1268 0.351214
1269 0.324457
1270 0.312575
1271 0.237874
1272 0.429644
1273 0.361935
1274 0.322119
1275 0.488958
1276 0.279701
1277 0.428876
1278 0.510917
1279 0.495469
1280 0.420912
1281 0.523349
1282 0.513815
1283 0.451653
1284 0.348364
1285 0.337725
1286 0.300509
1287 0.301703
1288 0.452438
1289 0.425023
1290 0.329576
1291 0.313605
1292 0.416954
1293 0.296505
1294 0.437363
1295 0.312962
1296 0.468868
1297 0.360907
1298 0.502979
1299 0.531198
1300 0.40882
1301 0.509988
1302 0.362537
1303 0.340326
1304 0.265587
1305 0.310465
1306 0.369969
1307 0.327173
1308 0.499326
1309 0.399617
1310 0.329069
1311 0.228424
1312 0.330053
1313 0.26084
1314 0.232004
1315 0.286277
1316 0.477382
1317 0.453066
1318 0.345855
1319 0.298471
1320 0.27335
1321 0.454574
1322 0.490505
1323 0.513073
1324 0.395095
1325 0.268625
1326 0.275622
1327 0.322729
1328 0.377207
1329 0.48697
1330 0.463649
1331 0.516137
1332 0.579819
1333 0.466717
1334 0.462519
1335 0.563711
1336 0.603127
1337 0.345875
1338 0.343315
1339 0.309486
1340 0.421611
1341 0.531692
1342 0.426604
1343 0.341977
1344 0.41416
1345 0.350687
1346 0.388779
1347 0.325734
1348 0.376919
1349 0.448543
1350 0.30348
1351 0.409654
1352 0.340168
1353 0.393333
1354 0.526327
1355 0.424737
1356 0.543858
1357 0.548189
1358 0.493835
1359 0.428286
1360 0.374829
1361 0.418017
1362 0.460988
1363 0.370303
1364 0.412205
1365 0.298189
1366 0.367438
1367 0.335377
1368 0.251669
1369 0.460074
1370 0.285101
1371 0.474737
1372 0.384872
1373 0.52855
1374 0.432954
1375 0.469736
1376 0.339704
1377 0.256211
1378 0.204327
1379 0.329526
1380 0.353691
1381 0.338593
1382 0.450525
1383 0.272215
1384 0.239733
1385 0.375171
1386 0.494896
1387 0.384036
1388 0.459623
1389 0.278986
1390 0.359281
1391 0.336038
1392 0.501884
1393 0.518538
1394 0.394266
1395 0.309206
1396 0.322129
1397 0.414074
1398 0.419819
1399 0.451881
1400 0.285765
1401 0.428487
1402 0.253334
1403 0.252342
1404 0.209583
1405 0.271059
1406 0.194901
1407 0.289601
1408 0.43803
1409 0.510035
1410 0.450864
1411 0.523129
1412 0.355923
1413 0.512125
1414 0.349869
1415 0.519135
1416 0.542259
1417 0.478769
1418 0.538925
1419 0.365067
1420 0.317509
1421 0.480312
1422 0.481705
1423 0.356045
1424 0.254637
1425 0.288438
1426 0.461186
1427 0.407739
1428 0.377726
1429 0.503309
1430 0.349612
1431 0.313325
1432 0.241647
1433 0.349175
1434 0.421177
1435 0.44788
1436 0.546953
1437 0.481113
1438 0.446047
1439 0.322743
1440 0.353127
1441 0.34047
1442 0.438039
1443 0.457896
1444 0.337523
1445 0.26742
1446 0.479833
1447 0.496836
1448 0.399142
1449 0.364793
1450 0.309916
1451 0.466902
1452 0.521506
1453 0.49996
1454 0.458745
1455 0.290253
1456 0.275518
1457 0.309319
1458 0.283886
1459 0.350636
1460 0.422
1461 0.461742
1462 0.465629
1463 0.507407
1464 0.460625
1465 0.422605
1466 0.257957
1467 0.443612
1468 0.502916
1469 0.362103
1470 0.308799
1471 0.368867
1472 0.295578
1473 0.454281
1474 0.27406
1475 0.296539
1476 0.301291
1477 0.382633
1478 0.499825
1479 0.543719
1480 0.325176
1481 0.447078
1482 0.315815
1483 0.341227
1484 0.431902
1485 0.309434
1486 0.431148
1487 0.291241
1488 0.482322
1489 0.310478
1490 0.222515
1491 0.328989
1492 0.312492
1493 0.249203
1494 0.324502
1495 0.287624
1496 0.434057
1497 0.540101
1498 0.327426
1499 0.289061
1500 0.234265
1501 0.444213
1502 0.374771
1503 0.300349
1504 0.371671
1505 0.452322
1506 0.407266
1507 0.49855
1508 0.57079
1509 0.372232
1510 0.511559
1511 0.502168
1512 0.5105
1513 0.509972
1514 0.51791
1515 0.432073
1516 0.379384
1517 0.469174
1518 0.50867
1519 0.367173
1520 0.256434
1521 0.387648
1522 0.248501
1523 0.282037
1524 0.460689
1525 0.263169
1526 0.400931
1527 0.462682
1528 0.340721
1529 0.366718
1530 0.374613
1531 0.363266
1532 0.267621
1533 0.336038
1534 0.381275
1535 0.339448
1536 0.342405
1537 0.508905
1538 0.510676
1539 0.384919
1540 0.4339
1541 0.485586
1542 0.330379
1543 0.376532
1544 0.458367
1545 0.294114
1546 0.350746
1547 0.456547
1548 0.316733
1549 0.347202
1550 0.412789
1551 0.367486
1552 0.269928
1553 0.235134
1554 0.410601
1555 0.331237
1556 0.306512
1557 0.285146
1558 0.31958
1559 0.44289
1560 0.380811
1561 0.309237
1562 0.218603
1563 0.329187
1564 0.290176
1565 0.300737
1566 0.431093
1567 0.49365
1568 0.358175
1569 0.313989
1570 0.482251
1571 0.28426
1572 0.38717
1573 0.492857
1574 0.502892
1575 0.474723
1576 0.449719
1577 0.472934
1578 0.435536
1579 0.509666
1580 0.469449
1581 0.344644
1582 0.42594
1583 0.361765
1584 0.472947
1585 0.377091
1586 0.527636
1587 0.406137
1588 0.423366
1589 0.437853
1590 0.465425
1591 0.364999
1592 0.329062
1593 0.437399
1594 0.363584
1595 0.483353
1596 0.358517
1597 0.515489
1598 0.345099
1599 0.287127
1600 0.40685
1601 0.223991
1602 0.468433
1603 0.26836
1604 0.307063
1605 0.217837
1606 0.216815
1607 0.261056
1608 0.281708
1609 0.349802
1610 0.247421
1611 0.233772
1612 0.440421
1613 0.39883
1614 0.383456
1615 0.509137
1616 0.40068
1617 0.415707
1618 0.284212
1619 0.36341
1620 0.272923
1621 0.19596
1622 0.276764
1623 0.257915
1624 0.411415
1625 0.381243
1626 0.441669
1627 0.531414
1628 0.316347
1629 0.38648
1630 0.47745
1631 0.558385
1632 0.518561
1633 0.565005
1634 0.382231
1635 0.285834
1636 0.226809
1637 0.206671
1638 0.238239
1639 0.360944
1640 0.350092
1641 0.374101
1642 0.517444
1643 0.568165
1644 0.519497
1645 0.391689
1646 0.405705
1647 0.438916
1648 0.347676
1649 0.283237
1650 0.407153
1651 0.487723
1652 0.444149
1653 0.558776
1654 0.599543
1655 0.417352
1656 0.522288
1657 0.549637
1658 0.560143
1659 0.579848
1660 0.420826
1661 0.461522
1662 0.318355
1663 0.520095
1664 0.44791
1665 0.399286
1666 0.319878
1667 0.436424
1668 0.480605
1669 0.418187
1670 0.4906
1671 0.401558
1672 0.499094
1673 0.41066
1674 0.475307
1675 0.55462
1676 0.422464
1677 0.282343
1678 0.250133
1679 0.441862
1680 0.439337
1681 0.277057
1682 0.261348
1683 0.248251
1684 0.444655
1685 0.504345
1686 0.48473
1687 0.519679
1688 0.46578
1689 0.482616
1690 0.502032
1691 0.381017
1692 0.439889
1693 0.495143
1694 0.436138
1695 0.556217
1696 0.54611
1697 0.369492
1698 0.476273
1699 0.451124
1700 0.335521
1701 0.405832
1702 0.489708
1703 0.483676
1704 0.452696
1705 0.302123
1706 0.221249
1707 0.449467
1708 0.350427
1709 0.496028
1710 0.525847
1711 0.330367
1712 0.39423
1713 0.471106
1714 0.410473
1715 0.45953
1716 0.522131
1717 0.552471
1718 0.337149
1719 0.508923
1720 0.369027
1721 0.269362
1722 0.238446
1723 0.384017
1724 0.481541
1725 0.48922
1726 0.411133
1727 0.506967
1728 0.47957
1729 0.411295
1730 0.438337
1731 0.528842
1732 0.395163
1733 0.397097
1734 0.350319
1735 0.503969
1736 0.528646
1737 0.456057
1738 0.555723
1739 0.471142
1740 0.336597
1741 0.239709
1742 0.347652
1743 0.347464
1744 0.215371
1745 0.432357
1746 0.339275
1747 0.522017
1748 0.482944
1749 0.378273
1750 0.36996
1751 0.350954
1752 0.323853
1753 0.484746
1754 0.524044
1755 0.559909
1756 0.397113
1757 0.263033
1758 0.45448
1759 0.351332
1760 0.318001
1761 0.393955
1762 0.291752
1763 0.237815
1764 0.34419
1765 0.26472
1766 0.22303
1767 0.425924
1768 0.328337
1769 0.503878
1770 0.340459
1771 0.461958
1772 0.282123
1773 0.359608
1774 0.231557
1775 0.214963
1776 0.337459
1777 0.366048
1778 0.241334
1779 0.325137
1780 0.46689
1781 0.432471
1782 0.335997
1783 0.424367
1784 0.424351
1785 0.3982
1786 0.498039
1787 0.555304
1788 0.578832
1789 0.505084
1790 0.358338
1791 0.44526
1792 0.359085
1793 0.285466
1794 0.381235
1795 0.330206
1796 0.281063
1797 0.394585
1798 0.371408
1799 0.438125
1800 0.391239
1801 0.347275
1802 0.396195
1803 0.240209
1804 0.271547
1805 0.221123
1806 0.351877
1807 0.310412
1808 0.334127
1809 0.494627
1810 0.439638
1811 0.444451
1812 0.355435
1813 0.402983
1814 0.498831
1815 0.543983
1816 0.405973
1817 0.512679
1818 0.581523
1819 0.501861
1820 0.466575
1821 0.439709
1822 0.384956
1823 0.314343
1824 0.304577
1825 0.41416
1826 0.505609
1827 0.575049
1828 0.42591
1829 0.314732
1830 0.463292
1831 0.454756
1832 0.287542
1833 0.469861
1834 0.424729
1835 0.295453
1836 0.235337
1837 0.284972
1838 0.359084
1839 0.436028
1840 0.294653
1841 0.283824
1842 0.195713
1843 0.219978
1844 0.348063
1845 0.218463
1846 0.325137
1847 0.249856
1848 0.274933
1849 0.355037
1850 0.412133
1851 0.244086
1852 0.342537
1853 0.458981
1854 0.568982
1855 0.417564
1856 0.416439
1857 0.377974
1858 0.409209
1859 0.528457
1860 0.457483
1861 0.515243
1862 0.58124
1863 0.394395
1864 0.267078
1865 0.369119
1866 0.248165
1867 0.387514
1868 0.484656
1869 0.37405
1870 0.336446
1871 0.31067
1872 0.334502
1873 0.30362
1874 0.262232
1875 0.359097
1876 0.26356
1877 0.253136
1878 0.214663
1879 0.171906
1880 0.137459
1881 0.34529
1882 0.458516
1883 0.299473
1884 0.487816
1885 0.351727
1886 0.394016
1887 0.403066
1888 0.377613
1889 0.501904
1890 0.420763
1891 0.44741
1892 0.455147
1893 0.455187
1894 0.36926
1895 0.394651
1896 0.515858
1897 0.37649
1898 0.545705
1899 0.37212
1900 0.410944
1901 0.379
1902 0.499795
1903 0.44067
1904 0.421206
1905 0.393117
1906 0.36434
1907 0.530825
1908 0.552594
1909 0.411498
1910 0.291002
1911 0.45128
1912 0.3258
1913 0.299848
1914 0.355448
1915 0.39809
1916 0.47369
1917 0.296052
1918 0.327497
1919 0.219724
1920 0.346657
1921 0.294922
1922 0.461217
1923 0.444099
1924 0.551932
1925 0.489795
1926 0.503691
1927 0.393107
1928 0.32933
1929 0.464113
1930 0.546379
1931 0.440263
1932 0.550279
1933 0.505676
1934 0.397069
1935 0.547515
1936 0.358238
1937 0.418918
1938 0.471578
1939 0.411484
1940 0.551741
1941 0.426552
1942 0.270111
1943 0.434842
1944 0.470891
1945 0.458972
1946 0.475577
1947 0.284703
1948 0.335514
1949 0.246419
1950 0.265951
1951 0.289018
1952 0.313087
1953 0.483812
1954 0.279424
1955 0.337238
1956 0.324232
1957 0.323207
1958 0.485299
1959 0.347215
1960 0.360684
1961 0.270877
1962 0.418047
1963 0.480135
1964 0.339557
1965 0.530787
1966 0.357082
1967 0.318063
1968 0.214167
1969 0.224459
1970 0.350532
1971 0.469626
1972 0.499844
1973 0.572857
1974 0.457626
1975 0.581136
1976 0.59747
1977 0.546889
1978 0.586472
1979 0.328345
1980 0.52019
1981 0.394177
1982 0.495239
1983 0.364327
1984 0.265607
1985 0.278374
1986 0.266574
1987 0.351263
1988 0.239772
1989 0.44747
1990 0.515151
1991 0.36252
1992 0.470206
1993 0.304022
1994 0.430822
1995 0.303332
1996 0.373888
1997 0.391006
1998 0.538574
1999 0.349745
2000 0.461627
2001 0.4984
2002 0.575058
2003 0.362803
2004 0.548569
2005 0.472966
2006 0.515909
2007 0.325815
2008 0.291372
2009 0.301174
2010 0.399745
2011 0.436264
2012 0.453095
2013 0.326115
2014 0.246906
2015 0.42328
2016 0.441135
2017 0.517022
2018 0.448812
2019 0.294167
2020 0.324196
2021 0.210048
2022 0.281596
2023 0.309768
2024 0.297354
2025 0.484997
2026 0.562596
2027 0.466965
2028 0.536026
2029 0.527271
2030 0.310829
2031 0.282028
2032 0.360903
2033 0.479994
2034 0.56708
2035 0.341459
2036 0.359208
2037 0.368397
2038 0.270378
2039 0.241823
2040 0.193165
2041 0.405473
2042 0.287831
2043 0.213038
2044 0.425144
2045 0.399709
2046 0.357856
2047 0.487851
2048 0.467914
2049 0.280877
2050 0.353464
2051 0.501559
2052 0.537453
2053 0.351351
2054 0.361717
2055 0.32195
2056 0.252293
2057 0.388089
2058 0.469213
2059 0.349482
2060 0.529914
2061 0.365715
2062 0.423396
2063 0.472505
2064 0.541278
2065 0.355261
2066 0.346381
2067 0.402489
2068 0.492887
2069 0.399724
2070 0.333148
2071 0.225204
2072 0.289267
2073 0.196961
2074 0.161052
2075 0.159106
2076 0.13425
2077 0.184946
2078 0.331367
2079 0.455149
2080 0.3213
2081 0.324924
2082 0.222509
2083 0.368748
2084 0.474761
2085 0.430544
2086 0.398424
2087 0.491182
2088 0.422316
2089 0.364672
2090 0.370622
2091 0.265769
2092 0.200109
2093 0.416624
2094 0.34331
2095 0.285613
2096 0.448778
2097 0.503289
2098 0.446115
2099 0
