0 0.218871
1 0.273208
2 0.24762
3 0.21141
4 0.192972
5 0.183164
6 0.178766
7 0.176327
8 0.176969
9 0.176999
10 0.177615
11 0.175656
12 0.178233
13 0.176592
14 0.176032
15 0.178838
16 0.173731
17 0.179291
18 0.173029
19 0.178387
20 0.176327
21 0.176449
22 0.176586
23 0.17701
24 0.176211
25 0.177881
26 0.176698
27 0.176914
28 0.176302
29 0.175766
30 0.177459
31 0.175395
32 0.176323
33 0.175954
34 0.175348
35 0.177513
36 0.177512
37 0.175623
38 0.177926
39 0.177068
40 0.177696
41 0.177614
42 0.178762
43 0.17655
44 0.177946
45 0.176653
46 0.17725
47 0.174678
48 0.176443
49 0.177517
50 0.1741
51 0.17878
52 0.176346
53 0.174826
54 0.178634
55 0.175006
56 0.176959
57 0.176914
58 0.174303
59 0.175892
60 0.174767
61 0.177745
62 0.174183
63 0.179132
64 0.175069
65 0.176493
66 0.176159
67 0.176595
68 0.178298
69 0.175196
70 0.177461
71 0.176828
72 0.176217
73 0.176179
74 0.175664
75 0.175405
76 0.175653
77 0.176497
78 0.175091
79 0.178377
80 0.176766
81 0.176832
82 0.178702
83 0.175021
84 0.178639
85 0.174481
86 0.17694
87 0.175118
88 0.174883
89 0.177258
90 0.175042
91 0.177756
92 0.175007
93 0.176418
94 0.176864
95 0.175151
96 0.1765
97 0.175602
98 0.177065
99 0.174286
100 0.176674
101 0.176219
102 0.17792
103 0.174712
104 0.177269
105 0.177292
106 0.174928
107 0.176123
108 0.176087
109 0.175501
110 0.176133
111 0.175116
112 0.176787
113 0.175176
114 0.178315
115 0.177454
116 0.178287
117 0.176692
118 0.176055
119 0.177389
120 0.174127
121 0.179167
122 0.174686
123 0.177574
124 0.176062
125 0.177034
126 0.17631
127 0.178214
128 0.176567
129 0.176714
130 0.176681
131 0.17564
132 0.17627
133 0.177013
134 0.175281
135 0.176534
136 0.178096
137 0.177285
138 0.177154
139 0.178051
140 0.177172
141 0.176313
142 0.175244
143 0.176823
144 0.173997
145 0.176008
146 0.178008
147 0.1755
148 0.178608
149 0.174902
150 0.177755
151 0.175589
152 0.177603
153 0.17522
154 0.17779
155 0.175847
156 0.17689
157 0.177467
158 0.177597
159 0.176081
160 0.175751
161 0.175994
162 0.1746
163 0.177514
164 0.177119
165 0.178704
166 0.177489
167 0.176778
168 0.176014
169 0.177107
170 0.176468
171 0.175724
172 0.177555
173 0.175431
174 0.175913
175 0.178194
176 0.173961
177 0.179916
178 0.175768
179 0.179166
180 0.175444
181 0.176892
182 0.177451
183 0.173422
184 0.179224
185 0.17322
186 0.179039
187 0.176477
188 0.176847
189 0.177444
190 0.178091
191 0.175765
192 0.178809
193 0.17623
194 0.176509
195 0.177442
196 0.173808
197 0.176798
198 0.173989
199 0.175722
200 0.177484
201 0.176913
202 0.177835
203 0.17716
204 0.177548
205 0.174894
206 0.175853
207 0.175189
208 0.177861
209 0.177249
210 0.175452
211 0.180081
212 0.17458
213 0.176967
214 0.176387
215 0.177832
216 0.174004
217 0.179211
218 0.176116
219 0.175111
220 0.17952
221 0.175031
222 0.176221
223 0.178757
224 0.17471
225 0.177635
226 0.177227
227 0.175565
228 0.175628
229 0.1783
230 0.176278
231 0.175672
232 0.178746
233 0.17549
234 0.178122
235 0.17701
236 0.17864
237 0.174634
238 0.178761
239 0.176489
240 0.175497
241 0.177495
242 0.174331
243 0.17617
244 0.175608
245 0.175276
246 0.179166
247 0.175723
248 0.176531
249 0.178888
250 0.174532
251 0.179422
252 0.174525
253 0.177839
254 0.174699
255 0.176396
256 0.176606
257 0.176515
258 0.17665
259 0.177802
260 0.177217
261 0.176455
262 0.175944
263 0.176662
264 0.176022
265 0.175111
266 0.179297
267 0.176889
268 0.175817
269 0.179119
270 0.175035
271 0.176002
272 0.176662
273 0.176941
274 0.17726
275 0.17842
276 0.175831
277 0.17574
278 0.178414
279 0.172653
280 0.180227
281 0.176148
282 0.175328
283 0.179885
284 0.172548
285 0.17994
286 0.174474
287 0.178866
288 0.176447
289 0.176693
290 0.178557
291 0.17688
292 0.177853
293 0.175774
294 0.178059
295 0.174529
296 0.178129
297 0.174779
298 0.177584
299 0.177566
300 0.175986
301 0.178438
302 0.175764
303 0.176603
304 0.17454
305 0.177855
306 0.176553
307 0.176576
308 0.178192
309 0.177643
310 0.177756
311 0.176093
312 0.175679
313 0.175264
314 0.174841
315 0.177258
316 0.176765
317 0.179053
318 0.17487
319 0.179367
320 0.174706
321 0.176869
322 0.178299
323 0.174251
324 0.179056
325 0.175207
326 0.177622
327 0.176702
328 0.176974
329 0.175946
330 0.17737
331 0.175708
332 0.176795
333 0.175595
334 0.177129
335 0.174123
336 0.178226
337 0.176274
338 0.17608
339 0.177178
340 0.175652
341 0.177091
342 0.176723
343 0.177083
344 0.175535
345 0.176094
346 0.175663
347 0.177987
348 0.175038
349 0.17957
350 0.174355
351 0.17857
352 0.177168
353 0.174554
354 0.18
355 0.172439
356 0.178722
357 0.176056
358 0.178223
359 0.176201
360 0.178261
361 0.176722
362 0.174892
363 0.177019
364 0.176354
365 0.174499
366 0.177885
367 0.174128
368 0.178477
369 0.176649
370 0.175603
371 0.178316
372 0.173624
373 0.176184
374 0.175563
375 0.176764
376 0.176427
377 0.177993
378 0.177788
379 0.178009
380 0.177278
381 0.177373
382 0.175617
383 0.174877
384 0.176606
385 0.175811
386 0.17537
387 0.1775
388 0.175479
389 0.178543
390 0.176371
391 0.176395
392 0.176246
393 0.176689
394 0.176256
395 0.176421
396 0.17556
397 0.177089
398 0.175794
399 0.177611
400 0.176185
401 0.178404
402 0.176764
403 0.175851
404 0.178085
405 0.176362
406 0.174963
407 0.179344
408 0.175694
409 0.17884
410 0.176183
411 0.177617
412 0.17729
413 0.176584
414 0.177555
415 0.17745
416 0.17536
417 0.179001
418 0.175658
419 0.178881
420 0.174678
421 0.176127
422 0.177056
423 0.173074
424 0.177392
425 0.17605
426 0.174867
427 0.179393
428 0.174979
429 0.180013
430 0.174318
431 0.176922
432 0.175731
433 0.177684
434 0.17702
435 0.176371
436 0.179455
437 0.17577
438 0.176217
439 0.177293
440 0.176605
441 0.17746
442 0.177302
443 0.178257
444 0.177106
445 0.17612
446 0.175932
447 0.175446
448 0.176852
449 0.174523
450 0.178094
451 0.176501
452 0.1775
453 0.174855
454 0.176677
455 0.174621
456 0.176329
457 0.175558
458 0.178074
459 0.177894
460 0.177469
461 0.17569
462 0.178802
463 0.176255
464 0.176729
465 0.179172
466 0.177149
467 0.17631
468 0.177513
469 0.176286
470 0.17493
471 0.178334
472 0.174319
473 0.179512
474 0.176203
475 0.179102
476 0.17721
477 0.177184
478 0.178337
479 0.173338
480 0.179208
481 0.175815
482 0.177799
483 0.177163
484 0.17573
485 0.178143
486 0.176109
487 0.177955
488 0.175418
489 0.176147
490 0.17755
491 0.175241
492 0.175995
493 0.178285
494 0.1736
495 0.178885
496 0.175263
497 0.17616
498 0.176466
499 0.175087
500 0.177486
501 0.176394
502 0.177743
503 0.175029
504 0.179448
505 0.176495
506 0.177911
507 0.175634
508 0.177038
509 0.173858
510 0.176345
511 0.177769
512 0.175343
513 0.179765
514 0.175632
515 0.179154
516 0.176364
517 0.177313
518 0.177089
519 0.177407
520 0.175142
521 0.17719
522 0.175374
523 0.177815
524 0.174445
525 0.178153
526 0.177208
527 0.17626
528 0.178041
529 0.176255
530 0.177689
531 0.177507
532 0.178107
533 0.177412
534 0.176625
535 0.175692
536 0.176924
537 0.176097
538 0.176271
539 0.178926
540 0.176089
541 0.17744
542 0.175724
543 0.178011
544 0.17672
545 0.175308
546 0.176776
547 0.176285
548 0.176321
549 0.177717
550 0.176458
551 0.176424
552 0.176423
553 0.175931
554 0.178259
555 0.176201
556 0.176683
557 0.178138
558 0.177041
559 0.177169
560 0.176884
561 0.174958
562 0.177389
563 0.175645
564 0.177317
565 0.17598
566 0.177615
567 0.175027
568 0.176718
569 0.177616
570 0.176658
571 0.175839
572 0.177104
573 0.175176
574 0.17472
575 0.177794
576 0.1769
577 0.178128
578 0.175811
579 0.177691
580 0.175502
581 0.175015
582 0.177529
583 0.17616
584 0.178716
585 0.178005
586 0.178677
587 0.17762
588 0.175646
589 0.177867
590 0.174271
591 0.179131
592 0.173377
593 0.180436
594 0.173695
595 0.17718
596 0.177676
597 0.174474
598 0.179114
599 0.17582
600 0.176638
601 0.177199
602 0.177133
603 0.17554
604 0.178477
605 0.174762
606 0.177615
607 0.174108
608 0.178939
609 0.174207
610 0.176492
611 0.178202
612 0.173008
613 0.177948
614 0.175552
615 0.176339
616 0.17551
617 0.176341
618 0.176872
619 0.175027
620 0.176849
621 0.174928
622 0.177019
623 0.175775
624 0.178071
625 0.176125
626 0.179365
627 0.175055
628 0.176846
629 0.175659
630 0.177592
631 0.175633
632 0.177188
633 0.177718
634 0.175929
635 0.175882
636 0.176168
637 0.177745
638 0.174509
639 0.178953
640 0.175004
641 0.176961
642 0.178086
643 0.177117
644 0.17783
645 0.177809
646 0.176322
647 0.177744
648 0.17429
649 0.177354
650 0.174666
651 0.178133
652 0.17647
653 0.178378
654 0.176905
655 0.175302
656 0.177442
657 0.176136
658 0.175907
659 0.177732
660 0.17432
661 0.177245
662 0.17478
663 0.175979
664 0.176374
665 0.177397
666 0.175239
667 0.178907
668 0.176252
669 0.17654
670 0.175439
671 0.175989
672 0.174594
673 0.178019
674 0.175118
675 0.177182
676 0.178309
677 0.177142
678 0.175201
679 0.178793
680 0.175462
681 0.176924
682 0.178706
683 0.174447
684 0.176993
685 0.175163
686 0.176636
687 0.175362
688 0.177094
689 0.175485
690 0.175409
691 0.175342
692 0.177291
693 0.175523
694 0.176369
695 0.176519
696 0.175983
697 0.177804
698 0.17599
699 0.177583
700 0.17645
701 0.176908
702 0.177326
703 0.176758
704 0.177117
705 0.177443
706 0.177756
707 0.176263
708 0.176995
709 0.174551
710 0.175682
711 0.177567
712 0.173596
713 0.179417
714 0.173736
715 0.178462
716 0.177299
717 0.17828
718 0.17726
719 0.178802
720 0.175365
721 0.176078
722 0.175605
723 0.174884
724 0.178105
725 0.177146
726 0.176174
727 0.177961
728 0.177372
729 0.175536
730 0.176238
731 0.176702
732 0.173804
733 0.178717
734 0.174481
735 0.179807
736 0.175798
737 0.177251
738 0.177336
739 0.176605
740 0.176137
741 0.175371
742 0.177787
743 0.173126
744 0.177963
745 0.176586
746 0.174719
747 0.176396
748 0.175682
749 0.177058
750 0.174315
751 0.177796
752 0.176796
753 0.174224
754 0.17937
755 0.174778
756 0.17595
757 0.176383
758 0.176692
759 0.177807
760 0.176691
761 0.179562
762 0.175615
763 0.177655
764 0.174238
765 0.176382
766 0.175344
767 0.174551
768 0.178327
769 0.177219
770 0.177648
771 0.178198
772 0.175397
773 0.175493
774 0.174469
775 0.177728
776 0.174445
777 0.176825
778 0.175274
779 0.175599
780 0.177766
781 0.177606
782 0.1759
783 0.17956
784 0.174045
785 0.17669
786 0.175962
787 0.175927
788 0.177202
789 0.175595
790 0.176913
791 0.177704
792 0.176491
793 0.178306
794 0.175864
795 0.17746
796 0.174375
797 0.17691
798 0.174935
799 0.175909
800 0.175544
801 0.177655
802 0.175296
803 0.176182
804 0.175988
805 0.175835
806 0.174986
807 0.178548
808 0.174736
809 0.17843
810 0.175615
811 0.177376
812 0.177598
813 0.174726
814 0.177391
815 0.17593
816 0.175865
817 0.178846
818 0.177399
819 0.176319
820 0.177507
821 0.174825
822 0.175868
823 0.17648
824 0.174831
825 0.176372
826 0.175376
827 0.175184
828 0.178654
829 0.174969
830 0.178611
831 0.17553
832 0.175433
833 0.178393
834 0.174458
835 0.176854
836 0.17582
837 0.175809
838 0.177857
839 0.175458
840 0.177486
841 0.176872
842 0.174958
843 0.17668
844 0.177526
845 0.175727
846 0.176927
847 0.176977
848 0.17545
849 0.177255
850 0.175121
851 0.175635
852 0.175212
853 0.177472
854 0.17633
855 0.177549
856 0.178402
857 0.175323
858 0.178399
859 0.174276
860 0.177325
861 0.17471
862 0.17795
863 0.174921
864 0.176259
865 0.178284
866 0.175422
867 0.179489
868 0.175873
869 0.177198
870 0.176111
871 0.176847
872 0.175786
873 0.176676
874 0.175816
875 0.175747
876 0.177207
877 0.176162
878 0.176158
879 0.17846
880 0.176661
881 0.176954
882 0.177085
883 0.175019
884 0.176748
885 0.175948
886 0.175789
887 0.176619
888 0.17776
889 0.175721
890 0.177324
891 0.177188
892 0.176663
893 0.176724
894 0.177946
895 0.175917
896 0.177783
897 0.174205
898 0.178021
899 0.173853
900 0.17856
901 0.173627
902 0.177586
903 0.176267
904 0.178172
905 0.177715
906 0.177553
907 0.178029
908 0.176372
909 0.178269
910 0.175421
911 0.178718
912 0.177096
913 0.174485
914 0.179888
915 0.172727
916 0.179015
917 0.175286
918 0.176724
919 0.178449
920 0.174105
921 0.178661
922 0.173337
923 0.176825
924 0.176225
925 0.17531
926 0.178489
927 0.175421
928 0.178808
929 0.174683
930 0.178511
931 0.173858
932 0.176801
933 0.176694
934 0.175652
935 0.176602
936 0.176691
937 0.174462
938 0.178469
939 0.173395
940 0.178018
941 0.176719
942 0.175199
943 0.176292
944 0.176588
945 0.175073
946 0.177161
947 0.17471
948 0.176179
949 0.177234
950 0.177045
951 0.176009
952 0.176959
953 0.177917
954 0.173199
955 0.178765
956 0.174148
957 0.17565
958 0.177688
959 0.176021
960 0.177705
961 0.178119
962 0.176605
963 0.176349
964 0.176126
965 0.175041
966 0.178485
967 0.177082
968 0.177838
969 0.176834
970 0.178065
971 0.176528
972 0.17617
973 0.175516
974 0.175167
975 0.176449
976 0.17672
977 0.176746
978 0.178532
979 0.174807
980 0.178145
981 0.17563
982 0.176531
983 0.177766
984 0.176036
985 0.177568
986 0.175956
987 0.176069
988 0.175594
989 0.175889
990 0.1777
991 0.174036
992 0.178233
993 0.173643
994 0.178256
995 0.176507
996 0.177754
997 0.175832
998 0.175929
999 0.177787
1000 0.176197
1001 0.17851
1002 0.177057
1003 0.175292
1004 0.178946
1005 0.173118
1006 0.179692
1007 0.174678
1008 0.177092
1009 0.175782
1010 0.176969
1011 0.174113
1012 0.179678
1013 0.17385
1014 0.178862
1015 0.176602
1016 0.176205
1017 0.178221
1018 0.175374
1019 0.177339
1020 0.174969
1021 0.177815
1022 0.174119
1023 0.177012
1024 0.17502
1025 0.176258
1026 0.175364
1027 0.17818
1028 0.174651
1029 0.178266
1030 0.174001
1031 0.177365
1032 0.175626
1033 0.17631
1034 0.175797
1035 0.175347
1036 0.178445
1037 0.175784
1038 0.179519
1039 0.176108
1040 0.177754
1041 0.175623
1042 0.175122
1043 0.178281
1044 0.175259
1045 0.176342
1046 0.175866
1047 0.176744
1048 0.177013
1049 0.177453
1050 0.177375
1051 0.175858
1052 0.17597
1053 0.177869
1054 0.176404
1055 0.179031
1056 0.177183
1057 0.178242
1058 0.174006
1059 0.177896
1060 0.173953
1061 0.176295
1062 0.177975
1063 0.175694
1064 0.176764
1065 0.177567
1066 0.174612
1067 0.176198
1068 0.177841
1069 0.174882
1070 0.178437
1071 0.177673
1072 0.175173
1073 0.179877
1074 0.173348
1075 0.178068
1076 0.175889
1077 0.17689
1078 0.178074
1079 0.1754
1080 0.176801
1081 0.177293
1082 0.175004
1083 0.178377
1084 0.17653
1085 0.178562
1086 0.175947
1087 0.17572
1088 0.177272
1089 0.176089
1090 0.177047
1091 0.176511
1092 0.175601
1093 0.178047
1094 0.173501
1095 0.178183
1096 0.175339
1097 0.178295
1098 0.175635
1099 0.179556
1100 0.173563
1101 0.17763
1102 0.176812
1103 0.176185
1104 0.176187
1105 0.17758
1106 0.176059
1107 0.177456
1108 0.177448
1109 0.178538
1110 0.174094
1111 0.178708
1112 0.174112
1113 0.177299
1114 0.175493
1115 0.175348
1116 0.178195
1117 0.175201
1118 0.176753
1119 0.17537
1120 0.174998
1121 0.178264
1122 0.173547
1123 0.179651
1124 0.177152
1125 0.177033
1126 0.179094
1127 0.175889
1128 0.177456
1129 0.177533
1130 0.175415
1131 0.178332
1132 0.174948
1133 0.177854
1134 0.174911
1135 0.176373
1136 0.178058
1137 0.174118
1138 0.180159
1139 0.176439
1140 0.17742
1141 0.177967
1142 0.176906
1143 0.175778
1144 0.176028
1145 0.178213
1146 0.17447
1147 0.179663
1148 0.173308
1149 0.17899
1150 0.176402
1151 0.176722
1152 0.179205
1153 0.175034
1154 0.177275
1155 0.17762
1156 0.174699
1157 0.177614
1158 0.175502
1159 0.177858
1160 0.175713
1161 0.1773
1162 0.176823
1163 0.177224
1164 0.176159
1165 0.175457
1166 0.178055
1167 0.173715
1168 0.178496
1169 0.174249
1170 0.17779
1171 0.175987
1172 0.17856
1173 0.175613
1174 0.178945
1175 0.176543
1176 0.176996
1177 0.175624
1178 0.17655
1179 0.174566
1180 0.177507
1181 0.174871
1182 0.17678
1183 0.176637
1184 0.176496
1185 0.176997
1186 0.175963
1187 0.176181
1188 0.178366
1189 0.174541
1190 0.178823
1191 0.177599
1192 0.174912
1193 0.176393
1194 0.177061
1195 0.174968
1196 0.178355
1197 0.178027
1198 0.176237
1199 0.178631
1200 0.177185
1201 0.175747
1202 0.175971
1203 0.176702
1204 0.174768
1205 0.176888
1206 0.174574
1207 0.178676
1208 0.175618
1209 0.175798
1210 0.1768
1211 0.175221
1212 0.175192
1213 0.178482
1214 0.173574
1215 0.179029
1216 0.173603
1217 0.17914
1218 0.175412
1219 0.178531
1220 0.176273
1221 0.17873
1222 0.175709
1223 0.177063
1224 0.175117
1225 0.175283
1226 0.176813
1227 0.176067
1228 0.177279
1229 0.177132
1230 0.174881
1231 0.177224
1232 0.17642
1233 0.174831
1234 0.179898
1235 0.176472
1236 0.179096
1237 0.178121
1238 0.177159
1239 0.177821
1240 0.174297
1241 0.176752
1242 0.176695
1243 0.173624
1244 0.177869
1245 0.173782
1246 0.179266
1247 0.176057
1248 0.176059
1249 0.176692
1250 0.174496
1251 0.176796
1252 0.177434
1253 0.176262
1254 0.179374
1255 0.175411
1256 0.179199
1257 0.175728
1258 0.175679
1259 0.175471
1260 0.175892
1261 0.176028
1262 0.174925
1263 0.179807
1264 0.174892
1265 0.179419
1266 0.176664
1267 0.177062
1268 0.174969
1269 0.175872
1270 0.17586
1271 0.176969
1272 0.177332
1273 0.178924
1274 0.174186
1275 0.179023
1276 0.176087
1277 0.177593
1278 0.177703
1279 0.177802
1280 0.175355
1281 0.17721
1282 0.174151
1283 0.178669
1284 0.173038
1285 0.179794
1286 0.174703
1287 0.179388
1288 0.17509
1289 0.178284
1290 0.176057
1291 0.175368
1292 0.177955
1293 0.173986
1294 0.177834
1295 0.175791
1296 0.178591
1297 0.175742
1298 0.178651
1299 0.175859
1300 0.175138
1301 0.178759
1302 0.173431
1303 0.178853
1304 0.177054
1305 0.17613
1306 0.176778
1307 0.176027
1308 0.174245
1309 0.175377
1310 0.174879
1311 0.177594
1312 0.17489
1313 0.17735
1314 0.17778
1315 0.176133
1316 0.177112
1317 0.175605
1318 0.178513
1319 0.173048
1320 0.177447
1321 0.174873
1322 0.176384
1323 0.176654
1324 0.176641
1325 0.175809
1326 0.17777
1327 0.174766
1328 0.178016
1329 0.175547
1330 0.177975
1331 0.174796
1332 0.175912
1333 0.176929
1334 0.176094
1335 0.178892
1336 0.174511
1337 0.17693
1338 0.174972
1339 0.176527
1340 0.175789
1341 0.179083
1342 0.177617
1343 0.175702
1344 0.176786
1345 0.177591
1346 0.175444
1347 0.176559
1348 0.178317
1349 0.173336
1350 0.178926
1351 0.174713
1352 0.177276
1353 0.177099
1354 0.176454
1355 0.177575
1356 0.177429
1357 0.175502
1358 0.178773
1359 0.174078
1360 0.17647
1361 0.175521
1362 0.174684
1363 0.178037
1364 0.174169
1365 0.179886
1366 0.173383
1367 0.178487
1368 0.176903
1369 0.176034
1370 0.178466
1371 0.177121
1372 0.176564
1373 0.177115
1374 0.17671
1375 0.176913
1376 0.175047
1377 0.177931
1378 0.174553
1379 0.175648
1380 0.177593
1381 0.176882
1382 0.17792
1383 0.177025
1384 0.178952
1385 0.175037
1386 0.177051
1387 0.178016
1388 0.174615
1389 0.179782
1390 0.176333
1391 0.177478
1392 0.177043
1393 0.174264
1394 0.17818
1395 0.176144
1396 0.177051
1397 0.178309
1398 0.175834
1399 0.176144
1400 0.176596
1401 0.175792
1402 0.174972
1403 0.179141
1404 0.17629
1405 0.176377
1406 0.177608
1407 0.177118
1408 0.176155
1409 0.177244
1410 0.176049
1411 0.177727
1412 0.174406
1413 0.179491
1414 0.174143
1415 0.177909
1416 0.175903
1417 0.176124
1418 0.174978
1419 0.177402
1420 0.176782
1421 0.175665
1422 0.177702
1423 0.177391
1424 0.174687
1425 0.178266
1426 0.174274
1427 0.177355
1428 0.176331
1429 0.175497
1430 0.176254
1431 0.175499
1432 0.178204
1433 0.174089
1434 0.180647
1435 0.175304
1436 0.175879
1437 0.177198
1438 0.174941
1439 0.177181
1440 0.176173
1441 0.175971
1442 0.177138
1443 0.177439
1444 0.174966
1445 0.177775
1446 0.177575
1447 0.177189
1448 0.178289
1449 0.176931
1450 0.178627
1451 0.174012
1452 0.179685
1453 0.174103
1454 0.177809
1455 0.175429
1456 0.175219
1457 0.178437
1458 0.173203
1459 0.178235
1460 0.177245
1461 0.176092
1462 0.178798
1463 0.176016
1464 0.178541
1465 0.176248
1466 0.17721
1467 0.177801
1468 0.17493
1469 0.178208
1470 0.176084
1471 0.175126
1472 0.176864
1473 0.177485
1474 0.175838
1475 0.177072
1476 0.178568
1477 0.176355
1478 0.178545
1479 0.177908
1480 0.177319
1481 0.176847
1482 0.177101
1483 0.176401
1484 0.176705
1485 0.177612
1486 0.175555
1487 0.175694
1488 0.17765
1489 0.176596
1490 0.175045
1491 0.177155
1492 0.174271
1493 0.178212
1494 0.174058
1495 0.17933
1496 0.174749
1497 0.178254
1498 0.174805
1499 0.178377
1500 0.174925
1501 0.177416
1502 0.17541
1503 0.177264
1504 0.176772
1505 0.176473
1506 0.176487
1507 0.175692
1508 0.176788
1509 0.176523
1510 0.175926
1511 0.176967
1512 0.177388
1513 0.177481
1514 0.178232
1515 0.17716
1516 0.176589
1517 0.177538
1518 0.174706
1519 0.177432
1520 0.17545
1521 0.17491
1522 0.175399
1523 0.175781
1524 0.176338
1525 0.175221
1526 0.177437
1527 0.176086
1528 0.176325
1529 0.177433
1530 0.178107
1531 0.175794
1532 0.179347
1533 0.175598
1534 0.177444
1535 0.177007
1536 0.174887
1537 0.176462
1538 0.174462
1539 0.177712
1540 0.176665
1541 0.177007
1542 0.176084
1543 0.175731
1544 0.174667
1545 0.176969
1546 0.175026
1547 0.179002
1548 0.17576
1549 0.179359
1550 0.174074
1551 0.177439
1552 0.174984
1553 0.177804
1554 0.177499
1555 0.176019
1556 0.179681
1557 0.175056
1558 0.178151
1559 0.174613
1560 0.176772
1561 0.174746
1562 0.178041
1563 0.176752
1564 0.178075
1565 0.176587
1566 0.177778
1567 0.175249
1568 0.175605
1569 0.178296
1570 0.174448
1571 0.177003
1572 0.175466
1573 0.175737
1574 0.17629
1575 0.177945
1576 0.176439
1577 0.17637
1578 0.177064
1579 0.176841
1580 0.176708
1581 0.176411
1582 0.175279
1583 0.178586
1584 0.175737
1585 0.176319
1586 0.176289
1587 0.174836
1588 0.176661
1589 0.175065
1590 0.179286
1591 0.176996
1592 0.177756
1593 0.178711
1594 0.174461
1595 0.178463
1596 0.175128
1597 0.178275
1598 0.174973
1599 0.176008
1600 0.177144
1601 0.17505
1602 0.176921
1603 0.177644
1604 0.176146
1605 0.177975
1606 0.176672
1607 0.178659
1608 0.176127
1609 0.179028
1610 0.175834
1611 0.178231
1612 0.174391
1613 0.178595
1614 0.176679
1615 0.1773
1616 0.175884
1617 0.178885
1618 0.175051
1619 0.17642
1620 0.175148
1621 0.175152
1622 0.174819
1623 0.17754
1624 0.17761
1625 0.178563
1626 0.176186
1627 0.178865
1628 0.173652
1629 0.179291
1630 0.175601
1631 0.176667
1632 0.177488
1633 0.177139
1634 0.174586
1635 0.177779
1636 0.177145
1637 0.176077
1638 0.179187
1639 0.175524
1640 0.178763
1641 0.174327
1642 0.177463
1643 0.174281
1644 0.178579
1645 0.173297
1646 0.179695
1647 0.173894
1648 0.176798
1649 0.174757
1650 0.177592
1651 0.174161
1652 0.179428
1653 0.175042
1654 0.176586
1655 0.175318
1656 0.175714
1657 0.174432
1658 0.176398
1659 0.174727
1660 0.175995
1661 0.176046
1662 0.177366
1663 0.175725
1664 0.177259
1665 0.17653
1666 0.176448
1667 0.176037
1668 0.177491
1669 0.174352
1670 0.179635
1671 0.174141
1672 0.179797
1673 0.174636
1674 0.179475
1675 0.175912
1676 0.175406
1677 0.178867
1678 0.174279
1679 0.177478
1680 0.175595
1681 0.177916
1682 0.174567
1683 0.179599
1684 0.17504
1685 0.178095
1686 0.175549
1687 0.175274
1688 0.176877
1689 0.176657
1690 0.176527
1691 0.178512
1692 0.175076
1693 0.177454
1694 0.176962
1695 0.177168
1696 0.177699
1697 0.175182
1698 0.177489
1699 0.175921
1700 0.175393
1701 0.176928
1702 0.176048
1703 0.17629
1704 0.17824
1705 0.175407
1706 0.179211
1707 0.173718
1708 0.178783
1709 0.174607
1710 0.178435
1711 0.174216
1712 0.17753
1713 0.177324
1714 0.17368
1715 0.180035
1716 0.176348
1717 0.176744
1718 0.176922
1719 0.174744
1720 0.178109
1721 0.174719
1722 0.178456
1723 0.176831
1724 0.177815
1725 0.174833
1726 0.176991
1727 0.17583
1728 0.177759
1729 0.174223
1730 0.178076
1731 0.177051
1732 0.176702
1733 0.178276
1734 0.174771
1735 0.177798
1736 0.174242
1737 0.176725
1738 0.17549
1739 0.177922
1740 0.176243
1741 0.178433
1742 0.175511
1743 0.179335
1744 0.173068
1745 0.17796
1746 0.176812
1747 0.174404
1748 0.177689
1749 0.175525
1750 0.178333
1751 0.175294
1752 0.179644
1753 0.173882
1754 0.178677
1755 0.175811
1756 0.177506
1757 0.177564
1758 0.175356
1759 0.178201
1760 0.17398
1761 0.176838
1762 0.174292
1763 0.178468
1764 0.176142
1765 0.178631
1766 0.176957
1767 0.176479
1768 0.175255
1769 0.178487
1770 0.175431
1771 0.175896
1772 0.178335
1773 0.175734
1774 0.17873
1775 0.17782
1776 0.175835
1777 0.179421
1778 0.176344
1779 0.177085
1780 0.178632
1781 0.174891
1782 0.17685
1783 0.176798
1784 0.174716
1785 0.177388
1786 0.174495
1787 0.177405
1788 0.177584
1789 0.176713
1790 0.176363
1791 0.17832
1792 0.173296
1793 0.177824
1794 0.175663
1795 0.176994
1796 0.175368
1797 0.176052
1798 0.176249
1799 0.177142
1800 0.176486
1801 0.175995
1802 0.177269
1803 0.175979
1804 0.175339
1805 0.178517
1806 0.17489
1807 0.175936
1808 0.178144
1809 0.17474
1810 0.1787
1811 0.177362
1812 0.175667
1813 0.177985
1814 0.175906
1815 0.177054
1816 0.177555
1817 0.175061
1818 0.178641
1819 0.175501
1820 0.177764
1821 0.174657
1822 0.17728
1823 0.176781
1824 0.175183
1825 0.17978
1826 0.175118
1827 0.178522
1828 0.174404
1829 0.177615
1830 0.174628
1831 0.175349
1832 0.175837
1833 0.176544
1834 0.176042
1835 0.175562
1836 0.179353
1837 0.174481
1838 0.179997
1839 0.176891
1840 0.176218
1841 0.17706
1842 0.175563
1843 0.175939
1844 0.177631
1845 0.176049
1846 0.178573
1847 0.177079
1848 0.175483
1849 0.176069
1850 0.176067
1851 0.17752
1852 0.175015
1853 0.177633
1854 0.176518
1855 0.174642
1856 0.179242
1857 0.175222
1858 0.177352
1859 0.175282
1860 0.176928
1861 0.174506
1862 0.177141
1863 0.177303
1864 0.176505
1865 0.176729
1866 0.177728
1867 0.176534
1868 0.178586
1869 0.176355
1870 0.177998
1871 0.177256
1872 0.175266
1873 0.175685
1874 0.177295
1875 0.176922
1876 0.176149
1877 0.178901
1878 0.176609
1879 0.175441
1880 0.176749
1881 0.176926
1882 0.176157
1883 0.176741
1884 0.176906
1885 0.175172
1886 0.177967
1887 0.177382
1888 0.175005
1889 0.177194
1890 0.176409
1891 0.176038
1892 0.178361
1893 0.176763
1894 0.177091
1895 0.177268
1896 0.174834
1897 0.177045
1898 0.176135
1899 0.174688
1900 0.176862
1901 0.176039
1902 0.17695
1903 0.17669
1904 0.176705
1905 0.175999
1906 0.17701
1907 0.174193
1908 0.177046
1909 0.174273
1910 0.178828
1911 0.175005
1912 0.178192
1913 0.175419
1914 0.177046
1915 0.177461
1916 0.176749
1917 0.17601
1918 0.177114
1919 0.176259
1920 0.174929
1921 0.177349
1922 0.176409
1923 0.1771
1924 0.17678
1925 0.178401
1926 0.175631
1927 0.177964
1928 0.175775
1929 0.175957
1930 0.177298
1931 0.174725
1932 0.176304
1933 0.176967
1934 0.175172
1935 0.17862
1936 0.176302
1937 0.179028
1938 0.176007
1939 0.177833
1940 0.176582
1941 0.174887
1942 0.177578
1943 0.173685
1944 0.176013
1945 0.177622
1946 0.176119
1947 0.1782
1948 0.176203
1949 0.175473
1950 0.175793
1951 0.177773
1952 0.174485
1953 0.179095
1954 0.175477
1955 0.175804
1956 0.17764
1957 0.17427
1958 0.179591
1959 0.174987
1960 0.17821
1961 0.175625
1962 0.177485
1963 0.176552
1964 0.177568
1965 0.175778
1966 0.177193
1967 0.176539
1968 0.175959
1969 0.177579
1970 0.174988
1971 0.177371
1972 0.175261
1973 0.175868
1974 0.177462
1975 0.176849
1976 0.177681
1977 0.178087
1978 0.17474
1979 0.178429
1980 0.17656
1981 0.177518
1982 0.177815
1983 0.17815
1984 0.175043
1985 0.178799
1986 0.173109
1987 0.177566
1988 0.17455
1989 0.177645
1990 0.176141
1991 0.177161
1992 0.177092
1993 0.17463
1994 0.175868
1995 0.176971
1996 0.17726
1997 0.174897
1998 0.180163
1999 0.174031
2000 0.17669
2001 0.176222
2002 0.174327
2003 0.179075
2004 0.176915
2005 0.178772
2006 0.176547
2007 0.178789
2008 0.174536
2009 0.177369
2010 0.175674
2011 0.175993
2012 0.175493
2013 0.175345
2014 0.177301
2015 0.176804
2016 0.178614
2017 0.177557
2018 0.177057
2019 0.177786
2020 0.173739
2021 0.178678
2022 0.174036
2023 0.176743
2024 0.177585
2025 0.175525
2026 0.17668
2027 0.17644
2028 0.177468
2029 0.174855
2030 0.179176
2031 0.176813
2032 0.175684
2033 0.178453
2034 0.17549
2035 0.176703
2036 0.177388
2037 0.175402
2038 0.176812
2039 0.177711
2040 0.176782
2041 0.178907
2042 0.176506
2043 0.177021
2044 0.177032
2045 0.177376
2046 0.17761
2047 0.175829
2048 0.175688
2049 0.176684
2050 0.173745
2051 0.176081
2052 0.175004
2053 0.177075
2054 0.176386
2055 0.179068
2056 0.17818
2057 0.177866
2058 0.176765
2059 0.178264
2060 0.17698
2061 0.176772
2062 0.177161
2063 0.177261
2064 0.177447
2065 0.176997
2066 0.176529
2067 0.175838
2068 0.177059
2069 0.176068
2070 0.175326
2071 0.175963
2072 0.176691
2073 0.175647
2074 0.178422
2075 0.177481
2076 0.17648
2077 0.177231
2078 0.176325
2079 0.176894
2080 0.177028
2081 0.176493
2082 0.177595
2083 0.177458
2084 0.175801
2085 0.177688
2086 0.176658
2087 0.175654
2088 0.175982
2089 0.175988
2090 0.174283
2091 0.175873
2092 0.175072
2093 0.17687
2094 0.177034
2095 0.175941
2096 0.179502
2097 0.177095
2098 0.177078
2099 0
