0 75620.8
1 -644.743
2 688.419
3 170.187
4 44.3686
5 6.25575
6 1.31064
7 0.204085
8 0.17611
9 0.0520748
10 0.244487
11 0.0774432
12 0.231819
13 0.0850494
14 0.484333
15 0.408316
16 0.0571464
17 0.303689
18 0.220639
19 0.405904
20 0.182424
21 0.0503443
22 0.219828
23 0.102439
24 0.123643
25 0.18864
26 0.04537
27 0.186656
28 0.439204
29 0.152083
30 0.221078
31 0.156888
32 0.075493
33 0.0746559
34 0.0798282
35 0.269766
36 0.242046
37 0.237164
38 0.19512
39 0.0603548
40 0.259158
41 0.17042
42 0.144931
43 0.179368
44 -0.188299
45 0.205921
46 0.308641
47 0.249115
48 0.124169
49 0.399112
50 0.153816
51 0.132006
52 -0.0166769
53 0.127807
54 0.20089
55 0.149076
56 0.287948
57 0.214803
58 0.0345089
59 0.137742
60 0.237777
61 0.294328
62 0.32435
63 -0.18141
64 0.332439
65 0.464065
66 0.370169
67 0.141826
68 0.133481
69 0.41332
70 0.203953
71 0.156044
72 0.300064
73 0.126839
74 0.0811099
75 0.174425
76 0.086738
77 0.198909
78 0.275388
79 0.239544
80 -0.0271958
81 0.0680998
82 0.267486
83 0.0765627
84 0.108069
85 0.165908
86 0.180466
87 0.0067383
88 -0.00354716
89 0.0595888
90 0.174909
91 0.108359
92 0.0971898
93 0.203382
94 0.0216655
95 0.112609
96 0.199918
97 0.166202
98 0.326597
99 0.230437
100 0.0549261
101 0.221076
102 0.276577
103 0.187506
104 0.240366
105 0.285439
106 0.239338
107 0.294334
108 0.122969
109 0.139387
110 0.16724
111 0.401241
112 0.17531
113 0.115212
114 0.164242
115 0.332092
116 0.311842
117 0.118409
118 0.165861
119 0.0325962
120 0.169713
121 0.377013
122 0.0322583
123 0.00140447
124 0.304041
125 0.280962
126 0.085538
127 0.122951
128 0.293633
129 0.0964468
130 0.0574027
131 0.167942
132 0.120984
133 0.284925
134 0.276512
135 0.125162
136 0.197616
137 0.0961454
138 0.115055
139 0.120442
140 0.121921
141 0.0479325
142 0.253951
143 0.392106
144 0.354827
145 0.326611
146 0.206699
147 0.136034
148 0.18824
149 0.288706
150 0.541985
151 0.239518
152 0.263796
153 0.0942396
154 0.108491
155 0.144919
156 0.256561
157 0.119737
158 0.173645
159 0.146511
160 -0.107056
161 0.214624
162 0.2499
163 0.060168
164 0.340432
165 0.258899
166 0.0990202
167 0.293305
168 0.191285
169 0.147937
170 0.199013
171 0.0658475
172 0.177949
173 0.227551
174 0.0770283
175 0.191833
176 0.312534
177 0.168598
178 0.102801
179 0.187805
180 -0.0165068
181 0.0881202
182 0.12418
183 0.173485
184 0.036638
185 0.169087
186 0.111353
187 0.270053
188 0.276696
189 0.208866
190 0.304752
191 0.166259
192 0.1809
193 0.357354
194 0.321193
195 0.0495025
196 0.209315
197 0.327385
198 0.0775253
199 0.2343
200 0.149582
201 0.1953
202 0.0398367
203 0.216867
204 0.130388
205 0.258429
206 0.148587
207 0.128599
208 0.328933
209 0.383139
210 0.238317
211 0.0335965
212 -0.0144685
213 0.194195
214 0.129348
215 0.071158
216 0.217305
217 0.141491
218 0.0104998
219 0.0947963
220 0.270807
221 0.0658422
222 0.213621
223 -0.0756275
224 0.219755
225 0.165488
226 0.132406
227 0.00139858
228 0.23229
229 0.177757
230 0.195053
231 0.205305
232 0.208907
233 0.205905
234 0.525513
235 0.200915
236 0.215058
237 0.172616
238 0.382864
239 0.120836
240 0.175566
241 0.140261
242 0.07898
243 0.184404
244 0.0142084
245 0.0636418
246 0.106032
247 0.280098
248 0.0131432
249 0.138633
250 0.245164
251 0.148959
252 0.210747
253 0.296782
254 0.0335218
255 0.268195
256 0.408809
257 0.179737
258 0.107536
259 0.139402
260 0.0750663
261 0.188399
262 0.066692
263 0.192179
264 0.124787
265 0.217253
266 0.153549
267 0.276667
268 0.100466
269 0.184725
270 0.0976402
271 -0.0425237
272 0.371428
273 0.0499026
274 0.139098
275 0.173359
276 0.165893
277 0.268365
278 0.243116
279 0.116056
280 0.148777
281 0.202557
282 0.235465
283 0.241195
284 0.126306
285 0.195327
286 0.0750804
287 0.188931
288 0.0115184
289 0.128519
290 0.0790276
291 0.223624
292 0.153301
293 0.226091
294 0.320213
295 0.311105
296 0.111001
297 0.0926497
298 0.193351
299 0.040889
300 0.00512896
301 -0.131082
302 0.257445
303 0.326851
304 0.157923
305 0.124095
306 0.217753
307 0.163434
308 0.208447
309 0.158503
310 0.226248
311 0.0662749
312 0.157102
313 0.017936
314 0.299629
315 0.2631
316 0.283461
317 0.125665
318 0.243536
319 0.226736
320 0.130464
321 0.236604
322 -0.222855
323 0.157803
324 0.21519
325 0.136124
326 -0.0358003
327 0.30296
328 0.248341
329 0.203211
330 0.0110487
331 0.321841
332 0.207409
333 0.0256617
334 0.303641
335 0.30435
336 0.0928021
337 0.158582
338 0.237536
339 0.222598
340 0.0601679
341 0.237893
342 0.17208
343 0.151814
344 0.102826
345 0.249701
346 0.105915
347 -0.0553736
348 0.160525
349 0.22259
350 0.422316
351 0.243597
352 0.275898
353 0.300248
354 0.153246
355 0.0137493
356 0.276881
357 0.35488
358 0.137179
359 0.241798
360 0.0490057
361 0.131363
362 0.168808
363 0.248843
364 0.237768
365 0.107524
366 0.260921
367 0.119907
368 0.16975
369 0.206595
370 0.210269
371 0.133035
372 0.150183
373 0.0568229
374 0.0655463
375 0.154305
376 0.349332
377 0.112261
378 0.284648
379 0.0649459
380 0.295461
381 0.0247475
382 0.496328
383 0.229596
384 0.270898
385 0.136116
386 0.24432
387 0.218002
388 0.169425
389 0.116954
390 0.106609
391 0.238091
392 0.315683
393 0.1985
394 0.0962231
395 0.312463
396 0.0633008
397 0.231065
398 0.194075
399 0.100333
400 0.207828
401 0.0319232
402 -0.165178
403 0.132874
404 0.281964
405 0.293011
406 0.189234
407 0.0830653
408 0.123054
409 0.300631
410 0.301288
411 0.23
412 0.159025
413 0.149582
414 0.212068
415 0.157332
416 0.0337213
417 0.0558443
418 0.271337
419 0.141487
420 0.329082
421 0.0519882
422 0.226918
423 0.29399
424 0.101301
425 0.223765
426 0.101576
427 0.259746
428 0.275097
429 0.243896
430 0.152451
431 0.110672
432 0.255154
433 0.259223
434 0.311305
435 0.201021
436 0.222504
437 0.0975951
438 0.0341263
439 0.304667
440 0.200872
441 0.0302655
442 0.161637
443 0.281284
444 0.0289559
445 0.18902
446 0.162025
447 0.178521
448 0.26379
449 0.182889
450 0.0931242
451 0.260048
452 0.163353
453 0.0817277
454 0.29977
455 0.107376
456 0.252212
457 0.188414
458 0.303094
459 0.197603
460 0.247287
461 0.0549274
462 0.137782
463 0.230418
464 0.307499
465 0.23607
466 0.268146
467 0.100595
468 0.274838
469 0.219651
470 0.179269
471 0.137924
472 0.183184
473 0.308203
474 0.123064
475 0.111567
476 0.35232
477 0.127451
478 0.332386
479 0.154237
480 0.332084
481 0.325596
482 0.367357
483 0.14522
484 0.186987
485 0.23651
486 0.1586
487 0.148455
488 0.139291
489 0.197933
490 0.166494
491 0.183191
492 0.237087
493 0.255726
494 0.413704
495 0.178247
496 0.112443
497 0.128642
498 0.162401
499 0.0948536
500 0.204304
501 0.217281
502 0.00518505
503 0.192646
504 0.078854
505 0.31473
506 0.224014
507 0.176016
508 0.248254
509 0.303528
510 0.225772
511 0.21798
512 0.0130088
513 -0.0745225
514 0.172865
515 0.183431
516 0.11962
517 0.0511856
518 0.155651
519 0.405552
520 0.173922
521 0.273106
522 0.102606
523 0.174001
524 0.118279
525 0.174655
526 0.270305
527 0.058849
528 0.115245
529 0.143432
530 0.175683
531 0.118537
532 0.130976
533 0.26195
534 0.230524
535 0.386342
536 0.111943
537 0.240738
538 0.321542
539 0.106263
540 0.205892
541 0.194343
542 0.198092
543 0.203814
544 0.211914
545 0.214618
546 0.209485
547 0.0127932
548 0.235559
549 0.0357015
550 0.202968
551 0.181888
552 0.206789
553 0.210953
554 0.177263
555 0.118012
556 0.183977
557 0.123345
558 0.114056
559 0.273951
560 0.207685
561 0.105594
562 0.247132
563 0.0452374
564 0.124194
565 0.282691
566 0.0486956
567 0.181041
568 0.326772
569 0.134935
570 0.219076
571 0.306117
572 0.343907
573 0.0175911
574 0.209496
575 0.0987848
576 0.190384
577 0.253178
578 0.232468
579 0.182175
580 0.132215
581 -0.013344
582 0.0947706
583 0.109594
584 0.224541
585 0.172839
586 0.19868
587 0.19024
588 0.212362
589 0.140805
590 0.194573
591 0.429987
592 0.164447
593 0.121221
594 0.160118
595 0.256322
596 0.171766
597 0.0088723
598 0.195302
599 0.178295
600 0.138989
601 0.20054
602 0.196995
603 0.125334
604 0.169703
605 0.168802
606 0.150204
607 0.101834
608 0.187881
609 0.239168
610 0.0729867
611 0.12939
612 0.142341
613 -0.0124837
614 0.21167
615 0.0310726
616 0.233688
617 0.0953174
618 0.173346
619 0.0380259
620 0.0928032
621 0.27926
622 0.262694
623 0.093955
624 0.165368
625 0.0706131
626 0.116199
627 0.225286
628 0.0260967
629 0.0718209
630 0.211119
631 0.118518
632 0.187236
633 0.144931
634 0.403362
635 0.0566215
636 0.145902
637 0.168725
638 0.155308
639 0.173829
640 0.167086
641 0.244922
642 0.0826422
643 0.223926
644 0.122384
645 0.114595
646 0.0515639
647 0.121804
648 0.155681
649 0.132155
650 0.302642
651 0.0607934
652 0.211021
653 0.139124
654 0.182788
655 0.267737
656 0.348026
657 0.195457
658 0.310603
659 0.292022
660 0.181571
661 0.15411
662 0.141453
663 0.0723024
664 0.335555
665 0.188659
666 0.175511
667 0.158649
668 0.247921
669 0.144098
670 0.11264
671 0.225443
672 0.134635
673 0.199213
674 0.15934
675 0.141544
676 0.197808
677 0.0983612
678 0.110921
679 0.146949
680 0.0608196
681 0.158702
682 0.114955
683 0.128626
684 0.16318
685 0.206049
686 0.243876
687 0.266646
688 0.394936
689 0.278686
690 0.332508
691 0.13988
692 0.00210733
693 0.0499239
694 0.0672485
695 0.126652
696 0.243978
697 0.159823
698 0.307633
699 0.207681
700 0.189922
701 0.387085
702 0.0990045
703 0.13974
704 0.18599
705 0.122148
706 -0.105625
707 0.269743
708 0.126415
709 0.168103
710 0.245872
711 0.138729
712 0.149291
713 0.182512
714 0.0948497
715 0.221031
716 0.0757067
717 0.24799
718 0.0750642
719 0.227161
720 0.26149
721 0.333864
722 0.196984
723 0.130793
724 0.277875
725 0.0402311
726 0.341763
727 0.232588
728 0.322771
729 0.112239
730 0.283261
731 0.16018
732 0.35294
733 0.210559
734 0.271056
735 0.195255
736 0.0123741
737 0.328774
738 0.207065
739 0.0933001
740 0.136257
741 0.126304
742 0.265291
743 0.0568462
744 -0.00909523
745 0.0935821
746 0.38036
747 0.176
748 0.0889134
749 0.0380641
750 0.0867083
751 0.054392
752 0.187924
753 0.271746
754 0.295553
755 0.207339
756 0.101623
757 0.116705
758 0.19834
759 0.0915309
760 0.191474
761 0.108719
762 0.127657
763 0.140827
764 0.00493362
765 0.274003
766 0.255489
767 0.191486
768 0.197924
769 0.154337
770 0.277917
771 0.177494
772 0.0337589
773 0.0885993
774 0.250333
775 0.28972
776 0.280704
777 0.131403
778 0.150012
779 0.216628
780 0.0652169
781 0.193251
782 0.27002
783 0.304756
784 0.160936
785 0.127521
786 0.106738
787 0.179092
788 0.144562
789 0.129079
790 -0.0282104
791 0.0606525
792 0.405911
793 0.137704
794 0.0893216
795 0.0980957
796 0.152618
797 0.272386
798 0.191765
799 0.218561
800 0.248317
801 0.180059
802 0.329747
803 0.148416
804 0.261583
805 0.327212
806 0.199288
807 0.282249
808 0.0633773
809 0.217969
810 0.224967
811 0.268318
812 0.232867
813 -0.0526556
814 0.0860776
815 0.203904
816 0.0686856
817 0.265003
818 0.0232114
819 0.326596
820 0.215264
821 0.202997
822 0.181443
823 0.203926
824 0.0901529
825 0.20432
826 0.225975
827 0.255162
828 0.151475
829 0.112253
830 0.158659
831 0.10278
832 0.0845754
833 0.237069
834 0.165755
835 0.28436
836 0.136799
837 0.128653
838 0.281317
839 0.233713
840 0.492768
841 0.164487
842 0.137391
843 0.360579
844 0.158621
845 0.288631
846 0.275299
847 0.0821962
848 0.0879121
849 0.151144
850 0.117126
851 0.191897
852 0.06566
853 0.28417
854 0.147948
855 0.226614
856 0.157531
857 0.249167
858 0.145254
859 0.182342
860 0.176777
861 0.287572
862 0.191945
863 0.228765
864 0.247902
865 0.139741
866 -0.0457315
867 0.229556
868 -0.0322644
869 0.34939
870 0.180136
871 0.134715
872 0.133474
873 0.322318
874 0.36006
875 0.116359
876 0.253607
877 0.208776
878 0.217553
879 0.178607
880 0.369807
881 0.279308
882 0.155282
883 0.142252
884 0.165952
885 0.0512958
886 0.169308
887 0.294427
888 0.123678
889 0.248356
890 0.190654
891 0.0638819
892 0.0926658
893 0.038423
894 0.231656
895 0.200925
896 0.0655155
897 0.128072
898 0.0856493
899 -0.0179599
900 0.106675
901 0.176102
902 0.249689
903 0.366628
904 0.137448
905 0.0391469
906 0.0563571
907 -0.00453391
908 0.289967
909 0.372578
910 0.153796
911 0.35093
912 0.0490508
913 0.0218626
914 0.160104
915 0.31845
916 0.0364204
917 0.086381
918 0.117932
919 0.0567275
920 0.236291
921 0.12549
922 0.140326
923 0.239859
924 0.0960169
925 0.15042
926 0.173133
927 0.15839
928 0.191469
929 0.265696
930 0.34725
931 0.0846347
932 0.248972
933 0.103225
934 0.166927
935 0.182784
936 0.150621
937 0.0796938
938 0.252757
939 0.171834
940 0.152851
941 0.442706
942 0.195107
943 0.00232081
944 0.125694
945 0.140004
946 0.0402415
947 0.265586
948 0.124081
949 0.0550937
950 0.0739458
951 0.0533572
952 0.329939
953 0.16017
954 0.0390501
955 0.161743
956 0.139716
957 0.174063
958 0.157686
959 0.179225
960 0.19844
961 0.0310863
962 0.301294
963 0.233028
964 0.229202
965 0.248348
966 0.0971109
967 0.12499
968 0.0991242
969 0.184447
970 0.140696
971 0.202713
972 0.223317
973 0.140113
974 0.106353
975 0.407584
976 0.167248
977 0.224425
978 0.183656
979 0.114828
980 0.258092
981 0.0187838
982 0.152645
983 0.14283
984 0.117052
985 0.119238
986 0.0830783
987 0.102834
988 0.0165588
989 0.249253
990 0.220184
991 0.0937223
992 0.107896
993 0.180181
994 0.291457
995 0.191014
996 0.214287
997 0.263408
998 0.173668
999 0.0597433
1000 0.171625
1001 0.239976
1002 0.251916
1003 0.168938
1004 0.0940796
1005 0.193354
1006 0.20576
1007 0.192382
1008 0.123125
1009 0.185133
1010 0.202598
1011 0.263472
1012 0.11828
1013 0.160069
1014 0.170569
1015 0.132364
1016 0.125528
1017 0.118115
1018 0.241431
1019 0.141333
1020 0.204293
1021 0.280082
1022 0.259517
1023 0.113966
1024 0.0766082
1025 0.098376
1026 0.234546
1027 0.337662
1028 0.189271
1029 0.259841
1030 0.186627
1031 0.24399
1032 0.042291
1033 0.278429
1034 0.211031
1035 0.144222
1036 0.125179
1037 0.136576
1038 0.18015
1039 0.16406
1040 0.185305
1041 0.296005
1042 0.19158
1043 0.110109
1044 0.227162
1045 0.213887
1046 0.193419
1047 0.270656
1048 0.209195
1049 0.184267
1050 0.0718413
1051 0.0158478
1052 0.162101
1053 0.197688
1054 0.0272076
1055 0.194907
1056 0.0621946
1057 0.173664
1058 0.1463
1059 0.236529
1060 0.198786
1061 0.417014
1062 0.0555494
1063 0.189747
1064 0.121965
1065 0.279274
1066 0.132054
1067 0.150356
1068 0.128999
1069 0.0580308
1070 0.104303
1071 -0.0639346
1072 0.22055
1073 0.0883714
1074 0.0567154
1075 0.130108
1076 0.0260024
1077 0.266472
1078 0.160005
1079 0.132925
1080 0.242445
1081 0.110352
1082 0.174662
1083 0.0387818
1084 0.328763
1085 0.173056
1086 0.201019
1087 0.256808
1088 0.114631
1089 0.227256
1090 0.118437
1091 0.207195
1092 0.151681
1093 0.119748
1094 0.320334
1095 0.227495
1096 0.232013
1097 0.225696
1098 0.235471
1099 0.240417
1100 0.185844
1101 0.275952
1102 0.21212
1103 -0.066889
1104 0.132561
1105 0.298348
1106 0.160848
1107 0.0892129
1108 0.144677
1109 0.237316
1110 0.420182
1111 0.150732
1112 0.274396
1113 0.215523
1114 0.288748
1115 0.294855
1116 0.13854
1117 0.220631
1118 0.0602788
1119 0.172153
1120 0.379372
1121 0.304737
1122 0.152194
1123 0.197423
1124 0.138388
1125 0.187117
1126 0.215618
1127 0.17315
1128 0.152961
1129 0.022006
1130 -0.123339
1131 0.202934
1132 0.324746
1133 0.18707
1134 0.253562
1135 0.0881688
1136 0.125777
1137 0.00200135
1138 0.0966629
1139 0.171364
1140 0.221212
1141 -0.110101
1142 0.137805
1143 0.145741
1144 0.24478
1145 0.0640014
1146 -0.0960578
1147 0.170333
1148 0.0546524
1149 0.180629
1150 0.161088
1151 0.179105
1152 0.234952
1153 0.127024
1154 0.255641
1155 0.201999
1156 0.189024
1157 0.254406
1158 0.28705
1159 0.18066
1160 0.273553
1161 0.223357
1162 0.176529
1163 0.241703
1164 0.0538772
1165 0.377418
1166 0.0926993
1167 0.155765
1168 0.218694
1169 0.234264
1170 0.268273
1171 0.137307
1172 0.179146
1173 0.247701
1174 0.183768
1175 0.12395
1176 0.0346199
1177 0.155925
1178 0.142127
1179 0.19908
1180 0.0393916
1181 0.193037
1182 0.168378
1183 0.348142
1184 0.209605
1185 0.244676
1186 0.248795
1187 0.0955535
1188 0.11954
1189 0.112633
1190 0.134311
1191 0.151386
1192 0.178006
1193 0.0861154
1194 0.0591562
1195 0.0506055
1196 0.315281
1197 0.193882
1198 0.151757
1199 0.122262
1200 0.269404
1201 -0.156032
1202 0.105569
1203 0.279855
1204 0.180186
1205 0.25944
1206 0.507734
1207 0.167056
1208 0.183854
1209 0.249808
1210 0.207133
1211 0.0989461
1212 0.0466285
1213 0.0124756
1214 0.221634
1215 0.21767
1216 0.188924
1217 0.130413
1218 0.0958761
1219 0.07047
1220 0.363844
1221 -0.0286759
1222 0.118544
1223 0.270468
1224 0.135448
1225 0.157389
1226 0.11518
1227 0.170173
1228 0.345389
1229 0.164605
1230 0.242346
1231 0.149301
1232 0.431139
1233 0.226413
1234 0.174092
1235 0.0743731
1236 0.132128
1237 -0.0290698
1238 0.273364
1239 0.288023
1240 0.135866
1241 0.149556
1242 0.197351
1243 0.314707
1244 0.012266
1245 0.0446469
1246 0.267937
1247 0.205241
1248 0.193092
1249 0.16647
1250 0.200447
1251 0.217142
1252 0.144014
1253 0.0766934
1254 0.295708
1255 0.0413769
1256 0.132168
1257 0.186352
1258 0.13073
1259 0.22449
1260 0.084059
1261 0.308635
1262 0.0801598
1263 0.178266
1264 0.232516
1265 0.335404
1266 0.16898
1267 0.315157
1268 0.043876
1269 0.138503
1270 0.140302
1271 0.0498016
1272 0.226519
1273 0.290414
1274 0.265035
1275 0.0845359
1276 0.192541
1277 0.30771
1278 0.151537
1279 0.369673
1280 0.25741
1281 0.26535
1282 0.201412
1283 0.344341
1284 0.261783
1285 0.242303
1286 0.299344
1287 0.111316
1288 0.161638
1289 0.292405
1290 0.201087
1291 0.131524
1292 0.0586108
1293 0.0282504
1294 0.0251264
1295 0.0408026
1296 0.29371
1297 0.129881
1298 -0.0380897
1299 0.456479
1300 0.110803
1301 0.159272
1302 0.09137
1303 0.11411
1304 0.208088
1305 0.190136
1306 0.285916
1307 0.163805
1308 0.427027
1309 0.342672
1310 0.336698
1311 0.27515
1312 0.203376
1313 0.286958
1314 0.0584456
1315 0.200813
1316 0.174198
1317 0.200219
1318 0.324344
1319 0.448031
1320 0.2563
1321 0.213788
1322 0.188937
1323 0.326675
1324 0.131996
1325 0.124373
1326 0.167508
1327 0.0948121
1328 0.252664
1329 0.218339
1330 0.181277
1331 0.258862
1332 0.0894485
1333 0.251171
1334 0.260015
1335 0.127687
1336 0.120397
1337 0.159519
1338 0.165936
1339 0.194368
1340 -0.0172557
1341 0.266902
1342 0.165888
1343 0.277694
1344 0.120002
1345 -0.0227472
1346 0.254655
1347 0.163296
1348 0.208754
1349 0.299308
1350 0.0975079
1351 0.187803
1352 0.216807
1353 0.0861507
1354 0.18191
1355 0.109321
1356 0.0230518
1357 0.318523
1358 0.191421
1359 0.15423
1360 0.102318
1361 0.285741
1362 0.220421
1363 0.131102
1364 0.213782
1365 0.141289
1366 0.278614
1367 0.138162
1368 0.15175
1369 0.177819
1370 0.206213
1371 0.119708
1372 0.225571
1373 0.178827
1374 0.131294
1375 0.133985
1376 0.164036
1377 0.102286
1378 0.154715
1379 0.283877
1380 0.23819
1381 0.125329
1382 0.059506
1383 0.308066
1384 0.256688
1385 -0.024657
1386 0.240605
1387 0.131515
1388 0.0437383
1389 0.408051
1390 0.159329
1391 0.0681463
1392 0.144623
1393 0.210638
1394 0.2359
1395 0.110182
1396 0.0873069
1397 0.0712258
1398 0.257622
1399 0.0893132
1400 0.278507
1401 0.318315
1402 0.197725
1403 0.30592
1404 0.0816543
1405 0.0827785
1406 0.174241
1407 0.176153
1408 -0.00219745
1409 0.371801
1410 0.0430228
1411 0.149574
1412 0.0955883
1413 0.022837
1414 -0.045889
1415 0.238208
1416 0.18367
1417 0.295589
1418 0.28558
1419 0.0419843
1420 0.111133
1421 0.126972
1422 0.171967
1423 0.308541
1424 0.197966
1425 0.145812
1426 0.0911427
1427 0.0939065
1428 0.378861
1429 0.158742
1430 0.0851906
1431 0.113134
1432 0.123703
1433 0.279276
1434 0.165493
1435 0.136523
1436 0.217752
1437 0.0847413
1438 0.093023
1439 0.234729
1440 0.00774616
1441 0.0352691
1442 0.410611
1443 0.147279
1444 0.0927127
1445 0.294963
1446 0.186377
1447 0.249118
1448 0.281728
1449 0.216586
1450 0.288225
1451 0.118831
1452 0.412275
1453 0.149538
1454 0.109061
1455 0.0885344
1456 -0.00436808
1457 0.270733
1458 0.213866
1459 0.452125
1460 0.204435
1461 0.281178
1462 0.415913
1463 0.252034
1464 0.24693
1465 0.241528
1466 0.407473
1467 0.16366
1468 0.113924
1469 0.271592
1470 0.110645
1471 0.334474
1472 0.082979
1473 0.289894
1474 0.157406
1475 0.119444
1476 0.0761133
1477 0.0888636
1478 0.104823
1479 0.323836
1480 0.0974386
1481 0.053265
1482 0.323434
1483 0.156596
1484 0.0946899
1485 -0.0303473
1486 0.226757
1487 0.0795442
1488 0.00734826
1489 0.37781
1490 0.306729
1491 0.14626
1492 0.250998
1493 0.320833
1494 0.133539
1495 0.0933415
1496 0.177475
1497 0.24113
1498 0.215062
1499 0.0166297
1500 0.107077
1501 0.060077
1502 0.074948
1503 0.300068
1504 0.328529
1505 -0.0231993
1506 0.259567
1507 0.190345
1508 0.149444
1509 0.109752
1510 0.472604
1511 0.262893
1512 0.208093
1513 0.193395
1514 0.192152
1515 0.087916
1516 0.00419383
1517 0.183362
1518 0.157992
1519 0.0684621
1520 0.199043
1521 -0.010095
1522 0.171909
1523 0.16822
1524 0.137373
1525 0.114233
1526 0.227769
1527 0.190722
1528 0.267994
1529 0.172006
1530 0.211583
1531 -0.108969
1532 0.100304
1533 0.271955
1534 0.285783
1535 0.175842
1536 0.156952
1537 0.267452
1538 0.196295
1539 0.0796199
1540 0.0606261
1541 0.14821
1542 0.223791
1543 0.322065
1544 0.287707
1545 0.125127
1546 0.112733
1547 0.124505
1548 0.123772
1549 0.145061
1550 0.043169
1551 0.2458
1552 0.158154
1553 -0.00142275
1554 0.269311
1555 0.178176
1556 0.0640692
1557 0.218871
1558 0.144962
1559 0.16718
1560 0.0788685
1561 -0.0730957
1562 0.111437
1563 0.242491
1564 0.0349139
1565 0.0900073
1566 0.279409
1567 0.264963
1568 0.357582
1569 0.233325
1570 0.299746
1571 0.261199
1572 0.384052
1573 0.147787
1574 0.196529
1575 0.255664
1576 0.216454
1577 0.0847962
1578 0.250738
1579 0.275523
1580 0.219765
1581 0.0764614
1582 -0.107566
1583 0.156433
1584 0.27299
1585 0.242664
1586 0.447377
1587 0.0806186
1588 0.126184
1589 0.163931
1590 0.165664
1591 0.0270581
1592 0.145474
1593 0.263777
1594 0.310337
1595 0.359406
1596 0.115839
1597 0.160253
1598 0.259684
1599 0.108133
1600 0.207283
1601 0.312646
1602 -0.0191218
1603 0.152012
1604 0.276496
1605 0.297314
1606 0.169586
1607 0.133648
1608 0.150048
1609 0.109975
1610 0.156002
1611 0.477687
1612 0.0886243
1613 0.290214
1614 0.32228
1615 0.109975
1616 0.375823
1617 0.149815
1618 0.168664
1619 0.0497938
1620 0.0897427
1621 0.154485
1622 0.0546178
1623 0.296203
1624 0.135967
1625 0.348683
1626 0.2248
1627 0.299051
1628 0.230214
1629 0.171255
1630 0.102078
1631 0.313658
1632 0.378522
1633 0.200326
1634 0.242747
1635 0.119931
1636 0.167123
1637 0.268304
1638 0.27236
1639 0.435469
1640 0.234335
1641 0.181203
1642 0.332396
1643 0.300196
1644 0.17907
1645 0.335314
1646 0.268567
1647 0.0781263
1648 0.137513
1649 0.211027
1650 0.148854
1651 0.0583004
1652 -0.0317852
1653 0.158601
1654 0.301749
1655 0.0893905
1656 0.051588
1657 0.138017
1658 0.129365
1659 0.180457
1660 0.290873
1661 0.272299
1662 0.127147
1663 0.0390923
1664 0.246519
1665 0.0649161
1666 0.220412
1667 0.177519
1668 0.0558354
1669 0.194359
1670 0.173573
1671 0.140882
1672 0.156234
1673 0.105331
1674 0.0842073
1675 0.0762436
1676 0.321277
1677 0.204558
1678 0.152094
1679 0.0770205
1680 0.137676
1681 0.191546
1682 0.280443
1683 0.226722
1684 0.380932
1685 0.0924721
1686 0.269055
1687 0.12142
1688 0.236579
1689 0.153849
1690 0.107658
1691 0.0985439
1692 0.0863924
1693 0.348978
1694 0.118953
1695 0.335796
1696 0.254244
1697 0.0564536
1698 0.0601011
1699 0.15164
1700 0.136235
1701 0.197476
1702 0.106457
1703 0.281395
1704 0.205283
1705 0.189664
1706 0.0802047
1707 0.168685
1708 0.196704
1709 0.193655
1710 0.217485
1711 0.304852
1712 0.330598
1713 0.170874
1714 0.179927
1715 0.122757
1716 0.0885141
1717 0.182024
1718 0.144221
1719 0.211152
1720 0.132166
1721 0.0562191
1722 0.324237
1723 0.0143435
1724 0.196602
1725 0.243555
1726 0.0489157
1727 0.0653882
1728 -0.00709634
1729 0.018917
1730 0.276539
1731 0.194374
1732 0.130564
1733 0.108878
1734 0.10327
1735 0.0463472
1736 0.368386
1737 0.55097
1738 0.0163552
1739 0.191705
1740 0.0853482
1741 -0.01861
1742 0.182602
1743 0.272172
1744 0.112075
1745 0.123446
1746 0.325323
1747 0.010946
1748 0.119313
1749 0.0627328
1750 0.203831
1751 0.121057
1752 0.0867615
1753 0.262745
1754 0.242887
1755 0.113365
1756 0.0886706
1757 0.261629
1758 -0.0272445
1759 0.0847808
1760 0.0697659
1761 0.0444421
1762 0.417163
1763 0.154955
1764 0.137112
1765 0.266584
1766 0.186136
1767 0.23943
1768 0.0222942
1769 0.26203
1770 0.22572
1771 0.250965
1772 0.0629905
1773 0.242504
1774 0.0123049
1775 0.0846533
1776 0.220646
1777 0.137084
1778 0.314807
1779 0.160617
1780 0.144199
1781 0.0733265
1782 0.251588
1783 0.171883
1784 0.183329
1785 0.185473
1786 0.192191
1787 0.217605
1788 0.148512
1789 0.293817
1790 -0.0987622
1791 0.202
1792 0.107442
1793 0.153043
1794 0.37072
1795 0.315934
1796 0.204495
1797 0.353642
1798 0.30861
1799 0.147482
1800 0.171792
1801 0.0593568
1802 0.324022
1803 -0.143362
1804 0.27497
1805 0.0671904
1806 0.0400962
1807 -0.00616123
1808 0.0944845
1809 0.156739
1810 0.175263
1811 0.305532
1812 0.0725138
1813 0.300102
1814 0.249181
1815 0.14109
1816 0.31955
1817 0.277325
1818 0.222418
1819 0.279468
1820 0.294587
1821 0.270342
1822 0.370026
1823 0.118861
1824 0.269576
1825 0.262501
1826 0.250761
1827 -0.0354957
1828 0.0736804
1829 0.428722
1830 0.169949
1831 0.246567
1832 0.207985
1833 0.290378
1834 0.283436
1835 0.310029
1836 0.131746
1837 0.0912633
1838 0.30157
1839 -0.00181455
1840 0.216995
1841 0.289807
1842 0.145069
1843 0.205933
1844 0.0159344
1845 0.382611
1846 0.362864
1847 0.344243
1848 -0.0932753
1849 0.139823
1850 0.224484
1851 0.182151
1852 0.153267
1853 0.196689
1854 0.172632
1855 0.148797
1856 0.282791
1857 0.113653
1858 0.137633
1859 0.190053
1860 0.182992
1861 0.135016
1862 0.167601
1863 0.157233
1864 0.103072
1865 0.0672568
1866 0.143528
1867 0.348991
1868 0.0865225
1869 0.231845
1870 0.0986808
1871 0.345381
1872 0.21978
1873 0.152756
1874 -0.0479257
1875 0.228445
1876 0.143806
1877 0.328367
1878 0.325835
1879 -0.0999647
1880 0.114932
1881 0.170088
1882 0.170657
1883 0.109007
1884 0.115633
1885 0.234468
1886 0.318173
1887 -0.0100906
1888 0.274249
1889 0.105407
1890 0.218392
1891 0.286696
1892 0.168482
1893 0.0799301
1894 0.222805
1895 0.243561
1896 -0.0940744
1897 0.229
1898 0.140645
1899 0.311546
1900 0.0761865
1901 0.0607114
1902 0.250329
1903 0.175879
1904 0.191489
1905 0.122996
1906 0.189151
1907 0.112419
1908 0.238982
1909 0.216456
1910 0.206866
1911 0.238128
1912 0.205612
1913 0.166982
1914 0.100529
1915 0.0356312
1916 0.100412
1917 0.126472
1918 0.306371
1919 0.129629
1920 0.262415
1921 0.119544
1922 0.165938
1923 0.161293
1924 0.164089
1925 0.261143
1926 0.313839
1927 0.0684077
1928 0.102586
1929 0.427871
1930 0.229842
1931 0.220684
1932 0.201117
1933 0.105341
1934 0.285304
1935 0.141665
1936 0.150309
1937 0.0581774
1938 0.089383
1939 0.162162
1940 0.416349
1941 0.178881
1942 0.173326
1943 0.135602
1944 0.244489
1945 0.2879
1946 -0.0413867
1947 0.204196
1948 0.2004
1949 0.0237327
1950 0.231654
1951 0.148986
1952 0.112506
1953 0.138792
1954 0.103506
1955 0.178343
1956 0.220889
1957 0.0633942
1958 0.0408203
1959 0.147172
1960 0.191237
1961 0.0458353
1962 0.254143
1963 0.126632
1964 0.24324
1965 0.217148
1966 0.299119
1967 0.217756
1968 0.139018
1969 0.15013
1970 0.0176641
1971 0.233951
1972 0.161163
1973 0.229959
1974 0.119033
1975 0.145539
1976 0.0881942
1977 0.0218993
1978 0.0102015
1979 0.030605
1980 0.225001
1981 0.272051
1982 0.212178
1983 0.340258
1984 0.365066
1985 0.227013
1986 0.302631
1987 0.0547973
1988 0.594122
1989 -0.0338071
1990 0.306787
1991 0.266978
1992 0.107595
1993 0.363595
1994 0.198353
1995 0.0226428
1996 0.364293
1997 -0.03399
1998 0.0666324
1999 0.154564
2000 0.305684
2001 0.0839543
2002 0.268393
2003 0.227702
2004 0.381662
2005 0.0318492
2006 0.253293
2007 0.252958
2008 0.106967
2009 0.0968492
2010 0.170912
2011 0.17837
2012 0.173153
2013 0.332534
2014 0.254872
2015 0.306897
2016 0.0611809
2017 0.289263
2018 0.0721254
2019 0.190083
2020 0.224955
2021 0.0430582
2022 0.124769
2023 0.208722
2024 0.158306
2025 0.0921058
2026 0.0786037
2027 0.250576
2028 0.214202
2029 0.31338
2030 0.155659
2031 0.148114
2032 0.201895
2033 0.309076
2034 -0.0916891
2035 0.302706
2036 0.0785386
2037 -0.00399318
2038 0.164519
2039 0.158191
2040 0.155062
2041 0.222594
2042 0.306165
2043 0.213305
2044 0.326752
2045 0.319456
2046 0.161554
2047 0.134089
2048 0.358489
2049 0.257677
2050 0.276677
2051 0.170256
2052 0.155038
2053 0.141963
2054 0.246801
2055 0.0913123
2056 0.184183
2057 0.0358915
2058 0.175011
2059 0.315521
2060 0.210735
2061 0.151882
2062 0.245541
2063 0.246824
2064 0.192735
2065 0.142988
2066 0.187604
2067 0.26868
2068 0.157383
2069 0.0975806
2070 0.190385
2071 0.118316
2072 0.234156
2073 0.107371
2074 0.0625877
2075 0.0613994
2076 0.193577
2077 0.231033
2078 0.445122
2079 0.234047
2080 0.0629168
2081 0.138992
2082 -0.000124516
2083 0.122738
2084 0.104678
2085 0.204755
2086 0.295833
2087 0.236416
2088 0.239775
2089 0.176243
2090 0.0389705
2091 0.214444
2092 0.15898
2093 0.275498
2094 0.254651
2095 0.183198
2096 0.273564
2097 -0.0785634
2098 0.128427
2099 0
