0 0.245504
1 4.06564
2 -1.92705
3 0.300253
4 0.161517
5 0.182141
6 0.187676
7 0.193698
8 0.193722
9 0.194099
10 0.193025
11 0.192623
12 0.191966
13 0.191868
14 0.192057
15 0.195511
16 0.194337
17 0.194889
18 0.193271
19 0.195115
20 0.193297
21 0.192365
22 0.19235
23 0.192917
24 0.193006
25 0.193695
26 0.19338
27 0.192433
28 0.19185
29 0.195575
30 0.194667
31 0.193607
32 0.193167
33 0.192488
34 0.194911
35 0.193754
36 0.195045
37 0.193753
38 0.194502
39 0.193096
40 0.192045
41 0.192095
42 0.191594
43 0.191979
44 0.194651
45 0.193699
46 0.192831
47 0.196444
48 0.195274
49 0.197054
50 0.19435
51 0.192922
52 0.191865
53 0.192063
54 0.19225
55 0.192376
56 0.192106
57 0.195974
58 0.193418
59 0.196377
60 0.196097
61 0.196158
62 0.197788
63 0.194223
64 0.193049
65 0.192533
66 0.192719
67 0.193043
68 0.192562
69 0.194135
70 0.1927
71 0.19243
72 0.192295
73 0.193116
74 0.19217
75 0.195469
76 0.193319
77 0.192554
78 0.193977
79 0.192397
80 0.195806
81 0.197791
82 0.195662
83 0.193569
84 0.193975
85 0.19351
86 0.193921
87 0.194381
88 0.193127
89 0.194038
90 0.192781
91 0.196241
92 0.194517
93 0.193425
94 0.196128
95 0.195798
96 0.193818
97 0.196006
98 0.194208
99 0.195129
100 0.195159
101 0.197695
102 0.198026
103 0.195258
104 0.193789
105 0.194661
106 0.196048
107 0.19395
108 0.192956
109 0.192034
110 0.191852
111 0.193397
112 0.191902
113 0.19304
114 0.192438
115 0.192003
116 0.194311
117 0.192775
118 0.191838
119 0.191687
120 0.191577
121 0.194189
122 0.191964
123 0.195023
124 0.197458
125 0.195971
126 0.194136
127 0.193
128 0.192356
129 0.193127
130 0.195852
131 0.194466
132 0.193332
133 0.195845
134 0.193623
135 0.192878
136 0.193646
137 0.193076
138 0.192146
139 0.192225
140 0.192132
141 0.191316
142 0.19141
143 0.193854
144 0.192379
145 0.192644
146 0.191466
147 0.193875
148 0.192701
149 0.192082
150 0.194218
151 0.192473
152 0.192678
153 0.191659
154 0.19334
155 0.194719
156 0.193464
157 0.192973
158 0.194368
159 0.193366
160 0.196124
161 0.193793
162 0.194555
163 0.192698
164 0.19408
165 0.192528
166 0.192198
167 0.19193
168 0.191661
169 0.194034
170 0.195278
171 0.196366
172 0.19872
173 0.195674
174 0.193494
175 0.192483
176 0.191995
177 0.191552
178 0.193359
179 0.194367
180 0.193175
181 0.192952
182 0.19334
183 0.192662
184 0.193247
185 0.19264
186 0.191796
187 0.196254
188 0.195926
189 0.193612
190 0.192613
191 0.191975
192 0.191628
193 0.19373
194 0.192383
195 0.191767
196 0.191535
197 0.193741
198 0.19371
199 0.193915
200 0.192951
201 0.193791
202 0.193069
203 0.1927
204 0.192416
205 0.193008
206 0.193801
207 0.192522
208 0.192133
209 0.193945
210 0.193508
211 0.196696
212 0.19371
213 0.195058
214 0.193161
215 0.192233
216 0.192769
217 0.19161
218 0.191408
219 0.194648
220 0.193104
221 0.192686
222 0.191541
223 0.191436
224 0.195057
225 0.196179
226 0.193827
227 0.196393
228 0.194939
229 0.193956
230 0.194479
231 0.193373
232 0.196433
233 0.194704
234 0.196386
235 0.194022
236 0.196371
237 0.196505
238 0.198085
239 0.196055
240 0.196137
241 0.194217
242 0.192414
243 0.192352
244 0.191781
245 0.191832
246 0.192662
247 0.193778
248 0.193401
249 0.19277
250 0.191724
251 0.19206
252 0.191905
253 0.191287
254 0.193544
255 0.194951
256 0.193112
257 0.192309
258 0.191671
259 0.191898
260 0.193641
261 0.19231
262 0.192125
263 0.192806
264 0.191658
265 0.191691
266 0.192615
267 0.191897
268 0.19151
269 0.191334
270 0.191196
271 0.191509
272 0.195251
273 0.192888
274 0.194365
275 0.193966
276 0.192751
277 0.195387
278 0.193295
279 0.192985
280 0.19235
281 0.191743
282 0.192914
283 0.192356
284 0.191924
285 0.191903
286 0.192956
287 0.195698
288 0.195343
289 0.193515
290 0.193417
291 0.192512
292 0.192702
293 0.192308
294 0.195947
295 0.196694
296 0.194011
297 0.193078
298 0.193846
299 0.192564
300 0.191871
301 0.196177
302 0.193653
303 0.193132
304 0.19235
305 0.191584
306 0.192818
307 0.193613
308 0.192493
309 0.193138
310 0.192775
311 0.194988
312 0.197739
313 0.195122
314 0.197519
315 0.194317
316 0.193594
317 0.192791
318 0.194311
319 0.193609
320 0.192804
321 0.192382
322 0.196089
323 0.193447
324 0.192963
325 0.192
326 0.19146
327 0.193955
328 0.193874
329 0.19266
330 0.191957
331 0.194894
332 0.193191
333 0.195063
334 0.196453
335 0.1941
336 0.192517
337 0.19404
338 0.193387
339 0.192721
340 0.195938
341 0.194381
342 0.193494
343 0.195745
344 0.194179
345 0.196327
346 0.196601
347 0.198521
348 0.195229
349 0.193584
350 0.196349
351 0.195232
352 0.194466
353 0.192943
354 0.195177
355 0.19434
356 0.197032
357 0.195264
358 0.193507
359 0.194142
360 0.192681
361 0.191868
362 0.191851
363 0.194088
364 0.192589
365 0.19204
366 0.192328
367 0.191602
368 0.193204
369 0.19245
370 0.19283
371 0.193466
372 0.193715
373 0.192826
374 0.191748
375 0.195465
376 0.19737
377 0.19594
378 0.193848
379 0.192519
380 0.196703
381 0.193699
382 0.195947
383 0.193804
384 0.192777
385 0.195349
386 0.196914
387 0.197714
388 0.195991
389 0.193916
390 0.192753
391 0.192607
392 0.19168
393 0.193805
394 0.194172
395 0.192927
396 0.196404
397 0.193799
398 0.195558
399 0.194061
400 0.193118
401 0.192286
402 0.195799
403 0.19359
404 0.195263
405 0.193377
406 0.193244
407 0.192478
408 0.19203
409 0.192088
410 0.191998
411 0.195906
412 0.194557
413 0.193381
414 0.192506
415 0.194006
416 0.194142
417 0.193129
418 0.192032
419 0.192052
420 0.191958
421 0.191613
422 0.191279
423 0.195609
424 0.193341
425 0.195404
426 0.195117
427 0.19738
428 0.195657
429 0.193928
430 0.193524
431 0.192284
432 0.192764
433 0.192353
434 0.192854
435 0.196478
436 0.194039
437 0.194311
438 0.192844
439 0.193413
440 0.192074
441 0.191526
442 0.191938
443 0.194085
444 0.194027
445 0.192884
446 0.19206
447 0.195623
448 0.195206
449 0.194944
450 0.193787
451 0.195521
452 0.193683
453 0.19484
454 0.195659
455 0.196688
456 0.194946
457 0.19372
458 0.196075
459 0.194291
460 0.194646
461 0.193691
462 0.192684
463 0.192489
464 0.195827
465 0.196592
466 0.19428
467 0.195466
468 0.195313
469 0.193664
470 0.194102
471 0.192828
472 0.193008
473 0.192492
474 0.193384
475 0.192509
476 0.195441
477 0.195168
478 0.196011
479 0.193963
480 0.192673
481 0.194929
482 0.194638
483 0.193847
484 0.194353
485 0.193938
486 0.192973
487 0.196078
488 0.1936
489 0.196192
490 0.193767
491 0.19254
492 0.192203
493 0.192064
494 0.195913
495 0.193572
496 0.196571
497 0.195608
498 0.194647
499 0.193114
500 0.192309
501 0.195547
502 0.19736
503 0.196457
504 0.197561
505 0.196622
506 0.194913
507 0.195129
508 0.196117
509 0.193754
510 0.192929
511 0.192631
512 0.194507
513 0.192898
514 0.19357
515 0.195227
516 0.193718
517 0.192354
518 0.191948
519 0.192667
520 0.191663
521 0.192753
522 0.195913
523 0.19403
524 0.19256
525 0.192135
526 0.192879
527 0.192218
528 0.19564
529 0.194282
530 0.194106
531 0.194402
532 0.193125
533 0.192516
534 0.195296
535 0.195517
536 0.193548
537 0.19304
538 0.192178
539 0.19249
540 0.192609
541 0.191986
542 0.19179
543 0.194493
544 0.192664
545 0.19245
546 0.193541
547 0.195381
548 0.192991
549 0.196663
550 0.194369
551 0.19289
552 0.192301
553 0.19426
554 0.192773
555 0.192512
556 0.192391
557 0.192074
558 0.191852
559 0.191586
560 0.19375
561 0.194985
562 0.194795
563 0.193635
564 0.192356
565 0.193172
566 0.192698
567 0.192059
568 0.19385
569 0.192422
570 0.193942
571 0.196653
572 0.198339
573 0.194266
574 0.193364
575 0.192854
576 0.191754
577 0.192194
578 0.194926
579 0.194769
580 0.193952
581 0.197117
582 0.195202
583 0.197742
584 0.198055
585 0.198816
586 0.195679
587 0.193721
588 0.192678
589 0.19344
590 0.192222
591 0.191999
592 0.192065
593 0.192779
594 0.193496
595 0.192786
596 0.191957
597 0.192002
598 0.191797
599 0.192146
600 0.194121
601 0.193055
602 0.195266
603 0.195145
604 0.197566
605 0.194678
606 0.195319
607 0.194874
608 0.197699
609 0.195278
610 0.193951
611 0.1927
612 0.192142
613 0.191313
614 0.191427
615 0.193611
616 0.192415
617 0.191944
618 0.192589
619 0.192526
620 0.192034
621 0.191711
622 0.191731
623 0.19146
624 0.191655
625 0.192289
626 0.192189
627 0.191577
628 0.195999
629 0.196888
630 0.194745
631 0.194691
632 0.193232
633 0.193786
634 0.19547
635 0.194735
636 0.193305
637 0.193534
638 0.194048
639 0.19435
640 0.192834
641 0.192947
642 0.196718
643 0.194771
644 0.193869
645 0.192634
646 0.193469
647 0.193112
648 0.192358
649 0.195345
650 0.193312
651 0.194944
652 0.19651
653 0.1958
654 0.198147
655 0.195218
656 0.195595
657 0.193275
658 0.194612
659 0.193244
660 0.193685
661 0.196447
662 0.194031
663 0.194299
664 0.195392
665 0.194306
666 0.196268
667 0.193835
668 0.194808
669 0.194697
670 0.192815
671 0.192644
672 0.1921
673 0.191576
674 0.192102
675 0.192124
676 0.19276
677 0.193475
678 0.192436
679 0.192138
680 0.193061
681 0.191969
682 0.192093
683 0.191557
684 0.194338
685 0.195631
686 0.195882
687 0.194198
688 0.195055
689 0.193197
690 0.194931
691 0.192975
692 0.193888
693 0.193815
694 0.192534
695 0.191982
696 0.19534
697 0.193268
698 0.192362
699 0.192231
700 0.194418
701 0.192744
702 0.19218
703 0.19224
704 0.193764
705 0.193638
706 0.196894
707 0.194853
708 0.193879
709 0.192668
710 0.191848
711 0.192652
712 0.192519
713 0.192806
714 0.192391
715 0.194259
716 0.193012
717 0.195974
718 0.193871
719 0.192575
720 0.192787
721 0.192343
722 0.195714
723 0.195969
724 0.194111
725 0.197053
726 0.194049
727 0.193256
728 0.194343
729 0.192573
730 0.191807
731 0.191913
732 0.193612
733 0.196284
734 0.196303
735 0.194493
736 0.197536
737 0.196657
738 0.194344
739 0.196495
740 0.193711
741 0.194181
742 0.195296
743 0.193541
744 0.192579
745 0.191838
746 0.191766
747 0.191643
748 0.192556
749 0.193761
750 0.192448
751 0.194093
752 0.19324
753 0.192643
754 0.195809
755 0.193808
756 0.194002
757 0.192734
758 0.193587
759 0.192593
760 0.192343
761 0.193688
762 0.194627
763 0.194884
764 0.19328
765 0.193254
766 0.193749
767 0.193101
768 0.192566
769 0.192441
770 0.192737
771 0.192523
772 0.196225
773 0.1959
774 0.194993
775 0.195845
776 0.19391
777 0.195474
778 0.195585
779 0.194105
780 0.19663
781 0.19393
782 0.19263
783 0.192692
784 0.191879
785 0.191482
786 0.191372
787 0.191192
788 0.19169
789 0.191295
790 0.192599
791 0.192529
792 0.194902
793 0.194113
794 0.192889
795 0.192777
796 0.192292
797 0.191596
798 0.193791
799 0.192655
800 0.19586
801 0.196322
802 0.194844
803 0.193404
804 0.192117
805 0.196103
806 0.196699
807 0.19431
808 0.196888
809 0.194003
810 0.19711
811 0.197091
812 0.194591
813 0.193163
814 0.192206
815 0.193297
816 0.193181
817 0.192161
818 0.191797
819 0.192093
820 0.191857
821 0.192486
822 0.192219
823 0.191678
824 0.191727
825 0.19134
826 0.193157
827 0.193416
828 0.193163
829 0.192337
830 0.194924
831 0.193209
832 0.19248
833 0.19177
834 0.193992
835 0.195075
836 0.193492
837 0.192669
838 0.192421
839 0.195947
840 0.196943
841 0.194414
842 0.19289
843 0.193636
844 0.197132
845 0.193952
846 0.192738
847 0.193802
848 0.192419
849 0.192163
850 0.193
851 0.191911
852 0.191609
853 0.195415
854 0.19556
855 0.194038
856 0.195545
857 0.19443
858 0.194932
859 0.193515
860 0.19398
861 0.19259
862 0.194637
863 0.196023
864 0.19426
865 0.194401
866 0.194321
867 0.192848
868 0.192278
869 0.195654
870 0.196214
871 0.193918
872 0.196491
873 0.196716
874 0.196795
875 0.195623
876 0.194934
877 0.195241
878 0.19511
879 0.19377
880 0.192714
881 0.192063
882 0.192554
883 0.194086
884 0.192763
885 0.192211
886 0.192435
887 0.196186
888 0.196208
889 0.193623
890 0.192596
891 0.192067
892 0.192771
893 0.192654
894 0.191834
895 0.192377
896 0.191626
897 0.192079
898 0.191288
899 0.191705
900 0.191249
901 0.191805
902 0.191289
903 0.193743
904 0.192472
905 0.192057
906 0.191785
907 0.191278
908 0.195441
909 0.196086
910 0.19362
911 0.194585
912 0.192877
913 0.19244
914 0.191979
915 0.19205
916 0.195137
917 0.19401
918 0.192841
919 0.192126
920 0.195085
921 0.193188
922 0.192595
923 0.193147
924 0.193012
925 0.194253
926 0.193521
927 0.192507
928 0.192863
929 0.192466
930 0.195062
931 0.193128
932 0.195637
933 0.194777
934 0.195117
935 0.196335
936 0.196323
937 0.196001
938 0.1952
939 0.193545
940 0.192694
941 0.195633
942 0.194992
943 0.195266
944 0.193824
945 0.192632
946 0.192324
947 0.191522
948 0.191535
949 0.193147
950 0.19309
951 0.19201
952 0.191686
953 0.1921
954 0.194245
955 0.193852
956 0.19328
957 0.194806
958 0.195133
959 0.193742
960 0.194118
961 0.193528
962 0.192452
963 0.192103
964 0.191594
965 0.191657
966 0.191007
967 0.191464
968 0.193365
969 0.191932
970 0.192307
971 0.191982
972 0.191339
973 0.192635
974 0.191909
975 0.195528
976 0.194809
977 0.193403
978 0.193043
979 0.192662
980 0.191976
981 0.191726
982 0.191649
983 0.191625
984 0.191654
985 0.193267
986 0.194634
987 0.194797
988 0.195215
989 0.193546
990 0.196234
991 0.193719
992 0.194325
993 0.195079
994 0.196032
995 0.195512
996 0.194151
997 0.195709
998 0.197584
999 0.194519
1000 0.196794
1001 0.196767
1002 0.194094
1003 0.193622
1004 0.192982
1005 0.194145
1006 0.19482
1007 0.193223
1008 0.192477
1009 0.192455
1010 0.194874
1011 0.193172
1012 0.192314
1013 0.191876
1014 0.191491
1015 0.19168
1016 0.191314
1017 0.1937
1018 0.192254
1019 0.193614
1020 0.192239
1021 0.193026
1022 0.196617
1023 0.194053
1024 0.193302
1025 0.192145
1026 0.191825
1027 0.194164
1028 0.192563
1029 0.195076
1030 0.193131
1031 0.192549
1032 0.193137
1033 0.192118
1034 0.191951
1035 0.194973
1036 0.1969
1037 0.194088
1038 0.193949
1039 0.194208
1040 0.19424
1041 0.194215
1042 0.193454
1043 0.195049
1044 0.193483
1045 0.193223
1046 0.194965
1047 0.195657
1048 0.193401
1049 0.192914
1050 0.192107
1051 0.1917
1052 0.191935
1053 0.192456
1054 0.196331
1055 0.198201
1056 0.198848
1057 0.195457
1058 0.196769
1059 0.194884
1060 0.194939
1061 0.196216
1062 0.194969
1063 0.197051
1064 0.19784
1065 0.196032
1066 0.194407
1067 0.192995
1068 0.193231
1069 0.192457
1070 0.191852
1071 0.195131
1072 0.194013
1073 0.192849
1074 0.191791
1075 0.19524
1076 0.196558
1077 0.194971
1078 0.195219
1079 0.195532
1080 0.19571
1081 0.194215
1082 0.196521
1083 0.193836
1084 0.194797
1085 0.193296
1086 0.192929
1087 0.192542
1088 0.191795
1089 0.191739
1090 0.194057
1091 0.192619
1092 0.194038
1093 0.195383
1094 0.195348
1095 0.193445
1096 0.19308
1097 0.196733
1098 0.194646
1099 0.195784
1100 0.19354
1101 0.192693
1102 0.194911
1103 0.197707
1104 0.194256
1105 0.196684
1106 0.19392
1107 0.192901
1108 0.193167
1109 0.19453
1110 0.196691
1111 0.195438
1112 0.194093
1113 0.196943
1114 0.194131
1115 0.193219
1116 0.192156
1117 0.191478
1118 0.191843
1119 0.191807
1120 0.191354
1121 0.191331
1122 0.191326
1123 0.191518
1124 0.192484
1125 0.192944
1126 0.192207
1127 0.192339
1128 0.19357
1129 0.19452
1130 0.197551
1131 0.195579
1132 0.196669
1133 0.194348
1134 0.193345
1135 0.196391
1136 0.193692
1137 0.196676
1138 0.193549
1139 0.194984
1140 0.196847
1141 0.194133
1142 0.194501
1143 0.193935
1144 0.194471
1145 0.194221
1146 0.193098
1147 0.192366
1148 0.192474
1149 0.193502
1150 0.193542
1151 0.194214
1152 0.193675
1153 0.192575
1154 0.19222
1155 0.191985
1156 0.192309
1157 0.194618
1158 0.197229
1159 0.194422
1160 0.193044
1161 0.192989
1162 0.191896
1163 0.193373
1164 0.193556
1165 0.195111
1166 0.193226
1167 0.192326
1168 0.191803
1169 0.191895
1170 0.194784
1171 0.192843
1172 0.196348
1173 0.194537
1174 0.193076
1175 0.193566
1176 0.192535
1177 0.191788
1178 0.1915
1179 0.191407
1180 0.193678
1181 0.195122
1182 0.197081
1183 0.194568
1184 0.193321
1185 0.192429
1186 0.191784
1187 0.191962
1188 0.19273
1189 0.196057
1190 0.19391
1191 0.19425
1192 0.19698
1193 0.194404
1194 0.194472
1195 0.193019
1196 0.193837
1197 0.192595
1198 0.192036
1199 0.191557
1200 0.193283
1201 0.196763
1202 0.193683
1203 0.197658
1204 0.195976
1205 0.194752
1206 0.195645
1207 0.193633
1208 0.196157
1209 0.19619
1210 0.193826
1211 0.19267
1212 0.195767
1213 0.193281
1214 0.194598
1215 0.192834
1216 0.19211
1217 0.191703
1218 0.192392
1219 0.191587
1220 0.191576
1221 0.192088
1222 0.19281
1223 0.193708
1224 0.193305
1225 0.192527
1226 0.195051
1227 0.19529
1228 0.197386
1229 0.198319
1230 0.198363
1231 0.197789
1232 0.199575
1233 0.195589
1234 0.197484
1235 0.194786
1236 0.197335
1237 0.193978
1238 0.195065
1239 0.197009
1240 0.194777
1241 0.194825
1242 0.195268
1243 0.196923
1244 0.197877
1245 0.195
1246 0.193242
1247 0.194138
1248 0.192626
1249 0.192251
1250 0.191729
1251 0.191551
1252 0.194562
1253 0.196358
1254 0.193973
1255 0.192597
1256 0.192749
1257 0.19407
1258 0.194238
1259 0.19342
1260 0.196829
1261 0.196636
1262 0.194178
1263 0.194965
1264 0.193882
1265 0.192811
1266 0.19483
1267 0.192947
1268 0.192317
1269 0.195714
1270 0.197268
1271 0.194479
1272 0.193285
1273 0.19544
1274 0.196459
1275 0.194108
1276 0.193386
1277 0.192268
1278 0.192787
1279 0.191901
1280 0.192423
1281 0.191816
1282 0.192162
1283 0.195225
1284 0.193185
1285 0.195373
1286 0.193403
1287 0.19303
1288 0.19242
1289 0.193691
1290 0.193627
1291 0.192407
1292 0.192294
1293 0.193305
1294 0.192065
1295 0.19177
1296 0.191757
1297 0.19145
1298 0.191435
1299 0.191614
1300 0.191252
1301 0.191654
1302 0.194147
1303 0.192723
1304 0.194838
1305 0.192908
1306 0.19361
1307 0.191971
1308 0.191773
1309 0.192498
1310 0.19537
1311 0.19342
1312 0.193053
1313 0.192044
1314 0.194075
1315 0.196059
1316 0.194125
1317 0.194178
1318 0.196799
1319 0.198246
1320 0.194937
1321 0.19404
1322 0.19432
1323 0.192823
1324 0.192094
1325 0.193281
1326 0.192562
1327 0.1922
1328 0.195048
1329 0.192925
1330 0.19371
1331 0.197315
1332 0.194492
1333 0.197074
1334 0.194359
1335 0.193394
1336 0.191979
1337 0.192051
1338 0.192771
1339 0.19302
1340 0.196677
1341 0.193786
1342 0.192887
1343 0.192659
1344 0.191545
1345 0.191333
1346 0.193036
1347 0.196112
1348 0.195988
1349 0.19378
1350 0.195609
1351 0.194383
1352 0.193583
1353 0.195495
1354 0.195391
1355 0.195467
1356 0.193872
1357 0.19245
1358 0.192452
1359 0.193603
1360 0.195151
1361 0.195133
1362 0.193336
1363 0.192937
1364 0.192078
1365 0.192583
1366 0.19243
1367 0.193293
1368 0.194966
1369 0.195416
1370 0.193894
1371 0.194271
1372 0.193283
1373 0.195067
1374 0.194172
1375 0.193027
1376 0.192237
1377 0.193197
1378 0.192217
1379 0.191666
1380 0.193327
1381 0.19381
1382 0.194615
1383 0.197539
1384 0.195882
1385 0.194328
1386 0.193707
1387 0.194155
1388 0.192866
1389 0.193734
1390 0.192343
1391 0.19318
1392 0.192295
1393 0.192648
1394 0.19209
1395 0.191535
1396 0.193139
1397 0.197163
1398 0.193495
1399 0.197361
1400 0.194393
1401 0.193077
1402 0.192288
1403 0.19362
1404 0.193902
1405 0.193972
1406 0.194401
1407 0.193967
1408 0.194688
1409 0.193054
1410 0.192703
1411 0.192368
1412 0.19224
1413 0.191511
1414 0.191231
1415 0.191883
1416 0.191405
1417 0.192312
1418 0.196146
1419 0.196111
1420 0.195792
1421 0.196776
1422 0.196256
1423 0.194306
1424 0.195779
1425 0.193624
1426 0.192786
1427 0.191906
1428 0.194914
1429 0.194415
1430 0.194488
1431 0.192803
1432 0.192594
1433 0.192462
1434 0.192744
1435 0.192292
1436 0.193025
1437 0.19419
1438 0.197108
1439 0.194375
1440 0.193321
1441 0.19264
1442 0.19206
1443 0.193297
1444 0.19517
1445 0.193258
1446 0.192282
1447 0.191936
1448 0.194272
1449 0.192915
1450 0.19292
1451 0.192142
1452 0.191737
1453 0.192037
1454 0.192462
1455 0.196154
1456 0.193329
1457 0.195825
1458 0.193925
1459 0.195186
1460 0.192838
1461 0.192694
1462 0.19574
1463 0.193293
1464 0.192614
1465 0.191745
1466 0.193946
1467 0.192631
1468 0.192576
1469 0.192074
1470 0.192287
1471 0.193909
1472 0.19346
1473 0.192546
1474 0.194331
1475 0.192868
1476 0.192332
1477 0.19622
1478 0.196657
1479 0.194067
1480 0.192776
1481 0.191742
1482 0.192113
1483 0.194797
1484 0.192765
1485 0.195635
1486 0.198128
1487 0.195756
1488 0.198116
1489 0.198296
1490 0.195223
1491 0.19381
1492 0.196336
1493 0.194629
1494 0.192978
1495 0.19247
1496 0.193173
1497 0.195127
1498 0.197217
1499 0.19377
1500 0.192999
1501 0.196178
1502 0.193425
1503 0.195127
1504 0.19289
1505 0.192511
1506 0.192004
1507 0.193971
1508 0.19705
1509 0.19481
1510 0.1962
1511 0.19365
1512 0.19271
1513 0.191704
1514 0.192084
1515 0.192817
1516 0.193622
1517 0.194592
1518 0.194189
1519 0.194941
1520 0.193552
1521 0.195828
1522 0.193991
1523 0.193208
1524 0.19264
1525 0.192312
1526 0.191824
1527 0.192741
1528 0.19187
1529 0.191849
1530 0.192974
1531 0.193319
1532 0.192515
1533 0.191906
1534 0.191352
1535 0.193675
1536 0.196548
1537 0.193997
1538 0.193197
1539 0.192191
1540 0.192197
1541 0.191542
1542 0.193667
1543 0.19205
1544 0.19173
1545 0.191438
1546 0.191813
1547 0.191268
1548 0.19126
1549 0.191399
1550 0.192781
1551 0.19203
1552 0.191555
1553 0.193215
1554 0.192985
1555 0.193331
1556 0.192743
1557 0.193294
1558 0.192455
1559 0.193126
1560 0.192069
1561 0.194725
1562 0.19366
1563 0.193187
1564 0.196277
1565 0.193555
1566 0.194874
1567 0.193139
1568 0.192167
1569 0.195778
1570 0.193591
1571 0.192783
1572 0.195385
1573 0.192845
1574 0.195371
1575 0.195038
1576 0.193615
1577 0.192851
1578 0.191687
1579 0.191991
1580 0.194669
1581 0.195173
1582 0.197613
1583 0.194519
1584 0.193178
1585 0.192127
1586 0.1923
1587 0.195488
1588 0.193722
1589 0.196139
1590 0.19719
1591 0.194216
1592 0.194357
1593 0.192741
1594 0.19358
1595 0.192393
1596 0.19196
1597 0.1918
1598 0.193009
1599 0.191841
1600 0.193541
1601 0.192233
1602 0.191701
1603 0.191386
1604 0.194617
1605 0.192673
1606 0.192333
1607 0.195674
1608 0.196675
1609 0.194942
1610 0.197586
1611 0.198347
1612 0.194536
1613 0.193441
1614 0.195719
1615 0.193363
1616 0.192822
1617 0.192118
1618 0.195142
1619 0.192923
1620 0.194863
1621 0.194146
1622 0.196761
1623 0.195023
1624 0.19402
1625 0.192911
1626 0.194807
1627 0.195837
1628 0.193883
1629 0.192733
1630 0.191858
1631 0.195348
1632 0.195953
1633 0.193658
1634 0.196373
1635 0.193622
1636 0.192919
1637 0.191656
1638 0.191723
1639 0.191554
1640 0.19194
1641 0.194114
1642 0.192932
1643 0.192153
1644 0.193811
1645 0.193862
1646 0.192662
1647 0.196278
1648 0.19399
1649 0.193841
1650 0.193037
1651 0.196564
1652 0.193827
1653 0.19489
1654 0.19331
1655 0.193976
1656 0.193655
1657 0.192686
1658 0.192284
1659 0.192118
1660 0.191759
1661 0.19328
1662 0.196716
1663 0.194058
1664 0.194278
1665 0.193091
1666 0.19216
1667 0.193273
1668 0.193677
1669 0.195362
1670 0.193283
1671 0.19605
1672 0.194694
1673 0.193396
1674 0.19225
1675 0.195172
1676 0.193999
1677 0.193549
1678 0.192784
1679 0.19201
1680 0.191678
1681 0.192877
1682 0.191892
1683 0.191562
1684 0.191189
1685 0.191449
1686 0.193541
1687 0.19187
1688 0.193192
1689 0.19188
1690 0.193112
1691 0.192152
1692 0.191825
1693 0.191473
1694 0.191505
1695 0.191453
1696 0.192646
1697 0.19334
1698 0.193702
1699 0.195235
1700 0.193771
1701 0.193868
1702 0.194358
1703 0.194658
1704 0.193294
1705 0.194182
1706 0.192806
1707 0.191893
1708 0.19199
1709 0.192219
1710 0.192325
1711 0.192238
1712 0.196001
1713 0.196348
1714 0.194443
1715 0.192999
1716 0.19365
1717 0.194725
1718 0.1932
1719 0.192545
1720 0.195935
1721 0.197052
1722 0.194579
1723 0.192951
1724 0.193053
1725 0.194506
1726 0.193906
1727 0.192588
1728 0.191952
1729 0.194714
1730 0.193536
1731 0.192665
1732 0.192954
1733 0.193456
1734 0.192429
1735 0.192058
1736 0.192101
1737 0.191519
1738 0.192063
1739 0.193163
1740 0.192341
1741 0.195204
1742 0.193134
1743 0.194124
1744 0.192536
1745 0.195613
1746 0.198138
1747 0.193704
1748 0.193156
1749 0.193563
1750 0.194834
1751 0.194763
1752 0.193537
1753 0.195822
1754 0.194016
1755 0.192697
1756 0.192488
1757 0.192795
1758 0.196427
1759 0.193732
1760 0.19689
1761 0.194211
1762 0.192802
1763 0.192954
1764 0.193805
1765 0.192593
1766 0.194614
1767 0.197269
1768 0.194225
1769 0.193187
1770 0.192148
1771 0.191897
1772 0.193159
1773 0.193852
1774 0.193925
1775 0.192879
1776 0.191756
1777 0.196018
1778 0.195743
1779 0.195103
1780 0.193868
1781 0.192672
1782 0.192997
1783 0.192192
1784 0.191641
1785 0.191839
1786 0.191216
1787 0.195154
1788 0.193386
1789 0.192383
1790 0.192159
1791 0.195709
1792 0.192903
1793 0.192307
1794 0.191779
1795 0.192053
1796 0.194881
1797 0.1962
1798 0.195192
1799 0.193448
1800 0.192701
1801 0.192047
1802 0.19311
1803 0.19286
1804 0.192163
1805 0.1924
1806 0.192984
1807 0.191863
1808 0.191379
1809 0.191943
1810 0.193518
1811 0.192459
1812 0.191819
1813 0.191715
1814 0.191335
1815 0.191582
1816 0.194469
1817 0.192612
1818 0.195935
1819 0.193481
1820 0.19265
1821 0.191919
1822 0.192009
1823 0.191563
1824 0.191064
1825 0.191291
1826 0.19251
1827 0.196113
1828 0.193566
1829 0.196532
1830 0.19486
1831 0.193631
1832 0.193885
1833 0.193035
1834 0.195254
1835 0.193348
1836 0.192619
1837 0.192212
1838 0.19642
1839 0.197047
1840 0.198169
1841 0.195566
1842 0.193954
1843 0.196568
1844 0.193933
1845 0.193562
1846 0.196433
1847 0.196605
1848 0.193795
1849 0.194098
1850 0.193136
1851 0.196581
1852 0.194349
1853 0.192998
1854 0.192446
1855 0.191717
1856 0.192552
1857 0.191995
1858 0.191969
1859 0.192042
1860 0.191784
1861 0.192141
1862 0.192573
1863 0.192258
1864 0.193141
1865 0.192557
1866 0.195603
1867 0.197074
1868 0.19433
1869 0.19464
1870 0.193067
1871 0.192653
1872 0.195521
1873 0.197388
1874 0.194631
1875 0.194408
1876 0.193112
1877 0.193188
1878 0.196706
1879 0.197946
1880 0.195496
1881 0.195048
1882 0.194473
1883 0.193902
1884 0.192752
1885 0.192534
1886 0.195801
1887 0.194561
1888 0.196975
1889 0.194553
1890 0.196153
1891 0.193877
1892 0.19279
1893 0.192002
1894 0.191881
1895 0.191137
1896 0.193313
1897 0.192289
1898 0.191966
1899 0.192279
1900 0.191639
1901 0.191556
1902 0.192335
1903 0.191696
1904 0.193082
1905 0.196941
1906 0.195149
1907 0.1937
1908 0.196505
1909 0.194978
1910 0.195486
1911 0.195277
1912 0.193579
1913 0.192814
1914 0.193316
1915 0.193357
1916 0.192389
1917 0.192322
1918 0.192242
1919 0.19285
1920 0.191676
1921 0.191704
1922 0.192577
1923 0.192489
1924 0.192236
1925 0.192031
1926 0.19166
1927 0.192185
1928 0.192295
1929 0.191751
1930 0.192256
1931 0.191718
1932 0.192656
1933 0.191859
1934 0.191473
1935 0.193357
1936 0.192974
1937 0.192213
1938 0.191588
1939 0.191555
1940 0.191402
1941 0.191735
1942 0.192494
1943 0.192409
1944 0.192084
1945 0.191725
1946 0.194234
1947 0.192953
1948 0.19252
1949 0.192001
1950 0.192941
1951 0.192167
1952 0.192286
1953 0.19297
1954 0.191927
1955 0.191936
1956 0.193687
1957 0.194019
1958 0.193032
1959 0.192266
1960 0.196136
1961 0.196722
1962 0.19396
1963 0.195076
1964 0.193121
1965 0.192756
1966 0.194882
1967 0.194758
1968 0.193604
1969 0.192954
1970 0.1922
1971 0.191573
1972 0.192188
1973 0.195375
1974 0.196152
1975 0.197177
1976 0.19415
1977 0.196361
1978 0.198628
1979 0.194856
1980 0.194295
1981 0.19533
1982 0.197139
1983 0.196786
1984 0.194455
1985 0.19567
1986 0.193936
1987 0.193135
1988 0.192001
1989 0.196326
1990 0.197457
1991 0.19719
1992 0.194322
1993 0.193348
1994 0.192009
1995 0.192052
1996 0.192769
1997 0.195837
1998 0.195126
1999 0.19528
2000 0.195116
2001 0.193512
2002 0.194758
2003 0.192916
2004 0.192166
2005 0.1937
2006 0.193265
2007 0.193873
2008 0.193188
2009 0.196859
2010 0.196419
2011 0.194273
2012 0.192764
2013 0.196339
2014 0.196414
2015 0.194254
2016 0.194725
2017 0.193473
2018 0.19282
2019 0.192315
2020 0.193143
2021 0.192278
2022 0.19201
2023 0.192963
2024 0.193044
2025 0.192379
2026 0.192005
2027 0.192115
2028 0.194908
2029 0.196738
2030 0.193773
2031 0.193255
2032 0.192726
2033 0.192274
2034 0.195611
2035 0.192688
2036 0.196879
2037 0.193845
2038 0.196022
2039 0.19435
2040 0.192962
2041 0.193347
2042 0.196133
2043 0.196686
2044 0.196816
2045 0.194468
2046 0.192738
2047 0.192164
2048 0.191407
2049 0.191765
2050 0.193916
2051 0.192103
2052 0.195443
2053 0.193238
2054 0.194496
2055 0.194654
2056 0.197657
2057 0.19497
2058 0.194874
2059 0.196426
2060 0.196285
2061 0.19433
2062 0.194488
2063 0.193256
2064 0.193185
2065 0.192162
2066 0.192697
2067 0.192303
2068 0.192616
2069 0.192971
2070 0.192071
2071 0.192415
2072 0.191861
2073 0.191549
2074 0.191199
2075 0.191667
2076 0.195429
2077 0.196015
2078 0.196111
2079 0.193807
2080 0.193071
2081 0.19331
2082 0.192205
2083 0.192063
2084 0.191718
2085 0.191941
2086 0.191883
2087 0.192285
2088 0.195001
2089 0.194106
2090 0.192741
2091 0.193257
2092 0.192166
2093 0.191993
2094 0.194998
2095 0.194528
2096 0.194551
2097 0.193301
2098 0.192311
2099 0
