0 61.6634
1 -11.9711
2 1.62194
3 3.09913
4 3.89248
5 3.37267
6 2.9891
7 2.73716
8 2.5212
9 2.69275
10 2.72949
11 2.59001
12 2.45357
13 2.6998
14 2.5683
15 2.54178
16 2.65609
17 2.31712
18 2.58694
19 2.26646
20 2.61496
21 2.65625
22 2.2477
23 2.61168
24 2.45255
25 2.58035
26 2.74801
27 2.24319
28 2.71842
29 1.96844
30 2.69551
31 2.22919
32 2.02665
33 2.42112
34 1.5241
35 2.87947
36 1.52333
37 2.32092
38 1.31497
39 1.3857
40 2.34641
41 0.675569
42 2.33465
43 0.356976
44 0.99118
45 0.707082
46 0.219422
47 1.02401
48 -0.119502
49 0.560088
50 0.38033
51 0.258574
52 0.509636
53 0.382593
54 0.312613
55 0.392769
56 0.363863
57 0.363161
58 0.375287
59 0.224038
60 0.179609
61 0.189187
62 0.373918
63 0.25088
64 0.368266
65 0.317687
66 0.292316
67 0.292551
68 0.351106
69 0.509967
70 0.363268
71 0.315708
72 0.417332
73 0.429192
74 0.344154
75 0.251518
76 0.231994
77 0.268881
78 0.315419
79 0.241428
80 0.364812
81 0.44537
82 0.406324
83 0.512788
84 0.379321
85 0.469874
86 0.356316
87 0.331042
88 0.284112
89 0.19989
90 0.321067
91 0.309215
92 0.356767
93 0.263105
94 0.231767
95 0.35651
96 0.303933
97 0.257358
98 0.227985
99 0.33914
100 0.22814
101 0.213656
102 0.30505
103 0.446439
104 0.297652
105 0.241274
106 0.40635
107 0.354959
108 0.250338
109 0.252601
110 0.266251
111 0.296927
112 0.220173
113 0.250962
114 0.236793
115 0.416229
116 0.494305
117 0.530385
118 0.418484
119 0.327984
120 0.449016
121 0.315431
122 0.481078
123 0.37828
124 0.362756
125 0.364364
126 0.415289
127 0.403509
128 0.48935
129 0.475957
130 0.414922
131 0.394564
132 0.352294
133 0.340974
134 0.405605
135 0.324274
136 0.280894
137 0.463271
138 0.558785
139 0.472515
140 0.468958
141 0.52611
142 0.480799
143 0.29504
144 0.333428
145 0.264584
146 0.234168
147 0.428718
148 0.391271
149 0.433185
150 0.299636
151 0.388942
152 0.375291
153 0.435007
154 0.31003
155 0.382222
156 0.403672
157 0.394606
158 0.452753
159 0.521837
160 0.419336
161 0.269963
162 0.274247
163 0.249562
164 0.371426
165 0.461342
166 0.563055
167 0.539281
168 0.432505
169 0.35678
170 0.445454
171 0.476033
172 0.349203
173 0.376882
174 0.355294
175 0.303962
176 0.460193
177 0.29733
178 0.496384
179 0.472387
180 0.59122
181 0.422221
182 0.354919
183 0.485973
184 0.29433
185 0.420733
186 0.26465
187 0.417031
188 0.482942
189 0.438044
190 0.410847
191 0.545539
192 0.466182
193 0.5464
194 0.498508
195 0.421491
196 0.464004
197 0.285319
198 0.263419
199 0.198665
200 0.208764
201 0.366458
202 0.431135
203 0.452744
204 0.421532
205 0.480682
206 0.35574
207 0.237137
208 0.238395
209 0.43278
210 0.520334
211 0.295742
212 0.520307
213 0.433331
214 0.363609
215 0.353486
216 0.499397
217 0.310726
218 0.432741
219 0.471171
220 0.301654
221 0.496417
222 0.446023
223 0.304429
224 0.486266
225 0.409605
226 0.395626
227 0.458411
228 0.384486
229 0.25478
230 0.450091
231 0.495007
232 0.318102
233 0.425342
234 0.422137
235 0.502703
236 0.51874
237 0.598799
238 0.377575
239 0.464826
240 0.536503
241 0.403957
242 0.380226
243 0.273438
244 0.275669
245 0.294119
246 0.24472
247 0.471737
248 0.439011
249 0.297905
250 0.483392
251 0.390456
252 0.529964
253 0.374106
254 0.377764
255 0.306548
256 0.315677
257 0.368036
258 0.389828
259 0.361724
260 0.439662
261 0.50564
262 0.427314
263 0.310878
264 0.351953
265 0.386371
266 0.288146
267 0.494616
268 0.541978
269 0.356587
270 0.473331
271 0.429
272 0.321464
273 0.342581
274 0.437472
275 0.485864
276 0.573937
277 0.417964
278 0.263476
279 0.49641
280 0.288119
281 0.47853
282 0.50983
283 0.318689
284 0.52103
285 0.301233
286 0.472351
287 0.39272
288 0.501765
289 0.48094
290 0.409793
291 0.550768
292 0.568676
293 0.564225
294 0.413085
295 0.486868
296 0.386798
297 0.45602
298 0.351465
299 0.388046
300 0.515163
301 0.448923
302 0.484289
303 0.420798
304 0.381947
305 0.246384
306 0.377804
307 0.478117
308 0.417984
309 0.456244
310 0.549274
311 0.594985
312 0.437669
313 0.274539
314 0.2533
315 0.252489
316 0.372894
317 0.421078
318 0.550122
319 0.353478
320 0.480532
321 0.404899
322 0.376638
323 0.520437
324 0.352829
325 0.449267
326 0.4101
327 0.437146
328 0.45203
329 0.441491
330 0.368509
331 0.422103
332 0.390423
333 0.372594
334 0.31174
335 0.374566
336 0.240284
337 0.367473
338 0.425583
339 0.342358
340 0.327764
341 0.317441
342 0.383398
343 0.427627
344 0.419314
345 0.302834
346 0.260175
347 0.286116
348 0.459358
349 0.346879
350 0.476589
351 0.333496
352 0.4357
353 0.527904
354 0.321167
355 0.514126
356 0.285471
357 0.359957
358 0.430556
359 0.544143
360 0.428449
361 0.468592
362 0.50034
363 0.332681
364 0.332028
365 0.394061
366 0.281442
367 0.349658
368 0.247699
369 0.391737
370 0.465221
371 0.312706
372 0.390208
373 0.246933
374 0.219356
375 0.251086
376 0.350242
377 0.354502
378 0.424713
379 0.505742
380 0.56272
381 0.517952
382 0.494493
383 0.390491
384 0.243491
385 0.318342
386 0.369653
387 0.267122
388 0.328999
389 0.331609
390 0.485137
391 0.464082
392 0.331449
393 0.292881
394 0.381821
395 0.413083
396 0.361299
397 0.251199
398 0.330772
399 0.355038
400 0.430574
401 0.377767
402 0.476354
403 0.501641
404 0.359228
405 0.434518
406 0.477952
407 0.305781
408 0.494267
409 0.487214
410 0.579184
411 0.465171
412 0.457862
413 0.538499
414 0.50704
415 0.506256
416 0.54422
417 0.400024
418 0.558683
419 0.500061
420 0.58973
421 0.384776
422 0.266796
423 0.412948
424 0.242105
425 0.256648
426 0.31865
427 0.244661
428 0.47437
429 0.383278
430 0.549269
431 0.363363
432 0.274928
433 0.328881
434 0.483358
435 0.513239
436 0.353267
437 0.54645
438 0.518296
439 0.375732
440 0.386653
441 0.462055
442 0.531006
443 0.51466
444 0.559672
445 0.549274
446 0.428569
447 0.341087
448 0.304958
449 0.388269
450 0.283523
451 0.361497
452 0.421303
453 0.463919
454 0.274426
455 0.24074
456 0.238898
457 0.29421
458 0.279942
459 0.402315
460 0.518519
461 0.511751
462 0.317801
463 0.483701
464 0.534418
465 0.464923
466 0.583163
467 0.608789
468 0.468047
469 0.452812
470 0.468335
471 0.334057
472 0.46392
473 0.349989
474 0.524087
475 0.517724
476 0.609189
477 0.574266
478 0.515024
479 0.618077
480 0.338151
481 0.466337
482 0.506622
483 0.539931
484 0.489939
485 0.35133
486 0.481982
487 0.505273
488 0.537222
489 0.367856
490 0.282659
491 0.450539
492 0.418802
493 0.259391
494 0.416433
495 0.288216
496 0.403962
497 0.377284
498 0.290175
499 0.293089
500 0.265277
501 0.373109
502 0.402461
503 0.446673
504 0.270384
505 0.501843
506 0.551179
507 0.540452
508 0.345945
509 0.35376
510 0.260902
511 0.277033
512 0.449998
513 0.375328
514 0.524717
515 0.452219
516 0.567609
517 0.53209
518 0.489626
519 0.483449
520 0.538502
521 0.386416
522 0.364332
523 0.338042
524 0.473079
525 0.333092
526 0.367396
527 0.488111
528 0.441742
529 0.458717
530 0.418689
531 0.480979
532 0.554778
533 0.605952
534 0.578676
535 0.453245
536 0.3585
537 0.430422
538 0.442513
539 0.380452
540 0.538327
541 0.500962
542 0.453998
543 0.34417
544 0.479847
545 0.529792
546 0.346236
547 0.276134
548 0.363766
549 0.412852
550 0.466783
551 0.413548
552 0.340171
553 0.363536
554 0.365537
555 0.500465
556 0.456366
557 0.349955
558 0.475904
559 0.54958
560 0.517791
561 0.430842
562 0.286616
563 0.395151
564 0.41473
565 0.428355
566 0.337602
567 0.409818
568 0.340701
569 0.325921
570 0.446022
571 0.46237
572 0.326796
573 0.329744
574 0.31501
575 0.202974
576 0.35024
577 0.457607
578 0.517945
579 0.348537
580 0.362599
581 0.374163
582 0.277745
583 0.356243
584 0.397497
585 0.547521
586 0.593291
587 0.639385
588 0.605684
589 0.419816
590 0.501449
591 0.384326
592 0.546088
593 0.328412
594 0.536206
595 0.394929
596 0.303116
597 0.454217
598 0.351486
599 0.476034
600 0.447532
601 0.373101
602 0.409516
603 0.491986
604 0.374756
605 0.466602
606 0.35846
607 0.395595
608 0.254598
609 0.451128
610 0.352425
611 0.243538
612 0.431978
613 0.260177
614 0.283937
615 0.315618
616 0.333236
617 0.247294
618 0.249471
619 0.349516
620 0.289021
621 0.267584
622 0.205967
623 0.304403
624 0.319426
625 0.424121
626 0.377573
627 0.551452
628 0.417152
629 0.310158
630 0.294227
631 0.460299
632 0.41838
633 0.350929
634 0.454248
635 0.420894
636 0.315212
637 0.281126
638 0.460923
639 0.340413
640 0.428718
641 0.358658
642 0.343099
643 0.500781
644 0.549342
645 0.524158
646 0.531006
647 0.469252
648 0.522564
649 0.332178
650 0.346646
651 0.295777
652 0.455334
653 0.473177
654 0.525016
655 0.483578
656 0.321641
657 0.378072
658 0.443269
659 0.374503
660 0.400375
661 0.270925
662 0.31357
663 0.276077
664 0.25286
665 0.288947
666 0.409037
667 0.311468
668 0.441031
669 0.444903
670 0.381868
671 0.252359
672 0.261862
673 0.229844
674 0.390055
675 0.334102
676 0.294947
677 0.466126
678 0.534601
679 0.300904
680 0.407175
681 0.432659
682 0.434089
683 0.559472
684 0.361299
685 0.284439
686 0.289225
687 0.371549
688 0.320544
689 0.314962
690 0.28222
691 0.219511
692 0.200016
693 0.344018
694 0.329588
695 0.254448
696 0.277201
697 0.312369
698 0.441872
699 0.389946
700 0.379703
701 0.38943
702 0.416264
703 0.469176
704 0.449785
705 0.429918
706 0.468764
707 0.567522
708 0.476972
709 0.396916
710 0.271676
711 0.24244
712 0.442146
713 0.263421
714 0.387183
715 0.273016
716 0.384852
717 0.515521
718 0.584781
719 0.510863
720 0.587372
721 0.473654
722 0.341716
723 0.298735
724 0.26527
725 0.433495
726 0.523211
727 0.377341
728 0.387817
729 0.519809
730 0.431849
731 0.288942
732 0.340898
733 0.232121
734 0.421522
735 0.340894
736 0.5171
737 0.448667
738 0.403271
739 0.451412
740 0.473931
741 0.398608
742 0.25173
743 0.406181
744 0.243615
745 0.307656
746 0.399523
747 0.277075
748 0.19062
749 0.245968
750 0.374252
751 0.239796
752 0.269887
753 0.407661
754 0.243925
755 0.413247
756 0.361036
757 0.234155
758 0.261066
759 0.376657
760 0.50027
761 0.437134
762 0.576468
763 0.485453
764 0.454031
765 0.283795
766 0.275243
767 0.312154
768 0.207454
769 0.372978
770 0.493156
771 0.507296
772 0.50516
773 0.351457
774 0.252317
775 0.185385
776 0.38868
777 0.325696
778 0.225558
779 0.199456
780 0.224502
781 0.404552
782 0.502235
783 0.336186
784 0.489684
785 0.35629
786 0.290573
787 0.312361
788 0.335715
789 0.39583
790 0.324446
791 0.310498
792 0.454594
793 0.463382
794 0.507526
795 0.400824
796 0.413349
797 0.299242
798 0.316264
799 0.281484
800 0.254951
801 0.235246
802 0.382211
803 0.335206
804 0.241171
805 0.235206
806 0.277698
807 0.229468
808 0.399351
809 0.313505
810 0.380585
811 0.344481
812 0.3896
813 0.489877
814 0.314784
815 0.300975
816 0.357883
817 0.335007
818 0.509786
819 0.562033
820 0.41156
821 0.402347
822 0.324171
823 0.30546
824 0.35445
825 0.25714
826 0.236831
827 0.229701
828 0.208659
829 0.426293
830 0.34724
831 0.388221
832 0.335854
833 0.235804
834 0.440848
835 0.349596
836 0.26927
837 0.262729
838 0.284705
839 0.439331
840 0.367021
841 0.332602
842 0.391225
843 0.301537
844 0.289227
845 0.436899
846 0.401668
847 0.341781
848 0.37692
849 0.338046
850 0.379502
851 0.29941
852 0.215316
853 0.193353
854 0.364652
855 0.406979
856 0.400359
857 0.493924
858 0.384338
859 0.465851
860 0.326579
861 0.345992
862 0.28968
863 0.419832
864 0.342146
865 0.246523
866 0.435521
867 0.413569
868 0.550046
869 0.459003
870 0.390009
871 0.37797
872 0.437824
873 0.387398
874 0.350825
875 0.305989
876 0.288146
877 0.387159
878 0.386335
879 0.308727
880 0.447492
881 0.498779
882 0.443945
883 0.395616
884 0.301469
885 0.341522
886 0.378482
887 0.31485
888 0.300786
889 0.444884
890 0.39671
891 0.369678
892 0.415252
893 0.452612
894 0.415809
895 0.485776
896 0.425216
897 0.457937
898 0.283406
899 0.377435
900 0.278929
901 0.413031
902 0.25143
903 0.280218
904 0.351702
905 0.501189
906 0.547242
907 0.487399
908 0.520676
909 0.489103
910 0.579751
911 0.439385
912 0.538907
913 0.583899
914 0.338704
915 0.539214
916 0.335657
917 0.430858
918 0.409469
919 0.377326
920 0.529719
921 0.344338
922 0.395107
923 0.244814
924 0.257031
925 0.342437
926 0.290587
927 0.411634
928 0.356296
929 0.483297
930 0.342995
931 0.42165
932 0.277844
933 0.269375
934 0.382469
935 0.35403
936 0.308043
937 0.32646
938 0.22666
939 0.39381
940 0.24909
941 0.283447
942 0.405515
943 0.310777
944 0.22535
945 0.299414
946 0.280291
947 0.33407
948 0.220656
949 0.207217
950 0.359747
951 0.446494
952 0.323924
953 0.286212
954 0.475438
955 0.266331
956 0.34124
957 0.282582
958 0.213824
959 0.361799
960 0.396422
961 0.412455
962 0.495681
963 0.471674
964 0.367899
965 0.330606
966 0.278277
967 0.470573
968 0.542485
969 0.509977
970 0.418603
971 0.515206
972 0.551964
973 0.419983
974 0.264656
975 0.227116
976 0.344742
977 0.42667
978 0.386248
979 0.476821
980 0.338254
981 0.409139
982 0.402831
983 0.370539
984 0.459046
985 0.427462
986 0.439436
987 0.387087
988 0.321125
989 0.288687
990 0.291664
991 0.434092
992 0.271375
993 0.319136
994 0.20862
995 0.365959
996 0.452569
997 0.458877
998 0.322902
999 0.244276
1000 0.428304
1001 0.472449
1002 0.528552
1003 0.480582
1004 0.301986
1005 0.520365
1006 0.336036
1007 0.475847
1008 0.390624
1009 0.361524
1010 0.323369
1011 0.388469
1012 0.236203
1013 0.473445
1014 0.356612
1015 0.407082
1016 0.456388
1017 0.386354
1018 0.487225
1019 0.400422
1020 0.389305
1021 0.29853
1022 0.407748
1023 0.281802
1024 0.27249
1025 0.246275
1026 0.286379
1027 0.252545
1028 0.40051
1029 0.29773
1030 0.356373
1031 0.232565
1032 0.292524
1033 0.324254
1034 0.306224
1035 0.248683
1036 0.203523
1037 0.436655
1038 0.42982
1039 0.546877
1040 0.44483
1041 0.438017
1042 0.375358
1043 0.269214
1044 0.446598
1045 0.417914
1046 0.299816
1047 0.248381
1048 0.360607
1049 0.450621
1050 0.479268
1051 0.433995
1052 0.346535
1053 0.302846
1054 0.47578
1055 0.498956
1056 0.578778
1057 0.536078
1058 0.580283
1059 0.326731
1060 0.379071
1061 0.309077
1062 0.30419
1063 0.462918
1064 0.409499
1065 0.325537
1066 0.415932
1067 0.315088
1068 0.257938
1069 0.428487
1070 0.353917
1071 0.418495
1072 0.521512
1073 0.368075
1074 0.554665
1075 0.353228
1076 0.351628
1077 0.385204
1078 0.425134
1079 0.518527
1080 0.38158
1081 0.311236
1082 0.454697
1083 0.375149
1084 0.450917
1085 0.462824
1086 0.570998
1087 0.463517
1088 0.279265
1089 0.372811
1090 0.435575
1091 0.451389
1092 0.38067
1093 0.277003
1094 0.447612
1095 0.287057
1096 0.337025
1097 0.32895
1098 0.469708
1099 0.398857
1100 0.544669
1101 0.312201
1102 0.302724
1103 0.447075
1104 0.447834
1105 0.325184
1106 0.374881
1107 0.414632
1108 0.460784
1109 0.504342
1110 0.59601
1111 0.321357
1112 0.402842
1113 0.342173
1114 0.389494
1115 0.332096
1116 0.215898
1117 0.404147
1118 0.384327
1119 0.325442
1120 0.217024
1121 0.177957
1122 0.424062
1123 0.275913
1124 0.394477
1125 0.508521
1126 0.491573
1127 0.579899
1128 0.472439
1129 0.445466
1130 0.5385
1131 0.432737
1132 0.499366
1133 0.383973
1134 0.430903
1135 0.351592
1136 0.310427
1137 0.470988
1138 0.322666
1139 0.524249
1140 0.54833
1141 0.497178
1142 0.512037
1143 0.528358
1144 0.412394
1145 0.319321
1146 0.512302
1147 0.39542
1148 0.538042
1149 0.295894
1150 0.41204
1151 0.493023
1152 0.458803
1153 0.582662
1154 0.423816
1155 0.385302
1156 0.522128
1157 0.399968
1158 0.366848
1159 0.333797
1160 0.460309
1161 0.420817
1162 0.388225
1163 0.414368
1164 0.471606
1165 0.414786
1166 0.250885
1167 0.413762
1168 0.301219
1169 0.385465
1170 0.271424
1171 0.347797
1172 0.377282
1173 0.525911
1174 0.400948
1175 0.484469
1176 0.508367
1177 0.472614
1178 0.345621
1179 0.346705
1180 0.260445
1181 0.371039
1182 0.310565
1183 0.278597
1184 0.341241
1185 0.384371
1186 0.397837
1187 0.317839
1188 0.297896
1189 0.492806
1190 0.372041
1191 0.421242
1192 0.536819
1193 0.375953
1194 0.24261
1195 0.391879
1196 0.364019
1197 0.456267
1198 0.556678
1199 0.442675
1200 0.519834
1201 0.57302
1202 0.436102
1203 0.29535
1204 0.367481
1205 0.326008
1206 0.336461
1207 0.215592
1208 0.404875
1209 0.42678
1210 0.26744
1211 0.267103
1212 0.287272
1213 0.2282
1214 0.414801
1215 0.245176
1216 0.350513
1217 0.247883
1218 0.436879
1219 0.406934
1220 0.465392
1221 0.414509
1222 0.550588
1223 0.463985
1224 0.395734
1225 0.285127
1226 0.235112
1227 0.340451
1228 0.387721
1229 0.389077
1230 0.403878
1231 0.268102
1232 0.312334
1233 0.401428
1234 0.266458
1235 0.498635
1236 0.541463
1237 0.616709
1238 0.643272
1239 0.565994
1240 0.586129
1241 0.3812
1242 0.328751
1243 0.454688
1244 0.264051
1245 0.305204
1246 0.20779
1247 0.4485
1248 0.48508
1249 0.287506
1250 0.242325
1251 0.228346
1252 0.322595
1253 0.448942
1254 0.377785
1255 0.527762
1256 0.427607
1257 0.561263
1258 0.477349
1259 0.301696
1260 0.236458
1261 0.303981
1262 0.364726
1263 0.232557
1264 0.479557
1265 0.407291
1266 0.520777
1267 0.499576
1268 0.445496
1269 0.289892
1270 0.268228
1271 0.315587
1272 0.421344
1273 0.458788
1274 0.573345
1275 0.300716
1276 0.410916
1277 0.4851
1278 0.530451
1279 0.523271
1280 0.546466
1281 0.403113
1282 0.402683
1283 0.278388
1284 0.467007
1285 0.277805
1286 0.438383
1287 0.380821
1288 0.536931
1289 0.40636
1290 0.435279
1291 0.429306
1292 0.321876
1293 0.427232
1294 0.292619
1295 0.341434
1296 0.371619
1297 0.515656
1298 0.423772
1299 0.483061
1300 0.426349
1301 0.277684
1302 0.470305
1303 0.323167
1304 0.388891
1305 0.503002
1306 0.430555
1307 0.34529
1308 0.325274
1309 0.221583
1310 0.169475
1311 0.186937
1312 0.349056
1313 0.283321
1314 0.269181
1315 0.41629
1316 0.414959
1317 0.378178
1318 0.283217
1319 0.477835
1320 0.263852
1321 0.226469
1322 0.253049
1323 0.304321
1324 0.354326
1325 0.344685
1326 0.264084
1327 0.379903
1328 0.308996
1329 0.384337
1330 0.342911
1331 0.427375
1332 0.309981
1333 0.213211
1334 0.33616
1335 0.392321
1336 0.535096
1337 0.322008
1338 0.2263
1339 0.243872
1340 0.352465
1341 0.337375
1342 0.486117
1343 0.55073
1344 0.385604
1345 0.303473
1346 0.471048
1347 0.445441
1348 0.337167
1349 0.461282
1350 0.273386
1351 0.403166
1352 0.360287
1353 0.363097
1354 0.42455
1355 0.40641
1356 0.452707
1357 0.499891
1358 0.370166
1359 0.488044
1360 0.3539
1361 0.260149
1362 0.271463
1363 0.228789
1364 0.377296
1365 0.260271
1366 0.470813
1367 0.283494
1368 0.342273
1369 0.46075
1370 0.408989
1371 0.472083
1372 0.506514
1373 0.45552
1374 0.432749
1375 0.44585
1376 0.462312
1377 0.304934
1378 0.396823
1379 0.327271
1380 0.236611
1381 0.36693
1382 0.473648
1383 0.515123
1384 0.446006
1385 0.575291
1386 0.456937
1387 0.378244
1388 0.535368
1389 0.400908
1390 0.562032
1391 0.554095
1392 0.500316
1393 0.464944
1394 0.278949
1395 0.420259
1396 0.490414
1397 0.455063
1398 0.515609
1399 0.426726
1400 0.33876
1401 0.377441
1402 0.375687
1403 0.231689
1404 0.45764
1405 0.505092
1406 0.376211
1407 0.383933
1408 0.49583
1409 0.452144
1410 0.410428
1411 0.35384
1412 0.465197
1413 0.320637
1414 0.505697
1415 0.382619
1416 0.375476
1417 0.373004
1418 0.347605
1419 0.224562
1420 0.334861
1421 0.433108
1422 0.344104
1423 0.353944
1424 0.467725
1425 0.328318
1426 0.391708
1427 0.292155
1428 0.332868
1429 0.386021
1430 0.302091
1431 0.249985
1432 0.238936
1433 0.448656
1434 0.29039
1435 0.523998
1436 0.459622
1437 0.283586
1438 0.328132
1439 0.314015
1440 0.390303
1441 0.36523
1442 0.282654
1443 0.366315
1444 0.480536
1445 0.344655
1446 0.327262
1447 0.485359
1448 0.541159
1449 0.576877
1450 0.491407
1451 0.603058
1452 0.369754
1453 0.551112
1454 0.418922
1455 0.402676
1456 0.36256
1457 0.254965
1458 0.461877
1459 0.275546
1460 0.288018
1461 0.453777
1462 0.426474
1463 0.507139
1464 0.425474
1465 0.529725
1466 0.494992
1467 0.466034
1468 0.528327
1469 0.392547
1470 0.447037
1471 0.4536
1472 0.307747
1473 0.307949
1474 0.477445
1475 0.442803
1476 0.358474
1477 0.50743
1478 0.519312
1479 0.574682
1480 0.598083
1481 0.573229
1482 0.505575
1483 0.499841
1484 0.480302
1485 0.458779
1486 0.515723
1487 0.410853
1488 0.287681
1489 0.41587
1490 0.492854
1491 0.322177
1492 0.266004
1493 0.217757
1494 0.412139
1495 0.30613
1496 0.407895
1497 0.336697
1498 0.424113
1499 0.324475
1500 0.425781
1501 0.348529
1502 0.362417
1503 0.307237
1504 0.371084
1505 0.436708
1506 0.396373
1507 0.33148
1508 0.286764
1509 0.35068
1510 0.400098
1511 0.334999
1512 0.331362
1513 0.448465
1514 0.530276
1515 0.579926
1516 0.515553
1517 0.420607
1518 0.504712
1519 0.378571
1520 0.383963
1521 0.348256
1522 0.236787
1523 0.180832
1524 0.250977
1525 0.317728
1526 0.234356
1527 0.289094
1528 0.32851
1529 0.326088
1530 0.391546
1531 0.518101
1532 0.409917
1533 0.539042
1534 0.459934
1535 0.441922
1536 0.479342
1537 0.340331
1538 0.291235
1539 0.227989
1540 0.381444
1541 0.456434
1542 0.409519
1543 0.296311
1544 0.244056
1545 0.215938
1546 0.321104
1547 0.275807
1548 0.447972
1549 0.389323
1550 0.52494
1551 0.327673
1552 0.300694
1553 0.292234
1554 0.443407
1555 0.534474
1556 0.381519
1557 0.552189
1558 0.470061
1559 0.491155
1560 0.334722
1561 0.307162
1562 0.283896
1563 0.434865
1564 0.473054
1565 0.494396
1566 0.416672
1567 0.477171
1568 0.38799
1569 0.265656
1570 0.466417
1571 0.371769
1572 0.298829
1573 0.254887
1574 0.268043
1575 0.320628
1576 0.450567
1577 0.42691
1578 0.312995
1579 0.362414
1580 0.446972
1581 0.450383
1582 0.356354
1583 0.244709
1584 0.474808
1585 0.477732
1586 0.33573
1587 0.254799
1588 0.227391
1589 0.333901
1590 0.280724
1591 0.460124
1592 0.518117
1593 0.499413
1594 0.571833
1595 0.371808
1596 0.446567
1597 0.40666
1598 0.512035
1599 0.381445
1600 0.251857
1601 0.38183
1602 0.362136
1603 0.336097
1604 0.436583
1605 0.410431
1606 0.46832
1607 0.464288
1608 0.574716
1609 0.506815
1610 0.58524
1611 0.490929
1612 0.525509
1613 0.349661
1614 0.460681
1615 0.537557
1616 0.539036
1617 0.367727
1618 0.523799
1619 0.476044
1620 0.355971
1621 0.236631
1622 0.200264
1623 0.203673
1624 0.361041
1625 0.47877
1626 0.55857
1627 0.387434
1628 0.497804
1629 0.323263
1630 0.499371
1631 0.488713
1632 0.382344
1633 0.419226
1634 0.502811
1635 0.327231
1636 0.346796
1637 0.491323
1638 0.440698
1639 0.55343
1640 0.436616
1641 0.519846
1642 0.373747
1643 0.36984
1644 0.273073
1645 0.448416
1646 0.261223
1647 0.423752
1648 0.313034
1649 0.275958
1650 0.199451
1651 0.357014
1652 0.273079
1653 0.431869
1654 0.359859
1655 0.279784
1656 0.21985
1657 0.261685
1658 0.173667
1659 0.215388
1660 0.184996
1661 0.189453
1662 0.253604
1663 0.360098
1664 0.312562
1665 0.317363
1666 0.342279
1667 0.363944
1668 0.313941
1669 0.385941
1670 0.256452
1671 0.489333
1672 0.364784
1673 0.51021
1674 0.379088
1675 0.527438
1676 0.509581
1677 0.295583
1678 0.473621
1679 0.393468
1680 0.377206
1681 0.32904
1682 0.446752
1683 0.322591
1684 0.512355
1685 0.425881
1686 0.442407
1687 0.377891
1688 0.261437
1689 0.333186
1690 0.424181
1691 0.399305
1692 0.477709
1693 0.359976
1694 0.370877
1695 0.458541
1696 0.501645
1697 0.522663
1698 0.333911
1699 0.368936
1700 0.417676
1701 0.33318
1702 0.324164
1703 0.339098
1704 0.345963
1705 0.475663
1706 0.38299
1707 0.501215
1708 0.304568
1709 0.414435
1710 0.352399
1711 0.457202
1712 0.299301
1713 0.302693
1714 0.473783
1715 0.262624
1716 0.4587
1717 0.524217
1718 0.438047
1719 0.371841
1720 0.268301
1721 0.446521
1722 0.382133
1723 0.437217
1724 0.451323
1725 0.506669
1726 0.330711
1727 0.31029
1728 0.351606
1729 0.490927
1730 0.304452
1731 0.311704
1732 0.467857
1733 0.485346
1734 0.510216
1735 0.303623
1736 0.365259
1737 0.309611
1738 0.319813
1739 0.285789
1740 0.410712
1741 0.414806
1742 0.502285
1743 0.383638
1744 0.535278
1745 0.300568
1746 0.299716
1747 0.443623
1748 0.333561
1749 0.319731
1750 0.308195
1751 0.474233
1752 0.394108
1753 0.522407
1754 0.329316
1755 0.411141
1756 0.445244
1757 0.476771
1758 0.511539
1759 0.345928
1760 0.434388
1761 0.317126
1762 0.298858
1763 0.209132
1764 0.401899
1765 0.456642
1766 0.517746
1767 0.465805
1768 0.386295
1769 0.301626
1770 0.494564
1771 0.46149
1772 0.26413
1773 0.419471
1774 0.455917
1775 0.559454
1776 0.593869
1777 0.401926
1778 0.573144
1779 0.603421
1780 0.520745
1781 0.585252
1782 0.430734
1783 0.37559
1784 0.455894
1785 0.335707
1786 0.347125
1787 0.268379
1788 0.338656
1789 0.492785
1790 0.467331
1791 0.319875
1792 0.468621
1793 0.286531
1794 0.331118
1795 0.351919
1796 0.396944
1797 0.294507
1798 0.230408
1799 0.299328
1800 0.419116
1801 0.404316
1802 0.277744
1803 0.340782
1804 0.373605
1805 0.280065
1806 0.422367
1807 0.33992
1808 0.243116
1809 0.410533
1810 0.341091
1811 0.446934
1812 0.50776
1813 0.374825
1814 0.419934
1815 0.424351
1816 0.440217
1817 0.498636
1818 0.340351
1819 0.457628
1820 0.436854
1821 0.467114
1822 0.296686
1823 0.330159
1824 0.438999
1825 0.349571
1826 0.532383
1827 0.443689
1828 0.469709
1829 0.312129
1830 0.371474
1831 0.31621
1832 0.218286
1833 0.213181
1834 0.323303
1835 0.325625
1836 0.213149
1837 0.453645
1838 0.360042
1839 0.534063
1840 0.549553
1841 0.404029
1842 0.371672
1843 0.364973
1844 0.342678
1845 0.439339
1846 0.409043
1847 0.513796
1848 0.51802
1849 0.363705
1850 0.263414
1851 0.334043
1852 0.482133
1853 0.356273
1854 0.319413
1855 0.379478
1856 0.281584
1857 0.47808
1858 0.417421
1859 0.364957
1860 0.272444
1861 0.344021
1862 0.282789
1863 0.301424
1864 0.4347
1865 0.415417
1866 0.347442
1867 0.442497
1868 0.470861
1869 0.571676
1870 0.480902
1871 0.48847
1872 0.544742
1873 0.4023
1874 0.275064
1875 0.407314
1876 0.515002
1877 0.415302
1878 0.488968
1879 0.513701
1880 0.350634
1881 0.327013
1882 0.434414
1883 0.437542
1884 0.381117
1885 0.376992
1886 0.293218
1887 0.424974
1888 0.532474
1889 0.328734
1890 0.270088
1891 0.373883
1892 0.410112
1893 0.500599
1894 0.464614
1895 0.428442
1896 0.458803
1897 0.341888
1898 0.343974
1899 0.373334
1900 0.253635
1901 0.270425
1902 0.328314
1903 0.382921
1904 0.383099
1905 0.355984
1906 0.312461
1907 0.384133
1908 0.253919
1909 0.255804
1910 0.207861
1911 0.423058
1912 0.359423
1913 0.363207
1914 0.30692
1915 0.348694
1916 0.479226
1917 0.465571
1918 0.326288
1919 0.345951
1920 0.402589
1921 0.298656
1922 0.322384
1923 0.376402
1924 0.438048
1925 0.412336
1926 0.50796
1927 0.417851
1928 0.45528
1929 0.405977
1930 0.337741
1931 0.403978
1932 0.313703
1933 0.27051
1934 0.354562
1935 0.328613
1936 0.439219
1937 0.434222
1938 0.568806
1939 0.468695
1940 0.468077
1941 0.470221
1942 0.323968
1943 0.380312
1944 0.25051
1945 0.206514
1946 0.388631
1947 0.435469
1948 0.454633
1949 0.36336
1950 0.261147
1951 0.262069
1952 0.454647
1953 0.328665
1954 0.41381
1955 0.377308
1956 0.283541
1957 0.396098
1958 0.282131
1959 0.490374
1960 0.413878
1961 0.421426
1962 0.356525
1963 0.432557
1964 0.445525
1965 0.484195
1966 0.368694
1967 0.382943
1968 0.428951
1969 0.373822
1970 0.420666
1971 0.321385
1972 0.352621
1973 0.325906
1974 0.270086
1975 0.374311
1976 0.451458
1977 0.487703
1978 0.528749
1979 0.317528
1980 0.422187
1981 0.50965
1982 0.544956
1983 0.521829
1984 0.585544
1985 0.393095
1986 0.525106
1987 0.321899
1988 0.31131
1989 0.274137
1990 0.398578
1991 0.397942
1992 0.386159
1993 0.400361
1994 0.260797
1995 0.211853
1996 0.333429
1997 0.475436
1998 0.283185
1999 0.485817
2000 0.37405
2001 0.289629
2002 0.308691
2003 0.217663
2004 0.452308
2005 0.538878
2006 0.577843
2007 0.446646
2008 0.557639
2009 0.42905
2010 0.399101
2011 0.37556
2012 0.342596
2013 0.286363
2014 0.230716
2015 0.347981
2016 0.441027
2017 0.540718
2018 0.533147
2019 0.462824
2020 0.514862
2021 0.299738
2022 0.437551
2023 0.339912
2024 0.303781
2025 0.421356
2026 0.385325
2027 0.320612
2028 0.322637
2029 0.455898
2030 0.3241
2031 0.465699
2032 0.52979
2033 0.373189
2034 0.44552
2035 0.421633
2036 0.395485
2037 0.452479
2038 0.359298
2039 0.343172
2040 0.473917
2041 0.506729
2042 0.59442
2043 0.51098
2044 0.433592
2045 0.485114
2046 0.5519
2047 0.584851
2048 0.431241
2049 0.254342
2050 0.365423
2051 0.263221
2052 0.196594
2053 0.182575
2054 0.311106
2055 0.36943
2056 0.531616
2057 0.593076
2058 0.559883
2059 0.462161
2060 0.568019
2061 0.606023
2062 0.508471
2063 0.463456
2064 0.510613
2065 0.580906
2066 0.542754
2067 0.438434
2068 0.351275
2069 0.445919
2070 0.441873
2071 0.289033
2072 0.211958
2073 0.333513
2074 0.343111
2075 0.471282
2076 0.506725
2077 0.414146
2078 0.397646
2079 0.418804
2080 0.455236
2081 0.459333
2082 0.409406
2083 0.460277
2084 0.538085
2085 0.413856
2086 0.411765
2087 0.467648
2088 0.390512
2089 0.288055
2090 0.303534
2091 0.216597
2092 0.192404
2093 0.20456
2094 0.30367
2095 0.37844
2096 0.309597
2097 0.485556
2098 0.554885
2099 0
