0 0.881165
1 -5.24518
2 2.50328
3 -2.4258
4 -2.08298
5 -2.61538
6 -3.03204
7 -3.29784
8 -3.28941
9 -3.33618
10 -3.76582
11 -3.97252
12 -3.47121
13 -3.54928
14 -3.93927
15 -3.69832
16 -3.87985
17 -3.48418
18 -3.6802
19 -3.4818
20 -3.60465
21 -3.85635
22 -3.93517
23 -3.15034
24 -3.86547
25 -3.60818
26 -3.90743
27 -3.98899
28 -3.19784
29 -3.99532
30 -2.82806
31 -4.24042
32 -3.31979
33 -3.12677
34 -3.74252
35 -2.27521
36 -4.55589
37 -2.55085
38 -3.60013
39 -2.49673
40 -2.52479
41 -4.03668
42 -1.01007
43 -3.21313
44 -0.754564
45 -1.82016
46 -1.33258
47 -0.300115
48 -0.753615
49 0.221561
50 -0.418343
51 -0.0290033
52 0.110206
53 -0.0198375
54 0.22151
55 0.0974214
56 0.120131
57 0.17619
58 0.147231
59 0.1729
60 0.178183
61 0.148797
62 0.161642
63 0.136121
64 0.15539
65 0.153904
66 0.175908
67 0.156891
68 0.163349
69 0.168538
70 0.16421
71 0.162942
72 0.180933
73 0.200891
74 0.168736
75 0.15673
76 0.15917
77 0.180532
78 0.16409
79 0.14725
80 0.156108
81 0.161932
82 0.168145
83 0.169475
84 0.169538
85 0.183459
86 0.175153
87 0.182165
88 0.162078
89 0.155256
90 0.167974
91 0.170304
92 0.161374
93 0.14775
94 0.149768
95 0.164075
96 0.16985
97 0.156744
98 0.146142
99 0.157409
100 0.161484
101 0.150562
102 0.15659
103 0.176391
104 0.164532
105 0.157818
106 0.172125
107 0.189389
108 0.165104
109 0.161209
110 0.166053
111 0.170549
112 0.154832
113 0.160383
114 0.140543
115 0.167291
116 0.15317
117 0.174462
118 0.153542
119 0.175279
120 0.193912
121 0.184147
122 0.188391
123 0.16872
124 0.169842
125 0.167448
126 0.18616
127 0.176005
128 0.175608
129 0.178393
130 0.190794
131 0.179906
132 0.185175
133 0.176941
134 0.172083
135 0.167808
136 0.15586
137 0.175214
138 0.192818
139 0.170607
140 0.165255
141 0.197144
142 0.204194
143 0.165429
144 0.176788
145 0.175705
146 0.161195
147 0.176091
148 0.174892
149 0.162649
150 0.151597
151 0.188467
152 0.176698
153 0.184068
154 0.154401
155 0.169594
156 0.185296
157 0.184185
158 0.171546
159 0.191325
160 0.177962
161 0.154701
162 0.156055
163 0.172616
164 0.174398
165 0.184631
166 0.173158
167 0.173793
168 0.175897
169 0.180975
170 0.200458
171 0.19777
172 0.164955
173 0.170036
174 0.17758
175 0.167692
176 0.183761
177 0.161983
178 0.179898
179 0.177923
180 0.199984
181 0.161781
182 0.18124
183 0.199091
184 0.176866
185 0.169426
186 0.152679
187 0.1883
188 0.178668
189 0.177426
190 0.154853
191 0.193209
192 0.193071
193 0.198321
194 0.185115
195 0.191091
196 0.179356
197 0.168815
198 0.171204
199 0.147875
200 0.16521
201 0.158192
202 0.164271
203 0.17065
204 0.164127
205 0.188506
206 0.184486
207 0.162739
208 0.167036
209 0.192167
210 0.174627
211 0.15588
212 0.172253
213 0.178167
214 0.187807
215 0.160092
216 0.192733
217 0.172787
218 0.178662
219 0.17852
220 0.172054
221 0.167932
222 0.184452
223 0.165049
224 0.168286
225 0.18914
226 0.184261
227 0.167481
228 0.186169
229 0.160226
230 0.17882
231 0.193412
232 0.169825
233 0.158234
234 0.183825
235 0.194449
236 0.19134
237 0.200632
238 0.171063
239 0.189594
240 0.200082
241 0.191524
242 0.167665
243 0.162352
244 0.179202
245 0.168013
246 0.161314
247 0.171762
248 0.164267
249 0.16217
250 0.164045
251 0.181484
252 0.189517
253 0.159486
254 0.181782
255 0.166477
256 0.179501
257 0.161397
258 0.176826
259 0.164573
260 0.166653
261 0.186158
262 0.177019
263 0.164423
264 0.182279
265 0.190245
266 0.168174
267 0.173107
268 0.178767
269 0.16671
270 0.164568
271 0.189535
272 0.181086
273 0.16675
274 0.191607
275 0.185643
276 0.187296
277 0.165082
278 0.158473
279 0.204257
280 0.173426
281 0.183804
282 0.16822
283 0.172447
284 0.167103
285 0.170674
286 0.19564
287 0.16584
288 0.192539
289 0.169853
290 0.181324
291 0.199228
292 0.201558
293 0.209845
294 0.180912
295 0.204396
296 0.189891
297 0.192586
298 0.167451
299 0.185046
300 0.19329
301 0.189523
302 0.174896
303 0.176933
304 0.182597
305 0.156716
306 0.176445
307 0.191989
308 0.179893
309 0.16822
310 0.199417
311 0.205477
312 0.183874
313 0.165916
314 0.169442
315 0.183657
316 0.175876
317 0.163775
318 0.169757
319 0.163767
320 0.179632
321 0.180111
322 0.193839
323 0.17572
324 0.172697
325 0.180762
326 0.181312
327 0.189976
328 0.178368
329 0.179093
330 0.172889
331 0.186849
332 0.182635
333 0.178066
334 0.164219
335 0.180176
336 0.163234
337 0.177046
338 0.1728
339 0.168613
340 0.145923
341 0.16634
342 0.177821
343 0.179966
344 0.173319
345 0.161393
346 0.159883
347 0.171382
348 0.186568
349 0.166338
350 0.163267
351 0.155845
352 0.19284
353 0.181308
354 0.168896
355 0.178067
356 0.160794
357 0.184427
358 0.174839
359 0.199801
360 0.158333
361 0.17569
362 0.191199
363 0.182193
364 0.171145
365 0.174576
366 0.173751
367 0.177623
368 0.157554
369 0.174806
370 0.164826
371 0.163573
372 0.167978
373 0.164235
374 0.17482
375 0.151832
376 0.173487
377 0.161441
378 0.159041
379 0.167801
380 0.186806
381 0.187748
382 0.189566
383 0.189907
384 0.173132
385 0.17315
386 0.184665
387 0.156711
388 0.154397
389 0.175608
390 0.189228
391 0.174015
392 0.158797
393 0.155646
394 0.183318
395 0.183793
396 0.170279
397 0.15349
398 0.164922
399 0.165601
400 0.174756
401 0.165884
402 0.179396
403 0.183758
404 0.169764
405 0.171218
406 0.192343
407 0.174425
408 0.174983
409 0.185297
410 0.202911
411 0.168427
412 0.187212
413 0.205256
414 0.200702
415 0.193176
416 0.200117
417 0.186805
418 0.211546
419 0.198546
420 0.208413
421 0.166539
422 0.167056
423 0.193096
424 0.169309
425 0.163088
426 0.147246
427 0.161369
428 0.173419
429 0.159235
430 0.179783
431 0.152833
432 0.173523
433 0.179994
434 0.213051
435 0.179257
436 0.154815
437 0.174246
438 0.198965
439 0.185921
440 0.166073
441 0.199084
442 0.201728
443 0.184958
444 0.191453
445 0.198013
446 0.183272
447 0.177297
448 0.176543
449 0.184804
450 0.162379
451 0.165376
452 0.170732
453 0.187045
454 0.157349
455 0.15084
456 0.173225
457 0.175115
458 0.155563
459 0.161767
460 0.167371
461 0.175973
462 0.164498
463 0.185946
464 0.2113
465 0.19419
466 0.180437
467 0.203248
468 0.191364
469 0.180771
470 0.20766
471 0.186937
472 0.188358
473 0.179631
474 0.195482
475 0.186271
476 0.208365
477 0.182852
478 0.19767
479 0.216854
480 0.187952
481 0.197403
482 0.206124
483 0.206425
484 0.174049
485 0.162983
486 0.197212
487 0.203912
488 0.204696
489 0.162602
490 0.162678
491 0.197048
492 0.191379
493 0.15292
494 0.165231
495 0.168144
496 0.171186
497 0.167391
498 0.168526
499 0.149843
500 0.167476
501 0.171203
502 0.171815
503 0.17413
504 0.145668
505 0.188287
506 0.191894
507 0.198141
508 0.165557
509 0.178515
510 0.172529
511 0.180588
512 0.172039
513 0.16569
514 0.170632
515 0.172297
516 0.205172
517 0.19118
518 0.200641
519 0.186414
520 0.207721
521 0.179775
522 0.17294
523 0.172934
524 0.198275
525 0.172093
526 0.171707
527 0.185352
528 0.185337
529 0.171646
530 0.172389
531 0.19127
532 0.196873
533 0.200213
534 0.205793
535 0.183337
536 0.180412
537 0.201759
538 0.198151
539 0.182679
540 0.179947
541 0.179241
542 0.186168
543 0.163179
544 0.19439
545 0.206507
546 0.180052
547 0.156722
548 0.174334
549 0.190877
550 0.178439
551 0.169176
552 0.166441
553 0.17516
554 0.18856
555 0.189355
556 0.17979
557 0.165724
558 0.178937
559 0.206515
560 0.188383
561 0.173623
562 0.165527
563 0.193582
564 0.194939
565 0.176517
566 0.152121
567 0.17691
568 0.172806
569 0.175772
570 0.172869
571 0.185715
572 0.165626
573 0.156527
574 0.175952
575 0.157979
576 0.165519
577 0.17519
578 0.177412
579 0.154908
580 0.170838
581 0.187338
582 0.178916
583 0.163414
584 0.175913
585 0.192194
586 0.185822
587 0.198249
588 0.194987
589 0.180931
590 0.212329
591 0.192332
592 0.205038
593 0.165443
594 0.198232
595 0.175073
596 0.166975
597 0.166338
598 0.187218
599 0.179632
600 0.173588
601 0.17758
602 0.17323
603 0.197334
604 0.174053
605 0.184587
606 0.174744
607 0.187874
608 0.155679
609 0.189104
610 0.170033
611 0.158189
612 0.163211
613 0.16766
614 0.166959
615 0.157163
616 0.174833
617 0.152681
618 0.15358
619 0.164249
620 0.159659
621 0.154552
622 0.150327
623 0.165433
624 0.16144
625 0.164028
626 0.155632
627 0.182856
628 0.173464
629 0.170781
630 0.159175
631 0.197606
632 0.181708
633 0.164133
634 0.167629
635 0.180146
636 0.177007
637 0.157826
638 0.187661
639 0.180959
640 0.167544
641 0.163518
642 0.177315
643 0.17369
644 0.197171
645 0.17719
646 0.177025
647 0.191214
648 0.203904
649 0.170148
650 0.178714
651 0.170227
652 0.194373
653 0.181643
654 0.186344
655 0.173294
656 0.173535
657 0.177722
658 0.200477
659 0.182563
660 0.159475
661 0.16214
662 0.175902
663 0.15526
664 0.16467
665 0.149893
666 0.171525
667 0.162941
668 0.172301
669 0.168585
670 0.184206
671 0.160254
672 0.162847
673 0.167769
674 0.178143
675 0.162357
676 0.154268
677 0.153004
678 0.182779
679 0.160024
680 0.160603
681 0.186475
682 0.198231
683 0.17801
684 0.16799
685 0.174872
686 0.17167
687 0.195359
688 0.172466
689 0.157931
690 0.156405
691 0.154229
692 0.156413
693 0.174664
694 0.160875
695 0.156109
696 0.149619
697 0.169688
698 0.176778
699 0.170903
700 0.159003
701 0.171513
702 0.184474
703 0.17936
704 0.176371
705 0.173977
706 0.175864
707 0.200034
708 0.195152
709 0.175942
710 0.16438
711 0.170229
712 0.19338
713 0.163395
714 0.158379
715 0.151706
716 0.181081
717 0.180632
718 0.192498
719 0.173875
720 0.193419
721 0.196558
722 0.183213
723 0.171798
724 0.178404
725 0.186049
726 0.179845
727 0.174865
728 0.162272
729 0.198678
730 0.192541
731 0.155652
732 0.166962
733 0.170596
734 0.180445
735 0.164818
736 0.181383
737 0.158746
738 0.184838
739 0.178858
740 0.199619
741 0.183292
742 0.155102
743 0.185038
744 0.165481
745 0.167363
746 0.166071
747 0.168772
748 0.137865
749 0.156587
750 0.176988
751 0.154314
752 0.151842
753 0.166317
754 0.168966
755 0.158503
756 0.15991
757 0.157161
758 0.15592
759 0.182204
760 0.181964
761 0.16089
762 0.177764
763 0.189349
764 0.192357
765 0.171816
766 0.175517
767 0.172694
768 0.160451
769 0.162672
770 0.179122
771 0.180717
772 0.166485
773 0.161218
774 0.175866
775 0.159021
776 0.177421
777 0.171309
778 0.152363
779 0.14823
780 0.165447
781 0.160054
782 0.157932
783 0.158886
784 0.166953
785 0.168617
786 0.176012
787 0.163131
788 0.179834
789 0.175326
790 0.15881
791 0.162301
792 0.174709
793 0.183799
794 0.174167
795 0.169905
796 0.18685
797 0.174462
798 0.180099
799 0.167445
800 0.162573
801 0.153472
802 0.171749
803 0.162507
804 0.157201
805 0.149397
806 0.166147
807 0.159963
808 0.160341
809 0.15901
810 0.16334
811 0.151427
812 0.173424
813 0.174578
814 0.166453
815 0.154934
816 0.174844
817 0.174714
818 0.167479
819 0.185358
820 0.174952
821 0.175874
822 0.177856
823 0.187662
824 0.173487
825 0.158437
826 0.153892
827 0.147521
828 0.156295
829 0.168906
830 0.160013
831 0.162488
832 0.15252
833 0.165125
834 0.181222
835 0.175886
836 0.161643
837 0.158495
838 0.17228
839 0.175482
840 0.165608
841 0.157595
842 0.159861
843 0.175351
844 0.162563
845 0.177082
846 0.181735
847 0.168269
848 0.163892
849 0.177791
850 0.182243
851 0.161074
852 0.157381
853 0.149368
854 0.169882
855 0.170883
856 0.16275
857 0.158432
858 0.169819
859 0.186206
860 0.17525
861 0.180484
862 0.164858
863 0.19108
864 0.164232
865 0.15353
866 0.1718
867 0.184159
868 0.182652
869 0.174297
870 0.173226
871 0.177484
872 0.202581
873 0.182895
874 0.176226
875 0.165452
876 0.171979
877 0.174618
878 0.167059
879 0.162419
880 0.161126
881 0.187
882 0.187264
883 0.165106
884 0.170777
885 0.180284
886 0.181826
887 0.169254
888 0.155896
889 0.170814
890 0.17793
891 0.163502
892 0.163414
893 0.187763
894 0.175055
895 0.17749
896 0.179219
897 0.18375
898 0.160772
899 0.176341
900 0.169939
901 0.182734
902 0.147765
903 0.166662
904 0.156353
905 0.184222
906 0.169468
907 0.175398
908 0.17522
909 0.192028
910 0.207187
911 0.182793
912 0.208193
913 0.210004
914 0.172976
915 0.193818
916 0.180493
917 0.194715
918 0.174386
919 0.184059
920 0.181397
921 0.17528
922 0.169049
923 0.152863
924 0.171199
925 0.160469
926 0.158126
927 0.159977
928 0.164343
929 0.185112
930 0.162085
931 0.175986
932 0.156589
933 0.17694
934 0.179319
935 0.178937
936 0.166922
937 0.152791
938 0.163843
939 0.173916
940 0.162798
941 0.163267
942 0.161272
943 0.174021
944 0.151772
945 0.154915
946 0.167275
947 0.167771
948 0.147042
949 0.15376
950 0.167876
951 0.171869
952 0.153288
953 0.151752
954 0.19761
955 0.16575
956 0.169862
957 0.165763
958 0.16905
959 0.155214
960 0.176631
961 0.165055
962 0.161032
963 0.180653
964 0.173322
965 0.172995
966 0.177852
967 0.191604
968 0.187519
969 0.176156
970 0.164167
971 0.192893
972 0.220899
973 0.178823
974 0.160375
975 0.166703
976 0.19399
977 0.182846
978 0.162344
979 0.16498
980 0.167737
981 0.182819
982 0.182327
983 0.186073
984 0.174749
985 0.178641
986 0.182756
987 0.179878
988 0.173651
989 0.167886
990 0.17132
991 0.177886
992 0.168174
993 0.165328
994 0.151436
995 0.179997
996 0.173095
997 0.16339
998 0.15834
999 0.162314
1000 0.18531
1001 0.193823
1002 0.176466
1003 0.170435
1004 0.168149
1005 0.201229
1006 0.176685
1007 0.192028
1008 0.16627
1009 0.188708
1010 0.158928
1011 0.179214
1012 0.153487
1013 0.178972
1014 0.172383
1015 0.169648
1016 0.167186
1017 0.179791
1018 0.182046
1019 0.178443
1020 0.180906
1021 0.163222
1022 0.180973
1023 0.157328
1024 0.163722
1025 0.156654
1026 0.17728
1027 0.158296
1028 0.165595
1029 0.15469
1030 0.16629
1031 0.149738
1032 0.172048
1033 0.164458
1034 0.164047
1035 0.146301
1036 0.150147
1037 0.187065
1038 0.174644
1039 0.176803
1040 0.15631
1041 0.178707
1042 0.176275
1043 0.17278
1044 0.178881
1045 0.185337
1046 0.169877
1047 0.15435
1048 0.191255
1049 0.188158
1050 0.175752
1051 0.155307
1052 0.176095
1053 0.17383
1054 0.202121
1055 0.191352
1056 0.185626
1057 0.171975
1058 0.198571
1059 0.17643
1060 0.184847
1061 0.172255
1062 0.183259
1063 0.17517
1064 0.173465
1065 0.169247
1066 0.172716
1067 0.172847
1068 0.164693
1069 0.176554
1070 0.178197
1071 0.167001
1072 0.175403
1073 0.171028
1074 0.182752
1075 0.174112
1076 0.180912
1077 0.162795
1078 0.183652
1079 0.172602
1080 0.172006
1081 0.165361
1082 0.192588
1083 0.187583
1084 0.177443
1085 0.177809
1086 0.199642
1087 0.184037
1088 0.163572
1089 0.1792
1090 0.191871
1091 0.188148
1092 0.166205
1093 0.159829
1094 0.188257
1095 0.170145
1096 0.175817
1097 0.158882
1098 0.193275
1099 0.169796
1100 0.174213
1101 0.168024
1102 0.174359
1103 0.189956
1104 0.194338
1105 0.166217
1106 0.161835
1107 0.192512
1108 0.188013
1109 0.184085
1110 0.191559
1111 0.165517
1112 0.173767
1113 0.175549
1114 0.19828
1115 0.164327
1116 0.154421
1117 0.172435
1118 0.180171
1119 0.171988
1120 0.14672
1121 0.160046
1122 0.183882
1123 0.16451
1124 0.156863
1125 0.158239
1126 0.19275
1127 0.180573
1128 0.181637
1129 0.189652
1130 0.200175
1131 0.190825
1132 0.19756
1133 0.174508
1134 0.189784
1135 0.169925
1136 0.175361
1137 0.177001
1138 0.169718
1139 0.181417
1140 0.182019
1141 0.194624
1142 0.176865
1143 0.201927
1144 0.188614
1145 0.167669
1146 0.20828
1147 0.194054
1148 0.193354
1149 0.15762
1150 0.188077
1151 0.18715
1152 0.195109
1153 0.184519
1154 0.175485
1155 0.18927
1156 0.207897
1157 0.194912
1158 0.162294
1159 0.161863
1160 0.194813
1161 0.18914
1162 0.167164
1163 0.174713
1164 0.191828
1165 0.174496
1166 0.147952
1167 0.175987
1168 0.171907
1169 0.178139
1170 0.150035
1171 0.174844
1172 0.170251
1173 0.191317
1174 0.163728
1175 0.174842
1176 0.187322
1177 0.200574
1178 0.174109
1179 0.180954
1180 0.16309
1181 0.179981
1182 0.16331
1183 0.159272
1184 0.159841
1185 0.180269
1186 0.165121
1187 0.151937
1188 0.170909
1189 0.189688
1190 0.18121
1191 0.166522
1192 0.17647
1193 0.185612
1194 0.153779
1195 0.178571
1196 0.194781
1197 0.182616
1198 0.170902
1199 0.173152
1200 0.185807
1201 0.204674
1202 0.185019
1203 0.162228
1204 0.182483
1205 0.184298
1206 0.171418
1207 0.140981
1208 0.168851
1209 0.179166
1210 0.165034
1211 0.148794
1212 0.173124
1213 0.159648
1214 0.159767
1215 0.148477
1216 0.161871
1217 0.158387
1218 0.187917
1219 0.163038
1220 0.175784
1221 0.162796
1222 0.194583
1223 0.185208
1224 0.178263
1225 0.161869
1226 0.162555
1227 0.171288
1228 0.178211
1229 0.163542
1230 0.163511
1231 0.162858
1232 0.162053
1233 0.175718
1234 0.156555
1235 0.161751
1236 0.180199
1237 0.199622
1238 0.196386
1239 0.205626
1240 0.208403
1241 0.189477
1242 0.181397
1243 0.207056
1244 0.170558
1245 0.167042
1246 0.145116
1247 0.18683
1248 0.172595
1249 0.16807
1250 0.145885
1251 0.172812
1252 0.176173
1253 0.170315
1254 0.15628
1255 0.168884
1256 0.171765
1257 0.203394
1258 0.176337
1259 0.177155
1260 0.167334
1261 0.180593
1262 0.188289
1263 0.151248
1264 0.162939
1265 0.164739
1266 0.183067
1267 0.169837
1268 0.185006
1269 0.166037
1270 0.177571
1271 0.176633
1272 0.190289
1273 0.170736
1274 0.174325
1275 0.153488
1276 0.169816
1277 0.194329
1278 0.206563
1279 0.182313
1280 0.187541
1281 0.188903
1282 0.185688
1283 0.168541
1284 0.198162
1285 0.159946
1286 0.184658
1287 0.163754
1288 0.205098
1289 0.162112
1290 0.179977
1291 0.174735
1292 0.183214
1293 0.179684
1294 0.167244
1295 0.165404
1296 0.174647
1297 0.189467
1298 0.168079
1299 0.177553
1300 0.178563
1301 0.174669
1302 0.182831
1303 0.178841
1304 0.168378
1305 0.171104
1306 0.182179
1307 0.160868
1308 0.166538
1309 0.168651
1310 0.153732
1311 0.156754
1312 0.171345
1313 0.14743
1314 0.152467
1315 0.155553
1316 0.181336
1317 0.164098
1318 0.15697
1319 0.198413
1320 0.171969
1321 0.157481
1322 0.167208
1323 0.177171
1324 0.158792
1325 0.152967
1326 0.144553
1327 0.163069
1328 0.170051
1329 0.170596
1330 0.15833
1331 0.174694
1332 0.162552
1333 0.160779
1334 0.163303
1335 0.181632
1336 0.174848
1337 0.165852
1338 0.159182
1339 0.156843
1340 0.197391
1341 0.165497
1342 0.158374
1343 0.158373
1344 0.178779
1345 0.173311
1346 0.19605
1347 0.200847
1348 0.169608
1349 0.168685
1350 0.166048
1351 0.180667
1352 0.167288
1353 0.177024
1354 0.167685
1355 0.172249
1356 0.178501
1357 0.184247
1358 0.175319
1359 0.183582
1360 0.179264
1361 0.162575
1362 0.157392
1363 0.173094
1364 0.164636
1365 0.148506
1366 0.171525
1367 0.153946
1368 0.174358
1369 0.169535
1370 0.184395
1371 0.170242
1372 0.177403
1373 0.193043
1374 0.18589
1375 0.187666
1376 0.187502
1377 0.158985
1378 0.176679
1379 0.170842
1380 0.167464
1381 0.163421
1382 0.191257
1383 0.181588
1384 0.166139
1385 0.189509
1386 0.198965
1387 0.18476
1388 0.191582
1389 0.182846
1390 0.192918
1391 0.194953
1392 0.194016
1393 0.177843
1394 0.169308
1395 0.190057
1396 0.19954
1397 0.186675
1398 0.175797
1399 0.17799
1400 0.180668
1401 0.176785
1402 0.193119
1403 0.153338
1404 0.170508
1405 0.177901
1406 0.173025
1407 0.168379
1408 0.200786
1409 0.197912
1410 0.170314
1411 0.160891
1412 0.185705
1413 0.168099
1414 0.191231
1415 0.179348
1416 0.185117
1417 0.168532
1418 0.185699
1419 0.148133
1420 0.167519
1421 0.171752
1422 0.167365
1423 0.156803
1424 0.178583
1425 0.170024
1426 0.174576
1427 0.163416
1428 0.17004
1429 0.172708
1430 0.172882
1431 0.15277
1432 0.154067
1433 0.188043
1434 0.15655
1435 0.171862
1436 0.172876
1437 0.185348
1438 0.162822
1439 0.170523
1440 0.183679
1441 0.161051
1442 0.159631
1443 0.171423
1444 0.1826
1445 0.174793
1446 0.158382
1447 0.185198
1448 0.198924
1449 0.189685
1450 0.173621
1451 0.208641
1452 0.185673
1453 0.206952
1454 0.184101
1455 0.172278
1456 0.171802
1457 0.16685
1458 0.187048
1459 0.168758
1460 0.14686
1461 0.163808
1462 0.183865
1463 0.182345
1464 0.168415
1465 0.197673
1466 0.182344
1467 0.190561
1468 0.190854
1469 0.191506
1470 0.182009
1471 0.183162
1472 0.173657
1473 0.165189
1474 0.20091
1475 0.196039
1476 0.166691
1477 0.163858
1478 0.196916
1479 0.200464
1480 0.186961
1481 0.198641
1482 0.195745
1483 0.199873
1484 0.194411
1485 0.200932
1486 0.198239
1487 0.186112
1488 0.164391
1489 0.181438
1490 0.200285
1491 0.179747
1492 0.151434
1493 0.155146
1494 0.188337
1495 0.160186
1496 0.157062
1497 0.163447
1498 0.192112
1499 0.161005
1500 0.173446
1501 0.163453
1502 0.178181
1503 0.154185
1504 0.166194
1505 0.178035
1506 0.177788
1507 0.158681
1508 0.161581
1509 0.166582
1510 0.174401
1511 0.165104
1512 0.160524
1513 0.182199
1514 0.201276
1515 0.190688
1516 0.18203
1517 0.183105
1518 0.202414
1519 0.192311
1520 0.181447
1521 0.16765
1522 0.16722
1523 0.148212
1524 0.16844
1525 0.170363
1526 0.149217
1527 0.146997
1528 0.156644
1529 0.16672
1530 0.165859
1531 0.181634
1532 0.177186
1533 0.177479
1534 0.180005
1535 0.191584
1536 0.186193
1537 0.180409
1538 0.175015
1539 0.167008
1540 0.186308
1541 0.176347
1542 0.171439
1543 0.154071
1544 0.154927
1545 0.169324
1546 0.173254
1547 0.15811
1548 0.164372
1549 0.147801
1550 0.177629
1551 0.168137
1552 0.177178
1553 0.165274
1554 0.198291
1555 0.182527
1556 0.170569
1557 0.177597
1558 0.195924
1559 0.202556
1560 0.166136
1561 0.170754
1562 0.174956
1563 0.191418
1564 0.172307
1565 0.177335
1566 0.158962
1567 0.186647
1568 0.18342
1569 0.160051
1570 0.192301
1571 0.18875
1572 0.159313
1573 0.145488
1574 0.172441
1575 0.170227
1576 0.16343
1577 0.162517
1578 0.169089
1579 0.171315
1580 0.190655
1581 0.184507
1582 0.164107
1583 0.162416
1584 0.197377
1585 0.193957
1586 0.172817
1587 0.148455
1588 0.166026
1589 0.182132
1590 0.156118
1591 0.152626
1592 0.161819
1593 0.192567
1594 0.172805
1595 0.179734
1596 0.188723
1597 0.187652
1598 0.206247
1599 0.177742
1600 0.163437
1601 0.184124
1602 0.193392
1603 0.161657
1604 0.166088
1605 0.181229
1606 0.183206
1607 0.185268
1608 0.194773
1609 0.193764
1610 0.19656
1611 0.182924
1612 0.19645
1613 0.163364
1614 0.184551
1615 0.198582
1616 0.196574
1617 0.172916
1618 0.199909
1619 0.20856
1620 0.185344
1621 0.152959
1622 0.153184
1623 0.166557
1624 0.176703
1625 0.170279
1626 0.179716
1627 0.146928
1628 0.174967
1629 0.174784
1630 0.205092
1631 0.19702
1632 0.172166
1633 0.16285
1634 0.196762
1635 0.175167
1636 0.174463
1637 0.181022
1638 0.182757
1639 0.17646
1640 0.179325
1641 0.189823
1642 0.181128
1643 0.187267
1644 0.161223
1645 0.190107
1646 0.14293
1647 0.176108
1648 0.151766
1649 0.181662
1650 0.140974
1651 0.174613
1652 0.165432
1653 0.169863
1654 0.150256
1655 0.159905
1656 0.142948
1657 0.17335
1658 0.158025
1659 0.151833
1660 0.149911
1661 0.140406
1662 0.164919
1663 0.15948
1664 0.159902
1665 0.153846
1666 0.152095
1667 0.177619
1668 0.157159
1669 0.157959
1670 0.156359
1671 0.183734
1672 0.162306
1673 0.184535
1674 0.165788
1675 0.186487
1676 0.188164
1677 0.179274
1678 0.186814
1679 0.187357
1680 0.178984
1681 0.159035
1682 0.187434
1683 0.168522
1684 0.193462
1685 0.179125
1686 0.186821
1687 0.172876
1688 0.169023
1689 0.176622
1690 0.18443
1691 0.169295
1692 0.164488
1693 0.170201
1694 0.179167
1695 0.187184
1696 0.193547
1697 0.183317
1698 0.168966
1699 0.17834
1700 0.193125
1701 0.183524
1702 0.170757
1703 0.164464
1704 0.174033
1705 0.171406
1706 0.163537
1707 0.175471
1708 0.161835
1709 0.183074
1710 0.165274
1711 0.188609
1712 0.158145
1713 0.167594
1714 0.186617
1715 0.165336
1716 0.172079
1717 0.178422
1718 0.193299
1719 0.175563
1720 0.173336
1721 0.198288
1722 0.184649
1723 0.17907
1724 0.16304
1725 0.187637
1726 0.168758
1727 0.170869
1728 0.178473
1729 0.198336
1730 0.166994
1731 0.167977
1732 0.18924
1733 0.193507
1734 0.167876
1735 0.158347
1736 0.179942
1737 0.175739
1738 0.178491
1739 0.15072
1740 0.172594
1741 0.169735
1742 0.179035
1743 0.173081
1744 0.191685
1745 0.165487
1746 0.1737
1747 0.174632
1748 0.19023
1749 0.164527
1750 0.14881
1751 0.182838
1752 0.163783
1753 0.170012
1754 0.159534
1755 0.188548
1756 0.189292
1757 0.194532
1758 0.181805
1759 0.162517
1760 0.171067
1761 0.177028
1762 0.177562
1763 0.145838
1764 0.173593
1765 0.180601
1766 0.176578
1767 0.165696
1768 0.175794
1769 0.178872
1770 0.207709
1771 0.189305
1772 0.150162
1773 0.173012
1774 0.195313
1775 0.1936
1776 0.178995
1777 0.181089
1778 0.18966
1779 0.220694
1780 0.206946
1781 0.192987
1782 0.188224
1783 0.190071
1784 0.189838
1785 0.183667
1786 0.165796
1787 0.161002
1788 0.173765
1789 0.187363
1790 0.173874
1791 0.153739
1792 0.186588
1793 0.18184
1794 0.183888
1795 0.164396
1796 0.180209
1797 0.161615
1798 0.151516
1799 0.166716
1800 0.185471
1801 0.170128
1802 0.153175
1803 0.160428
1804 0.177067
1805 0.16378
1806 0.166744
1807 0.167749
1808 0.165469
1809 0.167531
1810 0.168093
1811 0.169581
1812 0.171228
1813 0.171983
1814 0.172898
1815 0.181639
1816 0.194253
1817 0.179857
1818 0.169607
1819 0.18109
1820 0.184113
1821 0.190709
1822 0.156496
1823 0.175008
1824 0.192965
1825 0.172138
1826 0.174649
1827 0.178239
1828 0.183192
1829 0.158765
1830 0.184348
1831 0.170552
1832 0.167298
1833 0.141889
1834 0.169589
1835 0.167962
1836 0.133955
1837 0.15541
1838 0.164656
1839 0.182504
1840 0.172278
1841 0.18379
1842 0.177155
1843 0.185737
1844 0.181038
1845 0.175179
1846 0.170714
1847 0.187708
1848 0.179367
1849 0.18424
1850 0.160928
1851 0.191031
1852 0.205091
1853 0.177285
1854 0.153698
1855 0.172944
1856 0.172429
1857 0.175987
1858 0.164169
1859 0.173535
1860 0.158883
1861 0.180136
1862 0.172138
1863 0.159791
1864 0.176803
1865 0.172002
1866 0.153398
1867 0.179058
1868 0.189942
1869 0.19266
1870 0.173547
1871 0.188758
1872 0.203713
1873 0.200704
1874 0.170651
1875 0.189309
1876 0.205187
1877 0.177159
1878 0.169963
1879 0.188434
1880 0.175529
1881 0.167028
1882 0.196929
1883 0.193577
1884 0.171574
1885 0.164001
1886 0.162137
1887 0.178831
1888 0.181931
1889 0.16305
1890 0.148764
1891 0.168331
1892 0.200039
1893 0.170746
1894 0.170102
1895 0.179408
1896 0.177107
1897 0.183859
1898 0.172941
1899 0.176658
1900 0.167437
1901 0.164068
1902 0.162161
1903 0.174235
1904 0.167562
1905 0.166435
1906 0.163619
1907 0.184129
1908 0.164924
1909 0.161241
1910 0.148697
1911 0.178995
1912 0.156728
1913 0.16034
1914 0.15924
1915 0.170262
1916 0.187883
1917 0.17821
1918 0.166784
1919 0.170813
1920 0.17638
1921 0.178165
1922 0.155529
1923 0.157986
1924 0.180551
1925 0.171139
1926 0.176282
1927 0.172771
1928 0.184814
1929 0.172953
1930 0.179465
1931 0.174528
1932 0.174319
1933 0.168718
1934 0.157363
1935 0.177297
1936 0.165306
1937 0.166739
1938 0.193315
1939 0.181125
1940 0.189681
1941 0.181403
1942 0.175247
1943 0.175923
1944 0.161899
1945 0.16483
1946 0.162494
1947 0.182207
1948 0.16263
1949 0.151324
1950 0.170355
1951 0.169024
1952 0.183427
1953 0.165731
1954 0.164487
1955 0.156794
1956 0.166041
1957 0.17659
1958 0.162907
1959 0.177059
1960 0.165094
1961 0.180859
1962 0.162076
1963 0.198192
1964 0.176181
1965 0.188577
1966 0.165257
1967 0.179439
1968 0.186639
1969 0.172804
1970 0.172874
1971 0.173628
1972 0.174444
1973 0.166409
1974 0.160514
1975 0.159619
1976 0.183668
1977 0.181926
1978 0.169658
1979 0.162924
1980 0.187661
1981 0.199302
1982 0.202594
1983 0.176414
1984 0.200271
1985 0.166175
1986 0.194885
1987 0.178552
1988 0.176719
1989 0.15726
1990 0.183964
1991 0.160429
1992 0.167734
1993 0.169
1994 0.158388
1995 0.162434
1996 0.163765
1997 0.186713
1998 0.155499
1999 0.162205
2000 0.17478
2001 0.181822
2002 0.15264
2003 0.167678
2004 0.172322
2005 0.180437
2006 0.184223
2007 0.171191
2008 0.199371
2009 0.197494
2010 0.191435
2011 0.177447
2012 0.18258
2013 0.167676
2014 0.159252
2015 0.170874
2016 0.180798
2017 0.177424
2018 0.166016
2019 0.184197
2020 0.19698
2021 0.175955
2022 0.195727
2023 0.173547
2024 0.173647
2025 0.16103
2026 0.181733
2027 0.167485
2028 0.1575
2029 0.191369
2030 0.165581
2031 0.176488
2032 0.185044
2033 0.185705
2034 0.169842
2035 0.182925
2036 0.182738
2037 0.178973
2038 0.170803
2039 0.171118
2040 0.183521
2041 0.193396
2042 0.19004
2043 0.180981
2044 0.184421
2045 0.207183
2046 0.204443
2047 0.188162
2048 0.189387
2049 0.148214
2050 0.190301
2051 0.177136
2052 0.144785
2053 0.138056
2054 0.165338
2055 0.166541
2056 0.162029
2057 0.172265
2058 0.189586
2059 0.189558
2060 0.204135
2061 0.220778
2062 0.197025
2063 0.187224
2064 0.204997
2065 0.221378
2066 0.195897
2067 0.183216
2068 0.176068
2069 0.205267
2070 0.190672
2071 0.167653
2072 0.135431
2073 0.172633
2074 0.168765
2075 0.181083
2076 0.165835
2077 0.168541
2078 0.168937
2079 0.180312
2080 0.199722
2081 0.178609
2082 0.177908
2083 0.179611
2084 0.197074
2085 0.17001
2086 0.171151
2087 0.187777
2088 0.192278
2089 0.159186
2090 0.168825
2091 0.163176
2092 0.15225
2093 0.153225
2094 0.171415
2095 0.158583
2096 0.160576
2097 0.148025
2098 0.177671
2099 0
