0 0.0989569
1 -0.254009
2 -0.41729
3 -0.513187
4 -0.641972
5 -0.737366
6 -0.804515
7 -0.810992
8 -0.826513
9 -0.764393
10 -0.669295
11 -0.415917
12 -0.149157
13 0.0170474
14 0.107196
15 0.130586
16 0.162015
17 0.160174
18 0.174862
19 0.170477
20 0.167538
21 0.183262
22 0.168864
23 0.167674
24 0.175658
25 0.171971
26 0.175613
27 0.174831
28 0.17261
29 0.172141
30 0.169818
31 0.176821
32 0.17324
33 0.163244
34 0.168274
35 0.165311
36 0.172853
37 0.181894
38 0.166245
39 0.17117
40 0.183792
41 0.17985
42 0.17591
43 0.184308
44 0.182434
45 0.182016
46 0.184177
47 0.178103
48 0.166386
49 0.164577
50 0.181524
51 0.162542
52 0.166863
53 0.186903
54 0.163557
55 0.175686
56 0.178066
57 0.166734
58 0.178871
59 0.166007
60 0.161355
61 0.163503
62 0.17323
63 0.15605
64 0.165218
65 0.172098
66 0.162601
67 0.167549
68 0.169553
69 0.179714
70 0.168033
71 0.166073
72 0.179981
73 0.176533
74 0.165989
75 0.167071
76 0.166466
77 0.165816
78 0.166682
79 0.15768
80 0.168904
81 0.176991
82 0.165558
83 0.177365
84 0.169908
85 0.17362
86 0.169891
87 0.16507
88 0.166585
89 0.157778
90 0.169808
91 0.165804
92 0.165062
93 0.164269
94 0.15792
95 0.17166
96 0.164147
97 0.160698
98 0.163979
99 0.173673
100 0.163021
101 0.157358
102 0.17141
103 0.178442
104 0.163678
105 0.161984
106 0.185678
107 0.171258
108 0.158829
109 0.166831
110 0.166567
111 0.165459
112 0.15962
113 0.166039
114 0.167856
115 0.174197
116 0.178519
117 0.175964
118 0.175741
119 0.17126
120 0.184377
121 0.171549
122 0.180868
123 0.176058
124 0.168185
125 0.174047
126 0.174587
127 0.169196
128 0.17827
129 0.177627
130 0.170981
131 0.173774
132 0.172142
133 0.17053
134 0.176077
135 0.1692
136 0.164322
137 0.182011
138 0.183277
139 0.169656
140 0.177746
141 0.184622
142 0.178433
143 0.16429
144 0.176052
145 0.169098
146 0.155404
147 0.175398
148 0.166543
149 0.169504
150 0.167506
151 0.173324
152 0.17662
153 0.177553
154 0.1683
155 0.172022
156 0.176949
157 0.171138
158 0.176083
159 0.180635
160 0.17483
161 0.165136
162 0.16968
163 0.16227
164 0.170696
165 0.174259
166 0.179482
167 0.181319
168 0.173852
169 0.172069
170 0.178628
171 0.176851
172 0.163449
173 0.17267
174 0.173602
175 0.16355
176 0.17756
177 0.158302
178 0.174241
179 0.177804
180 0.17765
181 0.172052
182 0.168101
183 0.183041
184 0.158691
185 0.167152
186 0.163412
187 0.168227
188 0.180478
189 0.168149
190 0.174044
191 0.190725
192 0.177917
193 0.180625
194 0.184809
195 0.171785
196 0.184389
197 0.168617
198 0.168117
199 0.166546
200 0.158594
201 0.17306
202 0.17337
203 0.170669
204 0.174689
205 0.185105
206 0.170048
207 0.162255
208 0.163356
209 0.177772
210 0.182349
211 0.161322
212 0.189884
213 0.183209
214 0.165101
215 0.171228
216 0.17907
217 0.159836
218 0.170914
219 0.186398
220 0.160211
221 0.180742
222 0.18416
223 0.164946
224 0.188104
225 0.179781
226 0.168853
227 0.181937
228 0.17161
229 0.155409
230 0.17901
231 0.181588
232 0.160208
233 0.179105
234 0.180748
235 0.177065
236 0.176236
237 0.180018
238 0.16628
239 0.176129
240 0.186796
241 0.167016
242 0.16975
243 0.170964
244 0.165515
245 0.168706
246 0.159375
247 0.179188
248 0.178472
249 0.162323
250 0.190634
251 0.178535
252 0.179959
253 0.176331
254 0.170577
255 0.173926
256 0.168851
257 0.175349
258 0.170962
259 0.166846
260 0.176561
261 0.17882
262 0.173034
263 0.167244
264 0.175718
265 0.174574
266 0.160541
267 0.177573
268 0.181586
269 0.158697
270 0.177502
271 0.18146
272 0.163021
273 0.171037
274 0.177371
275 0.17754
276 0.1831
277 0.174159
278 0.162361
279 0.186115
280 0.166086
281 0.168212
282 0.181988
283 0.154074
284 0.181202
285 0.164144
286 0.170518
287 0.177287
288 0.172958
289 0.178484
290 0.167636
291 0.184851
292 0.183398
293 0.179046
294 0.172782
295 0.185918
296 0.177009
297 0.176837
298 0.174508
299 0.171537
300 0.186553
301 0.174571
302 0.178902
303 0.17689
304 0.17215
305 0.165356
306 0.175364
307 0.182572
308 0.16931
309 0.175333
310 0.185609
311 0.182963
312 0.174139
313 0.165346
314 0.172674
315 0.169413
316 0.172041
317 0.1736
318 0.180238
319 0.167156
320 0.177787
321 0.180268
322 0.168676
323 0.192591
324 0.171515
325 0.175045
326 0.180478
327 0.173688
328 0.178152
329 0.175257
330 0.170484
331 0.174244
332 0.171885
333 0.169636
334 0.168039
335 0.175833
336 0.16646
337 0.172675
338 0.179445
339 0.164764
340 0.169199
341 0.172294
342 0.171776
343 0.175731
344 0.173354
345 0.168322
346 0.166601
347 0.164786
348 0.175132
349 0.161361
350 0.17382
351 0.169015
352 0.17088
353 0.184336
354 0.155133
355 0.173191
356 0.164409
357 0.161356
358 0.17882
359 0.179286
360 0.172741
361 0.178158
362 0.181426
363 0.164315
364 0.167413
365 0.175887
366 0.160335
367 0.166104
368 0.163143
369 0.169113
370 0.177649
371 0.157855
372 0.169512
373 0.168204
374 0.159185
375 0.167527
376 0.168882
377 0.167584
378 0.168999
379 0.180285
380 0.181185
381 0.17897
382 0.180945
383 0.176478
384 0.165199
385 0.170891
386 0.172513
387 0.15849
388 0.168293
389 0.168075
390 0.1764
391 0.175984
392 0.165717
393 0.169685
394 0.175996
395 0.174789
396 0.166254
397 0.164017
398 0.17314
399 0.17195
400 0.169873
401 0.16734
402 0.177452
403 0.178536
404 0.16503
405 0.176869
406 0.187687
407 0.165293
408 0.182119
409 0.183936
410 0.178214
411 0.177721
412 0.177805
413 0.188094
414 0.178525
415 0.175912
416 0.186267
417 0.172416
418 0.185892
419 0.184317
420 0.187592
421 0.173658
422 0.163994
423 0.186481
424 0.163579
425 0.159195
426 0.175507
427 0.156631
428 0.173258
429 0.17097
430 0.178999
431 0.171425
432 0.163392
433 0.17584
434 0.181123
435 0.177286
436 0.166179
437 0.187755
438 0.182555
439 0.163335
440 0.175933
441 0.180651
442 0.17812
443 0.176927
444 0.182431
445 0.181689
446 0.173612
447 0.171525
448 0.169142
449 0.177298
450 0.166516
451 0.168023
452 0.178235
453 0.175763
454 0.164918
455 0.165244
456 0.169838
457 0.167239
458 0.161728
459 0.171109
460 0.179889
461 0.178063
462 0.165413
463 0.184408
464 0.187659
465 0.166304
466 0.182717
467 0.186706
468 0.171753
469 0.176588
470 0.1857
471 0.170169
472 0.184038
473 0.17409
474 0.179968
475 0.183397
476 0.181582
477 0.18593
478 0.180079
479 0.198264
480 0.17157
481 0.179188
482 0.190371
483 0.177046
484 0.1803
485 0.172782
486 0.185284
487 0.182422
488 0.176333
489 0.172906
490 0.168641
491 0.18623
492 0.17544
493 0.156899
494 0.176889
495 0.165543
496 0.167704
497 0.172535
498 0.160939
499 0.169456
500 0.164867
501 0.169597
502 0.173093
503 0.175531
504 0.1687
505 0.183434
506 0.189469
507 0.176503
508 0.170694
509 0.173973
510 0.168834
511 0.166296
512 0.181584
513 0.169305
514 0.180017
515 0.178866
516 0.181126
517 0.184401
518 0.175811
519 0.179037
520 0.185362
521 0.168902
522 0.172116
523 0.175586
524 0.183607
525 0.168783
526 0.169219
527 0.187734
528 0.172257
529 0.175124
530 0.17807
531 0.178236
532 0.183648
533 0.182542
534 0.182555
535 0.175425
536 0.173346
537 0.178991
538 0.179483
539 0.170188
540 0.184188
541 0.182963
542 0.171665
543 0.171604
544 0.182793
545 0.189464
546 0.164319
547 0.166708
548 0.180177
549 0.17408
550 0.174789
551 0.172418
552 0.170782
553 0.173107
554 0.169369
555 0.179151
556 0.173179
557 0.164311
558 0.182345
559 0.18688
560 0.173488
561 0.172111
562 0.166414
563 0.175395
564 0.174983
565 0.169691
566 0.168441
567 0.174719
568 0.169777
569 0.160366
570 0.177829
571 0.177598
572 0.164572
573 0.172213
574 0.175217
575 0.161397
576 0.168958
577 0.1799
578 0.176776
579 0.168129
580 0.174241
581 0.180675
582 0.165218
583 0.172073
584 0.177403
585 0.178442
586 0.184722
587 0.184533
588 0.187886
589 0.175045
590 0.187716
591 0.177827
592 0.184647
593 0.170062
594 0.183004
595 0.18061
596 0.164396
597 0.191232
598 0.173426
599 0.176724
600 0.183212
601 0.168485
602 0.176727
603 0.181463
604 0.166062
605 0.173317
606 0.169645
607 0.171356
608 0.165536
609 0.180232
610 0.174141
611 0.154702
612 0.178336
613 0.161581
614 0.155394
615 0.171774
616 0.167104
617 0.162898
618 0.163974
619 0.174243
620 0.164925
621 0.163653
622 0.165346
623 0.168376
624 0.169999
625 0.172949
626 0.169282
627 0.180585
628 0.177574
629 0.16443
630 0.169742
631 0.181147
632 0.170607
633 0.164345
634 0.17991
635 0.179169
636 0.164495
637 0.166357
638 0.184446
639 0.166768
640 0.17314
641 0.175588
642 0.164981
643 0.181676
644 0.178676
645 0.173471
646 0.179918
647 0.17803
648 0.179488
649 0.168281
650 0.167694
651 0.168672
652 0.173632
653 0.176115
654 0.176251
655 0.178135
656 0.165893
657 0.174065
658 0.178202
659 0.162877
660 0.169645
661 0.165055
662 0.166998
663 0.167911
664 0.160616
665 0.167954
666 0.178033
667 0.167805
668 0.175499
669 0.182854
670 0.168488
671 0.166588
672 0.168204
673 0.159835
674 0.169558
675 0.165485
676 0.158327
677 0.181032
678 0.185605
679 0.16319
680 0.180335
681 0.182701
682 0.168172
683 0.186699
684 0.168188
685 0.165691
686 0.173923
687 0.175578
688 0.165923
689 0.165663
690 0.170141
691 0.161532
692 0.159277
693 0.171896
694 0.167775
695 0.158633
696 0.167258
697 0.165226
698 0.173248
699 0.167764
700 0.168971
701 0.173811
702 0.173859
703 0.177571
704 0.175001
705 0.174935
706 0.178638
707 0.185448
708 0.173711
709 0.175078
710 0.168652
711 0.160381
712 0.175076
713 0.155777
714 0.166314
715 0.166862
716 0.166692
717 0.184669
718 0.182797
719 0.176518
720 0.186576
721 0.182915
722 0.167529
723 0.174709
724 0.169909
725 0.177774
726 0.179157
727 0.162818
728 0.171464
729 0.18398
730 0.172451
731 0.162997
732 0.180151
733 0.165958
734 0.17458
735 0.166845
736 0.174941
737 0.179043
738 0.168851
739 0.181438
740 0.178937
741 0.169244
742 0.159686
743 0.173567
744 0.160332
745 0.160875
746 0.180531
747 0.162078
748 0.158666
749 0.166564
750 0.170786
751 0.155612
752 0.159986
753 0.177139
754 0.156169
755 0.171112
756 0.179572
757 0.158247
758 0.166765
759 0.174972
760 0.177372
761 0.167428
762 0.18146
763 0.180402
764 0.171029
765 0.165623
766 0.166083
767 0.168886
768 0.154057
769 0.170806
770 0.183326
771 0.171819
772 0.176077
773 0.175156
774 0.163953
775 0.160883
776 0.175798
777 0.165909
778 0.155515
779 0.163743
780 0.158074
781 0.174728
782 0.17873
783 0.162385
784 0.18346
785 0.178774
786 0.16376
787 0.174489
788 0.171505
789 0.172657
790 0.168569
791 0.167371
792 0.182142
793 0.177992
794 0.180192
795 0.174596
796 0.176455
797 0.170953
798 0.168198
799 0.170778
800 0.163166
801 0.161363
802 0.171244
803 0.165948
804 0.156361
805 0.164591
806 0.169966
807 0.162432
808 0.177268
809 0.168895
810 0.168608
811 0.17249
812 0.172803
813 0.183457
814 0.167635
815 0.168026
816 0.178666
817 0.170145
818 0.177841
819 0.180997
820 0.166627
821 0.174971
822 0.171594
823 0.165831
824 0.171387
825 0.16434
826 0.161416
827 0.165211
828 0.157098
829 0.175291
830 0.167742
831 0.165902
832 0.176971
833 0.163846
834 0.180133
835 0.173362
836 0.15963
837 0.171144
838 0.170846
839 0.180384
840 0.168308
841 0.165907
842 0.181235
843 0.167373
844 0.16298
845 0.180231
846 0.171258
847 0.163851
848 0.17408
849 0.16794
850 0.169274
851 0.167639
852 0.161362
853 0.161364
854 0.173917
855 0.174168
856 0.163987
857 0.177086
858 0.168234
859 0.175575
860 0.168092
861 0.169391
862 0.17127
863 0.177774
864 0.169517
865 0.158436
866 0.18252
867 0.173874
868 0.178802
869 0.177837
870 0.172886
871 0.17597
872 0.175946
873 0.171246
874 0.167592
875 0.171426
876 0.168512
877 0.175572
878 0.171905
879 0.163749
880 0.178156
881 0.179487
882 0.169337
883 0.173806
884 0.168375
885 0.170054
886 0.172936
887 0.163254
888 0.168555
889 0.180695
890 0.173639
891 0.167875
892 0.179249
893 0.177374
894 0.168794
895 0.177416
896 0.172517
897 0.176041
898 0.164198
899 0.174779
900 0.171406
901 0.177649
902 0.167502
903 0.163513
904 0.176813
905 0.179355
906 0.179199
907 0.175726
908 0.186328
909 0.18231
910 0.184358
911 0.175805
912 0.18175
913 0.19418
914 0.168184
915 0.19393
916 0.177806
917 0.173061
918 0.183055
919 0.169825
920 0.188212
921 0.171286
922 0.178612
923 0.170977
924 0.163282
925 0.177414
926 0.165428
927 0.174778
928 0.174688
929 0.181886
930 0.17151
931 0.173493
932 0.170149
933 0.165121
934 0.178608
935 0.170542
936 0.164173
937 0.173536
938 0.164359
939 0.178435
940 0.167002
941 0.162566
942 0.18239
943 0.163636
944 0.159397
945 0.171711
946 0.165532
947 0.163713
948 0.160382
949 0.156686
950 0.173852
951 0.177618
952 0.163415
953 0.164344
954 0.181319
955 0.160013
956 0.163691
957 0.168969
958 0.15404
959 0.173913
960 0.172718
961 0.166224
962 0.17896
963 0.178487
964 0.169278
965 0.1726
966 0.169158
967 0.181462
968 0.182535
969 0.172933
970 0.170891
971 0.183829
972 0.183385
973 0.170249
974 0.165579
975 0.167838
976 0.174448
977 0.174761
978 0.169333
979 0.180503
980 0.172717
981 0.174344
982 0.179314
983 0.170567
984 0.181249
985 0.175734
986 0.173772
987 0.175846
988 0.168026
989 0.169155
990 0.169909
991 0.1841
992 0.16445
993 0.167113
994 0.166122
995 0.171305
996 0.17818
997 0.171199
998 0.16943
999 0.165824
1000 0.181095
1001 0.176573
1002 0.173735
1003 0.181788
1004 0.170095
1005 0.192773
1006 0.172195
1007 0.174883
1008 0.18051
1009 0.167075
1010 0.170986
1011 0.174361
1012 0.157117
1013 0.176116
1014 0.171162
1015 0.162672
1016 0.178452
1017 0.166399
1018 0.177706
1019 0.171962
1020 0.171438
1021 0.16974
1022 0.179466
1023 0.16839
1024 0.163763
1025 0.169785
1026 0.165518
1027 0.161739
1028 0.172277
1029 0.163858
1030 0.163989
1031 0.162131
1032 0.162974
1033 0.16971
1034 0.164931
1035 0.163349
1036 0.15771
1037 0.175653
1038 0.17163
1039 0.174416
1040 0.174702
1041 0.176496
1042 0.176988
1043 0.161939
1044 0.177736
1045 0.174296
1046 0.159213
1047 0.166909
1048 0.173354
1049 0.178202
1050 0.173911
1051 0.175074
1052 0.170127
1053 0.163702
1054 0.180255
1055 0.173318
1056 0.177454
1057 0.180534
1058 0.186149
1059 0.169105
1060 0.176785
1061 0.173955
1062 0.160839
1063 0.180828
1064 0.170989
1065 0.161875
1066 0.17659
1067 0.171275
1068 0.162665
1069 0.179951
1070 0.170131
1071 0.17127
1072 0.189177
1073 0.171488
1074 0.192243
1075 0.175853
1076 0.168024
1077 0.181863
1078 0.174835
1079 0.182846
1080 0.171012
1081 0.166413
1082 0.180626
1083 0.168053
1084 0.169844
1085 0.177891
1086 0.183863
1087 0.176249
1088 0.163179
1089 0.176388
1090 0.178086
1091 0.170385
1092 0.16761
1093 0.164116
1094 0.17939
1095 0.162605
1096 0.162074
1097 0.172632
1098 0.176848
1099 0.173566
1100 0.185301
1101 0.173032
1102 0.166356
1103 0.185926
1104 0.175023
1105 0.160256
1106 0.173489
1107 0.17495
1108 0.174437
1109 0.176805
1110 0.18782
1111 0.167826
1112 0.178513
1113 0.177837
1114 0.169492
1115 0.173071
1116 0.161197
1117 0.179715
1118 0.175364
1119 0.16475
1120 0.164499
1121 0.159772
1122 0.180914
1123 0.163387
1124 0.166192
1125 0.187145
1126 0.171429
1127 0.179621
1128 0.175888
1129 0.171414
1130 0.182422
1131 0.171047
1132 0.175094
1133 0.172752
1134 0.172679
1135 0.17005
1136 0.158954
1137 0.177335
1138 0.159712
1139 0.175092
1140 0.187207
1141 0.170154
1142 0.179518
1143 0.186407
1144 0.171512
1145 0.165548
1146 0.184864
1147 0.167398
1148 0.174537
1149 0.16743
1150 0.167306
1151 0.18386
1152 0.166243
1153 0.181371
1154 0.173294
1155 0.16789
1156 0.185065
1157 0.169407
1158 0.166647
1159 0.17096
1160 0.178708
1161 0.171598
1162 0.168155
1163 0.176741
1164 0.180925
1165 0.171026
1166 0.160478
1167 0.179778
1168 0.165735
1169 0.169592
1170 0.170194
1171 0.168755
1172 0.175617
1173 0.179465
1174 0.171155
1175 0.17771
1176 0.185545
1177 0.174763
1178 0.170345
1179 0.170862
1180 0.164808
1181 0.171624
1182 0.166441
1183 0.161882
1184 0.17314
1185 0.172508
1186 0.169684
1187 0.166286
1188 0.160699
1189 0.1785
1190 0.164862
1191 0.168359
1192 0.19138
1193 0.168757
1194 0.162156
1195 0.182658
1196 0.173852
1197 0.170162
1198 0.185904
1199 0.171308
1200 0.17757
1201 0.185954
1202 0.173569
1203 0.167223
1204 0.178971
1205 0.172756
1206 0.167857
1207 0.161891
1208 0.176043
1209 0.181723
1210 0.1593
1211 0.168502
1212 0.173652
1213 0.161027
1214 0.179281
1215 0.166597
1216 0.17311
1217 0.170649
1218 0.174938
1219 0.176844
1220 0.172701
1221 0.173805
1222 0.181652
1223 0.179062
1224 0.168583
1225 0.167806
1226 0.162232
1227 0.171917
1228 0.170363
1229 0.168655
1230 0.1778
1231 0.165311
1232 0.169529
1233 0.181569
1234 0.165576
1235 0.18214
1236 0.188566
1237 0.181798
1238 0.186455
1239 0.180672
1240 0.189337
1241 0.171787
1242 0.168857
1243 0.183773
1244 0.159117
1245 0.164283
1246 0.167079
1247 0.175412
1248 0.176597
1249 0.157198
1250 0.16789
1251 0.166205
1252 0.166625
1253 0.177026
1254 0.162891
1255 0.17561
1256 0.17167
1257 0.179458
1258 0.177177
1259 0.16497
1260 0.166818
1261 0.172971
1262 0.169263
1263 0.154519
1264 0.18008
1265 0.174698
1266 0.173233
1267 0.18184
1268 0.179356
1269 0.168142
1270 0.166247
1271 0.170765
1272 0.173448
1273 0.170558
1274 0.180092
1275 0.162388
1276 0.172125
1277 0.18346
1278 0.173083
1279 0.177172
1280 0.186006
1281 0.174965
1282 0.178292
1283 0.169479
1284 0.178275
1285 0.160233
1286 0.170042
1287 0.17231
1288 0.175407
1289 0.171373
1290 0.171042
1291 0.177578
1292 0.160685
1293 0.172288
1294 0.16409
1295 0.165588
1296 0.171633
1297 0.178995
1298 0.172842
1299 0.176686
1300 0.176337
1301 0.1594
1302 0.182194
1303 0.166137
1304 0.165303
1305 0.184322
1306 0.171919
1307 0.166951
1308 0.173103
1309 0.164984
1310 0.158786
1311 0.15961
1312 0.170531
1313 0.163482
1314 0.158895
1315 0.177575
1316 0.173596
1317 0.1658
1318 0.164281
1319 0.179561
1320 0.16256
1321 0.156106
1322 0.168831
1323 0.163275
1324 0.168771
1325 0.16817
1326 0.164723
1327 0.175741
1328 0.169056
1329 0.169819
1330 0.16989
1331 0.171244
1332 0.166748
1333 0.158568
1334 0.173338
1335 0.171428
1336 0.176412
1337 0.167336
1338 0.160893
1339 0.169254
1340 0.171143
1341 0.166327
1342 0.176222
1343 0.183555
1344 0.167734
1345 0.168045
1346 0.185261
1347 0.177153
1348 0.164286
1349 0.18802
1350 0.171221
1351 0.176579
1352 0.176793
1353 0.167062
1354 0.177672
1355 0.173378
1356 0.174263
1357 0.180727
1358 0.166688
1359 0.177798
1360 0.170415
1361 0.158442
1362 0.168087
1363 0.158182
1364 0.171488
1365 0.159476
1366 0.174371
1367 0.168673
1368 0.160204
1369 0.180832
1370 0.166211
1371 0.173449
1372 0.181091
1373 0.174137
1374 0.175036
1375 0.178922
1376 0.175332
1377 0.163284
1378 0.174773
1379 0.169397
1380 0.15655
1381 0.175605
1382 0.1796
1383 0.173125
1384 0.170387
1385 0.188409
1386 0.174383
1387 0.165771
1388 0.185435
1389 0.166396
1390 0.176548
1391 0.182277
1392 0.172988
1393 0.175943
1394 0.16483
1395 0.177074
1396 0.184607
1397 0.169962
1398 0.178895
1399 0.179467
1400 0.168447
1401 0.176439
1402 0.173667
1403 0.156205
1404 0.17681
1405 0.180088
1406 0.159033
1407 0.172432
1408 0.186163
1409 0.175834
1410 0.173601
1411 0.173038
1412 0.179238
1413 0.16249
1414 0.175022
1415 0.171254
1416 0.165696
1417 0.176407
1418 0.169958
1419 0.162401
1420 0.167824
1421 0.176707
1422 0.161702
1423 0.16767
1424 0.182982
1425 0.165761
1426 0.169473
1427 0.169496
1428 0.168102
1429 0.17535
1430 0.165132
1431 0.162913
1432 0.165181
1433 0.177489
1434 0.155572
1435 0.172345
1436 0.178869
1437 0.155699
1438 0.171183
1439 0.172797
1440 0.169997
1441 0.173521
1442 0.164911
1443 0.171159
1444 0.184385
1445 0.165084
1446 0.166008
1447 0.186552
1448 0.180623
1449 0.17604
1450 0.175555
1451 0.19169
1452 0.172736
1453 0.186195
1454 0.181763
1455 0.172963
1456 0.175454
1457 0.164086
1458 0.184524
1459 0.166921
1460 0.161404
1461 0.186289
1462 0.170019
1463 0.174156
1464 0.175654
1465 0.180448
1466 0.179922
1467 0.172046
1468 0.183965
1469 0.169164
1470 0.174586
1471 0.17969
1472 0.161873
1473 0.169593
1474 0.184453
1475 0.174579
1476 0.165346
1477 0.186257
1478 0.182707
1479 0.176597
1480 0.18507
1481 0.182038
1482 0.179425
1483 0.180674
1484 0.18037
1485 0.176724
1486 0.184827
1487 0.172653
1488 0.162023
1489 0.179681
1490 0.181171
1491 0.160613
1492 0.163734
1493 0.163456
1494 0.172032
1495 0.160112
1496 0.167249
1497 0.169971
1498 0.173718
1499 0.172082
1500 0.178631
1501 0.173003
1502 0.168443
1503 0.170436
1504 0.17217
1505 0.177177
1506 0.17069
1507 0.171262
1508 0.168731
1509 0.171854
1510 0.175028
1511 0.16603
1512 0.167632
1513 0.180634
1514 0.180035
1515 0.178351
1516 0.176494
1517 0.172156
1518 0.179379
1519 0.169523
1520 0.169699
1521 0.174145
1522 0.162454
1523 0.16136
1524 0.165478
1525 0.166929
1526 0.156767
1527 0.164397
1528 0.170322
1529 0.164703
1530 0.172945
1531 0.18692
1532 0.173147
1533 0.182222
1534 0.18342
1535 0.173757
1536 0.184636
1537 0.170294
1538 0.17064
1539 0.16796
1540 0.173161
1541 0.179126
1542 0.167522
1543 0.168072
1544 0.167701
1545 0.162364
1546 0.167234
1547 0.16294
1548 0.172444
1549 0.173891
1550 0.182933
1551 0.172077
1552 0.168493
1553 0.17366
1554 0.177305
1555 0.183435
1556 0.169289
1557 0.188456
1558 0.184609
1559 0.178275
1560 0.172577
1561 0.169336
1562 0.164868
1563 0.17529
1564 0.17549
1565 0.174086
1566 0.172871
1567 0.180885
1568 0.17368
1569 0.156455
1570 0.177339
1571 0.169148
1572 0.159374
1573 0.166716
1574 0.167125
1575 0.170576
1576 0.179202
1577 0.171365
1578 0.162979
1579 0.173745
1580 0.178496
1581 0.174063
1582 0.166761
1583 0.15983
1584 0.179764
1585 0.176816
1586 0.158487
1587 0.164222
1588 0.16727
1589 0.170579
1590 0.160283
1591 0.172733
1592 0.179325
1593 0.168132
1594 0.180527
1595 0.168628
1596 0.174057
1597 0.176169
1598 0.175484
1599 0.16901
1600 0.156394
1601 0.174937
1602 0.16959
1603 0.163884
1604 0.178176
1605 0.173214
1606 0.175214
1607 0.17362
1608 0.181501
1609 0.173549
1610 0.181686
1611 0.178443
1612 0.180178
1613 0.171224
1614 0.175201
1615 0.185583
1616 0.176234
1617 0.168897
1618 0.188205
1619 0.18259
1620 0.164227
1621 0.16868
1622 0.165493
1623 0.159663
1624 0.169254
1625 0.176746
1626 0.179295
1627 0.171034
1628 0.189665
1629 0.175911
1630 0.180594
1631 0.186403
1632 0.167459
1633 0.177723
1634 0.18295
1635 0.16333
1636 0.169179
1637 0.184266
1638 0.170929
1639 0.179495
1640 0.17601
1641 0.178245
1642 0.17293
1643 0.16767
1644 0.164986
1645 0.178813
1646 0.164509
1647 0.174919
1648 0.17524
1649 0.1634
1650 0.165303
1651 0.173049
1652 0.15847
1653 0.169965
1654 0.173985
1655 0.160974
1656 0.165202
1657 0.167776
1658 0.160759
1659 0.162142
1660 0.16113
1661 0.157691
1662 0.163566
1663 0.170103
1664 0.164755
1665 0.165414
1666 0.174514
1667 0.170079
1668 0.164474
1669 0.175481
1670 0.164924
1671 0.182838
1672 0.176521
1673 0.181541
1674 0.176906
1675 0.181131
1676 0.188564
1677 0.164398
1678 0.187196
1679 0.180129
1680 0.169756
1681 0.171899
1682 0.177765
1683 0.163208
1684 0.176054
1685 0.175386
1686 0.16951
1687 0.175541
1688 0.163774
1689 0.171967
1690 0.177542
1691 0.17087
1692 0.180341
1693 0.174137
1694 0.171162
1695 0.181642
1696 0.178544
1697 0.181041
1698 0.169227
1699 0.174955
1700 0.182318
1701 0.164385
1702 0.167855
1703 0.173185
1704 0.164429
1705 0.175337
1706 0.16553
1707 0.177092
1708 0.165749
1709 0.17348
1710 0.176992
1711 0.180051
1712 0.168677
1713 0.166305
1714 0.189229
1715 0.161369
1716 0.175179
1717 0.188218
1718 0.169685
1719 0.169221
1720 0.165268
1721 0.179907
1722 0.171257
1723 0.169005
1724 0.180525
1725 0.185264
1726 0.168274
1727 0.167748
1728 0.174355
1729 0.175989
1730 0.159417
1731 0.165215
1732 0.186269
1733 0.17426
1734 0.174422
1735 0.165832
1736 0.171526
1737 0.170694
1738 0.165011
1739 0.165277
1740 0.173494
1741 0.174296
1742 0.177925
1743 0.174016
1744 0.188245
1745 0.17302
1746 0.166827
1747 0.189448
1748 0.166909
1749 0.165475
1750 0.175031
1751 0.180774
1752 0.170766
1753 0.180167
1754 0.17187
1755 0.173251
1756 0.182082
1757 0.174949
1758 0.179714
1759 0.169492
1760 0.177544
1761 0.172549
1762 0.163686
1763 0.159779
1764 0.173043
1765 0.173397
1766 0.171498
1767 0.174607
1768 0.17507
1769 0.170482
1770 0.187619
1771 0.177017
1772 0.157311
1773 0.179601
1774 0.179858
1775 0.177161
1776 0.182604
1777 0.166315
1778 0.184428
1779 0.186118
1780 0.168993
1781 0.182425
1782 0.177462
1783 0.170493
1784 0.186299
1785 0.169383
1786 0.168619
1787 0.166516
1788 0.170979
1789 0.183208
1790 0.173935
1791 0.163347
1792 0.180707
1793 0.166872
1794 0.161136
1795 0.174652
1796 0.171507
1797 0.166079
1798 0.162525
1799 0.170509
1800 0.176249
1801 0.172706
1802 0.163473
1803 0.173473
1804 0.178475
1805 0.161678
1806 0.177306
1807 0.173112
1808 0.15354
1809 0.175151
1810 0.167094
1811 0.167413
1812 0.179926
1813 0.166719
1814 0.173613
1815 0.179494
1816 0.173523
1817 0.1786
1818 0.166482
1819 0.177163
1820 0.178983
1821 0.172086
1822 0.16608
1823 0.16889
1824 0.180025
1825 0.160482
1826 0.177725
1827 0.175946
1828 0.171126
1829 0.168775
1830 0.170073
1831 0.169482
1832 0.156073
1833 0.164118
1834 0.17137
1835 0.168864
1836 0.155581
1837 0.180156
1838 0.173047
1839 0.172572
1840 0.182538
1841 0.167228
1842 0.173595
1843 0.174271
1844 0.167997
1845 0.176548
1846 0.169723
1847 0.176973
1848 0.18312
1849 0.168647
1850 0.165633
1851 0.174177
1852 0.180647
1853 0.164933
1854 0.164686
1855 0.178694
1856 0.162772
1857 0.178247
1858 0.177555
1859 0.164763
1860 0.168087
1861 0.171137
1862 0.163558
1863 0.161029
1864 0.175772
1865 0.172185
1866 0.167648
1867 0.180371
1868 0.178818
1869 0.181096
1870 0.177176
1871 0.177549
1872 0.188954
1873 0.172894
1874 0.162843
1875 0.177741
1876 0.181295
1877 0.162646
1878 0.176413
1879 0.186968
1880 0.168472
1881 0.169917
1882 0.180513
1883 0.173289
1884 0.165423
1885 0.171448
1886 0.165501
1887 0.175629
1888 0.186343
1889 0.163666
1890 0.165667
1891 0.181207
1892 0.175164
1893 0.176482
1894 0.178664
1895 0.172917
1896 0.181617
1897 0.170228
1898 0.168189
1899 0.173405
1900 0.15969
1901 0.163864
1902 0.171223
1903 0.17097
1904 0.17014
1905 0.171668
1906 0.169725
1907 0.174078
1908 0.16372
1909 0.163307
1910 0.161356
1911 0.173876
1912 0.169962
1913 0.163045
1914 0.167632
1915 0.167248
1916 0.178512
1917 0.175783
1918 0.16505
1919 0.174524
1920 0.178437
1921 0.163332
1922 0.164566
1923 0.175404
1924 0.172951
1925 0.172372
1926 0.183736
1927 0.174956
1928 0.174691
1929 0.17869
1930 0.169833
1931 0.178601
1932 0.171494
1933 0.162329
1934 0.176901
1935 0.169795
1936 0.174302
1937 0.178341
1938 0.182238
1939 0.179326
1940 0.176061
1941 0.184669
1942 0.169218
1943 0.179356
1944 0.168168
1945 0.157213
1946 0.179341
1947 0.172905
1948 0.170771
1949 0.170998
1950 0.166282
1951 0.168411
1952 0.180584
1953 0.163515
1954 0.169831
1955 0.179855
1956 0.165325
1957 0.181178
1958 0.168804
1959 0.178809
1960 0.177066
1961 0.169061
1962 0.173162
1963 0.176306
1964 0.177982
1965 0.174719
1966 0.168655
1967 0.170759
1968 0.176706
1969 0.168155
1970 0.173099
1971 0.167235
1972 0.169679
1973 0.170527
1974 0.158063
1975 0.173274
1976 0.175063
1977 0.174378
1978 0.182182
1979 0.167837
1980 0.177218
1981 0.186537
1982 0.17771
1983 0.176794
1984 0.187021
1985 0.170011
1986 0.18282
1987 0.17087
1988 0.166487
1989 0.172755
1990 0.172539
1991 0.174527
1992 0.168911
1993 0.178958
1994 0.166255
1995 0.158573
1996 0.175098
1997 0.178725
1998 0.155159
1999 0.178537
2000 0.179689
2001 0.160577
2002 0.177802
2003 0.165626
2004 0.177885
2005 0.18391
2006 0.17622
2007 0.173293
2008 0.183914
2009 0.176278
2010 0.168439
2011 0.173282
2012 0.169946
2013 0.164591
2014 0.160821
2015 0.173233
2016 0.174791
2017 0.175458
2018 0.177055
2019 0.172611
2020 0.178287
2021 0.162895
2022 0.172874
2023 0.172238
2024 0.159747
2025 0.17789
2026 0.17208
2027 0.164742
2028 0.170025
2029 0.180319
2030 0.163033
2031 0.17353
2032 0.183781
2033 0.160947
2034 0.174214
2035 0.177246
2036 0.169122
2037 0.177704
2038 0.172106
2039 0.170038
2040 0.183218
2041 0.180468
2042 0.182435
2043 0.181174
2044 0.174193
2045 0.182067
2046 0.185274
2047 0.186626
2048 0.16997
2049 0.165418
2050 0.180169
2051 0.164133
2052 0.157481
2053 0.164314
2054 0.170332
2055 0.171309
2056 0.176329
2057 0.185162
2058 0.178271
2059 0.175434
2060 0.187339
2061 0.190644
2062 0.174873
2063 0.175532
2064 0.185007
2065 0.183924
2066 0.179549
2067 0.172713
2068 0.171552
2069 0.177956
2070 0.174815
2071 0.162187
2072 0.163551
2073 0.177326
2074 0.173001
2075 0.174974
2076 0.179049
2077 0.169635
2078 0.173527
2079 0.17632
2080 0.174937
2081 0.176441
2082 0.172739
2083 0.176586
2084 0.181844
2085 0.169567
2086 0.173472
2087 0.183473
2088 0.172012
2089 0.166452
2090 0.171575
2091 0.162616
2092 0.159651
2093 0.163793
2094 0.164732
2095 0.172883
2096 0.16185
2097 0.179019
2098 0.185357
2099 0
