0 2.10388
1 0.22161
2 -0.798106
3 -1.25569
4 -1.17946
5 -1.0977
6 -1.02858
7 -1.01203
8 -0.940195
9 -0.945355
10 -0.898778
11 -0.872851
12 -1.0058
13 -1.15605
14 -1.15644
15 -1.31104
16 -1.55061
17 -1.15134
18 -0.73576
19 -0.227016
20 -0.267791
21 0.0140617
22 0.177587
23 0.144796
24 0.167235
25 0.192541
26 0.191603
27 0.189462
28 0.193727
29 0.191329
30 0.195168
31 0.193229
32 0.194449
33 0.192187
34 0.195225
35 0.193478
36 0.193059
37 0.192138
38 0.193792
39 0.192573
40 0.192407
41 0.192175
42 0.191703
43 0.193177
44 0.192244
45 0.191921
46 0.195413
47 0.195744
48 0.193929
49 0.194223
50 0.193181
51 0.192961
52 0.192497
53 0.194286
54 0.193743
55 0.194794
56 0.194619
57 0.19583
58 0.196057
59 0.196596
60 0.196712
61 0.19441
62 0.193313
63 0.193695
64 0.192429
65 0.193689
66 0.192244
67 0.192271
68 0.193121
69 0.191888
70 0.192821
71 0.195234
72 0.195882
73 0.197014
74 0.194222
75 0.195967
76 0.194282
77 0.19387
78 0.193501
79 0.193506
80 0.19281
81 0.192755
82 0.192132
83 0.192637
84 0.191726
85 0.193918
86 0.192558
87 0.191339
88 0.192536
89 0.195519
90 0.197365
91 0.194547
92 0.195573
93 0.196961
94 0.196407
95 0.194078
96 0.19302
97 0.194336
98 0.19302
99 0.192204
100 0.192009
101 0.192133
102 0.19482
103 0.196143
104 0.193914
105 0.195989
106 0.195585
107 0.194408
108 0.195287
109 0.197269
110 0.19734
111 0.196693
112 0.19424
113 0.193496
114 0.192984
115 0.192547
116 0.191802
117 0.19116
118 0.192526
119 0.193816
120 0.19314
121 0.19354
122 0.192433
123 0.191743
124 0.193469
125 0.193791
126 0.192817
127 0.191607
128 0.193558
129 0.19282
130 0.192789
131 0.193013
132 0.196669
133 0.196054
134 0.197275
135 0.195289
136 0.194201
137 0.192709
138 0.192136
139 0.191213
140 0.192491
141 0.195825
142 0.193274
143 0.192551
144 0.192672
145 0.195143
146 0.192408
147 0.194904
148 0.194624
149 0.196191
150 0.194752
151 0.194812
152 0.195079
153 0.196519
154 0.19372
155 0.193074
156 0.194689
157 0.193252
158 0.192074
159 0.192827
160 0.192125
161 0.191714
162 0.195595
163 0.195988
164 0.193754
165 0.19369
166 0.195594
167 0.193144
168 0.193483
169 0.192021
170 0.191859
171 0.195226
172 0.193436
173 0.192399
174 0.193972
175 0.192282
176 0.19274
177 0.191876
178 0.193371
179 0.192072
180 0.193088
181 0.196125
182 0.197039
183 0.193932
184 0.193042
185 0.191902
186 0.190703
187 0.190949
188 0.192271
189 0.191601
190 0.193077
191 0.194296
192 0.194154
193 0.193209
194 0.194075
195 0.192698
196 0.192522
197 0.192159
198 0.19172
199 0.191219
200 0.193026
201 0.192895
202 0.19288
203 0.192253
204 0.19218
205 0.192059
206 0.191909
207 0.193774
208 0.194852
209 0.193084
210 0.192795
211 0.192091
212 0.192369
213 0.192243
214 0.195703
215 0.193481
216 0.192953
217 0.193614
218 0.194442
219 0.193638
220 0.193415
221 0.192644
222 0.192247
223 0.194424
224 0.192683
225 0.194623
226 0.195389
227 0.193594
228 0.193409
229 0.19226
230 0.191912
231 0.194515
232 0.193899
233 0.193723
234 0.196066
235 0.193747
236 0.194743
237 0.193173
238 0.193639
239 0.192346
240 0.192024
241 0.194165
242 0.192777
243 0.192329
244 0.191917
245 0.191872
246 0.192185
247 0.191819
248 0.192152
249 0.192933
250 0.19678
251 0.1976
252 0.194876
253 0.193611
254 0.195046
255 0.195046
256 0.197116
257 0.19522
258 0.193271
259 0.193101
260 0.196144
261 0.196418
262 0.195911
263 0.193768
264 0.194784
265 0.196605
266 0.194653
267 0.195497
268 0.196973
269 0.198291
270 0.196365
271 0.19457
272 0.193124
273 0.191888
274 0.192922
275 0.195065
276 0.19477
277 0.196166
278 0.193787
279 0.195129
280 0.193266
281 0.192578
282 0.195932
283 0.193379
284 0.192438
285 0.191585
286 0.192452
287 0.191634
288 0.195795
289 0.192806
290 0.194144
291 0.192922
292 0.195361
293 0.194951
294 0.195765
295 0.19383
296 0.193612
297 0.19244
298 0.192065
299 0.191198
300 0.194552
301 0.197334
302 0.194817
303 0.193508
304 0.192561
305 0.194801
306 0.192971
307 0.194275
308 0.196573
309 0.193597
310 0.194899
311 0.195667
312 0.19458
313 0.193527
314 0.193115
315 0.192569
316 0.192861
317 0.193218
318 0.19359
319 0.194937
320 0.195455
321 0.196707
322 0.195947
323 0.197299
324 0.195853
325 0.193746
326 0.195098
327 0.195744
328 0.194628
329 0.196974
330 0.197206
331 0.195397
332 0.195805
333 0.198017
334 0.195321
335 0.195312
336 0.193587
337 0.192986
338 0.192049
339 0.194107
340 0.192657
341 0.194715
342 0.197231
343 0.194086
344 0.195562
345 0.19375
346 0.192993
347 0.191874
348 0.191899
349 0.195485
350 0.194125
351 0.193523
352 0.192716
353 0.192324
354 0.192255
355 0.191735
356 0.193818
357 0.192887
358 0.19263
359 0.193142
360 0.192165
361 0.191655
362 0.193482
363 0.193016
364 0.196049
365 0.195021
366 0.195953
367 0.194282
368 0.194285
369 0.193327
370 0.192388
371 0.192515
372 0.191824
373 0.192112
374 0.191431
375 0.191312
376 0.190998
377 0.192275
378 0.193297
379 0.191635
380 0.193297
381 0.192628
382 0.191855
383 0.191633
384 0.191317
385 0.19239
386 0.192028
387 0.191438
388 0.193078
389 0.195216
390 0.193175
391 0.196146
392 0.19664
393 0.196172
394 0.194141
395 0.192951
396 0.192481
397 0.193114
398 0.192004
399 0.192902
400 0.19214
401 0.194115
402 0.195385
403 0.196461
404 0.196834
405 0.196037
406 0.1956
407 0.197187
408 0.194317
409 0.196022
410 0.197889
411 0.198017
412 0.197131
413 0.194614
414 0.193699
415 0.195282
416 0.195296
417 0.194888
418 0.193125
419 0.193153
420 0.193722
421 0.193129
422 0.192269
423 0.196207
424 0.194125
425 0.193349
426 0.192319
427 0.191786
428 0.191618
429 0.192218
430 0.192026
431 0.194547
432 0.195301
433 0.197017
434 0.19405
435 0.194206
436 0.192442
437 0.192066
438 0.19382
439 0.192593
440 0.196279
441 0.196023
442 0.194645
443 0.193449
444 0.192249
445 0.1914
446 0.190714
447 0.191571
448 0.195256
449 0.192715
450 0.192204
451 0.193644
452 0.192524
453 0.191493
454 0.192296
455 0.195684
456 0.192934
457 0.192347
458 0.195509
459 0.193066
460 0.193213
461 0.192526
462 0.191647
463 0.192726
464 0.195412
465 0.196004
466 0.194497
467 0.193204
468 0.195648
469 0.193523
470 0.196348
471 0.19521
472 0.193326
473 0.193361
474 0.192293
475 0.195206
476 0.192878
477 0.192492
478 0.191772
479 0.194227
480 0.193664
481 0.194708
482 0.194383
483 0.193257
484 0.192361
485 0.195284
486 0.193995
487 0.193096
488 0.193462
489 0.19304
490 0.194428
491 0.196055
492 0.197715
493 0.194828
494 0.193919
495 0.196542
496 0.196017
497 0.195668
498 0.193655
499 0.193161
500 0.192004
501 0.192066
502 0.191867
503 0.195894
504 0.193593
505 0.193719
506 0.192666
507 0.195539
508 0.192844
509 0.193086
510 0.191621
511 0.192055
512 0.191584
513 0.195172
514 0.193786
515 0.19477
516 0.195773
517 0.19468
518 0.194271
519 0.193382
520 0.193304
521 0.192906
522 0.192003
523 0.191515
524 0.194363
525 0.195863
526 0.196228
527 0.193836
528 0.192775
529 0.19194
530 0.192209
531 0.191981
532 0.191376
533 0.193112
534 0.193441
535 0.192741
536 0.193937
537 0.196447
538 0.19417
539 0.195821
540 0.193617
541 0.195492
542 0.193712
543 0.192482
544 0.194923
545 0.19296
546 0.192187
547 0.191275
548 0.191989
549 0.195518
550 0.193381
551 0.192896
552 0.192152
553 0.196168
554 0.193762
555 0.192601
556 0.191754
557 0.191735
558 0.192904
559 0.191934
560 0.194644
561 0.192805
562 0.194792
563 0.197139
564 0.194381
565 0.195851
566 0.19339
567 0.195178
568 0.194602
569 0.197087
570 0.194062
571 0.192591
572 0.194392
573 0.193542
574 0.195886
575 0.19434
576 0.196344
577 0.19644
578 0.197957
579 0.194726
580 0.193589
581 0.193433
582 0.193584
583 0.193036
584 0.194775
585 0.193358
586 0.192845
587 0.193514
588 0.194297
589 0.195617
590 0.193413
591 0.192627
592 0.193046
593 0.192297
594 0.192817
595 0.191968
596 0.192555
597 0.191525
598 0.191014
599 0.193037
600 0.192933
601 0.193702
602 0.193842
603 0.193198
604 0.192322
605 0.191889
606 0.191396
607 0.195366
608 0.193157
609 0.193783
610 0.192385
611 0.191644
612 0.192735
613 0.194967
614 0.194401
615 0.192997
616 0.192347
617 0.19308
618 0.192095
619 0.19165
620 0.191443
621 0.193786
622 0.193514
623 0.19404
624 0.193196
625 0.193883
626 0.192324
627 0.191702
628 0.193211
629 0.193026
630 0.195209
631 0.194765
632 0.193282
633 0.193383
634 0.192837
635 0.192019
636 0.191896
637 0.192664
638 0.19148
639 0.191106
640 0.190881
641 0.191058
642 0.192134
643 0.191974
644 0.192079
645 0.19194
646 0.193698
647 0.192283
648 0.192083
649 0.191658
650 0.193254
651 0.192698
652 0.194665
653 0.194474
654 0.194627
655 0.192969
656 0.196558
657 0.196775
658 0.194763
659 0.193596
660 0.192668
661 0.193669
662 0.192334
663 0.191684
664 0.192007
665 0.194512
666 0.192404
667 0.192152
668 0.194583
669 0.192768
670 0.19514
671 0.193456
672 0.19259
673 0.193829
674 0.196335
675 0.193997
676 0.194147
677 0.195705
678 0.195524
679 0.19578
680 0.193616
681 0.194829
682 0.193998
683 0.192377
684 0.193174
685 0.19389
686 0.192843
687 0.195221
688 0.197193
689 0.196059
690 0.194224
691 0.194335
692 0.194806
693 0.194576
694 0.193203
695 0.194674
696 0.194671
697 0.193672
698 0.195556
699 0.193684
700 0.194631
701 0.193445
702 0.193172
703 0.19224
704 0.191813
705 0.195696
706 0.193767
707 0.192888
708 0.192296
709 0.192103
710 0.192704
711 0.19181
712 0.193141
713 0.19374
714 0.192507
715 0.191877
716 0.190792
717 0.19039
718 0.192566
719 0.194803
720 0.193328
721 0.192646
722 0.192301
723 0.193966
724 0.193303
725 0.192949
726 0.192123
727 0.19144
728 0.194037
729 0.193552
730 0.195877
731 0.193518
732 0.193558
733 0.193062
734 0.19466
735 0.193027
736 0.1947
737 0.194488
738 0.19616
739 0.193834
740 0.192633
741 0.194023
742 0.193525
743 0.192608
744 0.191818
745 0.191421
746 0.194598
747 0.194043
748 0.195422
749 0.193691
750 0.194879
751 0.195918
752 0.196101
753 0.19422
754 0.193184
755 0.194589
756 0.195985
757 0.19422
758 0.195979
759 0.197445
760 0.196666
761 0.19469
762 0.197191
763 0.196597
764 0.195517
765 0.193843
766 0.19231
767 0.192126
768 0.194236
769 0.195013
770 0.197391
771 0.194857
772 0.193386
773 0.195969
774 0.195944
775 0.194176
776 0.192385
777 0.194538
778 0.192771
779 0.192271
780 0.195711
781 0.195538
782 0.194009
783 0.193271
784 0.194735
785 0.195646
786 0.193447
787 0.195689
788 0.193349
789 0.195913
790 0.194068
791 0.19317
792 0.192547
793 0.192594
794 0.192222
795 0.191666
796 0.191369
797 0.1928
798 0.196294
799 0.19697
800 0.194457
801 0.193144
802 0.193704
803 0.196782
804 0.194291
805 0.196391
806 0.194067
807 0.192935
808 0.194171
809 0.193161
810 0.192165
811 0.192691
812 0.193762
813 0.1926
814 0.19312
815 0.192158
816 0.191506
817 0.192696
818 0.194491
819 0.19645
820 0.193491
821 0.193849
822 0.196031
823 0.196054
824 0.193621
825 0.196264
826 0.195054
827 0.193228
828 0.193222
829 0.191983
830 0.191875
831 0.19514
832 0.193272
833 0.192538
834 0.191676
835 0.191167
836 0.191436
837 0.195042
838 0.195418
839 0.193402
840 0.193564
841 0.192293
842 0.195535
843 0.195096
844 0.194907
845 0.193118
846 0.19228
847 0.192456
848 0.193051
849 0.195267
850 0.192953
851 0.194757
852 0.192825
853 0.192653
854 0.191905
855 0.193206
856 0.194044
857 0.194605
858 0.193386
859 0.196819
860 0.194184
861 0.193722
862 0.193249
863 0.192064
864 0.195637
865 0.19549
866 0.197726
867 0.194569
868 0.193296
869 0.195895
870 0.193375
871 0.192913
872 0.192299
873 0.194309
874 0.193201
875 0.192668
876 0.192257
877 0.19518
878 0.193394
879 0.193028
880 0.193882
881 0.196941
882 0.198458
883 0.194919
884 0.194709
885 0.19317
886 0.195723
887 0.193569
888 0.193008
889 0.191585
890 0.194386
891 0.192481
892 0.194197
893 0.193417
894 0.192443
895 0.19604
896 0.196471
897 0.193937
898 0.192924
899 0.191934
900 0.191734
901 0.193916
902 0.196822
903 0.193648
904 0.194843
905 0.197618
906 0.198713
907 0.195417
908 0.193887
909 0.195383
910 0.194818
911 0.194426
912 0.196683
913 0.193964
914 0.1928
915 0.193536
916 0.192924
917 0.192301
918 0.19464
919 0.194012
920 0.194201
921 0.192912
922 0.192776
923 0.196449
924 0.193822
925 0.192752
926 0.192152
927 0.194641
928 0.193784
929 0.195123
930 0.19486
931 0.193628
932 0.19515
933 0.192903
934 0.192416
935 0.193581
936 0.193686
937 0.193851
938 0.195255
939 0.193502
940 0.192849
941 0.194736
942 0.192863
943 0.195535
944 0.194666
945 0.194566
946 0.194689
947 0.196812
948 0.197449
949 0.197572
950 0.195081
951 0.193308
952 0.193914
953 0.195768
954 0.193591
955 0.192773
956 0.195385
957 0.192963
958 0.193197
959 0.193695
960 0.194849
961 0.193152
962 0.19246
963 0.194831
964 0.192849
965 0.195198
966 0.197167
967 0.193827
968 0.193769
969 0.192913
970 0.192244
971 0.191647
972 0.192296
973 0.193935
974 0.192794
975 0.193563
976 0.196252
977 0.193482
978 0.19735
979 0.195289
980 0.193819
981 0.197015
982 0.194155
983 0.193194
984 0.192464
985 0.19487
986 0.193846
987 0.193851
988 0.19529
989 0.197306
990 0.197966
991 0.195067
992 0.193294
993 0.196672
994 0.195059
995 0.193531
996 0.192545
997 0.194857
998 0.192982
999 0.192988
1000 0.193427
1001 0.192471
1002 0.192339
1003 0.191941
1004 0.191498
1005 0.191223
1006 0.191291
1007 0.192661
1008 0.191853
1009 0.192813
1010 0.193627
1011 0.194388
1012 0.196096
1013 0.196626
1014 0.195936
1015 0.194126
1016 0.193291
1017 0.192563
1018 0.192826
1019 0.193825
1020 0.192869
1021 0.191978
1022 0.195148
1023 0.195013
1024 0.1952
1025 0.194604
1026 0.19346
1027 0.196169
1028 0.193284
1029 0.192434
1030 0.191597
1031 0.19362
1032 0.192123
1033 0.195852
1034 0.196024
1035 0.197392
1036 0.19671
1037 0.19505
1038 0.195382
1039 0.193074
1040 0.192114
1041 0.194496
1042 0.1926
1043 0.194751
1044 0.19326
1045 0.196455
1046 0.19611
1047 0.194523
1048 0.193499
1049 0.19234
1050 0.191924
1051 0.191526
1052 0.194129
1053 0.192591
1054 0.192008
1055 0.191293
1056 0.193132
1057 0.19531
1058 0.194541
1059 0.193508
1060 0.193914
1061 0.193608
1062 0.196266
1063 0.195135
1064 0.194625
1065 0.196028
1066 0.193858
1067 0.196404
1068 0.196387
1069 0.193714
1070 0.194518
1071 0.193436
1072 0.192596
1073 0.191683
1074 0.192381
1075 0.192188
1076 0.191798
1077 0.194483
1078 0.195295
1079 0.194399
1080 0.193387
1081 0.19285
1082 0.19226
1083 0.191593
1084 0.194472
1085 0.195981
1086 0.195948
1087 0.196871
1088 0.196454
1089 0.195306
1090 0.194729
1091 0.193644
1092 0.192739
1093 0.195615
1094 0.195832
1095 0.193921
1096 0.192942
1097 0.195186
1098 0.194369
1099 0.192876
1100 0.193069
1101 0.192007
1102 0.192282
1103 0.191991
1104 0.191587
1105 0.191399
1106 0.192319
1107 0.195755
1108 0.196158
1109 0.197566
1110 0.196613
1111 0.1942
1112 0.192886
1113 0.192725
1114 0.192567
1115 0.192195
1116 0.192084
1117 0.191646
1118 0.191297
1119 0.194765
1120 0.192493
1121 0.19245
1122 0.191701
1123 0.193782
1124 0.193765
1125 0.192382
1126 0.195473
1127 0.195822
1128 0.19655
1129 0.193846
1130 0.194017
1131 0.19614
1132 0.193806
1133 0.196467
1134 0.193479
1135 0.192509
1136 0.196347
1137 0.195619
1138 0.193879
1139 0.192945
1140 0.192436
1141 0.19636
1142 0.19449
1143 0.196116
1144 0.194171
1145 0.193382
1146 0.192339
1147 0.194106
1148 0.192685
1149 0.191829
1150 0.19217
1151 0.191346
1152 0.191638
1153 0.193426
1154 0.193827
1155 0.195617
1156 0.193645
1157 0.192971
1158 0.192032
1159 0.194849
1160 0.193108
1161 0.19251
1162 0.196312
1163 0.193713
1164 0.195334
1165 0.195815
1166 0.19672
1167 0.195047
1168 0.197368
1169 0.194646
1170 0.193967
1171 0.192699
1172 0.192352
1173 0.193846
1174 0.192311
1175 0.191569
1176 0.193919
1177 0.196644
1178 0.194867
1179 0.193367
1180 0.192043
1181 0.191784
1182 0.191708
1183 0.195179
1184 0.192854
1185 0.193867
1186 0.195435
1187 0.193516
1188 0.192365
1189 0.191631
1190 0.192745
1191 0.192015
1192 0.193564
1193 0.196907
1194 0.193993
1195 0.192691
1196 0.193428
1197 0.192078
1198 0.191866
1199 0.190979
1200 0.191998
1201 0.19432
1202 0.195725
1203 0.194002
1204 0.193478
1205 0.19459
1206 0.196317
1207 0.195963
1208 0.19449
1209 0.192908
1210 0.192183
1211 0.191805
1212 0.191402
1213 0.191419
1214 0.19306
1215 0.193508
1216 0.194856
1217 0.193738
1218 0.192762
1219 0.195593
1220 0.19612
1221 0.193818
1222 0.192773
1223 0.1964
1224 0.193775
1225 0.193894
1226 0.193666
1227 0.194033
1228 0.196078
1229 0.19359
1230 0.194815
1231 0.195092
1232 0.192821
1233 0.195912
1234 0.19304
1235 0.192552
1236 0.193608
1237 0.192523
1238 0.191939
1239 0.192142
1240 0.196018
1241 0.195446
1242 0.196655
1243 0.195238
1244 0.193731
1245 0.192872
1246 0.195734
1247 0.193047
1248 0.193336
1249 0.192232
1250 0.192258
1251 0.191589
1252 0.193887
1253 0.193443
1254 0.192429
1255 0.191622
1256 0.191085
1257 0.190676
1258 0.1917
1259 0.194229
1260 0.192853
1261 0.192717
1262 0.192119
1263 0.193988
1264 0.193766
1265 0.196594
1266 0.19391
1267 0.194668
1268 0.192939
1269 0.19191
1270 0.191057
1271 0.191061
1272 0.195027
1273 0.192896
1274 0.192169
1275 0.191373
1276 0.191059
1277 0.191015
1278 0.190932
1279 0.19258
1280 0.192017
1281 0.193864
1282 0.192399
1283 0.192029
1284 0.19202
1285 0.192663
1286 0.192443
1287 0.191649
1288 0.191898
1289 0.194072
1290 0.194488
1291 0.193734
1292 0.195961
1293 0.195554
1294 0.193784
1295 0.194596
1296 0.19677
1297 0.193955
1298 0.194037
1299 0.192381
1300 0.192032
1301 0.191194
1302 0.191516
1303 0.192658
1304 0.192296
1305 0.192553
1306 0.191957
1307 0.191132
1308 0.195558
1309 0.196991
1310 0.19559
1311 0.19662
1312 0.194626
1313 0.196751
1314 0.195375
1315 0.193304
1316 0.192741
1317 0.191972
1318 0.193576
1319 0.195148
1320 0.193325
1321 0.193012
1322 0.194257
1323 0.192541
1324 0.192311
1325 0.196471
1326 0.193307
1327 0.192787
1328 0.192384
1329 0.196166
1330 0.194894
1331 0.195966
1332 0.194068
1333 0.193105
1334 0.192461
1335 0.191249
1336 0.192948
1337 0.191794
1338 0.191652
1339 0.191126
1340 0.193011
1341 0.193108
1342 0.192913
1343 0.193728
1344 0.192952
1345 0.192119
1346 0.193185
1347 0.192127
1348 0.191527
1349 0.191205
1350 0.191961
1351 0.191546
1352 0.192738
1353 0.192396
1354 0.193929
1355 0.19525
1356 0.19337
1357 0.19398
1358 0.193609
1359 0.194545
1360 0.195269
1361 0.194295
1362 0.196079
1363 0.193699
1364 0.192361
1365 0.193337
1366 0.192342
1367 0.192513
1368 0.192258
1369 0.191968
1370 0.195231
1371 0.194976
1372 0.19416
1373 0.193047
1374 0.193871
1375 0.196403
1376 0.194557
1377 0.194777
1378 0.193494
1379 0.193026
1380 0.196905
1381 0.197083
1382 0.193812
1383 0.196513
1384 0.197545
1385 0.19512
1386 0.19341
1387 0.192614
1388 0.193077
1389 0.192178
1390 0.196282
1391 0.195298
1392 0.193564
1393 0.19402
1394 0.193471
1395 0.196491
1396 0.196874
1397 0.194888
1398 0.197637
1399 0.19431
1400 0.194635
1401 0.192756
1402 0.192919
1403 0.192251
1404 0.195272
1405 0.195367
1406 0.195284
1407 0.195412
1408 0.193695
1409 0.19353
1410 0.192657
1411 0.194421
1412 0.193451
1413 0.192163
1414 0.19233
1415 0.192714
1416 0.195793
1417 0.195202
1418 0.194277
1419 0.193469
1420 0.193394
1421 0.192916
1422 0.196645
1423 0.194188
1424 0.196035
1425 0.195184
1426 0.193573
1427 0.192704
1428 0.192198
1429 0.192427
1430 0.191852
1431 0.194398
1432 0.194384
1433 0.194657
1434 0.194582
1435 0.194785
1436 0.195261
1437 0.197532
1438 0.197908
1439 0.196571
1440 0.198675
1441 0.194799
1442 0.193756
1443 0.195882
1444 0.193714
1445 0.192522
1446 0.192066
1447 0.192162
1448 0.191418
1449 0.191493
1450 0.191052
1451 0.191474
1452 0.191483
1453 0.191282
1454 0.19521
1455 0.19422
1456 0.193069
1457 0.192043
1458 0.191565
1459 0.191164
1460 0.190641
1461 0.19116
1462 0.190945
1463 0.193615
1464 0.194371
1465 0.193403
1466 0.192428
1467 0.191838
1468 0.191829
1469 0.192449
1470 0.191429
1471 0.191581
1472 0.191756
1473 0.190955
1474 0.192806
1475 0.193419
1476 0.19277
1477 0.1944
1478 0.192797
1479 0.19377
1480 0.192146
1481 0.19305
1482 0.192429
1483 0.192031
1484 0.191462
1485 0.191379
1486 0.19261
1487 0.192232
1488 0.191737
1489 0.194697
1490 0.192517
1491 0.191999
1492 0.191934
1493 0.194437
1494 0.192524
1495 0.196467
1496 0.19622
1497 0.193543
1498 0.196678
1499 0.195247
1500 0.197502
1501 0.19548
1502 0.196124
1503 0.194645
1504 0.193057
1505 0.19407
1506 0.192097
1507 0.192219
1508 0.192539
1509 0.192994
1510 0.194956
1511 0.195963
1512 0.193176
1513 0.196233
1514 0.193514
1515 0.192323
1516 0.192899
1517 0.195929
1518 0.195455
1519 0.195643
1520 0.194014
1521 0.194238
1522 0.192919
1523 0.192162
1524 0.190837
1525 0.190752
1526 0.192732
1527 0.195292
1528 0.194117
1529 0.193842
1530 0.195105
1531 0.194324
1532 0.193248
1533 0.192497
1534 0.194152
1535 0.192221
1536 0.191773
1537 0.191197
1538 0.190914
1539 0.190998
1540 0.192709
1541 0.191807
1542 0.191666
1543 0.192972
1544 0.195354
1545 0.193745
1546 0.192403
1547 0.195821
1548 0.19367
1549 0.196895
1550 0.194865
1551 0.19324
1552 0.193769
1553 0.192561
1554 0.193077
1555 0.193217
1556 0.192989
1557 0.192851
1558 0.192136
1559 0.192389
1560 0.191912
1561 0.195757
1562 0.19375
1563 0.192625
1564 0.192332
1565 0.192235
1566 0.191367
1567 0.19299
1568 0.194725
1569 0.192404
1570 0.194488
1571 0.196118
1572 0.195846
1573 0.193785
1574 0.194553
1575 0.192684
1576 0.191755
1577 0.193077
1578 0.19271
1579 0.191757
1580 0.192553
1581 0.195104
1582 0.193384
1583 0.192541
1584 0.193717
1585 0.193611
1586 0.192881
1587 0.193872
1588 0.194546
1589 0.194785
1590 0.192858
1591 0.192205
1592 0.192545
1593 0.194351
1594 0.195851
1595 0.193819
1596 0.194367
1597 0.193694
1598 0.193162
1599 0.192736
1600 0.194212
1601 0.193591
1602 0.19426
1603 0.193237
1604 0.192549
1605 0.191852
1606 0.193991
1607 0.192679
1608 0.192326
1609 0.192283
1610 0.194264
1611 0.194411
1612 0.193849
1613 0.192403
1614 0.190834
1615 0.190746
1616 0.191042
1617 0.190564
1618 0.193154
1619 0.193487
1620 0.193342
1621 0.196052
1622 0.193867
1623 0.196355
1624 0.195191
1625 0.193575
1626 0.192748
1627 0.192641
1628 0.194127
1629 0.192827
1630 0.192036
1631 0.191497
1632 0.191093
1633 0.193075
1634 0.192262
1635 0.192486
1636 0.192324
1637 0.195593
1638 0.193742
1639 0.193023
1640 0.19228
1641 0.191736
1642 0.19513
1643 0.194702
1644 0.193834
1645 0.19661
1646 0.19493
1647 0.193619
1648 0.195647
1649 0.194528
1650 0.19377
1651 0.193193
1652 0.19668
1653 0.194249
1654 0.192771
1655 0.191616
1656 0.1915
1657 0.190884
1658 0.192469
1659 0.193988
1660 0.193989
1661 0.194566
1662 0.193817
1663 0.192918
1664 0.192
1665 0.191885
1666 0.191479
1667 0.191601
1668 0.192161
1669 0.193776
1670 0.195061
1671 0.193124
1672 0.195195
1673 0.194699
1674 0.193652
1675 0.192561
1676 0.192637
1677 0.195922
1678 0.194505
1679 0.194598
1680 0.193543
1681 0.196894
1682 0.195353
1683 0.193835
1684 0.19559
1685 0.193246
1686 0.192581
1687 0.191961
1688 0.194329
1689 0.195367
1690 0.19328
1691 0.192787
1692 0.192028
1693 0.191858
1694 0.192094
1695 0.196005
1696 0.193392
1697 0.192647
1698 0.191314
1699 0.190524
1700 0.191201
1701 0.190846
1702 0.191151
1703 0.191385
1704 0.191409
1705 0.194014
1706 0.19647
1707 0.193743
1708 0.193028
1709 0.194182
1710 0.192975
1711 0.192493
1712 0.194047
1713 0.1945
1714 0.196125
1715 0.195384
1716 0.197352
1717 0.195056
1718 0.193906
1719 0.193153
1720 0.191868
1721 0.192517
1722 0.192989
1723 0.195479
1724 0.195817
1725 0.193917
1726 0.193123
1727 0.1958
1728 0.193429
1729 0.193451
1730 0.193453
1731 0.192608
1732 0.193108
1733 0.192563
1734 0.191834
1735 0.195372
1736 0.193143
1737 0.193149
1738 0.192285
1739 0.191626
1740 0.194915
1741 0.196344
1742 0.196465
1743 0.196898
1744 0.19553
1745 0.196585
1746 0.194009
1747 0.192787
1748 0.191259
1749 0.191586
1750 0.194571
1751 0.195171
1752 0.194527
1753 0.193203
1754 0.192471
1755 0.191681
1756 0.190464
1757 0.192456
1758 0.19401
1759 0.192221
1760 0.192097
1761 0.19396
1762 0.192573
1763 0.191903
1764 0.191356
1765 0.193783
1766 0.194525
1767 0.193145
1768 0.19235
1769 0.192151
1770 0.191454
1771 0.191296
1772 0.194484
1773 0.192216
1774 0.191592
1775 0.191749
1776 0.191331
1777 0.1916
1778 0.192285
1779 0.194081
1780 0.196324
1781 0.194194
1782 0.193674
1783 0.191834
1784 0.192372
1785 0.191649
1786 0.192587
1787 0.193663
1788 0.193354
1789 0.19256
1790 0.193254
1791 0.195266
1792 0.196748
1793 0.194026
1794 0.193787
1795 0.193903
1796 0.19345
1797 0.192896
1798 0.19431
1799 0.193667
1800 0.192788
1801 0.193681
1802 0.194773
1803 0.192771
1804 0.195043
1805 0.196793
1806 0.19613
1807 0.193991
1808 0.195279
1809 0.195841
1810 0.193827
1811 0.193195
1812 0.191858
1813 0.191816
1814 0.190722
1815 0.194128
1816 0.19232
1817 0.192122
1818 0.19356
1819 0.192694
1820 0.193192
1821 0.192038
1822 0.191521
1823 0.193889
1824 0.192625
1825 0.19495
1826 0.196015
1827 0.195532
1828 0.195527
1829 0.194169
1830 0.192887
1831 0.192576
1832 0.192127
1833 0.195123
1834 0.193445
1835 0.192206
1836 0.195135
1837 0.196535
1838 0.192905
1839 0.192111
1840 0.193475
1841 0.195711
1842 0.192981
1843 0.194494
1844 0.193158
1845 0.194444
1846 0.193489
1847 0.195619
1848 0.193683
1849 0.195951
1850 0.195682
1851 0.193679
1852 0.196329
1853 0.197619
1854 0.19598
1855 0.197519
1856 0.194875
1857 0.194856
1858 0.195153
1859 0.195987
1860 0.195134
1861 0.193243
1862 0.192477
1863 0.193802
1864 0.192716
1865 0.19418
1866 0.194965
1867 0.19525
1868 0.196014
1869 0.193204
1870 0.194117
1871 0.194556
1872 0.193653
1873 0.192791
1874 0.192045
1875 0.190754
1876 0.190834
1877 0.191799
1878 0.192885
1879 0.192602
1880 0.192912
1881 0.194211
1882 0.193072
1883 0.195718
1884 0.196365
1885 0.195545
1886 0.193892
1887 0.196231
1888 0.194041
1889 0.192346
1890 0.196011
1891 0.195809
1892 0.194466
1893 0.193398
1894 0.192413
1895 0.191617
1896 0.19315
1897 0.192365
1898 0.192239
1899 0.191545
1900 0.195134
1901 0.193655
1902 0.191986
1903 0.19417
1904 0.194752
1905 0.192233
1906 0.191964
1907 0.191741
1908 0.191923
1909 0.192524
1910 0.191556
1911 0.191937
1912 0.193847
1913 0.197045
1914 0.197502
1915 0.194493
1916 0.197194
1917 0.193831
1918 0.19236
1919 0.191414
1920 0.194021
1921 0.192977
1922 0.192531
1923 0.191421
1924 0.191054
1925 0.191923
1926 0.194408
1927 0.192599
1928 0.194287
1929 0.194679
1930 0.193382
1931 0.195618
1932 0.193181
1933 0.19276
1934 0.192564
1935 0.192526
1936 0.192142
1937 0.191716
1938 0.196158
1939 0.195649
1940 0.192901
1941 0.194486
1942 0.192716
1943 0.196332
1944 0.193413
1945 0.193294
1946 0.19527
1947 0.192694
1948 0.193411
1949 0.193358
1950 0.192596
1951 0.193681
1952 0.193864
1953 0.197123
1954 0.195167
1955 0.193878
1956 0.192534
1957 0.192247
1958 0.194106
1959 0.194001
1960 0.194053
1961 0.192776
1962 0.193999
1963 0.195173
1964 0.193605
1965 0.193292
1966 0.192632
1967 0.193277
1968 0.196059
1969 0.197565
1970 0.196041
1971 0.197334
1972 0.195735
1973 0.197055
1974 0.194233
1975 0.195722
1976 0.194033
1977 0.19315
1978 0.194494
1979 0.192967
1980 0.192653
1981 0.191758
1982 0.195592
1983 0.194279
1984 0.193897
1985 0.192816
1986 0.195991
1987 0.196609
1988 0.198778
1989 0.194974
1990 0.193596
1991 0.19233
1992 0.190935
1993 0.193784
1994 0.196257
1995 0.193249
1996 0.19462
1997 0.193569
1998 0.193933
1999 0.194589
2000 0.192799
2001 0.192014
2002 0.190811
2003 0.190662
2004 0.190507
2005 0.191949
2006 0.191272
2007 0.192318
2008 0.191481
2009 0.191362
2010 0.19353
2011 0.19576
2012 0.193828
2013 0.194689
2014 0.19392
2015 0.193144
2016 0.194428
2017 0.19297
2018 0.193508
2019 0.192309
2020 0.195686
2021 0.193656
2022 0.193724
2023 0.19536
2024 0.193663
2025 0.193912
2026 0.192829
2027 0.194993
2028 0.195329
2029 0.193554
2030 0.193145
2031 0.191982
2032 0.192175
2033 0.192828
2034 0.194431
2035 0.194998
2036 0.193616
2037 0.193403
2038 0.192056
2039 0.191697
2040 0.191371
2041 0.192904
2042 0.19357
2043 0.194785
2044 0.193177
2045 0.194366
2046 0.193046
2047 0.196498
2048 0.194811
2049 0.19527
2050 0.193333
2051 0.192105
2052 0.192234
2053 0.193978
2054 0.194933
2055 0.195132
2056 0.193664
2057 0.194172
2058 0.192634
2059 0.193568
2060 0.195794
2061 0.193688
2062 0.192941
2063 0.19369
2064 0.192241
2065 0.191471
2066 0.191624
2067 0.19154
2068 0.192406
2069 0.191631
2070 0.191823
2071 0.191359
2072 0.19098
2073 0.192547
2074 0.192971
2075 0.192172
2076 0.1934
2077 0.196167
2078 0.193661
2079 0.195499
2080 0.196213
2081 0.193809
2082 0.193346
2083 0.19322
2084 0.192677
2085 0.195229
2086 0.19434
2087 0.193219
2088 0.19399
2089 0.195061
2090 0.195542
2091 0.195069
2092 0.194476
2093 0.194271
2094 0.197199
2095 0.196729
2096 0.195701
2097 0.194866
2098 0.193821
2099 0
