0 -9.89725
1 -2.66631
2 -0.276159
3 0.413646
4 0.626491
5 0.625948
6 0.554071
7 0.487368
8 0.379052
9 0.359309
10 0.416174
11 0.491725
12 0.352768
13 0.394554
14 0.46274
15 0.38503
16 0.499654
17 0.306374
18 0.448049
19 0.290291
20 0.369838
21 0.438528
22 0.408427
23 0.33504
24 0.38537
25 0.401661
26 0.465526
27 0.443278
28 0.39776
29 0.372516
30 0.334953
31 0.434936
32 0.384939
33 0.310648
34 0.309485
35 0.295631
36 0.399199
37 0.499781
38 0.351821
39 0.352016
40 0.459021
41 0.536314
42 0.483312
43 0.531159
44 0.47721
45 0.490188
46 0.470104
47 0.485057
48 0.325335
49 0.28732
50 0.485569
51 0.345954
52 0.376642
53 0.442664
54 0.298722
55 0.412709
56 0.394287
57 0.362996
58 0.400747
59 0.282369
60 0.245118
61 0.228454
62 0.428473
63 0.293714
64 0.386465
65 0.358096
66 0.328142
67 0.321443
68 0.363266
69 0.516112
70 0.378245
71 0.320619
72 0.408276
73 0.441645
74 0.365958
75 0.281885
76 0.269555
77 0.303115
78 0.372588
79 0.271993
80 0.380643
81 0.463952
82 0.406064
83 0.48712
84 0.366716
85 0.461876
86 0.360125
87 0.348045
88 0.31479
89 0.239725
90 0.358506
91 0.333689
92 0.390154
93 0.300147
94 0.280712
95 0.389422
96 0.346408
97 0.301998
98 0.271414
99 0.393894
100 0.286763
101 0.25884
102 0.317968
103 0.495552
104 0.336981
105 0.263528
106 0.427093
107 0.39407
108 0.279073
109 0.278193
110 0.319018
111 0.347787
112 0.258365
113 0.302851
114 0.284893
115 0.42795
116 0.496775
117 0.51144
118 0.418804
119 0.323782
120 0.446589
121 0.32468
122 0.46122
123 0.375225
124 0.369727
125 0.3618
126 0.420488
127 0.390686
128 0.465975
129 0.455817
130 0.391595
131 0.383152
132 0.356528
133 0.347118
134 0.416811
135 0.343182
136 0.293436
137 0.455135
138 0.54
139 0.44015
140 0.427073
141 0.490782
142 0.462273
143 0.300215
144 0.343024
145 0.288011
146 0.2617
147 0.443635
148 0.398474
149 0.435191
150 0.31068
151 0.386901
152 0.385993
153 0.445668
154 0.324788
155 0.379066
156 0.394672
157 0.394266
158 0.430134
159 0.492878
160 0.414611
161 0.292074
162 0.314332
163 0.28235
164 0.38104
165 0.446498
166 0.526
167 0.496728
168 0.410987
169 0.341255
170 0.428633
171 0.472941
172 0.344035
173 0.369519
174 0.371088
175 0.319142
176 0.466112
177 0.300312
178 0.459052
179 0.459747
180 0.550223
181 0.400617
182 0.328574
183 0.482498
184 0.302267
185 0.426247
186 0.275748
187 0.411118
188 0.480536
189 0.422721
190 0.382351
191 0.511993
192 0.437672
193 0.48598
194 0.458142
195 0.385567
196 0.452734
197 0.29767
198 0.301356
199 0.24707
200 0.247638
201 0.395977
202 0.450854
203 0.438834
204 0.401568
205 0.465833
206 0.359633
207 0.277889
208 0.25289
209 0.443712
210 0.536988
211 0.299632
212 0.469199
213 0.443728
214 0.373698
215 0.336778
216 0.501742
217 0.316675
218 0.403649
219 0.477185
220 0.308574
221 0.465759
222 0.451226
223 0.310247
224 0.463182
225 0.412163
226 0.380398
227 0.439369
228 0.396674
229 0.268194
230 0.433488
231 0.508426
232 0.322219
233 0.405444
234 0.420012
235 0.481426
236 0.451507
237 0.545612
238 0.351537
239 0.422172
240 0.514283
241 0.384831
242 0.372416
243 0.288117
244 0.306067
245 0.332518
246 0.266151
247 0.471237
248 0.458347
249 0.304535
250 0.463027
251 0.3932
252 0.51098
253 0.361404
254 0.381802
255 0.318725
256 0.33127
257 0.386256
258 0.399872
259 0.360268
260 0.428066
261 0.490758
262 0.423524
263 0.310356
264 0.351521
265 0.413154
266 0.28978
267 0.455042
268 0.548603
269 0.352808
270 0.439221
271 0.429728
272 0.33955
273 0.335701
274 0.430413
275 0.470808
276 0.524928
277 0.408769
278 0.261062
279 0.493269
280 0.30448
281 0.440818
282 0.505043
283 0.30951
284 0.499867
285 0.305381
286 0.45595
287 0.380266
288 0.471024
289 0.4571
290 0.382985
291 0.493252
292 0.522945
293 0.510963
294 0.357304
295 0.453297
296 0.369721
297 0.442579
298 0.340702
299 0.367362
300 0.495121
301 0.42217
302 0.450275
303 0.398469
304 0.390083
305 0.259616
306 0.387015
307 0.480917
308 0.396917
309 0.411037
310 0.503005
311 0.554461
312 0.419595
313 0.285661
314 0.281475
315 0.284579
316 0.393808
317 0.412182
318 0.532557
319 0.33914
320 0.453745
321 0.408993
322 0.356928
323 0.503214
324 0.348289
325 0.426847
326 0.391336
327 0.427464
328 0.426694
329 0.430641
330 0.355794
331 0.407245
332 0.388726
333 0.384307
334 0.31943
335 0.393007
336 0.265049
337 0.372201
338 0.445375
339 0.361801
340 0.345728
341 0.334288
342 0.401288
343 0.423796
344 0.426697
345 0.322196
346 0.294164
347 0.308878
348 0.482804
349 0.354978
350 0.467069
351 0.34245
352 0.415773
353 0.528162
354 0.314523
355 0.490237
356 0.295764
357 0.362915
358 0.421238
359 0.528618
360 0.407155
361 0.423704
362 0.48145
363 0.340279
364 0.324588
365 0.416918
366 0.299856
367 0.3646
368 0.269862
369 0.405292
370 0.481081
371 0.32926
372 0.39776
373 0.29136
374 0.264592
375 0.290633
376 0.384774
377 0.371171
378 0.414504
379 0.482215
380 0.526213
381 0.47559
382 0.454149
383 0.388216
384 0.267224
385 0.33382
386 0.398484
387 0.300253
388 0.34311
389 0.330453
390 0.476517
391 0.461511
392 0.347903
393 0.300729
394 0.397598
395 0.429149
396 0.373043
397 0.269061
398 0.357051
399 0.387771
400 0.435291
401 0.362881
402 0.452625
403 0.489493
404 0.356966
405 0.411148
406 0.476728
407 0.306862
408 0.457568
409 0.468246
410 0.524967
411 0.419817
412 0.416806
413 0.491432
414 0.468871
415 0.444724
416 0.486011
417 0.36244
418 0.494587
419 0.458157
420 0.532577
421 0.366737
422 0.263766
423 0.426066
424 0.284495
425 0.276396
426 0.359368
427 0.278635
428 0.465121
429 0.384702
430 0.530395
431 0.370265
432 0.302462
433 0.318942
434 0.483696
435 0.505307
436 0.338899
437 0.495557
438 0.509708
439 0.364816
440 0.362342
441 0.445133
442 0.499875
443 0.456126
444 0.4924
445 0.502569
446 0.412037
447 0.332297
448 0.304776
449 0.415482
450 0.303846
451 0.363038
452 0.419911
453 0.47804
454 0.299897
455 0.284112
456 0.279458
457 0.341976
458 0.305411
459 0.396459
460 0.508364
461 0.505434
462 0.308864
463 0.444828
464 0.523946
465 0.421368
466 0.49992
467 0.554289
468 0.427514
469 0.403605
470 0.44628
471 0.325308
472 0.439153
473 0.330837
474 0.485286
475 0.474585
476 0.535716
477 0.50661
478 0.444067
479 0.554945
480 0.305323
481 0.413167
482 0.478984
483 0.501665
484 0.450109
485 0.32715
486 0.453091
487 0.477001
488 0.496538
489 0.351773
490 0.281389
491 0.455546
492 0.434728
493 0.274731
494 0.417704
495 0.308262
496 0.418147
497 0.393346
498 0.3168
499 0.324923
500 0.296796
501 0.392613
502 0.408078
503 0.449052
504 0.286724
505 0.472024
506 0.536039
507 0.507467
508 0.324306
509 0.367125
510 0.295557
511 0.291792
512 0.460996
513 0.372562
514 0.491521
515 0.418602
516 0.514369
517 0.480133
518 0.437446
519 0.434384
520 0.504525
521 0.371649
522 0.355681
523 0.336542
524 0.475
525 0.32633
526 0.351598
527 0.478442
528 0.438444
529 0.434281
530 0.39453
531 0.453368
532 0.505419
533 0.541138
534 0.498709
535 0.422527
536 0.338219
537 0.407266
538 0.435343
539 0.353965
540 0.493535
541 0.475112
542 0.429097
543 0.326088
544 0.454711
545 0.527539
546 0.343799
547 0.279589
548 0.378326
549 0.427896
550 0.456229
551 0.395223
552 0.344137
553 0.366695
554 0.361502
555 0.483986
556 0.44498
557 0.340475
558 0.444317
559 0.529195
560 0.476652
561 0.405165
562 0.280757
563 0.395465
564 0.420991
565 0.421734
566 0.333371
567 0.412259
568 0.357358
569 0.329301
570 0.441001
571 0.476361
572 0.333776
573 0.338459
574 0.351371
575 0.24685
576 0.359887
577 0.465652
578 0.517557
579 0.345969
580 0.368735
581 0.399262
582 0.29715
583 0.361521
584 0.395683
585 0.509956
586 0.536922
587 0.553287
588 0.530337
589 0.37467
590 0.454381
591 0.349489
592 0.515222
593 0.298562
594 0.499338
595 0.388112
596 0.313065
597 0.452389
598 0.354372
599 0.452479
600 0.432428
601 0.369079
602 0.389885
603 0.480531
604 0.369794
605 0.442226
606 0.356202
607 0.405471
608 0.263771
609 0.451434
610 0.376138
611 0.26317
612 0.44762
613 0.291328
614 0.302644
615 0.341523
616 0.377629
617 0.29332
618 0.281605
619 0.393689
620 0.329507
621 0.314508
622 0.253849
623 0.347816
624 0.352571
625 0.438057
626 0.371884
627 0.522098
628 0.418195
629 0.331961
630 0.30262
631 0.466157
632 0.421749
633 0.347426
634 0.435285
635 0.435902
636 0.330577
637 0.288255
638 0.472842
639 0.353411
640 0.419614
641 0.357925
642 0.347073
643 0.482784
644 0.518773
645 0.469273
646 0.472563
647 0.42848
648 0.49364
649 0.328546
650 0.347858
651 0.30515
652 0.446114
653 0.44877
654 0.478571
655 0.456449
656 0.313583
657 0.377043
658 0.448986
659 0.368218
660 0.404066
661 0.287277
662 0.343935
663 0.31886
664 0.292815
665 0.312416
666 0.436412
667 0.329241
668 0.425545
669 0.452793
670 0.398878
671 0.281635
672 0.30272
673 0.265408
674 0.420062
675 0.362559
676 0.310804
677 0.460168
678 0.548495
679 0.315784
680 0.390968
681 0.436916
682 0.412306
683 0.526772
684 0.362563
685 0.303353
686 0.300321
687 0.402582
688 0.339953
689 0.340656
690 0.31774
691 0.27866
692 0.242477
693 0.380614
694 0.373427
695 0.296807
696 0.30923
697 0.339078
698 0.45511
699 0.394407
700 0.38168
701 0.38561
702 0.414952
703 0.456611
704 0.430282
705 0.406058
706 0.44903
707 0.527805
708 0.438402
709 0.39118
710 0.283863
711 0.267109
712 0.466482
713 0.286704
714 0.39542
715 0.287871
716 0.391591
717 0.491884
718 0.547793
719 0.448644
720 0.520885
721 0.441776
722 0.339887
723 0.316527
724 0.277324
725 0.437355
726 0.517636
727 0.36594
728 0.363525
729 0.506665
730 0.437553
731 0.298809
732 0.357655
733 0.25813
734 0.433227
735 0.342338
736 0.488152
737 0.444075
738 0.384211
739 0.424563
740 0.46225
741 0.399677
742 0.264326
743 0.423452
744 0.279721
745 0.31582
746 0.430526
747 0.320231
748 0.244743
749 0.278663
750 0.435318
751 0.283697
752 0.293568
753 0.431223
754 0.27976
755 0.420107
756 0.394809
757 0.286425
758 0.282562
759 0.395091
760 0.507807
761 0.411723
762 0.522327
763 0.447028
764 0.443618
765 0.287455
766 0.302492
767 0.348702
768 0.241057
769 0.36915
770 0.494728
771 0.482832
772 0.475098
773 0.364772
774 0.28819
775 0.220087
776 0.42917
777 0.35852
778 0.281137
779 0.240175
780 0.272328
781 0.432676
782 0.521282
783 0.334531
784 0.467432
785 0.38216
786 0.320978
787 0.330067
788 0.353934
789 0.415625
790 0.341961
791 0.322497
792 0.456006
793 0.455768
794 0.480467
795 0.379369
796 0.416903
797 0.309637
798 0.343385
799 0.317405
800 0.299774
801 0.263809
802 0.408088
803 0.372259
804 0.279949
805 0.274892
806 0.338139
807 0.266611
808 0.42253
809 0.342692
810 0.397046
811 0.36012
812 0.393058
813 0.49191
814 0.333251
815 0.31722
816 0.37561
817 0.355104
818 0.483901
819 0.539073
820 0.392895
821 0.382556
822 0.341336
823 0.321324
824 0.373979
825 0.297284
826 0.283439
827 0.290058
828 0.24553
829 0.451116
830 0.377347
831 0.405499
832 0.35982
833 0.266645
834 0.454715
835 0.3863
836 0.303766
837 0.288208
838 0.320158
839 0.463768
840 0.376725
841 0.340697
842 0.410631
843 0.338113
844 0.305792
845 0.442136
846 0.412672
847 0.343788
848 0.384025
849 0.352512
850 0.399149
851 0.331741
852 0.267996
853 0.23251
854 0.399516
855 0.433971
856 0.392707
857 0.481011
858 0.378992
859 0.454124
860 0.329006
861 0.360222
862 0.295867
863 0.425479
864 0.360358
865 0.263153
866 0.44147
867 0.416985
868 0.518722
869 0.429371
870 0.38342
871 0.366691
872 0.431759
873 0.384867
874 0.354254
875 0.332941
876 0.308862
877 0.397
878 0.406238
879 0.316085
880 0.440516
881 0.494047
882 0.424505
883 0.395718
884 0.31133
885 0.354897
886 0.389148
887 0.334158
888 0.312356
889 0.45423
890 0.410176
891 0.363689
892 0.413627
893 0.445157
894 0.401334
895 0.463309
896 0.409064
897 0.453308
898 0.287099
899 0.391619
900 0.296068
901 0.436237
902 0.282203
903 0.301231
904 0.371701
905 0.507444
906 0.515838
907 0.440438
908 0.477791
909 0.451496
910 0.529379
911 0.399268
912 0.465728
913 0.551779
914 0.312331
915 0.491459
916 0.327683
917 0.415956
918 0.397098
919 0.363362
920 0.504608
921 0.332163
922 0.406086
923 0.270964
924 0.291829
925 0.379123
926 0.318231
927 0.419598
928 0.360538
929 0.47969
930 0.342701
931 0.431258
932 0.303449
933 0.293811
934 0.400057
935 0.379553
936 0.322988
937 0.360173
938 0.261102
939 0.42815
940 0.283412
941 0.313352
942 0.426651
943 0.35588
944 0.262014
945 0.339149
946 0.327757
947 0.371988
948 0.273981
949 0.245327
950 0.388604
951 0.484333
952 0.357955
953 0.290517
954 0.490912
955 0.300177
956 0.357876
957 0.313878
958 0.251745
959 0.388062
960 0.419111
961 0.408704
962 0.472827
963 0.456462
964 0.373585
965 0.342816
966 0.283215
967 0.466198
968 0.531078
969 0.478173
970 0.37373
971 0.478516
972 0.515567
973 0.408506
974 0.281399
975 0.250809
976 0.365837
977 0.44047
978 0.380094
979 0.463899
980 0.342047
981 0.405391
982 0.403384
983 0.367445
984 0.440814
985 0.411216
986 0.425344
987 0.380415
988 0.343811
989 0.30978
990 0.307821
991 0.459325
992 0.290667
993 0.346146
994 0.240395
995 0.386944
996 0.453161
997 0.469509
998 0.339625
999 0.260025
1000 0.448923
1001 0.478544
1002 0.486203
1003 0.449772
1004 0.299988
1005 0.503937
1006 0.331628
1007 0.451135
1008 0.382636
1009 0.367295
1010 0.327532
1011 0.413568
1012 0.254697
1013 0.470547
1014 0.361946
1015 0.399978
1016 0.441778
1017 0.385477
1018 0.460843
1019 0.389367
1020 0.396914
1021 0.304572
1022 0.425225
1023 0.316572
1024 0.309097
1025 0.28252
1026 0.327427
1027 0.283778
1028 0.428512
1029 0.32354
1030 0.388314
1031 0.266374
1032 0.329193
1033 0.361123
1034 0.354155
1035 0.300688
1036 0.231602
1037 0.447821
1038 0.437328
1039 0.514827
1040 0.419443
1041 0.426848
1042 0.392503
1043 0.281292
1044 0.444058
1045 0.430549
1046 0.323664
1047 0.26315
1048 0.371653
1049 0.465045
1050 0.460259
1051 0.428982
1052 0.348439
1053 0.30834
1054 0.47023
1055 0.472662
1056 0.516384
1057 0.477304
1058 0.537668
1059 0.312476
1060 0.373868
1061 0.326832
1062 0.304561
1063 0.452913
1064 0.419417
1065 0.322682
1066 0.41095
1067 0.352291
1068 0.277375
1069 0.433795
1070 0.370081
1071 0.399392
1072 0.50803
1073 0.354577
1074 0.519549
1075 0.346003
1076 0.353286
1077 0.387643
1078 0.424968
1079 0.502614
1080 0.372331
1081 0.308469
1082 0.444212
1083 0.381744
1084 0.424048
1085 0.420841
1086 0.528834
1087 0.447647
1088 0.286078
1089 0.368819
1090 0.451116
1091 0.445219
1092 0.372104
1093 0.280017
1094 0.460676
1095 0.314446
1096 0.343549
1097 0.331778
1098 0.479256
1099 0.384643
1100 0.524792
1101 0.319885
1102 0.302982
1103 0.44441
1104 0.462789
1105 0.324711
1106 0.366751
1107 0.411469
1108 0.450445
1109 0.454109
1110 0.557556
1111 0.313506
1112 0.392695
1113 0.350037
1114 0.398236
1115 0.351431
1116 0.247441
1117 0.418516
1118 0.4102
1119 0.346099
1120 0.264824
1121 0.220404
1122 0.465675
1123 0.305719
1124 0.385233
1125 0.496351
1126 0.463679
1127 0.524894
1128 0.440062
1129 0.410838
1130 0.499991
1131 0.406829
1132 0.454483
1133 0.35866
1134 0.425898
1135 0.356698
1136 0.307318
1137 0.476054
1138 0.325158
1139 0.476376
1140 0.519241
1141 0.453423
1142 0.4543
1143 0.48946
1144 0.400231
1145 0.304657
1146 0.490426
1147 0.379498
1148 0.504605
1149 0.28514
1150 0.390751
1151 0.491698
1152 0.435881
1153 0.523517
1154 0.397434
1155 0.354654
1156 0.495813
1157 0.391544
1158 0.362503
1159 0.32687
1160 0.463451
1161 0.412382
1162 0.376263
1163 0.390263
1164 0.464844
1165 0.421275
1166 0.271928
1167 0.424718
1168 0.31674
1169 0.405989
1170 0.29451
1171 0.363335
1172 0.375688
1173 0.509307
1174 0.391138
1175 0.450067
1176 0.477262
1177 0.456785
1178 0.336294
1179 0.350508
1180 0.287963
1181 0.396806
1182 0.334538
1183 0.309494
1184 0.357426
1185 0.396509
1186 0.410539
1187 0.34417
1188 0.297939
1189 0.493281
1190 0.375561
1191 0.396336
1192 0.522344
1193 0.387881
1194 0.258539
1195 0.394478
1196 0.377704
1197 0.427984
1198 0.522842
1199 0.421702
1200 0.455586
1201 0.524883
1202 0.424683
1203 0.293932
1204 0.371847
1205 0.346791
1206 0.364775
1207 0.240029
1208 0.419661
1209 0.448957
1210 0.299536
1211 0.292371
1212 0.328781
1213 0.272191
1214 0.449295
1215 0.27885
1216 0.382705
1217 0.261261
1218 0.441365
1219 0.413659
1220 0.455524
1221 0.389721
1222 0.509338
1223 0.445821
1224 0.393369
1225 0.308879
1226 0.26612
1227 0.373379
1228 0.39881
1229 0.391257
1230 0.413826
1231 0.291204
1232 0.33457
1233 0.434764
1234 0.29087
1235 0.471998
1236 0.515103
1237 0.546258
1238 0.539531
1239 0.4825
1240 0.519691
1241 0.345173
1242 0.31532
1243 0.452975
1244 0.286829
1245 0.323683
1246 0.230674
1247 0.466726
1248 0.496861
1249 0.319921
1250 0.282143
1251 0.269056
1252 0.360341
1253 0.469305
1254 0.378722
1255 0.487882
1256 0.406111
1257 0.515379
1258 0.464658
1259 0.322256
1260 0.251331
1261 0.332908
1262 0.398473
1263 0.245041
1264 0.467894
1265 0.418835
1266 0.485029
1267 0.461292
1268 0.4454
1269 0.308108
1270 0.280798
1271 0.33969
1272 0.422332
1273 0.434189
1274 0.547332
1275 0.311748
1276 0.393709
1277 0.479115
1278 0.503056
1279 0.464464
1280 0.498091
1281 0.376754
1282 0.395825
1283 0.279822
1284 0.472657
1285 0.279188
1286 0.424898
1287 0.373435
1288 0.517934
1289 0.389415
1290 0.412458
1291 0.423922
1292 0.323794
1293 0.4275
1294 0.307562
1295 0.356139
1296 0.361745
1297 0.511538
1298 0.407009
1299 0.444471
1300 0.425551
1301 0.281662
1302 0.472973
1303 0.332851
1304 0.38525
1305 0.484064
1306 0.426157
1307 0.34577
1308 0.350816
1309 0.268965
1310 0.234053
1311 0.221609
1312 0.399217
1313 0.331605
1314 0.293689
1315 0.429706
1316 0.438107
1317 0.391162
1318 0.286993
1319 0.488652
1320 0.308232
1321 0.275548
1322 0.275284
1323 0.348953
1324 0.383448
1325 0.376386
1326 0.292391
1327 0.405501
1328 0.340391
1329 0.398524
1330 0.353179
1331 0.440889
1332 0.341012
1333 0.249802
1334 0.356273
1335 0.405782
1336 0.535803
1337 0.333235
1338 0.264775
1339 0.280638
1340 0.393622
1341 0.344384
1342 0.463579
1343 0.544928
1344 0.378051
1345 0.289332
1346 0.472064
1347 0.461434
1348 0.322412
1349 0.452737
1350 0.290794
1351 0.406688
1352 0.370097
1353 0.371109
1354 0.414605
1355 0.404397
1356 0.428459
1357 0.483753
1358 0.355382
1359 0.473176
1360 0.358848
1361 0.293765
1362 0.30558
1363 0.25834
1364 0.416711
1365 0.286783
1366 0.475322
1367 0.304687
1368 0.34434
1369 0.463816
1370 0.412489
1371 0.438951
1372 0.477381
1373 0.429718
1374 0.403178
1375 0.421572
1376 0.458271
1377 0.315313
1378 0.39707
1379 0.352418
1380 0.259499
1381 0.373389
1382 0.476257
1383 0.494172
1384 0.399883
1385 0.5296
1386 0.429304
1387 0.350185
1388 0.498753
1389 0.381744
1390 0.500931
1391 0.500463
1392 0.457297
1393 0.4423
1394 0.276668
1395 0.404355
1396 0.479973
1397 0.42802
1398 0.462217
1399 0.413972
1400 0.338899
1401 0.371618
1402 0.392237
1403 0.256657
1404 0.450638
1405 0.514893
1406 0.368037
1407 0.3485
1408 0.476097
1409 0.450542
1410 0.400518
1411 0.343406
1412 0.46473
1413 0.325808
1414 0.482685
1415 0.364999
1416 0.371243
1417 0.375176
1418 0.380445
1419 0.261337
1420 0.344572
1421 0.463729
1422 0.358736
1423 0.345923
1424 0.473862
1425 0.345399
1426 0.393582
1427 0.302564
1428 0.356634
1429 0.410109
1430 0.335219
1431 0.286108
1432 0.271972
1433 0.482213
1434 0.310022
1435 0.488886
1436 0.470092
1437 0.303836
1438 0.336768
1439 0.348741
1440 0.404732
1441 0.378792
1442 0.307512
1443 0.355054
1444 0.49557
1445 0.349467
1446 0.325777
1447 0.475344
1448 0.522194
1449 0.511128
1450 0.423147
1451 0.545508
1452 0.347852
1453 0.497212
1454 0.395961
1455 0.397467
1456 0.358149
1457 0.269952
1458 0.47057
1459 0.300097
1460 0.307305
1461 0.461425
1462 0.431899
1463 0.473809
1464 0.398006
1465 0.491408
1466 0.466118
1467 0.421794
1468 0.490798
1469 0.363295
1470 0.4203
1471 0.453671
1472 0.320329
1473 0.299051
1474 0.472142
1475 0.44278
1476 0.34025
1477 0.478883
1478 0.491224
1479 0.507432
1480 0.524534
1481 0.505452
1482 0.441082
1483 0.444386
1484 0.439952
1485 0.414664
1486 0.476233
1487 0.4018
1488 0.276159
1489 0.401319
1490 0.510207
1491 0.32661
1492 0.292515
1493 0.245796
1494 0.460397
1495 0.322322
1496 0.417276
1497 0.337143
1498 0.432123
1499 0.330546
1500 0.432681
1501 0.358771
1502 0.375664
1503 0.327239
1504 0.386008
1505 0.435849
1506 0.395868
1507 0.350779
1508 0.309213
1509 0.373151
1510 0.422397
1511 0.345968
1512 0.333086
1513 0.436289
1514 0.50189
1515 0.522737
1516 0.462756
1517 0.386693
1518 0.470932
1519 0.368654
1520 0.378588
1521 0.36525
1522 0.274928
1523 0.229109
1524 0.290019
1525 0.373565
1526 0.280769
1527 0.319358
1528 0.366578
1529 0.354673
1530 0.384631
1531 0.510874
1532 0.395806
1533 0.490669
1534 0.440259
1535 0.41823
1536 0.453285
1537 0.340546
1538 0.318886
1539 0.248076
1540 0.394291
1541 0.464306
1542 0.416689
1543 0.312561
1544 0.294576
1545 0.257505
1546 0.365175
1547 0.306087
1548 0.447469
1549 0.395882
1550 0.524349
1551 0.333222
1552 0.320157
1553 0.31072
1554 0.450944
1555 0.524498
1556 0.353766
1557 0.496298
1558 0.441991
1559 0.469271
1560 0.31906
1561 0.33383
1562 0.292637
1563 0.434606
1564 0.467437
1565 0.471985
1566 0.393643
1567 0.455379
1568 0.397355
1569 0.276924
1570 0.455055
1571 0.390681
1572 0.324517
1573 0.28431
1574 0.30841
1575 0.341795
1576 0.463086
1577 0.432904
1578 0.320252
1579 0.353432
1580 0.456071
1581 0.452783
1582 0.369084
1583 0.244759
1584 0.464361
1585 0.497863
1586 0.345826
1587 0.27848
1588 0.267305
1589 0.377378
1590 0.306948
1591 0.458529
1592 0.503628
1593 0.453136
1594 0.533763
1595 0.358052
1596 0.42267
1597 0.39206
1598 0.496781
1599 0.374943
1600 0.257725
1601 0.382681
1602 0.383346
1603 0.346994
1604 0.421031
1605 0.404211
1606 0.444221
1607 0.424497
1608 0.531472
1609 0.444537
1610 0.51895
1611 0.442727
1612 0.49928
1613 0.326734
1614 0.430345
1615 0.513813
1616 0.496522
1617 0.322355
1618 0.481467
1619 0.461223
1620 0.358709
1621 0.256381
1622 0.262974
1623 0.251188
1624 0.37976
1625 0.478312
1626 0.535832
1627 0.374069
1628 0.480235
1629 0.324191
1630 0.46984
1631 0.468792
1632 0.372785
1633 0.389363
1634 0.498843
1635 0.332172
1636 0.33308
1637 0.478069
1638 0.431431
1639 0.508169
1640 0.399817
1641 0.494535
1642 0.355065
1643 0.377618
1644 0.276229
1645 0.469518
1646 0.284616
1647 0.430293
1648 0.340102
1649 0.312525
1650 0.237327
1651 0.403755
1652 0.294727
1653 0.43858
1654 0.388937
1655 0.323854
1656 0.263773
1657 0.308162
1658 0.247254
1659 0.282777
1660 0.248753
1661 0.254945
1662 0.288412
1663 0.404502
1664 0.348873
1665 0.335975
1666 0.370405
1667 0.393322
1668 0.336185
1669 0.410812
1670 0.274227
1671 0.486162
1672 0.368584
1673 0.488381
1674 0.355768
1675 0.49577
1676 0.493412
1677 0.295654
1678 0.445588
1679 0.395595
1680 0.385367
1681 0.316838
1682 0.454337
1683 0.328928
1684 0.48332
1685 0.413297
1686 0.425171
1687 0.369861
1688 0.278424
1689 0.346297
1690 0.441313
1691 0.396491
1692 0.467201
1693 0.356611
1694 0.362848
1695 0.446287
1696 0.483767
1697 0.488532
1698 0.318157
1699 0.361786
1700 0.430227
1701 0.345374
1702 0.327609
1703 0.355133
1704 0.357378
1705 0.480919
1706 0.373449
1707 0.488526
1708 0.306647
1709 0.412786
1710 0.358866
1711 0.471816
1712 0.309202
1713 0.312972
1714 0.48766
1715 0.286623
1716 0.429231
1717 0.514329
1718 0.43413
1719 0.36376
1720 0.263939
1721 0.451483
1722 0.386025
1723 0.412916
1724 0.425494
1725 0.504339
1726 0.336184
1727 0.312803
1728 0.357229
1729 0.508433
1730 0.305685
1731 0.305348
1732 0.462525
1733 0.479402
1734 0.491274
1735 0.299685
1736 0.376057
1737 0.334846
1738 0.34882
1739 0.300478
1740 0.420194
1741 0.415291
1742 0.481512
1743 0.354585
1744 0.523616
1745 0.315623
1746 0.312997
1747 0.465301
1748 0.342169
1749 0.326609
1750 0.319102
1751 0.498046
1752 0.382854
1753 0.504378
1754 0.324231
1755 0.401899
1756 0.43121
1757 0.456938
1758 0.480872
1759 0.336234
1760 0.433439
1761 0.330994
1762 0.332222
1763 0.231059
1764 0.423858
1765 0.455458
1766 0.48236
1767 0.437008
1768 0.38968
1769 0.290062
1770 0.482385
1771 0.470151
1772 0.280427
1773 0.391619
1774 0.442094
1775 0.523741
1776 0.540126
1777 0.360724
1778 0.501381
1779 0.552688
1780 0.452779
1781 0.509851
1782 0.400264
1783 0.35294
1784 0.435679
1785 0.343228
1786 0.366084
1787 0.276883
1788 0.350418
1789 0.493124
1790 0.468626
1791 0.315311
1792 0.452831
1793 0.309747
1794 0.339964
1795 0.36585
1796 0.419452
1797 0.319441
1798 0.265744
1799 0.324339
1800 0.444079
1801 0.42369
1802 0.293238
1803 0.349941
1804 0.414679
1805 0.307515
1806 0.424153
1807 0.379878
1808 0.262618
1809 0.421199
1810 0.375258
1811 0.432128
1812 0.496319
1813 0.370389
1814 0.397795
1815 0.412173
1816 0.425544
1817 0.477042
1818 0.327845
1819 0.432515
1820 0.424562
1821 0.463295
1822 0.297438
1823 0.325082
1824 0.459352
1825 0.348804
1826 0.497301
1827 0.415987
1828 0.461802
1829 0.309464
1830 0.381138
1831 0.347794
1832 0.263217
1833 0.254848
1834 0.361645
1835 0.383507
1836 0.249798
1837 0.469419
1838 0.384075
1839 0.496484
1840 0.521913
1841 0.394109
1842 0.363876
1843 0.368375
1844 0.35303
1845 0.43766
1846 0.395664
1847 0.467664
1848 0.50251
1849 0.361948
1850 0.275848
1851 0.335475
1852 0.504504
1853 0.361873
1854 0.315592
1855 0.398952
1856 0.30378
1857 0.471102
1858 0.424685
1859 0.379204
1860 0.282839
1861 0.377203
1862 0.311537
1863 0.327173
1864 0.431806
1865 0.429603
1866 0.352932
1867 0.42026
1868 0.444455
1869 0.532454
1870 0.445939
1871 0.438761
1872 0.50014
1873 0.398243
1874 0.265088
1875 0.384352
1876 0.514647
1877 0.393985
1878 0.441196
1879 0.487199
1880 0.361247
1881 0.318485
1882 0.433056
1883 0.43864
1884 0.36869
1885 0.380126
1886 0.313828
1887 0.419367
1888 0.532371
1889 0.344792
1890 0.282483
1891 0.391993
1892 0.415374
1893 0.476836
1894 0.443426
1895 0.399199
1896 0.448092
1897 0.342632
1898 0.347226
1899 0.400298
1900 0.287913
1901 0.295739
1902 0.353377
1903 0.413369
1904 0.391826
1905 0.364517
1906 0.3294
1907 0.407573
1908 0.280094
1909 0.308348
1910 0.238093
1911 0.453696
1912 0.389734
1913 0.390654
1914 0.316292
1915 0.362584
1916 0.478402
1917 0.470611
1918 0.324755
1919 0.34253
1920 0.431485
1921 0.322449
1922 0.331283
1923 0.391066
1924 0.439529
1925 0.394608
1926 0.485244
1927 0.405692
1928 0.430741
1929 0.399851
1930 0.335286
1931 0.412851
1932 0.33923
1933 0.283631
1934 0.382273
1935 0.338078
1936 0.442424
1937 0.421836
1938 0.524791
1939 0.435553
1940 0.426756
1941 0.451053
1942 0.322868
1943 0.392381
1944 0.285202
1945 0.232923
1946 0.411313
1947 0.44207
1948 0.446616
1949 0.375913
1950 0.28966
1951 0.280957
1952 0.48154
1953 0.345393
1954 0.403287
1955 0.39061
1956 0.309425
1957 0.410004
1958 0.299888
1959 0.485025
1960 0.410237
1961 0.416282
1962 0.347231
1963 0.41878
1964 0.441457
1965 0.468944
1966 0.361793
1967 0.367165
1968 0.429382
1969 0.383951
1970 0.420844
1971 0.321566
1972 0.370153
1973 0.352952
1974 0.297705
1975 0.384924
1976 0.449005
1977 0.458967
1978 0.505615
1979 0.317314
1980 0.399334
1981 0.496126
1982 0.50337
1983 0.461288
1984 0.526462
1985 0.373328
1986 0.488739
1987 0.308247
1988 0.332495
1989 0.295672
1990 0.412553
1991 0.405873
1992 0.380258
1993 0.415082
1994 0.303544
1995 0.244674
1996 0.373593
1997 0.513917
1998 0.291773
1999 0.462245
2000 0.396705
2001 0.31742
2002 0.337603
2003 0.252554
2004 0.4534
2005 0.519937
2006 0.534751
2007 0.392817
2008 0.511756
2009 0.405983
2010 0.384249
2011 0.364874
2012 0.35954
2013 0.313783
2014 0.253653
2015 0.371508
2016 0.442148
2017 0.513625
2018 0.489566
2019 0.415716
2020 0.49127
2021 0.298082
2022 0.420531
2023 0.353436
2024 0.311328
2025 0.42807
2026 0.400498
2027 0.334959
2028 0.329694
2029 0.468287
2030 0.336714
2031 0.435795
2032 0.51402
2033 0.363541
2034 0.416989
2035 0.414004
2036 0.387475
2037 0.436113
2038 0.366146
2039 0.335572
2040 0.458946
2041 0.478101
2042 0.536706
2043 0.455707
2044 0.394457
2045 0.432014
2046 0.509711
2047 0.532999
2048 0.389275
2049 0.264041
2050 0.385184
2051 0.310757
2052 0.256195
2053 0.220848
2054 0.356549
2055 0.392285
2056 0.497778
2057 0.543415
2058 0.511004
2059 0.408483
2060 0.501771
2061 0.549324
2062 0.456427
2063 0.397759
2064 0.459945
2065 0.531075
2066 0.484734
2067 0.391083
2068 0.323781
2069 0.421545
2070 0.448215
2071 0.309711
2072 0.24119
2073 0.370929
2074 0.380502
2075 0.447195
2076 0.485105
2077 0.402153
2078 0.387869
2079 0.405815
2080 0.433661
2081 0.440819
2082 0.389065
2083 0.427333
2084 0.508616
2085 0.399069
2086 0.392856
2087 0.448097
2088 0.389678
2089 0.307431
2090 0.32775
2091 0.258446
2092 0.258346
2093 0.250858
2094 0.334504
2095 0.416793
2096 0.323087
2097 0.477157
2098 0.544677
2099 0
