0 -70.4925
1 16.6019
2 -7.83127
3 6.27459
4 1.66755
5 -1.35005
6 -2.81715
7 -3.74029
8 -4.22703
9 -4.23344
10 -4.50242
11 -4.78647
12 -4.94247
13 -4.48346
14 -5.1385
15 -4.91569
16 -4.82713
17 -5.38177
18 -4.5314
19 -5.50964
20 -4.3028
21 -5.1149
22 -4.97848
23 -4.77373
24 -4.82559
25 -4.90132
26 -4.82579
27 -5.03953
28 -4.99007
29 -4.97923
30 -4.86506
31 -4.84676
32 -5.06548
33 -4.84331
34 -4.58452
35 -4.68799
36 -4.21167
37 -4.60177
38 -4.92746
39 -3.79838
40 -4.52195
41 -3.62839
42 -3.64835
43 -3.70986
44 -3.40334
45 -3.70377
46 -2.03016
47 -2.08335
48 -1.33706
49 -0.538451
50 -1.44064
51 -0.341467
52 -0.414486
53 -0.182101
54 0.167408
55 -0.18341
56 0.13206
57 0.0393861
58 0.139252
59 0.213707
60 0.137374
61 0.171021
62 0.142839
63 0.150945
64 0.161265
65 0.159877
66 0.16755
67 0.165478
68 0.157657
69 0.172223
70 0.157958
71 0.170598
72 0.191733
73 0.171134
74 0.163604
75 0.162644
76 0.163442
77 0.160215
78 0.151877
79 0.146384
80 0.162478
81 0.170111
82 0.159922
83 0.17913
84 0.17994
85 0.176485
86 0.177091
87 0.165953
88 0.162476
89 0.148069
90 0.163424
91 0.160164
92 0.155479
93 0.156789
94 0.156785
95 0.168121
96 0.157172
97 0.154426
98 0.164244
99 0.167627
100 0.157936
101 0.149776
102 0.161545
103 0.159904
104 0.153993
105 0.150157
106 0.185334
107 0.163024
108 0.147485
109 0.163631
110 0.165943
111 0.148691
112 0.147507
113 0.156409
114 0.154908
115 0.154794
116 0.164852
117 0.167469
118 0.171818
119 0.176387
120 0.195612
121 0.167326
122 0.169928
123 0.177813
124 0.162837
125 0.175687
126 0.17566
127 0.170724
128 0.181962
129 0.188534
130 0.17458
131 0.181353
132 0.175773
133 0.165118
134 0.178246
135 0.162688
136 0.157149
137 0.193083
138 0.181495
139 0.165752
140 0.191435
141 0.209639
142 0.188584
143 0.164465
144 0.174894
145 0.160914
146 0.155415
147 0.172328
148 0.161528
149 0.16177
150 0.167485
151 0.168466
152 0.177078
153 0.170875
154 0.161706
155 0.167803
156 0.179054
157 0.169686
158 0.176914
159 0.186852
160 0.177609
161 0.164334
162 0.168269
163 0.161751
164 0.158003
165 0.167277
166 0.161133
167 0.183137
168 0.181191
169 0.175149
170 0.194823
171 0.185844
172 0.160705
173 0.175255
174 0.178389
175 0.15663
176 0.178104
177 0.163493
178 0.169031
179 0.196821
180 0.179351
181 0.177329
182 0.176125
183 0.201108
184 0.158909
185 0.173835
186 0.169083
187 0.16878
188 0.182153
189 0.161142
190 0.176054
191 0.211186
192 0.187029
193 0.191225
194 0.201389
195 0.179514
196 0.191192
197 0.164272
198 0.159408
199 0.157893
200 0.147097
201 0.158357
202 0.160118
203 0.152469
204 0.17721
205 0.192861
206 0.17471
207 0.155469
208 0.162647
209 0.171684
210 0.158292
211 0.162094
212 0.199116
213 0.196406
214 0.164022
215 0.179088
216 0.191437
217 0.163308
218 0.174298
219 0.203373
220 0.157594
221 0.190544
222 0.191046
223 0.161647
224 0.197476
225 0.184834
226 0.162195
227 0.19208
228 0.175376
229 0.157839
230 0.183788
231 0.17737
232 0.156452
233 0.183876
234 0.193046
235 0.173414
236 0.182273
237 0.197093
238 0.182275
239 0.1925
240 0.212827
241 0.171857
242 0.171396
243 0.164383
244 0.160881
245 0.15875
246 0.150037
247 0.167514
248 0.168612
249 0.156153
250 0.19386
251 0.184712
252 0.174681
253 0.177719
254 0.17275
255 0.171071
256 0.16141
257 0.16821
258 0.164954
259 0.160989
260 0.178506
261 0.185447
262 0.170844
263 0.167725
264 0.176861
265 0.173333
266 0.156278
267 0.178709
268 0.194808
269 0.159423
270 0.194842
271 0.195084
272 0.163158
273 0.176528
274 0.179889
275 0.17701
276 0.18293
277 0.171515
278 0.163411
279 0.209902
280 0.168039
281 0.161822
282 0.20116
283 0.160921
284 0.204013
285 0.186121
286 0.167716
287 0.191456
288 0.173677
289 0.188544
290 0.176402
291 0.200023
292 0.203681
293 0.191663
294 0.177253
295 0.198503
296 0.180454
297 0.180723
298 0.178162
299 0.171594
300 0.19259
301 0.171221
302 0.18243
303 0.188148
304 0.175706
305 0.156874
306 0.173514
307 0.180881
308 0.15969
309 0.172649
310 0.197492
311 0.193781
312 0.175926
313 0.162866
314 0.16774
315 0.16089
316 0.156017
317 0.160652
318 0.167635
319 0.171068
320 0.183101
321 0.189941
322 0.162708
323 0.192276
324 0.1691
325 0.171541
326 0.186003
327 0.175009
328 0.183755
329 0.178299
330 0.175827
331 0.180346
332 0.177365
333 0.169967
334 0.16426
335 0.175781
336 0.157166
337 0.164203
338 0.175642
339 0.155713
340 0.161441
341 0.172691
342 0.165469
343 0.168738
344 0.171112
345 0.161787
346 0.16366
347 0.16815
348 0.169052
349 0.160076
350 0.171229
351 0.175564
352 0.173098
353 0.202612
354 0.16533
355 0.191438
356 0.173723
357 0.162196
358 0.192675
359 0.167168
360 0.170358
361 0.181985
362 0.205588
363 0.170554
364 0.169081
365 0.182331
366 0.159671
367 0.162754
368 0.160259
369 0.162144
370 0.179413
371 0.157279
372 0.18035
373 0.166944
374 0.153384
375 0.155432
376 0.154498
377 0.152073
378 0.159521
379 0.183801
380 0.184233
381 0.191735
382 0.189012
383 0.184357
384 0.166117
385 0.171159
386 0.171135
387 0.151877
388 0.163654
389 0.168689
390 0.164433
391 0.170101
392 0.161175
393 0.164024
394 0.185287
395 0.167458
396 0.161127
397 0.159192
398 0.170762
399 0.166668
400 0.163531
401 0.166593
402 0.178453
403 0.191036
404 0.169781
405 0.187706
406 0.1969
407 0.164073
408 0.190199
409 0.200552
410 0.172817
411 0.18556
412 0.185952
413 0.2092
414 0.1893
415 0.186089
416 0.200811
417 0.179898
418 0.201923
419 0.205179
420 0.196125
421 0.175016
422 0.160312
423 0.189381
424 0.160429
425 0.149748
426 0.169458
427 0.154648
428 0.1607
429 0.170864
430 0.160864
431 0.1714
432 0.158868
433 0.179774
434 0.175042
435 0.167101
436 0.163318
437 0.208452
438 0.212382
439 0.170902
440 0.184557
441 0.202442
442 0.183683
443 0.181606
444 0.200405
445 0.210519
446 0.182617
447 0.172312
448 0.167812
449 0.173536
450 0.159831
451 0.160875
452 0.178012
453 0.164987
454 0.157433
455 0.154014
456 0.162452
457 0.153463
458 0.152034
459 0.156967
460 0.169944
461 0.168705
462 0.170655
463 0.191835
464 0.203358
465 0.170627
466 0.2044
467 0.217894
468 0.182889
469 0.191335
470 0.203313
471 0.166022
472 0.183641
473 0.174158
474 0.179412
475 0.199039
476 0.187595
477 0.206913
478 0.194943
479 0.225743
480 0.166315
481 0.18647
482 0.211605
483 0.172873
484 0.188518
485 0.178038
486 0.20405
487 0.194338
488 0.181371
489 0.166996
490 0.161444
491 0.199719
492 0.173907
493 0.152407
494 0.182571
495 0.165504
496 0.160594
497 0.174309
498 0.158929
499 0.166993
500 0.163347
501 0.162134
502 0.164863
503 0.162233
504 0.167882
505 0.187793
506 0.198791
507 0.165706
508 0.167543
509 0.180083
510 0.1658
511 0.159296
512 0.180798
513 0.163155
514 0.170298
515 0.191143
516 0.187008
517 0.197142
518 0.188381
519 0.200379
520 0.202376
521 0.175422
522 0.174883
523 0.182941
524 0.17402
525 0.160123
526 0.16146
527 0.194929
528 0.171807
529 0.173994
530 0.186755
531 0.190633
532 0.193917
533 0.203184
534 0.20066
535 0.191283
536 0.180409
537 0.190083
538 0.178145
539 0.166123
540 0.192534
541 0.192215
542 0.171689
543 0.177662
544 0.198347
545 0.195398
546 0.16307
547 0.164313
548 0.182997
549 0.166165
550 0.167391
551 0.166581
552 0.168717
553 0.176396
554 0.170374
555 0.174015
556 0.169414
557 0.161406
558 0.193076
559 0.195959
560 0.178223
561 0.180081
562 0.171054
563 0.182631
564 0.17641
565 0.16699
566 0.163573
567 0.177892
568 0.169261
569 0.159565
570 0.180051
571 0.173085
572 0.159652
573 0.173245
574 0.173913
575 0.151579
576 0.161421
577 0.171184
578 0.159502
579 0.16057
580 0.178602
581 0.18951
582 0.159057
583 0.165062
584 0.170744
585 0.174156
586 0.185394
587 0.2028
588 0.20965
589 0.188772
590 0.20517
591 0.188803
592 0.188316
593 0.17129
594 0.181332
595 0.187278
596 0.156998
597 0.197596
598 0.166622
599 0.173414
600 0.184112
601 0.167303
602 0.182294
603 0.193746
604 0.171159
605 0.18041
606 0.178461
607 0.17294
608 0.163214
609 0.178737
610 0.171484
611 0.152405
612 0.184347
613 0.160356
614 0.155587
615 0.170158
616 0.160512
617 0.150835
618 0.157628
619 0.162711
620 0.158794
621 0.150026
622 0.153672
623 0.160273
624 0.153694
625 0.158054
626 0.161952
627 0.175034
628 0.176858
629 0.164832
630 0.176023
631 0.183309
632 0.168982
633 0.161543
634 0.192653
635 0.184395
636 0.160097
637 0.166393
638 0.192259
639 0.156388
640 0.162499
641 0.175538
642 0.16342
643 0.188833
644 0.181521
645 0.176939
646 0.199544
647 0.197847
648 0.198605
649 0.17485
650 0.176161
651 0.177663
652 0.17346
653 0.174053
654 0.173226
655 0.186647
656 0.166242
657 0.186711
658 0.182962
659 0.160905
660 0.176468
661 0.164899
662 0.161063
663 0.164683
664 0.151566
665 0.159801
666 0.166004
667 0.155975
668 0.163881
669 0.184994
670 0.171032
671 0.160136
672 0.165465
673 0.161606
674 0.159978
675 0.15328
676 0.152595
677 0.186741
678 0.184578
679 0.156443
680 0.181898
681 0.198763
682 0.167074
683 0.188889
684 0.175592
685 0.162137
686 0.172944
687 0.164369
688 0.157106
689 0.157841
690 0.159283
691 0.155193
692 0.151907
693 0.157378
694 0.155581
695 0.149466
696 0.161837
697 0.162987
698 0.162539
699 0.164572
700 0.165461
701 0.179236
702 0.177852
703 0.178669
704 0.179497
705 0.177433
706 0.192502
707 0.199569
708 0.179777
709 0.175459
710 0.167561
711 0.158561
712 0.176249
713 0.152999
714 0.158032
715 0.166425
716 0.155111
717 0.183626
718 0.171775
719 0.178845
720 0.209134
721 0.202586
722 0.171218
723 0.169857
724 0.15758
725 0.168431
726 0.174814
727 0.155746
728 0.17596
729 0.211519
730 0.180231
731 0.160028
732 0.180456
733 0.15974
734 0.16536
735 0.166733
736 0.169109
737 0.185962
738 0.166692
739 0.191944
740 0.190935
741 0.170859
742 0.165184
743 0.184507
744 0.158073
745 0.148407
746 0.178954
747 0.156969
748 0.147602
749 0.158918
750 0.161452
751 0.150673
752 0.154865
753 0.181396
754 0.154076
755 0.162003
756 0.175503
757 0.154954
758 0.162057
759 0.172466
760 0.16274
761 0.162932
762 0.192384
763 0.19618
764 0.183653
765 0.169633
766 0.163193
767 0.166265
768 0.149956
769 0.16314
770 0.172663
771 0.159951
772 0.175212
773 0.175316
774 0.160708
775 0.150046
776 0.171454
777 0.156269
778 0.146983
779 0.15702
780 0.158043
781 0.158377
782 0.155521
783 0.154372
784 0.189678
785 0.185972
786 0.162459
787 0.171094
788 0.169008
789 0.161977
790 0.164965
791 0.160704
792 0.183468
793 0.17159
794 0.175088
795 0.178997
796 0.180149
797 0.168302
798 0.167042
799 0.168962
800 0.153682
801 0.159568
802 0.162001
803 0.157998
804 0.15424
805 0.15822
806 0.160038
807 0.147499
808 0.158921
809 0.16095
810 0.161769
811 0.174408
812 0.160808
813 0.180149
814 0.165145
815 0.16852
816 0.181871
817 0.164987
818 0.174327
819 0.191489
820 0.17727
821 0.179861
822 0.179807
823 0.159455
824 0.168561
825 0.153474
826 0.155462
827 0.159201
828 0.155067
829 0.15968
830 0.163888
831 0.156266
832 0.167071
833 0.160863
834 0.180293
835 0.168182
836 0.156369
837 0.16159
838 0.160131
839 0.162092
840 0.154625
841 0.158324
842 0.176222
843 0.160775
844 0.158956
845 0.176667
846 0.167732
847 0.158799
848 0.177065
849 0.169816
850 0.165585
851 0.163472
852 0.15712
853 0.152633
854 0.163168
855 0.152881
856 0.148312
857 0.179211
858 0.175046
859 0.182284
860 0.174809
861 0.167662
862 0.168667
863 0.168482
864 0.163397
865 0.156027
866 0.185873
867 0.169993
868 0.163525
869 0.181838
870 0.177536
871 0.181617
872 0.182784
873 0.171228
874 0.163864
875 0.170299
876 0.159535
877 0.166237
878 0.165091
879 0.155754
880 0.181353
881 0.184415
882 0.167977
883 0.17637
884 0.173705
885 0.171077
886 0.170538
887 0.158054
888 0.160022
889 0.177039
890 0.16547
891 0.159826
892 0.185027
893 0.181162
894 0.171831
895 0.188015
896 0.183188
897 0.187062
898 0.167424
899 0.176495
900 0.167667
901 0.166651
902 0.156095
903 0.153461
904 0.175543
905 0.163965
906 0.169155
907 0.177942
908 0.200207
909 0.202477
910 0.201876
911 0.191442
912 0.200208
913 0.223076
914 0.167874
915 0.203961
916 0.182464
917 0.167212
918 0.187395
919 0.164608
920 0.190497
921 0.16735
922 0.170662
923 0.163987
924 0.156563
925 0.170324
926 0.149094
927 0.163067
928 0.168719
929 0.169915
930 0.17349
931 0.178233
932 0.170464
933 0.158601
934 0.175828
935 0.161252
936 0.156225
937 0.167362
938 0.161052
939 0.166214
940 0.157865
941 0.154571
942 0.17446
943 0.156935
944 0.157899
945 0.166051
946 0.161287
947 0.1551
948 0.155572
949 0.150683
950 0.175424
951 0.159415
952 0.151593
953 0.16025
954 0.188486
955 0.154427
956 0.163449
957 0.174104
958 0.150164
959 0.166704
960 0.163446
961 0.149315
962 0.183326
963 0.186712
964 0.170226
965 0.175937
966 0.168036
967 0.176472
968 0.181556
969 0.171234
970 0.184628
971 0.207339
972 0.208153
973 0.178062
974 0.157819
975 0.158956
976 0.165707
977 0.159575
978 0.159132
979 0.180076
980 0.173242
981 0.174877
982 0.185219
983 0.162707
984 0.181851
985 0.173427
986 0.170348
987 0.173625
988 0.164611
989 0.166184
990 0.163948
991 0.172299
992 0.153264
993 0.165061
994 0.158569
995 0.158157
996 0.165514
997 0.15941
998 0.162661
999 0.160883
1000 0.189584
1001 0.175392
1002 0.163472
1003 0.1856
1004 0.172028
1005 0.200566
1006 0.179847
1007 0.166751
1008 0.187426
1009 0.164527
1010 0.175487
1011 0.173374
1012 0.154967
1013 0.173984
1014 0.172566
1015 0.156382
1016 0.19098
1017 0.168552
1018 0.183495
1019 0.176792
1020 0.17138
1021 0.167943
1022 0.171463
1023 0.15734
1024 0.154109
1025 0.16441
1026 0.15526
1027 0.154895
1028 0.158518
1029 0.15837
1030 0.1617
1031 0.156626
1032 0.159731
1033 0.163341
1034 0.154068
1035 0.155662
1036 0.15273
1037 0.174714
1038 0.165732
1039 0.155688
1040 0.1829
1041 0.187437
1042 0.184678
1043 0.165336
1044 0.186756
1045 0.175774
1046 0.153527
1047 0.160716
1048 0.17339
1049 0.167156
1050 0.163521
1051 0.169203
1052 0.172197
1053 0.166392
1054 0.184651
1055 0.179663
1056 0.177879
1057 0.197418
1058 0.210373
1059 0.168814
1060 0.180279
1061 0.176125
1062 0.158015
1063 0.181855
1064 0.167759
1065 0.155201
1066 0.1822
1067 0.169193
1068 0.152013
1069 0.182039
1070 0.16225
1071 0.158699
1072 0.192732
1073 0.16765
1074 0.189411
1075 0.180515
1076 0.161058
1077 0.190146
1078 0.170958
1079 0.180283
1080 0.17152
1081 0.165279
1082 0.196527
1083 0.167503
1084 0.170197
1085 0.18896
1086 0.189814
1087 0.178409
1088 0.160723
1089 0.186067
1090 0.189324
1091 0.16233
1092 0.16627
1093 0.16582
1094 0.185407
1095 0.160338
1096 0.15685
1097 0.17417
1098 0.17023
1099 0.168886
1100 0.186148
1101 0.165869
1102 0.161494
1103 0.200079
1104 0.169046
1105 0.156947
1106 0.17464
1107 0.184381
1108 0.169187
1109 0.180283
1110 0.203661
1111 0.171424
1112 0.175614
1113 0.189127
1114 0.16212
1115 0.170781
1116 0.153164
1117 0.176325
1118 0.167301
1119 0.154332
1120 0.159818
1121 0.156462
1122 0.166991
1123 0.153611
1124 0.15404
1125 0.199132
1126 0.170355
1127 0.188969
1128 0.195026
1129 0.185348
1130 0.211045
1131 0.186571
1132 0.194139
1133 0.181277
1134 0.180045
1135 0.175464
1136 0.156521
1137 0.186776
1138 0.162921
1139 0.166867
1140 0.205865
1141 0.174331
1142 0.1949
1143 0.207048
1144 0.179526
1145 0.172364
1146 0.205374
1147 0.181358
1148 0.179696
1149 0.170409
1150 0.170435
1151 0.20443
1152 0.169106
1153 0.195891
1154 0.183794
1155 0.177646
1156 0.213384
1157 0.178594
1158 0.164529
1159 0.177429
1160 0.184426
1161 0.171382
1162 0.169192
1163 0.179758
1164 0.188019
1165 0.173805
1166 0.163299
1167 0.183091
1168 0.168953
1169 0.162438
1170 0.161301
1171 0.165122
1172 0.174622
1173 0.173649
1174 0.173909
1175 0.182241
1176 0.200942
1177 0.182242
1178 0.17114
1179 0.176133
1180 0.169578
1181 0.168321
1182 0.163089
1183 0.151705
1184 0.170029
1185 0.163327
1186 0.162028
1187 0.16639
1188 0.165155
1189 0.185641
1190 0.165586
1191 0.161381
1192 0.202084
1193 0.173434
1194 0.158414
1195 0.189949
1196 0.165265
1197 0.156143
1198 0.186745
1199 0.17154
1200 0.183814
1201 0.213124
1202 0.18236
1203 0.168933
1204 0.18441
1205 0.16483
1206 0.153607
1207 0.153791
1208 0.168385
1209 0.173272
1210 0.14988
1211 0.16416
1212 0.166314
1213 0.151037
1214 0.158876
1215 0.155399
1216 0.162514
1217 0.170207
1218 0.163082
1219 0.168539
1220 0.16262
1221 0.17488
1222 0.191727
1223 0.18786
1224 0.175684
1225 0.17393
1226 0.1592
1227 0.166496
1228 0.161604
1229 0.157935
1230 0.168313
1231 0.167006
1232 0.165957
1233 0.179826
1234 0.160337
1235 0.174927
1236 0.198103
1237 0.174569
1238 0.21327
1239 0.208977
1240 0.214276
1241 0.183648
1242 0.169594
1243 0.189752
1244 0.15496
1245 0.163123
1246 0.157243
1247 0.161711
1248 0.163773
1249 0.153861
1250 0.152446
1251 0.166915
1252 0.16305
1253 0.167142
1254 0.15631
1255 0.177311
1256 0.187977
1257 0.186459
1258 0.193819
1259 0.16361
1260 0.161933
1261 0.170113
1262 0.15928
1263 0.156007
1264 0.172395
1265 0.175184
1266 0.164423
1267 0.195519
1268 0.17814
1269 0.166125
1270 0.169528
1271 0.166027
1272 0.164217
1273 0.161584
1274 0.173277
1275 0.1662
1276 0.180281
1277 0.207011
1278 0.176707
1279 0.189364
1280 0.202022
1281 0.181011
1282 0.181413
1283 0.168519
1284 0.172398
1285 0.157482
1286 0.16887
1287 0.181544
1288 0.171481
1289 0.17634
1290 0.178485
1291 0.193972
1292 0.164263
1293 0.185576
1294 0.166898
1295 0.163011
1296 0.175927
1297 0.171076
1298 0.17152
1299 0.179178
1300 0.195311
1301 0.163815
1302 0.18836
1303 0.169315
1304 0.157299
1305 0.195308
1306 0.163343
1307 0.167168
1308 0.175549
1309 0.152776
1310 0.150674
1311 0.14838
1312 0.15426
1313 0.146435
1314 0.148571
1315 0.177256
1316 0.163906
1317 0.163273
1318 0.170075
1319 0.186042
1320 0.166795
1321 0.155128
1322 0.164447
1323 0.159894
1324 0.156411
1325 0.160132
1326 0.161808
1327 0.17516
1328 0.165684
1329 0.162612
1330 0.170464
1331 0.169059
1332 0.164254
1333 0.158547
1334 0.168561
1335 0.15878
1336 0.158927
1337 0.158059
1338 0.155984
1339 0.166555
1340 0.160391
1341 0.149714
1342 0.160601
1343 0.185099
1344 0.162955
1345 0.17139
1346 0.205269
1347 0.178137
1348 0.160502
1349 0.184999
1350 0.163841
1351 0.171141
1352 0.177276
1353 0.157527
1354 0.17573
1355 0.170461
1356 0.176538
1357 0.187695
1358 0.176101
1359 0.184416
1360 0.177919
1361 0.161075
1362 0.163413
1363 0.147549
1364 0.157855
1365 0.157669
1366 0.161295
1367 0.161755
1368 0.156035
1369 0.191359
1370 0.163281
1371 0.170914
1372 0.193731
1373 0.180345
1374 0.183735
1375 0.192274
1376 0.186043
1377 0.168225
1378 0.179165
1379 0.175813
1380 0.155197
1381 0.171251
1382 0.172959
1383 0.163562
1384 0.172317
1385 0.20695
1386 0.196377
1387 0.170821
1388 0.212597
1389 0.180673
1390 0.18579
1391 0.209169
1392 0.182579
1393 0.196079
1394 0.166365
1395 0.181432
1396 0.191249
1397 0.162422
1398 0.190049
1399 0.188304
1400 0.171056
1401 0.181569
1402 0.171686
1403 0.155882
1404 0.179546
1405 0.181974
1406 0.156491
1407 0.174161
1408 0.205768
1409 0.18027
1410 0.175018
1411 0.176809
1412 0.190351
1413 0.164258
1414 0.187318
1415 0.183209
1416 0.163982
1417 0.182937
1418 0.165413
1419 0.154875
1420 0.167929
1421 0.171742
1422 0.15048
1423 0.162409
1424 0.192004
1425 0.165399
1426 0.163822
1427 0.172701
1428 0.16028
1429 0.168719
1430 0.158646
1431 0.155812
1432 0.155485
1433 0.165476
1434 0.15142
1435 0.161381
1436 0.189378
1437 0.153889
1438 0.173336
1439 0.176769
1440 0.160052
1441 0.165153
1442 0.162651
1443 0.170392
1444 0.181276
1445 0.157718
1446 0.160425
1447 0.202673
1448 0.181831
1449 0.180963
1450 0.193101
1451 0.216821
1452 0.186433
1453 0.194284
1454 0.193
1455 0.16903
1456 0.182343
1457 0.159707
1458 0.181118
1459 0.158543
1460 0.150186
1461 0.192714
1462 0.161148
1463 0.17389
1464 0.184358
1465 0.196593
1466 0.199902
1467 0.185716
1468 0.205296
1469 0.178344
1470 0.183604
1471 0.201641
1472 0.155977
1473 0.161799
1474 0.196218
1475 0.165858
1476 0.164018
1477 0.198318
1478 0.193135
1479 0.180887
1480 0.218377
1481 0.209293
1482 0.199302
1483 0.204943
1484 0.198459
1485 0.186299
1486 0.198216
1487 0.182591
1488 0.162508
1489 0.189762
1490 0.176776
1491 0.153724
1492 0.158178
1493 0.160335
1494 0.170296
1495 0.155973
1496 0.158888
1497 0.174922
1498 0.167112
1499 0.170333
1500 0.171205
1501 0.172968
1502 0.165495
1503 0.167431
1504 0.167073
1505 0.171663
1506 0.163058
1507 0.164926
1508 0.166204
1509 0.172233
1510 0.174013
1511 0.16054
1512 0.166958
1513 0.18371
1514 0.182158
1515 0.183229
1516 0.191389
1517 0.188088
1518 0.203606
1519 0.180487
1520 0.174676
1521 0.173959
1522 0.155631
1523 0.152072
1524 0.155453
1525 0.153208
1526 0.14875
1527 0.154012
1528 0.167198
1529 0.158423
1530 0.163781
1531 0.181539
1532 0.170312
1533 0.187795
1534 0.19675
1535 0.176426
1536 0.194148
1537 0.174678
1538 0.161651
1539 0.157337
1540 0.168378
1541 0.164844
1542 0.157259
1543 0.160986
1544 0.162033
1545 0.157554
1546 0.16064
1547 0.154111
1548 0.156712
1549 0.169456
1550 0.16758
1551 0.168945
1552 0.164168
1553 0.176759
1554 0.167964
1555 0.17252
1556 0.1634
1557 0.203367
1558 0.204261
1559 0.180459
1560 0.177306
1561 0.166806
1562 0.166715
1563 0.168195
1564 0.170494
1565 0.169454
1566 0.178396
1567 0.191181
1568 0.180688
1569 0.161452
1570 0.194688
1571 0.170075
1572 0.156963
1573 0.163845
1574 0.162508
1575 0.160179
1576 0.163781
1577 0.16303
1578 0.157031
1579 0.180898
1580 0.182921
1581 0.167522
1582 0.16231
1583 0.164394
1584 0.187767
1585 0.173179
1586 0.153303
1587 0.164542
1588 0.167442
1589 0.163817
1590 0.156167
1591 0.159848
1592 0.183195
1593 0.169927
1594 0.196399
1595 0.17711
1596 0.180704
1597 0.19353
1598 0.178532
1599 0.17139
1600 0.157416
1601 0.185546
1602 0.171841
1603 0.15341
1604 0.18044
1605 0.175429
1606 0.173697
1607 0.191518
1608 0.193133
1609 0.196683
1610 0.202858
1611 0.205302
1612 0.199737
1613 0.183146
1614 0.183667
1615 0.208991
1616 0.178115
1617 0.165982
1618 0.209581
1619 0.191375
1620 0.160929
1621 0.159726
1622 0.152884
1623 0.144935
1624 0.154235
1625 0.168305
1626 0.165076
1627 0.171576
1628 0.201807
1629 0.188387
1630 0.180758
1631 0.198557
1632 0.169043
1633 0.185137
1634 0.19484
1635 0.164986
1636 0.169273
1637 0.200583
1638 0.177091
1639 0.185086
1640 0.1918
1641 0.195232
1642 0.176005
1643 0.172801
1644 0.171548
1645 0.176895
1646 0.162101
1647 0.16429
1648 0.170353
1649 0.154238
1650 0.15715
1651 0.168211
1652 0.155723
1653 0.159059
1654 0.171281
1655 0.155319
1656 0.163721
1657 0.158057
1658 0.144862
1659 0.149035
1660 0.156482
1661 0.145428
1662 0.148942
1663 0.152216
1664 0.1514
1665 0.15114
1666 0.165723
1667 0.167832
1668 0.160475
1669 0.1719
1670 0.169591
1671 0.170507
1672 0.171385
1673 0.162312
1674 0.179151
1675 0.184327
1676 0.19529
1677 0.159655
1678 0.203078
1679 0.186029
1680 0.164649
1681 0.177661
1682 0.179196
1683 0.170002
1684 0.171724
1685 0.182908
1686 0.167856
1687 0.178585
1688 0.161944
1689 0.166687
1690 0.171695
1691 0.160715
1692 0.174158
1693 0.174136
1694 0.167834
1695 0.18925
1696 0.179397
1697 0.179088
1698 0.16367
1699 0.180531
1700 0.18721
1701 0.155821
1702 0.163419
1703 0.171652
1704 0.159027
1705 0.170805
1706 0.164725
1707 0.17664
1708 0.169855
1709 0.17694
1710 0.183089
1711 0.16822
1712 0.162855
1713 0.160034
1714 0.183708
1715 0.161199
1716 0.174184
1717 0.199663
1718 0.16249
1719 0.168391
1720 0.168473
1721 0.187089
1722 0.166076
1723 0.163314
1724 0.186543
1725 0.183878
1726 0.166946
1727 0.169384
1728 0.181
1729 0.169209
1730 0.156088
1731 0.161812
1732 0.203127
1733 0.173896
1734 0.174499
1735 0.17267
1736 0.180674
1737 0.175392
1738 0.159742
1739 0.160854
1740 0.171511
1741 0.170441
1742 0.171088
1743 0.178205
1744 0.19103
1745 0.174362
1746 0.159835
1747 0.196251
1748 0.159358
1749 0.15814
1750 0.172115
1751 0.173331
1752 0.159055
1753 0.167999
1754 0.177913
1755 0.171688
1756 0.19445
1757 0.170509
1758 0.181859
1759 0.169992
1760 0.183977
1761 0.171564
1762 0.158941
1763 0.151931
1764 0.167407
1765 0.166312
1766 0.160904
1767 0.189829
1768 0.174803
1769 0.176145
1770 0.196004
1771 0.18372
1772 0.152573
1773 0.182976
1774 0.190684
1775 0.165411
1776 0.193612
1777 0.173727
1778 0.214909
1779 0.23096
1780 0.182141
1781 0.218932
1782 0.192402
1783 0.172789
1784 0.193844
1785 0.161398
1786 0.163585
1787 0.163365
1788 0.166728
1789 0.178227
1790 0.168491
1791 0.159801
1792 0.190348
1793 0.165306
1794 0.162258
1795 0.177408
1796 0.1615
1797 0.158732
1798 0.155678
1799 0.165211
1800 0.164242
1801 0.159771
1802 0.152845
1803 0.17778
1804 0.173732
1805 0.153979
1806 0.175052
1807 0.173773
1808 0.156444
1809 0.18418
1810 0.167732
1811 0.157033
1812 0.184019
1813 0.169734
1814 0.180397
1815 0.192694
1816 0.171896
1817 0.181903
1818 0.171854
1819 0.184952
1820 0.188666
1821 0.176817
1822 0.163638
1823 0.168611
1824 0.193787
1825 0.155368
1826 0.182808
1827 0.184844
1828 0.17611
1829 0.172256
1830 0.176255
1831 0.172842
1832 0.153112
1833 0.158763
1834 0.165092
1835 0.149865
1836 0.150393
1837 0.184841
1838 0.167891
1839 0.159456
1840 0.196444
1841 0.169164
1842 0.182252
1843 0.188332
1844 0.170086
1845 0.179503
1846 0.175116
1847 0.176189
1848 0.19382
1849 0.16147
1850 0.160349
1851 0.177898
1852 0.177348
1853 0.15382
1854 0.15857
1855 0.185476
1856 0.155675
1857 0.173158
1858 0.173278
1859 0.161663
1860 0.164342
1861 0.16944
1862 0.164091
1863 0.153715
1864 0.179245
1865 0.165996
1866 0.160554
1867 0.180561
1868 0.18451
1869 0.185844
1870 0.195414
1871 0.193631
1872 0.210533
1873 0.180148
1874 0.162858
1875 0.192422
1876 0.185025
1877 0.155852
1878 0.178208
1879 0.202063
1880 0.159812
1881 0.17017
1882 0.193418
1883 0.170974
1884 0.166303
1885 0.181668
1886 0.166914
1887 0.179276
1888 0.188619
1889 0.15374
1890 0.156175
1891 0.187937
1892 0.161029
1893 0.169426
1894 0.18054
1895 0.176623
1896 0.193561
1897 0.173576
1898 0.174229
1899 0.178007
1900 0.155146
1901 0.157698
1902 0.168402
1903 0.15662
1904 0.161088
1905 0.16332
1906 0.171134
1907 0.169973
1908 0.165821
1909 0.157619
1910 0.160323
1911 0.158156
1912 0.16041
1913 0.155697
1914 0.166617
1915 0.167865
1916 0.175654
1917 0.163733
1918 0.164837
1919 0.178381
1920 0.185169
1921 0.15907
1922 0.160917
1923 0.180785
1924 0.16705
1925 0.169305
1926 0.185494
1927 0.180552
1928 0.176357
1929 0.182735
1930 0.167923
1931 0.180075
1932 0.169748
1933 0.159265
1934 0.172101
1935 0.161603
1936 0.163384
1937 0.175912
1938 0.183296
1939 0.185202
1940 0.178146
1941 0.197684
1942 0.168384
1943 0.175552
1944 0.170098
1945 0.154174
1946 0.18194
1947 0.165046
1948 0.159239
1949 0.175485
1950 0.164432
1951 0.157775
1952 0.174092
1953 0.152971
1954 0.159091
1955 0.184573
1956 0.1603
1957 0.178078
1958 0.169381
1959 0.16976
1960 0.181775
1961 0.163903
1962 0.178712
1963 0.178598
1964 0.181874
1965 0.174492
1966 0.174707
1967 0.17563
1968 0.184204
1969 0.169373
1970 0.173724
1971 0.169777
1972 0.170375
1973 0.169926
1974 0.155919
1975 0.16752
1976 0.168832
1977 0.169984
1978 0.191559
1979 0.17078
1980 0.177069
1981 0.207227
1982 0.175466
1983 0.18583
1984 0.211521
1985 0.186935
1986 0.196335
1987 0.175662
1988 0.169279
1989 0.172162
1990 0.165525
1991 0.167619
1992 0.159477
1993 0.175363
1994 0.164704
1995 0.155375
1996 0.177073
1997 0.157433
1998 0.153074
1999 0.190024
2000 0.183365
2001 0.155746
2002 0.175761
2003 0.156937
2004 0.166193
2005 0.180388
2006 0.164104
2007 0.181828
2008 0.210333
2009 0.199173
2010 0.172073
2011 0.183645
2012 0.172365
2013 0.161784
2014 0.152975
2015 0.161794
2016 0.168383
2017 0.159296
2018 0.17885
2019 0.178889
2020 0.197284
2021 0.173084
2022 0.179155
2023 0.179808
2024 0.156313
2025 0.18398
2026 0.17386
2027 0.161188
2028 0.169801
2029 0.1819
2030 0.16181
2031 0.173769
2032 0.193531
2033 0.1626
2034 0.182231
2035 0.191192
2036 0.170291
2037 0.180025
2038 0.172927
2039 0.165169
2040 0.185365
2041 0.181536
2042 0.185383
2043 0.189027
2044 0.185064
2045 0.203125
2046 0.204814
2047 0.196563
2048 0.167782
2049 0.162393
2050 0.186677
2051 0.161473
2052 0.154952
2053 0.143888
2054 0.15579
2055 0.15324
2056 0.150166
2057 0.183749
2058 0.192783
2059 0.193586
2060 0.221901
2061 0.218673
2062 0.188053
2063 0.195002
2064 0.211159
2065 0.205171
2066 0.190779
2067 0.187952
2068 0.17256
2069 0.187906
2070 0.180557
2071 0.148586
2072 0.154093
2073 0.174676
2074 0.155433
2075 0.165343
2076 0.18012
2077 0.167709
2078 0.176288
2079 0.185698
2080 0.181446
2081 0.181465
2082 0.175006
2083 0.185107
2084 0.195212
2085 0.179424
2086 0.181495
2087 0.198538
2088 0.177007
2089 0.160075
2090 0.163692
2091 0.157935
2092 0.150569
2093 0.151404
2094 0.149683
2095 0.154861
2096 0.153948
2097 0.169212
2098 0.186895
2099 0
