0 7.5258
1 13.6046
2 25.0886
3 29.6363
4 35.1193
5 41.3261
6 48.1203
7 55.5297
8 55.1339
9 59.4106
10 50.2989
11 40.2753
12 3.40771
13 -17.9294
14 -5.53849
15 -2.98347
16 -5.1795
17 -2.05619
18 -1.14279
19 -0.975486
20 -0.185466
21 0.168868
22 0.139603
23 0.173612
24 0.181039
25 0.19201
26 0.187807
27 0.173199
28 0.162633
29 0.203471
30 0.184245
31 0.180878
32 0.179571
33 0.154364
34 0.189039
35 0.187275
36 0.189011
37 0.193566
38 0.187436
39 0.181435
40 0.164055
41 0.17789
42 0.1692
43 0.161945
44 0.18725
45 0.165034
46 0.157062
47 0.184377
48 0.182484
49 0.203375
50 0.192181
51 0.167099
52 0.172561
53 0.180045
54 0.199482
55 0.172068
56 0.170668
57 0.184782
58 0.172373
59 0.191771
60 0.186977
61 0.192246
62 0.209345
63 0.180001
64 0.172749
65 0.169679
66 0.187339
67 0.198339
68 0.174366
69 0.162889
70 0.156785
71 0.168905
72 0.177788
73 0.185935
74 0.177296
75 0.177051
76 0.180808
77 0.175251
78 0.184891
79 0.172932
80 0.196297
81 0.212664
82 0.176708
83 0.170847
84 0.167627
85 0.190884
86 0.201702
87 0.190777
88 0.148913
89 0.18792
90 0.200606
91 0.193131
92 0.195829
93 0.162645
94 0.190119
95 0.185847
96 0.186507
97 0.193641
98 0.18024
99 0.194095
100 0.184129
101 0.189778
102 0.210329
103 0.191658
104 0.187477
105 0.192545
106 0.210827
107 0.189399
108 0.177265
109 0.161988
110 0.164063
111 0.192576
112 0.153286
113 0.170222
114 0.152729
115 0.140179
116 0.171326
117 0.16019
118 0.163532
119 0.161323
120 0.148468
121 0.161186
122 0.16033
123 0.163945
124 0.181244
125 0.180775
126 0.175463
127 0.163638
128 0.178715
129 0.197142
130 0.196688
131 0.190572
132 0.174977
133 0.187097
134 0.185809
135 0.181446
136 0.185663
137 0.172539
138 0.1635
139 0.175855
140 0.169367
141 0.162063
142 0.156628
143 0.165486
144 0.157261
145 0.170555
146 0.147028
147 0.162846
148 0.173594
149 0.1543
150 0.178882
151 0.159003
152 0.1725
153 0.167635
154 0.160135
155 0.181959
156 0.175955
157 0.171725
158 0.173205
159 0.176318
160 0.18513
161 0.179676
162 0.181976
163 0.18609
164 0.188226
165 0.168758
166 0.159634
167 0.173025
168 0.179105
169 0.180308
170 0.180151
171 0.177563
172 0.193788
173 0.185919
174 0.181811
175 0.178688
176 0.184231
177 0.175657
178 0.181724
179 0.178152
180 0.165084
181 0.169824
182 0.182197
183 0.183449
184 0.193573
185 0.165393
186 0.172956
187 0.198209
188 0.18795
189 0.181193
190 0.167307
191 0.162096
192 0.17944
193 0.196862
194 0.159528
195 0.159243
196 0.145754
197 0.169549
198 0.191422
199 0.183983
200 0.17732
201 0.168919
202 0.186492
203 0.183417
204 0.180894
205 0.183194
206 0.191904
207 0.171012
208 0.161065
209 0.186479
210 0.188858
211 0.19554
212 0.172048
213 0.177775
214 0.167121
215 0.169304
216 0.180367
217 0.172853
218 0.165459
219 0.175634
220 0.169595
221 0.175363
222 0.156176
223 0.155574
224 0.184726
225 0.192286
226 0.179936
227 0.181858
228 0.171056
229 0.188005
230 0.193532
231 0.182565
232 0.203919
233 0.196659
234 0.203689
235 0.182088
236 0.191362
237 0.216489
238 0.201009
239 0.201577
240 0.186297
241 0.183711
242 0.182171
243 0.183154
244 0.169092
245 0.185235
246 0.175801
247 0.173247
248 0.17111
249 0.160483
250 0.153734
251 0.166835
252 0.178434
253 0.167
254 0.178132
255 0.182075
256 0.164646
257 0.157747
258 0.153405
259 0.176487
260 0.193131
261 0.168435
262 0.156791
263 0.163062
264 0.169628
265 0.154257
266 0.166244
267 0.155732
268 0.163817
269 0.164432
270 0.141226
271 0.164023
272 0.180427
273 0.153042
274 0.170851
275 0.167216
276 0.15549
277 0.185544
278 0.175582
279 0.179586
280 0.185739
281 0.171407
282 0.187258
283 0.174045
284 0.165054
285 0.166134
286 0.18075
287 0.192778
288 0.1905
289 0.164445
290 0.174261
291 0.17595
292 0.186245
293 0.191643
294 0.195834
295 0.193082
296 0.165813
297 0.177879
298 0.179497
299 0.169336
300 0.179358
301 0.175464
302 0.153827
303 0.172636
304 0.16506
305 0.153472
306 0.190138
307 0.183111
308 0.171662
309 0.171811
310 0.165506
311 0.19087
312 0.203848
313 0.18632
314 0.20126
315 0.17713
316 0.184659
317 0.187409
318 0.18605
319 0.195724
320 0.174127
321 0.173137
322 0.190676
323 0.183922
324 0.181922
325 0.163335
326 0.151486
327 0.18718
328 0.177504
329 0.163343
330 0.150713
331 0.158238
332 0.178269
333 0.191762
334 0.18158
335 0.161989
336 0.178907
337 0.183756
338 0.180379
339 0.175941
340 0.17869
341 0.171003
342 0.171597
343 0.19636
344 0.179405
345 0.201399
346 0.192599
347 0.185907
348 0.185885
349 0.17183
350 0.196038
351 0.202026
352 0.196536
353 0.176098
354 0.180375
355 0.19493
356 0.205421
357 0.199928
358 0.170957
359 0.187436
360 0.180541
361 0.174423
362 0.17843
363 0.167033
364 0.169285
365 0.163348
366 0.16159
367 0.151703
368 0.1774
369 0.171033
370 0.171149
371 0.183554
372 0.182335
373 0.17442
374 0.15632
375 0.179132
376 0.200352
377 0.198936
378 0.174225
379 0.159822
380 0.199803
381 0.195919
382 0.195511
383 0.163655
384 0.158699
385 0.195553
386 0.201948
387 0.210618
388 0.188423
389 0.172493
390 0.171824
391 0.19263
392 0.185112
393 0.196172
394 0.185621
395 0.167077
396 0.188257
397 0.164085
398 0.195212
399 0.181632
400 0.16533
401 0.177167
402 0.177863
403 0.169827
404 0.184677
405 0.153491
406 0.161945
407 0.173745
408 0.173096
409 0.185009
410 0.165538
411 0.182355
412 0.184155
413 0.176742
414 0.161357
415 0.17618
416 0.199376
417 0.185698
418 0.170508
419 0.155243
420 0.16821
421 0.173453
422 0.16239
423 0.167108
424 0.173826
425 0.180259
426 0.181438
427 0.175586
428 0.196394
429 0.18289
430 0.191694
431 0.175012
432 0.190984
433 0.178616
434 0.17916
435 0.19104
436 0.176145
437 0.17724
438 0.172391
439 0.187058
440 0.185733
441 0.170336
442 0.170685
443 0.17838
444 0.187285
445 0.173157
446 0.161834
447 0.189156
448 0.201639
449 0.195787
450 0.174275
451 0.175728
452 0.185543
453 0.191154
454 0.196523
455 0.195014
456 0.189002
457 0.178024
458 0.19702
459 0.196271
460 0.198912
461 0.189256
462 0.178496
463 0.18136
464 0.19799
465 0.193389
466 0.185238
467 0.190444
468 0.184769
469 0.185981
470 0.196053
471 0.166688
472 0.179604
473 0.179004
474 0.18674
475 0.187386
476 0.185872
477 0.186602
478 0.187434
479 0.175462
480 0.16556
481 0.199992
482 0.19575
483 0.198821
484 0.18393
485 0.172824
486 0.184443
487 0.204061
488 0.176566
489 0.200175
490 0.179717
491 0.16628
492 0.170586
493 0.152375
494 0.185332
495 0.170141
496 0.185082
497 0.176255
498 0.177892
499 0.182592
500 0.168778
501 0.198078
502 0.219261
503 0.193113
504 0.19809
505 0.18409
506 0.191356
507 0.202694
508 0.195504
509 0.187499
510 0.175966
511 0.179664
512 0.197104
513 0.179056
514 0.175077
515 0.180717
516 0.181086
517 0.177372
518 0.149356
519 0.16986
520 0.16294
521 0.179978
522 0.176555
523 0.15971
524 0.16158
525 0.16655
526 0.179469
527 0.187951
528 0.202432
529 0.179053
530 0.184743
531 0.190647
532 0.17497
533 0.1725
534 0.196236
535 0.206277
536 0.173605
537 0.173971
538 0.165639
539 0.180247
540 0.190179
541 0.158323
542 0.162637
543 0.179161
544 0.172924
545 0.182097
546 0.178697
547 0.176652
548 0.171415
549 0.173703
550 0.169123
551 0.16434
552 0.176129
553 0.168459
554 0.175169
555 0.178185
556 0.165891
557 0.159539
558 0.183259
559 0.171118
560 0.184662
561 0.19149
562 0.18809
563 0.168693
564 0.170279
565 0.187211
566 0.190591
567 0.186127
568 0.182738
569 0.159304
570 0.181664
571 0.190075
572 0.190092
573 0.177292
574 0.163486
575 0.17749
576 0.178806
577 0.185233
578 0.17759
579 0.170992
580 0.177933
581 0.190112
582 0.187323
583 0.206222
584 0.204062
585 0.209368
586 0.18297
587 0.184135
588 0.180917
589 0.193578
590 0.1749
591 0.160885
592 0.169649
593 0.163247
594 0.178363
595 0.173394
596 0.157698
597 0.165796
598 0.18041
599 0.174696
600 0.186394
601 0.173759
602 0.178356
603 0.184358
604 0.193957
605 0.192439
606 0.186894
607 0.195996
608 0.20563
609 0.211515
610 0.177343
611 0.178389
612 0.169054
613 0.171451
614 0.169501
615 0.170091
616 0.158508
617 0.160811
618 0.165682
619 0.156258
620 0.174809
621 0.161148
622 0.157311
623 0.161744
624 0.165239
625 0.163043
626 0.163224
627 0.1576
628 0.166878
629 0.187687
630 0.184281
631 0.187488
632 0.170797
633 0.19209
634 0.202998
635 0.197411
636 0.180695
637 0.18858
638 0.184272
639 0.189086
640 0.175865
641 0.170273
642 0.187957
643 0.19069
644 0.185513
645 0.158153
646 0.185853
647 0.184298
648 0.181041
649 0.184443
650 0.162422
651 0.18704
652 0.194872
653 0.189616
654 0.209984
655 0.178392
656 0.194243
657 0.183608
658 0.192395
659 0.185233
660 0.189529
661 0.204091
662 0.169254
663 0.194499
664 0.193958
665 0.189582
666 0.21009
667 0.177844
668 0.189458
669 0.193282
670 0.175754
671 0.189401
672 0.161667
673 0.157418
674 0.183462
675 0.164149
676 0.173246
677 0.181183
678 0.160658
679 0.163112
680 0.179729
681 0.164854
682 0.179019
683 0.15505
684 0.163176
685 0.189231
686 0.190674
687 0.18032
688 0.18082
689 0.170538
690 0.190737
691 0.171097
692 0.179278
693 0.194736
694 0.174492
695 0.164396
696 0.172772
697 0.170702
698 0.176464
699 0.162978
700 0.177894
701 0.183495
702 0.171382
703 0.170417
704 0.17877
705 0.193966
706 0.193026
707 0.171336
708 0.178006
709 0.173433
710 0.168157
711 0.185274
712 0.176187
713 0.173776
714 0.166354
715 0.170283
716 0.173772
717 0.194054
718 0.178906
719 0.165135
720 0.182122
721 0.177595
722 0.201399
723 0.19436
724 0.166309
725 0.190805
726 0.177016
727 0.188881
728 0.200009
729 0.176318
730 0.166655
731 0.161768
732 0.173882
733 0.196294
734 0.182755
735 0.157642
736 0.173238
737 0.19474
738 0.176016
739 0.206141
740 0.172211
741 0.193239
742 0.194283
743 0.184122
744 0.177947
745 0.160323
746 0.172971
747 0.171971
748 0.179271
749 0.174567
750 0.160678
751 0.178005
752 0.175452
753 0.178833
754 0.200931
755 0.178879
756 0.187832
757 0.171815
758 0.184919
759 0.176963
760 0.181031
761 0.191226
762 0.18001
763 0.188357
764 0.172865
765 0.180693
766 0.192961
767 0.191273
768 0.177578
769 0.178492
770 0.179654
771 0.186284
772 0.197024
773 0.183243
774 0.18665
775 0.197213
776 0.185733
777 0.196755
778 0.195709
779 0.181684
780 0.207198
781 0.181613
782 0.168545
783 0.182458
784 0.169089
785 0.169638
786 0.159885
787 0.155842
788 0.165959
789 0.152306
790 0.170443
791 0.164507
792 0.177356
793 0.186799
794 0.165892
795 0.173876
796 0.171618
797 0.174475
798 0.190172
799 0.165186
800 0.180693
801 0.189859
802 0.178783
803 0.171209
804 0.166152
805 0.207556
806 0.212465
807 0.180789
808 0.187433
809 0.158339
810 0.199156
811 0.218292
812 0.180515
813 0.174358
814 0.155894
815 0.184318
816 0.186656
817 0.175288
818 0.151238
819 0.157609
820 0.174541
821 0.179844
822 0.175601
823 0.161347
824 0.167852
825 0.15729
826 0.179414
827 0.177375
828 0.171978
829 0.16382
830 0.183539
831 0.176826
832 0.171315
833 0.161542
834 0.181316
835 0.199355
836 0.16411
837 0.171843
838 0.169349
839 0.191926
840 0.20498
841 0.162166
842 0.169033
843 0.177876
844 0.206512
845 0.198949
846 0.163729
847 0.178366
848 0.174827
849 0.192342
850 0.173792
851 0.166526
852 0.161218
853 0.169726
854 0.185954
855 0.177106
856 0.183488
857 0.169461
858 0.196401
859 0.184909
860 0.190669
861 0.175098
862 0.191051
863 0.202309
864 0.186999
865 0.189046
866 0.176033
867 0.164579
868 0.179661
869 0.196709
870 0.205487
871 0.190151
872 0.178769
873 0.185011
874 0.193272
875 0.2057
876 0.199042
877 0.191582
878 0.201854
879 0.197219
880 0.175363
881 0.174875
882 0.183352
883 0.202642
884 0.163713
885 0.155962
886 0.166351
887 0.185819
888 0.203732
889 0.169402
890 0.15068
891 0.163055
892 0.187323
893 0.197344
894 0.154326
895 0.163019
896 0.148847
897 0.169378
898 0.160321
899 0.165673
900 0.159761
901 0.156803
902 0.156684
903 0.17646
904 0.167943
905 0.149435
906 0.158407
907 0.160792
908 0.187158
909 0.18292
910 0.148545
911 0.167921
912 0.163498
913 0.171713
914 0.181915
915 0.170022
916 0.176198
917 0.183406
918 0.163647
919 0.160018
920 0.197868
921 0.180691
922 0.179927
923 0.17084
924 0.174728
925 0.188298
926 0.183585
927 0.166142
928 0.187113
929 0.181199
930 0.197082
931 0.181448
932 0.180935
933 0.194769
934 0.189708
935 0.199143
936 0.18118
937 0.196356
938 0.19657
939 0.191966
940 0.18709
941 0.208598
942 0.196547
943 0.197736
944 0.167709
945 0.163957
946 0.172462
947 0.170068
948 0.170563
949 0.168294
950 0.162189
951 0.164178
952 0.154914
953 0.165482
954 0.192088
955 0.181224
956 0.174347
957 0.169508
958 0.18511
959 0.178359
960 0.187522
961 0.187386
962 0.174728
963 0.170468
964 0.157153
965 0.164324
966 0.157781
967 0.151604
968 0.162802
969 0.157091
970 0.159635
971 0.152159
972 0.154842
973 0.177563
974 0.162807
975 0.178837
976 0.181158
977 0.174023
978 0.176555
979 0.174633
980 0.180337
981 0.171816
982 0.165695
983 0.163793
984 0.170905
985 0.182183
986 0.182063
987 0.176553
988 0.182461
989 0.163155
990 0.191998
991 0.183544
992 0.192062
993 0.212053
994 0.192945
995 0.195113
996 0.175212
997 0.19474
998 0.206976
999 0.18932
1000 0.209463
1001 0.203294
1002 0.189136
1003 0.184127
1004 0.177075
1005 0.195619
1006 0.206646
1007 0.185412
1008 0.161407
1009 0.167547
1010 0.186837
1011 0.189325
1012 0.165325
1013 0.155101
1014 0.153621
1015 0.176355
1016 0.163066
1017 0.170441
1018 0.154166
1019 0.15635
1020 0.163559
1021 0.182501
1022 0.199447
1023 0.179051
1024 0.177197
1025 0.166785
1026 0.169284
1027 0.19998
1028 0.173795
1029 0.180256
1030 0.168245
1031 0.153789
1032 0.187208
1033 0.173208
1034 0.172505
1035 0.187561
1036 0.179798
1037 0.171766
1038 0.173717
1039 0.17917
1040 0.192438
1041 0.201874
1042 0.18219
1043 0.189064
1044 0.178795
1045 0.186351
1046 0.193573
1047 0.188173
1048 0.182442
1049 0.17852
1050 0.169932
1051 0.167397
1052 0.179233
1053 0.169902
1054 0.185575
1055 0.190014
1056 0.186349
1057 0.175008
1058 0.192799
1059 0.20202
1060 0.206857
1061 0.211478
1062 0.191061
1063 0.208349
1064 0.204038
1065 0.199073
1066 0.198553
1067 0.17906
1068 0.192444
1069 0.178629
1070 0.175468
1071 0.193132
1072 0.176056
1073 0.174594
1074 0.156127
1075 0.174574
1076 0.210668
1077 0.194134
1078 0.188656
1079 0.172779
1080 0.194012
1081 0.184879
1082 0.192699
1083 0.170819
1084 0.190319
1085 0.186735
1086 0.174634
1087 0.18739
1088 0.159814
1089 0.165748
1090 0.181483
1091 0.1664
1092 0.177952
1093 0.179027
1094 0.177734
1095 0.170911
1096 0.163178
1097 0.189659
1098 0.198188
1099 0.199026
1100 0.170427
1101 0.171506
1102 0.213278
1103 0.204478
1104 0.17838
1105 0.182417
1106 0.165838
1107 0.174973
1108 0.189917
1109 0.190271
1110 0.204663
1111 0.195271
1112 0.172611
1113 0.192589
1114 0.19245
1115 0.189149
1116 0.165031
1117 0.155307
1118 0.167453
1119 0.173498
1120 0.151919
1121 0.154892
1122 0.140451
1123 0.151229
1124 0.16786
1125 0.174452
1126 0.164648
1127 0.168696
1128 0.180399
1129 0.193754
1130 0.201935
1131 0.190518
1132 0.198025
1133 0.181604
1134 0.187109
1135 0.215228
1136 0.187444
1137 0.201946
1138 0.162065
1139 0.178448
1140 0.211371
1141 0.167244
1142 0.182914
1143 0.179211
1144 0.194572
1145 0.198639
1146 0.165919
1147 0.159844
1148 0.179368
1149 0.193087
1150 0.190298
1151 0.178134
1152 0.169642
1153 0.165002
1154 0.181845
1155 0.176696
1156 0.179788
1157 0.192448
1158 0.187405
1159 0.170343
1160 0.16359
1161 0.180482
1162 0.175707
1163 0.194665
1164 0.174468
1165 0.181565
1166 0.162767
1167 0.159808
1168 0.163158
1169 0.171552
1170 0.199997
1171 0.166359
1172 0.184933
1173 0.172514
1174 0.160997
1175 0.186284
1176 0.167607
1177 0.167242
1178 0.170097
1179 0.15338
1180 0.185613
1181 0.195752
1182 0.182239
1183 0.16712
1184 0.153243
1185 0.171374
1186 0.166298
1187 0.167125
1188 0.175328
1189 0.169562
1190 0.168885
1191 0.167003
1192 0.172237
1193 0.180006
1194 0.196305
1195 0.166776
1196 0.18764
1197 0.190735
1198 0.185722
1199 0.164369
1200 0.172427
1201 0.199024
1202 0.17801
1203 0.185187
1204 0.177063
1205 0.188502
1206 0.211818
1207 0.181424
1208 0.202095
1209 0.209506
1210 0.177769
1211 0.177713
1212 0.183731
1213 0.176597
1214 0.197967
1215 0.167474
1216 0.163902
1217 0.165643
1218 0.173319
1219 0.17305
1220 0.156703
1221 0.162444
1222 0.16886
1223 0.181932
1224 0.174776
1225 0.165049
1226 0.187529
1227 0.184361
1228 0.200055
1229 0.195353
1230 0.188811
1231 0.201209
1232 0.215735
1233 0.190275
1234 0.208117
1235 0.190407
1236 0.202368
1237 0.194203
1238 0.196021
1239 0.199662
1240 0.1821
1241 0.200299
1242 0.19755
1243 0.20049
1244 0.211368
1245 0.179736
1246 0.172064
1247 0.192588
1248 0.192664
1249 0.192891
1250 0.16697
1251 0.165725
1252 0.187922
1253 0.190145
1254 0.176096
1255 0.167522
1256 0.17276
1257 0.196203
1258 0.204533
1259 0.172799
1260 0.185396
1261 0.192337
1262 0.179364
1263 0.203667
1264 0.195527
1265 0.189179
1266 0.205088
1267 0.160736
1268 0.1638
1269 0.186725
1270 0.192047
1271 0.184134
1272 0.169258
1273 0.183372
1274 0.201509
1275 0.189338
1276 0.173973
1277 0.161131
1278 0.172524
1279 0.188616
1280 0.174129
1281 0.160786
1282 0.165768
1283 0.18412
1284 0.168153
1285 0.187136
1286 0.169779
1287 0.179304
1288 0.188625
1289 0.174148
1290 0.178853
1291 0.166852
1292 0.176026
1293 0.173811
1294 0.179502
1295 0.167183
1296 0.167668
1297 0.157353
1298 0.165163
1299 0.171761
1300 0.155484
1301 0.167539
1302 0.162427
1303 0.155171
1304 0.174938
1305 0.154684
1306 0.172471
1307 0.166106
1308 0.162512
1309 0.181157
1310 0.186832
1311 0.173352
1312 0.172093
1313 0.154826
1314 0.180647
1315 0.207599
1316 0.182353
1317 0.184649
1318 0.178603
1319 0.200676
1320 0.182802
1321 0.176221
1322 0.185872
1323 0.172699
1324 0.179994
1325 0.175732
1326 0.176493
1327 0.177402
1328 0.175471
1329 0.165809
1330 0.191603
1331 0.197098
1332 0.17522
1333 0.202788
1334 0.185115
1335 0.177795
1336 0.172055
1337 0.169558
1338 0.175604
1339 0.180211
1340 0.180858
1341 0.163748
1342 0.171654
1343 0.169753
1344 0.160558
1345 0.177645
1346 0.174143
1347 0.174609
1348 0.172516
1349 0.158636
1350 0.173103
1351 0.184318
1352 0.187487
1353 0.211303
1354 0.180502
1355 0.189749
1356 0.176789
1357 0.165473
1358 0.183442
1359 0.19415
1360 0.192781
1361 0.179532
1362 0.152508
1363 0.167605
1364 0.169946
1365 0.187675
1366 0.195953
1367 0.168358
1368 0.177437
1369 0.186022
1370 0.18473
1371 0.189472
1372 0.178153
1373 0.194074
1374 0.191735
1375 0.179771
1376 0.176077
1377 0.184956
1378 0.173616
1379 0.179877
1380 0.179077
1381 0.17857
1382 0.189401
1383 0.187928
1384 0.186107
1385 0.186453
1386 0.189798
1387 0.193996
1388 0.187287
1389 0.19429
1390 0.165363
1391 0.183933
1392 0.173099
1393 0.16197
1394 0.153667
1395 0.158509
1396 0.179658
1397 0.180974
1398 0.164336
1399 0.182842
1400 0.168575
1401 0.162375
1402 0.181889
1403 0.198139
1404 0.1877
1405 0.181148
1406 0.171027
1407 0.176164
1408 0.202431
1409 0.180398
1410 0.184633
1411 0.176948
1412 0.174329
1413 0.161257
1414 0.152509
1415 0.156659
1416 0.160644
1417 0.17727
1418 0.180254
1419 0.175175
1420 0.183769
1421 0.194466
1422 0.194934
1423 0.188531
1424 0.211976
1425 0.189432
1426 0.176415
1427 0.179385
1428 0.182723
1429 0.182722
1430 0.184471
1431 0.153402
1432 0.153043
1433 0.180528
1434 0.183721
1435 0.184193
1436 0.169058
1437 0.185015
1438 0.195337
1439 0.189891
1440 0.16761
1441 0.172623
1442 0.187776
1443 0.190958
1444 0.191211
1445 0.16091
1446 0.161709
1447 0.164465
1448 0.197416
1449 0.175682
1450 0.183066
1451 0.165217
1452 0.145251
1453 0.177705
1454 0.16879
1455 0.17616
1456 0.157585
1457 0.175351
1458 0.178502
1459 0.188889
1460 0.176205
1461 0.164821
1462 0.195556
1463 0.172299
1464 0.171932
1465 0.150199
1466 0.168646
1467 0.183708
1468 0.17835
1469 0.161986
1470 0.157196
1471 0.191634
1472 0.177402
1473 0.163971
1474 0.18871
1475 0.171161
1476 0.169533
1477 0.192207
1478 0.190497
1479 0.177722
1480 0.158693
1481 0.169828
1482 0.183179
1483 0.208142
1484 0.172573
1485 0.174885
1486 0.193003
1487 0.188618
1488 0.212557
1489 0.204184
1490 0.182463
1491 0.184726
1492 0.194349
1493 0.204095
1494 0.174247
1495 0.176543
1496 0.180385
1497 0.1991
1498 0.198883
1499 0.166236
1500 0.167979
1501 0.193396
1502 0.196809
1503 0.195068
1504 0.17323
1505 0.153583
1506 0.185411
1507 0.192555
1508 0.185032
1509 0.185281
1510 0.184437
1511 0.17281
1512 0.171527
1513 0.177189
1514 0.166817
1515 0.190292
1516 0.189973
1517 0.181694
1518 0.171437
1519 0.173439
1520 0.168892
1521 0.184933
1522 0.197637
1523 0.182455
1524 0.186565
1525 0.180669
1526 0.173351
1527 0.185922
1528 0.169961
1529 0.163542
1530 0.175901
1531 0.170592
1532 0.17102
1533 0.168996
1534 0.152786
1535 0.184794
1536 0.203942
1537 0.171478
1538 0.166242
1539 0.152298
1540 0.18082
1541 0.184558
1542 0.189516
1543 0.166101
1544 0.150125
1545 0.167409
1546 0.169147
1547 0.166707
1548 0.149586
1549 0.153987
1550 0.16276
1551 0.165075
1552 0.155503
1553 0.164993
1554 0.162067
1555 0.17308
1556 0.176427
1557 0.170366
1558 0.182231
1559 0.18477
1560 0.170832
1561 0.195941
1562 0.19077
1563 0.169638
1564 0.186213
1565 0.18018
1566 0.196614
1567 0.183257
1568 0.17466
1569 0.192682
1570 0.169378
1571 0.179047
1572 0.183528
1573 0.170856
1574 0.194156
1575 0.187168
1576 0.170196
1577 0.172806
1578 0.173541
1579 0.184289
1580 0.199902
1581 0.19917
1582 0.194371
1583 0.168826
1584 0.164712
1585 0.177783
1586 0.182639
1587 0.206909
1588 0.185781
1589 0.179565
1590 0.188265
1591 0.184421
1592 0.198047
1593 0.176936
1594 0.19315
1595 0.175032
1596 0.166231
1597 0.172012
1598 0.173009
1599 0.160931
1600 0.174948
1601 0.156027
1602 0.156699
1603 0.159947
1604 0.179761
1605 0.175754
1606 0.158945
1607 0.194505
1608 0.188835
1609 0.203314
1610 0.192082
1611 0.193171
1612 0.181791
1613 0.187635
1614 0.192256
1615 0.186004
1616 0.184905
1617 0.162012
1618 0.165347
1619 0.184713
1620 0.194366
1621 0.178854
1622 0.183463
1623 0.194794
1624 0.186633
1625 0.16586
1626 0.195751
1627 0.203497
1628 0.178581
1629 0.168867
1630 0.152475
1631 0.201158
1632 0.213861
1633 0.160584
1634 0.18193
1635 0.166722
1636 0.182573
1637 0.171192
1638 0.155058
1639 0.153074
1640 0.159115
1641 0.176113
1642 0.166243
1643 0.149706
1644 0.167836
1645 0.172534
1646 0.170927
1647 0.184945
1648 0.156537
1649 0.181966
1650 0.184583
1651 0.181097
1652 0.178689
1653 0.177823
1654 0.182021
1655 0.193306
1656 0.189807
1657 0.161058
1658 0.175903
1659 0.179329
1660 0.170851
1661 0.187408
1662 0.181353
1663 0.162446
1664 0.17641
1665 0.171809
1666 0.168874
1667 0.19616
1668 0.182019
1669 0.187226
1670 0.173319
1671 0.169983
1672 0.183339
1673 0.182952
1674 0.176431
1675 0.182709
1676 0.194975
1677 0.185358
1678 0.176745
1679 0.144434
1680 0.172296
1681 0.180845
1682 0.167755
1683 0.169531
1684 0.14476
1685 0.164297
1686 0.170421
1687 0.157854
1688 0.169782
1689 0.158036
1690 0.162284
1691 0.17185
1692 0.153851
1693 0.162764
1694 0.169879
1695 0.168473
1696 0.173869
1697 0.168778
1698 0.175542
1699 0.183914
1700 0.165718
1701 0.188701
1702 0.198638
1703 0.185645
1704 0.184861
1705 0.18037
1706 0.172519
1707 0.176177
1708 0.170912
1709 0.177267
1710 0.177138
1711 0.173394
1712 0.184838
1713 0.188729
1714 0.185321
1715 0.167278
1716 0.185873
1717 0.189035
1718 0.183872
1719 0.177113
1720 0.195231
1721 0.198825
1722 0.188702
1723 0.171549
1724 0.178968
1725 0.191799
1726 0.205936
1727 0.168534
1728 0.150715
1729 0.179442
1730 0.181081
1731 0.178719
1732 0.17436
1733 0.175447
1734 0.172792
1735 0.17113
1736 0.156305
1737 0.155024
1738 0.169555
1739 0.176962
1740 0.157867
1741 0.177725
1742 0.173652
1743 0.174763
1744 0.183048
1745 0.184526
1746 0.184927
1747 0.176938
1748 0.176269
1749 0.177115
1750 0.196343
1751 0.193034
1752 0.178382
1753 0.179677
1754 0.173961
1755 0.175263
1756 0.181935
1757 0.170736
1758 0.200752
1759 0.169911
1760 0.184454
1761 0.15501
1762 0.159586
1763 0.185566
1764 0.182677
1765 0.183521
1766 0.181827
1767 0.176861
1768 0.181378
1769 0.172653
1770 0.153871
1771 0.16998
1772 0.185582
1773 0.184058
1774 0.165563
1775 0.157745
1776 0.156953
1777 0.197816
1778 0.202032
1779 0.192178
1780 0.180863
1781 0.170032
1782 0.185884
1783 0.169374
1784 0.176239
1785 0.168273
1786 0.162579
1787 0.184422
1788 0.157627
1789 0.15463
1790 0.157454
1791 0.183155
1792 0.186605
1793 0.162093
1794 0.151689
1795 0.158147
1796 0.184462
1797 0.191754
1798 0.168401
1799 0.170828
1800 0.154274
1801 0.176116
1802 0.189108
1803 0.179539
1804 0.163375
1805 0.16771
1806 0.159793
1807 0.170852
1808 0.165651
1809 0.160793
1810 0.177162
1811 0.157762
1812 0.162754
1813 0.149054
1814 0.14885
1815 0.168435
1816 0.162784
1817 0.159969
1818 0.171401
1819 0.161998
1820 0.154175
1821 0.16746
1822 0.159353
1823 0.175466
1824 0.164325
1825 0.155362
1826 0.166413
1827 0.17877
1828 0.16745
1829 0.183799
1830 0.177759
1831 0.180537
1832 0.198653
1833 0.186677
1834 0.189573
1835 0.168451
1836 0.164686
1837 0.176339
1838 0.196324
1839 0.215229
1840 0.195413
1841 0.169408
1842 0.180106
1843 0.213578
1844 0.197507
1845 0.206101
1846 0.199698
1847 0.190084
1848 0.187057
1849 0.18158
1850 0.182456
1851 0.199113
1852 0.198771
1853 0.160532
1854 0.162241
1855 0.161467
1856 0.191406
1857 0.176812
1858 0.164282
1859 0.168486
1860 0.160284
1861 0.173666
1862 0.176827
1863 0.171862
1864 0.181974
1865 0.165402
1866 0.18452
1867 0.184728
1868 0.165597
1869 0.19569
1870 0.170049
1871 0.181077
1872 0.199224
1873 0.196711
1874 0.187643
1875 0.179867
1876 0.180607
1877 0.191639
1878 0.210992
1879 0.199551
1880 0.189717
1881 0.187419
1882 0.189163
1883 0.199692
1884 0.19325
1885 0.188884
1886 0.195309
1887 0.195182
1888 0.205117
1889 0.170472
1890 0.177243
1891 0.186947
1892 0.174183
1893 0.174099
1894 0.173838
1895 0.16813
1896 0.175479
1897 0.164687
1898 0.164119
1899 0.17124
1900 0.143513
1901 0.178718
1902 0.178267
1903 0.167794
1904 0.18268
1905 0.182313
1906 0.187371
1907 0.17941
1908 0.184518
1909 0.193411
1910 0.20501
1911 0.191396
1912 0.187767
1913 0.188465
1914 0.190105
1915 0.19117
1916 0.17494
1917 0.178575
1918 0.174461
1919 0.177842
1920 0.168081
1921 0.162889
1922 0.176023
1923 0.169386
1924 0.174261
1925 0.174963
1926 0.151972
1927 0.18138
1928 0.171913
1929 0.16311
1930 0.176109
1931 0.15959
1932 0.171756
1933 0.169799
1934 0.165455
1935 0.18044
1936 0.173232
1937 0.169285
1938 0.158729
1939 0.1571
1940 0.168669
1941 0.176847
1942 0.172883
1943 0.162682
1944 0.163382
1945 0.154946
1946 0.183945
1947 0.186574
1948 0.162101
1949 0.173739
1950 0.180498
1951 0.174225
1952 0.182612
1953 0.163416
1954 0.158089
1955 0.175643
1956 0.185471
1957 0.188004
1958 0.172132
1959 0.160944
1960 0.185114
1961 0.20605
1962 0.18946
1963 0.181246
1964 0.167753
1965 0.181591
1966 0.200918
1967 0.191264
1968 0.177827
1969 0.177655
1970 0.1656
1971 0.168102
1972 0.168693
1973 0.184959
1974 0.196305
1975 0.183629
1976 0.160839
1977 0.191899
1978 0.206026
1979 0.193317
1980 0.194466
1981 0.192381
1982 0.201362
1983 0.213018
1984 0.180318
1985 0.183686
1986 0.181521
1987 0.192559
1988 0.184182
1989 0.194337
1990 0.191907
1991 0.20091
1992 0.18194
1993 0.167123
1994 0.169708
1995 0.1665
1996 0.183211
1997 0.186481
1998 0.175741
1999 0.178251
2000 0.158102
2001 0.16652
2002 0.189317
2003 0.177695
2004 0.172326
2005 0.190491
2006 0.171422
2007 0.179473
2008 0.175814
2009 0.179629
2010 0.199629
2011 0.179998
2012 0.165767
2013 0.191813
2014 0.209637
2015 0.19111
2016 0.186477
2017 0.167499
2018 0.186146
2019 0.191913
2020 0.182726
2021 0.171135
2022 0.171417
2023 0.179978
2024 0.178171
2025 0.179209
2026 0.151633
2027 0.170106
2028 0.195472
2029 0.202702
2030 0.175836
2031 0.173166
2032 0.168245
2033 0.187404
2034 0.204138
2035 0.173281
2036 0.182832
2037 0.163625
2038 0.18356
2039 0.19193
2040 0.149816
2041 0.178622
2042 0.195052
2043 0.191753
2044 0.195611
2045 0.16136
2046 0.167027
2047 0.176928
2048 0.172349
2049 0.18208
2050 0.184043
2051 0.170358
2052 0.173632
2053 0.159065
2054 0.179398
2055 0.185207
2056 0.190836
2057 0.19469
2058 0.192757
2059 0.195486
2060 0.204273
2061 0.198808
2062 0.197322
2063 0.18165
2064 0.182018
2065 0.176047
2066 0.168443
2067 0.169967
2068 0.177699
2069 0.178667
2070 0.159736
2071 0.172229
2072 0.165528
2073 0.166686
2074 0.158764
2075 0.151572
2076 0.19065
2077 0.185762
2078 0.184899
2079 0.153532
2080 0.167572
2081 0.188552
2082 0.185137
2083 0.188548
2084 0.160628
2085 0.166973
2086 0.168689
2087 0.169802
2088 0.181994
2089 0.170873
2090 0.161009
2091 0.174944
2092 0.170523
2093 0.176181
2094 0.185906
2095 0.181275
2096 0.180517
2097 0.165668
2098 0.161237
2099 0
