0 0.0607334
1 0.134247
2 0.168572
3 0.171631
4 0.162654
5 0.148622
6 0.142201
7 0.135018
8 0.132067
9 0.128554
10 0.126428
11 0.126351
12 0.124777
13 0.125417
14 0.126714
15 0.12525
16 0.123399
17 0.124213
18 0.126876
19 0.129885
20 0.134326
21 0.133217
22 0.143824
23 0.152153
24 0.153795
25 0.16029
26 0.170222
27 0.17527
28 0.177645
29 0.181538
30 0.187216
31 0.186023
32 0.191093
33 0.193061
34 0.191835
35 0.192199
36 0.193845
37 0.194059
38 0.194977
39 0.195217
40 0.192764
41 0.19373
42 0.194911
43 0.1925
44 0.192842
45 0.194286
46 0.192757
47 0.194816
48 0.19457
49 0.194649
50 0.192869
51 0.191514
52 0.191961
53 0.194275
54 0.194175
55 0.195072
56 0.19467
57 0.195462
58 0.193557
59 0.195607
60 0.195363
61 0.196298
62 0.193815
63 0.194218
64 0.195196
65 0.192537
66 0.191525
67 0.194327
68 0.193797
69 0.192608
70 0.192947
71 0.194407
72 0.195906
73 0.193247
74 0.194629
75 0.194128
76 0.192477
77 0.193692
78 0.195059
79 0.193527
80 0.192319
81 0.193522
82 0.193683
83 0.195143
84 0.195452
85 0.195473
86 0.196241
87 0.19548
88 0.192809
89 0.194472
90 0.195496
91 0.193001
92 0.193249
93 0.194041
94 0.191665
95 0.193591
96 0.193424
97 0.194765
98 0.193385
99 0.194811
100 0.192967
101 0.192813
102 0.194524
103 0.192944
104 0.194863
105 0.19643
106 0.193375
107 0.193291
108 0.195017
109 0.195097
110 0.192838
111 0.192863
112 0.193047
113 0.191915
114 0.193217
115 0.19475
116 0.192256
117 0.193937
118 0.195547
119 0.194671
120 0.192307
121 0.19246
122 0.191435
123 0.191252
124 0.19066
125 0.194985
126 0.194278
127 0.194028
128 0.195166
129 0.194154
130 0.192123
131 0.194024
132 0.192445
133 0.194266
134 0.193485
135 0.191444
136 0.19136
137 0.192505
138 0.193317
139 0.194739
140 0.193787
141 0.192909
142 0.194625
143 0.194755
144 0.191876
145 0.194218
146 0.194992
147 0.193585
148 0.193036
149 0.195108
150 0.195945
151 0.194597
152 0.193768
153 0.195095
154 0.195881
155 0.193948
156 0.195311
157 0.196091
158 0.192852
159 0.192735
160 0.192251
161 0.192186
162 0.191623
163 0.19233
164 0.193626
165 0.191808
166 0.191175
167 0.194145
168 0.191737
169 0.193214
170 0.193528
171 0.194931
172 0.192517
173 0.194808
174 0.192585
175 0.191237
176 0.192593
177 0.192716
178 0.19351
179 0.193078
180 0.194039
181 0.193649
182 0.192757
183 0.193166
184 0.192479
185 0.191113
186 0.193293
187 0.191991
188 0.194473
189 0.192576
190 0.191565
191 0.194558
192 0.193382
193 0.191554
194 0.192632
195 0.19225
196 0.191304
197 0.193228
198 0.195436
199 0.195924
200 0.195023
201 0.194791
202 0.193806
203 0.192051
204 0.193808
205 0.194591
206 0.194702
207 0.193892
208 0.194479
209 0.193495
210 0.192489
211 0.192795
212 0.194508
213 0.192193
214 0.193745
215 0.191529
216 0.192293
217 0.194548
218 0.192485
219 0.194659
220 0.196173
221 0.193274
222 0.192265
223 0.195445
224 0.192864
225 0.191551
226 0.195267
227 0.195193
228 0.195881
229 0.195073
230 0.193317
231 0.191507
232 0.194131
233 0.194505
234 0.193708
235 0.193464
236 0.193727
237 0.19296
238 0.193856
239 0.193788
240 0.191928
241 0.192082
242 0.191595
243 0.193936
244 0.194177
245 0.194216
246 0.194123
247 0.191832
248 0.193287
249 0.194365
250 0.19575
251 0.195757
252 0.194645
253 0.196216
254 0.193858
255 0.1939
256 0.19292
257 0.192214
258 0.193294
259 0.192012
260 0.193701
261 0.193316
262 0.192577
263 0.192867
264 0.193244
265 0.194421
266 0.194968
267 0.196209
268 0.194379
269 0.194993
270 0.195467
271 0.194571
272 0.195096
273 0.192953
274 0.192669
275 0.192262
276 0.194168
277 0.1933
278 0.191831
279 0.191281
280 0.190718
281 0.193405
282 0.193869
283 0.19531
284 0.1952
285 0.193295
286 0.194977
287 0.195859
288 0.193048
289 0.193442
290 0.192161
291 0.194438
292 0.193047
293 0.192212
294 0.19246
295 0.192169
296 0.191821
297 0.193261
298 0.19411
299 0.193013
300 0.193651
301 0.194708
302 0.193198
303 0.194496
304 0.192484
305 0.195179
306 0.194735
307 0.194802
308 0.19286
309 0.193052
310 0.191926
311 0.192315
312 0.193335
313 0.192029
314 0.192226
315 0.193068
316 0.194699
317 0.192579
318 0.193085
319 0.194949
320 0.194352
321 0.195015
322 0.194093
323 0.192732
324 0.195404
325 0.193504
326 0.193403
327 0.191823
328 0.191056
329 0.191753
330 0.190726
331 0.19394
332 0.192391
333 0.191701
334 0.192948
335 0.191106
336 0.193463
337 0.194381
338 0.195136
339 0.195743
340 0.193589
341 0.193826
342 0.194177
343 0.194349
344 0.192363
345 0.19144
346 0.191575
347 0.193219
348 0.194817
349 0.193849
350 0.193597
351 0.192496
352 0.192341
353 0.193835
354 0.193452
355 0.194766
356 0.193176
357 0.195833
358 0.194464
359 0.194831
360 0.192835
361 0.194243
362 0.192304
363 0.192057
364 0.193927
365 0.194778
366 0.192299
367 0.191573
368 0.192248
369 0.191507
370 0.191556
371 0.193952
372 0.192462
373 0.191866
374 0.194279
375 0.194884
376 0.196404
377 0.1936
378 0.192191
379 0.192031
380 0.194165
381 0.192373
382 0.192747
383 0.193762
384 0.192006
385 0.193605
386 0.193873
387 0.194424
388 0.19254
389 0.192227
390 0.194502
391 0.192858
392 0.19463
393 0.196225
394 0.193319
395 0.191899
396 0.191824
397 0.193957
398 0.191937
399 0.191452
400 0.193424
401 0.19268
402 0.192901
403 0.193361
404 0.195772
405 0.195184
406 0.194496
407 0.193754
408 0.192668
409 0.191584
410 0.194408
411 0.192967
412 0.192956
413 0.192283
414 0.193433
415 0.192661
416 0.193071
417 0.192031
418 0.194342
419 0.19478
420 0.193343
421 0.195189
422 0.193482
423 0.195727
424 0.1941
425 0.192321
426 0.191598
427 0.192851
428 0.193671
429 0.195193
430 0.194305
431 0.195202
432 0.194025
433 0.195696
434 0.196083
435 0.194349
436 0.192452
437 0.195076
438 0.194411
439 0.194633
440 0.193083
441 0.191888
442 0.192173
443 0.19279
444 0.194429
445 0.192196
446 0.193729
447 0.194203
448 0.193041
449 0.192092
450 0.19402
451 0.195118
452 0.194674
453 0.192703
454 0.191825
455 0.194701
456 0.194309
457 0.192567
458 0.195082
459 0.193563
460 0.193355
461 0.192173
462 0.191442
463 0.193773
464 0.194192
465 0.193145
466 0.19473
467 0.191848
468 0.193137
469 0.192617
470 0.192106
471 0.192712
472 0.192504
473 0.194493
474 0.192384
475 0.194336
476 0.194884
477 0.195876
478 0.195938
479 0.193955
480 0.191701
481 0.19486
482 0.1934
483 0.193239
484 0.192293
485 0.191015
486 0.194258
487 0.192522
488 0.193299
489 0.192316
490 0.194079
491 0.194465
492 0.194168
493 0.192421
494 0.195163
495 0.193544
496 0.194851
497 0.194569
498 0.19349
499 0.195346
500 0.195847
501 0.19307
502 0.1953
503 0.192893
504 0.192644
505 0.191663
506 0.191112
507 0.194676
508 0.192239
509 0.191192
510 0.191888
511 0.19353
512 0.194567
513 0.192683
514 0.193197
515 0.194087
516 0.192257
517 0.193141
518 0.193421
519 0.194441
520 0.194271
521 0.194969
522 0.192868
523 0.193992
524 0.193654
525 0.191871
526 0.193507
527 0.19358
528 0.192479
529 0.191434
530 0.195045
531 0.193825
532 0.19398
533 0.192286
534 0.194443
535 0.195867
536 0.193141
537 0.192189
538 0.19516
539 0.19418
540 0.19366
541 0.194143
542 0.193662
543 0.191217
544 0.194936
545 0.195422
546 0.193922
547 0.194212
548 0.195624
549 0.196202
550 0.193726
551 0.192136
552 0.194456
553 0.19252
554 0.195564
555 0.195491
556 0.19418
557 0.194099
558 0.194996
559 0.194137
560 0.194144
561 0.192517
562 0.195382
563 0.193888
564 0.19415
565 0.196241
566 0.196489
567 0.196046
568 0.193527
569 0.192198
570 0.193946
571 0.195595
572 0.195689
573 0.193354
574 0.193524
575 0.192124
576 0.192575
577 0.193577
578 0.195288
579 0.195715
580 0.193483
581 0.192364
582 0.195065
583 0.19587
584 0.194803
585 0.194405
586 0.193974
587 0.195882
588 0.193421
589 0.192817
590 0.192018
591 0.192985
592 0.194362
593 0.193298
594 0.192257
595 0.192693
596 0.195196
597 0.194332
598 0.193859
599 0.193515
600 0.191609
601 0.192314
602 0.192053
603 0.191609
604 0.193948
605 0.193379
606 0.195427
607 0.194282
608 0.193691
609 0.194552
610 0.194581
611 0.19422
612 0.193737
613 0.192786
614 0.195357
615 0.192565
616 0.192692
617 0.194321
618 0.192372
619 0.192975
620 0.193859
621 0.193473
622 0.194823
623 0.192884
624 0.191689
625 0.193001
626 0.193052
627 0.19292
628 0.194455
629 0.19457
630 0.192088
631 0.194129
632 0.192223
633 0.190818
634 0.192056
635 0.192488
636 0.191395
637 0.192976
638 0.193493
639 0.194035
640 0.193727
641 0.195042
642 0.194114
643 0.19326
644 0.192621
645 0.19189
646 0.192597
647 0.1945
648 0.192606
649 0.193036
650 0.192331
651 0.193567
652 0.193912
653 0.195135
654 0.194121
655 0.195276
656 0.192942
657 0.194594
658 0.19281
659 0.194913
660 0.195066
661 0.19523
662 0.195324
663 0.193039
664 0.194236
665 0.193945
666 0.195315
667 0.192577
668 0.194679
669 0.195316
670 0.195812
671 0.195096
672 0.193384
673 0.194237
674 0.19455
675 0.193014
676 0.194433
677 0.192254
678 0.192031
679 0.191676
680 0.191346
681 0.194121
682 0.192831
683 0.193264
684 0.195128
685 0.193765
686 0.194385
687 0.193229
688 0.191908
689 0.19511
690 0.194703
691 0.194148
692 0.192983
693 0.192007
694 0.191247
695 0.192342
696 0.194897
697 0.194217
698 0.193939
699 0.193452
700 0.193631
701 0.193461
702 0.195085
703 0.192361
704 0.193978
705 0.193997
706 0.193128
707 0.193412
708 0.192091
709 0.19378
710 0.192128
711 0.195354
712 0.195111
713 0.195684
714 0.193744
715 0.192022
716 0.193723
717 0.195053
718 0.194976
719 0.192773
720 0.192738
721 0.191495
722 0.191579
723 0.192429
724 0.191574
725 0.19255
726 0.194692
727 0.195752
728 0.193641
729 0.192755
730 0.195079
731 0.195162
732 0.19408
733 0.194395
734 0.195609
735 0.195154
736 0.195432
737 0.193805
738 0.19455
739 0.195096
740 0.194837
741 0.194265
742 0.194483
743 0.194097
744 0.195678
745 0.193127
746 0.195125
747 0.194462
748 0.193064
749 0.1914
750 0.193817
751 0.192898
752 0.192716
753 0.193048
754 0.193416
755 0.192461
756 0.194373
757 0.193427
758 0.192339
759 0.19236
760 0.193391
761 0.194104
762 0.192152
763 0.191992
764 0.192124
765 0.192917
766 0.193762
767 0.194993
768 0.192696
769 0.192515
770 0.193785
771 0.191766
772 0.192994
773 0.194362
774 0.195211
775 0.195295
776 0.194473
777 0.193596
778 0.193168
779 0.192101
780 0.193358
781 0.195242
782 0.194326
783 0.194444
784 0.192116
785 0.190985
786 0.192983
787 0.193645
788 0.193609
789 0.195337
790 0.194385
791 0.195432
792 0.193998
793 0.19181
794 0.19149
795 0.191648
796 0.193543
797 0.195052
798 0.192215
799 0.19266
800 0.194463
801 0.19264
802 0.193158
803 0.193479
804 0.193438
805 0.193313
806 0.19286
807 0.191675
808 0.194543
809 0.192728
810 0.194556
811 0.196231
812 0.194026
813 0.192576
814 0.195373
815 0.195202
816 0.195688
817 0.194978
818 0.193492
819 0.192727
820 0.194884
821 0.194397
822 0.195651
823 0.193288
824 0.192082
825 0.191073
826 0.191021
827 0.191447
828 0.192212
829 0.19387
830 0.19425
831 0.194547
832 0.195122
833 0.195034
834 0.196289
835 0.19529
836 0.195996
837 0.193948
838 0.192081
839 0.19202
840 0.191468
841 0.194453
842 0.196028
843 0.195806
844 0.193431
845 0.194916
846 0.192497
847 0.194116
848 0.191935
849 0.191432
850 0.191674
851 0.193316
852 0.194254
853 0.194383
854 0.192663
855 0.194914
856 0.19227
857 0.19206
858 0.191051
859 0.193113
860 0.192907
861 0.19447
862 0.194032
863 0.19515
864 0.194748
865 0.193523
866 0.192362
867 0.191352
868 0.192482
869 0.194297
870 0.194705
871 0.196135
872 0.193804
873 0.193274
874 0.195646
875 0.195109
876 0.193512
877 0.192788
878 0.194013
879 0.192596
880 0.195029
881 0.193229
882 0.192136
883 0.194199
884 0.19263
885 0.193409
886 0.194439
887 0.193804
888 0.195062
889 0.196171
890 0.193028
891 0.195243
892 0.193332
893 0.194833
894 0.194432
895 0.194522
896 0.193731
897 0.192781
898 0.194679
899 0.195739
900 0.193369
901 0.194466
902 0.194305
903 0.192929
904 0.192134
905 0.191244
906 0.191318
907 0.191262
908 0.191052
909 0.193447
910 0.191622
911 0.194166
912 0.192438
913 0.195414
914 0.19276
915 0.191722
916 0.192953
917 0.194338
918 0.193955
919 0.19222
920 0.192034
921 0.192911
922 0.192527
923 0.191741
924 0.191431
925 0.190994
926 0.19381
927 0.195164
928 0.194031
929 0.194725
930 0.193762
931 0.194466
932 0.194832
933 0.194436
934 0.195579
935 0.192345
936 0.193149
937 0.191787
938 0.193727
939 0.195269
940 0.195564
941 0.195564
942 0.193696
943 0.195757
944 0.193356
945 0.194942
946 0.196229
947 0.194276
948 0.193541
949 0.19513
950 0.194288
951 0.194318
952 0.192017
953 0.194323
954 0.191745
955 0.192211
956 0.192385
957 0.194439
958 0.193987
959 0.193881
960 0.193533
961 0.194179
962 0.194201
963 0.193826
964 0.192986
965 0.195198
966 0.194105
967 0.192604
968 0.192726
969 0.191435
970 0.191049
971 0.194666
972 0.195284
973 0.192992
974 0.193675
975 0.192795
976 0.19321
977 0.195295
978 0.195671
979 0.194111
980 0.19336
981 0.19288
982 0.191899
983 0.192464
984 0.195362
985 0.194889
986 0.195832
987 0.195756
988 0.194521
989 0.193308
990 0.192656
991 0.194795
992 0.195034
993 0.19554
994 0.193958
995 0.191763
996 0.193782
997 0.192682
998 0.19543
999 0.195027
1000 0.193455
1001 0.19211
1002 0.194019
1003 0.195104
1004 0.196288
1005 0.195448
1006 0.193935
1007 0.192184
1008 0.193699
1009 0.193211
1010 0.195173
1011 0.196414
1012 0.193829
1013 0.194065
1014 0.191651
1015 0.192053
1016 0.192766
1017 0.191721
1018 0.192388
1019 0.193483
1020 0.195191
1021 0.194366
1022 0.192188
1023 0.192805
1024 0.193832
1025 0.195616
1026 0.195746
1027 0.194603
1028 0.192015
1029 0.193696
1030 0.193411
1031 0.193962
1032 0.195018
1033 0.195777
1034 0.195545
1035 0.195134
1036 0.19247
1037 0.195198
1038 0.195137
1039 0.193934
1040 0.193611
1041 0.195366
1042 0.191826
1043 0.194097
1044 0.192944
1045 0.191648
1046 0.191384
1047 0.191093
1048 0.191577
1049 0.194173
1050 0.194764
1051 0.192429
1052 0.191487
1053 0.191608
1054 0.192499
1055 0.192411
1056 0.194395
1057 0.194163
1058 0.19246
1059 0.193236
1060 0.192902
1061 0.193012
1062 0.192457
1063 0.193507
1064 0.193898
1065 0.195409
1066 0.195175
1067 0.193227
1068 0.193692
1069 0.19348
1070 0.192099
1071 0.193755
1072 0.194701
1073 0.193842
1074 0.193503
1075 0.192521
1076 0.191753
1077 0.194325
1078 0.191723
1079 0.193255
1080 0.191721
1081 0.191229
1082 0.191426
1083 0.194854
1084 0.192631
1085 0.194997
1086 0.193969
1087 0.193891
1088 0.195191
1089 0.19539
1090 0.192646
1091 0.194796
1092 0.192694
1093 0.194256
1094 0.193963
1095 0.193072
1096 0.194659
1097 0.194332
1098 0.192854
1099 0.192174
1100 0.191533
1101 0.191407
1102 0.190919
1103 0.191038
1104 0.192769
1105 0.195453
1106 0.195174
1107 0.19324
1108 0.19321
1109 0.1927
1110 0.194064
1111 0.195802
1112 0.195523
1113 0.19216
1114 0.194817
1115 0.195701
1116 0.195108
1117 0.193838
1118 0.195358
1119 0.19489
1120 0.193947
1121 0.195937
1122 0.193883
1123 0.194915
1124 0.195747
1125 0.19567
1126 0.196829
1127 0.193524
1128 0.195003
1129 0.194289
1130 0.194875
1131 0.193467
1132 0.194952
1133 0.194552
1134 0.192511
1135 0.191456
1136 0.191179
1137 0.193269
1138 0.191047
1139 0.193061
1140 0.194167
1141 0.195254
1142 0.194271
1143 0.193394
1144 0.193696
1145 0.194193
1146 0.195838
1147 0.194443
1148 0.196275
1149 0.192794
1150 0.191657
1151 0.194073
1152 0.195696
1153 0.195767
1154 0.196762
1155 0.195675
1156 0.196119
1157 0.196583
1158 0.19409
1159 0.193548
1160 0.19144
1161 0.191903
1162 0.191376
1163 0.1909
1164 0.192418
1165 0.191532
1166 0.19253
1167 0.194333
1168 0.1959
1169 0.194386
1170 0.194734
1171 0.192304
1172 0.19164
1173 0.194576
1174 0.194997
1175 0.194829
1176 0.193431
1177 0.195037
1178 0.196138
1179 0.194993
1180 0.194662
1181 0.193379
1182 0.193645
1183 0.193191
1184 0.19158
1185 0.193199
1186 0.193123
1187 0.195453
1188 0.194873
1189 0.196092
1190 0.195142
1191 0.194475
1192 0.195104
1193 0.194083
1194 0.193101
1195 0.194695
1196 0.196052
1197 0.1935
1198 0.194803
1199 0.193614
1200 0.194181
1201 0.194201
1202 0.193574
1203 0.193436
1204 0.191956
1205 0.190971
1206 0.193814
1207 0.193042
1208 0.194438
1209 0.194514
1210 0.192806
1211 0.192855
1212 0.194979
1213 0.195818
1214 0.192599
1215 0.193899
1216 0.193979
1217 0.193032
1218 0.191653
1219 0.191386
1220 0.192454
1221 0.192967
1222 0.194235
1223 0.193479
1224 0.191907
1225 0.190839
1226 0.193119
1227 0.191896
1228 0.192451
1229 0.192562
1230 0.193021
1231 0.194865
1232 0.194367
1233 0.195237
1234 0.194601
1235 0.19247
1236 0.193843
1237 0.192809
1238 0.192202
1239 0.194057
1240 0.194096
1241 0.193441
1242 0.192492
1243 0.192913
1244 0.195191
1245 0.195816
1246 0.194752
1247 0.194352
1248 0.194795
1249 0.194065
1250 0.196064
1251 0.194911
1252 0.195352
1253 0.192994
1254 0.194223
1255 0.193162
1256 0.194793
1257 0.193596
1258 0.193885
1259 0.193581
1260 0.191856
1261 0.192042
1262 0.194282
1263 0.192296
1264 0.193118
1265 0.193303
1266 0.194723
1267 0.194518
1268 0.19319
1269 0.192666
1270 0.192552
1271 0.191651
1272 0.194718
1273 0.193948
1274 0.192938
1275 0.19564
1276 0.192931
1277 0.194378
1278 0.195799
1279 0.195134
1280 0.194019
1281 0.19561
1282 0.195257
1283 0.194049
1284 0.193085
1285 0.192846
1286 0.192331
1287 0.192401
1288 0.194861
1289 0.194311
1290 0.192875
1291 0.192604
1292 0.194021
1293 0.192518
1294 0.194577
1295 0.193303
1296 0.195038
1297 0.193094
1298 0.194638
1299 0.195787
1300 0.193779
1301 0.194727
1302 0.192907
1303 0.192532
1304 0.192001
1305 0.192647
1306 0.19336
1307 0.192887
1308 0.195481
1309 0.193996
1310 0.192714
1311 0.191419
1312 0.192536
1313 0.191763
1314 0.191631
1315 0.192586
1316 0.195593
1317 0.194821
1318 0.193358
1319 0.192652
1320 0.192115
1321 0.194687
1322 0.195278
1323 0.195358
1324 0.193783
1325 0.192076
1326 0.191989
1327 0.192659
1328 0.193438
1329 0.195319
1330 0.194827
1331 0.194921
1332 0.196121
1333 0.194204
1334 0.194253
1335 0.195967
1336 0.196124
1337 0.193109
1338 0.193052
1339 0.192796
1340 0.193906
1341 0.195662
1342 0.194541
1343 0.193108
1344 0.194168
1345 0.193229
1346 0.193579
1347 0.193124
1348 0.193477
1349 0.194664
1350 0.192777
1351 0.194059
1352 0.193081
1353 0.193257
1354 0.195778
1355 0.194253
1356 0.195443
1357 0.195776
1358 0.194631
1359 0.194196
1360 0.193283
1361 0.193791
1362 0.194751
1363 0.193395
1364 0.193788
1365 0.192205
1366 0.193184
1367 0.193081
1368 0.191542
1369 0.194218
1370 0.192268
1371 0.194939
1372 0.194095
1373 0.195496
1374 0.194058
1375 0.194275
1376 0.192643
1377 0.191589
1378 0.191283
1379 0.193257
1380 0.193626
1381 0.193295
1382 0.195011
1383 0.192603
1384 0.191572
1385 0.193962
1386 0.195366
1387 0.193435
1388 0.194493
1389 0.192162
1390 0.193255
1391 0.193128
1392 0.195223
1393 0.195528
1394 0.19373
1395 0.192465
1396 0.192702
1397 0.193774
1398 0.193869
1399 0.194364
1400 0.192389
1401 0.194545
1402 0.19238
1403 0.191927
1404 0.191611
1405 0.192283
1406 0.191113
1407 0.192621
1408 0.194644
1409 0.195538
1410 0.194496
1411 0.195248
1412 0.192683
1413 0.194293
1414 0.192641
1415 0.195172
1416 0.195779
1417 0.194378
1418 0.195193
1419 0.193415
1420 0.192316
1421 0.194707
1422 0.194938
1423 0.192968
1424 0.191934
1425 0.192225
1426 0.194877
1427 0.194396
1428 0.193611
1429 0.195449
1430 0.193268
1431 0.19239
1432 0.191991
1433 0.19314
1434 0.194339
1435 0.194431
1436 0.196031
1437 0.194927
1438 0.194007
1439 0.192294
1440 0.192835
1441 0.192975
1442 0.194545
1443 0.194761
1444 0.193102
1445 0.191892
1446 0.194467
1447 0.195113
1448 0.193515
1449 0.193193
1450 0.192331
1451 0.194361
1452 0.195588
1453 0.194992
1454 0.194275
1455 0.191943
1456 0.191694
1457 0.192388
1458 0.192071
1459 0.193199
1460 0.194188
1461 0.194881
1462 0.194546
1463 0.195192
1464 0.19443
1465 0.193818
1466 0.191821
1467 0.194538
1468 0.195496
1469 0.193253
1470 0.192729
1471 0.193286
1472 0.191886
1473 0.194045
1474 0.192357
1475 0.192535
1476 0.192619
1477 0.193498
1478 0.195257
1479 0.195537
1480 0.192364
1481 0.194078
1482 0.192737
1483 0.192711
1484 0.194265
1485 0.192614
1486 0.194527
1487 0.193007
1488 0.195257
1489 0.192461
1490 0.191353
1491 0.193132
1492 0.193008
1493 0.192023
1494 0.193158
1495 0.192681
1496 0.19444
1497 0.196084
1498 0.193121
1499 0.192176
1500 0.191704
1501 0.193927
1502 0.193387
1503 0.192464
1504 0.193623
1505 0.19483
1506 0.193839
1507 0.195324
1508 0.196266
1509 0.193612
1510 0.195554
1511 0.195506
1512 0.195038
1513 0.195273
1514 0.195394
1515 0.194114
1516 0.193104
1517 0.19445
1518 0.195307
1519 0.193035
1520 0.191846
1521 0.19366
1522 0.191789
1523 0.192054
1524 0.195196
1525 0.192449
1526 0.193909
1527 0.19496
1528 0.193199
1529 0.19362
1530 0.193769
1531 0.193317
1532 0.191886
1533 0.193163
1534 0.193756
1535 0.192938
1536 0.193116
1537 0.195375
1538 0.195269
1539 0.193469
1540 0.194165
1541 0.194963
1542 0.192793
1543 0.193428
1544 0.194803
1545 0.192505
1546 0.19305
1547 0.194689
1548 0.192729
1549 0.19309
1550 0.194072
1551 0.193374
1552 0.191918
1553 0.191678
1554 0.194495
1555 0.193153
1556 0.192594
1557 0.192396
1558 0.192634
1559 0.194498
1560 0.193509
1561 0.192432
1562 0.191062
1563 0.192785
1564 0.192416
1565 0.192417
1566 0.194358
1567 0.195169
1568 0.193026
1569 0.192508
1570 0.19512
1571 0.191927
1572 0.193258
1573 0.195298
1574 0.19515
1575 0.194701
1576 0.194282
1577 0.194501
1578 0.194099
1579 0.195179
1580 0.194626
1581 0.192732
1582 0.194072
1583 0.193371
1584 0.194921
1585 0.193628
1586 0.195186
1587 0.193636
1588 0.193575
1589 0.194341
1590 0.194751
1591 0.193397
1592 0.192903
1593 0.194614
1594 0.193644
1595 0.195218
1596 0.193567
1597 0.194909
1598 0.192676
1599 0.191888
1600 0.193856
1601 0.191236
1602 0.193741
1603 0.192108
1604 0.192412
1605 0.191596
1606 0.19117
1607 0.19195
1608 0.192405
1609 0.193544
1610 0.192307
1611 0.191799
1612 0.19495
1613 0.1943
1614 0.193611
1615 0.195649
1616 0.194051
1617 0.193976
1618 0.19256
1619 0.193063
1620 0.19208
1621 0.191188
1622 0.192445
1623 0.192176
1624 0.193596
1625 0.193576
1626 0.194061
1627 0.195449
1628 0.192039
1629 0.192866
1630 0.194861
1631 0.195905
1632 0.19535
1633 0.196145
1634 0.193403
1635 0.191903
1636 0.191204
1637 0.191374
1638 0.191953
1639 0.193727
1640 0.193458
1641 0.193624
1642 0.19571
1643 0.195833
1644 0.1952
1645 0.193259
1646 0.193426
1647 0.194073
1648 0.192793
1649 0.192258
1650 0.19429
1651 0.195061
1652 0.194444
1653 0.196234
1654 0.196388
1655 0.19365
1656 0.195121
1657 0.195688
1658 0.195639
1659 0.19592
1660 0.19399
1661 0.194538
1662 0.192871
1663 0.195198
1664 0.194285
1665 0.193489
1666 0.192694
1667 0.194468
1668 0.194649
1669 0.193836
1670 0.194841
1671 0.193843
1672 0.195194
1673 0.194044
1674 0.194704
1675 0.19605
1676 0.194268
1677 0.192378
1678 0.191984
1679 0.194195
1680 0.194444
1681 0.192208
1682 0.191846
1683 0.191721
1684 0.193975
1685 0.195496
1686 0.194861
1687 0.195011
1688 0.194314
1689 0.194345
1690 0.194795
1691 0.193131
1692 0.193996
1693 0.195063
1694 0.194011
1695 0.195383
1696 0.195888
1697 0.192964
1698 0.194152
1699 0.194507
1700 0.192546
1701 0.193615
1702 0.195123
1703 0.194789
1704 0.194434
1705 0.192216
1706 0.191246
1707 0.19443
1708 0.193013
1709 0.194575
1710 0.195878
1711 0.192642
1712 0.193156
1713 0.194594
1714 0.193618
1715 0.194495
1716 0.19559
1717 0.195505
1718 0.192988
1719 0.195511
1720 0.193791
1721 0.191847
1722 0.191787
1723 0.193659
1724 0.195215
1725 0.195043
1726 0.194
1727 0.195512
1728 0.194687
1729 0.193718
1730 0.194093
1731 0.195062
1732 0.19346
1733 0.193523
1734 0.193156
1735 0.195393
1736 0.195498
1737 0.194537
1738 0.196141
1739 0.194784
1740 0.192984
1741 0.19146
1742 0.192926
1743 0.193328
1744 0.191565
1745 0.194037
1746 0.192799
1747 0.19491
1748 0.195107
1749 0.193333
1750 0.193105
1751 0.192921
1752 0.19248
1753 0.194542
1754 0.195588
1755 0.195658
1756 0.193784
1757 0.191455
1758 0.194159
1759 0.193357
1760 0.192478
1761 0.193753
1762 0.19241
1763 0.191571
1764 0.192948
1765 0.191929
1766 0.191481
1767 0.194113
1768 0.192703
1769 0.194596
1770 0.193162
1771 0.194884
1772 0.192681
1773 0.193045
1774 0.191533
1775 0.191219
1776 0.193356
1777 0.193753
1778 0.191989
1779 0.19301
1780 0.194806
1781 0.19428
1782 0.192658
1783 0.193868
1784 0.19404
1785 0.193561
1786 0.194991
1787 0.19587
1788 0.195949
1789 0.194992
1790 0.192635
1791 0.193807
1792 0.193099
1793 0.191852
1794 0.193318
1795 0.192865
1796 0.191987
1797 0.193499
1798 0.19335
1799 0.194035
1800 0.193806
1801 0.193054
1802 0.193531
1803 0.191633
1804 0.192102
1805 0.191832
1806 0.193412
1807 0.192898
1808 0.193077
1809 0.195668
1810 0.194492
1811 0.194186
1812 0.192919
1813 0.193421
1814 0.19512
1815 0.195554
1816 0.193819
1817 0.195285
1818 0.196182
1819 0.194925
1820 0.194469
1821 0.19428
1822 0.193443
1823 0.192396
1824 0.192597
1825 0.194191
1826 0.195501
1827 0.196061
1828 0.194183
1829 0.192561
1830 0.194182
1831 0.19429
1832 0.192206
1833 0.194655
1834 0.194466
1835 0.192154
1836 0.191509
1837 0.192442
1838 0.193054
1839 0.194482
1840 0.192532
1841 0.192296
1842 0.190996
1843 0.191329
1844 0.19349
1845 0.19145
1846 0.1926
1847 0.191961
1848 0.192268
1849 0.193272
1850 0.194142
1851 0.191954
1852 0.192867
1853 0.194836
1854 0.195558
1855 0.193963
1856 0.193939
1857 0.193254
1858 0.193504
1859 0.195302
1860 0.194625
1861 0.195385
1862 0.196008
1863 0.193644
1864 0.191545
1865 0.193127
1866 0.191656
1867 0.193878
1868 0.195224
1869 0.193403
1870 0.192981
1871 0.19257
1872 0.1928
1873 0.192529
1874 0.19198
1875 0.19375
1876 0.192325
1877 0.191827
1878 0.19144
1879 0.190804
1880 0.190376
1881 0.193363
1882 0.194831
1883 0.192307
1884 0.194412
1885 0.193247
1886 0.19357
1887 0.193889
1888 0.193273
1889 0.195293
1890 0.194368
1891 0.194464
1892 0.194668
1893 0.194376
1894 0.192999
1895 0.193556
1896 0.195395
1897 0.193061
1898 0.194782
1899 0.193132
1900 0.19359
1901 0.193504
1902 0.19518
1903 0.194227
1904 0.193997
1905 0.193687
1906 0.193284
1907 0.19563
1908 0.195894
1909 0.193997
1910 0.192198
1911 0.194724
1912 0.193163
1913 0.192365
1914 0.193674
1915 0.193889
1916 0.195043
1917 0.192806
1918 0.192707
1919 0.191267
1920 0.19253
1921 0.192363
1922 0.194707
1923 0.194538
1924 0.196038
1925 0.194886
1926 0.194953
1927 0.193244
1928 0.192522
1929 0.194663
1930 0.195944
1931 0.19452
1932 0.19625
1933 0.195453
1934 0.193527
1935 0.195938
1936 0.193594
1937 0.19368
1938 0.194885
1939 0.193989
1940 0.195972
1941 0.194084
1942 0.19198
1943 0.194445
1944 0.194904
1945 0.194383
1946 0.195017
1947 0.192428
1948 0.192855
1949 0.191524
1950 0.191937
1951 0.192638
1952 0.193074
1953 0.194799
1954 0.191946
1955 0.193011
1956 0.192931
1957 0.192513
1958 0.194657
1959 0.193114
1960 0.193342
1961 0.192366
1962 0.193978
1963 0.194941
1964 0.1932
1965 0.196032
1966 0.193498
1967 0.192487
1968 0.190996
1969 0.191517
1970 0.193424
1971 0.195218
1972 0.195386
1973 0.196578
1974 0.194576
1975 0.19556
1976 0.196188
1977 0.195281
1978 0.195957
1979 0.192043
1980 0.194424
1981 0.193831
1982 0.195118
1983 0.193598
1984 0.191676
1985 0.192063
1986 0.192015
1987 0.193435
1988 0.191982
1989 0.194356
1990 0.195762
1991 0.193337
1992 0.195029
1993 0.19244
1994 0.193455
1995 0.192237
1996 0.193511
1997 0.193891
1998 0.196015
1999 0.193357
2000 0.194289
2001 0.195052
2002 0.195413
2003 0.193131
2004 0.195817
2005 0.194826
2006 0.195177
2007 0.192622
2008 0.192079
2009 0.192458
2010 0.193777
2011 0.194569
2012 0.194898
2013 0.193027
2014 0.19172
2015 0.194399
2016 0.194706
2017 0.195721
2018 0.194737
2019 0.192347
2020 0.19266
2021 0.19144
2022 0.192235
2023 0.19281
2024 0.192559
2025 0.195412
2026 0.196353
2027 0.194556
2028 0.195568
2029 0.195463
2030 0.192548
2031 0.191868
2032 0.193447
2033 0.19495
2034 0.196274
2035 0.193624
2036 0.193608
2037 0.193574
2038 0.192194
2039 0.191771
2040 0.191653
2041 0.193902
2042 0.192342
2043 0.191329
2044 0.194416
2045 0.194044
2046 0.192959
2047 0.195142
2048 0.194773
2049 0.192209
2050 0.192948
2051 0.195313
2052 0.195601
2053 0.192799
2054 0.193022
2055 0.192701
2056 0.191528
2057 0.193492
2058 0.195193
2059 0.193181
2060 0.195056
2061 0.192909
2062 0.193613
2063 0.194738
2064 0.195802
2065 0.193293
2066 0.192862
2067 0.193919
2068 0.194626
2069 0.193765
2070 0.192754
2071 0.191501
2072 0.192344
2073 0.191361
2074 0.190899
2075 0.191001
2076 0.190812
2077 0.191288
2078 0.193504
2079 0.194862
2080 0.192861
2081 0.192744
2082 0.191394
2083 0.193304
2084 0.194754
2085 0.194303
2086 0.193756
2087 0.194617
2088 0.193814
2089 0.192825
2090 0.193242
2091 0.191687
2092 0.190917
2093 0.194053
2094 0.193055
2095 0.19222
2096 0.194885
2097 0.195521
2098 0.194354
2099 0
