0 0.174009
1 0.165978
2 0.164623
3 0.174171
4 0.184219
5 0.19058
6 0.191948
7 0.188109
8 0.183631
9 0.17811
10 0.172429
11 0.162791
12 0.157239
13 0.150865
14 0.146542
15 0.152271
16 0.15048
17 0.161957
18 0.171133
19 0.163321
20 0.174972
21 0.176797
22 0.169636
23 0.177509
24 0.176538
25 0.175372
26 0.178658
27 0.174536
28 0.174984
29 0.177808
30 0.173802
31 0.174689
32 0.177222
33 0.171893
34 0.174038
35 0.178847
36 0.175063
37 0.174401
38 0.177655
39 0.176445
40 0.177248
41 0.177762
42 0.17928
43 0.176603
44 0.177863
45 0.179223
46 0.176096
47 0.174959
48 0.177905
49 0.177186
50 0.175271
51 0.179372
52 0.176877
53 0.17519
54 0.179523
55 0.176102
56 0.175683
57 0.178196
58 0.174814
59 0.173171
60 0.175045
61 0.178983
62 0.172803
63 0.176819
64 0.177924
65 0.172994
66 0.174888
67 0.178728
68 0.174817
69 0.17469
70 0.177992
71 0.173722
72 0.175669
73 0.176907
74 0.171404
75 0.173727
76 0.176734
77 0.173609
78 0.173294
79 0.178144
80 0.176933
81 0.175313
82 0.178386
83 0.176448
84 0.176129
85 0.175596
86 0.1777
87 0.173473
88 0.174058
89 0.179326
90 0.174335
91 0.176657
92 0.177636
93 0.174365
94 0.17692
95 0.17753
96 0.174506
97 0.175116
98 0.178804
99 0.174315
100 0.173864
101 0.177383
102 0.179707
103 0.173072
104 0.174693
105 0.179986
106 0.173403
107 0.1733
108 0.177311
109 0.172609
110 0.174615
111 0.1762
112 0.17196
113 0.174275
114 0.179943
115 0.174601
116 0.177152
117 0.178132
118 0.172849
119 0.175977
120 0.175296
121 0.176901
122 0.174941
123 0.176477
124 0.176482
125 0.175889
126 0.176552
127 0.179855
128 0.175938
129 0.17637
130 0.179023
131 0.174637
132 0.175847
133 0.179746
134 0.174537
135 0.175464
136 0.180956
137 0.178617
138 0.176391
139 0.178656
140 0.17943
141 0.175375
142 0.174222
143 0.177836
144 0.172465
145 0.174061
146 0.180348
147 0.173396
148 0.176389
149 0.177365
150 0.173273
151 0.17513
152 0.178969
153 0.171446
154 0.175592
155 0.178457
156 0.173855
157 0.175845
158 0.178932
159 0.175214
160 0.173315
161 0.175757
162 0.17508
163 0.174911
164 0.177967
165 0.181248
166 0.176592
167 0.176661
168 0.178376
169 0.176151
170 0.177366
171 0.177758
172 0.176115
173 0.176619
174 0.177332
175 0.177999
176 0.174688
177 0.179617
178 0.17854
179 0.177444
180 0.176298
181 0.177642
182 0.175175
183 0.173408
184 0.179719
185 0.17134
186 0.176381
187 0.180359
188 0.172993
189 0.175432
190 0.180817
191 0.173452
192 0.176476
193 0.178438
194 0.174651
195 0.175765
196 0.17447
197 0.174953
198 0.17278
199 0.174529
200 0.178497
201 0.176343
202 0.177463
203 0.179141
204 0.176569
205 0.175309
206 0.176767
207 0.173585
208 0.178205
209 0.181208
210 0.173954
211 0.178788
212 0.179237
213 0.175856
214 0.174671
215 0.179329
216 0.175694
217 0.175195
218 0.178091
219 0.176741
220 0.174756
221 0.176303
222 0.177364
223 0.174439
224 0.175442
225 0.178396
226 0.173913
227 0.175068
228 0.175973
229 0.175418
230 0.176913
231 0.175238
232 0.176229
233 0.176413
234 0.177937
235 0.177591
236 0.177733
237 0.175756
238 0.179519
239 0.176835
240 0.17541
241 0.178741
242 0.173895
243 0.175346
244 0.178098
245 0.173768
246 0.178692
247 0.179693
248 0.174741
249 0.17798
250 0.177734
251 0.179245
252 0.174282
253 0.176666
254 0.176746
255 0.173519
256 0.176322
257 0.178755
258 0.172803
259 0.176812
260 0.180622
261 0.172514
262 0.173721
263 0.178527
264 0.173117
265 0.173184
266 0.179945
267 0.176557
268 0.174218
269 0.178473
270 0.176008
271 0.173539
272 0.175904
273 0.178601
274 0.176254
275 0.178556
276 0.1783
277 0.173288
278 0.178656
279 0.176818
280 0.17664
281 0.178856
282 0.177586
283 0.178362
284 0.175124
285 0.179694
286 0.176168
287 0.177494
288 0.178721
289 0.177694
290 0.176292
291 0.178087
292 0.18009
293 0.172522
294 0.176843
295 0.178181
296 0.173298
297 0.174305
298 0.178886
299 0.174946
300 0.175509
301 0.178863
302 0.17408
303 0.174899
304 0.174754
305 0.17626
306 0.176535
307 0.176233
308 0.178071
309 0.177805
310 0.178726
311 0.177745
312 0.173213
313 0.175129
314 0.177589
315 0.17533
316 0.177409
317 0.182136
318 0.174646
319 0.177973
320 0.17847
321 0.175977
322 0.177384
323 0.176265
324 0.178826
325 0.175049
326 0.176879
327 0.178844
328 0.174395
329 0.175307
330 0.179383
331 0.17259
332 0.174972
333 0.1776
334 0.173027
335 0.173111
336 0.178627
337 0.17409
338 0.174513
339 0.177239
340 0.173658
341 0.175455
342 0.177307
343 0.176193
344 0.173915
345 0.175317
346 0.176237
347 0.17653
348 0.175575
349 0.180441
350 0.174433
351 0.1772
352 0.181242
353 0.173501
354 0.178497
355 0.17711
356 0.175954
357 0.177242
358 0.180444
359 0.17635
360 0.177025
361 0.179171
362 0.175968
363 0.173347
364 0.177053
365 0.176534
366 0.173145
367 0.174186
368 0.180135
369 0.173932
370 0.173874
371 0.179408
372 0.170971
373 0.172885
374 0.176955
375 0.173399
376 0.175032
377 0.178584
378 0.176257
379 0.177499
380 0.177833
381 0.176918
382 0.174577
383 0.1741
384 0.177001
385 0.175029
386 0.174709
387 0.178349
388 0.174857
389 0.178309
390 0.179723
391 0.174303
392 0.175738
393 0.179881
394 0.17587
395 0.175641
396 0.176915
397 0.176854
398 0.176095
399 0.177928
400 0.176847
401 0.176926
402 0.178342
403 0.177033
404 0.174413
405 0.177166
406 0.176864
407 0.174561
408 0.176929
409 0.180927
410 0.17274
411 0.175951
412 0.180282
413 0.174383
414 0.175709
415 0.178963
416 0.174537
417 0.176923
418 0.177666
419 0.179578
420 0.173834
421 0.174439
422 0.179639
423 0.172525
424 0.17459
425 0.179209
426 0.17369
427 0.178368
428 0.178953
429 0.178316
430 0.175953
431 0.177007
432 0.17558
433 0.177975
434 0.179207
435 0.176249
436 0.177873
437 0.178411
438 0.176817
439 0.173539
440 0.177287
441 0.180596
442 0.173583
443 0.177387
444 0.180679
445 0.172401
446 0.173738
447 0.177003
448 0.17395
449 0.173422
450 0.177629
451 0.175679
452 0.176492
453 0.174701
454 0.174647
455 0.173583
456 0.175525
457 0.175859
458 0.176046
459 0.179328
460 0.18011
461 0.173426
462 0.17824
463 0.181515
464 0.175142
465 0.178754
466 0.181922
467 0.17616
468 0.176166
469 0.178656
470 0.175727
471 0.175765
472 0.175979
473 0.180745
474 0.175201
475 0.17809
476 0.180471
477 0.173956
478 0.177721
479 0.176111
480 0.173712
481 0.176948
482 0.17954
483 0.174076
484 0.174647
485 0.179419
486 0.176299
487 0.176019
488 0.175789
489 0.175643
490 0.1765
491 0.17613
492 0.175881
493 0.176389
494 0.175424
495 0.179838
496 0.174859
497 0.175257
498 0.178607
499 0.17435
500 0.176786
501 0.17913
502 0.177087
503 0.175017
504 0.180374
505 0.179163
506 0.176423
507 0.175644
508 0.178212
509 0.172499
510 0.174227
511 0.18031
512 0.173333
513 0.177925
514 0.179257
515 0.175034
516 0.176401
517 0.17881
518 0.173714
519 0.176956
520 0.176784
521 0.173665
522 0.174668
523 0.178548
524 0.173708
525 0.175035
526 0.179232
527 0.177817
528 0.175222
529 0.176846
530 0.18046
531 0.176831
532 0.178779
533 0.180832
534 0.175853
535 0.175741
536 0.179339
537 0.176538
538 0.175592
539 0.18059
540 0.178353
541 0.175495
542 0.175873
543 0.180066
544 0.175481
545 0.174045
546 0.177367
547 0.174034
548 0.175948
549 0.1794
550 0.172781
551 0.174951
552 0.178469
553 0.172424
554 0.176654
555 0.178355
556 0.17325
557 0.176808
558 0.179298
559 0.176468
560 0.174841
561 0.175152
562 0.178224
563 0.175049
564 0.176411
565 0.177809
566 0.176192
567 0.175936
568 0.178064
569 0.176598
570 0.177937
571 0.177709
572 0.175515
573 0.175983
574 0.17587
575 0.176714
576 0.177868
577 0.179561
578 0.176076
579 0.175534
580 0.176891
581 0.175942
582 0.173511
583 0.176704
584 0.181467
585 0.175245
586 0.178048
587 0.18069
588 0.172083
589 0.175924
590 0.177012
591 0.175731
592 0.173523
593 0.179889
594 0.174086
595 0.174014
596 0.17877
597 0.175678
598 0.175717
599 0.177274
600 0.17796
601 0.17517
602 0.177934
603 0.178377
604 0.176308
605 0.176221
606 0.179502
607 0.173312
608 0.177926
609 0.17817
610 0.174422
611 0.177449
612 0.175585
613 0.176014
614 0.175079
615 0.176653
616 0.175861
617 0.173481
618 0.177012
619 0.176923
620 0.172125
621 0.173974
622 0.17887
623 0.172189
624 0.176185
625 0.178671
626 0.175512
627 0.175224
628 0.176572
629 0.172224
630 0.176786
631 0.177387
632 0.174006
633 0.176642
634 0.177462
635 0.174588
636 0.173689
637 0.178569
638 0.176543
639 0.175477
640 0.176442
641 0.178732
642 0.176868
643 0.178465
644 0.180464
645 0.177257
646 0.177373
647 0.180013
648 0.174425
649 0.175436
650 0.177081
651 0.178823
652 0.175913
653 0.178154
654 0.179076
655 0.172982
656 0.176096
657 0.179506
658 0.172062
659 0.17585
660 0.177197
661 0.172249
662 0.173887
663 0.176803
664 0.172082
665 0.176439
666 0.176846
667 0.175084
668 0.176428
669 0.176573
670 0.172916
671 0.174092
672 0.17507
673 0.177519
674 0.174335
675 0.175634
676 0.180264
677 0.177406
678 0.174355
679 0.179586
680 0.176268
681 0.176558
682 0.181278
683 0.174558
684 0.175324
685 0.177848
686 0.1764
687 0.174947
688 0.177429
689 0.175798
690 0.174271
691 0.175237
692 0.17796
693 0.174496
694 0.175011
695 0.177397
696 0.174019
697 0.177077
698 0.178128
699 0.173274
700 0.175965
701 0.179413
702 0.173481
703 0.175667
704 0.178945
705 0.174508
706 0.177337
707 0.177548
708 0.174178
709 0.173386
710 0.175308
711 0.177427
712 0.172965
713 0.177255
714 0.175548
715 0.175803
716 0.178703
717 0.181107
718 0.175635
719 0.179117
720 0.179647
721 0.173991
722 0.175108
723 0.177534
724 0.177468
725 0.178349
726 0.177407
727 0.17731
728 0.17812
729 0.176667
730 0.175689
731 0.174595
732 0.174535
733 0.179705
734 0.172733
735 0.177793
736 0.179503
737 0.172963
738 0.176208
739 0.179527
740 0.172008
741 0.173112
742 0.179549
743 0.170879
744 0.174
745 0.178773
746 0.172888
747 0.172585
748 0.175916
749 0.177153
750 0.172543
751 0.175451
752 0.178819
753 0.173101
754 0.177285
755 0.178231
756 0.173063
757 0.175465
758 0.180071
759 0.176921
760 0.176909
761 0.182046
762 0.176585
763 0.176734
764 0.175951
765 0.175603
766 0.17497
767 0.174806
768 0.178187
769 0.177536
770 0.177965
771 0.179426
772 0.173495
773 0.173866
774 0.175893
775 0.173965
776 0.174504
777 0.176931
778 0.171099
779 0.174108
780 0.179857
781 0.174602
782 0.174272
783 0.180329
784 0.172962
785 0.173365
786 0.176361
787 0.174689
788 0.17536
789 0.175701
790 0.175955
791 0.176772
792 0.177321
793 0.179418
794 0.174838
795 0.177026
796 0.177181
797 0.174383
798 0.17534
799 0.177812
800 0.173737
801 0.17754
802 0.178458
803 0.17404
804 0.175107
805 0.177815
806 0.174372
807 0.176627
808 0.17689
809 0.178138
810 0.174601
811 0.176608
812 0.179924
813 0.172476
814 0.174983
815 0.178938
816 0.172395
817 0.177279
818 0.181066
819 0.172289
820 0.175241
821 0.177337
822 0.171854
823 0.174528
824 0.175886
825 0.172837
826 0.17393
827 0.175036
828 0.177393
829 0.174902
830 0.176966
831 0.17635
832 0.173498
833 0.178051
834 0.177349
835 0.173176
836 0.175679
837 0.178699
838 0.176254
839 0.175934
840 0.178857
841 0.176481
842 0.175533
843 0.177359
844 0.177675
845 0.17652
846 0.177078
847 0.177363
848 0.175253
849 0.177023
850 0.176274
851 0.172773
852 0.174569
853 0.179441
854 0.174016
855 0.175845
856 0.18093
857 0.172763
858 0.176088
859 0.176902
860 0.172351
861 0.173833
862 0.179172
863 0.172116
864 0.17345
865 0.179804
866 0.174776
867 0.176904
868 0.177264
869 0.176343
870 0.174667
871 0.176804
872 0.177276
873 0.174391
874 0.175965
875 0.177791
876 0.175371
877 0.176664
878 0.178131
879 0.177179
880 0.178491
881 0.178857
882 0.176086
883 0.175356
884 0.177934
885 0.176568
886 0.174603
887 0.176743
888 0.1795
889 0.174793
890 0.175779
891 0.17931
892 0.17465
893 0.175685
894 0.180159
895 0.173054
896 0.176107
897 0.176493
898 0.173211
899 0.173655
900 0.179015
901 0.170851
902 0.17433
903 0.178538
904 0.176906
905 0.176672
906 0.177474
907 0.178349
908 0.17614
909 0.178176
910 0.177595
911 0.176711
912 0.179234
913 0.177025
914 0.177293
915 0.175557
916 0.179989
917 0.17555
918 0.176446
919 0.181162
920 0.174892
921 0.176116
922 0.175588
923 0.176145
924 0.174913
925 0.175367
926 0.179168
927 0.174352
928 0.177676
929 0.177218
930 0.174034
931 0.173963
932 0.177522
933 0.173029
934 0.174842
935 0.177546
936 0.172794
937 0.173333
938 0.179012
939 0.170951
940 0.174323
941 0.178985
942 0.173459
943 0.172737
944 0.176659
945 0.175017
946 0.174353
947 0.174463
948 0.17561
949 0.175739
950 0.177761
951 0.177231
952 0.174177
953 0.17894
954 0.176607
955 0.17475
956 0.175617
957 0.177334
958 0.176242
959 0.177235
960 0.179222
961 0.178294
962 0.17722
963 0.176824
964 0.176415
965 0.173731
966 0.178629
967 0.180342
968 0.174933
969 0.176148
970 0.181136
971 0.174119
972 0.174323
973 0.176656
974 0.171184
975 0.175209
976 0.178839
977 0.172922
978 0.177023
979 0.17699
980 0.174952
981 0.175054
982 0.176183
983 0.177206
984 0.175711
985 0.177184
986 0.177115
987 0.174182
988 0.175201
989 0.177571
990 0.176213
991 0.174581
992 0.178865
993 0.173153
994 0.177033
995 0.18033
996 0.176812
997 0.175608
998 0.17696
999 0.178251
1000 0.177027
1001 0.17865
1002 0.178296
1003 0.174363
1004 0.178857
1005 0.176108
1006 0.174687
1007 0.17612
1008 0.178621
1009 0.171788
1010 0.175558
1011 0.176443
1012 0.174846
1013 0.174736
1014 0.178768
1015 0.174045
1016 0.175292
1017 0.179107
1018 0.173907
1019 0.175022
1020 0.175666
1021 0.176853
1022 0.173365
1023 0.175048
1024 0.17553
1025 0.174418
1026 0.175047
1027 0.179409
1028 0.173772
1029 0.176562
1030 0.176739
1031 0.174718
1032 0.176237
1033 0.178305
1034 0.173792
1035 0.17481
1036 0.181184
1037 0.176454
1038 0.178219
1039 0.178653
1040 0.177971
1041 0.17499
1042 0.174553
1043 0.179501
1044 0.17484
1045 0.174709
1046 0.176822
1047 0.174307
1048 0.176933
1049 0.179422
1050 0.173407
1051 0.174892
1052 0.177693
1053 0.174414
1054 0.176218
1055 0.180158
1056 0.175314
1057 0.177545
1058 0.175042
1059 0.175229
1060 0.173756
1061 0.175128
1062 0.178425
1063 0.175691
1064 0.175553
1065 0.178883
1066 0.174171
1067 0.174409
1068 0.18024
1069 0.174669
1070 0.177071
1071 0.181483
1072 0.174702
1073 0.17873
1074 0.177325
1075 0.175938
1076 0.176346
1077 0.178455
1078 0.178856
1079 0.175015
1080 0.176141
1081 0.179481
1082 0.173727
1083 0.176566
1084 0.179508
1085 0.175743
1086 0.175864
1087 0.176608
1088 0.173039
1089 0.17625
1090 0.178748
1091 0.172403
1092 0.174084
1093 0.179863
1094 0.171561
1095 0.17419
1096 0.177212
1097 0.177496
1098 0.174646
1099 0.178648
1100 0.175033
1101 0.1741
1102 0.178185
1103 0.179107
1104 0.173116
1105 0.177042
1106 0.18036
1107 0.176041
1108 0.177625
1109 0.181919
1110 0.173897
1111 0.17668
1112 0.177753
1113 0.176774
1114 0.174525
1115 0.175261
1116 0.179135
1117 0.175132
1118 0.175127
1119 0.176059
1120 0.172362
1121 0.177727
1122 0.176172
1123 0.173696
1124 0.17837
1125 0.179946
1126 0.174561
1127 0.175755
1128 0.178914
1129 0.175154
1130 0.174973
1131 0.178513
1132 0.173932
1133 0.175855
1134 0.176117
1135 0.175105
1136 0.176613
1137 0.175128
1138 0.180341
1139 0.177304
1140 0.177034
1141 0.180148
1142 0.176978
1143 0.176115
1144 0.177565
1145 0.177914
1146 0.176276
1147 0.180525
1148 0.174034
1149 0.177083
1150 0.180113
1151 0.177534
1152 0.17694
1153 0.176611
1154 0.17801
1155 0.175634
1156 0.174907
1157 0.178249
1158 0.172684
1159 0.177017
1160 0.178579
1161 0.172508
1162 0.175837
1163 0.179856
1164 0.172813
1165 0.173099
1166 0.179171
1167 0.172494
1168 0.175066
1169 0.17561
1170 0.175976
1171 0.175065
1172 0.178393
1173 0.176892
1174 0.176626
1175 0.178338
1176 0.179323
1177 0.173472
1178 0.175939
1179 0.177818
1180 0.175632
1181 0.175549
1182 0.178067
1183 0.175906
1184 0.176954
1185 0.178621
1186 0.175576
1187 0.175065
1188 0.179907
1189 0.176306
1190 0.175222
1191 0.179364
1192 0.177338
1193 0.171305
1194 0.176457
1195 0.178584
1196 0.173317
1197 0.177922
1198 0.179268
1199 0.174165
1200 0.177311
1201 0.177467
1202 0.17173
1203 0.17528
1204 0.176626
1205 0.174257
1206 0.172907
1207 0.178533
1208 0.17705
1209 0.173055
1210 0.175605
1211 0.177086
1212 0.172806
1213 0.177509
1214 0.176534
1215 0.175448
1216 0.175066
1217 0.180861
1218 0.175229
1219 0.177708
1220 0.179527
1221 0.178667
1222 0.17671
1223 0.177243
1224 0.17523
1225 0.174184
1226 0.177618
1227 0.177626
1228 0.174798
1229 0.177197
1230 0.176582
1231 0.173152
1232 0.176375
1233 0.176738
1234 0.17499
1235 0.177949
1236 0.181276
1237 0.17498
1238 0.176664
1239 0.179821
1240 0.172059
1241 0.173744
1242 0.178628
1243 0.172687
1244 0.173828
1245 0.175026
1246 0.179458
1247 0.175979
1248 0.174246
1249 0.176759
1250 0.17396
1251 0.176005
1252 0.180025
1253 0.174952
1254 0.179124
1255 0.179632
1256 0.177861
1257 0.177034
1258 0.176669
1259 0.174213
1260 0.175867
1261 0.177959
1262 0.174329
1263 0.177761
1264 0.178002
1265 0.179789
1266 0.175126
1267 0.176337
1268 0.17667
1269 0.171832
1270 0.175087
1271 0.179588
1272 0.173463
1273 0.178113
1274 0.176784
1275 0.17387
1276 0.176771
1277 0.178822
1278 0.17514
1279 0.177345
1280 0.176818
1281 0.175758
1282 0.173065
1283 0.178034
1284 0.174757
1285 0.176231
1286 0.1771
1287 0.181302
1288 0.174227
1289 0.176935
1290 0.180027
1291 0.174137
1292 0.1771
1293 0.177288
1294 0.175822
1295 0.176503
1296 0.180562
1297 0.176439
1298 0.176936
1299 0.177945
1300 0.175704
1301 0.175746
1302 0.174836
1303 0.179117
1304 0.175294
1305 0.175699
1306 0.177832
1307 0.17248
1308 0.172973
1309 0.175961
1310 0.170433
1311 0.175964
1312 0.177148
1313 0.172068
1314 0.176827
1315 0.178248
1316 0.17359
1317 0.173774
1318 0.179388
1319 0.172989
1320 0.172934
1321 0.175789
1322 0.176941
1323 0.174445
1324 0.176032
1325 0.177041
1326 0.175926
1327 0.175538
1328 0.17928
1329 0.174628
1330 0.177644
1331 0.177915
1332 0.173526
1333 0.176629
1334 0.179303
1335 0.178486
1336 0.174912
1337 0.176281
1338 0.175747
1339 0.175508
1340 0.17608
1341 0.180009
1342 0.17716
1343 0.175241
1344 0.1771
1345 0.175438
1346 0.175822
1347 0.177064
1348 0.174466
1349 0.173831
1350 0.179293
1351 0.172146
1352 0.174941
1353 0.179058
1354 0.173933
1355 0.175853
1356 0.178658
1357 0.17406
1358 0.176525
1359 0.175732
1360 0.174874
1361 0.173629
1362 0.174404
1363 0.178894
1364 0.173437
1365 0.17837
1366 0.176886
1367 0.175052
1368 0.178357
1369 0.179139
1370 0.176282
1371 0.178476
1372 0.179506
1373 0.176379
1374 0.176782
1375 0.178807
1376 0.175387
1377 0.175713
1378 0.176281
1379 0.175733
1380 0.174573
1381 0.177894
1382 0.180172
1383 0.173465
1384 0.178266
1385 0.178753
1386 0.171793
1387 0.177164
1388 0.177887
1389 0.175451
1390 0.177137
1391 0.178335
1392 0.175115
1393 0.173309
1394 0.17788
1395 0.177697
1396 0.175283
1397 0.178314
1398 0.178291
1399 0.173918
1400 0.176149
1401 0.178745
1402 0.172727
1403 0.17855
1404 0.181482
1405 0.174457
1406 0.176473
1407 0.181014
1408 0.176516
1409 0.17567
1410 0.17747
1411 0.179023
1412 0.173851
1413 0.178267
1414 0.177113
1415 0.174096
1416 0.176253
1417 0.178246
1418 0.170623
1419 0.175371
1420 0.180546
1421 0.171632
1422 0.174949
1423 0.180578
1424 0.171524
1425 0.174913
1426 0.176388
1427 0.173851
1428 0.175342
1429 0.175547
1430 0.173594
1431 0.174078
1432 0.178736
1433 0.174627
1434 0.177216
1435 0.178149
1436 0.176284
1437 0.174174
1438 0.175834
1439 0.17948
1440 0.174696
1441 0.175566
1442 0.179697
1443 0.177468
1444 0.175259
1445 0.178056
1446 0.178666
1447 0.178305
1448 0.179057
1449 0.17793
1450 0.177872
1451 0.175374
1452 0.180467
1453 0.173482
1454 0.175633
1455 0.178003
1456 0.171732
1457 0.177145
1458 0.176283
1459 0.171892
1460 0.177377
1461 0.178937
1462 0.174297
1463 0.175659
1464 0.179932
1465 0.175197
1466 0.175414
1467 0.17879
1468 0.17538
1469 0.175509
1470 0.177487
1471 0.17613
1472 0.173774
1473 0.17857
1474 0.179408
1475 0.174161
1476 0.17906
1477 0.181264
1478 0.177285
1479 0.17867
1480 0.180377
1481 0.17715
1482 0.176575
1483 0.177996
1484 0.178003
1485 0.175914
1486 0.176159
1487 0.176562
1488 0.174475
1489 0.177378
1490 0.176581
1491 0.171621
1492 0.173899
1493 0.180544
1494 0.170654
1495 0.175886
1496 0.178114
1497 0.174425
1498 0.173866
1499 0.178024
1500 0.173552
1501 0.1751
1502 0.176321
1503 0.176441
1504 0.175622
1505 0.176212
1506 0.176862
1507 0.174113
1508 0.176508
1509 0.179027
1510 0.174001
1511 0.176226
1512 0.180945
1513 0.177167
1514 0.178514
1515 0.179897
1516 0.176183
1517 0.177596
1518 0.176905
1519 0.176775
1520 0.175115
1521 0.175064
1522 0.175202
1523 0.17387
1524 0.176427
1525 0.176101
1526 0.173498
1527 0.176211
1528 0.178108
1529 0.173112
1530 0.177651
1531 0.178601
1532 0.174712
1533 0.175955
1534 0.178498
1535 0.174063
1536 0.174006
1537 0.176435
1538 0.172163
1539 0.175737
1540 0.178329
1541 0.176023
1542 0.173869
1543 0.175375
1544 0.175084
1545 0.174414
1546 0.175158
1547 0.180413
1548 0.175436
1549 0.178759
1550 0.177312
1551 0.174479
1552 0.175736
1553 0.180538
1554 0.177459
1555 0.176097
1556 0.181425
1557 0.177196
1558 0.176321
1559 0.175593
1560 0.177071
1561 0.173432
1562 0.177451
1563 0.179571
1564 0.175133
1565 0.176259
1566 0.180231
1567 0.172145
1568 0.173062
1569 0.180678
1570 0.172158
1571 0.173768
1572 0.176879
1573 0.172334
1574 0.174477
1575 0.178865
1576 0.174651
1577 0.174226
1578 0.177282
1579 0.17725
1580 0.175275
1581 0.175589
1582 0.175376
1583 0.177235
1584 0.177578
1585 0.176827
1586 0.173594
1587 0.17532
1588 0.179238
1589 0.173505
1590 0.178422
1591 0.181687
1592 0.176951
1593 0.178654
1594 0.177024
1595 0.177656
1596 0.175653
1597 0.178646
1598 0.176535
1599 0.173104
1600 0.177399
1601 0.177938
1602 0.172426
1603 0.176855
1604 0.179439
1605 0.17367
1606 0.175968
1607 0.181278
1608 0.173274
1609 0.177273
1610 0.178654
1611 0.175656
1612 0.173658
1613 0.178154
1614 0.177782
1615 0.17628
1616 0.175587
1617 0.180066
1618 0.175617
1619 0.174627
1620 0.176039
1621 0.17364
1622 0.174559
1623 0.17947
1624 0.177041
1625 0.179274
1626 0.178794
1627 0.177827
1628 0.17522
1629 0.17975
1630 0.177178
1631 0.175751
1632 0.178553
1633 0.179452
1634 0.17325
1635 0.17583
1636 0.180484
1637 0.174318
1638 0.177731
1639 0.178757
1640 0.174759
1641 0.174361
1642 0.178315
1643 0.170732
1644 0.176642
1645 0.176197
1646 0.174717
1647 0.174399
1648 0.175935
1649 0.171662
1650 0.175997
1651 0.175603
1652 0.177116
1653 0.175121
1654 0.175099
1655 0.174729
1656 0.174067
1657 0.17398
1658 0.176236
1659 0.17293
1660 0.174713
1661 0.177579
1662 0.175747
1663 0.17581
1664 0.178491
1665 0.175452
1666 0.176655
1667 0.17797
1668 0.17633
1669 0.174939
1670 0.180812
1671 0.175527
1672 0.177701
1673 0.177331
1674 0.180109
1675 0.175678
1676 0.173976
1677 0.180177
1678 0.174052
1679 0.175245
1680 0.177498
1681 0.174712
1682 0.174492
1683 0.180752
1684 0.172714
1685 0.175694
1686 0.177804
1687 0.171323
1688 0.174652
1689 0.178581
1690 0.174073
1691 0.176657
1692 0.17657
1693 0.175746
1694 0.176108
1695 0.177688
1696 0.178844
1697 0.173822
1698 0.176661
1699 0.179394
1700 0.173518
1701 0.175662
1702 0.17933
1703 0.17508
1704 0.178185
1705 0.178494
1706 0.177971
1707 0.175103
1708 0.178838
1709 0.175902
1710 0.177009
1711 0.17589
1712 0.177169
1713 0.176419
1714 0.173875
1715 0.18007
1716 0.176129
1717 0.175739
1718 0.177852
1719 0.171642
1720 0.176754
1721 0.17783
1722 0.173236
1723 0.176563
1724 0.180234
1725 0.171457
1726 0.173936
1727 0.177859
1728 0.17654
1729 0.17287
1730 0.176222
1731 0.178349
1732 0.176377
1733 0.177473
1734 0.175769
1735 0.175415
1736 0.17546
1737 0.177771
1738 0.173573
1739 0.177793
1740 0.180071
1741 0.176994
1742 0.176215
1743 0.181461
1744 0.173676
1745 0.175268
1746 0.180176
1747 0.175258
1748 0.174332
1749 0.176872
1750 0.180241
1751 0.17388
1752 0.177972
1753 0.176991
1754 0.174249
1755 0.176492
1756 0.179764
1757 0.173621
1758 0.174437
1759 0.179988
1760 0.171312
1761 0.173673
1762 0.175711
1763 0.175287
1764 0.176322
1765 0.178448
1766 0.175723
1767 0.175392
1768 0.175233
1769 0.178853
1770 0.175432
1771 0.174124
1772 0.179313
1773 0.176579
1774 0.178379
1775 0.180886
1776 0.174823
1777 0.179309
1778 0.181511
1779 0.17604
1780 0.178255
1781 0.1784
1782 0.176182
1783 0.176271
1784 0.17602
1785 0.177316
1786 0.173419
1787 0.17662
1788 0.180434
1789 0.174467
1790 0.174664
1791 0.180604
1792 0.171129
1793 0.174213
1794 0.178561
1795 0.173266
1796 0.173839
1797 0.176477
1798 0.172633
1799 0.176242
1800 0.177592
1801 0.172338
1802 0.175397
1803 0.177655
1804 0.173514
1805 0.175778
1806 0.176522
1807 0.174929
1808 0.176013
1809 0.176066
1810 0.1795
1811 0.176846
1812 0.175992
1813 0.179648
1814 0.17581
1815 0.176988
1816 0.180322
1817 0.174594
1818 0.177695
1819 0.179101
1820 0.177468
1821 0.174009
1822 0.177059
1823 0.178965
1824 0.174079
1825 0.17876
1826 0.178512
1827 0.174823
1828 0.17436
1829 0.179004
1830 0.171555
1831 0.172814
1832 0.17726
1833 0.173016
1834 0.174937
1835 0.176028
1836 0.175431
1837 0.175372
1838 0.179657
1839 0.175851
1840 0.175107
1841 0.17693
1842 0.175137
1843 0.174153
1844 0.177494
1845 0.177307
1846 0.176733
1847 0.178416
1848 0.177246
1849 0.173102
1850 0.176216
1851 0.181418
1852 0.173749
1853 0.175866
1854 0.180346
1855 0.174188
1856 0.177653
1857 0.178606
1858 0.17631
1859 0.174474
1860 0.177509
1861 0.175571
1862 0.174194
1863 0.178209
1864 0.178776
1865 0.173179
1866 0.176875
1867 0.179936
1868 0.17487
1869 0.175933
1870 0.1799
1871 0.174499
1872 0.174431
1873 0.1758
1874 0.174276
1875 0.177283
1876 0.176695
1877 0.176337
1878 0.177253
1879 0.17552
1880 0.175197
1881 0.176272
1882 0.177041
1883 0.177205
1884 0.175209
1885 0.17562
1886 0.18
1887 0.1771
1888 0.175094
1889 0.177954
1890 0.176435
1891 0.176827
1892 0.180024
1893 0.176951
1894 0.177004
1895 0.179165
1896 0.175527
1897 0.174701
1898 0.177366
1899 0.175684
1900 0.173316
1901 0.176404
1902 0.179069
1903 0.17325
1904 0.17538
1905 0.178164
1906 0.173109
1907 0.173001
1908 0.177542
1909 0.170641
1910 0.176834
1911 0.17791
1912 0.173344
1913 0.17439
1914 0.177689
1915 0.175869
1916 0.175945
1917 0.17564
1918 0.175802
1919 0.175938
1920 0.174517
1921 0.176574
1922 0.175813
1923 0.177454
1924 0.178466
1925 0.177016
1926 0.176832
1927 0.179907
1928 0.17518
1929 0.175602
1930 0.179793
1931 0.174588
1932 0.174848
1933 0.179042
1934 0.175638
1935 0.176934
1936 0.178317
1937 0.1802
1938 0.175259
1939 0.176793
1940 0.179202
1941 0.172316
1942 0.175756
1943 0.176483
1944 0.17078
1945 0.176713
1946 0.179635
1947 0.173316
1948 0.175096
1949 0.176844
1950 0.171681
1951 0.17658
1952 0.17615
1953 0.175185
1954 0.175705
1955 0.175496
1956 0.176225
1957 0.173828
1958 0.178746
1959 0.177196
1960 0.175521
1961 0.176313
1962 0.179584
1963 0.175478
1964 0.177451
1965 0.178616
1966 0.175591
1967 0.177425
1968 0.178493
1969 0.176388
1970 0.175525
1971 0.178507
1972 0.175775
1973 0.174465
1974 0.178159
1975 0.178791
1976 0.175914
1977 0.178206
1978 0.176707
1979 0.174326
1980 0.177578
1981 0.180238
1982 0.173674
1983 0.177809
1984 0.178116
1985 0.174462
1986 0.173119
1987 0.177049
1988 0.172196
1989 0.176011
1990 0.177762
1991 0.175059
1992 0.175632
1993 0.174842
1994 0.174193
1995 0.17542
1996 0.178344
1997 0.175593
1998 0.17718
1999 0.176829
2000 0.177277
2001 0.174023
2002 0.174515
2003 0.181616
2004 0.177655
2005 0.178802
2006 0.178941
2007 0.179001
2008 0.175814
2009 0.176793
2010 0.176601
2011 0.175172
2012 0.175822
2013 0.175802
2014 0.174845
2015 0.177511
2016 0.18078
2017 0.174812
2018 0.176127
2019 0.180495
2020 0.170521
2021 0.175563
2022 0.177608
2023 0.17182
2024 0.176281
2025 0.177782
2026 0.172654
2027 0.174755
2028 0.17896
2029 0.173736
2030 0.1762
2031 0.17918
2032 0.176148
2033 0.17541
2034 0.176928
2035 0.178492
2036 0.175583
2037 0.175994
2038 0.178793
2039 0.177067
2040 0.178091
2041 0.181421
2042 0.17673
2043 0.176705
2044 0.179278
2045 0.178898
2046 0.177024
2047 0.176287
2048 0.176075
2049 0.174824
2050 0.174104
2051 0.175885
2052 0.171717
2053 0.176297
2054 0.179069
2055 0.17504
2056 0.178278
2057 0.180434
2058 0.172912
2059 0.177126
2060 0.180119
2061 0.174111
2062 0.175304
2063 0.179113
2064 0.177995
2065 0.17577
2066 0.176266
2067 0.176651
2068 0.17581
2069 0.176741
2070 0.17647
2071 0.173191
2072 0.177214
2073 0.179063
2074 0.17629
2075 0.178548
2076 0.179375
2077 0.176049
2078 0.176747
2079 0.178869
2080 0.177366
2081 0.175888
2082 0.178527
2083 0.179753
2084 0.174201
2085 0.176457
2086 0.17973
2087 0.172899
2088 0.174001
2089 0.177998
2090 0.170593
2091 0.173225
2092 0.176845
2093 0.172469
2094 0.175978
2095 0.17726
2096 0.175601
2097 0.177936
2098 0.177551
2099 0
