0 -0.0826089
1 3.17827
2 3.0113
3 3.94338
4 4.33305
5 4.42725
6 4.31016
7 4.356
8 4.31809
9 4.31288
10 4.33999
11 4.10161
12 3.5769
13 2.78691
14 1.63568
15 0.927173
16 0.450917
17 0.225616
18 0.229263
19 0.195642
20 0.189516
21 0.19549
22 0.19142
23 0.191438
24 0.191916
25 0.1915
26 0.194556
27 0.194203
28 0.193308
29 0.192163
30 0.196161
31 0.193283
32 0.1953
33 0.192597
34 0.196006
35 0.193527
36 0.193306
37 0.192989
38 0.194315
39 0.192818
40 0.192407
41 0.191959
42 0.191812
43 0.19261
44 0.192276
45 0.191824
46 0.195421
47 0.195408
48 0.194454
49 0.193724
50 0.192265
51 0.192977
52 0.192416
53 0.194138
54 0.193458
55 0.194181
56 0.194687
57 0.195508
58 0.196701
59 0.197428
60 0.196903
61 0.194316
62 0.192819
63 0.194072
64 0.192367
65 0.193321
66 0.192555
67 0.192005
68 0.193282
69 0.192446
70 0.193679
71 0.195285
72 0.195422
73 0.1965
74 0.194048
75 0.195576
76 0.194133
77 0.19346
78 0.193103
79 0.193158
80 0.193039
81 0.192495
82 0.192137
83 0.192974
84 0.192469
85 0.194815
86 0.192747
87 0.191982
88 0.193407
89 0.196053
90 0.19704
91 0.194119
92 0.194709
93 0.196657
94 0.196868
95 0.194816
96 0.19357
97 0.194914
98 0.19351
99 0.192301
100 0.191712
101 0.192028
102 0.194879
103 0.196466
104 0.195326
105 0.196956
106 0.195862
107 0.194559
108 0.194926
109 0.197324
110 0.197427
111 0.196398
112 0.194397
113 0.193013
114 0.192473
115 0.192752
116 0.192071
117 0.191406
118 0.192885
119 0.193618
120 0.192959
121 0.193542
122 0.192039
123 0.191751
124 0.193525
125 0.193711
126 0.192318
127 0.192074
128 0.193772
129 0.192898
130 0.192555
131 0.192811
132 0.195768
133 0.19578
134 0.197819
135 0.19531
136 0.193964
137 0.19248
138 0.191839
139 0.191397
140 0.191805
141 0.195145
142 0.19356
143 0.192735
144 0.192892
145 0.195123
146 0.193184
147 0.195176
148 0.195258
149 0.196023
150 0.194623
151 0.194801
152 0.194938
153 0.197031
154 0.194331
155 0.193435
156 0.195978
157 0.193199
158 0.192623
159 0.193041
160 0.192357
161 0.191988
162 0.196231
163 0.196649
164 0.194091
165 0.193192
166 0.196187
167 0.193345
168 0.193328
169 0.191699
170 0.191771
171 0.195156
172 0.193706
173 0.192199
174 0.194224
175 0.192266
176 0.192378
177 0.191807
178 0.193478
179 0.192664
180 0.193083
181 0.196858
182 0.196049
183 0.193928
184 0.192685
185 0.19163
186 0.190959
187 0.191768
188 0.192412
189 0.192113
190 0.193061
191 0.193991
192 0.193999
193 0.19237
194 0.194552
195 0.19252
196 0.192187
197 0.191767
198 0.19197
199 0.192141
200 0.19349
201 0.192675
202 0.192326
203 0.191943
204 0.191935
205 0.192296
206 0.191543
207 0.193793
208 0.195133
209 0.193134
210 0.192418
211 0.191705
212 0.192607
213 0.19185
214 0.19541
215 0.193699
216 0.192432
217 0.193454
218 0.194566
219 0.193718
220 0.193121
221 0.19253
222 0.192536
223 0.194638
224 0.193172
225 0.194734
226 0.196024
227 0.193458
228 0.193029
229 0.192081
230 0.191746
231 0.194139
232 0.193287
233 0.193318
234 0.196189
235 0.193968
236 0.194789
237 0.192862
238 0.19348
239 0.192487
240 0.191768
241 0.194119
242 0.192175
243 0.192455
244 0.19168
245 0.192053
246 0.191741
247 0.191433
248 0.191591
249 0.193179
250 0.196304
251 0.198105
252 0.195167
253 0.19359
254 0.195333
255 0.194714
256 0.196893
257 0.194961
258 0.193285
259 0.193241
260 0.195976
261 0.195892
262 0.195858
263 0.193687
264 0.194761
265 0.196479
266 0.194413
267 0.195458
268 0.197402
269 0.197734
270 0.196082
271 0.193838
272 0.192241
273 0.192267
274 0.192546
275 0.194785
276 0.194667
277 0.195962
278 0.193805
279 0.195039
280 0.193085
281 0.191902
282 0.196106
283 0.19362
284 0.193036
285 0.1917
286 0.192016
287 0.191507
288 0.19484
289 0.192792
290 0.194766
291 0.193302
292 0.195448
293 0.194453
294 0.19497
295 0.193654
296 0.193358
297 0.192166
298 0.192148
299 0.191535
300 0.194407
301 0.197597
302 0.19457
303 0.19347
304 0.192662
305 0.194485
306 0.192743
307 0.194513
308 0.196754
309 0.194159
310 0.194963
311 0.196047
312 0.194906
313 0.193454
314 0.192956
315 0.192443
316 0.192771
317 0.193129
318 0.19326
319 0.19489
320 0.195352
321 0.197266
322 0.195881
323 0.198041
324 0.196123
325 0.193861
326 0.195574
327 0.195988
328 0.194664
329 0.197222
330 0.197727
331 0.195507
332 0.195886
333 0.198318
334 0.195488
335 0.194966
336 0.193391
337 0.192926
338 0.19195
339 0.193874
340 0.192588
341 0.194329
342 0.196873
343 0.19367
344 0.195204
345 0.193577
346 0.192753
347 0.191855
348 0.191652
349 0.195379
350 0.193722
351 0.193089
352 0.192504
353 0.192032
354 0.19198
355 0.191509
356 0.193885
357 0.192602
358 0.192312
359 0.193769
360 0.192823
361 0.192426
362 0.194177
363 0.192628
364 0.195685
365 0.195226
366 0.195509
367 0.19393
368 0.19399
369 0.19312
370 0.192125
371 0.192447
372 0.191807
373 0.192003
374 0.191943
375 0.191352
376 0.191334
377 0.192426
378 0.193311
379 0.192113
380 0.193521
381 0.193289
382 0.192113
383 0.192198
384 0.19141
385 0.192403
386 0.19207
387 0.191528
388 0.193379
389 0.195738
390 0.193514
391 0.196265
392 0.196949
393 0.196061
394 0.194266
395 0.192835
396 0.192451
397 0.193229
398 0.192419
399 0.192736
400 0.19194
401 0.19432
402 0.195327
403 0.196404
404 0.196883
405 0.195806
406 0.19623
407 0.197311
408 0.194803
409 0.196086
410 0.198315
411 0.198434
412 0.196969
413 0.194693
414 0.193046
415 0.195514
416 0.195216
417 0.194551
418 0.192945
419 0.193222
420 0.193908
421 0.192763
422 0.192183
423 0.196169
424 0.194211
425 0.193219
426 0.192133
427 0.192128
428 0.191244
429 0.191937
430 0.192019
431 0.194342
432 0.195411
433 0.197034
434 0.194284
435 0.194475
436 0.192697
437 0.191838
438 0.19368
439 0.192513
440 0.196489
441 0.196409
442 0.194986
443 0.193147
444 0.191692
445 0.191292
446 0.190662
447 0.191719
448 0.195088
449 0.192962
450 0.192136
451 0.193241
452 0.192666
453 0.191638
454 0.192211
455 0.194903
456 0.193567
457 0.192538
458 0.195312
459 0.193527
460 0.193395
461 0.19255
462 0.192321
463 0.192589
464 0.195658
465 0.196902
466 0.194806
467 0.193165
468 0.195478
469 0.193498
470 0.196381
471 0.19561
472 0.193346
473 0.193423
474 0.19232
475 0.195755
476 0.193622
477 0.192178
478 0.191738
479 0.194069
480 0.19364
481 0.194645
482 0.194442
483 0.193498
484 0.191966
485 0.195959
486 0.19437
487 0.19319
488 0.193176
489 0.19324
490 0.194201
491 0.196338
492 0.198008
493 0.194689
494 0.193342
495 0.196491
496 0.195513
497 0.195736
498 0.193437
499 0.193731
500 0.192366
501 0.192042
502 0.191724
503 0.195618
504 0.193437
505 0.193495
506 0.191942
507 0.196051
508 0.193373
509 0.193337
510 0.191835
511 0.192319
512 0.191677
513 0.195511
514 0.194056
515 0.194854
516 0.195944
517 0.194674
518 0.194664
519 0.19346
520 0.193089
521 0.19254
522 0.192089
523 0.191465
524 0.194667
525 0.196084
526 0.196
527 0.193991
528 0.193118
529 0.191934
530 0.192449
531 0.191709
532 0.19194
533 0.193419
534 0.193425
535 0.193126
536 0.193679
537 0.196612
538 0.194059
539 0.196145
540 0.193027
541 0.195819
542 0.193548
543 0.192488
544 0.194517
545 0.192819
546 0.192589
547 0.191723
548 0.191651
549 0.195739
550 0.193211
551 0.193432
552 0.192174
553 0.196244
554 0.193695
555 0.192974
556 0.192453
557 0.191871
558 0.192607
559 0.191893
560 0.194203
561 0.192829
562 0.194366
563 0.196804
564 0.194803
565 0.195346
566 0.193357
567 0.194933
568 0.194667
569 0.196828
570 0.194443
571 0.193181
572 0.194555
573 0.193895
574 0.195624
575 0.1941
576 0.196385
577 0.196445
578 0.197865
579 0.194629
580 0.193407
581 0.193295
582 0.193207
583 0.193138
584 0.195307
585 0.193641
586 0.193188
587 0.193217
588 0.194139
589 0.19592
590 0.193551
591 0.192924
592 0.192506
593 0.192166
594 0.192742
595 0.191804
596 0.192144
597 0.191492
598 0.19123
599 0.193128
600 0.192788
601 0.193066
602 0.193638
603 0.19286
604 0.192528
605 0.1918
606 0.191615
607 0.195646
608 0.193195
609 0.193473
610 0.19226
611 0.19179
612 0.19245
613 0.194817
614 0.194394
615 0.192864
616 0.192223
617 0.193199
618 0.192138
619 0.192123
620 0.191148
621 0.193646
622 0.192996
623 0.193948
624 0.192641
625 0.193964
626 0.19254
627 0.192273
628 0.193274
629 0.192903
630 0.194835
631 0.194766
632 0.193086
633 0.193184
634 0.19255
635 0.192281
636 0.191583
637 0.192256
638 0.19179
639 0.19158
640 0.190932
641 0.190699
642 0.192135
643 0.192612
644 0.191819
645 0.19203
646 0.193276
647 0.192493
648 0.192362
649 0.191766
650 0.193272
651 0.192652
652 0.194181
653 0.194661
654 0.194681
655 0.192622
656 0.196898
657 0.197379
658 0.194634
659 0.193074
660 0.192529
661 0.193962
662 0.192689
663 0.191664
664 0.192427
665 0.194658
666 0.192565
667 0.192385
668 0.194936
669 0.193056
670 0.195649
671 0.194378
672 0.193081
673 0.193935
674 0.196149
675 0.193521
676 0.193421
677 0.195481
678 0.195778
679 0.195655
680 0.193678
681 0.194703
682 0.193508
683 0.192324
684 0.193011
685 0.193638
686 0.192795
687 0.195524
688 0.197123
689 0.19637
690 0.194264
691 0.194695
692 0.194544
693 0.194356
694 0.193193
695 0.195044
696 0.194398
697 0.193727
698 0.195763
699 0.193819
700 0.194563
701 0.193145
702 0.192957
703 0.192125
704 0.191885
705 0.195599
706 0.19418
707 0.192959
708 0.192655
709 0.191896
710 0.192402
711 0.191704
712 0.193395
713 0.19372
714 0.192715
715 0.192172
716 0.191628
717 0.191143
718 0.192469
719 0.194169
720 0.19287
721 0.192528
722 0.191786
723 0.194092
724 0.192978
725 0.192495
726 0.191803
727 0.191379
728 0.194176
729 0.193476
730 0.195971
731 0.193517
732 0.193616
733 0.192624
734 0.1946
735 0.193045
736 0.194495
737 0.194072
738 0.195786
739 0.194216
740 0.192617
741 0.194121
742 0.193076
743 0.192272
744 0.191702
745 0.191466
746 0.194142
747 0.194183
748 0.195355
749 0.194058
750 0.195564
751 0.195947
752 0.195966
753 0.19424
754 0.192724
755 0.19444
756 0.195839
757 0.194132
758 0.195793
759 0.197372
760 0.196645
761 0.194816
762 0.197595
763 0.196707
764 0.195517
765 0.193521
766 0.192313
767 0.192599
768 0.193801
769 0.194896
770 0.196901
771 0.194885
772 0.19369
773 0.196061
774 0.19595
775 0.193836
776 0.192557
777 0.1948
778 0.192841
779 0.192565
780 0.195436
781 0.195174
782 0.194001
783 0.192797
784 0.195067
785 0.195819
786 0.194239
787 0.195979
788 0.193822
789 0.196095
790 0.19398
791 0.193136
792 0.192534
793 0.192541
794 0.192
795 0.191755
796 0.191369
797 0.192702
798 0.195897
799 0.197047
800 0.194408
801 0.192947
802 0.193209
803 0.196712
804 0.194492
805 0.196272
806 0.193543
807 0.192658
808 0.194521
809 0.192574
810 0.192508
811 0.192501
812 0.193433
813 0.192527
814 0.192693
815 0.191635
816 0.191993
817 0.192751
818 0.194134
819 0.196466
820 0.194011
821 0.194026
822 0.196358
823 0.196051
824 0.194006
825 0.195964
826 0.194897
827 0.193295
828 0.19341
829 0.192098
830 0.192355
831 0.195659
832 0.193376
833 0.192373
834 0.192074
835 0.19086
836 0.191538
837 0.194792
838 0.194913
839 0.193245
840 0.193532
841 0.192562
842 0.195058
843 0.195032
844 0.195291
845 0.193085
846 0.192309
847 0.192394
848 0.192903
849 0.195164
850 0.193168
851 0.19483
852 0.192928
853 0.192693
854 0.191609
855 0.193384
856 0.194508
857 0.194651
858 0.193716
859 0.197023
860 0.193674
861 0.193472
862 0.193037
863 0.192274
864 0.196223
865 0.195421
866 0.197499
867 0.194353
868 0.19336
869 0.195751
870 0.193423
871 0.192835
872 0.191903
873 0.193773
874 0.193345
875 0.192444
876 0.1918
877 0.19466
878 0.193272
879 0.192888
880 0.193447
881 0.196826
882 0.198087
883 0.194898
884 0.194405
885 0.192959
886 0.196084
887 0.19376
888 0.192947
889 0.191748
890 0.195084
891 0.192937
892 0.194174
893 0.19322
894 0.191811
895 0.196215
896 0.196266
897 0.194277
898 0.192842
899 0.192104
900 0.191427
901 0.194076
902 0.196618
903 0.19398
904 0.195243
905 0.197844
906 0.198746
907 0.19575
908 0.193758
909 0.195115
910 0.194852
911 0.194192
912 0.196957
913 0.194015
914 0.193218
915 0.193428
916 0.192856
917 0.192386
918 0.194732
919 0.194639
920 0.194303
921 0.193119
922 0.192689
923 0.196504
924 0.193401
925 0.192734
926 0.191584
927 0.194705
928 0.193101
929 0.194603
930 0.194877
931 0.193361
932 0.194419
933 0.192989
934 0.192602
935 0.193269
936 0.193304
937 0.193455
938 0.195044
939 0.193052
940 0.193144
941 0.195018
942 0.192783
943 0.195777
944 0.194505
945 0.194275
946 0.194124
947 0.196638
948 0.197753
949 0.197896
950 0.194684
951 0.193746
952 0.193714
953 0.195721
954 0.193504
955 0.192541
956 0.194977
957 0.193442
958 0.19315
959 0.193513
960 0.194993
961 0.193105
962 0.192657
963 0.19516
964 0.192438
965 0.195412
966 0.197603
967 0.194282
968 0.194329
969 0.193201
970 0.192294
971 0.191782
972 0.192446
973 0.194542
974 0.192823
975 0.193173
976 0.196203
977 0.193783
978 0.197286
979 0.195393
980 0.193811
981 0.196817
982 0.193917
983 0.193076
984 0.1921
985 0.194656
986 0.193613
987 0.193697
988 0.195224
989 0.197633
990 0.1984
991 0.195165
992 0.193402
993 0.197011
994 0.195005
995 0.193663
996 0.192719
997 0.194586
998 0.193492
999 0.193259
1000 0.192884
1001 0.192227
1002 0.192094
1003 0.191706
1004 0.191456
1005 0.191272
1006 0.191361
1007 0.1928
1008 0.192114
1009 0.193397
1010 0.194215
1011 0.194284
1012 0.195885
1013 0.196743
1014 0.195801
1015 0.193855
1016 0.193106
1017 0.192831
1018 0.192695
1019 0.193457
1020 0.192383
1021 0.192413
1022 0.195231
1023 0.19533
1024 0.195396
1025 0.194692
1026 0.193135
1027 0.19731
1028 0.194773
1029 0.192889
1030 0.192186
1031 0.193741
1032 0.192796
1033 0.19595
1034 0.196211
1035 0.197637
1036 0.197139
1037 0.195052
1038 0.195044
1039 0.192766
1040 0.192372
1041 0.194676
1042 0.192724
1043 0.19426
1044 0.192639
1045 0.196125
1046 0.19643
1047 0.19487
1048 0.193006
1049 0.192915
1050 0.191388
1051 0.191175
1052 0.19413
1053 0.192425
1054 0.191814
1055 0.191558
1056 0.192915
1057 0.195396
1058 0.194692
1059 0.193605
1060 0.193449
1061 0.193651
1062 0.196752
1063 0.19554
1064 0.194701
1065 0.196063
1066 0.193873
1067 0.196554
1068 0.196201
1069 0.194607
1070 0.195114
1071 0.193257
1072 0.192161
1073 0.191534
1074 0.192061
1075 0.191829
1076 0.19142
1077 0.194346
1078 0.194901
1079 0.194374
1080 0.193277
1081 0.192523
1082 0.191826
1083 0.191633
1084 0.194625
1085 0.195406
1086 0.196256
1087 0.19769
1088 0.196776
1089 0.195558
1090 0.194725
1091 0.193448
1092 0.192859
1093 0.195355
1094 0.195613
1095 0.194246
1096 0.192563
1097 0.19551
1098 0.194793
1099 0.193037
1100 0.192402
1101 0.191775
1102 0.192101
1103 0.191813
1104 0.191748
1105 0.19125
1106 0.192719
1107 0.195891
1108 0.196439
1109 0.19787
1110 0.196924
1111 0.194288
1112 0.192758
1113 0.192648
1114 0.192178
1115 0.192166
1116 0.191666
1117 0.191689
1118 0.190883
1119 0.194241
1120 0.192621
1121 0.192817
1122 0.191974
1123 0.193634
1124 0.194056
1125 0.192394
1126 0.195691
1127 0.195543
1128 0.196352
1129 0.19372
1130 0.194708
1131 0.196728
1132 0.19396
1133 0.196981
1134 0.193801
1135 0.192486
1136 0.196609
1137 0.195654
1138 0.19368
1139 0.192703
1140 0.192224
1141 0.195774
1142 0.194518
1143 0.195673
1144 0.193148
1145 0.192837
1146 0.191917
1147 0.194164
1148 0.193006
1149 0.191971
1150 0.192203
1151 0.191731
1152 0.191529
1153 0.193664
1154 0.193658
1155 0.195214
1156 0.193491
1157 0.192863
1158 0.192513
1159 0.19474
1160 0.193043
1161 0.192481
1162 0.196294
1163 0.19401
1164 0.195264
1165 0.195742
1166 0.196587
1167 0.194794
1168 0.196738
1169 0.194524
1170 0.193845
1171 0.192429
1172 0.192478
1173 0.193624
1174 0.19273
1175 0.191718
1176 0.194447
1177 0.19659
1178 0.194833
1179 0.193533
1180 0.192003
1181 0.191636
1182 0.192013
1183 0.195476
1184 0.193699
1185 0.194265
1186 0.1952
1187 0.193511
1188 0.19284
1189 0.192054
1190 0.193037
1191 0.192216
1192 0.193334
1193 0.196942
1194 0.194128
1195 0.19322
1196 0.193183
1197 0.192047
1198 0.191996
1199 0.191736
1200 0.192069
1201 0.193775
1202 0.195941
1203 0.194149
1204 0.193466
1205 0.194027
1206 0.196228
1207 0.195685
1208 0.19429
1209 0.193149
1210 0.19215
1211 0.191687
1212 0.191837
1213 0.191586
1214 0.192619
1215 0.193343
1216 0.194655
1217 0.194232
1218 0.193023
1219 0.195604
1220 0.1965
1221 0.194037
1222 0.19281
1223 0.196669
1224 0.194211
1225 0.194023
1226 0.193165
1227 0.193892
1228 0.195746
1229 0.1939
1230 0.195176
1231 0.194821
1232 0.193302
1233 0.196216
1234 0.193537
1235 0.192598
1236 0.1935
1237 0.192654
1238 0.191848
1239 0.192192
1240 0.195887
1241 0.195518
1242 0.196449
1243 0.195528
1244 0.193634
1245 0.193385
1246 0.196071
1247 0.193272
1248 0.193196
1249 0.191877
1250 0.193004
1251 0.192141
1252 0.193992
1253 0.193188
1254 0.192161
1255 0.191723
1256 0.191434
1257 0.191044
1258 0.191696
1259 0.194713
1260 0.192819
1261 0.192818
1262 0.19235
1263 0.194177
1264 0.193243
1265 0.195827
1266 0.193663
1267 0.194932
1268 0.192622
1269 0.192368
1270 0.191404
1271 0.190983
1272 0.194667
1273 0.192892
1274 0.191691
1275 0.190979
1276 0.191652
1277 0.191436
1278 0.191502
1279 0.192353
1280 0.191554
1281 0.193769
1282 0.192232
1283 0.192092
1284 0.192189
1285 0.192906
1286 0.192337
1287 0.191846
1288 0.192053
1289 0.194289
1290 0.194387
1291 0.19368
1292 0.195249
1293 0.195575
1294 0.194242
1295 0.19436
1296 0.19679
1297 0.193968
1298 0.193517
1299 0.191761
1300 0.191614
1301 0.191535
1302 0.191803
1303 0.192081
1304 0.192624
1305 0.192271
1306 0.191983
1307 0.191508
1308 0.1961
1309 0.197296
1310 0.195798
1311 0.196532
1312 0.194663
1313 0.196313
1314 0.195432
1315 0.193313
1316 0.192641
1317 0.192224
1318 0.193385
1319 0.195325
1320 0.19338
1321 0.192729
1322 0.194385
1323 0.192687
1324 0.192132
1325 0.196101
1326 0.193533
1327 0.192459
1328 0.191831
1329 0.195818
1330 0.194799
1331 0.196012
1332 0.193262
1333 0.192984
1334 0.192777
1335 0.191744
1336 0.19272
1337 0.191754
1338 0.191554
1339 0.191595
1340 0.193093
1341 0.192948
1342 0.193287
1343 0.193266
1344 0.192511
1345 0.192039
1346 0.192916
1347 0.19207
1348 0.191613
1349 0.191447
1350 0.192591
1351 0.192179
1352 0.192574
1353 0.192081
1354 0.193031
1355 0.195262
1356 0.193392
1357 0.19416
1358 0.194027
1359 0.194151
1360 0.195176
1361 0.194151
1362 0.196028
1363 0.193631
1364 0.192513
1365 0.193667
1366 0.192079
1367 0.19253
1368 0.192278
1369 0.191639
1370 0.194882
1371 0.19432
1372 0.193662
1373 0.192531
1374 0.193288
1375 0.196078
1376 0.194112
1377 0.195282
1378 0.19379
1379 0.192936
1380 0.196479
1381 0.195925
1382 0.193971
1383 0.196619
1384 0.197685
1385 0.195585
1386 0.193602
1387 0.192768
1388 0.193105
1389 0.192459
1390 0.196044
1391 0.195641
1392 0.193563
1393 0.193601
1394 0.193107
1395 0.196394
1396 0.197034
1397 0.195345
1398 0.197673
1399 0.194814
1400 0.194622
1401 0.193556
1402 0.192461
1403 0.192513
1404 0.195431
1405 0.195671
1406 0.195218
1407 0.194558
1408 0.193479
1409 0.193846
1410 0.192366
1411 0.194032
1412 0.193785
1413 0.192475
1414 0.192341
1415 0.193137
1416 0.196116
1417 0.195507
1418 0.194233
1419 0.193126
1420 0.193396
1421 0.192506
1422 0.195655
1423 0.193829
1424 0.196522
1425 0.195499
1426 0.193316
1427 0.192492
1428 0.191093
1429 0.192261
1430 0.191435
1431 0.194067
1432 0.194677
1433 0.194326
1434 0.194596
1435 0.194558
1436 0.195309
1437 0.197775
1438 0.198356
1439 0.197728
1440 0.198346
1441 0.195033
1442 0.19409
1443 0.196118
1444 0.193506
1445 0.192355
1446 0.191923
1447 0.19231
1448 0.192242
1449 0.191684
1450 0.191357
1451 0.191723
1452 0.191761
1453 0.191521
1454 0.194977
1455 0.19418
1456 0.193102
1457 0.192512
1458 0.191592
1459 0.19098
1460 0.191142
1461 0.190909
1462 0.191008
1463 0.194065
1464 0.193892
1465 0.193489
1466 0.191957
1467 0.19136
1468 0.190817
1469 0.192688
1470 0.191965
1471 0.191627
1472 0.192523
1473 0.191381
1474 0.192906
1475 0.193839
1476 0.192359
1477 0.193696
1478 0.192441
1479 0.193153
1480 0.192388
1481 0.192747
1482 0.191973
1483 0.191458
1484 0.19174
1485 0.191655
1486 0.192546
1487 0.192053
1488 0.191396
1489 0.195027
1490 0.193001
1491 0.192464
1492 0.192031
1493 0.195075
1494 0.192732
1495 0.196108
1496 0.196077
1497 0.193929
1498 0.197446
1499 0.194727
1500 0.197166
1501 0.195806
1502 0.195835
1503 0.194563
1504 0.193723
1505 0.193677
1506 0.191821
1507 0.192039
1508 0.191826
1509 0.192252
1510 0.19412
1511 0.197589
1512 0.193477
1513 0.19734
1514 0.19313
1515 0.192558
1516 0.192657
1517 0.195846
1518 0.195511
1519 0.195523
1520 0.194238
1521 0.193622
1522 0.19255
1523 0.192325
1524 0.191765
1525 0.19102
1526 0.193146
1527 0.195262
1528 0.19389
1529 0.194421
1530 0.195367
1531 0.194445
1532 0.193111
1533 0.192234
1534 0.194224
1535 0.192525
1536 0.191884
1537 0.191464
1538 0.190687
1539 0.190885
1540 0.192318
1541 0.191876
1542 0.191553
1543 0.192942
1544 0.194891
1545 0.193168
1546 0.192524
1547 0.196255
1548 0.193914
1549 0.196786
1550 0.194533
1551 0.193216
1552 0.193884
1553 0.192664
1554 0.193419
1555 0.193168
1556 0.192685
1557 0.192647
1558 0.191989
1559 0.192522
1560 0.19194
1561 0.195403
1562 0.193142
1563 0.192909
1564 0.192317
1565 0.192759
1566 0.192078
1567 0.193638
1568 0.194721
1569 0.193152
1570 0.194562
1571 0.196078
1572 0.196059
1573 0.193706
1574 0.194679
1575 0.192981
1576 0.192107
1577 0.19342
1578 0.191708
1579 0.191496
1580 0.192724
1581 0.195029
1582 0.193392
1583 0.192764
1584 0.193236
1585 0.193301
1586 0.192651
1587 0.193588
1588 0.194431
1589 0.194711
1590 0.193312
1591 0.192198
1592 0.192562
1593 0.194494
1594 0.196045
1595 0.193615
1596 0.194568
1597 0.194244
1598 0.193173
1599 0.192865
1600 0.193928
1601 0.193648
1602 0.19397
1603 0.192635
1604 0.192188
1605 0.191835
1606 0.194017
1607 0.192932
1608 0.19227
1609 0.191882
1610 0.193944
1611 0.194738
1612 0.193386
1613 0.192274
1614 0.191825
1615 0.191379
1616 0.19155
1617 0.191035
1618 0.192674
1619 0.193713
1620 0.193318
1621 0.195923
1622 0.194569
1623 0.196836
1624 0.195781
1625 0.193795
1626 0.193173
1627 0.192962
1628 0.193789
1629 0.1927
1630 0.191942
1631 0.191551
1632 0.19143
1633 0.192982
1634 0.192426
1635 0.191974
1636 0.191529
1637 0.196036
1638 0.193915
1639 0.19261
1640 0.192079
1641 0.191433
1642 0.195201
1643 0.194072
1644 0.194025
1645 0.196832
1646 0.195559
1647 0.193464
1648 0.195513
1649 0.193943
1650 0.193722
1651 0.192312
1652 0.195925
1653 0.194607
1654 0.193414
1655 0.192177
1656 0.191307
1657 0.190947
1658 0.192674
1659 0.19413
1660 0.193735
1661 0.194065
1662 0.193869
1663 0.19266
1664 0.192153
1665 0.19199
1666 0.191616
1667 0.191503
1668 0.191647
1669 0.193583
1670 0.195191
1671 0.193045
1672 0.195091
1673 0.194933
1674 0.193312
1675 0.192215
1676 0.191955
1677 0.195136
1678 0.194085
1679 0.194402
1680 0.193022
1681 0.197087
1682 0.195616
1683 0.193846
1684 0.195435
1685 0.193168
1686 0.192614
1687 0.191925
1688 0.194693
1689 0.195916
1690 0.193825
1691 0.192779
1692 0.191784
1693 0.192485
1694 0.191735
1695 0.195157
1696 0.192886
1697 0.19321
1698 0.191119
1699 0.191183
1700 0.190762
1701 0.190883
1702 0.190792
1703 0.191486
1704 0.191326
1705 0.194104
1706 0.196242
1707 0.194198
1708 0.193037
1709 0.193942
1710 0.192887
1711 0.192711
1712 0.193563
1713 0.193807
1714 0.195817
1715 0.195527
1716 0.197168
1717 0.193964
1718 0.193461
1719 0.193146
1720 0.191832
1721 0.19288
1722 0.193055
1723 0.195439
1724 0.195853
1725 0.193741
1726 0.19348
1727 0.195979
1728 0.194156
1729 0.19354
1730 0.193921
1731 0.19273
1732 0.192355
1733 0.192266
1734 0.191666
1735 0.195568
1736 0.193206
1737 0.193053
1738 0.191611
1739 0.19127
1740 0.194726
1741 0.19623
1742 0.196998
1743 0.196992
1744 0.195443
1745 0.19602
1746 0.193627
1747 0.193185
1748 0.191557
1749 0.191297
1750 0.194507
1751 0.195114
1752 0.193495
1753 0.192625
1754 0.19185
1755 0.191282
1756 0.190667
1757 0.193512
1758 0.194144
1759 0.192713
1760 0.192141
1761 0.194289
1762 0.193006
1763 0.191837
1764 0.191632
1765 0.193027
1766 0.193958
1767 0.193183
1768 0.192584
1769 0.192266
1770 0.191979
1771 0.191863
1772 0.19456
1773 0.192872
1774 0.192488
1775 0.191552
1776 0.191319
1777 0.191347
1778 0.192363
1779 0.193469
1780 0.19655
1781 0.193796
1782 0.193148
1783 0.191671
1784 0.191985
1785 0.192292
1786 0.192464
1787 0.192947
1788 0.193252
1789 0.192814
1790 0.192724
1791 0.195264
1792 0.197173
1793 0.194734
1794 0.194004
1795 0.193503
1796 0.19341
1797 0.192313
1798 0.19396
1799 0.194065
1800 0.192831
1801 0.193169
1802 0.195189
1803 0.19327
1804 0.194715
1805 0.196904
1806 0.195839
1807 0.19387
1808 0.195005
1809 0.195455
1810 0.193594
1811 0.192469
1812 0.191809
1813 0.192173
1814 0.190989
1815 0.194666
1816 0.192965
1817 0.191649
1818 0.19333
1819 0.192972
1820 0.192407
1821 0.191497
1822 0.191909
1823 0.194211
1824 0.192247
1825 0.195785
1826 0.195905
1827 0.195598
1828 0.195729
1829 0.194872
1830 0.193201
1831 0.192234
1832 0.192191
1833 0.195063
1834 0.19236
1835 0.192713
1836 0.194298
1837 0.194958
1838 0.19414
1839 0.192798
1840 0.192631
1841 0.196517
1842 0.193692
1843 0.193942
1844 0.193058
1845 0.193907
1846 0.193759
1847 0.195879
1848 0.193552
1849 0.195847
1850 0.195235
1851 0.1939
1852 0.197121
1853 0.197225
1854 0.195835
1855 0.198006
1856 0.194708
1857 0.195484
1858 0.194987
1859 0.195933
1860 0.195529
1861 0.193704
1862 0.192793
1863 0.19468
1864 0.192839
1865 0.194668
1866 0.194414
1867 0.194695
1868 0.196347
1869 0.193727
1870 0.194515
1871 0.195036
1872 0.193659
1873 0.192662
1874 0.192546
1875 0.19083
1876 0.191272
1877 0.191749
1878 0.192727
1879 0.192132
1880 0.192573
1881 0.193996
1882 0.193025
1883 0.19591
1884 0.196824
1885 0.195607
1886 0.193289
1887 0.196768
1888 0.193708
1889 0.192549
1890 0.19681
1891 0.195821
1892 0.194403
1893 0.193389
1894 0.192619
1895 0.191981
1896 0.193352
1897 0.191683
1898 0.191765
1899 0.191476
1900 0.195207
1901 0.192874
1902 0.19256
1903 0.19364
1904 0.193952
1905 0.193256
1906 0.19248
1907 0.191838
1908 0.191515
1909 0.192235
1910 0.191968
1911 0.191908
1912 0.193661
1913 0.19658
1914 0.19725
1915 0.194759
1916 0.19601
1917 0.19263
1918 0.193286
1919 0.192031
1920 0.19446
1921 0.192714
1922 0.192477
1923 0.191054
1924 0.191928
1925 0.192979
1926 0.19502
1927 0.192823
1928 0.194752
1929 0.194349
1930 0.19331
1931 0.195854
1932 0.193593
1933 0.192473
1934 0.192445
1935 0.192439
1936 0.191974
1937 0.191797
1938 0.195408
1939 0.194969
1940 0.193132
1941 0.195512
1942 0.193544
1943 0.19692
1944 0.193673
1945 0.192831
1946 0.195486
1947 0.193265
1948 0.194063
1949 0.193437
1950 0.192321
1951 0.193431
1952 0.193731
1953 0.196364
1954 0.196037
1955 0.194304
1956 0.193116
1957 0.192147
1958 0.193736
1959 0.193752
1960 0.193513
1961 0.192715
1962 0.193765
1963 0.195039
1964 0.19338
1965 0.192893
1966 0.192333
1967 0.192816
1968 0.196178
1969 0.19763
1970 0.196737
1971 0.197461
1972 0.195372
1973 0.196795
1974 0.194442
1975 0.195476
1976 0.193367
1977 0.192514
1978 0.194327
1979 0.193449
1980 0.192099
1981 0.19138
1982 0.195857
1983 0.194399
1984 0.193057
1985 0.192006
1986 0.196029
1987 0.196511
1988 0.197649
1989 0.19456
1990 0.193106
1991 0.192038
1992 0.191713
1993 0.194576
1994 0.196429
1995 0.194176
1996 0.193957
1997 0.193266
1998 0.193783
1999 0.194704
2000 0.19276
2001 0.192776
2002 0.191013
2003 0.191426
2004 0.190713
2005 0.191957
2006 0.191178
2007 0.192544
2008 0.19202
2009 0.191045
2010 0.193661
2011 0.195082
2012 0.193819
2013 0.194798
2014 0.193883
2015 0.193139
2016 0.194651
2017 0.192834
2018 0.193656
2019 0.192696
2020 0.195789
2021 0.193452
2022 0.193375
2023 0.195183
2024 0.193456
2025 0.193579
2026 0.192548
2027 0.194663
2028 0.195297
2029 0.193788
2030 0.193698
2031 0.192435
2032 0.192268
2033 0.193025
2034 0.193986
2035 0.194633
2036 0.193227
2037 0.192858
2038 0.192062
2039 0.191835
2040 0.191717
2041 0.19247
2042 0.193563
2043 0.194201
2044 0.193128
2045 0.194875
2046 0.193583
2047 0.196414
2048 0.195048
2049 0.194478
2050 0.193024
2051 0.192881
2052 0.191725
2053 0.194273
2054 0.195089
2055 0.193993
2056 0.192718
2057 0.19411
2058 0.19256
2059 0.193363
2060 0.19599
2061 0.193974
2062 0.193115
2063 0.19417
2064 0.19179
2065 0.192111
2066 0.191783
2067 0.191521
2068 0.192076
2069 0.191769
2070 0.191278
2071 0.190851
2072 0.191563
2073 0.193149
2074 0.193251
2075 0.192396
2076 0.19328
2077 0.195697
2078 0.194085
2079 0.195205
2080 0.196235
2081 0.194849
2082 0.192867
2083 0.19368
2084 0.192802
2085 0.195273
2086 0.193839
2087 0.192435
2088 0.194136
2089 0.194827
2090 0.195078
2091 0.194884
2092 0.194093
2093 0.194136
2094 0.197284
2095 0.197062
2096 0.195858
2097 0.195334
2098 0.193866
2099 0
