0 1.88377
1 2.87799
2 4.34829
3 5.00503
4 4.88608
5 4.40392
6 3.9267
7 3.34415
8 2.83304
9 1.9706
10 1.37329
11 1.12615
12 1.81291
13 0.920162
14 0.782425
15 0.641042
16 0.443207
17 0.309303
18 0.192274
19 0.201379
20 0.198661
21 0.194415
22 0.19644
23 0.19296
24 0.193362
25 0.193469
26 0.194628
27 0.194457
28 0.193419
29 0.192904
30 0.192504
31 0.194438
32 0.193564
33 0.192418
34 0.191593
35 0.191179
36 0.193374
37 0.195513
38 0.193261
39 0.19383
40 0.195372
41 0.197216
42 0.195779
43 0.197662
44 0.19569
45 0.19594
46 0.195447
47 0.195441
48 0.192831
49 0.193095
50 0.196569
51 0.193509
52 0.194071
53 0.194262
54 0.192705
55 0.193933
56 0.193574
57 0.192658
58 0.192701
59 0.191147
60 0.190904
61 0.190022
62 0.193067
63 0.192278
64 0.192642
65 0.191908
66 0.191636
67 0.191585
68 0.192199
69 0.195448
70 0.193213
71 0.192497
72 0.193764
73 0.194013
74 0.193043
75 0.191488
76 0.191268
77 0.191051
78 0.191824
79 0.191156
80 0.192697
81 0.194903
82 0.19376
83 0.19544
84 0.193708
85 0.194738
86 0.192986
87 0.192696
88 0.19237
89 0.1912
90 0.192219
91 0.191752
92 0.19255
93 0.191934
94 0.191268
95 0.192337
96 0.191842
97 0.190992
98 0.190964
99 0.192308
100 0.191524
101 0.191101
102 0.192019
103 0.195586
104 0.193461
105 0.192678
106 0.194496
107 0.19334
108 0.191883
109 0.191068
110 0.191287
111 0.191691
112 0.191448
113 0.191465
114 0.190831
115 0.193763
116 0.19555
117 0.196142
118 0.19374
119 0.193229
120 0.194547
121 0.193039
122 0.19507
123 0.193262
124 0.192364
125 0.192868
126 0.193418
127 0.193501
128 0.195062
129 0.19488
130 0.193777
131 0.19319
132 0.192742
133 0.192358
134 0.193814
135 0.192428
136 0.191809
137 0.195762
138 0.197241
139 0.194373
140 0.194938
141 0.195714
142 0.195222
143 0.193294
144 0.192035
145 0.191212
146 0.190435
147 0.193925
148 0.193459
149 0.193675
150 0.193051
151 0.193376
152 0.193018
153 0.193692
154 0.19263
155 0.19283
156 0.192967
157 0.192967
158 0.194101
159 0.195266
160 0.194395
161 0.192527
162 0.192222
163 0.191029
164 0.192678
165 0.194309
166 0.196454
167 0.195667
168 0.194471
169 0.193317
170 0.194148
171 0.194847
172 0.192708
173 0.192925
174 0.192402
175 0.19178
176 0.194661
177 0.192952
178 0.195029
179 0.194351
180 0.197264
181 0.194507
182 0.193407
183 0.19543
184 0.193608
185 0.194917
186 0.191937
187 0.193909
188 0.195125
189 0.194507
190 0.193923
191 0.19675
192 0.194703
193 0.195721
194 0.195126
195 0.193661
196 0.194462
197 0.192765
198 0.192061
199 0.190865
200 0.190543
201 0.193461
202 0.194469
203 0.194411
204 0.193749
205 0.19451
206 0.192852
207 0.191855
208 0.191381
209 0.195235
210 0.196617
211 0.194176
212 0.196769
213 0.194613
214 0.193393
215 0.192877
216 0.195609
217 0.193063
218 0.194024
219 0.194823
220 0.192889
221 0.195473
222 0.194364
223 0.192627
224 0.19614
225 0.194518
226 0.193638
227 0.19451
228 0.192943
229 0.19175
230 0.195063
231 0.195342
232 0.193226
233 0.194113
234 0.194158
235 0.194644
236 0.194801
237 0.197573
238 0.194472
239 0.19482
240 0.196091
241 0.193949
242 0.193386
243 0.191604
244 0.191315
245 0.191294
246 0.191465
247 0.195464
248 0.194851
249 0.1933
250 0.195731
251 0.194572
252 0.196212
253 0.193695
254 0.19274
255 0.192096
256 0.191864
257 0.192808
258 0.192783
259 0.192733
260 0.194292
261 0.195347
262 0.194644
263 0.193021
264 0.19244
265 0.19291
266 0.192672
267 0.195491
268 0.197517
269 0.194195
270 0.195495
271 0.194006
272 0.193184
273 0.192887
274 0.194171
275 0.194978
276 0.196461
277 0.193621
278 0.192509
279 0.196204
280 0.193623
281 0.195353
282 0.196413
283 0.193357
284 0.196959
285 0.193482
286 0.195308
287 0.19416
288 0.194581
289 0.19466
290 0.193533
291 0.19642
292 0.197348
293 0.196284
294 0.194415
295 0.195004
296 0.19367
297 0.194266
298 0.193062
299 0.193001
300 0.196
301 0.194556
302 0.194369
303 0.193396
304 0.192941
305 0.191661
306 0.193036
307 0.194693
308 0.193798
309 0.193909
310 0.196269
311 0.197418
312 0.195496
313 0.192919
314 0.191678
315 0.191333
316 0.192769
317 0.193565
318 0.196152
319 0.193532
320 0.194955
321 0.19335
322 0.192962
323 0.195337
324 0.193305
325 0.193807
326 0.193345
327 0.193867
328 0.194234
329 0.194077
330 0.192975
331 0.193619
332 0.193461
333 0.192594
334 0.192216
335 0.192318
336 0.191561
337 0.192553
338 0.193656
339 0.193154
340 0.19239
341 0.191991
342 0.193286
343 0.193778
344 0.193768
345 0.192701
346 0.191783
347 0.192005
348 0.195424
349 0.193447
350 0.195562
351 0.192808
352 0.194099
353 0.196628
354 0.193785
355 0.196192
356 0.193525
357 0.193443
358 0.194283
359 0.196594
360 0.194452
361 0.19436
362 0.194922
363 0.193515
364 0.193135
365 0.192904
366 0.192265
367 0.191968
368 0.191303
369 0.193357
370 0.194298
371 0.193063
372 0.193367
373 0.191631
374 0.190989
375 0.191317
376 0.192439
377 0.192285
378 0.193254
379 0.195207
380 0.196601
381 0.19564
382 0.194748
383 0.193653
384 0.192175
385 0.192264
386 0.192901
387 0.191366
388 0.191636
389 0.191596
390 0.194964
391 0.194947
392 0.193395
393 0.192386
394 0.193354
395 0.193578
396 0.192515
397 0.191822
398 0.192628
399 0.192727
400 0.193771
401 0.192967
402 0.194006
403 0.195255
404 0.193586
405 0.194834
406 0.195131
407 0.193332
408 0.196051
409 0.194986
410 0.196968
411 0.195173
412 0.194379
413 0.195938
414 0.195244
415 0.194956
416 0.195432
417 0.193708
418 0.196338
419 0.195025
420 0.197078
421 0.194328
422 0.19335
423 0.194224
424 0.192597
425 0.191426
426 0.191648
427 0.190979
428 0.194637
429 0.193528
430 0.196619
431 0.193908
432 0.192553
433 0.19189
434 0.195737
435 0.195739
436 0.194103
437 0.196813
438 0.196283
439 0.193624
440 0.193433
441 0.19504
442 0.196729
443 0.195321
444 0.196466
445 0.195918
446 0.194641
447 0.192414
448 0.191833
449 0.193822
450 0.192021
451 0.193031
452 0.193891
453 0.194526
454 0.193124
455 0.19134
456 0.190846
457 0.191425
458 0.191442
459 0.192876
460 0.195619
461 0.194847
462 0.193939
463 0.195945
464 0.196926
465 0.194337
466 0.196848
467 0.1972
468 0.194945
469 0.194277
470 0.194271
471 0.192704
472 0.194569
473 0.19278
474 0.195867
475 0.196078
476 0.197424
477 0.196659
478 0.195045
479 0.197326
480 0.194078
481 0.194778
482 0.195748
483 0.19591
484 0.194779
485 0.193262
486 0.19529
487 0.195285
488 0.195218
489 0.193554
490 0.19267
491 0.195656
492 0.194355
493 0.19223
494 0.193737
495 0.191939
496 0.193796
497 0.192909
498 0.19201
499 0.191412
500 0.19177
501 0.192995
502 0.193572
503 0.193901
504 0.19278
505 0.196193
506 0.19777
507 0.196079
508 0.194261
509 0.192876
510 0.19204
511 0.19197
512 0.195365
513 0.192889
514 0.19571
515 0.194824
516 0.195438
517 0.195451
518 0.194688
519 0.1944
520 0.196003
521 0.193869
522 0.193046
523 0.192369
524 0.194726
525 0.192555
526 0.193032
527 0.195358
528 0.194388
529 0.194253
530 0.193656
531 0.194897
532 0.195878
533 0.197546
534 0.196043
535 0.194797
536 0.193153
537 0.194085
538 0.194108
539 0.193201
540 0.196177
541 0.195348
542 0.194419
543 0.193063
544 0.195628
545 0.196574
546 0.193813
547 0.193242
548 0.19365
549 0.193758
550 0.194528
551 0.193224
552 0.192483
553 0.192536
554 0.192507
555 0.195359
556 0.194381
557 0.193069
558 0.195489
559 0.197082
560 0.195557
561 0.193785
562 0.192887
563 0.193037
564 0.193632
565 0.193323
566 0.193
567 0.193716
568 0.192824
569 0.192308
570 0.194675
571 0.194937
572 0.19289
573 0.192658
574 0.192363
575 0.190865
576 0.192403
577 0.194838
578 0.195449
579 0.193806
580 0.192993
581 0.192629
582 0.192281
583 0.192608
584 0.19325
585 0.19605
586 0.197308
587 0.198109
588 0.196611
589 0.194371
590 0.195019
591 0.193868
592 0.196379
593 0.194096
594 0.197146
595 0.194424
596 0.193249
597 0.195341
598 0.192726
599 0.19465
600 0.193997
601 0.193037
602 0.193608
603 0.195463
604 0.1935
605 0.194567
606 0.193062
607 0.192973
608 0.192379
609 0.194706
610 0.1931
611 0.191672
612 0.194637
613 0.193059
614 0.19178
615 0.192297
616 0.19198
617 0.191365
618 0.191117
619 0.192908
620 0.191549
621 0.191111
622 0.19069
623 0.191731
624 0.191889
625 0.193867
626 0.193226
627 0.196486
628 0.194475
629 0.192705
630 0.192104
631 0.195305
632 0.193553
633 0.192933
634 0.19419
635 0.193876
636 0.192452
637 0.192542
638 0.195538
639 0.19313
640 0.194045
641 0.192205
642 0.192555
643 0.19567
644 0.196457
645 0.194908
646 0.195257
647 0.194655
648 0.195513
649 0.193309
650 0.192848
651 0.192183
652 0.194749
653 0.194977
654 0.195112
655 0.19459
656 0.193193
657 0.193395
658 0.194525
659 0.193405
660 0.193165
661 0.192167
662 0.192376
663 0.191757
664 0.191056
665 0.191901
666 0.193526
667 0.192306
668 0.193971
669 0.193884
670 0.19294
671 0.191946
672 0.191554
673 0.191303
674 0.193798
675 0.192362
676 0.192323
677 0.195141
678 0.197246
679 0.194323
680 0.19464
681 0.194573
682 0.193721
683 0.197079
684 0.194406
685 0.192764
686 0.192531
687 0.193381
688 0.19221
689 0.191984
690 0.191337
691 0.19107
692 0.190932
693 0.192827
694 0.192291
695 0.191514
696 0.191522
697 0.192073
698 0.194079
699 0.193247
700 0.192769
701 0.192337
702 0.19377
703 0.194628
704 0.19423
705 0.193761
706 0.1945
707 0.196834
708 0.194869
709 0.193337
710 0.19182
711 0.191175
712 0.194768
713 0.192847
714 0.192719
715 0.192005
716 0.193066
717 0.196046
718 0.197512
719 0.195146
720 0.196573
721 0.194418
722 0.193225
723 0.192424
724 0.191356
725 0.194726
726 0.196326
727 0.194161
728 0.193387
729 0.196291
730 0.194707
731 0.19268
732 0.191712
733 0.19114
734 0.193572
735 0.193126
736 0.195866
737 0.194984
738 0.193717
739 0.194127
740 0.195089
741 0.193073
742 0.191915
743 0.193863
744 0.19214
745 0.192081
746 0.19377
747 0.191729
748 0.19091
749 0.191387
750 0.19349
751 0.19194
752 0.191935
753 0.19314
754 0.192254
755 0.19425
756 0.193235
757 0.191803
758 0.192387
759 0.192544
760 0.19574
761 0.194466
762 0.19659
763 0.194649
764 0.194137
765 0.192675
766 0.191416
767 0.191155
768 0.191069
769 0.19231
770 0.19619
771 0.19535
772 0.195199
773 0.193739
774 0.192612
775 0.191697
776 0.194283
777 0.192962
778 0.191631
779 0.190725
780 0.191065
781 0.193568
782 0.195395
783 0.193445
784 0.195205
785 0.193258
786 0.192181
787 0.192135
788 0.191986
789 0.192814
790 0.192454
791 0.19217
792 0.194538
793 0.194489
794 0.195235
795 0.193659
796 0.194054
797 0.192227
798 0.192155
799 0.191549
800 0.191075
801 0.190915
802 0.192864
803 0.191943
804 0.191803
805 0.190991
806 0.191439
807 0.191065
808 0.193526
809 0.192449
810 0.192739
811 0.192381
812 0.192713
813 0.194582
814 0.192877
815 0.19225
816 0.192664
817 0.191995
818 0.195968
819 0.196676
820 0.194251
821 0.193624
822 0.192717
823 0.19183
824 0.192118
825 0.191564
826 0.190755
827 0.190638
828 0.190756
829 0.194751
830 0.192857
831 0.1933
832 0.192267
833 0.1919
834 0.194939
835 0.193161
836 0.191805
837 0.191455
838 0.191691
839 0.194584
840 0.192935
841 0.192241
842 0.192833
843 0.192369
844 0.191751
845 0.194331
846 0.193426
847 0.192422
848 0.192859
849 0.19258
850 0.192944
851 0.191884
852 0.191054
853 0.190314
854 0.19285
855 0.193328
856 0.193071
857 0.195048
858 0.193743
859 0.194247
860 0.193115
861 0.192029
862 0.19164
863 0.193773
864 0.192589
865 0.191954
866 0.195071
867 0.194027
868 0.196036
869 0.194596
870 0.19333
871 0.192904
872 0.194189
873 0.193251
874 0.192495
875 0.19191
876 0.191438
877 0.19309
878 0.193002
879 0.192124
880 0.194314
881 0.195575
882 0.194399
883 0.193636
884 0.19241
885 0.192437
886 0.192526
887 0.192342
888 0.192098
889 0.194342
890 0.193334
891 0.192674
892 0.193644
893 0.19432
894 0.193789
895 0.194816
896 0.193914
897 0.194169
898 0.192463
899 0.193277
900 0.192067
901 0.193959
902 0.192088
903 0.191741
904 0.193126
905 0.196087
906 0.196509
907 0.19558
908 0.195398
909 0.19464
910 0.197015
911 0.194981
912 0.195306
913 0.197582
914 0.194321
915 0.196894
916 0.193976
917 0.193499
918 0.19372
919 0.193007
920 0.195616
921 0.19347
922 0.193791
923 0.191655
924 0.191819
925 0.192325
926 0.191523
927 0.193017
928 0.192589
929 0.19498
930 0.192863
931 0.193927
932 0.192089
933 0.191539
934 0.19307
935 0.192504
936 0.192042
937 0.191802
938 0.191039
939 0.193859
940 0.192472
941 0.192165
942 0.192953
943 0.192442
944 0.191261
945 0.192049
946 0.19142
947 0.191709
948 0.191177
949 0.191406
950 0.19289
951 0.194645
952 0.193213
953 0.192555
954 0.195486
955 0.193529
956 0.193185
957 0.192093
958 0.191099
959 0.192771
960 0.193654
961 0.193798
962 0.194866
963 0.194618
964 0.193479
965 0.192898
966 0.192134
967 0.195829
968 0.197654
969 0.195718
970 0.194225
971 0.195999
972 0.196369
973 0.194282
974 0.192945
975 0.191606
976 0.192613
977 0.193509
978 0.193094
979 0.194411
980 0.192882
981 0.193581
982 0.193697
983 0.192865
984 0.193883
985 0.193647
986 0.193706
987 0.193424
988 0.192219
989 0.191993
990 0.191703
991 0.1939
992 0.192021
993 0.191804
994 0.191345
995 0.19311
996 0.194515
997 0.19473
998 0.192173
999 0.191951
1000 0.194679
1001 0.194933
1002 0.195444
1003 0.194345
1004 0.19286
1005 0.196592
1006 0.194011
1007 0.195078
1008 0.193807
1009 0.193064
1010 0.191472
1011 0.192658
1012 0.193043
1013 0.196688
1014 0.193206
1015 0.193189
1016 0.194271
1017 0.193346
1018 0.19501
1019 0.193388
1020 0.1932
1021 0.192485
1022 0.193512
1023 0.191836
1024 0.191231
1025 0.191176
1026 0.191401
1027 0.190624
1028 0.193352
1029 0.192343
1030 0.192305
1031 0.190887
1032 0.191518
1033 0.191724
1034 0.19213
1035 0.191234
1036 0.191268
1037 0.195222
1038 0.19386
1039 0.195869
1040 0.19423
1041 0.193794
1042 0.193124
1043 0.192881
1044 0.194903
1045 0.194041
1046 0.192693
1047 0.191834
1048 0.192835
1049 0.194392
1050 0.194348
1051 0.19397
1052 0.192388
1053 0.191825
1054 0.1955
1055 0.195413
1056 0.197084
1057 0.196039
1058 0.197066
1059 0.193817
1060 0.192944
1061 0.191741
1062 0.191748
1063 0.194502
1064 0.194164
1065 0.192602
1066 0.193557
1067 0.192385
1068 0.191281
1069 0.193674
1070 0.192716
1071 0.193453
1072 0.196168
1073 0.193351
1074 0.197181
1075 0.194392
1076 0.193315
1077 0.193618
1078 0.193769
1079 0.195813
1080 0.193149
1081 0.192679
1082 0.194418
1083 0.193362
1084 0.194096
1085 0.193968
1086 0.196029
1087 0.193878
1088 0.193154
1089 0.192984
1090 0.195087
1091 0.194783
1092 0.193269
1093 0.191377
1094 0.194611
1095 0.192909
1096 0.192437
1097 0.192525
1098 0.194776
1099 0.193626
1100 0.196178
1101 0.193709
1102 0.1925
1103 0.194935
1104 0.194355
1105 0.193252
1106 0.193191
1107 0.193717
1108 0.194558
1109 0.194553
1110 0.197783
1111 0.194951
1112 0.193793
1113 0.192515
1114 0.193291
1115 0.191946
1116 0.191588
1117 0.194096
1118 0.193419
1119 0.191838
1120 0.191091
1121 0.191143
1122 0.19508
1123 0.192866
1124 0.193522
1125 0.195882
1126 0.195068
1127 0.197157
1128 0.194941
1129 0.194296
1130 0.196525
1131 0.194295
1132 0.195173
1133 0.193501
1134 0.193845
1135 0.192811
1136 0.192265
1137 0.195836
1138 0.193371
1139 0.195819
1140 0.196659
1141 0.195252
1142 0.195349
1143 0.195976
1144 0.193939
1145 0.192649
1146 0.19609
1147 0.194236
1148 0.195994
1149 0.193524
1150 0.193647
1151 0.195849
1152 0.194082
1153 0.196287
1154 0.194232
1155 0.192886
1156 0.195949
1157 0.193723
1158 0.192747
1159 0.192525
1160 0.19468
1161 0.193576
1162 0.19311
1163 0.193474
1164 0.194759
1165 0.193817
1166 0.192523
1167 0.19342
1168 0.192556
1169 0.192983
1170 0.191603
1171 0.192489
1172 0.192472
1173 0.196155
1174 0.193621
1175 0.194308
1176 0.195252
1177 0.194505
1178 0.193074
1179 0.192675
1180 0.191988
1181 0.193173
1182 0.191917
1183 0.191519
1184 0.192366
1185 0.193034
1186 0.19293
1187 0.192313
1188 0.192189
1189 0.196098
1190 0.193651
1191 0.193732
1192 0.196717
1193 0.194517
1194 0.192381
1195 0.193419
1196 0.193292
1197 0.19375
1198 0.196313
1199 0.194207
1200 0.195299
1201 0.196756
1202 0.19509
1203 0.19302
1204 0.192533
1205 0.192292
1206 0.192419
1207 0.1919
1208 0.193729
1209 0.193203
1210 0.19227
1211 0.191446
1212 0.191229
1213 0.190843
1214 0.193965
1215 0.192122
1216 0.192281
1217 0.191822
1218 0.194173
1219 0.193638
1220 0.194183
1221 0.193674
1222 0.196782
1223 0.1946
1224 0.193378
1225 0.19195
1226 0.191288
1227 0.192515
1228 0.193037
1229 0.192718
1230 0.193107
1231 0.192217
1232 0.192282
1233 0.193785
1234 0.191813
1235 0.196197
1236 0.197206
1237 0.198199
1238 0.197594
1239 0.196083
1240 0.196515
1241 0.194242
1242 0.193066
1243 0.194931
1244 0.192994
1245 0.192465
1246 0.191348
1247 0.195915
1248 0.195939
1249 0.193502
1250 0.192412
1251 0.191298
1252 0.192186
1253 0.194416
1254 0.193282
1255 0.195203
1256 0.193524
1257 0.196461
1258 0.194534
1259 0.19317
1260 0.191841
1261 0.192043
1262 0.192171
1263 0.191558
1264 0.195451
1265 0.193356
1266 0.194942
1267 0.195157
1268 0.194267
1269 0.192884
1270 0.191933
1271 0.191897
1272 0.193288
1273 0.193755
1274 0.196986
1275 0.193995
1276 0.194421
1277 0.196427
1278 0.196531
1279 0.195511
1280 0.19572
1281 0.193842
1282 0.193391
1283 0.19256
1284 0.195413
1285 0.192837
1286 0.194402
1287 0.193504
1288 0.19676
1289 0.194169
1290 0.194269
1291 0.193541
1292 0.192398
1293 0.193559
1294 0.192157
1295 0.192101
1296 0.192545
1297 0.196454
1298 0.194406
1299 0.194648
1300 0.194336
1301 0.192336
1302 0.195596
1303 0.193265
1304 0.193723
1305 0.195358
1306 0.194134
1307 0.192857
1308 0.192825
1309 0.191361
1310 0.190334
1311 0.189956
1312 0.192158
1313 0.19148
1314 0.191381
1315 0.193874
1316 0.194127
1317 0.193341
1318 0.192807
1319 0.195729
1320 0.193194
1321 0.191974
1322 0.191435
1323 0.191708
1324 0.192553
1325 0.192244
1326 0.19162
1327 0.192929
1328 0.192344
1329 0.193022
1330 0.192486
1331 0.193693
1332 0.19207
1333 0.191581
1334 0.192283
1335 0.19373
1336 0.197292
1337 0.193495
1338 0.192628
1339 0.191947
1340 0.192847
1341 0.192553
1342 0.195088
1343 0.196794
1344 0.19438
1345 0.193145
1346 0.1958
1347 0.195105
1348 0.193687
1349 0.19445
1350 0.193093
1351 0.19405
1352 0.192941
1353 0.19247
1354 0.193978
1355 0.193332
1356 0.194208
1357 0.195591
1358 0.193448
1359 0.19556
1360 0.193388
1361 0.19194
1362 0.191664
1363 0.191467
1364 0.193574
1365 0.191902
1366 0.195421
1367 0.192923
1368 0.192264
1369 0.19463
1370 0.193327
1371 0.194616
1372 0.195444
1373 0.194348
1374 0.194105
1375 0.194159
1376 0.194594
1377 0.192729
1378 0.193672
1379 0.192719
1380 0.191019
1381 0.192744
1382 0.194787
1383 0.195238
1384 0.194296
1385 0.196954
1386 0.194427
1387 0.193449
1388 0.196272
1389 0.193992
1390 0.196735
1391 0.196754
1392 0.195427
1393 0.194843
1394 0.192926
1395 0.194442
1396 0.195671
1397 0.194267
1398 0.194748
1399 0.193834
1400 0.193058
1401 0.193134
1402 0.193196
1403 0.191988
1404 0.194696
1405 0.19551
1406 0.19341
1407 0.193452
1408 0.195283
1409 0.194826
1410 0.193936
1411 0.193321
1412 0.195006
1413 0.193185
1414 0.195659
1415 0.192692
1416 0.19276
1417 0.192728
1418 0.19271
1419 0.19124
1420 0.192553
1421 0.19453
1422 0.192993
1423 0.192469
1424 0.195689
1425 0.192872
1426 0.193353
1427 0.191945
1428 0.192188
1429 0.193327
1430 0.192108
1431 0.191462
1432 0.191341
1433 0.196112
1434 0.192384
1435 0.196373
1436 0.194266
1437 0.192972
1438 0.192343
1439 0.192521
1440 0.192868
1441 0.19306
1442 0.191524
1443 0.192702
1444 0.195736
1445 0.193367
1446 0.193188
1447 0.19653
1448 0.196638
1449 0.196144
1450 0.195463
1451 0.19722
1452 0.193584
1453 0.196539
1454 0.194986
1455 0.192986
1456 0.192239
1457 0.191454
1458 0.195007
1459 0.192371
1460 0.191579
1461 0.195033
1462 0.193632
1463 0.194887
1464 0.193778
1465 0.195699
1466 0.195882
1467 0.1947
1468 0.195924
1469 0.19368
1470 0.194739
1471 0.194397
1472 0.192637
1473 0.193352
1474 0.195624
1475 0.194626
1476 0.192752
1477 0.195607
1478 0.195491
1479 0.196045
1480 0.196823
1481 0.196483
1482 0.194767
1483 0.195187
1484 0.195478
1485 0.194438
1486 0.195476
1487 0.193991
1488 0.193033
1489 0.19358
1490 0.195402
1491 0.193506
1492 0.19127
1493 0.190879
1494 0.194236
1495 0.192159
1496 0.192893
1497 0.192563
1498 0.193301
1499 0.192588
1500 0.194135
1501 0.192735
1502 0.193049
1503 0.19197
1504 0.192864
1505 0.193577
1506 0.193334
1507 0.192164
1508 0.191982
1509 0.192734
1510 0.193241
1511 0.192498
1512 0.191938
1513 0.194113
1514 0.195816
1515 0.196841
1516 0.19536
1517 0.194602
1518 0.195224
1519 0.193378
1520 0.193258
1521 0.192119
1522 0.191582
1523 0.190885
1524 0.191059
1525 0.191412
1526 0.190852
1527 0.191039
1528 0.191576
1529 0.191894
1530 0.192922
1531 0.196202
1532 0.193833
1533 0.196048
1534 0.195147
1535 0.194117
1536 0.194234
1537 0.192597
1538 0.191344
1539 0.190557
1540 0.193268
1541 0.194431
1542 0.193632
1543 0.192628
1544 0.191855
1545 0.191081
1546 0.192269
1547 0.191315
1548 0.194205
1549 0.193276
1550 0.196512
1551 0.193374
1552 0.193206
1553 0.192761
1554 0.194507
1555 0.196968
1556 0.193762
1557 0.1968
1558 0.194495
1559 0.19492
1560 0.193263
1561 0.192397
1562 0.191699
1563 0.194519
1564 0.195077
1565 0.195035
1566 0.193946
1567 0.194624
1568 0.193501
1569 0.192707
1570 0.195578
1571 0.193614
1572 0.192329
1573 0.191217
1574 0.191388
1575 0.191458
1576 0.194028
1577 0.193252
1578 0.192808
1579 0.192495
1580 0.195163
1581 0.194981
1582 0.192717
1583 0.190956
1584 0.195501
1585 0.195214
1586 0.192554
1587 0.191648
1588 0.190487
1589 0.192497
1590 0.191654
1591 0.19469
1592 0.196231
1593 0.194723
1594 0.196772
1595 0.194169
1596 0.193986
1597 0.194242
1598 0.195895
1599 0.193755
1600 0.193016
1601 0.193399
1602 0.192775
1603 0.192221
1604 0.193909
1605 0.193598
1606 0.194447
1607 0.194586
1608 0.19723
1609 0.194884
1610 0.196445
1611 0.19488
1612 0.196352
1613 0.193942
1614 0.195032
1615 0.196825
1616 0.196683
1617 0.193921
1618 0.196004
1619 0.19479
1620 0.19342
1621 0.191627
1622 0.190426
1623 0.190369
1624 0.192105
1625 0.194592
1626 0.19602
1627 0.194152
1628 0.195816
1629 0.193061
1630 0.195886
1631 0.195177
1632 0.193651
1633 0.194306
1634 0.19542
1635 0.193285
1636 0.192581
1637 0.195413
1638 0.193818
1639 0.196132
1640 0.193858
1641 0.195741
1642 0.193248
1643 0.193002
1644 0.192287
1645 0.194867
1646 0.192552
1647 0.194234
1648 0.192396
1649 0.191779
1650 0.190453
1651 0.192492
1652 0.191775
1653 0.194313
1654 0.193459
1655 0.192381
1656 0.191099
1657 0.190948
1658 0.190577
1659 0.19037
1660 0.190072
1661 0.189922
1662 0.190533
1663 0.192753
1664 0.1916
1665 0.191993
1666 0.192268
1667 0.192722
1668 0.192166
1669 0.193613
1670 0.192222
1671 0.19648
1672 0.194676
1673 0.19542
1674 0.194775
1675 0.196719
1676 0.196029
1677 0.193242
1678 0.194967
1679 0.193343
1680 0.193448
1681 0.191896
1682 0.194028
1683 0.193034
1684 0.196121
1685 0.194814
1686 0.19445
1687 0.193101
1688 0.192009
1689 0.192676
1690 0.193843
1691 0.193298
1692 0.19467
1693 0.193472
1694 0.193274
1695 0.194898
1696 0.195382
1697 0.195568
1698 0.193389
1699 0.193305
1700 0.194327
1701 0.192865
1702 0.192324
1703 0.192138
1704 0.192036
1705 0.194641
1706 0.193354
1707 0.195296
1708 0.193088
1709 0.193982
1710 0.193283
1711 0.195057
1712 0.192868
1713 0.192982
1714 0.194984
1715 0.192437
1716 0.194577
1717 0.196467
1718 0.194082
1719 0.192525
1720 0.191557
1721 0.194648
1722 0.193492
1723 0.193478
1724 0.193906
1725 0.195682
1726 0.192967
1727 0.191564
1728 0.192634
1729 0.196225
1730 0.193621
1731 0.193678
1732 0.195338
1733 0.195351
1734 0.194793
1735 0.193136
1736 0.193097
1737 0.191869
1738 0.192036
1739 0.191361
1740 0.193351
1741 0.193469
1742 0.195249
1743 0.193787
1744 0.19683
1745 0.193469
1746 0.192257
1747 0.194888
1748 0.193293
1749 0.192225
1750 0.192635
1751 0.196041
1752 0.19415
1753 0.196179
1754 0.193646
1755 0.193849
1756 0.19427
1757 0.194933
1758 0.194896
1759 0.193247
1760 0.194293
1761 0.192831
1762 0.192018
1763 0.191272
1764 0.194366
1765 0.194571
1766 0.195527
1767 0.194655
1768 0.193573
1769 0.19211
1770 0.196423
1771 0.195515
1772 0.192679
1773 0.194144
1774 0.193982
1775 0.196822
1776 0.196937
1777 0.194479
1778 0.196114
1779 0.198334
1780 0.194905
1781 0.196055
1782 0.193931
1783 0.192898
1784 0.194291
1785 0.19254
1786 0.191983
1787 0.191352
1788 0.192344
1789 0.195831
1790 0.194923
1791 0.192925
1792 0.194621
1793 0.192633
1794 0.191982
1795 0.192455
1796 0.193126
1797 0.191845
1798 0.191739
1799 0.1921
1800 0.194301
1801 0.193419
1802 0.192498
1803 0.192711
1804 0.193234
1805 0.192265
1806 0.193778
1807 0.192718
1808 0.191729
1809 0.193986
1810 0.192868
1811 0.193893
1812 0.195281
1813 0.193508
1814 0.193576
1815 0.193953
1816 0.193818
1817 0.195195
1818 0.193248
1819 0.195021
1820 0.193986
1821 0.19459
1822 0.193259
1823 0.192167
1824 0.194337
1825 0.19406
1826 0.196084
1827 0.194165
1828 0.194549
1829 0.193241
1830 0.192844
1831 0.192162
1832 0.19092
1833 0.190645
1834 0.192004
1835 0.192169
1836 0.192375
1837 0.194768
1838 0.193579
1839 0.19581
1840 0.196346
1841 0.194617
1842 0.193972
1843 0.192861
1844 0.192427
1845 0.194145
1846 0.193965
1847 0.194542
1848 0.195861
1849 0.192779
1850 0.192032
1851 0.192063
1852 0.195265
1853 0.193845
1854 0.19254
1855 0.192764
1856 0.19244
1857 0.195473
1858 0.194017
1859 0.193288
1860 0.192233
1861 0.192619
1862 0.191765
1863 0.191887
1864 0.194047
1865 0.193635
1866 0.192567
1867 0.193734
1868 0.194657
1869 0.196578
1870 0.195346
1871 0.194999
1872 0.1963
1873 0.193767
1874 0.192151
1875 0.193826
1876 0.196089
1877 0.193781
1878 0.195249
1879 0.194742
1880 0.193265
1881 0.192488
1882 0.194158
1883 0.193778
1884 0.192748
1885 0.192594
1886 0.192181
1887 0.19378
1888 0.195924
1889 0.193769
1890 0.192694
1891 0.193266
1892 0.193673
1893 0.195294
1894 0.194684
1895 0.193972
1896 0.194313
1897 0.1931
1898 0.192608
1899 0.192649
1900 0.191465
1901 0.191178
1902 0.192322
1903 0.192892
1904 0.192959
1905 0.192437
1906 0.192332
1907 0.192722
1908 0.192026
1909 0.191345
1910 0.191247
1911 0.194854
1912 0.193886
1913 0.193381
1914 0.192372
1915 0.192561
1916 0.195157
1917 0.19449
1918 0.193092
1919 0.193296
1920 0.193779
1921 0.1925
1922 0.192498
1923 0.192811
1924 0.193741
1925 0.193761
1926 0.195319
1927 0.193879
1928 0.193989
1929 0.193671
1930 0.19251
1931 0.193578
1932 0.192165
1933 0.191801
1934 0.192863
1935 0.192403
1936 0.193934
1937 0.194446
1938 0.196902
1939 0.195004
1940 0.195032
1941 0.19453
1942 0.192869
1943 0.192999
1944 0.191378
1945 0.191651
1946 0.193982
1947 0.194225
1948 0.193765
1949 0.193457
1950 0.191589
1951 0.191841
1952 0.195807
1953 0.193459
1954 0.193567
1955 0.193233
1956 0.19221
1957 0.194078
1958 0.19219
1959 0.195319
1960 0.19365
1961 0.193327
1962 0.1925
1963 0.193659
1964 0.194095
1965 0.195057
1966 0.193335
1967 0.193124
1968 0.194224
1969 0.193541
1970 0.193712
1971 0.192304
1972 0.192295
1973 0.191978
1974 0.192217
1975 0.19252
1976 0.194142
1977 0.194565
1978 0.195927
1979 0.193718
1980 0.194081
1981 0.19619
1982 0.196196
1983 0.194787
1984 0.196525
1985 0.194076
1986 0.195893
1987 0.193679
1988 0.191968
1989 0.191678
1990 0.193655
1991 0.193262
1992 0.193395
1993 0.193019
1994 0.192178
1995 0.191654
1996 0.192854
1997 0.195522
1998 0.192786
1999 0.195187
2000 0.1936
2001 0.191927
2002 0.191853
2003 0.191519
2004 0.195164
2005 0.196847
2006 0.196599
2007 0.194915
2008 0.196552
2009 0.194591
2010 0.193138
2011 0.192872
2012 0.192649
2013 0.191572
2014 0.191563
2015 0.192853
2016 0.193812
2017 0.195455
2018 0.194959
2019 0.194147
2020 0.19563
2021 0.193072
2022 0.19404
2023 0.19244
2024 0.191785
2025 0.193919
2026 0.193154
2027 0.192309
2028 0.19235
2029 0.194315
2030 0.192719
2031 0.194609
2032 0.196032
2033 0.194258
2034 0.19438
2035 0.194152
2036 0.193479
2037 0.194099
2038 0.192964
2039 0.19212
2040 0.194629
2041 0.195089
2042 0.196604
2043 0.195211
2044 0.194115
2045 0.194624
2046 0.196644
2047 0.196813
2048 0.194574
2049 0.19286
2050 0.192874
2051 0.191905
2052 0.19122
2053 0.190909
2054 0.192084
2055 0.192497
2056 0.195796
2057 0.196767
2058 0.196652
2059 0.194696
2060 0.196838
2061 0.196971
2062 0.195746
2063 0.194104
2064 0.195075
2065 0.196909
2066 0.195616
2067 0.19401
2068 0.192666
2069 0.193815
2070 0.194602
2071 0.192975
2072 0.191717
2073 0.192875
2074 0.192671
2075 0.19415
2076 0.195425
2077 0.193891
2078 0.19343
2079 0.193887
2080 0.194395
2081 0.194373
2082 0.193589
2083 0.194134
2084 0.195673
2085 0.193938
2086 0.193717
2087 0.194545
2088 0.193332
2089 0.192196
2090 0.19146
2091 0.190961
2092 0.190287
2093 0.190431
2094 0.191749
2095 0.1929
2096 0.192305
2097 0.195733
2098 0.196863
2099 0
