0 0.16409
1 0.152027
2 0.139765
3 0.128838
4 0.117771
5 0.110423
6 0.106197
7 0.10213
8 0.104021
9 0.106213
10 0.10054
11 0.126537
12 0.166939
13 0.18043
14 0.165925
15 0.188078
16 0.172966
17 0.186558
18 0.177906
19 0.167584
20 0.170101
21 0.17991
22 0.187371
23 0.185927
24 0.17155
25 0.161248
26 0.165296
27 0.17702
28 0.188399
29 0.185141
30 0.17025
31 0.160212
32 0.163094
33 0.176312
34 0.186208
35 0.185939
36 0.175324
37 0.162137
38 0.162296
39 0.177554
40 0.187467
41 0.186958
42 0.175532
43 0.161783
44 0.164313
45 0.176164
46 0.189339
47 0.185085
48 0.170212
49 0.163241
50 0.161326
51 0.17608
52 0.190055
53 0.184222
54 0.175335
55 0.162849
56 0.161176
57 0.174022
58 0.181394
59 0.186093
60 0.178064
61 0.164476
62 0.157603
63 0.170151
64 0.183786
65 0.187043
66 0.179702
67 0.168928
68 0.16414
69 0.166366
70 0.178827
71 0.188091
72 0.184114
73 0.169849
74 0.158733
75 0.162215
76 0.173856
77 0.187466
78 0.185222
79 0.172974
80 0.163402
81 0.163286
82 0.177849
83 0.186877
84 0.18681
85 0.174175
86 0.16365
87 0.161346
88 0.169221
89 0.182853
90 0.18726
91 0.179521
92 0.162656
93 0.159268
94 0.168946
95 0.181811
96 0.186912
97 0.180556
98 0.170173
99 0.159707
100 0.162706
101 0.178692
102 0.188572
103 0.183193
104 0.172264
105 0.162476
106 0.161526
107 0.171652
108 0.18648
109 0.187184
110 0.172324
111 0.161295
112 0.162458
113 0.171756
114 0.185389
115 0.188929
116 0.179535
117 0.165408
118 0.160003
119 0.172588
120 0.18029
121 0.189448
122 0.178957
123 0.163331
124 0.15993
125 0.169862
126 0.184105
127 0.189892
128 0.1795
129 0.166707
130 0.162234
131 0.168573
132 0.180867
133 0.187836
134 0.181584
135 0.169015
136 0.162419
137 0.168504
138 0.179302
139 0.190003
140 0.18434
141 0.165785
142 0.157979
143 0.166572
144 0.179118
145 0.185844
146 0.184639
147 0.17125
148 0.163602
149 0.16392
150 0.177576
151 0.185677
152 0.186095
153 0.172603
154 0.160868
155 0.162513
156 0.174209
157 0.188734
158 0.188166
159 0.171684
160 0.161178
161 0.162738
162 0.172633
163 0.185302
164 0.188102
165 0.178962
166 0.165402
167 0.161445
168 0.172025
169 0.184445
170 0.188232
171 0.176688
172 0.162729
173 0.16027
174 0.168687
175 0.186749
176 0.187356
177 0.178981
178 0.166242
179 0.164662
180 0.170956
181 0.182589
182 0.188816
183 0.178289
184 0.168584
185 0.159687
186 0.168536
187 0.181606
188 0.188843
189 0.182656
190 0.166755
191 0.159608
192 0.170297
193 0.185084
194 0.188362
195 0.179751
196 0.165813
197 0.161478
198 0.165566
199 0.17693
200 0.187557
201 0.184934
202 0.17144
203 0.160547
204 0.166176
205 0.17486
206 0.186175
207 0.185328
208 0.171281
209 0.161706
210 0.161956
211 0.180986
212 0.18995
213 0.183326
214 0.172211
215 0.164686
216 0.161947
217 0.175992
218 0.186989
219 0.185413
220 0.177117
221 0.162079
222 0.159577
223 0.175423
224 0.187207
225 0.186817
226 0.174584
227 0.163228
228 0.160938
229 0.175514
230 0.187715
231 0.185256
232 0.179093
233 0.165439
234 0.161931
235 0.172599
236 0.186398
237 0.187231
238 0.179451
239 0.164228
240 0.159043
241 0.170335
242 0.183757
243 0.187633
244 0.177194
245 0.165255
246 0.164898
247 0.171054
248 0.178769
249 0.189509
250 0.182295
251 0.170207
252 0.159707
253 0.16635
254 0.176459
255 0.187774
256 0.184946
257 0.168517
258 0.160378
259 0.166906
260 0.181686
261 0.187537
262 0.18317
263 0.173427
264 0.162987
265 0.161036
266 0.177946
267 0.188386
268 0.185422
269 0.176087
270 0.161741
271 0.159992
272 0.172553
273 0.188635
274 0.188319
275 0.174095
276 0.162426
277 0.161667
278 0.177801
279 0.183721
280 0.1876
281 0.177733
282 0.162889
283 0.163975
284 0.170863
285 0.185193
286 0.187274
287 0.178568
288 0.163055
289 0.160715
290 0.174022
291 0.188455
292 0.188681
293 0.174635
294 0.165836
295 0.161331
296 0.172961
297 0.184633
298 0.187444
299 0.179772
300 0.164818
301 0.161643
302 0.171228
303 0.181854
304 0.186391
305 0.181246
306 0.16532
307 0.159436
308 0.170116
309 0.187128
310 0.190318
311 0.177873
312 0.166043
313 0.161262
314 0.166635
315 0.180736
316 0.188106
317 0.18503
318 0.168293
319 0.161057
320 0.166134
321 0.177652
322 0.190814
323 0.182633
324 0.167946
325 0.160336
326 0.166872
327 0.181284
328 0.188831
329 0.182758
330 0.172032
331 0.162067
332 0.164076
333 0.176116
334 0.186241
335 0.184292
336 0.175118
337 0.162293
338 0.160581
339 0.172552
340 0.186488
341 0.188118
342 0.174382
343 0.163687
344 0.16143
345 0.17131
346 0.184581
347 0.188427
348 0.176975
349 0.167401
350 0.161234
351 0.171002
352 0.18449
353 0.186625
354 0.181651
355 0.1621
356 0.160266
357 0.169822
358 0.186787
359 0.188517
360 0.179064
361 0.167265
362 0.160058
363 0.168267
364 0.184485
365 0.185441
366 0.18157
367 0.167374
368 0.160842
369 0.167734
370 0.176835
371 0.18946
372 0.183022
373 0.166967
374 0.159751
375 0.165102
376 0.177965
377 0.188189
378 0.186597
379 0.174365
380 0.163262
381 0.165077
382 0.176715
383 0.183063
384 0.185908
385 0.174561
386 0.159861
387 0.161454
388 0.171364
389 0.188274
390 0.188471
391 0.175026
392 0.164504
393 0.163227
394 0.171995
395 0.182034
396 0.185993
397 0.182107
398 0.16785
399 0.160396
400 0.166487
401 0.181432
402 0.190227
403 0.181957
404 0.167154
405 0.161214
406 0.163999
407 0.183248
408 0.191072
409 0.182668
410 0.168543
411 0.163034
412 0.170295
413 0.181276
414 0.188036
415 0.184063
416 0.168623
417 0.161832
418 0.167599
419 0.182052
420 0.187889
421 0.182129
422 0.166958
423 0.157089
424 0.164709
425 0.180859
426 0.186238
427 0.184904
428 0.171561
429 0.165263
430 0.164465
431 0.174652
432 0.184758
433 0.187606
434 0.174139
435 0.159779
436 0.165854
437 0.175706
438 0.186171
439 0.187425
440 0.17283
441 0.162259
442 0.164551
443 0.179861
444 0.189868
445 0.184444
446 0.172751
447 0.162588
448 0.163928
449 0.171959
450 0.18478
451 0.188293
452 0.17681
453 0.160159
454 0.159978
455 0.168468
456 0.183812
457 0.187511
458 0.179527
459 0.168133
460 0.162934
461 0.167673
462 0.185818
463 0.189153
464 0.179293
465 0.168596
466 0.164244
467 0.169219
468 0.1821
469 0.18937
470 0.179248
471 0.164667
472 0.158911
473 0.17181
474 0.186051
475 0.190093
476 0.17931
477 0.167097
478 0.164906
479 0.168121
480 0.183888
481 0.188989
482 0.180895
483 0.166996
484 0.15975
485 0.171387
486 0.182656
487 0.18939
488 0.179556
489 0.163172
490 0.161563
491 0.167843
492 0.180838
493 0.190975
494 0.178747
495 0.167799
496 0.161107
497 0.165869
498 0.180376
499 0.185838
500 0.183806
501 0.170257
502 0.160805
503 0.162527
504 0.179837
505 0.1907
506 0.184798
507 0.168298
508 0.162192
509 0.16209
510 0.174828
511 0.189828
512 0.185374
513 0.175848
514 0.163061
515 0.165088
516 0.177664
517 0.186428
518 0.186895
519 0.174598
520 0.159855
521 0.16188
522 0.172744
523 0.188807
524 0.186048
525 0.174044
526 0.164914
527 0.162852
528 0.174716
529 0.187212
530 0.187655
531 0.176942
532 0.165205
533 0.163976
534 0.174423
535 0.183243
536 0.187855
537 0.17669
538 0.161461
539 0.163634
540 0.172835
541 0.186515
542 0.187783
543 0.17601
544 0.163894
545 0.160371
546 0.171421
547 0.187351
548 0.186955
549 0.177226
550 0.164711
551 0.160798
552 0.171203
553 0.181943
554 0.189579
555 0.178881
556 0.162628
557 0.162261
558 0.172226
559 0.185819
560 0.188479
561 0.176686
562 0.166674
563 0.16169
564 0.169808
565 0.182208
566 0.188463
567 0.18078
568 0.167836
569 0.162008
570 0.167952
571 0.177397
572 0.188542
573 0.183551
574 0.165804
575 0.160897
576 0.167201
577 0.181954
578 0.186984
579 0.184154
580 0.172102
581 0.160697
582 0.163814
583 0.177414
584 0.188482
585 0.187307
586 0.173805
587 0.161826
588 0.162958
589 0.177414
590 0.187342
591 0.18711
592 0.169033
593 0.164209
594 0.162744
595 0.174826
596 0.190725
597 0.184533
598 0.174058
599 0.162822
600 0.16249
601 0.176277
602 0.187159
603 0.185694
604 0.175626
605 0.160853
606 0.161837
607 0.169688
608 0.188481
609 0.18758
610 0.173829
611 0.165831
612 0.159256
613 0.169027
614 0.185238
615 0.187165
616 0.178497
617 0.166822
618 0.161478
619 0.165135
620 0.177609
621 0.187085
622 0.184296
623 0.167643
624 0.161417
625 0.165084
626 0.182773
627 0.188685
628 0.182603
629 0.171517
630 0.164132
631 0.164475
632 0.174972
633 0.187396
634 0.186882
635 0.173595
636 0.160247
637 0.163806
638 0.171018
639 0.187672
640 0.188093
641 0.173626
642 0.164283
643 0.1644
644 0.176002
645 0.18851
646 0.1868
647 0.176277
648 0.161991
649 0.161159
650 0.172181
651 0.185418
652 0.188041
653 0.177621
654 0.162634
655 0.159443
656 0.171699
657 0.186913
658 0.18708
659 0.176908
660 0.164644
661 0.162471
662 0.16898
663 0.179701
664 0.186605
665 0.18351
666 0.168137
667 0.160806
668 0.167363
669 0.177873
670 0.186842
671 0.184198
672 0.167446
673 0.161344
674 0.163404
675 0.176852
676 0.191085
677 0.185722
678 0.170083
679 0.164371
680 0.166943
681 0.175455
682 0.188315
683 0.185166
684 0.173768
685 0.160205
686 0.162165
687 0.171809
688 0.186692
689 0.18742
690 0.17271
691 0.162098
692 0.163335
693 0.172086
694 0.181196
695 0.186872
696 0.180998
697 0.168429
698 0.160018
699 0.167443
700 0.179727
701 0.189321
702 0.183522
703 0.166711
704 0.160636
705 0.168415
706 0.184538
707 0.188593
708 0.181476
709 0.168917
710 0.161367
711 0.167825
712 0.174764
713 0.187045
714 0.18482
715 0.174451
716 0.162691
717 0.165224
718 0.176023
719 0.190826
720 0.186258
721 0.169059
722 0.160528
723 0.162209
724 0.178216
725 0.189057
726 0.185365
727 0.176261
728 0.165659
729 0.162034
730 0.170779
731 0.183748
732 0.18632
733 0.179572
734 0.162739
735 0.162816
736 0.170361
737 0.184591
738 0.190065
739 0.177526
740 0.164092
741 0.160255
742 0.172401
743 0.180676
744 0.186446
745 0.181952
746 0.16647
747 0.157708
748 0.16533
749 0.1791
750 0.186058
751 0.184338
752 0.169687
753 0.15853
754 0.166681
755 0.178919
756 0.184118
757 0.184452
758 0.175913
759 0.164846
760 0.162361
761 0.177945
762 0.185789
763 0.187355
764 0.174502
765 0.160726
766 0.159929
767 0.167912
768 0.186472
769 0.190683
770 0.176891
771 0.165379
772 0.161508
773 0.169174
774 0.181529
775 0.188179
776 0.178621
777 0.166392
778 0.159289
779 0.165449
780 0.180429
781 0.190226
782 0.181903
783 0.167665
784 0.159347
785 0.164971
786 0.180166
787 0.188403
788 0.1831
789 0.170323
790 0.162472
791 0.167364
792 0.178407
793 0.18784
794 0.185058
795 0.173124
796 0.159114
797 0.162097
798 0.17259
799 0.18595
800 0.186446
801 0.173999
802 0.161961
803 0.16106
804 0.171946
805 0.184646
806 0.18504
807 0.179943
808 0.165159
809 0.160294
810 0.168891
811 0.181487
812 0.190051
813 0.179825
814 0.164749
815 0.160381
816 0.166282
817 0.184336
818 0.191204
819 0.180807
820 0.169488
821 0.161121
822 0.16471
823 0.179001
824 0.184931
825 0.184208
826 0.172454
827 0.159257
828 0.164057
829 0.172783
830 0.187789
831 0.187485
832 0.172203
833 0.164074
834 0.161176
835 0.171052
836 0.185411
837 0.186502
838 0.178497
839 0.164032
840 0.160082
841 0.171663
842 0.180198
843 0.187357
844 0.181805
845 0.164546
846 0.159202
847 0.168526
848 0.182205
849 0.18845
850 0.180438
851 0.168666
852 0.160971
853 0.166756
854 0.178541
855 0.186847
856 0.186868
857 0.171552
858 0.160742
859 0.161754
860 0.17491
861 0.1866
862 0.187275
863 0.171453
864 0.161524
865 0.165836
866 0.175873
867 0.187081
868 0.187075
869 0.177418
870 0.164817
871 0.162354
872 0.171293
873 0.182518
874 0.187702
875 0.178732
876 0.163778
877 0.159994
878 0.167771
879 0.186164
880 0.190516
881 0.178337
882 0.166662
883 0.160818
884 0.168501
885 0.181965
886 0.186244
887 0.18225
888 0.170656
889 0.160192
890 0.164879
891 0.178896
892 0.189612
893 0.184234
894 0.168991
895 0.16058
896 0.166802
897 0.177508
898 0.188519
899 0.182784
900 0.173248
901 0.160462
902 0.161679
903 0.177087
904 0.188134
905 0.186969
906 0.17364
907 0.16213
908 0.163778
909 0.177803
910 0.18798
911 0.18725
912 0.170784
913 0.15885
914 0.168183
915 0.177651
916 0.1867
917 0.184966
918 0.174155
919 0.165447
920 0.161923
921 0.175102
922 0.18211
923 0.186539
924 0.177374
925 0.161446
926 0.161672
927 0.170013
928 0.187244
929 0.187841
930 0.177577
931 0.163908
932 0.161402
933 0.171406
934 0.181347
935 0.186235
936 0.182545
937 0.167997
938 0.160775
939 0.162654
940 0.176726
941 0.189761
942 0.183919
943 0.168726
944 0.162164
945 0.162661
946 0.175229
947 0.184737
948 0.185126
949 0.177722
950 0.165122
951 0.159712
952 0.170114
953 0.185118
954 0.186031
955 0.180151
956 0.163693
957 0.158182
958 0.168782
959 0.183475
960 0.18848
961 0.18202
962 0.169195
963 0.161432
964 0.166456
965 0.178966
966 0.188884
967 0.184019
968 0.169523
969 0.160073
970 0.168969
971 0.180525
972 0.187917
973 0.182416
974 0.16597
975 0.160102
976 0.166266
977 0.180099
978 0.190359
979 0.182558
980 0.171706
981 0.162032
982 0.163995
983 0.179243
984 0.186801
985 0.185846
986 0.172458
987 0.159769
988 0.161124
989 0.172724
990 0.188884
991 0.185416
992 0.173681
993 0.162287
994 0.164031
995 0.174869
996 0.184508
997 0.18638
998 0.179691
999 0.168643
1000 0.161798
1001 0.169909
1002 0.182271
1003 0.187897
1004 0.183323
1005 0.163668
1006 0.161396
1007 0.166992
1008 0.181925
1009 0.188793
1010 0.181156
1011 0.166616
1012 0.164803
1013 0.167333
1014 0.178385
1015 0.188002
1016 0.184626
1017 0.172502
1018 0.160057
1019 0.164056
1020 0.174138
1021 0.189138
1022 0.184964
1023 0.17047
1024 0.161131
1025 0.162853
1026 0.173066
1027 0.186795
1028 0.185829
1029 0.178303
1030 0.163811
1031 0.159889
1032 0.169657
1033 0.180687
1034 0.187261
1035 0.180521
1036 0.16657
1037 0.15975
1038 0.170643
1039 0.184167
1040 0.189317
1041 0.179255
1042 0.166488
1043 0.163993
1044 0.168917
1045 0.177357
1046 0.185409
1047 0.185298
1048 0.171902
1049 0.160666
1050 0.164852
1051 0.175192
1052 0.187189
1053 0.187568
1054 0.171122
1055 0.162836
1056 0.166295
1057 0.181354
1058 0.186267
1059 0.184235
1060 0.171821
1061 0.162168
1062 0.165709
1063 0.17542
1064 0.183881
1065 0.187898
1066 0.174905
1067 0.160016
1068 0.162671
1069 0.170543
1070 0.186564
1071 0.190432
1072 0.174863
1073 0.165918
1074 0.160079
1075 0.170993
1076 0.186775
1077 0.187743
1078 0.178515
1079 0.163994
1080 0.1599
1081 0.172976
1082 0.181525
1083 0.188719
1084 0.179811
1085 0.164833
1086 0.159998
1087 0.167551
1088 0.185351
1089 0.189938
1090 0.178024
1091 0.165715
1092 0.161135
1093 0.171772
1094 0.179913
1095 0.186792
1096 0.182157
1097 0.170225
1098 0.15999
1099 0.169049
1100 0.175906
1101 0.187778
1102 0.185857
1103 0.168121
1104 0.15879
1105 0.166511
1106 0.180895
1107 0.188202
1108 0.184666
1109 0.173589
1110 0.160225
1111 0.164542
1112 0.178242
1113 0.186141
1114 0.184195
1115 0.172049
1116 0.162082
1117 0.162074
1118 0.172748
1119 0.185576
1120 0.186297
1121 0.17427
1122 0.160368
1123 0.164581
1124 0.178405
1125 0.185676
1126 0.188221
1127 0.177076
1128 0.165138
1129 0.164363
1130 0.172691
1131 0.185266
1132 0.187092
1133 0.17784
1134 0.161415
1135 0.159611
1136 0.173327
1137 0.184181
1138 0.189771
1139 0.177354
1140 0.164726
1141 0.164171
1142 0.175407
1143 0.184357
1144 0.185731
1145 0.18015
1146 0.164197
1147 0.161898
1148 0.168718
1149 0.183286
1150 0.189878
1151 0.179123
1152 0.165277
1153 0.160103
1154 0.169077
1155 0.186765
1156 0.187897
1157 0.178582
1158 0.167317
1159 0.163878
1160 0.168832
1161 0.18044
1162 0.187975
1163 0.183966
1164 0.168876
1165 0.158029
1166 0.167183
1167 0.175267
1168 0.188728
1169 0.184248
1170 0.16948
1171 0.160722
1172 0.167291
1173 0.178538
1174 0.188913
1175 0.185466
1176 0.172629
1177 0.161633
1178 0.163535
1179 0.174549
1180 0.185683
1181 0.18527
1182 0.174689
1183 0.161616
1184 0.161554
1185 0.172646
1186 0.185798
1187 0.187408
1188 0.175753
1189 0.161956
1190 0.163877
1191 0.177801
1192 0.183686
1193 0.184852
1194 0.179776
1195 0.165139
1196 0.160802
1197 0.173453
1198 0.182664
1199 0.189876
1200 0.180531
1201 0.162863
1202 0.15854
1203 0.169516
1204 0.182933
1205 0.187462
1206 0.179278
1207 0.170592
1208 0.161891
1209 0.163401
1210 0.179071
1211 0.186113
1212 0.183105
1213 0.173191
1214 0.159184
1215 0.163205
1216 0.171181
1217 0.188762
1218 0.187674
1219 0.173769
1220 0.162688
1221 0.166247
1222 0.176364
1223 0.18507
1224 0.185322
1225 0.176718
1226 0.165809
1227 0.161456
1228 0.170202
1229 0.182787
1230 0.187228
1231 0.18091
1232 0.164978
1233 0.157802
1234 0.171511
1235 0.186586
1236 0.189752
1237 0.180331
1238 0.167973
1239 0.164059
1240 0.168409
1241 0.181546
1242 0.188423
1243 0.179303
1244 0.168716
1245 0.159234
1246 0.168461
1247 0.179909
1248 0.186972
1249 0.183842
1250 0.166282
1251 0.159595
1252 0.166932
1253 0.180115
1254 0.190603
1255 0.183172
1256 0.172028
1257 0.161872
1258 0.163025
1259 0.17678
1260 0.18579
1261 0.184776
1262 0.171361
1263 0.162962
1264 0.162817
1265 0.177091
1266 0.189375
1267 0.186538
1268 0.169726
1269 0.161224
1270 0.163132
1271 0.176262
1272 0.186879
1273 0.188709
1274 0.174953
1275 0.166031
1276 0.165297
1277 0.173881
1278 0.18548
1279 0.189224
1280 0.175959
1281 0.161169
1282 0.158987
1283 0.174123
1284 0.183926
1285 0.188681
1286 0.175915
1287 0.166433
1288 0.161315
1289 0.172468
1290 0.186859
1291 0.185826
1292 0.178828
1293 0.163971
1294 0.160099
1295 0.169862
1296 0.184498
1297 0.188317
1298 0.180892
1299 0.164119
1300 0.158125
1301 0.171174
1302 0.182272
1303 0.188111
1304 0.181023
1305 0.167525
1306 0.161534
1307 0.167985
1308 0.178447
1309 0.184094
1310 0.182376
1311 0.172328
1312 0.15949
1313 0.162008
1314 0.17687
1315 0.188383
1316 0.185881
1317 0.171553
1318 0.164666
1319 0.159807
1320 0.17116
1321 0.186495
1322 0.186388
1323 0.176508
1324 0.164499
1325 0.160031
1326 0.171648
1327 0.1806
1328 0.188607
1329 0.180036
1330 0.164823
1331 0.158438
1332 0.165767
1333 0.183175
1334 0.189259
1335 0.182087
1336 0.16715
1337 0.161573
1338 0.166178
1339 0.178808
1340 0.185608
1341 0.186126
1342 0.172481
1343 0.158748
1344 0.162955
1345 0.178773
1346 0.188535
1347 0.184067
1348 0.171548
1349 0.159962
1350 0.165548
1351 0.177002
1352 0.185663
1353 0.18642
1354 0.175963
1355 0.164768
1356 0.164169
1357 0.172744
1358 0.186315
1359 0.186373
1360 0.176139
1361 0.161496
1362 0.158487
1363 0.171489
1364 0.183234
1365 0.18994
1366 0.176877
1367 0.167029
1368 0.163616
1369 0.16939
1370 0.183203
1371 0.189389
1372 0.181544
1373 0.167931
1374 0.161211
1375 0.16871
1376 0.17786
1377 0.189392
1378 0.182231
1379 0.165114
1380 0.161039
1381 0.167992
1382 0.182614
1383 0.188724
1384 0.184238
1385 0.16915
1386 0.16165
1387 0.169912
1388 0.178964
1389 0.189122
1390 0.184447
1391 0.170057
1392 0.16058
1393 0.163206
1394 0.17882
1395 0.189896
1396 0.184024
1397 0.169002
1398 0.161069
1399 0.1645
1400 0.179234
1401 0.188281
1402 0.182543
1403 0.174605
1404 0.163481
1405 0.161686
1406 0.176633
1407 0.187969
1408 0.186192
1409 0.173773
1410 0.160862
1411 0.163726
1412 0.171307
1413 0.189277
1414 0.187196
1415 0.172939
1416 0.162622
1417 0.162517
1418 0.171143
1419 0.18552
1420 0.188161
1421 0.176848
1422 0.165852
1423 0.163833
1424 0.168589
1425 0.182289
1426 0.187242
1427 0.180561
1428 0.164354
1429 0.158709
1430 0.166398
1431 0.18119
1432 0.190707
1433 0.179904
1434 0.171144
1435 0.162115
1436 0.163469
1437 0.180372
1438 0.186544
1439 0.183847
1440 0.170464
1441 0.159345
1442 0.163985
1443 0.17808
1444 0.18675
1445 0.185723
1446 0.171712
1447 0.161987
1448 0.166338
1449 0.180028
1450 0.191454
1451 0.182266
1452 0.172779
1453 0.161113
1454 0.163915
1455 0.177874
1456 0.184349
1457 0.186969
1458 0.171281
1459 0.160007
1460 0.164478
1461 0.174106
1462 0.188911
1463 0.187504
1464 0.173287
1465 0.161977
1466 0.164062
1467 0.179051
1468 0.186454
1469 0.186063
1470 0.174939
1471 0.161929
1472 0.161319
1473 0.177006
1474 0.184806
1475 0.186364
1476 0.177901
1477 0.162737
1478 0.163051
1479 0.176136
1480 0.189531
1481 0.187301
1482 0.172017
1483 0.16206
1484 0.164091
1485 0.178713
1486 0.187053
1487 0.184227
1488 0.17635
1489 0.164508
1490 0.159481
1491 0.171617
1492 0.181174
1493 0.189366
1494 0.177326
1495 0.164341
1496 0.159692
1497 0.170484
1498 0.182684
1499 0.189153
1500 0.179303
1501 0.168089
1502 0.161148
1503 0.167833
1504 0.181915
1505 0.187193
1506 0.182867
1507 0.169742
1508 0.160364
1509 0.16492
1510 0.175647
1511 0.188205
1512 0.186697
1513 0.17003
1514 0.161845
1515 0.166411
1516 0.179933
1517 0.190295
1518 0.182253
1519 0.170897
1520 0.1619
1521 0.161971
1522 0.173683
1523 0.184115
1524 0.186438
1525 0.174325
1526 0.161485
1527 0.161083
1528 0.170554
1529 0.186208
1530 0.190298
1531 0.175651
1532 0.166092
1533 0.162556
1534 0.172499
1535 0.186715
1536 0.186039
1537 0.178044
1538 0.164943
1539 0.161511
1540 0.170277
1541 0.181387
1542 0.187773
1543 0.181253
1544 0.163943
1545 0.159608
1546 0.164873
1547 0.183272
1548 0.189551
1549 0.183259
1550 0.16784
1551 0.162028
1552 0.16609
1553 0.179714
1554 0.188613
1555 0.183785
1556 0.173647
1557 0.161186
1558 0.165225
1559 0.174613
1560 0.18789
1561 0.185148
1562 0.170448
1563 0.161384
1564 0.166324
1565 0.179224
1566 0.189629
1567 0.183569
1568 0.17122
1569 0.164958
1570 0.164029
1571 0.172775
1572 0.183278
1573 0.186894
1574 0.176779
1575 0.163239
1576 0.161045
1577 0.169866
1578 0.185966
1579 0.189784
1580 0.176291
1581 0.16405
1582 0.160718
1583 0.174133
1584 0.185152
1585 0.185913
1586 0.179947
1587 0.167102
1588 0.160209
1589 0.164837
1590 0.181908
1591 0.190891
1592 0.182892
1593 0.167287
1594 0.15904
1595 0.168513
1596 0.182424
1597 0.189637
1598 0.180853
1599 0.169318
1600 0.16366
1601 0.16573
1602 0.176141
1603 0.18771
1604 0.186006
1605 0.173445
1606 0.161087
1607 0.166219
1608 0.176329
1609 0.190659
1610 0.18605
1611 0.169775
1612 0.15911
1613 0.167046
1614 0.182354
1615 0.187925
1616 0.183487
1617 0.175451
1618 0.162502
1619 0.161139
1620 0.174084
1621 0.183153
1622 0.18538
1623 0.176958
1624 0.163852
1625 0.163275
1626 0.171205
1627 0.188482
1628 0.187341
1629 0.175605
1630 0.163382
1631 0.162059
1632 0.174411
1633 0.188192
1634 0.185122
1635 0.177762
1636 0.166854
1637 0.161461
1638 0.173152
1639 0.182954
1640 0.190144
1641 0.17805
1642 0.162891
1643 0.158316
1644 0.17158
1645 0.181897
1646 0.188995
1647 0.179132
1648 0.167615
1649 0.160313
1650 0.167863
1651 0.177666
1652 0.188478
1653 0.183851
1654 0.170451
1655 0.158858
1656 0.162199
1657 0.171428
1658 0.185857
1659 0.186111
1660 0.172902
1661 0.163014
1662 0.163387
1663 0.171525
1664 0.183117
1665 0.187562
1666 0.17998
1667 0.166132
1668 0.160928
1669 0.165834
1670 0.183079
1671 0.188028
1672 0.183062
1673 0.16507
1674 0.162627
1675 0.168309
1676 0.179863
1677 0.191208
1678 0.180148
1679 0.167255
1680 0.161028
1681 0.169652
1682 0.179237
1683 0.189276
1684 0.182796
1685 0.169933
1686 0.159956
1687 0.163107
1688 0.176875
1689 0.189412
1690 0.184712
1691 0.169948
1692 0.160456
1693 0.165214
1694 0.180382
1695 0.188902
1696 0.185144
1697 0.172139
1698 0.163971
1699 0.165286
1700 0.173214
1701 0.184178
1702 0.187192
1703 0.175889
1704 0.162764
1705 0.160595
1706 0.175013
1707 0.185055
1708 0.188239
1709 0.174382
1710 0.16489
1711 0.160178
1712 0.17114
1713 0.188531
1714 0.184947
1715 0.179562
1716 0.166415
1717 0.16028
1718 0.16968
1719 0.179603
1720 0.190058
1721 0.179935
1722 0.165401
1723 0.161291
1724 0.170278
1725 0.181173
1726 0.187773
1727 0.180901
1728 0.16932
1729 0.159084
1730 0.16563
1731 0.184383
1732 0.18827
1733 0.182711
1734 0.167763
1735 0.160387
1736 0.164302
1737 0.17683
1738 0.187476
1739 0.185632
1740 0.168661
1741 0.161873
1742 0.164382
1743 0.182434
1744 0.186994
1745 0.18306
1746 0.172932
1747 0.160398
1748 0.162245
1749 0.1768
1750 0.188108
1751 0.185104
1752 0.175145
1753 0.160102
1754 0.163096
1755 0.17438
1756 0.188446
1757 0.188031
1758 0.171591
1759 0.163504
1760 0.16125
1761 0.17291
1762 0.184416
1763 0.18796
1764 0.17678
1765 0.165294
1766 0.162977
1767 0.17241
1768 0.181189
1769 0.189607
1770 0.177867
1771 0.161233
1772 0.162141
1773 0.170764
1774 0.186953
1775 0.190272
1776 0.177345
1777 0.168
1778 0.163693
1779 0.171339
1780 0.187249
1781 0.187388
1782 0.178886
1783 0.166844
1784 0.15975
1785 0.168256
1786 0.17837
1787 0.188951
1788 0.183487
1789 0.166095
1790 0.159131
1791 0.169585
1792 0.179738
1793 0.186748
1794 0.182754
1795 0.171277
1796 0.16096
1797 0.162619
1798 0.177575
1799 0.187235
1800 0.185061
1801 0.172232
1802 0.160975
1803 0.162696
1804 0.171745
1805 0.188697
1806 0.187139
1807 0.171699
1808 0.164229
1809 0.16185
1810 0.174632
1811 0.188828
1812 0.186291
1813 0.177365
1814 0.164674
1815 0.161885
1816 0.173494
1817 0.181807
1818 0.189465
1819 0.178556
1820 0.163249
1821 0.158345
1822 0.169615
1823 0.18636
1824 0.187009
1825 0.180405
1826 0.167048
1827 0.163572
1828 0.167905
1829 0.181933
1830 0.186069
1831 0.180954
1832 0.169523
1833 0.160688
1834 0.163857
1835 0.17398
1836 0.190937
1837 0.185213
1838 0.170745
1839 0.162313
1840 0.164315
1841 0.178199
1842 0.188571
1843 0.183709
1844 0.173055
1845 0.162481
1846 0.165579
1847 0.179092
1848 0.184677
1849 0.184975
1850 0.174779
1851 0.162677
1852 0.159846
1853 0.172476
1854 0.18812
1855 0.186297
1856 0.175368
1857 0.163321
1858 0.162669
1859 0.171563
1860 0.185449
1861 0.185399
1862 0.178518
1863 0.167253
1864 0.161224
1865 0.168245
1866 0.182531
1867 0.189648
1868 0.181879
1869 0.164592
1870 0.16142
1871 0.170891
1872 0.183076
1873 0.186759
1874 0.180131
1875 0.168079
1876 0.160789
1877 0.170518
1878 0.185704
1879 0.186149
1880 0.180593
1881 0.168992
1882 0.160773
1883 0.16582
1884 0.179189
1885 0.187944
1886 0.184578
1887 0.168498
1888 0.158533
1889 0.165103
1890 0.181426
1891 0.188167
1892 0.184211
1893 0.171914
1894 0.162941
1895 0.166526
1896 0.176622
1897 0.185559
1898 0.185544
1899 0.171875
1900 0.159805
1901 0.162202
1902 0.174158
1903 0.187218
1904 0.187205
1905 0.173084
1906 0.163449
1907 0.159965
1908 0.171222
1909 0.183529
1910 0.1886
1911 0.177607
1912 0.166044
1913 0.160603
1914 0.169521
1915 0.183214
1916 0.188902
1917 0.179593
1918 0.164083
1919 0.160559
1920 0.165852
1921 0.182361
1922 0.190347
1923 0.180379
1924 0.16715
1925 0.16397
1926 0.169157
1927 0.181773
1928 0.187273
1929 0.18208
1930 0.170132
1931 0.159237
1932 0.163171
1933 0.177653
1934 0.187707
1935 0.18607
1936 0.169756
1937 0.163074
1938 0.165121
1939 0.179772
1940 0.19006
1941 0.182434
1942 0.17191
1943 0.160412
1944 0.160814
1945 0.177905
1946 0.18646
1947 0.186738
1948 0.174104
1949 0.159715
1950 0.16015
1951 0.174958
1952 0.185475
1953 0.187892
1954 0.174523
1955 0.16291
1956 0.16365
1957 0.171257
1958 0.186323
1959 0.187327
1960 0.179483
1961 0.165708
1962 0.161488
1963 0.171012
1964 0.183481
1965 0.187902
1966 0.180247
1967 0.164188
1968 0.159291
1969 0.169776
1970 0.182992
1971 0.188765
1972 0.178697
1973 0.166527
1974 0.162937
1975 0.170093
1976 0.181777
1977 0.189261
1978 0.181764
1979 0.170661
1980 0.16265
1981 0.167469
1982 0.180624
1983 0.191318
1984 0.18208
1985 0.166419
1986 0.157711
1987 0.166524
1988 0.180353
1989 0.18882
1990 0.182673
1991 0.170966
1992 0.163142
1993 0.163183
1994 0.174702
1995 0.186458
1996 0.186907
1997 0.171664
1998 0.162395
1999 0.162187
2000 0.172234
2001 0.186756
2002 0.18607
2003 0.174458
2004 0.163674
2005 0.165449
2006 0.175966
2007 0.18996
2008 0.185123
2009 0.174388
2010 0.163432
2011 0.16184
2012 0.171381
2013 0.181297
2014 0.188455
2015 0.178745
2016 0.164239
2017 0.162087
2018 0.171396
2019 0.187521
2020 0.186702
2021 0.1771
2022 0.164075
2023 0.16136
2024 0.172644
2025 0.183056
2026 0.186301
2027 0.18122
2028 0.169087
2029 0.158936
2030 0.168606
2031 0.181932
2032 0.187911
2033 0.183774
2034 0.16641
2035 0.1595
2036 0.16784
2037 0.181231
2038 0.188
2039 0.182947
2040 0.169748
2041 0.164117
2042 0.168733
2043 0.180821
2044 0.188078
2045 0.183892
2046 0.16959
2047 0.159206
2048 0.16417
2049 0.178337
2050 0.186455
2051 0.183163
2052 0.16889
2053 0.162178
2054 0.164057
2055 0.179613
2056 0.190694
2057 0.186205
2058 0.173187
2059 0.164878
2060 0.167468
2061 0.176823
2062 0.186432
2063 0.187358
2064 0.173869
2065 0.160876
2066 0.163032
2067 0.174021
2068 0.188884
2069 0.186751
2070 0.171008
2071 0.161989
2072 0.164129
2073 0.17401
2074 0.18573
2075 0.188729
2076 0.178043
2077 0.165637
2078 0.162102
2079 0.171979
2080 0.183707
2081 0.188199
2082 0.179464
2083 0.163996
2084 0.15972
2085 0.171139
2086 0.187063
2087 0.187746
2088 0.17612
2089 0.165825
2090 0.159819
2091 0.166121
2092 0.179538
2093 0.186959
2094 0.183501
2095 0.169159
2096 0.162238
2097 0.168274
2098 0.178554
2099 0
