0 3.44745
1 -19.4342
2 -15.9603
3 -18.1462
4 -12.7345
5 -7.81032
6 -3.93139
7 -2.34847
8 -0.229161
9 0.637474
10 -0.0567207
11 0.522956
12 0.66335
13 0.510143
14 0.454855
15 -1.31994
16 2.36486
17 1.43635
18 -2.28099
19 2.53677
20 0.536778
21 1.09762
22 0.144267
23 1.85577
24 5.40982
25 -2.46685
26 1.76749
27 2.14361
28 -0.553574
29 0.391188
30 0.579714
31 0.334214
32 -0.0884199
33 0.265153
34 0.163953
35 0.20833
36 0.187758
37 0.170952
38 0.179458
39 0.156559
40 0.160362
41 0.174439
42 0.160858
43 0.165995
44 0.160218
45 0.165616
46 0.18162
47 0.177482
48 0.168219
49 0.190375
50 0.179415
51 0.175575
52 0.17583
53 0.176708
54 0.175233
55 0.179854
56 0.187856
57 0.190485
58 0.201842
59 0.196608
60 0.207315
61 0.19373
62 0.1684
63 0.189931
64 0.169581
65 0.162994
66 0.161715
67 0.160002
68 0.174067
69 0.150473
70 0.165581
71 0.186006
72 0.164644
73 0.186035
74 0.180224
75 0.197867
76 0.192834
77 0.175312
78 0.179389
79 0.185239
80 0.176982
81 0.173529
82 0.163749
83 0.170998
84 0.157354
85 0.166135
86 0.165385
87 0.152775
88 0.178813
89 0.180105
90 0.166397
91 0.14494
92 0.190899
93 0.211721
94 0.183917
95 0.175985
96 0.162982
97 0.192978
98 0.171142
99 0.147794
100 0.172017
101 0.171268
102 0.169985
103 0.177241
104 0.164665
105 0.190324
106 0.20335
107 0.170221
108 0.194914
109 0.204942
110 0.204919
111 0.200433
112 0.17896
113 0.186155
114 0.184844
115 0.165448
116 0.159082
117 0.156296
118 0.169469
119 0.161538
120 0.158952
121 0.173128
122 0.17058
123 0.166766
124 0.174324
125 0.165181
126 0.157611
127 0.151443
128 0.176232
129 0.171423
130 0.152367
131 0.169849
132 0.189698
133 0.185598
134 0.191649
135 0.195537
136 0.180827
137 0.171982
138 0.16439
139 0.163154
140 0.155149
141 0.162537
142 0.167011
143 0.156975
144 0.186847
145 0.17645
146 0.151817
147 0.180093
148 0.197686
149 0.180009
150 0.188004
151 0.188625
152 0.204335
153 0.202033
154 0.183453
155 0.169629
156 0.201511
157 0.169104
158 0.145013
159 0.183802
160 0.164271
161 0.151948
162 0.186399
163 0.179182
164 0.16055
165 0.173022
166 0.193434
167 0.165155
168 0.170783
169 0.18083
170 0.154648
171 0.174382
172 0.167152
173 0.154153
174 0.189338
175 0.166147
176 0.168864
177 0.166448
178 0.161212
179 0.158578
180 0.159893
181 0.193129
182 0.178989
183 0.170909
184 0.171284
185 0.170259
186 0.154494
187 0.149527
188 0.152419
189 0.146658
190 0.170085
191 0.179822
192 0.163518
193 0.15509
194 0.182978
195 0.172111
196 0.155095
197 0.166142
198 0.159066
199 0.159968
200 0.162241
201 0.167994
202 0.156523
203 0.1655
204 0.17086
205 0.165484
206 0.159711
207 0.171779
208 0.173035
209 0.158131
210 0.17036
211 0.164996
212 0.167114
213 0.158304
214 0.163913
215 0.168663
216 0.164176
217 0.18677
218 0.183159
219 0.171589
220 0.177219
221 0.175702
222 0.170142
223 0.176862
224 0.159355
225 0.17125
226 0.195487
227 0.16419
228 0.182762
229 0.178002
230 0.161944
231 0.177602
232 0.168094
233 0.166028
234 0.195046
235 0.174037
236 0.184623
237 0.17616
238 0.17382
239 0.175849
240 0.15169
241 0.184582
242 0.164632
243 0.156115
244 0.166887
245 0.162855
246 0.168482
247 0.153389
248 0.16589
249 0.173831
250 0.16702
251 0.18028
252 0.17461
253 0.17006
254 0.201192
255 0.191343
256 0.173443
257 0.187778
258 0.175779
259 0.18698
260 0.19775
261 0.173312
262 0.185902
263 0.175834
264 0.192428
265 0.203661
266 0.169788
267 0.186914
268 0.21048
269 0.202833
270 0.19438
271 0.184373
272 0.167603
273 0.170022
274 0.174334
275 0.164811
276 0.167732
277 0.183776
278 0.179373
279 0.191901
280 0.176817
281 0.164572
282 0.196067
283 0.165017
284 0.152717
285 0.164114
286 0.16334
287 0.150738
288 0.157048
289 0.160283
290 0.161802
291 0.182349
292 0.183121
293 0.191169
294 0.18776
295 0.187342
296 0.180798
297 0.173772
298 0.162084
299 0.15824
300 0.164074
301 0.168829
302 0.170208
303 0.162606
304 0.171718
305 0.188399
306 0.163729
307 0.165967
308 0.199575
309 0.164691
310 0.191741
311 0.20558
312 0.179593
313 0.173601
314 0.184732
315 0.174803
316 0.168015
317 0.167154
318 0.176835
319 0.179276
320 0.181337
321 0.193813
322 0.198454
323 0.204308
324 0.206762
325 0.180634
326 0.202687
327 0.204914
328 0.177729
329 0.202928
330 0.213389
331 0.196006
332 0.202525
333 0.219479
334 0.195433
335 0.200543
336 0.174736
337 0.168958
338 0.161542
339 0.160073
340 0.161411
341 0.162755
342 0.191729
343 0.167622
344 0.191028
345 0.195368
346 0.166409
347 0.171372
348 0.165536
349 0.172712
350 0.169897
351 0.156967
352 0.18196
353 0.175196
354 0.162076
355 0.157527
356 0.173979
357 0.158089
358 0.157558
359 0.175854
360 0.166142
361 0.154669
362 0.174086
363 0.15203
364 0.167012
365 0.184804
366 0.182907
367 0.185315
368 0.189602
369 0.179779
370 0.170092
371 0.176282
372 0.161151
373 0.161251
374 0.159161
375 0.152801
376 0.153235
377 0.159696
378 0.165416
379 0.151082
380 0.177813
381 0.172524
382 0.156168
383 0.167264
384 0.159894
385 0.148476
386 0.17004
387 0.149975
388 0.171419
389 0.173786
390 0.1544
391 0.185833
392 0.201495
393 0.173576
394 0.185296
395 0.180502
396 0.172611
397 0.172204
398 0.159188
399 0.161519
400 0.164947
401 0.171617
402 0.181496
403 0.176529
404 0.193831
405 0.202416
406 0.205667
407 0.215472
408 0.184996
409 0.202076
410 0.228562
411 0.193843
412 0.20486
413 0.187001
414 0.18252
415 0.200477
416 0.186981
417 0.173788
418 0.174241
419 0.182913
420 0.189075
421 0.167799
422 0.165649
423 0.194492
424 0.177482
425 0.163823
426 0.168468
427 0.167792
428 0.170142
429 0.154981
430 0.156141
431 0.173892
432 0.180554
433 0.19182
434 0.173575
435 0.193637
436 0.187117
437 0.157922
438 0.179424
439 0.167446
440 0.169736
441 0.189385
442 0.175312
443 0.167235
444 0.163301
445 0.156793
446 0.149676
447 0.151504
448 0.155895
449 0.149989
450 0.145208
451 0.183248
452 0.159703
453 0.143245
454 0.168721
455 0.178892
456 0.154268
457 0.169675
458 0.198924
459 0.168806
460 0.172882
461 0.180148
462 0.159163
463 0.172521
464 0.180152
465 0.16724
466 0.171745
467 0.172052
468 0.204576
469 0.167666
470 0.182916
471 0.19448
472 0.167042
473 0.189137
474 0.167582
475 0.173115
476 0.163544
477 0.149102
478 0.179563
479 0.171787
480 0.167041
481 0.175929
482 0.188506
483 0.173585
484 0.172927
485 0.192664
486 0.173634
487 0.168921
488 0.181363
489 0.185411
490 0.173888
491 0.191418
492 0.188507
493 0.178998
494 0.181719
495 0.213286
496 0.183332
497 0.183119
498 0.169129
499 0.184632
500 0.171459
501 0.163308
502 0.161662
503 0.1613
504 0.16488
505 0.166176
506 0.167551
507 0.177883
508 0.17442
509 0.161849
510 0.167121
511 0.159754
512 0.161429
513 0.16517
514 0.169228
515 0.164522
516 0.200406
517 0.186307
518 0.193861
519 0.189772
520 0.17577
521 0.175495
522 0.170222
523 0.154212
524 0.177517
525 0.173742
526 0.167064
527 0.158432
528 0.175561
529 0.17297
530 0.157152
531 0.15519
532 0.148277
533 0.169846
534 0.172223
535 0.156797
536 0.181503
537 0.195178
538 0.163024
539 0.19772
540 0.165753
541 0.16412
542 0.179034
543 0.153813
544 0.191561
545 0.161621
546 0.154893
547 0.16766
548 0.1567
549 0.168483
550 0.160609
551 0.14926
552 0.177854
553 0.184341
554 0.159514
555 0.148518
556 0.179907
557 0.166312
558 0.1635
559 0.159053
560 0.172798
561 0.171955
562 0.165708
563 0.1977
564 0.175613
565 0.194783
566 0.188277
567 0.186416
568 0.187231
569 0.180272
570 0.177015
571 0.159364
572 0.193748
573 0.175406
574 0.176312
575 0.184806
576 0.193916
577 0.208635
578 0.200876
579 0.17681
580 0.173743
581 0.191381
582 0.167132
583 0.165662
584 0.182811
585 0.182593
586 0.170283
587 0.186856
588 0.184505
589 0.183159
590 0.16765
591 0.163859
592 0.187589
593 0.16734
594 0.166687
595 0.163332
596 0.164903
597 0.166478
598 0.150761
599 0.170266
600 0.1611
601 0.16503
602 0.180831
603 0.174366
604 0.170212
605 0.156122
606 0.154287
607 0.172871
608 0.151574
609 0.157874
610 0.169327
611 0.160606
612 0.178522
613 0.163296
614 0.160034
615 0.155772
616 0.164845
617 0.17987
618 0.158221
619 0.15313
620 0.158922
621 0.167249
622 0.157459
623 0.169401
624 0.169789
625 0.178733
626 0.171886
627 0.151642
628 0.175454
629 0.165242
630 0.15869
631 0.181976
632 0.16534
633 0.182241
634 0.17781
635 0.164547
636 0.161009
637 0.171262
638 0.152678
639 0.151951
640 0.15588
641 0.150302
642 0.156916
643 0.157426
644 0.152866
645 0.167888
646 0.180144
647 0.162857
648 0.160226
649 0.162096
650 0.163889
651 0.158748
652 0.161302
653 0.181318
654 0.179912
655 0.175876
656 0.200748
657 0.198696
658 0.166905
659 0.164129
660 0.175805
661 0.176299
662 0.158617
663 0.150969
664 0.172044
665 0.174455
666 0.157444
667 0.162351
668 0.191507
669 0.163541
670 0.179161
671 0.183055
672 0.158763
673 0.184271
674 0.19715
675 0.161724
676 0.173662
677 0.207937
678 0.185019
679 0.187486
680 0.173472
681 0.190559
682 0.185898
683 0.15644
684 0.176156
685 0.182527
686 0.165436
687 0.191628
688 0.19125
689 0.190941
690 0.162929
691 0.192916
692 0.189591
693 0.173326
694 0.171235
695 0.190374
696 0.188904
697 0.171343
698 0.194517
699 0.177946
700 0.185526
701 0.186361
702 0.174706
703 0.171723
704 0.162811
705 0.183869
706 0.165849
707 0.154631
708 0.181541
709 0.172947
710 0.157829
711 0.161058
712 0.171013
713 0.174193
714 0.148949
715 0.159972
716 0.160246
717 0.143899
718 0.154668
719 0.155895
720 0.147212
721 0.16929
722 0.166114
723 0.174284
724 0.16438
725 0.162946
726 0.161505
727 0.160299
728 0.174692
729 0.160681
730 0.169394
731 0.166309
732 0.174754
733 0.185653
734 0.181025
735 0.158206
736 0.17407
737 0.188907
738 0.170503
739 0.181192
740 0.167473
741 0.192707
742 0.17584
743 0.158762
744 0.156989
745 0.157627
746 0.163653
747 0.166118
748 0.154675
749 0.178044
750 0.191187
751 0.198371
752 0.189068
753 0.185909
754 0.166965
755 0.193577
756 0.187733
757 0.169884
758 0.190858
759 0.212554
760 0.197621
761 0.190228
762 0.213287
763 0.209358
764 0.186182
765 0.177851
766 0.168576
767 0.170671
768 0.176279
769 0.166184
770 0.182803
771 0.187624
772 0.17095
773 0.198396
774 0.185873
775 0.160027
776 0.159086
777 0.189497
778 0.161941
779 0.159194
780 0.185493
781 0.174282
782 0.17297
783 0.168119
784 0.193076
785 0.192155
786 0.168092
787 0.200039
788 0.178708
789 0.188414
790 0.186749
791 0.169368
792 0.182152
793 0.172902
794 0.166875
795 0.156468
796 0.16464
797 0.170415
798 0.167336
799 0.175177
800 0.154999
801 0.172219
802 0.189745
803 0.176748
804 0.171522
805 0.183374
806 0.177595
807 0.160935
808 0.187731
809 0.160711
810 0.155476
811 0.176198
812 0.176809
813 0.162618
814 0.173751
815 0.15708
816 0.145354
817 0.168441
818 0.157836
819 0.162834
820 0.168679
821 0.185822
822 0.210696
823 0.182488
824 0.165745
825 0.201344
826 0.194085
827 0.165598
828 0.189996
829 0.164619
830 0.158051
831 0.187753
832 0.166579
833 0.15047
834 0.173917
835 0.157839
836 0.14182
837 0.175766
838 0.166985
839 0.150545
840 0.182135
841 0.170637
842 0.177197
843 0.186452
844 0.171726
845 0.163138
846 0.168635
847 0.180264
848 0.164685
849 0.172363
850 0.167196
851 0.178962
852 0.179075
853 0.165926
854 0.167843
855 0.171812
856 0.175508
857 0.172184
858 0.174296
859 0.197928
860 0.172226
861 0.163861
862 0.188697
863 0.156319
864 0.181198
865 0.188001
866 0.18438
867 0.183075
868 0.173621
869 0.200385
870 0.169986
871 0.160663
872 0.173056
873 0.172565
874 0.161556
875 0.159274
876 0.174387
877 0.179037
878 0.168414
879 0.163848
880 0.188826
881 0.190899
882 0.189127
883 0.169172
884 0.195281
885 0.187387
886 0.185229
887 0.168611
888 0.151054
889 0.152208
890 0.167774
891 0.154019
892 0.158638
893 0.175329
894 0.150143
895 0.192708
896 0.178901
897 0.160962
898 0.161299
899 0.16246
900 0.150413
901 0.145766
902 0.158088
903 0.157426
904 0.185035
905 0.213964
906 0.199461
907 0.168697
908 0.170677
909 0.209613
910 0.172349
911 0.171336
912 0.196815
913 0.178615
914 0.170911
915 0.190067
916 0.168691
917 0.164445
918 0.179415
919 0.18058
920 0.17745
921 0.168679
922 0.170973
923 0.194237
924 0.157483
925 0.16144
926 0.16242
927 0.169315
928 0.16094
929 0.160285
930 0.182144
931 0.174697
932 0.197803
933 0.177409
934 0.165441
935 0.184172
936 0.170648
937 0.170666
938 0.192179
939 0.166137
940 0.168692
941 0.190906
942 0.160118
943 0.181003
944 0.188221
945 0.176428
946 0.197571
947 0.199367
948 0.197462
949 0.199662
950 0.186375
951 0.186896
952 0.195819
953 0.190321
954 0.171788
955 0.161011
956 0.198746
957 0.171492
958 0.165715
959 0.185881
960 0.177293
961 0.165759
962 0.170286
963 0.190476
964 0.159265
965 0.17595
966 0.195774
967 0.162946
968 0.178613
969 0.185816
970 0.156639
971 0.166315
972 0.166626
973 0.162122
974 0.154526
975 0.170778
976 0.199062
977 0.176861
978 0.188353
979 0.197283
980 0.175479
981 0.205906
982 0.184716
983 0.162462
984 0.174578
985 0.174941
986 0.162389
987 0.166848
988 0.196509
989 0.195176
990 0.200647
991 0.172114
992 0.170347
993 0.201354
994 0.176527
995 0.156723
996 0.1797
997 0.191593
998 0.171994
999 0.171172
1000 0.182118
1001 0.168441
1002 0.16739
1003 0.169949
1004 0.162057
1005 0.157092
1006 0.150617
1007 0.158925
1008 0.155759
1009 0.158403
1010 0.183444
1011 0.160024
1012 0.192187
1013 0.195274
1014 0.199506
1015 0.183612
1016 0.180233
1017 0.182003
1018 0.174325
1019 0.175364
1020 0.163016
1021 0.166427
1022 0.192233
1023 0.17998
1024 0.171946
1025 0.185775
1026 0.165193
1027 0.204246
1028 0.175588
1029 0.149561
1030 0.174236
1031 0.166358
1032 0.151971
1033 0.168842
1034 0.187671
1035 0.187207
1036 0.203198
1037 0.195208
1038 0.202876
1039 0.176413
1040 0.169394
1041 0.186544
1042 0.16763
1043 0.170596
1044 0.165016
1045 0.186074
1046 0.195037
1047 0.172558
1048 0.167885
1049 0.174698
1050 0.166612
1051 0.150755
1052 0.174358
1053 0.16063
1054 0.14682
1055 0.171753
1056 0.165023
1057 0.172104
1058 0.174023
1059 0.172726
1060 0.189129
1061 0.184684
1062 0.188829
1063 0.18509
1064 0.184016
1065 0.203947
1066 0.183478
1067 0.195041
1068 0.205028
1069 0.169222
1070 0.193778
1071 0.183569
1072 0.164158
1073 0.163028
1074 0.16998
1075 0.160862
1076 0.153315
1077 0.173892
1078 0.177392
1079 0.166972
1080 0.176969
1081 0.171715
1082 0.169067
1083 0.158894
1084 0.178511
1085 0.174811
1086 0.169333
1087 0.200179
1088 0.204807
1089 0.203667
1090 0.201091
1091 0.188313
1092 0.171646
1093 0.188045
1094 0.186513
1095 0.166138
1096 0.160429
1097 0.196295
1098 0.179725
1099 0.164718
1100 0.175749
1101 0.170643
1102 0.163067
1103 0.161015
1104 0.148793
1105 0.158998
1106 0.169453
1107 0.165718
1108 0.164759
1109 0.189615
1110 0.203706
1111 0.181421
1112 0.167948
1113 0.183177
1114 0.167143
1115 0.155063
1116 0.168259
1117 0.155012
1118 0.152907
1119 0.168644
1120 0.147833
1121 0.156459
1122 0.164582
1123 0.164391
1124 0.175167
1125 0.155828
1126 0.187947
1127 0.199481
1128 0.181176
1129 0.167875
1130 0.1861
1131 0.203238
1132 0.167675
1133 0.189041
1134 0.179893
1135 0.163197
1136 0.198459
1137 0.171455
1138 0.165348
1139 0.170345
1140 0.172202
1141 0.182632
1142 0.171309
1143 0.174942
1144 0.171215
1145 0.177143
1146 0.172998
1147 0.166708
1148 0.165322
1149 0.150536
1150 0.173466
1151 0.160407
1152 0.150458
1153 0.173734
1154 0.169485
1155 0.175449
1156 0.163362
1157 0.176289
1158 0.17815
1159 0.168954
1160 0.162464
1161 0.151904
1162 0.193044
1163 0.172294
1164 0.179491
1165 0.203017
1166 0.19696
1167 0.193408
1168 0.20584
1169 0.196068
1170 0.179969
1171 0.171423
1172 0.171551
1173 0.176814
1174 0.159969
1175 0.160007
1176 0.186601
1177 0.175501
1178 0.168856
1179 0.160283
1180 0.168096
1181 0.167339
1182 0.15107
1183 0.16345
1184 0.159551
1185 0.172846
1186 0.196915
1187 0.175941
1188 0.159729
1189 0.161707
1190 0.167013
1191 0.155619
1192 0.154568
1193 0.189053
1194 0.167384
1195 0.167146
1196 0.192637
1197 0.169204
1198 0.148773
1199 0.161102
1200 0.161008
1201 0.15584
1202 0.167811
1203 0.163142
1204 0.185139
1205 0.19631
1206 0.184577
1207 0.185893
1208 0.180918
1209 0.166465
1210 0.174312
1211 0.168048
1212 0.154561
1213 0.159469
1214 0.167311
1215 0.16565
1216 0.17442
1217 0.184027
1218 0.163422
1219 0.194165
1220 0.194708
1221 0.164443
1222 0.165098
1223 0.199026
1224 0.183241
1225 0.164591
1226 0.185075
1227 0.179612
1228 0.192392
1229 0.165063
1230 0.184712
1231 0.195616
1232 0.156858
1233 0.191563
1234 0.176835
1235 0.15706
1236 0.18935
1237 0.165621
1238 0.160238
1239 0.168787
1240 0.178136
1241 0.172088
1242 0.18158
1243 0.200797
1244 0.179312
1245 0.176623
1246 0.190341
1247 0.152769
1248 0.169503
1249 0.17123
1250 0.161688
1251 0.15438
1252 0.168448
1253 0.167341
1254 0.151402
1255 0.154424
1256 0.163269
1257 0.151692
1258 0.148343
1259 0.169187
1260 0.158977
1261 0.170375
1262 0.17645
1263 0.175101
1264 0.1754
1265 0.181557
1266 0.177003
1267 0.191762
1268 0.168085
1269 0.149051
1270 0.152995
1271 0.144974
1272 0.14604
1273 0.154621
1274 0.144762
1275 0.154561
1276 0.158718
1277 0.147724
1278 0.148625
1279 0.171193
1280 0.147609
1281 0.159715
1282 0.16043
1283 0.148912
1284 0.170758
1285 0.16775
1286 0.153275
1287 0.159782
1288 0.164693
1289 0.174052
1290 0.170484
1291 0.170407
1292 0.195546
1293 0.197842
1294 0.174845
1295 0.191394
1296 0.200189
1297 0.172282
1298 0.179325
1299 0.185554
1300 0.15672
1301 0.165443
1302 0.160393
1303 0.155639
1304 0.163254
1305 0.169231
1306 0.165029
1307 0.153011
1308 0.182899
1309 0.178731
1310 0.162382
1311 0.195795
1312 0.198533
1313 0.202883
1314 0.199673
1315 0.168767
1316 0.177555
1317 0.167119
1318 0.166486
1319 0.174655
1320 0.164414
1321 0.168838
1322 0.193931
1323 0.161337
1324 0.167531
1325 0.199661
1326 0.166769
1327 0.161242
1328 0.174316
1329 0.176101
1330 0.17165
1331 0.176592
1332 0.174312
1333 0.155111
1334 0.182151
1335 0.156839
1336 0.148128
1337 0.150767
1338 0.150643
1339 0.159028
1340 0.15857
1341 0.16427
1342 0.164307
1343 0.178164
1344 0.160547
1345 0.166327
1346 0.174565
1347 0.153334
1348 0.155454
1349 0.164751
1350 0.156782
1351 0.156182
1352 0.156614
1353 0.17042
1354 0.171356
1355 0.186472
1356 0.166023
1357 0.181331
1358 0.192659
1359 0.179775
1360 0.192429
1361 0.186778
1362 0.200904
1363 0.173244
1364 0.168004
1365 0.187057
1366 0.157619
1367 0.159465
1368 0.171693
1369 0.155573
1370 0.175199
1371 0.175922
1372 0.164027
1373 0.165566
1374 0.182316
1375 0.192656
1376 0.172169
1377 0.178592
1378 0.187501
1379 0.165338
1380 0.202053
1381 0.18374
1382 0.15207
1383 0.204747
1384 0.203744
1385 0.173562
1386 0.182803
1387 0.169683
1388 0.181806
1389 0.164427
1390 0.170053
1391 0.185616
1392 0.161841
1393 0.190521
1394 0.192942
1395 0.181747
1396 0.192399
1397 0.182589
1398 0.205763
1399 0.176157
1400 0.186903
1401 0.189177
1402 0.164701
1403 0.168562
1404 0.171934
1405 0.186107
1406 0.172605
1407 0.193894
1408 0.17985
1409 0.192953
1410 0.177459
1411 0.178605
1412 0.183701
1413 0.159434
1414 0.17394
1415 0.182527
1416 0.164881
1417 0.178519
1418 0.181775
1419 0.176805
1420 0.182269
1421 0.176287
1422 0.17775
1423 0.179866
1424 0.182222
1425 0.201829
1426 0.180365
1427 0.160375
1428 0.168582
1429 0.166901
1430 0.153041
1431 0.161464
1432 0.174884
1433 0.174878
1434 0.183872
1435 0.183848
1436 0.189329
1437 0.199675
1438 0.200683
1439 0.203848
1440 0.219102
1441 0.190101
1442 0.188193
1443 0.213759
1444 0.175036
1445 0.163392
1446 0.167945
1447 0.166364
1448 0.15944
1449 0.151205
1450 0.154031
1451 0.15046
1452 0.154322
1453 0.14568
1454 0.164676
1455 0.16223
1456 0.142476
1457 0.171119
1458 0.157685
1459 0.144769
1460 0.151799
1461 0.153087
1462 0.145319
1463 0.158771
1464 0.164777
1465 0.163673
1466 0.171582
1467 0.166323
1468 0.164143
1469 0.160307
1470 0.150287
1471 0.153305
1472 0.16576
1473 0.149296
1474 0.155685
1475 0.17667
1476 0.157035
1477 0.176121
1478 0.175511
1479 0.169021
1480 0.169241
1481 0.173323
1482 0.155603
1483 0.162793
1484 0.166403
1485 0.157718
1486 0.166397
1487 0.154838
1488 0.160216
1489 0.179378
1490 0.154334
1491 0.160314
1492 0.171287
1493 0.163095
1494 0.162396
1495 0.175851
1496 0.192589
1497 0.159663
1498 0.200685
1499 0.195567
1500 0.187157
1501 0.194133
1502 0.198757
1503 0.19796
1504 0.177787
1505 0.185149
1506 0.169602
1507 0.152413
1508 0.165113
1509 0.158772
1510 0.150103
1511 0.186068
1512 0.167329
1513 0.196974
1514 0.186355
1515 0.159997
1516 0.176567
1517 0.177948
1518 0.164982
1519 0.173726
1520 0.185243
1521 0.193621
1522 0.185476
1523 0.158398
1524 0.160124
1525 0.155405
1526 0.158403
1527 0.16583
1528 0.160292
1529 0.18151
1530 0.196387
1531 0.190595
1532 0.163906
1533 0.171812
1534 0.18918
1535 0.154298
1536 0.152163
1537 0.161364
1538 0.146879
1539 0.14939
1540 0.155686
1541 0.15815
1542 0.150971
1543 0.174606
1544 0.171266
1545 0.155016
1546 0.162446
1547 0.194143
1548 0.178322
1549 0.184313
1550 0.191096
1551 0.168953
1552 0.181508
1553 0.172401
1554 0.156621
1555 0.179717
1556 0.164144
1557 0.176352
1558 0.171091
1559 0.168762
1560 0.167152
1561 0.179965
1562 0.161668
1563 0.158469
1564 0.177014
1565 0.164686
1566 0.147224
1567 0.17011
1568 0.18093
1569 0.151519
1570 0.181763
1571 0.195419
1572 0.180134
1573 0.178187
1574 0.184453
1575 0.176054
1576 0.149721
1577 0.176272
1578 0.161742
1579 0.144454
1580 0.171939
1581 0.17986
1582 0.155861
1583 0.160912
1584 0.185269
1585 0.177668
1586 0.1663
1587 0.178113
1588 0.181873
1589 0.183359
1590 0.17243
1591 0.172565
1592 0.179389
1593 0.174001
1594 0.177535
1595 0.173356
1596 0.18937
1597 0.196858
1598 0.170329
1599 0.176549
1600 0.183942
1601 0.179818
1602 0.169246
1603 0.173224
1604 0.167011
1605 0.166279
1606 0.17279
1607 0.159636
1608 0.154406
1609 0.165887
1610 0.174667
1611 0.170262
1612 0.16229
1613 0.159557
1614 0.160558
1615 0.156445
1616 0.145409
1617 0.153048
1618 0.156018
1619 0.168635
1620 0.159441
1621 0.194496
1622 0.184651
1623 0.188601
1624 0.186593
1625 0.167427
1626 0.189816
1627 0.181539
1628 0.169015
1629 0.154215
1630 0.158539
1631 0.168943
1632 0.155949
1633 0.161318
1634 0.163359
1635 0.157327
1636 0.170334
1637 0.182929
1638 0.17011
1639 0.16832
1640 0.175739
1641 0.162703
1642 0.158362
1643 0.167168
1644 0.158013
1645 0.195061
1646 0.183919
1647 0.173898
1648 0.203523
1649 0.191865
1650 0.175824
1651 0.163128
1652 0.187585
1653 0.175008
1654 0.150213
1655 0.165177
1656 0.159673
1657 0.151316
1658 0.166261
1659 0.16566
1660 0.167657
1661 0.174984
1662 0.186755
1663 0.167061
1664 0.163866
1665 0.167844
1666 0.146594
1667 0.155216
1668 0.167118
1669 0.155989
1670 0.175716
1671 0.158871
1672 0.187505
1673 0.193329
1674 0.158308
1675 0.168115
1676 0.174955
1677 0.16629
1678 0.164936
1679 0.169519
1680 0.169709
1681 0.191471
1682 0.187822
1683 0.166779
1684 0.194076
1685 0.17095
1686 0.16478
1687 0.171995
1688 0.169
1689 0.174306
1690 0.153173
1691 0.173291
1692 0.167281
1693 0.156806
1694 0.161484
1695 0.16213
1696 0.161526
1697 0.162966
1698 0.173581
1699 0.155572
1700 0.151335
1701 0.146685
1702 0.147946
1703 0.162788
1704 0.158212
1705 0.155216
1706 0.181424
1707 0.150804
1708 0.177343
1709 0.190565
1710 0.165213
1711 0.16574
1712 0.18963
1713 0.175961
1714 0.179909
1715 0.187458
1716 0.196999
1717 0.186145
1718 0.158248
1719 0.189079
1720 0.170046
1721 0.155864
1722 0.172728
1723 0.169767
1724 0.179358
1725 0.174566
1726 0.186363
1727 0.201411
1728 0.170779
1729 0.169005
1730 0.197912
1731 0.168334
1732 0.173235
1733 0.175042
1734 0.159078
1735 0.191838
1736 0.171958
1737 0.158019
1738 0.171703
1739 0.157472
1740 0.175501
1741 0.186415
1742 0.167401
1743 0.196318
1744 0.191952
1745 0.213167
1746 0.17734
1747 0.165616
1748 0.18159
1749 0.156923
1750 0.167424
1751 0.171822
1752 0.162302
1753 0.168296
1754 0.174482
1755 0.159908
1756 0.14611
1757 0.162669
1758 0.167307
1759 0.143834
1760 0.162086
1761 0.189523
1762 0.165096
1763 0.160762
1764 0.151287
1765 0.172698
1766 0.166192
1767 0.154943
1768 0.173655
1769 0.176505
1770 0.164775
1771 0.15993
1772 0.175718
1773 0.15006
1774 0.16139
1775 0.174295
1776 0.156897
1777 0.154869
1778 0.161899
1779 0.166214
1780 0.176137
1781 0.156061
1782 0.177771
1783 0.176044
1784 0.15562
1785 0.159255
1786 0.155799
1787 0.168886
1788 0.171319
1789 0.171571
1790 0.178935
1791 0.183791
1792 0.186278
1793 0.169161
1794 0.183354
1795 0.196173
1796 0.171626
1797 0.16201
1798 0.183429
1799 0.181213
1800 0.153878
1801 0.179698
1802 0.190531
1803 0.16377
1804 0.181996
1805 0.199653
1806 0.185481
1807 0.181972
1808 0.19892
1809 0.199099
1810 0.174907
1811 0.165659
1812 0.166048
1813 0.1682
1814 0.151953
1815 0.168602
1816 0.165462
1817 0.151692
1818 0.180977
1819 0.169358
1820 0.163627
1821 0.161531
1822 0.160706
1823 0.172222
1824 0.158378
1825 0.182753
1826 0.194803
1827 0.177683
1828 0.197486
1829 0.199332
1830 0.171088
1831 0.16117
1832 0.17628
1833 0.171323
1834 0.153111
1835 0.154569
1836 0.187193
1837 0.169479
1838 0.144637
1839 0.154254
1840 0.18929
1841 0.170171
1842 0.136319
1843 0.173952
1844 0.181325
1845 0.170671
1846 0.175706
1847 0.182053
1848 0.179883
1849 0.183773
1850 0.197864
1851 0.175469
1852 0.202435
1853 0.208446
1854 0.183605
1855 0.205609
1856 0.197187
1857 0.196747
1858 0.201013
1859 0.194103
1860 0.191825
1861 0.183224
1862 0.166544
1863 0.185634
1864 0.16914
1865 0.166365
1866 0.181874
1867 0.176959
1868 0.195429
1869 0.171557
1870 0.185745
1871 0.201452
1872 0.16708
1873 0.167632
1874 0.158321
1875 0.158096
1876 0.144094
1877 0.149826
1878 0.150043
1879 0.151319
1880 0.161177
1881 0.176115
1882 0.163791
1883 0.183589
1884 0.193771
1885 0.17715
1886 0.176781
1887 0.20424
1888 0.178877
1889 0.144803
1890 0.202902
1891 0.171339
1892 0.162122
1893 0.180758
1894 0.17356
1895 0.160747
1896 0.170987
1897 0.162932
1898 0.152348
1899 0.15169
1900 0.166409
1901 0.154567
1902 0.131868
1903 0.1802
1904 0.168182
1905 0.153337
1906 0.163182
1907 0.175125
1908 0.16109
1909 0.155536
1910 0.157175
1911 0.162681
1912 0.178668
1913 0.177023
1914 0.178961
1915 0.17166
1916 0.188904
1917 0.18728
1918 0.154942
1919 0.172824
1920 0.171092
1921 0.152271
1922 0.158105
1923 0.158515
1924 0.150689
1925 0.163918
1926 0.154684
1927 0.140283
1928 0.176999
1929 0.195743
1930 0.172425
1931 0.18387
1932 0.172429
1933 0.162124
1934 0.184705
1935 0.159414
1936 0.152006
1937 0.156874
1938 0.186669
1939 0.167612
1940 0.144758
1941 0.187789
1942 0.174919
1943 0.18567
1944 0.176835
1945 0.160012
1946 0.201711
1947 0.174216
1948 0.16369
1949 0.186642
1950 0.160758
1951 0.177532
1952 0.184125
1953 0.164476
1954 0.189602
1955 0.158697
1956 0.172997
1957 0.180588
1958 0.168844
1959 0.165042
1960 0.17446
1961 0.164437
1962 0.179935
1963 0.190224
1964 0.164363
1965 0.171249
1966 0.179977
1967 0.170649
1968 0.18537
1969 0.179935
1970 0.187374
1971 0.204682
1972 0.200731
1973 0.21018
1974 0.200005
1975 0.193345
1976 0.186816
1977 0.171899
1978 0.198206
1979 0.169935
1980 0.161084
1981 0.156291
1982 0.169776
1983 0.164278
1984 0.159297
1985 0.169187
1986 0.191717
1987 0.188926
1988 0.187426
1989 0.170385
1990 0.176594
1991 0.184579
1992 0.15101
1993 0.16805
1994 0.168418
1995 0.165151
1996 0.180272
1997 0.186443
1998 0.183437
1999 0.19098
2000 0.164631
2001 0.159511
2002 0.16209
2003 0.148413
2004 0.14247
2005 0.143271
2006 0.153818
2007 0.151951
2008 0.167413
2009 0.153697
2010 0.176808
2011 0.177297
2012 0.154051
2013 0.183182
2014 0.185707
2015 0.169345
2016 0.190472
2017 0.162151
2018 0.171915
2019 0.172521
2020 0.171446
2021 0.175692
2022 0.166931
2023 0.192692
2024 0.178482
2025 0.173415
2026 0.177243
2027 0.183912
2028 0.188793
2029 0.169607
2030 0.182936
2031 0.170958
2032 0.161542
2033 0.176167
2034 0.169283
2035 0.16839
2036 0.17815
2037 0.191847
2038 0.168145
2039 0.161686
2040 0.167446
2041 0.163016
2042 0.163802
2043 0.177527
2044 0.165617
2045 0.185904
2046 0.184394
2047 0.167339
2048 0.182977
2049 0.182374
2050 0.179274
2051 0.16596
2052 0.170143
2053 0.163485
2054 0.171384
2055 0.174935
2056 0.153431
2057 0.179333
2058 0.168824
2059 0.166346
2060 0.18149
2061 0.16352
2062 0.152039
2063 0.193889
2064 0.164482
2065 0.145916
2066 0.166944
2067 0.158795
2068 0.156524
2069 0.163851
2070 0.154501
2071 0.158583
2072 0.157773
2073 0.166043
2074 0.164316
2075 0.14898
2076 0.1715
2077 0.191783
2078 0.153479
2079 0.176616
2080 0.211559
2081 0.166859
2082 0.166738
2083 0.191195
2084 0.165401
2085 0.179077
2086 0.180899
2087 0.15903
2088 0.188487
2089 0.18677
2090 0.183193
2091 0.194485
2092 0.190992
2093 0.18704
2094 0.199304
2095 0.194345
2096 0.189942
2097 0.20163
2098 0.189751
2099 0
