0 3827.9
1 396.436
2 -307.183
3 -15.6515
4 -4.19032
5 -0.646234
6 -0.239102
7 -0.0786609
8 0.144856
9 0.159496
10 0.14964
11 0.171919
12 0.176046
13 0.194603
14 0.180755
15 0.192384
16 0.179416
17 0.181877
18 0.206956
19 0.203294
20 0.158349
21 0.178632
22 0.167503
23 0.177684
24 0.174706
25 0.159949
26 0.156745
27 0.174702
28 0.178354
29 0.160247
30 0.205707
31 0.179792
32 0.194374
33 0.197794
34 0.183471
35 0.175853
36 0.187626
37 0.160535
38 0.178763
39 0.169738
40 0.17579
41 0.15904
42 0.153997
43 0.175356
44 0.174872
45 0.166856
46 0.16459
47 0.191148
48 0.168626
49 0.168178
50 0.194273
51 0.194546
52 0.168114
53 0.179433
54 0.178992
55 0.179586
56 0.17502
57 0.200331
58 0.210552
59 0.207461
60 0.185807
61 0.190823
62 0.183952
63 0.196831
64 0.181406
65 0.184339
66 0.157849
67 0.167173
68 0.15718
69 0.152215
70 0.166155
71 0.185149
72 0.199096
73 0.169667
74 0.163183
75 0.18558
76 0.189915
77 0.208438
78 0.182872
79 0.176018
80 0.170572
81 0.176904
82 0.175727
83 0.178977
84 0.16612
85 0.174802
86 0.146214
87 0.149122
88 0.168177
89 0.207055
90 0.195213
91 0.16768
92 0.174184
93 0.227436
94 0.204588
95 0.161982
96 0.169423
97 0.186387
98 0.205237
99 0.183562
100 0.153809
101 0.149917
102 0.191308
103 0.171267
104 0.184161
105 0.169082
106 0.193665
107 0.202027
108 0.179713
109 0.215861
110 0.219377
111 0.193114
112 0.18724
113 0.189541
114 0.187387
115 0.196751
116 0.157945
117 0.171038
118 0.192776
119 0.176084
120 0.175385
121 0.155161
122 0.156417
123 0.18281
124 0.178857
125 0.176189
126 0.1685
127 0.156757
128 0.167483
129 0.17439
130 0.170063
131 0.152346
132 0.161848
133 0.183718
134 0.162645
135 0.193394
136 0.183191
137 0.184027
138 0.177898
139 0.169253
140 0.16874
141 0.160168
142 0.161989
143 0.149321
144 0.169253
145 0.213817
146 0.164558
147 0.152987
148 0.18687
149 0.181892
150 0.178193
151 0.192686
152 0.191729
153 0.200849
154 0.186944
155 0.178293
156 0.202866
157 0.185495
158 0.171164
159 0.177038
160 0.193206
161 0.143731
162 0.186039
163 0.189401
164 0.174837
165 0.156841
166 0.208365
167 0.168247
168 0.171826
169 0.17793
170 0.182939
171 0.161022
172 0.171964
173 0.181657
174 0.166354
175 0.173263
176 0.185576
177 0.160981
178 0.176861
179 0.143897
180 0.151952
181 0.193383
182 0.219026
183 0.154011
184 0.14093
185 0.154239
186 0.191883
187 0.201339
188 0.135499
189 0.13299
190 0.15132
191 0.182747
192 0.155612
193 0.155285
194 0.18856
195 0.175196
196 0.182151
197 0.154833
198 0.189914
199 0.154977
200 0.162654
201 0.159478
202 0.179304
203 0.149083
204 0.164586
205 0.172272
206 0.16274
207 0.163788
208 0.178598
209 0.163714
210 0.165564
211 0.192796
212 0.193265
213 0.149993
214 0.182978
215 0.169341
216 0.163533
217 0.188942
218 0.190331
219 0.175089
220 0.17418
221 0.172935
222 0.17687
223 0.192486
224 0.15841
225 0.185352
226 0.192492
227 0.206079
228 0.163033
229 0.1789
230 0.17724
231 0.197293
232 0.192102
233 0.152841
234 0.164762
235 0.195771
236 0.181366
237 0.152896
238 0.179121
239 0.159222
240 0.170086
241 0.178207
242 0.163318
243 0.172016
244 0.157196
245 0.186709
246 0.14235
247 0.154288
248 0.155461
249 0.157406
250 0.203044
251 0.162154
252 0.195775
253 0.169898
254 0.214758
255 0.200876
256 0.163353
257 0.189367
258 0.161828
259 0.195012
260 0.213129
261 0.209092
262 0.175031
263 0.178306
264 0.192166
265 0.190349
266 0.194144
267 0.174108
268 0.218434
269 0.184399
270 0.19066
271 0.183883
272 0.18474
273 0.204605
274 0.163372
275 0.180696
276 0.1599
277 0.167929
278 0.17576
279 0.185354
280 0.178909
281 0.19139
282 0.163211
283 0.189715
284 0.167817
285 0.136358
286 0.191062
287 0.167979
288 0.146574
289 0.140931
290 0.191013
291 0.141687
292 0.189175
293 0.175529
294 0.191305
295 0.177273
296 0.189824
297 0.172758
298 0.18137
299 0.169015
300 0.171095
301 0.192456
302 0.175861
303 0.157527
304 0.177006
305 0.202033
306 0.165485
307 0.174302
308 0.166521
309 0.184259
310 0.183496
311 0.189869
312 0.203645
313 0.167813
314 0.176846
315 0.182619
316 0.191004
317 0.180491
318 0.174434
319 0.181626
320 0.1803
321 0.196346
322 0.189245
323 0.187459
324 0.194599
325 0.177731
326 0.211915
327 0.223759
328 0.202827
329 0.193412
330 0.180841
331 0.190573
332 0.202804
333 0.214619
334 0.212206
335 0.190529
336 0.177597
337 0.177669
338 0.177325
339 0.17377
340 0.149416
341 0.177508
342 0.185927
343 0.175203
344 0.173994
345 0.183556
346 0.177312
347 0.172711
348 0.166921
349 0.180026
350 0.173677
351 0.167738
352 0.158162
353 0.160531
354 0.160322
355 0.167874
356 0.18537
357 0.172047
358 0.182909
359 0.154624
360 0.165354
361 0.142634
362 0.176554
363 0.176657
364 0.166043
365 0.176678
366 0.194626
367 0.176678
368 0.179459
369 0.1865
370 0.178502
371 0.17787
372 0.174748
373 0.184557
374 0.171657
375 0.163306
376 0.13077
377 0.153068
378 0.153405
379 0.148669
380 0.152675
381 0.1693
382 0.16064
383 0.162317
384 0.144757
385 0.178304
386 0.144969
387 0.164333
388 0.154583
389 0.193312
390 0.180644
391 0.178664
392 0.207605
393 0.204325
394 0.163846
395 0.176246
396 0.173595
397 0.197485
398 0.179294
399 0.180498
400 0.157072
401 0.195244
402 0.190134
403 0.20501
404 0.194581
405 0.203336
406 0.188592
407 0.194224
408 0.165742
409 0.206887
410 0.236554
411 0.218049
412 0.196266
413 0.187724
414 0.1966
415 0.203192
416 0.207406
417 0.188899
418 0.157257
419 0.175475
420 0.182252
421 0.180095
422 0.155889
423 0.186497
424 0.194932
425 0.187148
426 0.161551
427 0.168609
428 0.187129
429 0.162736
430 0.138894
431 0.169316
432 0.177001
433 0.184492
434 0.173813
435 0.184363
436 0.188734
437 0.193557
438 0.173951
439 0.166265
440 0.170743
441 0.156863
442 0.195207
443 0.161413
444 0.163836
445 0.136134
446 0.188999
447 0.141557
448 0.179455
449 0.159776
450 0.147017
451 0.173124
452 0.17524
453 0.155859
454 0.142869
455 0.184997
456 0.169009
457 0.142609
458 0.182396
459 0.182788
460 0.17005
461 0.179265
462 0.181537
463 0.155181
464 0.203194
465 0.205419
466 0.164734
467 0.158509
468 0.186703
469 0.193868
470 0.178422
471 0.168531
472 0.168224
473 0.18533
474 0.196345
475 0.190786
476 0.144828
477 0.189062
478 0.154005
479 0.204275
480 0.168481
481 0.18155
482 0.179848
483 0.170334
484 0.175342
485 0.187702
486 0.195447
487 0.1753
488 0.174434
489 0.197807
490 0.177443
491 0.200118
492 0.183036
493 0.182063
494 0.185356
495 0.201331
496 0.202922
497 0.186907
498 0.149406
499 0.197906
500 0.177534
501 0.182983
502 0.155413
503 0.176599
504 0.153842
505 0.169752
506 0.184294
507 0.209059
508 0.165827
509 0.199722
510 0.157957
511 0.189876
512 0.165956
513 0.171256
514 0.159032
515 0.177512
516 0.156796
517 0.197125
518 0.180456
519 0.174527
520 0.183344
521 0.184951
522 0.171251
523 0.172519
524 0.190751
525 0.195211
526 0.200273
527 0.163093
528 0.161375
529 0.180662
530 0.196476
531 0.158717
532 0.169092
533 0.151022
534 0.170473
535 0.171752
536 0.165677
537 0.192519
538 0.183268
539 0.190396
540 0.199243
541 0.2005
542 0.18323
543 0.175218
544 0.163635
545 0.162412
546 0.142802
547 0.158873
548 0.146155
549 0.160975
550 0.131488
551 0.154843
552 0.118709
553 0.187434
554 0.203525
555 0.140898
556 0.15418
557 0.17237
558 0.18373
559 0.140531
560 0.175173
561 0.147278
562 0.185063
563 0.189196
564 0.183196
565 0.181626
566 0.170811
567 0.194059
568 0.19023
569 0.184354
570 0.191875
571 0.17471
572 0.200309
573 0.174974
574 0.195121
575 0.147511
576 0.195843
577 0.200875
578 0.203635
579 0.163326
580 0.17803
581 0.191405
582 0.196573
583 0.167177
584 0.184329
585 0.179775
586 0.166459
587 0.198203
588 0.187739
589 0.185418
590 0.179305
591 0.166852
592 0.176944
593 0.190523
594 0.161267
595 0.151949
596 0.183008
597 0.153866
598 0.177539
599 0.18923
600 0.177526
601 0.181501
602 0.164864
603 0.177139
604 0.175366
605 0.137031
606 0.149366
607 0.178716
608 0.155065
609 0.179057
610 0.13448
611 0.175638
612 0.152891
613 0.211727
614 0.192617
615 0.162968
616 0.145076
617 0.190844
618 0.163303
619 0.158301
620 0.15341
621 0.170339
622 0.164587
623 0.172421
624 0.156604
625 0.171614
626 0.164231
627 0.167227
628 0.20216
629 0.160305
630 0.169395
631 0.172221
632 0.14775
633 0.166883
634 0.186968
635 0.189496
636 0.16665
637 0.152954
638 0.158146
639 0.147564
640 0.118625
641 0.136156
642 0.188592
643 0.145134
644 0.155586
645 0.169814
646 0.165593
647 0.156906
648 0.170804
649 0.174215
650 0.177452
651 0.148211
652 0.17171
653 0.175594
654 0.190937
655 0.170645
656 0.216354
657 0.221739
658 0.186541
659 0.165755
660 0.20466
661 0.191888
662 0.167277
663 0.126026
664 0.167383
665 0.195784
666 0.168366
667 0.154895
668 0.192696
669 0.172517
670 0.166978
671 0.188169
672 0.174856
673 0.168349
674 0.184674
675 0.177141
676 0.140425
677 0.194636
678 0.206693
679 0.176704
680 0.180817
681 0.191577
682 0.185394
683 0.154767
684 0.155741
685 0.172619
686 0.150152
687 0.17461
688 0.197682
689 0.208154
690 0.15923
691 0.206718
692 0.21894
693 0.197884
694 0.150166
695 0.178804
696 0.184627
697 0.169331
698 0.187544
699 0.193947
700 0.194697
701 0.181487
702 0.179567
703 0.159379
704 0.156334
705 0.200024
706 0.194974
707 0.151876
708 0.15626
709 0.178457
710 0.191774
711 0.150282
712 0.161588
713 0.156004
714 0.156665
715 0.160862
716 0.153622
717 0.160202
718 0.165237
719 0.166663
720 0.163995
721 0.151945
722 0.166466
723 0.189023
724 0.167361
725 0.186204
726 0.138553
727 0.163292
728 0.169504
729 0.155812
730 0.193144
731 0.137043
732 0.168304
733 0.180134
734 0.202424
735 0.158682
736 0.161408
737 0.180936
738 0.204438
739 0.163535
740 0.175072
741 0.180869
742 0.197948
743 0.177352
744 0.167208
745 0.181731
746 0.164325
747 0.158314
748 0.177622
749 0.156894
750 0.192637
751 0.204769
752 0.206043
753 0.174342
754 0.179844
755 0.204952
756 0.213639
757 0.156182
758 0.1904
759 0.201261
760 0.215234
761 0.188084
762 0.189209
763 0.230581
764 0.199143
765 0.175536
766 0.168589
767 0.189375
768 0.193932
769 0.184468
770 0.185907
771 0.19607
772 0.171326
773 0.205596
774 0.216161
775 0.17779
776 0.158467
777 0.21043
778 0.181281
779 0.165414
780 0.161753
781 0.200961
782 0.19154
783 0.165259
784 0.209947
785 0.214883
786 0.153745
787 0.178004
788 0.175174
789 0.3012
790 0.174171
791 0.185621
792 0.166077
793 0.181578
794 0.148943
795 0.158423
796 0.15402
797 0.173006
798 0.187688
799 0.165073
800 0.131723
801 0.165789
802 0.192026
803 0.213894
804 0.144031
805 0.188935
806 0.17973
807 0.172583
808 0.178353
809 0.18158
810 0.172772
811 0.175145
812 0.193368
813 0.152183
814 0.168391
815 0.152554
816 0.134191
817 0.178858
818 0.182696
819 0.177227
820 0.151676
821 0.1677
822 0.192831
823 0.205865
824 0.146964
825 0.177124
826 0.195214
827 0.163088
828 0.176059
829 0.178039
830 0.174699
831 0.167461
832 0.165653
833 0.15802
834 0.146788
835 0.165717
836 0.151764
837 0.147733
838 0.165594
839 0.147891
840 0.175954
841 0.181157
842 0.185122
843 0.186996
844 0.189418
845 0.149113
846 0.164834
847 0.225468
848 0.16468
849 0.162788
850 0.153009
851 0.174214
852 0.187727
853 0.206105
854 0.156384
855 0.19502
856 0.182311
857 0.185563
858 0.161027
859 0.198246
860 0.181151
861 0.16857
862 0.184244
863 0.170288
864 0.155001
865 0.188484
866 0.19385
867 0.185933
868 0.180097
869 0.19926
870 0.164279
871 0.166973
872 0.161977
873 0.195308
874 0.169501
875 0.173182
876 0.14425
877 0.191446
878 0.169564
879 0.160287
880 0.170327
881 0.220118
882 0.17527
883 0.155014
884 0.169759
885 0.208875
886 0.204924
887 0.167302
888 0.173152
889 0.165523
890 0.205252
891 0.152842
892 0.161358
893 0.161941
894 0.149634
895 0.173956
896 0.18545
897 0.18291
898 0.153919
899 0.150624
900 0.177569
901 0.170446
902 0.143087
903 0.152526
904 0.168048
905 0.232087
906 0.207586
907 0.182423
908 0.175293
909 0.214879
910 0.21807
911 0.17489
912 0.17541
913 0.167854
914 0.180808
915 0.181656
916 0.187729
917 0.165324
918 0.172362
919 0.195874
920 0.204267
921 0.158008
922 0.159722
923 0.19146
924 0.206268
925 0.152962
926 0.171948
927 0.189647
928 0.154218
929 0.174873
930 0.188715
931 0.171101
932 0.187713
933 0.170681
934 0.193815
935 0.18546
936 0.193627
937 0.168185
938 0.171507
939 0.1703
940 0.17707
941 0.198621
942 0.159501
943 0.154724
944 0.20137
945 0.203711
946 0.159351
947 0.208612
948 0.214426
949 0.204283
950 0.184763
951 0.176509
952 0.204513
953 0.20716
954 0.187732
955 0.163206
956 0.173996
957 0.188458
958 0.172019
959 0.163717
960 0.191889
961 0.16643
962 0.173048
963 0.199065
964 0.181519
965 0.172837
966 0.186551
967 0.160332
968 0.163826
969 0.184268
970 0.194534
971 0.172631
972 0.17226
973 0.193662
974 0.152758
975 0.167302
976 0.170813
977 0.193643
978 0.15628
979 0.189615
980 0.19738
981 0.177221
982 0.179048
983 0.137988
984 0.181363
985 0.218507
986 0.187461
987 0.162788
988 0.194151
989 0.207994
990 0.199963
991 0.20229
992 0.153024
993 0.199717
994 0.200644
995 0.187084
996 0.150063
997 0.191951
998 0.193753
999 0.187274
1000 0.177968
1001 0.17616
1002 0.16143
1003 0.171345
1004 0.172552
1005 0.149313
1006 0.150773
1007 0.176145
1008 0.140457
1009 0.179618
1010 0.167107
1011 0.173043
1012 0.182788
1013 0.199546
1014 0.195345
1015 0.177209
1016 0.196467
1017 0.202513
1018 0.184485
1019 0.183032
1020 0.170832
1021 0.164012
1022 0.182453
1023 0.197553
1024 0.190466
1025 0.150082
1026 0.181866
1027 0.197129
1028 0.186269
1029 0.191263
1030 0.161291
1031 0.1805
1032 0.16292
1033 0.164616
1034 0.189099
1035 0.201304
1036 0.18236
1037 0.197904
1038 0.186181
1039 0.186422
1040 0.180007
1041 0.174767
1042 0.171176
1043 0.198293
1044 0.162488
1045 0.183723
1046 0.203756
1047 0.15142
1048 0.160401
1049 0.183569
1050 0.186107
1051 0.169437
1052 0.1778
1053 0.158641
1054 0.178084
1055 0.146264
1056 0.168863
1057 0.165441
1058 0.178536
1059 0.165727
1060 0.183421
1061 0.197569
1062 0.188228
1063 0.191345
1064 0.185723
1065 0.195847
1066 0.176142
1067 0.199182
1068 0.192843
1069 0.192363
1070 0.176493
1071 0.195269
1072 0.184621
1073 0.167732
1074 0.178357
1075 0.161085
1076 0.160557
1077 0.156042
1078 0.193075
1079 0.193
1080 0.159219
1081 0.174971
1082 0.16419
1083 0.17457
1084 0.19644
1085 0.177435
1086 0.183653
1087 0.173855
1088 0.195908
1089 0.199476
1090 0.189945
1091 0.190452
1092 0.179998
1093 0.192621
1094 0.201533
1095 0.186467
1096 0.167679
1097 0.184461
1098 0.188616
1099 0.176189
1100 0.164483
1101 0.175865
1102 0.185839
1103 0.159582
1104 0.173736
1105 0.151492
1106 0.176131
1107 0.175317
1108 0.181128
1109 0.177921
1110 0.18118
1111 0.178255
1112 0.163716
1113 0.190187
1114 0.183932
1115 0.168641
1116 0.150319
1117 0.141502
1118 0.17422
1119 0.184675
1120 0.154343
1121 0.151229
1122 0.16093
1123 0.186845
1124 0.154666
1125 0.15858
1126 0.168794
1127 0.203153
1128 0.219921
1129 0.160828
1130 0.174756
1131 0.198768
1132 0.203913
1133 0.169904
1134 0.16932
1135 0.152351
1136 0.174876
1137 0.204277
1138 0.188004
1139 0.161416
1140 0.157017
1141 0.183256
1142 0.182729
1143 0.19046
1144 0.160765
1145 0.180847
1146 0.17692
1147 0.191534
1148 0.161013
1149 0.153212
1150 0.176025
1151 0.158265
1152 0.170714
1153 0.15758
1154 0.164679
1155 0.191884
1156 0.155086
1157 0.157805
1158 0.18044
1159 0.190318
1160 0.149407
1161 0.160298
1162 0.188716
1163 0.171201
1164 0.184429
1165 0.195065
1166 0.211371
1167 0.186001
1168 0.20803
1169 0.193601
1170 0.194976
1171 0.173458
1172 0.187432
1173 0.188498
1174 0.168359
1175 0.153232
1176 0.18718
1177 0.183282
1178 0.126517
1179 0.135048
1180 0.153184
1181 0.186777
1182 0.175274
1183 0.167075
1184 0.16912
1185 0.173417
1186 0.184943
1187 0.18352
1188 0.162672
1189 0.179024
1190 0.189614
1191 0.171499
1192 0.151841
1193 0.166418
1194 0.189816
1195 0.175181
1196 0.184078
1197 0.19046
1198 0.176324
1199 0.157084
1200 0.164326
1201 0.181321
1202 0.185943
1203 0.155428
1204 0.181637
1205 0.18699
1206 0.206731
1207 0.18892
1208 0.179595
1209 0.171709
1210 0.177827
1211 0.177327
1212 0.177698
1213 0.173847
1214 0.17244
1215 0.1576
1216 0.157478
1217 0.131937
1218 0.186171
1219 0.2076
1220 0.191304
1221 0.179706
1222 0.156494
1223 0.197685
1224 0.207787
1225 0.181144
1226 0.173151
1227 0.176214
1228 0.189228
1229 0.175835
1230 0.195207
1231 0.182097
1232 0.192387
1233 0.152936
1234 0.195513
1235 0.187742
1236 0.173338
1237 0.190387
1238 0.169485
1239 0.151715
1240 0.168531
1241 0.187102
1242 0.184134
1243 0.184717
1244 0.178315
1245 0.191112
1246 0.212247
1247 0.158454
1248 0.147708
1249 0.184046
1250 0.187918
1251 0.155512
1252 0.166737
1253 0.162172
1254 0.174555
1255 0.130556
1256 0.154223
1257 0.180383
1258 0.15481
1259 0.157219
1260 0.165031
1261 0.164454
1262 0.163511
1263 0.197795
1264 0.172996
1265 0.177626
1266 0.175838
1267 0.188597
1268 0.169244
1269 0.140337
1270 0.148547
1271 0.1613
1272 0.196111
1273 0.153238
1274 0.16385
1275 0.13793
1276 0.174881
1277 0.143302
1278 0.135364
1279 0.173388
1280 0.149172
1281 0.162153
1282 0.159632
1283 0.146337
1284 0.171956
1285 0.175625
1286 0.179106
1287 0.15542
1288 0.160217
1289 0.177826
1290 0.176833
1291 0.142559
1292 0.170018
1293 0.190443
1294 0.178098
1295 0.182897
1296 0.192126
1297 0.170136
1298 0.164403
1299 0.169847
1300 0.173124
1301 0.152447
1302 0.198192
1303 0.16391
1304 0.148161
1305 0.169007
1306 0.172229
1307 0.156601
1308 0.190174
1309 0.180174
1310 0.179743
1311 0.172964
1312 0.168082
1313 0.200051
1314 0.187291
1315 0.169986
1316 0.168048
1317 0.192147
1318 0.195785
1319 0.185345
1320 0.177569
1321 0.160927
1322 0.181343
1323 0.174319
1324 0.13943
1325 0.176272
1326 0.199805
1327 0.168866
1328 0.146513
1329 0.172075
1330 0.184176
1331 0.180907
1332 0.145573
1333 0.141607
1334 0.179116
1335 0.165528
1336 0.163245
1337 0.146238
1338 0.16141
1339 0.144624
1340 0.179198
1341 0.178447
1342 0.179164
1343 0.166645
1344 0.138996
1345 0.16486
1346 0.181341
1347 0.172989
1348 0.156786
1349 0.134357
1350 0.170207
1351 0.176174
1352 0.157656
1353 0.160267
1354 0.190783
1355 0.186273
1356 0.184167
1357 0.184554
1358 0.192442
1359 0.188732
1360 0.163683
1361 0.161362
1362 0.202315
1363 0.176122
1364 0.166542
1365 0.186557
1366 0.175951
1367 0.156032
1368 0.143832
1369 0.170082
1370 0.151805
1371 0.16237
1372 0.173433
1373 0.155379
1374 0.183596
1375 0.211108
1376 0.178646
1377 0.179631
1378 0.162096
1379 0.179598
1380 0.180982
1381 0.187301
1382 0.182527
1383 0.182749
1384 0.199259
1385 0.205684
1386 0.179684
1387 0.156078
1388 0.189135
1389 0.16698
1390 0.165308
1391 0.164533
1392 0.155683
1393 0.183068
1394 0.199878
1395 0.219578
1396 0.200028
1397 0.187533
1398 0.204371
1399 0.182053
1400 0.204558
1401 0.183901
1402 0.20165
1403 0.172989
1404 0.16804
1405 0.178238
1406 0.188723
1407 0.193461
1408 0.189608
1409 0.190617
1410 0.178144
1411 0.193295
1412 0.161962
1413 0.171401
1414 0.182444
1415 0.185663
1416 0.1743
1417 0.157586
1418 0.177602
1419 0.180229
1420 0.181329
1421 0.173686
1422 0.203493
1423 0.148588
1424 0.193653
1425 0.187533
1426 0.19704
1427 0.13274
1428 0.187631
1429 0.186435
1430 0.154275
1431 0.164329
1432 0.178148
1433 0.184394
1434 0.181453
1435 0.199418
1436 0.202041
1437 0.217321
1438 0.208323
1439 0.19511
1440 0.194965
1441 0.195017
1442 0.187528
1443 0.196849
1444 0.203833
1445 0.173964
1446 0.171158
1447 0.181591
1448 0.170169
1449 0.15435
1450 0.153243
1451 0.181587
1452 0.145558
1453 0.155912
1454 0.182967
1455 0.175277
1456 0.166506
1457 0.157972
1458 0.138826
1459 0.170212
1460 0.151914
1461 0.154479
1462 0.134605
1463 0.14942
1464 0.160922
1465 0.166895
1466 0.146652
1467 0.160592
1468 0.176068
1469 0.18249
1470 0.154361
1471 0.140864
1472 0.164573
1473 0.144075
1474 0.18012
1475 0.167904
1476 0.165149
1477 0.17501
1478 0.17602
1479 0.193737
1480 0.171078
1481 0.188689
1482 0.157902
1483 0.169662
1484 0.158249
1485 0.182669
1486 0.16498
1487 0.143032
1488 0.158471
1489 0.186962
1490 0.163909
1491 0.170509
1492 0.167816
1493 0.192801
1494 0.165234
1495 0.161319
1496 0.178931
1497 0.181783
1498 0.17343
1499 0.213104
1500 0.198012
1501 0.190535
1502 0.184896
1503 0.182904
1504 0.176706
1505 0.194123
1506 0.168482
1507 0.165301
1508 0.154281
1509 0.164492
1510 0.174644
1511 0.170618
1512 0.191617
1513 0.167823
1514 0.189653
1515 0.170404
1516 0.16699
1517 0.185455
1518 0.188567
1519 0.172285
1520 0.170302
1521 0.175029
1522 0.181354
1523 0.161254
1524 0.159828
1525 0.170645
1526 0.161699
1527 0.172989
1528 0.178974
1529 0.16474
1530 0.174293
1531 0.192927
1532 0.17101
1533 0.193597
1534 0.192805
1535 0.175905
1536 0.152711
1537 0.161207
1538 0.172779
1539 0.13056
1540 0.176086
1541 0.158777
1542 0.140649
1543 0.16495
1544 0.180643
1545 0.181101
1546 0.149734
1547 0.197066
1548 0.197799
1549 0.203663
1550 0.19098
1551 0.176
1552 0.178554
1553 0.173029
1554 0.196685
1555 0.15781
1556 0.176905
1557 0.166115
1558 0.161677
1559 0.187237
1560 0.173214
1561 0.176661
1562 0.162349
1563 0.163467
1564 0.192654
1565 0.175796
1566 0.159936
1567 0.170743
1568 0.171994
1569 0.150856
1570 0.173218
1571 0.194746
1572 0.20633
1573 0.175095
1574 0.197066
1575 0.171137
1576 0.173217
1577 0.173317
1578 0.173416
1579 0.12853
1580 0.143827
1581 0.18466
1582 0.189363
1583 0.143531
1584 0.181314
1585 0.19118
1586 0.173872
1587 0.186365
1588 0.189311
1589 0.179895
1590 0.1767
1591 0.173477
1592 0.184662
1593 0.204538
1594 0.183935
1595 0.17913
1596 0.165205
1597 0.182108
1598 0.204219
1599 0.180616
1600 0.190269
1601 0.181375
1602 0.18417
1603 0.173338
1604 0.159642
1605 0.179384
1606 0.182684
1607 0.164995
1608 0.165516
1609 0.153051
1610 0.189112
1611 0.187627
1612 0.175677
1613 0.136771
1614 0.165342
1615 0.163555
1616 0.20043
1617 0.149451
1618 0.14731
1619 0.153879
1620 0.167841
1621 0.186057
1622 0.160454
1623 0.175728
1624 0.200233
1625 0.175105
1626 0.168937
1627 0.211148
1628 0.206133
1629 0.153222
1630 0.153228
1631 0.195274
1632 0.165381
1633 0.165074
1634 0.146979
1635 0.175576
1636 0.16201
1637 0.168409
1638 0.187015
1639 0.169202
1640 0.166017
1641 0.183733
1642 0.166725
1643 0.183148
1644 0.17403
1645 0.166118
1646 0.189932
1647 0.168865
1648 0.186184
1649 0.186235
1650 0.184463
1651 0.16711
1652 0.179592
1653 0.19879
1654 0.167109
1655 0.149071
1656 0.167798
1657 0.182512
1658 0.147252
1659 0.178627
1660 0.168628
1661 0.158688
1662 0.192386
1663 0.150801
1664 0.170092
1665 0.181729
1666 0.164028
1667 0.135399
1668 0.156367
1669 0.176166
1670 0.1606
1671 0.150764
1672 0.17542
1673 0.203587
1674 0.175999
1675 0.160049
1676 0.186952
1677 0.208117
1678 0.166472
1679 0.169868
1680 0.170708
1681 0.172056
1682 0.20262
1683 0.180591
1684 0.199439
1685 0.15242
1686 0.169067
1687 0.176032
1688 0.183429
1689 0.181497
1690 0.173964
1691 0.163869
1692 0.179948
1693 0.180256
1694 0.160779
1695 0.164993
1696 0.149062
1697 0.146879
1698 0.118055
1699 0.163706
1700 0.164837
1701 0.149149
1702 0.143257
1703 0.145875
1704 0.143624
1705 0.172574
1706 0.155355
1707 0.165952
1708 0.182604
1709 0.191561
1710 0.192423
1711 0.174747
1712 0.173434
1713 0.174197
1714 0.188705
1715 0.17772
1716 0.194363
1717 0.145824
1718 0.150148
1719 0.193931
1720 0.208065
1721 0.169955
1722 0.141404
1723 0.173407
1724 0.178156
1725 0.169767
1726 0.187524
1727 0.189406
1728 0.193963
1729 0.186964
1730 0.191989
1731 0.189889
1732 0.166077
1733 0.172804
1734 0.183695
1735 0.159781
1736 0.172279
1737 0.184162
1738 0.153644
1739 0.181171
1740 0.191748
1741 0.202637
1742 0.203061
1743 0.182204
1744 0.181551
1745 0.192735
1746 0.169348
1747 0.179147
1748 0.182656
1749 0.185503
1750 0.158173
1751 0.176867
1752 0.182795
1753 0.142272
1754 0.158284
1755 0.177587
1756 0.179326
1757 0.180411
1758 0.159721
1759 0.171207
1760 0.145152
1761 0.185618
1762 0.193223
1763 0.180352
1764 0.154348
1765 0.196917
1766 0.174783
1767 0.172977
1768 0.156228
1769 0.176348
1770 0.154184
1771 0.175691
1772 0.181621
1773 0.172409
1774 0.15353
1775 0.14914
1776 0.161272
1777 0.15919
1778 0.148909
1779 0.183681
1780 0.183059
1781 0.163146
1782 0.159754
1783 0.165023
1784 0.183148
1785 0.186934
1786 0.164622
1787 0.163364
1788 0.181105
1789 0.161662
1790 0.160411
1791 0.198562
1792 0.185508
1793 0.177831
1794 0.175912
1795 0.1998
1796 0.178817
1797 0.165665
1798 0.178145
1799 0.188267
1800 0.16086
1801 0.174888
1802 0.189459
1803 0.168126
1804 0.17525
1805 0.199856
1806 0.209547
1807 0.182219
1808 0.195738
1809 0.209681
1810 0.203742
1811 0.145874
1812 0.16674
1813 0.157141
1814 0.165174
1815 0.17451
1816 0.165857
1817 0.166573
1818 0.171602
1819 0.173203
1820 0.189529
1821 0.147529
1822 0.167298
1823 0.201151
1824 0.17134
1825 0.170427
1826 0.19341
1827 0.192973
1828 0.180546
1829 0.196969
1830 0.169138
1831 0.164247
1832 0.174197
1833 0.205274
1834 0.161015
1835 0.145341
1836 0.202614
1837 0.178628
1838 0.182343
1839 0.129404
1840 0.201505
1841 0.207512
1842 0.17987
1843 0.149748
1844 0.191337
1845 0.198023
1846 0.147702
1847 0.188316
1848 0.149974
1849 0.177251
1850 0.182562
1851 0.172786
1852 0.202442
1853 0.191853
1854 0.204816
1855 0.171582
1856 0.216293
1857 0.195201
1858 0.207547
1859 0.200721
1860 0.186261
1861 0.181751
1862 0.182313
1863 0.194617
1864 0.173563
1865 0.187846
1866 0.177914
1867 0.180182
1868 0.178912
1869 0.171195
1870 0.20013
1871 0.199092
1872 0.204401
1873 0.158627
1874 0.108772
1875 0.153359
1876 0.166626
1877 0.168836
1878 0.148677
1879 0.154376
1880 0.160998
1881 0.172649
1882 0.16562
1883 0.191359
1884 0.198811
1885 0.208724
1886 0.179702
1887 0.199937
1888 0.198927
1889 0.164132
1890 0.166316
1891 0.177747
1892 0.189129
1893 0.164521
1894 0.171137
1895 0.173663
1896 0.187662
1897 0.171498
1898 0.150697
1899 0.147561
1900 0.203044
1901 0.162917
1902 0.160155
1903 0.183091
1904 0.18745
1905 0.168779
1906 0.156714
1907 0.177487
1908 0.199665
1909 0.172768
1910 0.14978
1911 0.168046
1912 0.170203
1913 0.201071
1914 0.187032
1915 0.162936
1916 0.183032
1917 0.173764
1918 0.18206
1919 0.173746
1920 0.193303
1921 0.170829
1922 0.163869
1923 0.128069
1924 0.141193
1925 0.165444
1926 0.16119
1927 0.138666
1928 0.154415
1929 0.182175
1930 0.154186
1931 0.17076
1932 0.168092
1933 0.176077
1934 0.174049
1935 0.168557
1936 0.148208
1937 0.148244
1938 0.168895
1939 0.17564
1940 0.148283
1941 0.155922
1942 0.196133
1943 0.178987
1944 0.178956
1945 0.186181
1946 0.193527
1947 0.167977
1948 0.15736
1949 0.168908
1950 0.172366
1951 0.170423
1952 0.181032
1953 0.194376
1954 0.183897
1955 0.174799
1956 0.162894
1957 0.207778
1958 0.202893
1959 0.178939
1960 0.180952
1961 0.174464
1962 0.189281
1963 0.191869
1964 0.186068
1965 0.176638
1966 0.188255
1967 0.186396
1968 0.201853
1969 0.184576
1970 0.179232
1971 0.185875
1972 0.189165
1973 0.189389
1974 0.190332
1975 0.197213
1976 0.18787
1977 0.186247
1978 0.189097
1979 0.172294
1980 0.17408
1981 0.156622
1982 0.188511
1983 0.179888
1984 0.177511
1985 0.164123
1986 0.202891
1987 0.20993
1988 0.188044
1989 0.158367
1990 0.183011
1991 0.174
1992 0.184671
1993 0.188087
1994 0.172207
1995 0.174836
1996 0.167666
1997 0.20212
1998 0.210213
1999 0.201718
2000 0.172429
2001 0.128782
2002 0.173988
2003 0.170743
2004 0.167182
2005 0.144705
2006 0.12929
2007 0.176194
2008 0.158955
2009 0.171334
2010 0.173126
2011 0.192399
2012 0.172216
2013 0.152304
2014 0.187241
2015 0.179099
2016 0.202151
2017 0.150688
2018 0.193933
2019 0.179707
2020 0.188134
2021 0.168544
2022 0.171605
2023 0.183878
2024 0.180016
2025 0.184341
2026 0.171107
2027 0.195306
2028 0.177002
2029 0.191278
2030 0.173637
2031 0.163463
2032 0.183946
2033 0.158639
2034 0.18777
2035 0.176485
2036 0.166733
2037 0.181841
2038 0.172983
2039 0.161977
2040 0.163755
2041 0.176392
2042 0.162393
2043 0.182808
2044 0.15596
2045 0.172365
2046 0.193905
2047 0.180474
2048 0.19397
2049 0.187046
2050 0.163263
2051 0.173319
2052 0.17762
2053 0.184383
2054 0.176461
2055 0.177682
2056 0.156402
2057 0.175827
2058 0.190231
2059 0.178066
2060 0.171554
2061 0.173335
2062 0.168203
2063 0.159113
2064 0.180311
2065 0.156792
2066 0.164233
2067 0.192689
2068 0.160107
2069 0.161544
2070 0.158173
2071 0.155153
2072 0.132168
2073 0.179184
2074 0.171745
2075 0.146278
2076 0.150486
2077 0.194528
2078 0.172487
2079 0.16478
2080 0.194601
2081 0.210624
2082 0.163054
2083 0.192667
2084 0.18881
2085 0.190101
2086 0.172187
2087 0.1875
2088 0.172082
2089 0.195565
2090 0.18692
2091 0.172855
2092 0.191248
2093 0.196364
2094 0.203377
2095 0.20494
2096 0.202597
2097 0.183262
2098 0.188607
2099 0
