0 5796.42
1 231.015
2 143.985
3 9.72836
4 1.63482
5 0.124107
6 0.208801
7 0.365072
8 0.307548
9 0.336897
10 0.425442
11 0.400333
12 0.483468
13 0.527607
14 0.494935
15 0.547021
16 0.375325
17 0.390631
18 0.474991
19 0.459419
20 0.364322
21 0.427908
22 0.292511
23 0.290206
24 0.325088
25 0.271564
26 0.463893
27 0.451154
28 0.381478
29 0.34062
30 0.508274
31 0.282993
32 0.481538
33 0.278262
34 0.482051
35 0.353987
36 0.404304
37 0.297949
38 0.440705
39 0.35037
40 0.333935
41 0.310706
42 0.285248
43 0.388566
44 0.337634
45 0.307167
46 0.487064
47 0.493035
48 0.411742
49 0.458074
50 0.331769
51 0.414987
52 0.358323
53 0.460266
54 0.422822
55 0.492223
56 0.479948
57 0.552717
58 0.57606
59 0.587806
60 0.598344
61 0.42491
62 0.309585
63 0.409226
64 0.30775
65 0.414947
66 0.319744
67 0.35749
68 0.399605
69 0.256544
70 0.364761
71 0.469661
72 0.522604
73 0.579821
74 0.391212
75 0.511684
76 0.446754
77 0.435175
78 0.374359
79 0.40591
80 0.376595
81 0.364875
82 0.287778
83 0.387214
84 0.240864
85 0.440657
86 0.322528
87 0.257147
88 0.366966
89 0.506874
90 0.557844
91 0.379002
92 0.471941
93 0.53368
94 0.576025
95 0.382459
96 0.262041
97 0.417384
98 0.324183
99 0.285563
100 0.319836
101 0.318974
102 0.463932
103 0.529982
104 0.301798
105 0.506674
106 0.491598
107 0.462532
108 0.502718
109 0.574107
110 0.591451
111 0.576611
112 0.406907
113 0.376112
114 0.350261
115 0.369639
116 0.244226
117 0.227085
118 0.329537
119 0.41353
120 0.400054
121 0.432401
122 0.302076
123 0.257288
124 0.410513
125 0.430764
126 0.301445
127 0.223612
128 0.367604
129 0.350857
130 0.376347
131 0.39074
132 0.534154
133 0.524636
134 0.596031
135 0.513595
136 0.413012
137 0.308863
138 0.236163
139 0.259
140 0.323377
141 0.462927
142 0.382337
143 0.265613
144 0.362736
145 0.476451
146 0.285597
147 0.487998
148 0.45342
149 0.545263
150 0.487937
151 0.484309
152 0.501245
153 0.581729
154 0.453186
155 0.28615
156 0.470403
157 0.264013
158 0.289247
159 0.376557
160 0.338711
161 0.242044
162 0.464194
163 0.508574
164 0.361494
165 0.353454
166 0.497118
167 0.308243
168 0.392367
169 0.343866
170 0.254368
171 0.448838
172 0.346559
173 0.329812
174 0.431753
175 0.320311
176 0.356015
177 0.263586
178 0.411181
179 0.277681
180 0.38936
181 0.507616
182 0.54528
183 0.420622
184 0.269708
185 0.239445
186 0.200703
187 0.314602
188 0.351326
189 0.262054
190 0.386041
191 0.444715
192 0.421581
193 0.287017
194 0.421729
195 0.274525
196 0.36267
197 0.292858
198 0.349157
199 0.24555
200 0.386785
201 0.358984
202 0.366877
203 0.29918
204 0.34773
205 0.335222
206 0.2967
207 0.439387
208 0.48047
209 0.325557
210 0.32686
211 0.256252
212 0.363903
213 0.329224
214 0.487843
215 0.397844
216 0.368264
217 0.409684
218 0.462325
219 0.422687
220 0.413779
221 0.326258
222 0.34004
223 0.468417
224 0.299718
225 0.457952
226 0.501564
227 0.383931
228 0.409461
229 0.323954
230 0.316433
231 0.439157
232 0.415319
233 0.442533
234 0.533547
235 0.419203
236 0.482896
237 0.298895
238 0.396774
239 0.362703
240 0.278439
241 0.42298
242 0.304297
243 0.350645
244 0.314239
245 0.360793
246 0.340602
247 0.251478
248 0.333267
249 0.401561
250 0.53113
251 0.619391
252 0.415291
253 0.305915
254 0.441813
255 0.471965
256 0.560554
257 0.489818
258 0.322636
259 0.375764
260 0.49922
261 0.518787
262 0.531111
263 0.369223
264 0.448293
265 0.52249
266 0.469437
267 0.518156
268 0.576287
269 0.616192
270 0.539664
271 0.43615
272 0.281453
273 0.306175
274 0.340366
275 0.468748
276 0.478637
277 0.564611
278 0.392463
279 0.494209
280 0.360627
281 0.34408
282 0.499569
283 0.330984
284 0.251715
285 0.207206
286 0.355948
287 0.235882
288 0.461464
289 0.316861
290 0.475788
291 0.390249
292 0.520949
293 0.468595
294 0.530496
295 0.432607
296 0.415568
297 0.32016
298 0.291366
299 0.244669
300 0.443643
301 0.538727
302 0.469352
303 0.332227
304 0.293002
305 0.442475
306 0.315382
307 0.470534
308 0.549345
309 0.385082
310 0.489377
311 0.526115
312 0.474418
313 0.363876
314 0.36478
315 0.360828
316 0.368962
317 0.409882
318 0.42921
319 0.495426
320 0.514381
321 0.573078
322 0.555826
323 0.62594
324 0.555816
325 0.358005
326 0.481963
327 0.503172
328 0.475362
329 0.584223
330 0.587939
331 0.521549
332 0.536382
333 0.611519
334 0.490351
335 0.483871
336 0.32193
337 0.35974
338 0.272312
339 0.419507
340 0.28768
341 0.443584
342 0.517028
343 0.400908
344 0.500581
345 0.412651
346 0.314923
347 0.294692
348 0.199667
349 0.425937
350 0.40444
351 0.411222
352 0.387818
353 0.362183
354 0.276989
355 0.268608
356 0.416762
357 0.317047
358 0.363075
359 0.410328
360 0.255033
361 0.239405
362 0.394075
363 0.342576
364 0.52418
365 0.501276
366 0.553731
367 0.439119
368 0.468744
369 0.368169
370 0.333513
371 0.366824
372 0.277939
373 0.322081
374 0.270327
375 0.246372
376 0.227637
377 0.360184
378 0.406924
379 0.282328
380 0.420466
381 0.377392
382 0.237031
383 0.346122
384 0.232751
385 0.360468
386 0.305237
387 0.217226
388 0.373143
389 0.476248
390 0.357863
391 0.535182
392 0.530053
393 0.556257
394 0.45457
395 0.37267
396 0.312489
397 0.400311
398 0.295252
399 0.395894
400 0.304369
401 0.442687
402 0.499989
403 0.559423
404 0.589089
405 0.543117
406 0.543525
407 0.602724
408 0.416446
409 0.540592
410 0.596027
411 0.6354
412 0.588787
413 0.442502
414 0.322401
415 0.471452
416 0.484593
417 0.491434
418 0.370704
419 0.406145
420 0.436495
421 0.389428
422 0.288611
423 0.486435
424 0.392502
425 0.402317
426 0.291035
427 0.308679
428 0.279366
429 0.347653
430 0.333793
431 0.486651
432 0.509491
433 0.582823
434 0.337169
435 0.426432
436 0.3055
437 0.289124
438 0.419595
439 0.331115
440 0.530378
441 0.519404
442 0.485469
443 0.325348
444 0.226414
445 0.214966
446 0.220275
447 0.313301
448 0.469582
449 0.2719
450 0.23099
451 0.379452
452 0.325761
453 0.249696
454 0.345539
455 0.478632
456 0.341597
457 0.376376
458 0.502665
459 0.370047
460 0.419483
461 0.375657
462 0.236745
463 0.35859
464 0.471449
465 0.548599
466 0.457213
467 0.351574
468 0.50897
469 0.357519
470 0.536138
471 0.491284
472 0.334505
473 0.413368
474 0.279724
475 0.470628
476 0.322863
477 0.323237
478 0.312354
479 0.439225
480 0.421349
481 0.497376
482 0.473806
483 0.380139
484 0.347666
485 0.486381
486 0.452311
487 0.384415
488 0.418293
489 0.394916
490 0.465843
491 0.556533
492 0.615238
493 0.40655
494 0.352919
495 0.489683
496 0.509176
497 0.536426
498 0.36756
499 0.398877
500 0.264093
501 0.333142
502 0.281377
503 0.470089
504 0.339189
505 0.425257
506 0.297815
507 0.483325
508 0.328916
509 0.374216
510 0.246655
511 0.334177
512 0.269089
513 0.461086
514 0.426096
515 0.504884
516 0.541885
517 0.493365
518 0.479198
519 0.425443
520 0.37965
521 0.371132
522 0.337034
523 0.252725
524 0.426641
525 0.503271
526 0.54708
527 0.346012
528 0.364531
529 0.291455
530 0.348794
531 0.296851
532 0.226486
533 0.393965
534 0.41304
535 0.360196
536 0.447464
537 0.539332
538 0.292897
539 0.487564
540 0.265679
541 0.471812
542 0.36465
543 0.313509
544 0.46291
545 0.31601
546 0.269274
547 0.262061
548 0.322232
549 0.473671
550 0.375159
551 0.237885
552 0.334495
553 0.481249
554 0.365342
555 0.261528
556 0.338529
557 0.29528
558 0.390973
559 0.287181
560 0.463357
561 0.325674
562 0.489554
563 0.56265
564 0.458401
565 0.524288
566 0.345742
567 0.499339
568 0.454476
569 0.552539
570 0.426323
571 0.292131
572 0.421141
573 0.411892
574 0.532771
575 0.450751
576 0.570875
577 0.552998
578 0.617241
579 0.353941
580 0.330759
581 0.383665
582 0.413644
583 0.399319
584 0.507332
585 0.417182
586 0.388754
587 0.418554
588 0.462834
589 0.543704
590 0.369557
591 0.320895
592 0.379109
593 0.320467
594 0.391795
595 0.282526
596 0.346672
597 0.279126
598 0.246294
599 0.396839
600 0.383639
601 0.433592
602 0.444335
603 0.377825
604 0.345748
605 0.230984
606 0.223239
607 0.412924
608 0.288069
609 0.421604
610 0.26142
611 0.258887
612 0.352787
613 0.469224
614 0.451896
615 0.297861
616 0.249037
617 0.374329
618 0.306091
619 0.245898
620 0.244827
621 0.394742
622 0.407271
623 0.450735
624 0.324527
625 0.435966
626 0.300284
627 0.243084
628 0.383651
629 0.38502
630 0.503014
631 0.470474
632 0.349034
633 0.406675
634 0.366394
635 0.319928
636 0.257852
637 0.350313
638 0.25775
639 0.210493
640 0.222031
641 0.207929
642 0.338289
643 0.368371
644 0.326341
645 0.33788
646 0.432334
647 0.29725
648 0.326273
649 0.231038
650 0.391114
651 0.346473
652 0.472693
653 0.484253
654 0.478748
655 0.355565
656 0.523628
657 0.533861
658 0.432635
659 0.272748
660 0.30767
661 0.402898
662 0.316302
663 0.213262
664 0.314946
665 0.435166
666 0.326622
667 0.351756
668 0.463316
669 0.293838
670 0.487729
671 0.426609
672 0.29008
673 0.413438
674 0.489406
675 0.361579
676 0.399318
677 0.499573
678 0.504862
679 0.529045
680 0.370814
681 0.45744
682 0.428383
683 0.273932
684 0.390611
685 0.402596
686 0.389784
687 0.512822
688 0.550075
689 0.54678
690 0.351521
691 0.43361
692 0.454217
693 0.462715
694 0.383897
695 0.483249
696 0.471816
697 0.43975
698 0.521367
699 0.400518
700 0.477514
701 0.396708
702 0.410165
703 0.289546
704 0.300731
705 0.463576
706 0.415499
707 0.278857
708 0.353761
709 0.338481
710 0.366726
711 0.301182
712 0.406767
713 0.422464
714 0.260795
715 0.266015
716 0.197032
717 0.162035
718 0.341797
719 0.444494
720 0.372668
721 0.344845
722 0.278622
723 0.422198
724 0.372273
725 0.372074
726 0.275147
727 0.248
728 0.416448
729 0.412793
730 0.518185
731 0.364031
732 0.423748
733 0.368607
734 0.470835
735 0.285484
736 0.456276
737 0.429343
738 0.533246
739 0.422023
740 0.308588
741 0.415712
742 0.383402
743 0.30964
744 0.297849
745 0.207202
746 0.416809
747 0.428083
748 0.507232
749 0.396698
750 0.526565
751 0.534575
752 0.55969
753 0.442943
754 0.317059
755 0.433387
756 0.504502
757 0.4458
758 0.537791
759 0.596087
760 0.590536
761 0.45005
762 0.576413
763 0.546285
764 0.508706
765 0.361062
766 0.243479
767 0.308159
768 0.437095
769 0.491858
770 0.592626
771 0.475289
772 0.35541
773 0.502654
774 0.523551
775 0.310874
776 0.279241
777 0.415198
778 0.306279
779 0.347622
780 0.472584
781 0.485924
782 0.443055
783 0.290833
784 0.460168
785 0.498064
786 0.432051
787 0.530167
788 0.388457
789 0.540022
790 0.408799
791 0.355448
792 0.36543
793 0.37722
794 0.342318
795 0.255632
796 0.278798
797 0.376418
798 0.515292
799 0.55008
800 0.31872
801 0.327006
802 0.378269
803 0.524185
804 0.424904
805 0.554
806 0.312291
807 0.271581
808 0.408198
809 0.328937
810 0.333173
811 0.36618
812 0.428533
813 0.334737
814 0.406783
815 0.214005
816 0.179701
817 0.337082
818 0.445127
819 0.528975
820 0.377986
821 0.458702
822 0.530966
823 0.532477
824 0.35643
825 0.521926
826 0.473748
827 0.33206
828 0.416592
829 0.301089
830 0.315584
831 0.460044
832 0.359076
833 0.234781
834 0.308582
835 0.244812
836 0.219156
837 0.421038
838 0.438191
839 0.347912
840 0.431074
841 0.271649
842 0.465738
843 0.465073
844 0.512288
845 0.305438
846 0.281352
847 0.350519
848 0.383742
849 0.500803
850 0.346291
851 0.48985
852 0.358576
853 0.380747
854 0.266988
855 0.393697
856 0.432204
857 0.491815
858 0.407982
859 0.560982
860 0.323251
861 0.381517
862 0.373112
863 0.332854
864 0.503389
865 0.497351
866 0.588679
867 0.422937
868 0.342813
869 0.493926
870 0.328191
871 0.327389
872 0.295313
873 0.440543
874 0.341977
875 0.353073
876 0.326718
877 0.477535
878 0.385112
879 0.370448
880 0.421341
881 0.545386
882 0.630147
883 0.41392
884 0.46186
885 0.351553
886 0.501829
887 0.362228
888 0.23535
889 0.204399
890 0.41938
891 0.266066
892 0.438005
893 0.365453
894 0.265069
895 0.492377
896 0.498521
897 0.419253
898 0.265294
899 0.204272
900 0.183808
901 0.382417
902 0.479166
903 0.400136
904 0.502273
905 0.576288
906 0.645383
907 0.378917
908 0.313308
909 0.436461
910 0.456879
911 0.462442
912 0.554179
913 0.366168
914 0.34458
915 0.418399
916 0.365696
917 0.353945
918 0.483597
919 0.459583
920 0.474969
921 0.298205
922 0.35623
923 0.505778
924 0.364969
925 0.258619
926 0.21698
927 0.391044
928 0.371479
929 0.487846
930 0.489703
931 0.399207
932 0.490325
933 0.320131
934 0.298982
935 0.41017
936 0.41795
937 0.438594
938 0.500427
939 0.282227
940 0.345882
941 0.443706
942 0.317222
943 0.5029
944 0.462653
945 0.475386
946 0.474432
947 0.567623
948 0.591787
949 0.605276
950 0.453458
951 0.37543
952 0.42043
953 0.497893
954 0.40289
955 0.287063
956 0.473323
957 0.325165
958 0.416544
959 0.428756
960 0.490298
961 0.330482
962 0.343643
963 0.464372
964 0.265294
965 0.477902
966 0.525575
967 0.314804
968 0.427298
969 0.369716
970 0.236149
971 0.278832
972 0.34359
973 0.460883
974 0.33544
975 0.409971
976 0.541456
977 0.364312
978 0.568253
979 0.477289
980 0.430408
981 0.543239
982 0.427541
983 0.271463
984 0.264496
985 0.419008
986 0.413191
987 0.4487
988 0.509069
989 0.592807
990 0.630232
991 0.352135
992 0.261134
993 0.462631
994 0.439336
995 0.404059
996 0.3612
997 0.469631
998 0.368114
999 0.397023
1000 0.409613
1001 0.352581
1002 0.336778
1003 0.319155
1004 0.271759
1005 0.244908
1006 0.188119
1007 0.375945
1008 0.219076
1009 0.386355
1010 0.421946
1011 0.471217
1012 0.55428
1013 0.58069
1014 0.54741
1015 0.414962
1016 0.40435
1017 0.358784
1018 0.381636
1019 0.443055
1020 0.379986
1021 0.282998
1022 0.453154
1023 0.464008
1024 0.514059
1025 0.49052
1026 0.269276
1027 0.501734
1028 0.33912
1029 0.240527
1030 0.27949
1031 0.412456
1032 0.33702
1033 0.53194
1034 0.523768
1035 0.606371
1036 0.58675
1037 0.509347
1038 0.491837
1039 0.360326
1040 0.246363
1041 0.413909
1042 0.329031
1043 0.478934
1044 0.317301
1045 0.534259
1046 0.510914
1047 0.436974
1048 0.275153
1049 0.334136
1050 0.304434
1051 0.211621
1052 0.409687
1053 0.271588
1054 0.280597
1055 0.287457
1056 0.383068
1057 0.495683
1058 0.495904
1059 0.415425
1060 0.445554
1061 0.435964
1062 0.557819
1063 0.491388
1064 0.48673
1065 0.532466
1066 0.404201
1067 0.541024
1068 0.539272
1069 0.385532
1070 0.473401
1071 0.360256
1072 0.318377
1073 0.258663
1074 0.349535
1075 0.325753
1076 0.253461
1077 0.456954
1078 0.477833
1079 0.476761
1080 0.392457
1081 0.322858
1082 0.322438
1083 0.245344
1084 0.438283
1085 0.499352
1086 0.548017
1087 0.611697
1088 0.587839
1089 0.529222
1090 0.497059
1091 0.421869
1092 0.306071
1093 0.492692
1094 0.506633
1095 0.423303
1096 0.294513
1097 0.473307
1098 0.44636
1099 0.339394
1100 0.363568
1101 0.29274
1102 0.354147
1103 0.320505
1104 0.234516
1105 0.224526
1106 0.375379
1107 0.504177
1108 0.531867
1109 0.600419
1110 0.573498
1111 0.374722
1112 0.304003
1113 0.351847
1114 0.337655
1115 0.354832
1116 0.324843
1117 0.225102
1118 0.214722
1119 0.422046
1120 0.242522
1121 0.362642
1122 0.267851
1123 0.424846
1124 0.448882
1125 0.303092
1126 0.502162
1127 0.496606
1128 0.552161
1129 0.3429
1130 0.440428
1131 0.52921
1132 0.369313
1133 0.533129
1134 0.343261
1135 0.292011
1136 0.462616
1137 0.485455
1138 0.391872
1139 0.320542
1140 0.318341
1141 0.479817
1142 0.446798
1143 0.514355
1144 0.362058
1145 0.371613
1146 0.285909
1147 0.440329
1148 0.335628
1149 0.222034
1150 0.335685
1151 0.273564
1152 0.288582
1153 0.414328
1154 0.449262
1155 0.534635
1156 0.308532
1157 0.366124
1158 0.28888
1159 0.46111
1160 0.368257
1161 0.343218
1162 0.503804
1163 0.414035
1164 0.511388
1165 0.539347
1166 0.573731
1167 0.451082
1168 0.583791
1169 0.460252
1170 0.4233
1171 0.323414
1172 0.354966
1173 0.416187
1174 0.277433
1175 0.275724
1176 0.415308
1177 0.52037
1178 0.448118
1179 0.282698
1180 0.26078
1181 0.225376
1182 0.324849
1183 0.472011
1184 0.345654
1185 0.461116
1186 0.510105
1187 0.387089
1188 0.248819
1189 0.175609
1190 0.363923
1191 0.314701
1192 0.434055
1193 0.524636
1194 0.404241
1195 0.317501
1196 0.408896
1197 0.320695
1198 0.214908
1199 0.261164
1200 0.319827
1201 0.43997
1202 0.517615
1203 0.404217
1204 0.420222
1205 0.447802
1206 0.524124
1207 0.521828
1208 0.463389
1209 0.326566
1210 0.330462
1211 0.272815
1212 0.276502
1213 0.297063
1214 0.41558
1215 0.432406
1216 0.491564
1217 0.436873
1218 0.278783
1219 0.460911
1220 0.496705
1221 0.40686
1222 0.238387
1223 0.473483
1224 0.38799
1225 0.444445
1226 0.433477
1227 0.448985
1228 0.537695
1229 0.320556
1230 0.45338
1231 0.461249
1232 0.316609
1233 0.509531
1234 0.342191
1235 0.291952
1236 0.422723
1237 0.320719
1238 0.297351
1239 0.338892
1240 0.484001
1241 0.502205
1242 0.551157
1243 0.541695
1244 0.352314
1245 0.354797
1246 0.487558
1247 0.282177
1248 0.377624
1249 0.312583
1250 0.359666
1251 0.273003
1252 0.409217
1253 0.394115
1254 0.248261
1255 0.21112
1256 0.267662
1257 0.220861
1258 0.325068
1259 0.436654
1260 0.361449
1261 0.393439
1262 0.34158
1263 0.451533
1264 0.417489
1265 0.559037
1266 0.386886
1267 0.481204
1268 0.285118
1269 0.216934
1270 0.214631
1271 0.22013
1272 0.41391
1273 0.284941
1274 0.266684
1275 0.207242
1276 0.29037
1277 0.203659
1278 0.276427
1279 0.352867
1280 0.279946
1281 0.43987
1282 0.330744
1283 0.227092
1284 0.322334
1285 0.37471
1286 0.340978
1287 0.291245
1288 0.301915
1289 0.435188
1290 0.457564
1291 0.428352
1292 0.534002
1293 0.529368
1294 0.404245
1295 0.449812
1296 0.541177
1297 0.366686
1298 0.40501
1299 0.314849
1300 0.218465
1301 0.278647
1302 0.317777
1303 0.354444
1304 0.360348
1305 0.377635
1306 0.325355
1307 0.219264
1308 0.448667
1309 0.520046
1310 0.514436
1311 0.570771
1312 0.473336
1313 0.579469
1314 0.510548
1315 0.347501
1316 0.342121
1317 0.283098
1318 0.423248
1319 0.471762
1320 0.378088
1321 0.362473
1322 0.466657
1323 0.293749
1324 0.31646
1325 0.493079
1326 0.343574
1327 0.319622
1328 0.309617
1329 0.493314
1330 0.465423
1331 0.529198
1332 0.359359
1333 0.238329
1334 0.331885
1335 0.212315
1336 0.371413
1337 0.259027
1338 0.309315
1339 0.239212
1340 0.374614
1341 0.395785
1342 0.418835
1343 0.445826
1344 0.268569
1345 0.278566
1346 0.379019
1347 0.258549
1348 0.263898
1349 0.234669
1350 0.364345
1351 0.332441
1352 0.390233
1353 0.330793
1354 0.436222
1355 0.500323
1356 0.378026
1357 0.456262
1358 0.439554
1359 0.488131
1360 0.510326
1361 0.464912
1362 0.563163
1363 0.31658
1364 0.279808
1365 0.377497
1366 0.235181
1367 0.353121
1368 0.336806
1369 0.254303
1370 0.458619
1371 0.45096
1372 0.443686
1373 0.324239
1374 0.425065
1375 0.512812
1376 0.457935
1377 0.523443
1378 0.42274
1379 0.245211
1380 0.487803
1381 0.492387
1382 0.336423
1383 0.515183
1384 0.559491
1385 0.494912
1386 0.39377
1387 0.281885
1388 0.384472
1389 0.318576
1390 0.502422
1391 0.485115
1392 0.348052
1393 0.426723
1394 0.418548
1395 0.537777
1396 0.56016
1397 0.484505
1398 0.613313
1399 0.355451
1400 0.44347
1401 0.268523
1402 0.375158
1403 0.334484
1404 0.497415
1405 0.503006
1406 0.522036
1407 0.504149
1408 0.403934
1409 0.440035
1410 0.334438
1411 0.450974
1412 0.422101
1413 0.287037
1414 0.347306
1415 0.38532
1416 0.523661
1417 0.492524
1418 0.471675
1419 0.36172
1420 0.412265
1421 0.381622
1422 0.535206
1423 0.423852
1424 0.539432
1425 0.516025
1426 0.42478
1427 0.287817
1428 0.276562
1429 0.333936
1430 0.310994
1431 0.442501
1432 0.466706
1433 0.475197
1434 0.488522
1435 0.47193
1436 0.503468
1437 0.607714
1438 0.627319
1439 0.591333
1440 0.637202
1441 0.476473
1442 0.338258
1443 0.492335
1444 0.36537
1445 0.303465
1446 0.282157
1447 0.352896
1448 0.228976
1449 0.275454
1450 0.245364
1451 0.328319
1452 0.273154
1453 0.28925
1454 0.456411
1455 0.422704
1456 0.274834
1457 0.326627
1458 0.236906
1459 0.219929
1460 0.234363
1461 0.259111
1462 0.266458
1463 0.433637
1464 0.44108
1465 0.413481
1466 0.301096
1467 0.26312
1468 0.285221
1469 0.378983
1470 0.243592
1471 0.277002
1472 0.331036
1473 0.23574
1474 0.360563
1475 0.407525
1476 0.321444
1477 0.454325
1478 0.36431
1479 0.419706
1480 0.321323
1481 0.398774
1482 0.260209
1483 0.291258
1484 0.318964
1485 0.316388
1486 0.405402
1487 0.243861
1488 0.265432
1489 0.442471
1490 0.272217
1491 0.342341
1492 0.274517
1493 0.456825
1494 0.365528
1495 0.541792
1496 0.51571
1497 0.370667
1498 0.544521
1499 0.461889
1500 0.593574
1501 0.511136
1502 0.550871
1503 0.472596
1504 0.381904
1505 0.420609
1506 0.262707
1507 0.198842
1508 0.314724
1509 0.335158
1510 0.469047
1511 0.561929
1512 0.314273
1513 0.506191
1514 0.312789
1515 0.283583
1516 0.341874
1517 0.493407
1518 0.500184
1519 0.519064
1520 0.44763
1521 0.455488
1522 0.372075
1523 0.239514
1524 0.238241
1525 0.202544
1526 0.365015
1527 0.461779
1528 0.456856
1529 0.478566
1530 0.506523
1531 0.476597
1532 0.304628
1533 0.305167
1534 0.426795
1535 0.252019
1536 0.291003
1537 0.257242
1538 0.226675
1539 0.262488
1540 0.363737
1541 0.292302
1542 0.226054
1543 0.380953
1544 0.464575
1545 0.383064
1546 0.342507
1547 0.501251
1548 0.409189
1549 0.568861
1550 0.466844
1551 0.306892
1552 0.423768
1553 0.290919
1554 0.384449
1555 0.398676
1556 0.383228
1557 0.384538
1558 0.344796
1559 0.376736
1560 0.345332
1561 0.491835
1562 0.315248
1563 0.313619
1564 0.35115
1565 0.35149
1566 0.247835
1567 0.400584
1568 0.459263
1569 0.313448
1570 0.459735
1571 0.515395
1572 0.535289
1573 0.398118
1574 0.478117
1575 0.265585
1576 0.182511
1577 0.364847
1578 0.342646
1579 0.230922
1580 0.356638
1581 0.461419
1582 0.374259
1583 0.310077
1584 0.404655
1585 0.392362
1586 0.400887
1587 0.427916
1588 0.468172
1589 0.507501
1590 0.362973
1591 0.313317
1592 0.335916
1593 0.451664
1594 0.540953
1595 0.391718
1596 0.476512
1597 0.435302
1598 0.417253
1599 0.353692
1600 0.445546
1601 0.42481
1602 0.472344
1603 0.336071
1604 0.30178
1605 0.255907
1606 0.408764
1607 0.351835
1608 0.328068
1609 0.299181
1610 0.42887
1611 0.464129
1612 0.36954
1613 0.251553
1614 0.240367
1615 0.179784
1616 0.281628
1617 0.229348
1618 0.395689
1619 0.421935
1620 0.417531
1621 0.542622
1622 0.448933
1623 0.577908
1624 0.512956
1625 0.318708
1626 0.363708
1627 0.353108
1628 0.428003
1629 0.320316
1630 0.275979
1631 0.304213
1632 0.237171
1633 0.39447
1634 0.344779
1635 0.360983
1636 0.340694
1637 0.490628
1638 0.370354
1639 0.311483
1640 0.332649
1641 0.225049
1642 0.434748
1643 0.411467
1644 0.450196
1645 0.557494
1646 0.507816
1647 0.438063
1648 0.505932
1649 0.455326
1650 0.418466
1651 0.301462
1652 0.487741
1653 0.451689
1654 0.292178
1655 0.266885
1656 0.223584
1657 0.260676
1658 0.384779
1659 0.449398
1660 0.454438
1661 0.474197
1662 0.449234
1663 0.292775
1664 0.282999
1665 0.330044
1666 0.220688
1667 0.280626
1668 0.316373
1669 0.439963
1670 0.490707
1671 0.351371
1672 0.497324
1673 0.488168
1674 0.310515
1675 0.280692
1676 0.308762
1677 0.464873
1678 0.430844
1679 0.471163
1680 0.326508
1681 0.535575
1682 0.489927
1683 0.403069
1684 0.510022
1685 0.323385
1686 0.331204
1687 0.272891
1688 0.460862
1689 0.485466
1690 0.294519
1691 0.338765
1692 0.240304
1693 0.344074
1694 0.31962
1695 0.481137
1696 0.351816
1697 0.23543
1698 0.248521
1699 0.211012
1700 0.281383
1701 0.262356
1702 0.266783
1703 0.292404
1704 0.280678
1705 0.437473
1706 0.520045
1707 0.364534
1708 0.377032
1709 0.441944
1710 0.365385
1711 0.337644
1712 0.433307
1713 0.441693
1714 0.53805
1715 0.524894
1716 0.584685
1717 0.429249
1718 0.266507
1719 0.355607
1720 0.270947
1721 0.365835
1722 0.39872
1723 0.52003
1724 0.524817
1725 0.398922
1726 0.397364
1727 0.522065
1728 0.34762
1729 0.388801
1730 0.429966
1731 0.335444
1732 0.377525
1733 0.368705
1734 0.290304
1735 0.470111
1736 0.360043
1737 0.384452
1738 0.317327
1739 0.239695
1740 0.428884
1741 0.500394
1742 0.571193
1743 0.59321
1744 0.49967
1745 0.561116
1746 0.315138
1747 0.298031
1748 0.314391
1749 0.217836
1750 0.441021
1751 0.449744
1752 0.424979
1753 0.342071
1754 0.318669
1755 0.24757
1756 0.209185
1757 0.366426
1758 0.412359
1759 0.303054
1760 0.283148
1761 0.441768
1762 0.364329
1763 0.315476
1764 0.254899
1765 0.406896
1766 0.448595
1767 0.389247
1768 0.365853
1769 0.384154
1770 0.255971
1771 0.242429
1772 0.419147
1773 0.281154
1774 0.25958
1775 0.318939
1776 0.29498
1777 0.30363
1778 0.340956
1779 0.442952
1780 0.54523
1781 0.313503
1782 0.35033
1783 0.250855
1784 0.327346
1785 0.332484
1786 0.389556
1787 0.425735
1788 0.414323
1789 0.378634
1790 0.389918
1791 0.502049
1792 0.554403
1793 0.399382
1794 0.417857
1795 0.430965
1796 0.403218
1797 0.277304
1798 0.406934
1799 0.388143
1800 0.313881
1801 0.400721
1802 0.488648
1803 0.350898
1804 0.480517
1805 0.525209
1806 0.542343
1807 0.444127
1808 0.493105
1809 0.52079
1810 0.416975
1811 0.282932
1812 0.24053
1813 0.305325
1814 0.2298
1815 0.434098
1816 0.298383
1817 0.279685
1818 0.414929
1819 0.370694
1820 0.378972
1821 0.262481
1822 0.28674
1823 0.412811
1824 0.308406
1825 0.504565
1826 0.494741
1827 0.532219
1828 0.542547
1829 0.496939
1830 0.312609
1831 0.264478
1832 0.321455
1833 0.45206
1834 0.263297
1835 0.209002
1836 0.393281
1837 0.457727
1838 0.267244
1839 0.217154
1840 0.368254
1841 0.500294
1842 0.311773
1843 0.432676
1844 0.326418
1845 0.471282
1846 0.388008
1847 0.525432
1848 0.40172
1849 0.541094
1850 0.49587
1851 0.403444
1852 0.524485
1853 0.591867
1854 0.533813
1855 0.619597
1856 0.465318
1857 0.504607
1858 0.49017
1859 0.537348
1860 0.506884
1861 0.411099
1862 0.304348
1863 0.430471
1864 0.295342
1865 0.447039
1866 0.444669
1867 0.495473
1868 0.567217
1869 0.372056
1870 0.443799
1871 0.469096
1872 0.436059
1873 0.2632
1874 0.209464
1875 0.197738
1876 0.174418
1877 0.313642
1878 0.393846
1879 0.36942
1880 0.391543
1881 0.440534
1882 0.330113
1883 0.506861
1884 0.542358
1885 0.496636
1886 0.315274
1887 0.490121
1888 0.342853
1889 0.2556
1890 0.453996
1891 0.471739
1892 0.470982
1893 0.395445
1894 0.31028
1895 0.247517
1896 0.393232
1897 0.334131
1898 0.251777
1899 0.244198
1900 0.427919
1901 0.306786
1902 0.259506
1903 0.400964
1904 0.435799
1905 0.316676
1906 0.285197
1907 0.311453
1908 0.300097
1909 0.363481
1910 0.27456
1911 0.314111
1912 0.423984
1913 0.562789
1914 0.593031
1915 0.362999
1916 0.525188
1917 0.335691
1918 0.222066
1919 0.2944
1920 0.425802
1921 0.324369
1922 0.323685
1923 0.220987
1924 0.191844
1925 0.347084
1926 0.438026
1927 0.301245
1928 0.460951
1929 0.450882
1930 0.412503
1931 0.519334
1932 0.325263
1933 0.330845
1934 0.356475
1935 0.366964
1936 0.274235
1937 0.245062
1938 0.443929
1939 0.437405
1940 0.328619
1941 0.478066
1942 0.308425
1943 0.514872
1944 0.372165
1945 0.302581
1946 0.483399
1947 0.285442
1948 0.401682
1949 0.409064
1950 0.34729
1951 0.422177
1952 0.429934
1953 0.552373
1954 0.553327
1955 0.337051
1956 0.296364
1957 0.324387
1958 0.426472
1959 0.439205
1960 0.462204
1961 0.314878
1962 0.437627
1963 0.475472
1964 0.397181
1965 0.409111
1966 0.359693
1967 0.39099
1968 0.529071
1969 0.584523
1970 0.565503
1971 0.623307
1972 0.530993
1973 0.600632
1974 0.446407
1975 0.511128
1976 0.388589
1977 0.354451
1978 0.464404
1979 0.378345
1980 0.255841
1981 0.210375
1982 0.411658
1983 0.396796
1984 0.399656
1985 0.326072
1986 0.493479
1987 0.53444
1988 0.595718
1989 0.372277
1990 0.349921
1991 0.323745
1992 0.246958
1993 0.435799
1994 0.507271
1995 0.42275
1996 0.46587
1997 0.419817
1998 0.429532
1999 0.476209
2000 0.310128
2001 0.22497
2002 0.213151
2003 0.22491
2004 0.216435
2005 0.340418
2006 0.257876
2007 0.386826
2008 0.280181
2009 0.260426
2010 0.402027
2011 0.492706
2012 0.411434
2013 0.491734
2014 0.450962
2015 0.357684
2016 0.457435
2017 0.304308
2018 0.396219
2019 0.292909
2020 0.48
2021 0.384364
2022 0.404541
2023 0.506545
2024 0.410809
2025 0.437163
2026 0.36555
2027 0.47597
2028 0.49333
2029 0.405357
2030 0.404392
2031 0.297816
2032 0.297266
2033 0.380648
2034 0.448371
2035 0.490749
2036 0.419421
2037 0.458736
2038 0.277644
2039 0.223546
2040 0.30153
2041 0.38467
2042 0.416563
2043 0.480517
2044 0.306973
2045 0.454067
2046 0.399187
2047 0.552309
2048 0.472305
2049 0.507201
2050 0.342902
2051 0.293572
2052 0.296339
2053 0.437029
2054 0.479249
2055 0.444961
2056 0.289593
2057 0.420384
2058 0.323716
2059 0.44065
2060 0.528075
2061 0.389688
2062 0.270456
2063 0.409576
2064 0.288507
2065 0.22315
2066 0.318193
2067 0.252725
2068 0.362625
2069 0.324726
2070 0.291811
2071 0.287529
2072 0.202362
2073 0.350063
2074 0.393123
2075 0.312857
2076 0.400429
2077 0.5232
2078 0.303814
2079 0.465735
2080 0.526459
2081 0.381216
2082 0.340308
2083 0.429601
2084 0.26693
2085 0.459913
2086 0.401028
2087 0.372498
2088 0.46422
2089 0.482754
2090 0.517275
2091 0.509814
2092 0.451502
2093 0.447827
2094 0.559537
2095 0.570037
2096 0.54038
2097 0.501143
2098 0.436119
2099 0
