0 -15548.8
1 401.399
2 265.38
3 28.4237
4 5.07865
5 0.755285
6 0.276004
7 0.422347
8 0.335558
9 0.376007
10 0.447829
11 0.40621
12 0.47776
13 0.540739
14 0.503406
15 0.56698
16 0.350128
17 0.39301
18 0.469812
19 0.439994
20 0.382338
21 0.429252
22 0.291695
23 0.300375
24 0.313068
25 0.270569
26 0.429156
27 0.437409
28 0.385093
29 0.337862
30 0.483796
31 0.288723
32 0.448862
33 0.249039
34 0.494002
35 0.363281
36 0.395198
37 0.289832
38 0.449302
39 0.350248
40 0.34153
41 0.315478
42 0.273521
43 0.396485
44 0.32207
45 0.308239
46 0.491643
47 0.502387
48 0.413035
49 0.451289
50 0.352307
51 0.402159
52 0.345076
53 0.461567
54 0.424524
55 0.479216
56 0.48882
57 0.542977
58 0.571741
59 0.588307
60 0.602684
61 0.426852
62 0.289463
63 0.388912
64 0.298322
65 0.408102
66 0.326997
67 0.34615
68 0.398141
69 0.255793
70 0.36936
71 0.461284
72 0.501554
73 0.583469
74 0.399092
75 0.499169
76 0.444904
77 0.42159
78 0.357213
79 0.411863
80 0.375641
81 0.357648
82 0.3005
83 0.367836
84 0.23507
85 0.442109
86 0.317101
87 0.242228
88 0.387649
89 0.467648
90 0.567825
91 0.319753
92 0.481686
93 0.523871
94 0.591247
95 0.366199
96 0.238345
97 0.436736
98 0.314052
99 0.30121
100 0.313349
101 0.284047
102 0.469294
103 0.532796
104 0.266509
105 0.530247
106 0.490628
107 0.459992
108 0.512181
109 0.562313
110 0.595467
111 0.559798
112 0.402743
113 0.358236
114 0.341855
115 0.358692
116 0.256369
117 0.247823
118 0.357665
119 0.424684
120 0.407199
121 0.459419
122 0.317205
123 0.260987
124 0.390408
125 0.397184
126 0.322422
127 0.229024
128 0.37234
129 0.356936
130 0.378811
131 0.419187
132 0.551561
133 0.533486
134 0.595854
135 0.496978
136 0.407456
137 0.285732
138 0.207699
139 0.252662
140 0.308443
141 0.490074
142 0.378249
143 0.281134
144 0.378013
145 0.459494
146 0.300552
147 0.457812
148 0.454115
149 0.549803
150 0.492031
151 0.478023
152 0.514344
153 0.580622
154 0.439098
155 0.281952
156 0.450213
157 0.271735
158 0.293204
159 0.361167
160 0.333198
161 0.239627
162 0.471308
163 0.495229
164 0.376382
165 0.352932
166 0.478471
167 0.298852
168 0.37022
169 0.34049
170 0.222907
171 0.483523
172 0.36764
173 0.338255
174 0.41492
175 0.32497
176 0.363937
177 0.25253
178 0.425796
179 0.277914
180 0.40517
181 0.493731
182 0.563023
183 0.423843
184 0.261963
185 0.243253
186 0.209574
187 0.339466
188 0.348892
189 0.256153
190 0.389529
191 0.447994
192 0.444653
193 0.265271
194 0.440102
195 0.278895
196 0.374533
197 0.298489
198 0.348168
199 0.235116
200 0.391281
201 0.36575
202 0.360164
203 0.300687
204 0.33719
205 0.340407
206 0.299573
207 0.42588
208 0.466908
209 0.327876
210 0.331291
211 0.272042
212 0.364272
213 0.325983
214 0.491507
215 0.377831
216 0.357735
217 0.431989
218 0.474427
219 0.42285
220 0.407467
221 0.350954
222 0.345239
223 0.467671
224 0.287259
225 0.446619
226 0.503786
227 0.383417
228 0.418663
229 0.342408
230 0.312674
231 0.432077
232 0.419309
233 0.462746
234 0.536366
235 0.423618
236 0.466836
237 0.277477
238 0.388102
239 0.332482
240 0.271492
241 0.420131
242 0.30327
243 0.359734
244 0.308292
245 0.345106
246 0.312437
247 0.254491
248 0.330119
249 0.401273
250 0.538527
251 0.618199
252 0.410044
253 0.300403
254 0.455874
255 0.455235
256 0.571133
257 0.479848
258 0.293593
259 0.389851
260 0.499639
261 0.515563
262 0.54534
263 0.328567
264 0.469456
265 0.517149
266 0.465989
267 0.528776
268 0.580877
269 0.632894
270 0.522587
271 0.424452
272 0.254253
273 0.305437
274 0.34767
275 0.44625
276 0.46793
277 0.577404
278 0.372334
279 0.478222
280 0.368641
281 0.340216
282 0.498671
283 0.30037
284 0.238159
285 0.199767
286 0.328982
287 0.192008
288 0.468454
289 0.323879
290 0.455579
291 0.398031
292 0.528592
293 0.464188
294 0.521109
295 0.415954
296 0.415382
297 0.317975
298 0.286711
299 0.235212
300 0.416753
301 0.516935
302 0.474659
303 0.357967
304 0.297408
305 0.42273
306 0.313034
307 0.427373
308 0.535481
309 0.376084
310 0.478413
311 0.512855
312 0.457927
313 0.372636
314 0.359117
315 0.340805
316 0.379889
317 0.417079
318 0.432415
319 0.499725
320 0.524984
321 0.559274
322 0.555078
323 0.627406
324 0.567236
325 0.348206
326 0.464271
327 0.515443
328 0.490325
329 0.571568
330 0.578375
331 0.51007
332 0.541588
333 0.636028
334 0.511288
335 0.519526
336 0.311109
337 0.365714
338 0.269932
339 0.42032
340 0.267197
341 0.445012
342 0.534799
343 0.403836
344 0.490851
345 0.388942
346 0.330453
347 0.317401
348 0.250761
349 0.456383
350 0.433771
351 0.418346
352 0.368743
353 0.354366
354 0.292576
355 0.258056
356 0.389929
357 0.319903
358 0.365863
359 0.422711
360 0.252589
361 0.227803
362 0.391367
363 0.335313
364 0.493424
365 0.495284
366 0.541442
367 0.441994
368 0.478092
369 0.376643
370 0.318184
371 0.345172
372 0.292519
373 0.313877
374 0.267624
375 0.243757
376 0.223823
377 0.363049
378 0.419125
379 0.279902
380 0.41095
381 0.362783
382 0.250334
383 0.346963
384 0.217739
385 0.37574
386 0.330715
387 0.216876
388 0.383442
389 0.478715
390 0.368609
391 0.527217
392 0.534664
393 0.540396
394 0.441989
395 0.377876
396 0.305171
397 0.372284
398 0.312053
399 0.393097
400 0.304859
401 0.431598
402 0.480157
403 0.54014
404 0.5859
405 0.551083
406 0.562817
407 0.606093
408 0.464208
409 0.524338
410 0.569812
411 0.647702
412 0.57665
413 0.43758
414 0.3342
415 0.482718
416 0.475842
417 0.47257
418 0.372114
419 0.40496
420 0.432659
421 0.361975
422 0.275393
423 0.488438
424 0.39639
425 0.433832
426 0.289952
427 0.308567
428 0.281497
429 0.346044
430 0.333701
431 0.476123
432 0.497126
433 0.595817
434 0.327492
435 0.439815
436 0.311343
437 0.28646
438 0.421941
439 0.331931
440 0.52086
441 0.520349
442 0.501744
443 0.341817
444 0.231155
445 0.211834
446 0.227868
447 0.302847
448 0.433353
449 0.277208
450 0.251274
451 0.405055
452 0.316762
453 0.269548
454 0.353725
455 0.459285
456 0.35781
457 0.378205
458 0.505425
459 0.375412
460 0.409666
461 0.364474
462 0.257096
463 0.36719
464 0.460684
465 0.566015
466 0.429225
467 0.365366
468 0.517172
469 0.353179
470 0.495323
471 0.466319
472 0.348525
473 0.42622
474 0.257154
475 0.487522
476 0.34286
477 0.318385
478 0.308795
479 0.42957
480 0.416908
481 0.508625
482 0.476231
483 0.390588
484 0.353454
485 0.503283
486 0.444605
487 0.372274
488 0.412657
489 0.405004
490 0.481663
491 0.550136
492 0.60764
493 0.401507
494 0.358204
495 0.519957
496 0.515257
497 0.549424
498 0.343358
499 0.416697
500 0.263818
501 0.340418
502 0.255849
503 0.480626
504 0.353385
505 0.44576
506 0.275683
507 0.504544
508 0.336411
509 0.368484
510 0.24267
511 0.311733
512 0.236138
513 0.483877
514 0.427708
515 0.500116
516 0.543871
517 0.49633
518 0.488779
519 0.413805
520 0.37496
521 0.37045
522 0.332832
523 0.250958
524 0.43553
525 0.48739
526 0.567365
527 0.342347
528 0.380674
529 0.286126
530 0.348733
531 0.295138
532 0.230538
533 0.386958
534 0.430729
535 0.360031
536 0.450435
537 0.541368
538 0.295581
539 0.477073
540 0.265553
541 0.476881
542 0.339687
543 0.328855
544 0.46873
545 0.304039
546 0.276061
547 0.272808
548 0.301053
549 0.480924
550 0.397475
551 0.244004
552 0.3128
553 0.496921
554 0.372708
555 0.251133
556 0.348055
557 0.28699
558 0.387136
559 0.297964
560 0.440555
561 0.367405
562 0.47722
563 0.577206
564 0.460282
565 0.541713
566 0.353708
567 0.485859
568 0.456557
569 0.55398
570 0.411127
571 0.278569
572 0.415824
573 0.425713
574 0.527283
575 0.450343
576 0.57213
577 0.544564
578 0.618811
579 0.339868
580 0.332104
581 0.371722
582 0.416617
583 0.401544
584 0.499519
585 0.394981
586 0.374088
587 0.42409
588 0.464386
589 0.539778
590 0.38133
591 0.318924
592 0.387188
593 0.325653
594 0.41253
595 0.269084
596 0.334395
597 0.278171
598 0.242945
599 0.407264
600 0.383549
601 0.446792
602 0.448878
603 0.366606
604 0.345506
605 0.240437
606 0.195302
607 0.418327
608 0.287724
609 0.396253
610 0.255788
611 0.264337
612 0.366932
613 0.475202
614 0.457857
615 0.304017
616 0.231131
617 0.378216
618 0.299545
619 0.262721
620 0.236844
621 0.375165
622 0.409748
623 0.466781
624 0.299034
625 0.44799
626 0.294202
627 0.261651
628 0.385385
629 0.384158
630 0.48287
631 0.456142
632 0.354619
633 0.403938
634 0.388205
635 0.321649
636 0.270775
637 0.374926
638 0.243389
639 0.224341
640 0.211646
641 0.200648
642 0.355377
643 0.39704
644 0.347307
645 0.359327
646 0.448627
647 0.293756
648 0.324477
649 0.234045
650 0.387059
651 0.339947
652 0.467983
653 0.480298
654 0.476621
655 0.365049
656 0.535578
657 0.55661
658 0.426009
659 0.277316
660 0.33759
661 0.417191
662 0.352814
663 0.226308
664 0.322845
665 0.412609
666 0.360773
667 0.349483
668 0.47301
669 0.30299
670 0.49071
671 0.435449
672 0.284
673 0.411934
674 0.498997
675 0.362674
676 0.41413
677 0.510363
678 0.497652
679 0.531989
680 0.334099
681 0.448265
682 0.404808
683 0.254747
684 0.372682
685 0.421527
686 0.400967
687 0.523263
688 0.532844
689 0.553874
690 0.350864
691 0.425233
692 0.459932
693 0.473201
694 0.375744
695 0.467121
696 0.467448
697 0.454853
698 0.527939
699 0.405312
700 0.457589
701 0.387119
702 0.389377
703 0.307299
704 0.274634
705 0.488141
706 0.419815
707 0.266537
708 0.347074
709 0.321858
710 0.35591
711 0.30991
712 0.395974
713 0.422083
714 0.286718
715 0.259758
716 0.220764
717 0.194582
718 0.339121
719 0.440775
720 0.385714
721 0.343837
722 0.273343
723 0.419491
724 0.375995
725 0.387014
726 0.276363
727 0.230882
728 0.399133
729 0.408399
730 0.541389
731 0.347946
732 0.414798
733 0.362941
734 0.4641
735 0.279326
736 0.424099
737 0.438661
738 0.52892
739 0.391712
740 0.307033
741 0.410741
742 0.350462
743 0.329329
744 0.289696
745 0.187526
746 0.415113
747 0.423761
748 0.51687
749 0.399591
750 0.517514
751 0.52849
752 0.557231
753 0.445304
754 0.308226
755 0.447508
756 0.503248
757 0.465233
758 0.552125
759 0.601043
760 0.577857
761 0.454875
762 0.596878
763 0.560828
764 0.511894
765 0.337712
766 0.24357
767 0.319513
768 0.407717
769 0.464358
770 0.584053
771 0.466211
772 0.383756
773 0.487289
774 0.498149
775 0.324483
776 0.266592
777 0.410688
778 0.322314
779 0.342716
780 0.495451
781 0.505002
782 0.44448
783 0.295459
784 0.453078
785 0.51582
786 0.440248
787 0.524646
788 0.389992
789 0.535823
790 0.420875
791 0.356581
792 0.346676
793 0.378431
794 0.324053
795 0.278736
796 0.27872
797 0.385401
798 0.488709
799 0.572215
800 0.28412
801 0.327573
802 0.41017
803 0.540164
804 0.425435
805 0.540219
806 0.304292
807 0.25859
808 0.431061
809 0.339648
810 0.328458
811 0.371666
812 0.404177
813 0.348897
814 0.401383
815 0.281218
816 0.181061
817 0.355587
818 0.431962
819 0.533168
820 0.396014
821 0.457119
822 0.553047
823 0.53044
824 0.378753
825 0.511754
826 0.472284
827 0.34269
828 0.410174
829 0.295102
830 0.324026
831 0.478179
832 0.367282
833 0.250544
834 0.297054
835 0.233404
836 0.169904
837 0.454772
838 0.432207
839 0.377379
840 0.426794
841 0.278699
842 0.48971
843 0.486506
844 0.505877
845 0.321495
846 0.282161
847 0.367933
848 0.383555
849 0.509035
850 0.344205
851 0.462352
852 0.354882
853 0.398585
854 0.266764
855 0.414117
856 0.441963
857 0.480346
858 0.424891
859 0.550733
860 0.287019
861 0.380241
862 0.394183
863 0.321272
864 0.503804
865 0.518691
866 0.599602
867 0.420562
868 0.349984
869 0.503529
870 0.334842
871 0.341785
872 0.300227
873 0.435604
874 0.356951
875 0.324969
876 0.346514
877 0.46984
878 0.380691
879 0.364668
880 0.436742
881 0.50707
882 0.635594
883 0.418199
884 0.467163
885 0.36598
886 0.517038
887 0.351518
888 0.229279
889 0.179225
890 0.403279
891 0.238251
892 0.424835
893 0.358502
894 0.269731
895 0.496241
896 0.51171
897 0.414141
898 0.252525
899 0.224617
900 0.154182
901 0.380172
902 0.475822
903 0.399491
904 0.485323
905 0.58601
906 0.649424
907 0.388176
908 0.310556
909 0.438474
910 0.452712
911 0.465017
912 0.568596
913 0.356801
914 0.328926
915 0.408164
916 0.358179
917 0.358325
918 0.478811
919 0.46177
920 0.479691
921 0.296514
922 0.360606
923 0.513648
924 0.370431
925 0.248422
926 0.207854
927 0.406573
928 0.36407
929 0.479056
930 0.489276
931 0.391997
932 0.491014
933 0.320561
934 0.321167
935 0.404215
936 0.410944
937 0.445359
938 0.505594
939 0.283892
940 0.352705
941 0.434326
942 0.341581
943 0.476592
944 0.466306
945 0.491714
946 0.487138
947 0.549266
948 0.570717
949 0.602193
950 0.435264
951 0.382824
952 0.430613
953 0.496525
954 0.400215
955 0.27443
956 0.484488
957 0.322442
958 0.415232
959 0.428359
960 0.504593
961 0.332336
962 0.348214
963 0.428181
964 0.276678
965 0.479579
966 0.51763
967 0.31213
968 0.402862
969 0.362097
970 0.244282
971 0.297343
972 0.346014
973 0.436173
974 0.338108
975 0.426063
976 0.538606
977 0.38269
978 0.573644
979 0.491638
980 0.439492
981 0.548856
982 0.416366
983 0.277493
984 0.268596
985 0.416123
986 0.413951
987 0.454864
988 0.525984
989 0.564206
990 0.631929
991 0.310975
992 0.329967
993 0.464611
994 0.43851
995 0.378143
996 0.35567
997 0.470649
998 0.365653
999 0.3905
1000 0.418539
1001 0.361232
1002 0.331026
1003 0.318926
1004 0.269348
1005 0.246036
1006 0.219948
1007 0.346652
1008 0.227205
1009 0.395484
1010 0.427904
1011 0.468437
1012 0.532983
1013 0.57667
1014 0.541101
1015 0.419665
1016 0.375054
1017 0.358861
1018 0.376777
1019 0.426067
1020 0.353772
1021 0.294798
1022 0.476553
1023 0.474798
1024 0.524173
1025 0.490063
1026 0.300137
1027 0.533136
1028 0.332974
1029 0.221595
1030 0.284843
1031 0.418003
1032 0.341762
1033 0.521545
1034 0.519286
1035 0.603483
1036 0.554583
1037 0.531358
1038 0.489784
1039 0.348875
1040 0.220602
1041 0.438112
1042 0.336789
1043 0.48255
1044 0.307692
1045 0.530373
1046 0.533969
1047 0.465813
1048 0.275199
1049 0.331511
1050 0.307071
1051 0.191067
1052 0.40785
1053 0.280191
1054 0.296996
1055 0.287503
1056 0.387633
1057 0.461104
1058 0.473737
1059 0.410218
1060 0.435549
1061 0.443648
1062 0.577081
1063 0.496467
1064 0.500868
1065 0.538489
1066 0.40812
1067 0.530496
1068 0.53685
1069 0.349679
1070 0.467914
1071 0.350448
1072 0.314108
1073 0.258164
1074 0.326025
1075 0.292211
1076 0.258747
1077 0.44675
1078 0.482235
1079 0.46749
1080 0.395983
1081 0.310159
1082 0.314776
1083 0.241501
1084 0.438515
1085 0.49018
1086 0.540321
1087 0.611187
1088 0.598756
1089 0.534855
1090 0.493198
1091 0.4004
1092 0.326875
1093 0.479405
1094 0.499281
1095 0.42263
1096 0.299171
1097 0.458189
1098 0.422577
1099 0.351387
1100 0.35311
1101 0.285952
1102 0.364432
1103 0.315295
1104 0.253228
1105 0.246592
1106 0.375994
1107 0.486046
1108 0.545917
1109 0.584137
1110 0.581604
1111 0.392671
1112 0.284175
1113 0.352941
1114 0.331905
1115 0.340689
1116 0.331152
1117 0.225572
1118 0.19746
1119 0.391488
1120 0.24967
1121 0.392427
1122 0.261687
1123 0.41727
1124 0.445039
1125 0.286322
1126 0.495884
1127 0.487237
1128 0.555347
1129 0.337115
1130 0.447185
1131 0.523112
1132 0.376204
1133 0.550807
1134 0.346307
1135 0.273113
1136 0.501298
1137 0.486411
1138 0.400322
1139 0.320626
1140 0.300108
1141 0.50253
1142 0.465394
1143 0.53584
1144 0.368882
1145 0.358204
1146 0.286261
1147 0.420329
1148 0.341283
1149 0.241453
1150 0.314232
1151 0.267118
1152 0.291479
1153 0.409598
1154 0.444078
1155 0.518504
1156 0.301102
1157 0.382727
1158 0.315638
1159 0.478513
1160 0.375976
1161 0.334884
1162 0.510754
1163 0.415424
1164 0.496606
1165 0.534497
1166 0.572082
1167 0.475731
1168 0.602631
1169 0.46842
1170 0.418347
1171 0.318254
1172 0.345457
1173 0.43292
1174 0.289703
1175 0.267066
1176 0.416438
1177 0.504267
1178 0.483445
1179 0.294846
1180 0.255455
1181 0.237433
1182 0.312772
1183 0.479149
1184 0.376331
1185 0.449413
1186 0.503535
1187 0.393001
1188 0.245766
1189 0.227731
1190 0.343631
1191 0.326792
1192 0.428354
1193 0.546123
1194 0.40718
1195 0.333169
1196 0.398735
1197 0.325282
1198 0.223163
1199 0.269729
1200 0.314812
1201 0.443562
1202 0.522702
1203 0.393165
1204 0.409571
1205 0.468924
1206 0.525435
1207 0.515934
1208 0.47351
1209 0.302344
1210 0.346698
1211 0.290935
1212 0.289338
1213 0.313373
1214 0.409843
1215 0.427898
1216 0.490505
1217 0.465318
1218 0.251895
1219 0.480978
1220 0.510044
1221 0.408581
1222 0.286214
1223 0.490954
1224 0.402919
1225 0.431934
1226 0.437573
1227 0.468108
1228 0.547645
1229 0.278561
1230 0.45177
1231 0.464859
1232 0.293651
1233 0.529647
1234 0.327685
1235 0.305809
1236 0.407058
1237 0.324476
1238 0.303196
1239 0.34129
1240 0.502103
1241 0.500958
1242 0.545394
1243 0.558219
1244 0.33538
1245 0.3596
1246 0.458786
1247 0.279386
1248 0.38449
1249 0.3232
1250 0.38105
1251 0.258516
1252 0.410021
1253 0.373118
1254 0.254183
1255 0.183321
1256 0.258898
1257 0.232146
1258 0.331158
1259 0.459738
1260 0.362224
1261 0.382386
1262 0.335349
1263 0.455349
1264 0.413421
1265 0.565639
1266 0.379172
1267 0.470471
1268 0.274748
1269 0.203846
1270 0.211483
1271 0.1725
1272 0.406696
1273 0.295301
1274 0.259004
1275 0.225352
1276 0.292206
1277 0.199661
1278 0.268337
1279 0.328324
1280 0.278705
1281 0.427915
1282 0.322748
1283 0.244233
1284 0.330535
1285 0.363305
1286 0.336159
1287 0.303724
1288 0.30605
1289 0.426782
1290 0.466133
1291 0.436356
1292 0.543448
1293 0.508237
1294 0.423201
1295 0.454933
1296 0.534844
1297 0.356657
1298 0.399333
1299 0.34615
1300 0.201679
1301 0.281138
1302 0.330608
1303 0.36753
1304 0.355108
1305 0.371296
1306 0.326954
1307 0.250876
1308 0.459022
1309 0.516451
1310 0.516977
1311 0.554558
1312 0.475298
1313 0.597728
1314 0.504057
1315 0.339941
1316 0.330719
1317 0.281719
1318 0.410028
1319 0.483421
1320 0.391109
1321 0.355249
1322 0.474583
1323 0.298422
1324 0.293363
1325 0.494626
1326 0.347983
1327 0.322014
1328 0.298593
1329 0.471957
1330 0.473154
1331 0.549705
1332 0.389558
1333 0.228777
1334 0.32452
1335 0.215962
1336 0.395515
1337 0.277071
1338 0.295025
1339 0.255203
1340 0.377593
1341 0.392186
1342 0.422884
1343 0.42549
1344 0.285222
1345 0.283374
1346 0.395487
1347 0.260627
1348 0.264493
1349 0.228977
1350 0.356673
1351 0.31979
1352 0.4172
1353 0.350441
1354 0.434979
1355 0.499152
1356 0.397174
1357 0.453759
1358 0.415137
1359 0.484431
1360 0.505323
1361 0.466926
1362 0.546444
1363 0.323487
1364 0.263912
1365 0.367064
1366 0.242387
1367 0.346089
1368 0.331251
1369 0.240361
1370 0.450379
1371 0.442699
1372 0.44182
1373 0.319786
1374 0.425656
1375 0.5125
1376 0.462781
1377 0.513074
1378 0.40316
1379 0.288859
1380 0.501626
1381 0.504266
1382 0.318912
1383 0.524426
1384 0.549001
1385 0.496414
1386 0.380346
1387 0.260829
1388 0.39373
1389 0.306958
1390 0.500615
1391 0.476222
1392 0.363225
1393 0.416594
1394 0.426987
1395 0.532472
1396 0.5548
1397 0.503056
1398 0.594554
1399 0.346288
1400 0.427585
1401 0.286944
1402 0.352633
1403 0.329062
1404 0.51787
1405 0.489569
1406 0.530705
1407 0.479524
1408 0.395064
1409 0.438737
1410 0.334733
1411 0.447731
1412 0.432863
1413 0.28483
1414 0.342151
1415 0.382784
1416 0.485334
1417 0.476464
1418 0.474738
1419 0.359138
1420 0.413759
1421 0.375305
1422 0.550562
1423 0.445258
1424 0.512545
1425 0.496207
1426 0.41861
1427 0.300743
1428 0.272973
1429 0.346564
1430 0.30516
1431 0.436583
1432 0.462401
1433 0.492413
1434 0.497148
1435 0.483175
1436 0.506306
1437 0.589524
1438 0.633776
1439 0.58626
1440 0.615122
1441 0.44953
1442 0.335466
1443 0.501356
1444 0.349683
1445 0.327601
1446 0.289036
1447 0.337218
1448 0.233127
1449 0.305471
1450 0.245579
1451 0.321132
1452 0.306601
1453 0.277259
1454 0.471648
1455 0.419595
1456 0.290578
1457 0.333006
1458 0.231486
1459 0.232144
1460 0.222049
1461 0.286327
1462 0.276179
1463 0.419408
1464 0.444972
1465 0.415046
1466 0.295385
1467 0.230894
1468 0.27666
1469 0.364187
1470 0.254122
1471 0.270568
1472 0.336597
1473 0.221119
1474 0.373295
1475 0.388685
1476 0.308431
1477 0.425308
1478 0.360426
1479 0.42201
1480 0.329122
1481 0.387147
1482 0.248592
1483 0.299613
1484 0.315804
1485 0.322575
1486 0.388741
1487 0.264923
1488 0.265637
1489 0.440456
1490 0.274507
1491 0.335515
1492 0.279395
1493 0.461999
1494 0.373363
1495 0.560532
1496 0.506619
1497 0.38247
1498 0.564794
1499 0.495971
1500 0.623748
1501 0.514635
1502 0.542175
1503 0.471025
1504 0.386346
1505 0.454915
1506 0.304285
1507 0.209911
1508 0.321451
1509 0.330465
1510 0.458515
1511 0.559835
1512 0.286481
1513 0.53636
1514 0.32338
1515 0.271321
1516 0.360914
1517 0.494265
1518 0.494789
1519 0.519831
1520 0.432055
1521 0.462495
1522 0.377276
1523 0.251098
1524 0.226476
1525 0.226087
1526 0.351617
1527 0.473417
1528 0.46713
1529 0.475754
1530 0.509899
1531 0.465191
1532 0.294305
1533 0.316954
1534 0.398861
1535 0.271273
1536 0.317547
1537 0.250143
1538 0.247293
1539 0.256407
1540 0.342112
1541 0.289786
1542 0.243272
1543 0.386329
1544 0.474784
1545 0.37137
1546 0.338684
1547 0.513059
1548 0.41851
1549 0.564699
1550 0.471169
1551 0.28691
1552 0.424346
1553 0.295472
1554 0.395639
1555 0.407297
1556 0.370575
1557 0.39736
1558 0.341781
1559 0.380572
1560 0.34247
1561 0.504972
1562 0.306771
1563 0.299187
1564 0.364086
1565 0.356318
1566 0.233813
1567 0.401135
1568 0.464994
1569 0.310312
1570 0.466287
1571 0.530844
1572 0.534049
1573 0.369515
1574 0.452176
1575 0.307219
1576 0.219302
1577 0.362177
1578 0.326657
1579 0.213022
1580 0.367597
1581 0.466835
1582 0.36816
1583 0.305017
1584 0.412171
1585 0.392616
1586 0.408782
1587 0.446899
1588 0.471684
1589 0.485607
1590 0.385113
1591 0.312233
1592 0.340257
1593 0.451853
1594 0.530106
1595 0.372386
1596 0.456278
1597 0.441407
1598 0.398062
1599 0.370379
1600 0.438376
1601 0.420976
1602 0.452872
1603 0.366889
1604 0.290126
1605 0.250987
1606 0.394084
1607 0.364349
1608 0.338575
1609 0.296363
1610 0.426959
1611 0.458906
1612 0.380927
1613 0.252298
1614 0.238842
1615 0.206672
1616 0.246689
1617 0.225531
1618 0.393313
1619 0.425811
1620 0.425841
1621 0.562594
1622 0.458863
1623 0.555869
1624 0.49374
1625 0.305919
1626 0.349607
1627 0.360131
1628 0.427295
1629 0.324744
1630 0.244866
1631 0.282049
1632 0.24806
1633 0.390288
1634 0.348322
1635 0.346346
1636 0.344702
1637 0.51021
1638 0.370446
1639 0.316648
1640 0.332013
1641 0.178822
1642 0.467289
1643 0.420847
1644 0.44684
1645 0.566329
1646 0.499539
1647 0.435028
1648 0.501087
1649 0.460688
1650 0.393413
1651 0.300203
1652 0.517418
1653 0.444772
1654 0.315353
1655 0.252396
1656 0.199614
1657 0.282659
1658 0.373497
1659 0.466652
1660 0.462553
1661 0.459018
1662 0.451721
1663 0.296809
1664 0.288843
1665 0.319863
1666 0.234654
1667 0.280969
1668 0.317586
1669 0.429293
1670 0.499664
1671 0.380081
1672 0.474771
1673 0.47644
1674 0.33383
1675 0.273152
1676 0.30982
1677 0.466663
1678 0.443464
1679 0.470047
1680 0.330195
1681 0.497517
1682 0.482791
1683 0.413903
1684 0.521142
1685 0.30904
1686 0.343384
1687 0.286484
1688 0.450658
1689 0.453014
1690 0.315408
1691 0.337606
1692 0.251849
1693 0.352765
1694 0.309398
1695 0.497169
1696 0.349193
1697 0.258555
1698 0.24164
1699 0.206617
1700 0.290738
1701 0.279544
1702 0.260573
1703 0.306343
1704 0.296431
1705 0.435535
1706 0.518421
1707 0.386989
1708 0.365974
1709 0.454967
1710 0.36231
1711 0.3387
1712 0.423762
1713 0.444498
1714 0.51468
1715 0.520659
1716 0.593742
1717 0.442785
1718 0.273327
1719 0.34154
1720 0.281195
1721 0.368968
1722 0.409577
1723 0.533739
1724 0.513345
1725 0.40559
1726 0.39921
1727 0.526067
1728 0.334987
1729 0.384554
1730 0.40505
1731 0.335832
1732 0.376682
1733 0.33427
1734 0.273793
1735 0.498611
1736 0.362973
1737 0.390485
1738 0.308901
1739 0.236066
1740 0.441765
1741 0.479251
1742 0.554885
1743 0.561537
1744 0.512715
1745 0.558331
1746 0.310152
1747 0.265648
1748 0.311409
1749 0.19247
1750 0.450417
1751 0.473625
1752 0.423484
1753 0.353813
1754 0.314095
1755 0.257787
1756 0.206566
1757 0.382556
1758 0.393012
1759 0.340051
1760 0.281788
1761 0.423187
1762 0.343585
1763 0.323689
1764 0.254866
1765 0.407134
1766 0.438865
1767 0.386613
1768 0.354126
1769 0.369674
1770 0.272734
1771 0.232785
1772 0.414021
1773 0.288292
1774 0.256259
1775 0.335598
1776 0.290444
1777 0.301322
1778 0.337261
1779 0.447096
1780 0.544311
1781 0.312891
1782 0.355883
1783 0.25452
1784 0.323111
1785 0.316592
1786 0.395564
1787 0.425788
1788 0.401336
1789 0.373738
1790 0.408996
1791 0.496432
1792 0.560162
1793 0.387029
1794 0.421038
1795 0.429756
1796 0.418367
1797 0.254877
1798 0.410633
1799 0.363659
1800 0.330353
1801 0.407475
1802 0.463368
1803 0.363552
1804 0.490774
1805 0.529464
1806 0.534219
1807 0.429117
1808 0.496083
1809 0.517839
1810 0.407822
1811 0.28255
1812 0.237525
1813 0.305548
1814 0.22147
1815 0.438638
1816 0.291632
1817 0.282471
1818 0.411872
1819 0.371633
1820 0.392076
1821 0.287221
1822 0.284727
1823 0.396182
1824 0.282884
1825 0.5001
1826 0.479081
1827 0.529142
1828 0.548052
1829 0.489414
1830 0.334161
1831 0.247272
1832 0.330587
1833 0.431497
1834 0.255064
1835 0.179177
1836 0.405439
1837 0.453334
1838 0.261125
1839 0.245511
1840 0.375879
1841 0.458332
1842 0.259899
1843 0.43243
1844 0.339408
1845 0.457406
1846 0.378243
1847 0.527505
1848 0.430544
1849 0.516191
1850 0.487503
1851 0.407024
1852 0.527162
1853 0.608142
1854 0.548196
1855 0.596734
1856 0.475656
1857 0.499104
1858 0.488559
1859 0.539061
1860 0.492066
1861 0.403753
1862 0.295921
1863 0.425912
1864 0.278004
1865 0.437899
1866 0.452019
1867 0.509653
1868 0.57468
1869 0.373505
1870 0.453078
1871 0.480179
1872 0.425691
1873 0.291849
1874 0.211415
1875 0.215256
1876 0.180089
1877 0.332951
1878 0.393605
1879 0.374086
1880 0.380101
1881 0.431527
1882 0.338189
1883 0.506271
1884 0.569126
1885 0.499517
1886 0.293521
1887 0.523854
1888 0.316421
1889 0.253403
1890 0.492527
1891 0.472563
1892 0.445485
1893 0.381972
1894 0.312936
1895 0.263089
1896 0.398501
1897 0.325915
1898 0.255971
1899 0.212171
1900 0.425865
1901 0.302383
1902 0.259704
1903 0.405884
1904 0.409975
1905 0.346096
1906 0.271798
1907 0.320311
1908 0.301932
1909 0.350218
1910 0.286594
1911 0.319108
1912 0.4166
1913 0.521293
1914 0.598118
1915 0.330463
1916 0.556061
1917 0.346599
1918 0.235844
1919 0.298057
1920 0.423821
1921 0.360422
1922 0.326491
1923 0.236007
1924 0.204225
1925 0.359294
1926 0.424431
1927 0.29686
1928 0.437302
1929 0.454844
1930 0.428614
1931 0.535
1932 0.309651
1933 0.31875
1934 0.360898
1935 0.340832
1936 0.275049
1937 0.212681
1938 0.439715
1939 0.415649
1940 0.361507
1941 0.482332
1942 0.28801
1943 0.530789
1944 0.361366
1945 0.286339
1946 0.468365
1947 0.285476
1948 0.396258
1949 0.430528
1950 0.347969
1951 0.424062
1952 0.435465
1953 0.554435
1954 0.572368
1955 0.358291
1956 0.274238
1957 0.350561
1958 0.420429
1959 0.439562
1960 0.479815
1961 0.289514
1962 0.433448
1963 0.476553
1964 0.384482
1965 0.380379
1966 0.354644
1967 0.418121
1968 0.532091
1969 0.566335
1970 0.554759
1971 0.649602
1972 0.539788
1973 0.596211
1974 0.433204
1975 0.515272
1976 0.390018
1977 0.34807
1978 0.466864
1979 0.350949
1980 0.299777
1981 0.210074
1982 0.438937
1983 0.42708
1984 0.397828
1985 0.327997
1986 0.494518
1987 0.521319
1988 0.609073
1989 0.358592
1990 0.328309
1991 0.304512
1992 0.242063
1993 0.441592
1994 0.495937
1995 0.425368
1996 0.447976
1997 0.420645
1998 0.438068
1999 0.504331
2000 0.303591
2001 0.231636
2002 0.214762
2003 0.220106
2004 0.220941
2005 0.328899
2006 0.241115
2007 0.381898
2008 0.284558
2009 0.265053
2010 0.409039
2011 0.489035
2012 0.403007
2013 0.475887
2014 0.433961
2015 0.357633
2016 0.480363
2017 0.292447
2018 0.392851
2019 0.284179
2020 0.475142
2021 0.381845
2022 0.41886
2023 0.499509
2024 0.383944
2025 0.440109
2026 0.368309
2027 0.490894
2028 0.496212
2029 0.396233
2030 0.432227
2031 0.28453
2032 0.298551
2033 0.385988
2034 0.454093
2035 0.481592
2036 0.416459
2037 0.43829
2038 0.274086
2039 0.233462
2040 0.305815
2041 0.367748
2042 0.418552
2043 0.474752
2044 0.287788
2045 0.452198
2046 0.425434
2047 0.554457
2048 0.47537
2049 0.527795
2050 0.355375
2051 0.257275
2052 0.301709
2053 0.412324
2054 0.476812
2055 0.438769
2056 0.275487
2057 0.413656
2058 0.320732
2059 0.449395
2060 0.526025
2061 0.400619
2062 0.260755
2063 0.419507
2064 0.266191
2065 0.228827
2066 0.313418
2067 0.262336
2068 0.387018
2069 0.30999
2070 0.29003
2071 0.311258
2072 0.210853
2073 0.378986
2074 0.367998
2075 0.330604
2076 0.423958
2077 0.514489
2078 0.298822
2079 0.467995
2080 0.534335
2081 0.377464
2082 0.327678
2083 0.409355
2084 0.251506
2085 0.482227
2086 0.395273
2087 0.366913
2088 0.467002
2089 0.490913
2090 0.517575
2091 0.501428
2092 0.451257
2093 0.473077
2094 0.579548
2095 0.579461
2096 0.551004
2097 0.503376
2098 0.414438
2099 0
