0 -20047.8
1 -3698.22
2 595.266
3 -17.811
4 -3.98095
5 -1.34329
6 0.108758
7 0.110572
8 0.155512
9 0.139949
10 0.15115
11 0.184183
12 0.15378
13 0.182045
14 0.199099
15 0.161319
16 0.174085
17 0.182536
18 0.188968
19 0.137975
20 0.189621
21 0.179984
22 0.189381
23 0.15781
24 0.175264
25 0.180404
26 0.173729
27 0.168448
28 0.191016
29 0.166838
30 0.198253
31 0.182628
32 0.163471
33 0.168011
34 0.17388
35 0.192645
36 0.154043
37 0.174779
38 0.172132
39 0.150333
40 0.221802
41 0.183701
42 0.180346
43 0.194603
44 0.183398
45 0.231897
46 0.193623
47 0.196199
48 0.161554
49 0.184656
50 0.213921
51 0.181378
52 0.175766
53 0.171933
54 0.199105
55 0.162427
56 0.203642
57 0.170576
58 0.179771
59 0.163111
60 0.156275
61 0.144629
62 0.176213
63 0.144768
64 0.15411
65 0.148691
66 0.17706
67 0.146605
68 0.158322
69 0.189888
70 0.174407
71 0.164496
72 0.177356
73 0.203008
74 0.186444
75 0.130989
76 0.173032
77 0.151184
78 0.158878
79 0.144265
80 0.14038
81 0.18232
82 0.152763
83 0.201534
84 0.183826
85 0.191348
86 0.171292
87 0.183474
88 0.166052
89 0.161288
90 0.144842
91 0.145123
92 0.162395
93 0.122684
94 0.143546
95 0.175605
96 0.176794
97 0.138378
98 0.142967
99 0.175304
100 0.130062
101 0.137288
102 0.137333
103 0.188228
104 0.156733
105 0.140472
106 0.204357
107 0.183829
108 0.166362
109 0.149821
110 0.178742
111 0.151084
112 0.143104
113 0.132263
114 0.149472
115 0.165962
116 0.159149
117 0.191859
118 0.16045
119 0.181138
120 0.212842
121 0.177077
122 0.186021
123 0.170529
124 0.155738
125 0.159761
126 0.187752
127 0.168715
128 0.179994
129 0.17142
130 0.171383
131 0.178407
132 0.195827
133 0.159386
134 0.172017
135 0.173104
136 0.13969
137 0.214815
138 0.192756
139 0.216054
140 0.152236
141 0.188237
142 0.201065
143 0.180747
144 0.159606
145 0.152057
146 0.147009
147 0.157446
148 0.174715
149 0.166857
150 0.12388
151 0.195148
152 0.20164
153 0.176778
154 0.139168
155 0.17872
156 0.194941
157 0.210137
158 0.1517
159 0.194772
160 0.18122
161 0.156588
162 0.181399
163 0.173949
164 0.164871
165 0.183562
166 0.174464
167 0.184266
168 0.171962
169 0.205817
170 0.212288
171 0.189777
172 0.148991
173 0.172864
174 0.17685
175 0.175281
176 0.168188
177 0.145139
178 0.178868
179 0.174794
180 0.201892
181 0.159419
182 0.178144
183 0.18706
184 0.211881
185 0.173011
186 0.177379
187 0.162048
188 0.184356
189 0.192051
190 0.169528
191 0.190984
192 0.161001
193 0.190363
194 0.16919
195 0.202923
196 0.170322
197 0.178673
198 0.202048
199 0.142061
200 0.168784
201 0.160412
202 0.165262
203 0.175228
204 0.192167
205 0.1788
206 0.171546
207 0.163714
208 0.157383
209 0.20769
210 0.211334
211 0.184208
212 0.157415
213 0.180244
214 0.214083
215 0.142007
216 0.192629
217 0.183984
218 0.158408
219 0.188591
220 0.15845
221 0.174456
222 0.168601
223 0.147024
224 0.184262
225 0.194801
226 0.189961
227 0.172162
228 0.184449
229 0.138242
230 0.176633
231 0.191604
232 0.190109
233 0.173767
234 0.181198
235 0.206778
236 0.175817
237 0.186125
238 0.18996
239 0.21997
240 0.207952
241 0.194408
242 0.159808
243 0.16695
244 0.209543
245 0.140471
246 0.14962
247 0.142791
248 0.19396
249 0.136297
250 0.182005
251 0.181803
252 0.189007
253 0.151636
254 0.168365
255 0.18339
256 0.169608
257 0.16575
258 0.19551
259 0.18373
260 0.144109
261 0.186922
262 0.166559
263 0.13648
264 0.182701
265 0.180855
266 0.151682
267 0.205889
268 0.199273
269 0.215977
270 0.179848
271 0.189744
272 0.197377
273 0.171143
274 0.175927
275 0.151967
276 0.190177
277 0.170845
278 0.181139
279 0.182629
280 0.183115
281 0.161093
282 0.154796
283 0.198491
284 0.164968
285 0.173928
286 0.185224
287 0.145527
288 0.19535
289 0.160259
290 0.17004
291 0.178854
292 0.211795
293 0.189603
294 0.184725
295 0.20407
296 0.215524
297 0.183804
298 0.156501
299 0.159754
300 0.189869
301 0.19294
302 0.174448
303 0.180197
304 0.195935
305 0.170534
306 0.169675
307 0.194215
308 0.190843
309 0.17439
310 0.198126
311 0.201544
312 0.191178
313 0.147168
314 0.178017
315 0.213761
316 0.165484
317 0.167242
318 0.184019
319 0.177216
320 0.194364
321 0.192731
322 0.183984
323 0.173838
324 0.18504
325 0.178018
326 0.180938
327 0.20078
328 0.181248
329 0.191975
330 0.181853
331 0.182396
332 0.183425
333 0.167336
334 0.160147
335 0.189319
336 0.161631
337 0.14929
338 0.186891
339 0.192623
340 0.160995
341 0.164425
342 0.161072
343 0.173601
344 0.176831
345 0.145222
346 0.187586
347 0.17821
348 0.192797
349 0.148585
350 0.166869
351 0.145781
352 0.193814
353 0.200554
354 0.179395
355 0.177227
356 0.13235
357 0.186757
358 0.194372
359 0.208971
360 0.191279
361 0.190712
362 0.173494
363 0.172964
364 0.18282
365 0.179457
366 0.138815
367 0.159685
368 0.179645
369 0.153419
370 0.173457
371 0.138101
372 0.196467
373 0.133331
374 0.182815
375 0.135688
376 0.157734
377 0.161739
378 0.135863
379 0.150301
380 0.18138
381 0.196807
382 0.190014
383 0.189716
384 0.148386
385 0.16661
386 0.165947
387 0.166711
388 0.161292
389 0.151693
390 0.160092
391 0.155466
392 0.166865
393 0.167177
394 0.198938
395 0.192683
396 0.181586
397 0.117824
398 0.163874
399 0.182939
400 0.192689
401 0.158362
402 0.177554
403 0.178095
404 0.170892
405 0.185457
406 0.196756
407 0.151507
408 0.195997
409 0.143748
410 0.200523
411 0.168069
412 0.192571
413 0.199642
414 0.184801
415 0.188788
416 0.201394
417 0.174763
418 0.195515
419 0.158448
420 0.17944
421 0.151694
422 0.185846
423 0.203733
424 0.181847
425 0.139876
426 0.135209
427 0.163459
428 0.167513
429 0.179047
430 0.174008
431 0.141277
432 0.192808
433 0.182821
434 0.184026
435 0.188497
436 0.154673
437 0.201997
438 0.194182
439 0.158098
440 0.172239
441 0.188373
442 0.181352
443 0.146399
444 0.209509
445 0.183503
446 0.180136
447 0.167894
448 0.221702
449 0.169698
450 0.145034
451 0.17889
452 0.184188
453 0.182182
454 0.155032
455 0.160139
456 0.184992
457 0.181379
458 0.16311
459 0.148683
460 0.180311
461 0.191089
462 0.134091
463 0.216483
464 0.214949
465 0.197232
466 0.215389
467 0.192578
468 0.195981
469 0.178514
470 0.189013
471 0.192967
472 0.197776
473 0.179042
474 0.186037
475 0.177181
476 0.20525
477 0.180161
478 0.203738
479 0.198688
480 0.227963
481 0.190441
482 0.188073
483 0.203504
484 0.155596
485 0.15349
486 0.214144
487 0.202875
488 0.172915
489 0.14467
490 0.163252
491 0.211092
492 0.192039
493 0.165312
494 0.143341
495 0.197674
496 0.179314
497 0.159623
498 0.167143
499 0.167417
500 0.167307
501 0.157114
502 0.164836
503 0.192736
504 0.155652
505 0.216926
506 0.179124
507 0.223546
508 0.139599
509 0.17115
510 0.190859
511 0.159141
512 0.192286
513 0.15443
514 0.156056
515 0.161252
516 0.202213
517 0.173191
518 0.201168
519 0.167253
520 0.205877
521 0.188621
522 0.194714
523 0.171516
524 0.177331
525 0.131779
526 0.156559
527 0.178111
528 0.186156
529 0.18858
530 0.194019
531 0.189339
532 0.200747
533 0.208911
534 0.182738
535 0.166686
536 0.188822
537 0.202047
538 0.199397
539 0.178684
540 0.165544
541 0.176672
542 0.177686
543 0.161712
544 0.197797
545 0.201152
546 0.16858
547 0.15935
548 0.217285
549 0.214259
550 0.179567
551 0.163267
552 0.162128
553 0.168651
554 0.167882
555 0.160822
556 0.174719
557 0.151707
558 0.210727
559 0.179411
560 0.193301
561 0.182455
562 0.146449
563 0.192001
564 0.177054
565 0.199179
566 0.166642
567 0.176976
568 0.188756
569 0.14994
570 0.202568
571 0.164285
572 0.168124
573 0.18383
574 0.157963
575 0.154568
576 0.140977
577 0.153336
578 0.19027
579 0.142622
580 0.154091
581 0.193728
582 0.158544
583 0.165686
584 0.184108
585 0.209073
586 0.197477
587 0.226732
588 0.177915
589 0.199843
590 0.210449
591 0.207398
592 0.187665
593 0.19794
594 0.195547
595 0.159526
596 0.158675
597 0.194681
598 0.167892
599 0.164496
600 0.172463
601 0.180983
602 0.173517
603 0.212104
604 0.191904
605 0.181844
606 0.158683
607 0.19781
608 0.153002
609 0.189286
610 0.155775
611 0.132441
612 0.160098
613 0.167166
614 0.160342
615 0.149641
616 0.177112
617 0.142138
618 0.144126
619 0.161588
620 0.168505
621 0.171961
622 0.128795
623 0.158887
624 0.180282
625 0.168893
626 0.156146
627 0.179762
628 0.177826
629 0.157723
630 0.18628
631 0.186172
632 0.181409
633 0.185893
634 0.157586
635 0.178892
636 0.161661
637 0.179823
638 0.207889
639 0.169802
640 0.160485
641 0.178162
642 0.166474
643 0.163473
644 0.179684
645 0.198195
646 0.184209
647 0.1955
648 0.192064
649 0.17554
650 0.183759
651 0.186711
652 0.199686
653 0.168465
654 0.177761
655 0.18675
656 0.146606
657 0.214406
658 0.205001
659 0.177609
660 0.179596
661 0.16486
662 0.156992
663 0.166524
664 0.184972
665 0.152293
666 0.168725
667 0.177053
668 0.166714
669 0.178909
670 0.193242
671 0.151879
672 0.167027
673 0.170635
674 0.191326
675 0.150591
676 0.130389
677 0.190204
678 0.197437
679 0.203417
680 0.175151
681 0.198898
682 0.203896
683 0.173641
684 0.160755
685 0.181208
686 0.192592
687 0.19179
688 0.18278
689 0.147906
690 0.149874
691 0.143121
692 0.155731
693 0.16004
694 0.163624
695 0.154774
696 0.157708
697 0.153507
698 0.184511
699 0.154465
700 0.15206
701 0.175513
702 0.194817
703 0.173689
704 0.184548
705 0.205372
706 0.199418
707 0.200706
708 0.203973
709 0.185314
710 0.147734
711 0.163982
712 0.188217
713 0.191027
714 0.140533
715 0.138681
716 0.182571
717 0.207787
718 0.194139
719 0.179194
720 0.146641
721 0.18166
722 0.172703
723 0.194614
724 0.175923
725 0.195749
726 0.18855
727 0.170198
728 0.15375
729 0.219485
730 0.209067
731 0.137046
732 0.167366
733 0.173355
734 0.187007
735 0.151677
736 0.154076
737 0.165654
738 0.183377
739 0.19255
740 0.206515
741 0.186596
742 0.157087
743 0.180941
744 0.185352
745 0.160419
746 0.158556
747 0.177604
748 0.163023
749 0.175735
750 0.16614
751 0.171453
752 0.144656
753 0.1471
754 0.18467
755 0.149695
756 0.150302
757 0.18461
758 0.154257
759 0.18653
760 0.204042
761 0.185465
762 0.184073
763 0.182142
764 0.20948
765 0.157104
766 0.198677
767 0.14328
768 0.159173
769 0.136897
770 0.185605
771 0.198663
772 0.16116
773 0.161775
774 0.207054
775 0.183355
776 0.191056
777 0.162904
778 0.172603
779 0.138363
780 0.146045
781 0.184107
782 0.197147
783 0.138899
784 0.195574
785 0.164344
786 0.199169
787 0.161302
788 0.166711
789 0.168188
790 0.172116
791 0.151905
792 0.181468
793 0.176406
794 0.188621
795 0.147494
796 0.180541
797 0.185869
798 0.172073
799 0.169678
800 0.154408
801 0.162256
802 0.166129
803 0.165034
804 0.144755
805 0.160207
806 0.145997
807 0.155248
808 0.168048
809 0.14463
810 0.180511
811 0.153147
812 0.163206
813 0.178398
814 0.150129
815 0.173269
816 0.200903
817 0.178705
818 0.17419
819 0.196917
820 0.178894
821 0.157917
822 0.190187
823 0.178729
824 0.156449
825 0.143161
826 0.153886
827 0.153357
828 0.142962
829 0.181257
830 0.150983
831 0.166037
832 0.146464
833 0.152241
834 0.192729
835 0.157032
836 0.167293
837 0.170901
838 0.169653
839 0.189329
840 0.161265
841 0.155672
842 0.161073
843 0.170888
844 0.16502
845 0.171181
846 0.1759
847 0.15098
848 0.174948
849 0.174399
850 0.169089
851 0.167127
852 0.156226
853 0.163352
854 0.164102
855 0.177928
856 0.1575
857 0.179069
858 0.179938
859 0.166512
860 0.170796
861 0.175222
862 0.197478
863 0.183322
864 0.164586
865 0.12444
866 0.15771
867 0.171457
868 0.200962
869 0.178411
870 0.185741
871 0.175073
872 0.194591
873 0.184295
874 0.172237
875 0.163599
876 0.16727
877 0.162475
878 0.179115
879 0.149835
880 0.165699
881 0.186149
882 0.176266
883 0.155571
884 0.151263
885 0.177545
886 0.189502
887 0.179706
888 0.142925
889 0.17201
890 0.186627
891 0.160513
892 0.163854
893 0.196008
894 0.156413
895 0.182671
896 0.172388
897 0.18626
898 0.180936
899 0.171505
900 0.200375
901 0.185594
902 0.145976
903 0.146933
904 0.169214
905 0.164997
906 0.182109
907 0.189029
908 0.1898
909 0.197006
910 0.207594
911 0.165861
912 0.215736
913 0.183195
914 0.196237
915 0.175457
916 0.158516
917 0.204598
918 0.188784
919 0.17227
920 0.173159
921 0.139104
922 0.215334
923 0.156985
924 0.16754
925 0.159487
926 0.201588
927 0.152836
928 0.149248
929 0.172216
930 0.152949
931 0.187183
932 0.153734
933 0.176501
934 0.182163
935 0.183751
936 0.15783
937 0.149291
938 0.159967
939 0.162048
940 0.155167
941 0.157949
942 0.164755
943 0.186499
944 0.129706
945 0.154512
946 0.159484
947 0.17574
948 0.113315
949 0.147409
950 0.156723
951 0.195424
952 0.168495
953 0.137616
954 0.198088
955 0.167499
956 0.149696
957 0.139704
958 0.185397
959 0.140878
960 0.160134
961 0.159076
962 0.177536
963 0.174859
964 0.184516
965 0.177992
966 0.171259
967 0.237274
968 0.177821
969 0.207325
970 0.138983
971 0.182703
972 0.209268
973 0.183896
974 0.137099
975 0.187385
976 0.187393
977 0.19535
978 0.173346
979 0.152381
980 0.160957
981 0.18292
982 0.208191
983 0.188029
984 0.16376
985 0.177015
986 0.195772
987 0.173129
988 0.175747
989 0.175359
990 0.165799
991 0.163349
992 0.173988
993 0.172711
994 0.146764
995 0.160669
996 0.164638
997 0.181936
998 0.151864
999 0.165248
1000 0.208423
1001 0.195051
1002 0.183669
1003 0.179369
1004 0.179139
1005 0.190636
1006 0.182596
1007 0.190159
1008 0.158582
1009 0.188527
1010 0.16345
1011 0.183021
1012 0.178077
1013 0.172096
1014 0.161796
1015 0.18864
1016 0.163268
1017 0.188572
1018 0.179318
1019 0.16275
1020 0.166616
1021 0.188213
1022 0.169755
1023 0.149821
1024 0.179646
1025 0.166639
1026 0.163472
1027 0.160609
1028 0.153845
1029 0.128665
1030 0.173373
1031 0.162997
1032 0.133911
1033 0.171724
1034 0.172779
1035 0.143635
1036 0.146701
1037 0.143233
1038 0.147098
1039 0.199385
1040 0.150122
1041 0.202085
1042 0.167304
1043 0.164676
1044 0.183084
1045 0.166678
1046 0.160752
1047 0.149885
1048 0.192096
1049 0.196134
1050 0.173818
1051 0.173258
1052 0.164995
1053 0.181155
1054 0.199206
1055 0.146047
1056 0.18735
1057 0.132628
1058 0.186955
1059 0.13371
1060 0.196581
1061 0.191889
1062 0.173816
1063 0.1475
1064 0.170091
1065 0.148578
1066 0.171766
1067 0.182858
1068 0.140137
1069 0.204254
1070 0.167229
1071 0.160257
1072 0.18766
1073 0.176419
1074 0.180186
1075 0.177681
1076 0.182049
1077 0.172988
1078 0.17116
1079 0.186798
1080 0.170861
1081 0.158793
1082 0.219664
1083 0.1797
1084 0.164807
1085 0.18842
1086 0.204847
1087 0.197153
1088 0.167624
1089 0.19648
1090 0.20515
1091 0.189032
1092 0.165171
1093 0.138381
1094 0.191482
1095 0.171305
1096 0.170908
1097 0.147094
1098 0.197715
1099 0.158386
1100 0.172461
1101 0.155842
1102 0.173393
1103 0.194442
1104 0.184482
1105 0.121083
1106 0.175888
1107 0.214645
1108 0.19929
1109 0.18927
1110 0.194189
1111 0.168618
1112 0.194945
1113 0.185132
1114 0.205821
1115 0.161163
1116 0.134976
1117 0.156586
1118 0.171515
1119 0.199896
1120 0.148733
1121 0.161748
1122 0.144892
1123 0.165433
1124 0.151362
1125 0.155869
1126 0.181649
1127 0.192893
1128 0.184453
1129 0.196011
1130 0.199476
1131 0.212521
1132 0.187138
1133 0.171526
1134 0.189872
1135 0.176655
1136 0.156828
1137 0.176213
1138 0.161648
1139 0.178406
1140 0.17066
1141 0.216395
1142 0.190287
1143 0.197744
1144 0.184519
1145 0.172132
1146 0.217531
1147 0.177617
1148 0.169901
1149 0.158406
1150 0.178934
1151 0.17954
1152 0.197668
1153 0.181941
1154 0.174277
1155 0.178897
1156 0.204984
1157 0.202562
1158 0.172083
1159 0.157627
1160 0.178778
1161 0.182741
1162 0.16152
1163 0.182227
1164 0.189299
1165 0.181852
1166 0.159405
1167 0.173162
1168 0.16646
1169 0.178702
1170 0.125064
1171 0.164257
1172 0.179967
1173 0.200336
1174 0.191311
1175 0.181828
1176 0.168638
1177 0.180599
1178 0.187893
1179 0.17394
1180 0.166108
1181 0.181206
1182 0.169223
1183 0.142987
1184 0.152592
1185 0.178907
1186 0.181706
1187 0.162972
1188 0.155579
1189 0.201086
1190 0.18381
1191 0.168522
1192 0.177132
1193 0.201827
1194 0.161341
1195 0.190074
1196 0.211905
1197 0.184662
1198 0.182987
1199 0.21424
1200 0.191766
1201 0.1932
1202 0.199698
1203 0.134039
1204 0.20185
1205 0.197954
1206 0.205759
1207 0.128485
1208 0.15426
1209 0.155489
1210 0.196026
1211 0.149689
1212 0.160741
1213 0.154297
1214 0.162366
1215 0.134701
1216 0.17319
1217 0.137094
1218 0.166636
1219 0.170807
1220 0.189596
1221 0.15143
1222 0.186019
1223 0.194112
1224 0.18084
1225 0.132679
1226 0.199466
1227 0.164214
1228 0.190262
1229 0.179096
1230 0.184447
1231 0.158753
1232 0.17247
1233 0.203055
1234 0.177892
1235 0.179818
1236 0.190477
1237 0.18384
1238 0.188342
1239 0.176728
1240 0.1915
1241 0.155345
1242 0.205573
1243 0.19732
1244 0.18582
1245 0.174242
1246 0.172809
1247 0.165758
1248 0.172677
1249 0.172641
1250 0.122059
1251 0.183989
1252 0.183679
1253 0.195986
1254 0.144817
1255 0.169692
1256 0.160937
1257 0.181911
1258 0.181764
1259 0.180808
1260 0.148668
1261 0.178462
1262 0.193016
1263 0.178944
1264 0.118016
1265 0.152748
1266 0.192927
1267 0.145908
1268 0.218334
1269 0.148684
1270 0.161784
1271 0.213615
1272 0.19767
1273 0.172757
1274 0.192234
1275 0.197106
1276 0.189945
1277 0.191857
1278 0.213132
1279 0.175325
1280 0.187146
1281 0.157975
1282 0.176097
1283 0.168401
1284 0.189577
1285 0.176091
1286 0.160956
1287 0.1648
1288 0.213461
1289 0.159021
1290 0.180088
1291 0.173416
1292 0.202934
1293 0.166454
1294 0.145815
1295 0.154786
1296 0.194391
1297 0.200856
1298 0.188426
1299 0.18133
1300 0.182737
1301 0.163074
1302 0.176815
1303 0.168083
1304 0.181919
1305 0.188704
1306 0.189046
1307 0.175878
1308 0.184421
1309 0.168324
1310 0.155672
1311 0.149011
1312 0.168514
1313 0.156674
1314 0.138582
1315 0.153563
1316 0.18725
1317 0.169447
1318 0.137795
1319 0.195586
1320 0.147038
1321 0.174378
1322 0.150129
1323 0.172424
1324 0.174835
1325 0.149991
1326 0.141042
1327 0.171029
1328 0.176166
1329 0.17788
1330 0.176548
1331 0.154268
1332 0.155269
1333 0.166373
1334 0.159821
1335 0.185728
1336 0.20795
1337 0.178829
1338 0.188102
1339 0.172222
1340 0.209523
1341 0.154865
1342 0.170722
1343 0.174798
1344 0.17661
1345 0.152106
1346 0.217877
1347 0.183937
1348 0.15313
1349 0.145603
1350 0.19216
1351 0.169262
1352 0.174931
1353 0.171451
1354 0.162527
1355 0.180173
1356 0.169899
1357 0.194632
1358 0.148264
1359 0.18665
1360 0.152744
1361 0.17323
1362 0.16656
1363 0.176069
1364 0.154131
1365 0.132545
1366 0.160936
1367 0.152003
1368 0.142781
1369 0.177627
1370 0.210729
1371 0.168783
1372 0.181647
1373 0.187982
1374 0.192296
1375 0.19792
1376 0.183547
1377 0.161448
1378 0.193245
1379 0.180722
1380 0.152219
1381 0.158877
1382 0.189663
1383 0.151373
1384 0.16064
1385 0.192135
1386 0.19408
1387 0.180516
1388 0.194671
1389 0.200856
1390 0.162061
1391 0.164954
1392 0.193789
1393 0.189809
1394 0.197154
1395 0.18153
1396 0.17896
1397 0.20411
1398 0.169253
1399 0.162789
1400 0.154387
1401 0.185146
1402 0.202061
1403 0.151779
1404 0.146002
1405 0.187737
1406 0.191989
1407 0.146623
1408 0.194637
1409 0.185113
1410 0.177874
1411 0.159616
1412 0.181848
1413 0.142828
1414 0.193047
1415 0.167352
1416 0.150642
1417 0.18542
1418 0.185553
1419 0.140532
1420 0.164959
1421 0.199036
1422 0.182953
1423 0.132242
1424 0.173717
1425 0.142863
1426 0.197645
1427 0.141992
1428 0.170484
1429 0.181434
1430 0.16616
1431 0.155863
1432 0.160551
1433 0.175972
1434 0.172792
1435 0.161496
1436 0.147056
1437 0.197991
1438 0.155714
1439 0.189991
1440 0.189278
1441 0.154074
1442 0.124671
1443 0.177165
1444 0.185631
1445 0.171556
1446 0.154197
1447 0.18551
1448 0.188848
1449 0.19381
1450 0.173876
1451 0.186539
1452 0.180266
1453 0.218692
1454 0.171499
1455 0.188192
1456 0.154468
1457 0.155505
1458 0.173123
1459 0.166419
1460 0.137513
1461 0.150516
1462 0.189852
1463 0.131773
1464 0.14303
1465 0.192886
1466 0.178956
1467 0.171996
1468 0.193791
1469 0.174398
1470 0.18981
1471 0.186255
1472 0.172556
1473 0.165188
1474 0.176
1475 0.189321
1476 0.152576
1477 0.179899
1478 0.148403
1479 0.15691
1480 0.199875
1481 0.194537
1482 0.191587
1483 0.210458
1484 0.200502
1485 0.18555
1486 0.199131
1487 0.176771
1488 0.158884
1489 0.203055
1490 0.2027
1491 0.182962
1492 0.15485
1493 0.183588
1494 0.193163
1495 0.151687
1496 0.167743
1497 0.154017
1498 0.177913
1499 0.19415
1500 0.171828
1501 0.162669
1502 0.164673
1503 0.167134
1504 0.170225
1505 0.180147
1506 0.175044
1507 0.167898
1508 0.15788
1509 0.172765
1510 0.183431
1511 0.185257
1512 0.148407
1513 0.16874
1514 0.141221
1515 0.181078
1516 0.188174
1517 0.182811
1518 0.206588
1519 0.160928
1520 0.18806
1521 0.168437
1522 0.164856
1523 0.166315
1524 0.119975
1525 0.161216
1526 0.171099
1527 0.107102
1528 0.177657
1529 0.158275
1530 0.15827
1531 0.19291
1532 0.155319
1533 0.166054
1534 0.172184
1535 0.207204
1536 0.169978
1537 0.1693
1538 0.197405
1539 0.188743
1540 0.16495
1541 0.178853
1542 0.178619
1543 0.131315
1544 0.163222
1545 0.176146
1546 0.169121
1547 0.1609
1548 0.144031
1549 0.15369
1550 0.180605
1551 0.150334
1552 0.188988
1553 0.188501
1554 0.199041
1555 0.182799
1556 0.165991
1557 0.17554
1558 0.178237
1559 0.191922
1560 0.146305
1561 0.196409
1562 0.186447
1563 0.181693
1564 0.173654
1565 0.172031
1566 0.188905
1567 0.189079
1568 0.180782
1569 0.143924
1570 0.211331
1571 0.168531
1572 0.165387
1573 0.147784
1574 0.183504
1575 0.154259
1576 0.156453
1577 0.163928
1578 0.12974
1579 0.178582
1580 0.200018
1581 0.179502
1582 0.184457
1583 0.163445
1584 0.189997
1585 0.185038
1586 0.179163
1587 0.128215
1588 0.185811
1589 0.181869
1590 0.158779
1591 0.131824
1592 0.158383
1593 0.179398
1594 0.166006
1595 0.17253
1596 0.204712
1597 0.197891
1598 0.199232
1599 0.172867
1600 0.154965
1601 0.17594
1602 0.216269
1603 0.191423
1604 0.147781
1605 0.200612
1606 0.182719
1607 0.191748
1608 0.185857
1609 0.182
1610 0.190087
1611 0.17287
1612 0.187087
1613 0.15961
1614 0.235356
1615 0.193842
1616 0.188829
1617 0.140261
1618 0.2065
1619 0.188375
1620 0.204177
1621 0.133435
1622 0.161794
1623 0.180158
1624 0.170558
1625 0.153498
1626 0.197677
1627 0.154871
1628 0.167312
1629 0.163895
1630 0.221239
1631 0.182398
1632 0.181038
1633 0.167265
1634 0.195056
1635 0.174477
1636 0.159445
1637 0.17736
1638 0.174549
1639 0.182516
1640 0.150928
1641 0.19069
1642 0.159089
1643 0.173539
1644 0.16813
1645 0.181766
1646 0.173095
1647 0.177988
1648 0.132744
1649 0.2026
1650 0.165928
1651 0.153679
1652 0.142533
1653 0.186111
1654 0.158414
1655 0.175608
1656 0.160834
1657 0.181401
1658 0.159616
1659 0.153856
1660 0.0997499
1661 0.149835
1662 0.118956
1663 0.152069
1664 0.164731
1665 0.131102
1666 0.158368
1667 0.183708
1668 0.167131
1669 0.170484
1670 0.172202
1671 0.171571
1672 0.153668
1673 0.192643
1674 0.136523
1675 0.200062
1676 0.159676
1677 0.153899
1678 0.1892
1679 0.191831
1680 0.186655
1681 0.152617
1682 0.187046
1683 0.148541
1684 0.177065
1685 0.1767
1686 0.18888
1687 0.164899
1688 0.136317
1689 0.192739
1690 0.182989
1691 0.185014
1692 0.176307
1693 0.164662
1694 0.161668
1695 0.184454
1696 0.19613
1697 0.195602
1698 0.129051
1699 0.191978
1700 0.202478
1701 0.196477
1702 0.148911
1703 0.162188
1704 0.159505
1705 0.188774
1706 0.14302
1707 0.165903
1708 0.157689
1709 0.186914
1710 0.178307
1711 0.193143
1712 0.140609
1713 0.157397
1714 0.181168
1715 0.179442
1716 0.180805
1717 0.180441
1718 0.218969
1719 0.166662
1720 0.155644
1721 0.200595
1722 0.171997
1723 0.173885
1724 0.14517
1725 0.193851
1726 0.144904
1727 0.180138
1728 0.193288
1729 0.200873
1730 0.174466
1731 0.141843
1732 0.204842
1733 0.207315
1734 0.171224
1735 0.11243
1736 0.192955
1737 0.210574
1738 0.174641
1739 0.165896
1740 0.150185
1741 0.15618
1742 0.200372
1743 0.168141
1744 0.175585
1745 0.176393
1746 0.159304
1747 0.190676
1748 0.184013
1749 0.185273
1750 0.165126
1751 0.197252
1752 0.158828
1753 0.169488
1754 0.1424
1755 0.204244
1756 0.194974
1757 0.213684
1758 0.162458
1759 0.169536
1760 0.184298
1761 0.168303
1762 0.2091
1763 0.153559
1764 0.174314
1765 0.165655
1766 0.191664
1767 0.167323
1768 0.181868
1769 0.173944
1770 0.191472
1771 0.173674
1772 0.180268
1773 0.172818
1774 0.217444
1775 0.174989
1776 0.187643
1777 0.174641
1778 0.253446
1779 0.201706
1780 0.184128
1781 0.183377
1782 0.169645
1783 0.216962
1784 0.197956
1785 0.18346
1786 0.153399
1787 0.142946
1788 0.177924
1789 0.171784
1790 0.191415
1791 0.149677
1792 0.184019
1793 0.190921
1794 0.152997
1795 0.167137
1796 0.183765
1797 0.144171
1798 0.160756
1799 0.169648
1800 0.166724
1801 0.196633
1802 0.121089
1803 0.155446
1804 0.176514
1805 0.188963
1806 0.171677
1807 0.159582
1808 0.13562
1809 0.190035
1810 0.188183
1811 0.142198
1812 0.173339
1813 0.159533
1814 0.187524
1815 0.199721
1816 0.190551
1817 0.171265
1818 0.179761
1819 0.195862
1820 0.186137
1821 0.204863
1822 0.173831
1823 0.15745
1824 0.214515
1825 0.180109
1826 0.176379
1827 0.177562
1828 0.183804
1829 0.113017
1830 0.204195
1831 0.177628
1832 0.159454
1833 0.118647
1834 0.164115
1835 0.17758
1836 0.13808
1837 0.164343
1838 0.160417
1839 0.161479
1840 0.15685
1841 0.19614
1842 0.164343
1843 0.199102
1844 0.177652
1845 0.165045
1846 0.158004
1847 0.177248
1848 0.159062
1849 0.164701
1850 0.149611
1851 0.202231
1852 0.20399
1853 0.181928
1854 0.158654
1855 0.154953
1856 0.170071
1857 0.165687
1858 0.178613
1859 0.179073
1860 0.120004
1861 0.191036
1862 0.190656
1863 0.153708
1864 0.148451
1865 0.173241
1866 0.174097
1867 0.190517
1868 0.199
1869 0.183065
1870 0.20831
1871 0.165649
1872 0.227128
1873 0.186915
1874 0.167839
1875 0.20971
1876 0.211874
1877 0.226789
1878 0.174219
1879 0.161093
1880 0.172597
1881 0.191814
1882 0.19894
1883 0.184036
1884 0.159485
1885 0.155015
1886 0.189688
1887 0.193405
1888 0.20389
1889 0.183153
1890 0.16394
1891 0.201899
1892 0.182539
1893 0.179164
1894 0.164499
1895 0.178504
1896 0.18212
1897 0.192688
1898 0.161247
1899 0.192565
1900 0.160682
1901 0.144525
1902 0.158219
1903 0.184387
1904 0.181276
1905 0.160524
1906 0.160887
1907 0.174015
1908 0.15999
1909 0.173122
1910 0.142334
1911 0.175176
1912 0.157563
1913 0.160434
1914 0.120453
1915 0.177256
1916 0.178111
1917 0.173787
1918 0.165795
1919 0.170972
1920 0.181913
1921 0.190011
1922 0.153527
1923 0.173214
1924 0.186993
1925 0.160936
1926 0.179797
1927 0.174766
1928 0.183862
1929 0.17998
1930 0.179238
1931 0.173917
1932 0.16991
1933 0.144122
1934 0.176138
1935 0.172127
1936 0.15761
1937 0.168462
1938 0.192654
1939 0.187951
1940 0.196622
1941 0.176848
1942 0.160215
1943 0.213675
1944 0.152254
1945 0.139221
1946 0.178842
1947 0.16375
1948 0.188588
1949 0.159823
1950 0.164125
1951 0.169945
1952 0.195867
1953 0.186334
1954 0.160382
1955 0.14545
1956 0.175645
1957 0.167753
1958 0.174724
1959 0.175307
1960 0.189422
1961 0.181817
1962 0.161901
1963 0.198475
1964 0.192935
1965 0.194752
1966 0.16088
1967 0.167898
1968 0.189452
1969 0.180041
1970 0.166473
1971 0.146327
1972 0.184498
1973 0.171606
1974 0.14936
1975 0.159611
1976 0.201603
1977 0.16134
1978 0.183839
1979 0.164777
1980 0.198642
1981 0.204246
1982 0.20495
1983 0.14115
1984 0.181739
1985 0.161226
1986 0.18407
1987 0.166964
1988 0.17891
1989 0.199935
1990 0.169139
1991 0.17498
1992 0.159721
1993 0.181275
1994 0.154289
1995 0.153769
1996 0.18067
1997 0.203025
1998 0.178166
1999 0.170557
2000 0.148803
2001 0.199853
2002 0.157223
2003 0.171777
2004 0.178734
2005 0.141281
2006 0.217824
2007 0.144435
2008 0.196684
2009 0.186025
2010 0.177336
2011 0.184583
2012 0.176568
2013 0.153941
2014 0.162635
2015 0.161089
2016 0.178927
2017 0.190617
2018 0.170918
2019 0.185931
2020 0.178752
2021 0.216448
2022 0.189763
2023 0.172484
2024 0.18118
2025 0.165315
2026 0.170797
2027 0.189547
2028 0.148672
2029 0.191922
2030 0.151697
2031 0.154474
2032 0.180332
2033 0.180349
2034 0.183839
2035 0.203483
2036 0.197868
2037 0.178462
2038 0.185606
2039 0.159007
2040 0.184679
2041 0.177267
2042 0.188397
2043 0.188311
2044 0.202813
2045 0.204267
2046 0.172692
2047 0.195224
2048 0.18953
2049 0.169792
2050 0.18434
2051 0.172097
2052 0.188668
2053 0.135204
2054 0.121581
2055 0.169396
2056 0.197362
2057 0.186494
2058 0.18477
2059 0.159972
2060 0.238695
2061 0.207747
2062 0.209968
2063 0.168116
2064 0.218132
2065 0.181079
2066 0.192586
2067 0.171789
2068 0.202106
2069 0.20392
2070 0.2048
2071 0.171857
2072 0.160813
2073 0.170899
2074 0.187299
2075 0.154653
2076 0.171765
2077 0.161476
2078 0.165856
2079 0.188902
2080 0.186831
2081 0.186304
2082 0.187682
2083 0.167928
2084 0.202842
2085 0.17171
2086 0.199184
2087 0.191142
2088 0.180527
2089 0.163021
2090 0.188749
2091 0.13689
2092 0.131489
2093 0.128208
2094 0.154542
2095 0.159169
2096 0.150079
2097 0.196073
2098 0.198856
2099 0
