0 -0.868492
1 -0.143397
2 0.0669288
3 0.143214
4 0.177539
5 0.163026
6 0.180739
7 0.164433
8 0.173833
9 0.174472
10 0.177393
11 0.191209
12 0.178439
13 0.189596
14 0.193911
15 0.179847
16 0.172533
17 0.172316
18 0.185023
19 0.175443
20 0.191488
21 0.174218
22 0.185465
23 0.195741
24 0.167137
25 0.175383
26 0.177415
27 0.170511
28 0.175059
29 0.164189
30 0.183047
31 0.167315
32 0.187924
33 0.186918
34 0.177626
35 0.176544
36 0.180784
37 0.187599
38 0.185072
39 0.187666
40 0.170739
41 0.178493
42 0.190654
43 0.167828
44 0.174181
45 0.181093
46 0.171031
47 0.184744
48 0.180163
49 0.188936
50 0.171713
51 0.166195
52 0.168271
53 0.182617
54 0.181912
55 0.182002
56 0.181903
57 0.189843
58 0.174739
59 0.186738
60 0.18363
61 0.193103
62 0.174279
63 0.180923
64 0.187958
65 0.170357
66 0.16364
67 0.180538
68 0.182315
69 0.169259
70 0.171168
71 0.184356
72 0.191673
73 0.173795
74 0.182952
75 0.182815
76 0.170201
77 0.176672
78 0.186384
79 0.176054
80 0.166938
81 0.174489
82 0.177959
83 0.184869
84 0.18528
85 0.185609
86 0.189758
87 0.189684
88 0.168415
89 0.1807
90 0.192702
91 0.172401
92 0.173383
93 0.18304
94 0.167231
95 0.178955
96 0.174967
97 0.183445
98 0.172675
99 0.184895
100 0.174759
101 0.171569
102 0.183127
103 0.171006
104 0.186351
105 0.194181
106 0.173344
107 0.174186
108 0.185107
109 0.191232
110 0.169751
111 0.170853
112 0.176924
113 0.168259
114 0.175799
115 0.187897
116 0.169349
117 0.178246
118 0.190608
119 0.185308
120 0.167133
121 0.170349
122 0.167157
123 0.166425
124 0.159544
125 0.1852
126 0.179377
127 0.17571
128 0.184942
129 0.180757
130 0.168951
131 0.183179
132 0.169854
133 0.181322
134 0.176954
135 0.165769
136 0.16453
137 0.173934
138 0.176887
139 0.185371
140 0.176775
141 0.16974
142 0.185785
143 0.186421
144 0.165633
145 0.182961
146 0.187155
147 0.178205
148 0.170373
149 0.184373
150 0.193172
151 0.180228
152 0.175153
153 0.185416
154 0.19143
155 0.178165
156 0.186984
157 0.1929
158 0.172507
159 0.172685
160 0.171212
161 0.172662
162 0.165489
163 0.168588
164 0.181844
165 0.167081
166 0.160642
167 0.187359
168 0.169308
169 0.175852
170 0.174855
171 0.185906
172 0.166763
173 0.18663
174 0.174984
175 0.162355
176 0.17335
177 0.1718
178 0.181285
179 0.173918
180 0.180223
181 0.178484
182 0.171139
183 0.177972
184 0.171008
185 0.162905
186 0.180351
187 0.16848
188 0.185222
189 0.167745
190 0.16381
191 0.185535
192 0.17678
193 0.165503
194 0.171407
195 0.173306
196 0.164682
197 0.176991
198 0.187973
199 0.190311
200 0.183398
201 0.181142
202 0.18091
203 0.165744
204 0.178272
205 0.183175
206 0.181538
207 0.176934
208 0.182722
209 0.178156
210 0.169548
211 0.172034
212 0.185089
213 0.165395
214 0.181172
215 0.165729
216 0.172277
217 0.185119
218 0.168587
219 0.187086
220 0.192697
221 0.176814
222 0.164796
223 0.188778
224 0.174016
225 0.15985
226 0.186255
227 0.183984
228 0.187867
229 0.18315
230 0.174569
231 0.165374
232 0.180057
233 0.184064
234 0.175923
235 0.174454
236 0.178671
237 0.173652
238 0.182319
239 0.178814
240 0.168233
241 0.169729
242 0.167335
243 0.182904
244 0.17987
245 0.179105
246 0.18128
247 0.165713
248 0.174657
249 0.181074
250 0.189038
251 0.187667
252 0.17895
253 0.190508
254 0.175958
255 0.179755
256 0.175096
257 0.168629
258 0.177062
259 0.167333
260 0.183301
261 0.176704
262 0.171355
263 0.173611
264 0.175128
265 0.184521
266 0.182792
267 0.190862
268 0.177481
269 0.181721
270 0.188711
271 0.179528
272 0.1852
273 0.170076
274 0.173344
275 0.170917
276 0.183215
277 0.176571
278 0.165026
279 0.165948
280 0.161358
281 0.179015
282 0.179044
283 0.184222
284 0.187223
285 0.170413
286 0.184179
287 0.192954
288 0.171198
289 0.175722
290 0.163492
291 0.184334
292 0.175659
293 0.16799
294 0.169607
295 0.168522
296 0.168071
297 0.174651
298 0.183567
299 0.171833
300 0.175437
301 0.187859
302 0.173978
303 0.185626
304 0.164526
305 0.185609
306 0.183061
307 0.184054
308 0.173342
309 0.174255
310 0.169142
311 0.168578
312 0.17932
313 0.168795
314 0.167281
315 0.175454
316 0.184167
317 0.170612
318 0.17199
319 0.185803
320 0.181804
321 0.183755
322 0.180334
323 0.168013
324 0.189701
325 0.175907
326 0.177901
327 0.168441
328 0.162347
329 0.170257
330 0.159784
331 0.187578
332 0.170801
333 0.163671
334 0.178407
335 0.164265
336 0.180531
337 0.179104
338 0.184869
339 0.191234
340 0.174527
341 0.178649
342 0.17957
343 0.185234
344 0.170509
345 0.164294
346 0.166814
347 0.175526
348 0.188153
349 0.176032
350 0.178755
351 0.169238
352 0.169346
353 0.182599
354 0.175079
355 0.18592
356 0.168198
357 0.188899
358 0.179859
359 0.184224
360 0.173959
361 0.183771
362 0.171951
363 0.165458
364 0.182842
365 0.186782
366 0.170152
367 0.16494
368 0.169789
369 0.169074
370 0.163622
371 0.181084
372 0.168768
373 0.163602
374 0.180907
375 0.182524
376 0.194087
377 0.173117
378 0.168895
379 0.169762
380 0.186352
381 0.170646
382 0.167816
383 0.183117
384 0.167819
385 0.178757
386 0.178961
387 0.181499
388 0.172129
389 0.165714
390 0.185765
391 0.168778
392 0.180452
393 0.193718
394 0.171231
395 0.165934
396 0.161943
397 0.18755
398 0.170851
399 0.161332
400 0.17981
401 0.171828
402 0.178065
403 0.172767
404 0.189349
405 0.186775
406 0.180226
407 0.179983
408 0.170145
409 0.16791
410 0.185287
411 0.1736
412 0.172602
413 0.165679
414 0.178937
415 0.172092
416 0.176415
417 0.166556
418 0.180439
419 0.185898
420 0.172885
421 0.189948
422 0.172666
423 0.189358
424 0.178909
425 0.169232
426 0.167276
427 0.174385
428 0.180067
429 0.18622
430 0.178418
431 0.184188
432 0.175672
433 0.189927
434 0.191064
435 0.18081
436 0.164994
437 0.184123
438 0.181709
439 0.181215
440 0.173097
441 0.165622
442 0.171629
443 0.172523
444 0.183946
445 0.168489
446 0.17987
447 0.183459
448 0.174383
449 0.166958
450 0.178769
451 0.188108
452 0.184074
453 0.170396
454 0.164617
455 0.184641
456 0.186268
457 0.165293
458 0.182331
459 0.175985
460 0.177391
461 0.171598
462 0.160818
463 0.181308
464 0.182525
465 0.172997
466 0.184854
467 0.165061
468 0.181238
469 0.173881
470 0.170243
471 0.173207
472 0.17026
473 0.189082
474 0.166571
475 0.179055
476 0.182925
477 0.188913
478 0.192113
479 0.17548
480 0.164336
481 0.185623
482 0.175201
483 0.174781
484 0.167153
485 0.162198
486 0.183046
487 0.169011
488 0.174632
489 0.167601
490 0.184624
491 0.183197
492 0.182163
493 0.165568
494 0.185147
495 0.174624
496 0.182787
497 0.18349
498 0.172407
499 0.184648
500 0.191216
501 0.168064
502 0.185064
503 0.169743
504 0.174011
505 0.168986
506 0.160091
507 0.186807
508 0.170792
509 0.164247
510 0.167075
511 0.177898
512 0.187528
513 0.171004
514 0.175355
515 0.181264
516 0.17095
517 0.176349
518 0.175419
519 0.182209
520 0.178754
521 0.185062
522 0.169456
523 0.181235
524 0.181284
525 0.164133
526 0.178306
527 0.177806
528 0.173597
529 0.162994
530 0.185908
531 0.179048
532 0.178317
533 0.166597
534 0.182893
535 0.194306
536 0.171909
537 0.162984
538 0.1856
539 0.179924
540 0.175982
541 0.176592
542 0.180083
543 0.163124
544 0.18529
545 0.188758
546 0.176205
547 0.178541
548 0.18765
549 0.194445
550 0.175364
551 0.165357
552 0.185296
553 0.16727
554 0.187464
555 0.185809
556 0.177937
557 0.178315
558 0.18538
559 0.180482
560 0.17946
561 0.165955
562 0.186429
563 0.178351
564 0.178734
565 0.188794
566 0.192449
567 0.190237
568 0.176348
569 0.166025
570 0.179395
571 0.190393
572 0.191519
573 0.173018
574 0.175784
575 0.16857
576 0.17299
577 0.176765
578 0.187442
579 0.188784
580 0.174073
581 0.165689
582 0.184509
583 0.19213
584 0.181681
585 0.177681
586 0.177158
587 0.191868
588 0.174965
589 0.172307
590 0.168477
591 0.17552
592 0.18335
593 0.175329
594 0.168421
595 0.171074
596 0.188874
597 0.1814
598 0.176245
599 0.177872
600 0.164225
601 0.172356
602 0.167975
603 0.164781
604 0.179874
605 0.171942
606 0.186373
607 0.178196
608 0.176558
609 0.182509
610 0.182325
611 0.180872
612 0.176891
613 0.170038
614 0.189004
615 0.171974
616 0.17249
617 0.182163
618 0.1703
619 0.1733
620 0.179561
621 0.17605
622 0.184022
623 0.174008
624 0.164386
625 0.174434
626 0.175085
627 0.172216
628 0.180637
629 0.184396
630 0.165365
631 0.180037
632 0.169234
633 0.161272
634 0.170251
635 0.174531
636 0.165236
637 0.17346
638 0.177848
639 0.180066
640 0.176111
641 0.1858
642 0.180403
643 0.175465
644 0.171063
645 0.166742
646 0.17254
647 0.184102
648 0.169985
649 0.174846
650 0.170432
651 0.180105
652 0.178132
653 0.185075
654 0.17741
655 0.187133
656 0.172412
657 0.187796
658 0.173365
659 0.185934
660 0.184872
661 0.183584
662 0.189426
663 0.170381
664 0.179885
665 0.176946
666 0.187287
667 0.169301
668 0.18437
669 0.187845
670 0.189018
671 0.184515
672 0.1736
673 0.181415
674 0.184493
675 0.172732
676 0.187195
677 0.169528
678 0.169719
679 0.167141
680 0.164828
681 0.185503
682 0.170443
683 0.1726
684 0.187615
685 0.177379
686 0.182328
687 0.172146
688 0.166394
689 0.185967
690 0.182268
691 0.178784
692 0.17017
693 0.170126
694 0.165581
695 0.170732
696 0.185822
697 0.179672
698 0.180157
699 0.175141
700 0.178685
701 0.175975
702 0.187371
703 0.16685
704 0.178658
705 0.18208
706 0.17369
707 0.175363
708 0.165653
709 0.183928
710 0.169672
711 0.186537
712 0.18406
713 0.186388
714 0.177801
715 0.165553
716 0.178944
717 0.188374
718 0.184763
719 0.171053
720 0.173202
721 0.169087
722 0.167216
723 0.173802
724 0.166187
725 0.171012
726 0.184701
727 0.189348
728 0.175366
729 0.167068
730 0.185102
731 0.187249
732 0.178035
733 0.177546
734 0.188672
735 0.187032
736 0.188466
737 0.175505
738 0.180458
739 0.187136
740 0.18431
741 0.179364
742 0.182689
743 0.178686
744 0.192578
745 0.169276
746 0.182789
747 0.182204
748 0.173365
749 0.16421
750 0.182035
751 0.175235
752 0.17093
753 0.173606
754 0.177546
755 0.168642
756 0.184437
757 0.177678
758 0.170047
759 0.169975
760 0.175869
761 0.186255
762 0.169001
763 0.167914
764 0.169762
765 0.175059
766 0.179386
767 0.186338
768 0.172018
769 0.170137
770 0.18079
771 0.167543
772 0.17478
773 0.181827
774 0.18493
775 0.186802
776 0.180133
777 0.176497
778 0.17574
779 0.16985
780 0.177218
781 0.186624
782 0.180734
783 0.184477
784 0.170174
785 0.161868
786 0.177493
787 0.180368
788 0.176368
789 0.186416
790 0.178848
791 0.191815
792 0.179562
793 0.166066
794 0.166255
795 0.168028
796 0.178666
797 0.187536
798 0.168365
799 0.169687
800 0.185356
801 0.173944
802 0.176064
803 0.177255
804 0.176259
805 0.17753
806 0.174464
807 0.164419
808 0.187316
809 0.1732
810 0.184597
811 0.192013
812 0.178866
813 0.167977
814 0.186445
815 0.187334
816 0.18839
817 0.183169
818 0.174132
819 0.170644
820 0.186278
821 0.180011
822 0.189213
823 0.174644
824 0.169631
825 0.165212
826 0.164278
827 0.168032
828 0.169382
829 0.180386
830 0.180267
831 0.179996
832 0.186625
833 0.182499
834 0.19222
835 0.182562
836 0.189111
837 0.179324
838 0.166452
839 0.170709
840 0.161216
841 0.184221
842 0.190376
843 0.191866
844 0.172396
845 0.183141
846 0.168863
847 0.181273
848 0.169524
849 0.164324
850 0.167087
851 0.177252
852 0.180983
853 0.182208
854 0.166085
855 0.185654
856 0.170536
857 0.17072
858 0.16326
859 0.175219
860 0.173309
861 0.180231
862 0.177777
863 0.185301
864 0.184468
865 0.177335
866 0.170294
867 0.165156
868 0.17278
869 0.183223
870 0.182143
871 0.192394
872 0.177206
873 0.173439
874 0.190149
875 0.187059
876 0.175236
877 0.168533
878 0.180463
879 0.168737
880 0.184486
881 0.173935
882 0.165788
883 0.182908
884 0.169041
885 0.175531
886 0.182065
887 0.176871
888 0.184478
889 0.1924
890 0.169012
891 0.184412
892 0.172049
893 0.185671
894 0.182065
895 0.183376
896 0.175088
897 0.169255
898 0.186323
899 0.191021
900 0.173451
901 0.182107
902 0.182974
903 0.174961
904 0.169182
905 0.165002
906 0.167023
907 0.16696
908 0.16215
909 0.183783
910 0.166628
911 0.184329
912 0.16701
913 0.186687
914 0.170997
915 0.163394
916 0.174843
917 0.182996
918 0.180034
919 0.16661
920 0.168159
921 0.176606
922 0.172745
923 0.16772
924 0.164553
925 0.161308
926 0.179956
927 0.187376
928 0.178272
929 0.180729
930 0.177009
931 0.183899
932 0.1853
933 0.180686
934 0.189134
935 0.169857
936 0.178466
937 0.166976
938 0.176077
939 0.187821
940 0.186592
941 0.187865
942 0.17263
943 0.188936
944 0.172289
945 0.183605
946 0.194028
947 0.178514
948 0.174036
949 0.184499
950 0.181932
951 0.182588
952 0.16372
953 0.188368
954 0.168908
955 0.17224
956 0.168881
957 0.180374
958 0.18037
959 0.175707
960 0.175855
961 0.180911
962 0.181333
963 0.178709
964 0.169789
965 0.187135
966 0.179776
967 0.171094
968 0.17253
969 0.164801
970 0.16318
971 0.182974
972 0.191756
973 0.170825
974 0.177627
975 0.172355
976 0.174525
977 0.189289
978 0.18763
979 0.179243
980 0.174079
981 0.174178
982 0.168729
983 0.168809
984 0.188381
985 0.181087
986 0.189419
987 0.187457
988 0.182261
989 0.175626
990 0.169961
991 0.189786
992 0.183849
993 0.188638
994 0.177529
995 0.164543
996 0.183315
997 0.168993
998 0.187467
999 0.182964
1000 0.174488
1001 0.167202
1002 0.180412
1003 0.187889
1004 0.189993
1005 0.186425
1006 0.176773
1007 0.165398
1008 0.18168
1009 0.17587
1010 0.188442
1011 0.191813
1012 0.175835
1013 0.184164
1014 0.166881
1015 0.17131
1016 0.174583
1017 0.168854
1018 0.170585
1019 0.176443
1020 0.186699
1021 0.181722
1022 0.166513
1023 0.169965
1024 0.179645
1025 0.189197
1026 0.188092
1027 0.18259
1028 0.165089
1029 0.179796
1030 0.175892
1031 0.178763
1032 0.184516
1033 0.187396
1034 0.187577
1035 0.187107
1036 0.1691
1037 0.186639
1038 0.187137
1039 0.17901
1040 0.173633
1041 0.191663
1042 0.167307
1043 0.184944
1044 0.174453
1045 0.164874
1046 0.166473
1047 0.164429
1048 0.16652
1049 0.182292
1050 0.185404
1051 0.169421
1052 0.164531
1053 0.16825
1054 0.175319
1055 0.171316
1056 0.180627
1057 0.182075
1058 0.170587
1059 0.175878
1060 0.174642
1061 0.174657
1062 0.16973
1063 0.176191
1064 0.178135
1065 0.189704
1066 0.184917
1067 0.172117
1068 0.178961
1069 0.17977
1070 0.167412
1071 0.178599
1072 0.184607
1073 0.178819
1074 0.176577
1075 0.170844
1076 0.16587
1077 0.18467
1078 0.166073
1079 0.180206
1080 0.168611
1081 0.165675
1082 0.164152
1083 0.186001
1084 0.167358
1085 0.182293
1086 0.179033
1087 0.178116
1088 0.184899
1089 0.188494
1090 0.166435
1091 0.183482
1092 0.167646
1093 0.182695
1094 0.181136
1095 0.171946
1096 0.18263
1097 0.181214
1098 0.173931
1099 0.169422
1100 0.166464
1101 0.167338
1102 0.164521
1103 0.162675
1104 0.171873
1105 0.18796
1106 0.186451
1107 0.171641
1108 0.172788
1109 0.171594
1110 0.181248
1111 0.189701
1112 0.188587
1113 0.165496
1114 0.185369
1115 0.19056
1116 0.186116
1117 0.173733
1118 0.185591
1119 0.186388
1120 0.176575
1121 0.189538
1122 0.175855
1123 0.18383
1124 0.18937
1125 0.187094
1126 0.194974
1127 0.172986
1128 0.189039
1129 0.181304
1130 0.184484
1131 0.172611
1132 0.18186
1133 0.185519
1134 0.168734
1135 0.165821
1136 0.161073
1137 0.179435
1138 0.164936
1139 0.176377
1140 0.181309
1141 0.186017
1142 0.180862
1143 0.174555
1144 0.178161
1145 0.18114
1146 0.189517
1147 0.178196
1148 0.19084
1149 0.17417
1150 0.163613
1151 0.179374
1152 0.189533
1153 0.1863
1154 0.191409
1155 0.183501
1156 0.190783
1157 0.195129
1158 0.177089
1159 0.177371
1160 0.164989
1161 0.172941
1162 0.167231
1163 0.161632
1164 0.175054
1165 0.166592
1166 0.172848
1167 0.181166
1168 0.190051
1169 0.179225
1170 0.18155
1171 0.170766
1172 0.163801
1173 0.184356
1174 0.184911
1175 0.183536
1176 0.173173
1177 0.183672
1178 0.193287
1179 0.183798
1180 0.183927
1181 0.174215
1182 0.178348
1183 0.177625
1184 0.165069
1185 0.177147
1186 0.17262
1187 0.187531
1188 0.181228
1189 0.189758
1190 0.185774
1191 0.179586
1192 0.185558
1193 0.178966
1194 0.172193
1195 0.181505
1196 0.192812
1197 0.17209
1198 0.179873
1199 0.174774
1200 0.180172
1201 0.182784
1202 0.176146
1203 0.176191
1204 0.169219
1205 0.160042
1206 0.181299
1207 0.172637
1208 0.183616
1209 0.182453
1210 0.171026
1211 0.17128
1212 0.183206
1213 0.195488
1214 0.167486
1215 0.175307
1216 0.181251
1217 0.176007
1218 0.166822
1219 0.163111
1220 0.173296
1221 0.174108
1222 0.18151
1223 0.176971
1224 0.166687
1225 0.162975
1226 0.177135
1227 0.168695
1228 0.169883
1229 0.170295
1230 0.17429
1231 0.184386
1232 0.179778
1233 0.18317
1234 0.1838
1235 0.166662
1236 0.17828
1237 0.173198
1238 0.167351
1239 0.180298
1240 0.179499
1241 0.17676
1242 0.169585
1243 0.17294
1244 0.18702
1245 0.189852
1246 0.182467
1247 0.17794
1248 0.184988
1249 0.178113
1250 0.190322
1251 0.182144
1252 0.185479
1253 0.173296
1254 0.183473
1255 0.174409
1256 0.183366
1257 0.174108
1258 0.177393
1259 0.178
1260 0.165964
1261 0.167357
1262 0.186
1263 0.168321
1264 0.172978
1265 0.173851
1266 0.184074
1267 0.184683
1268 0.172612
1269 0.171682
1270 0.172641
1271 0.165025
1272 0.18424
1273 0.177647
1274 0.169608
1275 0.188795
1276 0.167643
1277 0.177973
1278 0.188681
1279 0.185075
1280 0.17611
1281 0.185901
1282 0.186867
1283 0.179843
1284 0.17245
1285 0.173607
1286 0.17163
1287 0.170053
1288 0.184532
1289 0.182076
1290 0.171401
1291 0.170177
1292 0.182981
1293 0.16947
1294 0.182378
1295 0.170677
1296 0.185077
1297 0.173955
1298 0.183919
1299 0.190168
1300 0.174259
1301 0.186672
1302 0.174606
1303 0.172918
1304 0.1683
1305 0.171384
1306 0.179928
1307 0.170705
1308 0.188398
1309 0.178199
1310 0.172273
1311 0.164483
1312 0.174358
1313 0.1718
1314 0.164752
1315 0.170829
1316 0.187458
1317 0.184156
1318 0.173494
1319 0.168864
1320 0.16874
1321 0.183751
1322 0.186909
1323 0.186302
1324 0.176646
1325 0.167223
1326 0.168736
1327 0.17489
1328 0.176838
1329 0.186251
1330 0.182116
1331 0.183588
1332 0.191791
1333 0.179233
1334 0.178887
1335 0.189138
1336 0.195132
1337 0.170461
1338 0.170795
1339 0.172401
1340 0.178676
1341 0.190788
1342 0.179303
1343 0.170298
1344 0.180225
1345 0.1741
1346 0.1788
1347 0.171593
1348 0.176192
1349 0.184653
1350 0.16881
1351 0.18002
1352 0.173012
1353 0.175973
1354 0.189709
1355 0.177935
1356 0.187022
1357 0.188034
1358 0.183533
1359 0.177762
1360 0.173866
1361 0.179461
1362 0.183893
1363 0.175098
1364 0.179232
1365 0.169931
1366 0.176211
1367 0.175564
1368 0.1649
1369 0.186964
1370 0.168618
1371 0.184003
1372 0.176677
1373 0.187459
1374 0.179815
1375 0.182353
1376 0.173813
1377 0.16599
1378 0.163678
1379 0.176165
1380 0.178087
1381 0.173022
1382 0.184623
1383 0.169325
1384 0.163038
1385 0.178496
1386 0.189829
1387 0.175477
1388 0.183594
1389 0.167001
1390 0.175616
1391 0.172962
1392 0.186346
1393 0.189345
1394 0.175648
1395 0.169667
1396 0.171431
1397 0.181609
1398 0.179536
1399 0.183073
1400 0.166643
1401 0.181918
1402 0.168372
1403 0.166602
1404 0.166325
1405 0.17246
1406 0.164549
1407 0.169881
1408 0.183942
1409 0.188414
1410 0.179437
1411 0.187418
1412 0.170543
1413 0.188007
1414 0.171864
1415 0.185521
1416 0.191431
1417 0.178845
1418 0.189178
1419 0.173749
1420 0.168569
1421 0.186078
1422 0.185941
1423 0.175115
1424 0.163677
1425 0.169646
1426 0.186373
1427 0.180062
1428 0.173825
1429 0.187013
1430 0.175466
1431 0.169932
1432 0.166249
1433 0.175401
1434 0.182723
1435 0.18102
1436 0.18846
1437 0.183883
1438 0.179714
1439 0.170604
1440 0.174306
1441 0.173593
1442 0.182165
1443 0.184542
1444 0.172748
1445 0.16371
1446 0.186362
1447 0.188624
1448 0.175973
1449 0.174216
1450 0.169359
1451 0.183921
1452 0.18825
1453 0.183717
1454 0.181664
1455 0.167508
1456 0.167701
1457 0.173698
1458 0.170479
1459 0.174949
1460 0.181146
1461 0.183612
1462 0.181426
1463 0.185463
1464 0.181362
1465 0.180264
1466 0.164425
1467 0.180703
1468 0.19109
1469 0.174396
1470 0.168908
1471 0.177637
1472 0.169418
1473 0.185255
1474 0.168631
1475 0.169596
1476 0.171347
1477 0.177167
1478 0.187541
1479 0.190759
1480 0.168172
1481 0.181271
1482 0.172406
1483 0.171985
1484 0.18363
1485 0.169525
1486 0.182008
1487 0.168325
1488 0.186567
1489 0.172572
1490 0.161641
1491 0.175531
1492 0.174671
1493 0.167574
1494 0.174131
1495 0.169734
1496 0.182145
1497 0.192706
1498 0.171727
1499 0.167205
1500 0.165305
1501 0.185995
1502 0.17912
1503 0.168889
1504 0.175654
1505 0.184732
1506 0.177183
1507 0.183816
1508 0.192688
1509 0.171006
1510 0.184822
1511 0.186538
1512 0.183817
1513 0.184784
1514 0.185692
1515 0.179525
1516 0.172805
1517 0.183314
1518 0.188267
1519 0.174629
1520 0.164105
1521 0.179191
1522 0.168949
1523 0.167332
1524 0.188192
1525 0.166647
1526 0.177177
1527 0.18643
1528 0.172642
1529 0.174996
1530 0.176329
1531 0.178106
1532 0.166958
1533 0.173391
1534 0.180166
1535 0.173421
1536 0.172805
1537 0.187299
1538 0.188163
1539 0.173614
1540 0.178243
1541 0.187476
1542 0.169781
1543 0.175116
1544 0.185941
1545 0.169004
1546 0.172045
1547 0.185511
1548 0.172091
1549 0.172038
1550 0.181176
1551 0.177189
1552 0.167763
1553 0.164242
1554 0.183604
1555 0.175603
1556 0.170492
1557 0.170193
1558 0.171503
1559 0.184382
1560 0.177779
1561 0.17116
1562 0.162756
1563 0.174874
1564 0.172773
1565 0.169393
1566 0.182206
1567 0.187528
1568 0.174141
1569 0.168089
1570 0.187923
1571 0.168816
1572 0.175351
1573 0.187304
1574 0.18512
1575 0.182271
1576 0.178969
1577 0.182921
1578 0.179023
1579 0.185349
1580 0.1846
1581 0.169664
1582 0.180584
1583 0.17428
1584 0.184989
1585 0.175188
1586 0.187977
1587 0.178576
1588 0.176289
1589 0.181112
1590 0.183448
1591 0.174965
1592 0.170423
1593 0.182621
1594 0.175184
1595 0.184417
1596 0.173046
1597 0.187355
1598 0.174738
1599 0.165229
1600 0.18217
1601 0.16399
1602 0.186524
1603 0.170249
1604 0.171007
1605 0.166746
1606 0.164408
1607 0.17157
1608 0.170558
1609 0.17837
1610 0.168364
1611 0.163725
1612 0.186266
1613 0.179198
1614 0.174654
1615 0.186889
1616 0.177739
1617 0.179727
1618 0.166949
1619 0.177377
1620 0.171109
1621 0.163072
1622 0.171916
1623 0.168279
1624 0.182673
1625 0.176457
1626 0.179294
1627 0.191372
1628 0.168473
1629 0.174589
1630 0.184345
1631 0.191051
1632 0.184065
1633 0.189154
1634 0.175978
1635 0.167213
1636 0.166593
1637 0.164708
1638 0.168716
1639 0.178183
1640 0.175784
1641 0.175719
1642 0.186768
1643 0.19209
1644 0.18523
1645 0.173844
1646 0.176676
1647 0.18235
1648 0.174429
1649 0.166287
1650 0.180054
1651 0.18687
1652 0.178892
1653 0.188316
1654 0.194237
1655 0.17481
1656 0.182515
1657 0.189011
1658 0.187538
1659 0.19022
1660 0.175223
1661 0.181779
1662 0.1687
1663 0.187355
1664 0.18309
1665 0.176386
1666 0.170234
1667 0.180884
1668 0.186187
1669 0.177418
1670 0.184416
1671 0.176433
1672 0.185063
1673 0.177798
1674 0.1805
1675 0.19189
1676 0.179146
1677 0.167394
1678 0.164616
1679 0.184575
1680 0.18614
1681 0.166439
1682 0.167733
1683 0.166638
1684 0.183972
1685 0.188144
1686 0.181011
1687 0.186067
1688 0.18011
1689 0.182569
1690 0.185918
1691 0.174224
1692 0.179781
1693 0.186208
1694 0.179016
1695 0.187496
1696 0.190699
1697 0.171435
1698 0.181728
1699 0.184949
1700 0.169994
1701 0.177421
1702 0.185891
1703 0.184343
1704 0.182223
1705 0.169088
1706 0.161161
1707 0.18518
1708 0.175665
1709 0.184792
1710 0.190584
1711 0.169636
1712 0.175166
1713 0.185228
1714 0.178182
1715 0.180421
1716 0.18622
1717 0.191016
1718 0.168968
1719 0.186755
1720 0.177402
1721 0.166205
1722 0.164903
1723 0.178652
1724 0.187972
1725 0.184372
1726 0.175656
1727 0.185977
1728 0.184004
1729 0.177121
1730 0.178143
1731 0.189571
1732 0.176081
1733 0.176658
1734 0.172799
1735 0.186261
1736 0.189552
1737 0.17774
1738 0.189375
1739 0.183192
1740 0.172261
1741 0.164315
1742 0.175467
1743 0.179791
1744 0.161835
1745 0.184078
1746 0.17323
1747 0.186925
1748 0.186211
1749 0.17296
1750 0.176116
1751 0.174011
1752 0.172311
1753 0.185196
1754 0.187515
1755 0.19054
1756 0.175307
1757 0.164002
1758 0.184434
1759 0.177904
1760 0.169854
1761 0.178948
1762 0.172191
1763 0.164571
1764 0.177275
1765 0.170045
1766 0.162905
1767 0.184509
1768 0.172633
1769 0.188201
1770 0.171616
1771 0.183936
1772 0.169111
1773 0.1754
1774 0.168907
1775 0.162231
1776 0.177902
1777 0.179645
1778 0.165846
1779 0.171443
1780 0.185855
1781 0.183198
1782 0.168748
1783 0.18063
1784 0.180499
1785 0.176066
1786 0.18538
1787 0.187999
1788 0.191304
1789 0.18332
1790 0.170696
1791 0.181231
1792 0.175859
1793 0.167941
1794 0.177847
1795 0.175801
1796 0.167311
1797 0.179504
1798 0.1767
1799 0.181498
1800 0.178162
1801 0.17198
1802 0.181082
1803 0.165462
1804 0.169825
1805 0.165527
1806 0.176781
1807 0.173978
1808 0.171177
1809 0.189167
1810 0.180117
1811 0.180658
1812 0.172962
1813 0.176041
1814 0.187117
1815 0.188033
1816 0.174971
1817 0.1831
1818 0.192812
1819 0.183883
1820 0.179253
1821 0.181539
1822 0.17522
1823 0.172099
1824 0.169597
1825 0.179852
1826 0.187199
1827 0.191188
1828 0.179511
1829 0.165417
1830 0.184203
1831 0.185427
1832 0.165417
1833 0.184179
1834 0.183
1835 0.170317
1836 0.163899
1837 0.171079
1838 0.177183
1839 0.183758
1840 0.170452
1841 0.169359
1842 0.165106
1843 0.16493
1844 0.180276
1845 0.165176
1846 0.174554
1847 0.169509
1848 0.168357
1849 0.177603
1850 0.181738
1851 0.165983
1852 0.172515
1853 0.18457
1854 0.193556
1855 0.176276
1856 0.17756
1857 0.174523
1858 0.177405
1859 0.189264
1860 0.180038
1861 0.184411
1862 0.19167
1863 0.176774
1864 0.163853
1865 0.178098
1866 0.167544
1867 0.177259
1868 0.188494
1869 0.174482
1870 0.172526
1871 0.171203
1872 0.174687
1873 0.172981
1874 0.166253
1875 0.179418
1876 0.169018
1877 0.168514
1878 0.166337
1879 0.163365
1880 0.16068
1881 0.176613
1882 0.189276
1883 0.167338
1884 0.185437
1885 0.175292
1886 0.176066
1887 0.180124
1888 0.173189
1889 0.188513
1890 0.17782
1891 0.179968
1892 0.181813
1893 0.181194
1894 0.175369
1895 0.173799
1896 0.190546
1897 0.172521
1898 0.189098
1899 0.175129
1900 0.176225
1901 0.177166
1902 0.184744
1903 0.182337
1904 0.176988
1905 0.177298
1906 0.174089
1907 0.186989
1908 0.192701
1909 0.175841
1910 0.165624
1911 0.18364
1912 0.173936
1913 0.169679
1914 0.174677
1915 0.179388
1916 0.185829
1917 0.169412
1918 0.172763
1919 0.164148
1920 0.177157
1921 0.170355
1922 0.184459
1923 0.180663
1924 0.188755
1925 0.183365
1926 0.183758
1927 0.176953
1928 0.168113
1929 0.182846
1930 0.191495
1931 0.176937
1932 0.188184
1933 0.185841
1934 0.173323
1935 0.189864
1936 0.173695
1937 0.176507
1938 0.184786
1939 0.177276
1940 0.18999
1941 0.180426
1942 0.163968
1943 0.181316
1944 0.185851
1945 0.180776
1946 0.18463
1947 0.166935
1948 0.17365
1949 0.168268
1950 0.169028
1951 0.171791
1952 0.171495
1953 0.189736
1954 0.167723
1955 0.173635
1956 0.174371
1957 0.170968
1958 0.188795
1959 0.172535
1960 0.175672
1961 0.166782
1962 0.179859
1963 0.188763
1964 0.168863
1965 0.190567
1966 0.1739
1967 0.171878
1968 0.164456
1969 0.164703
1970 0.178201
1971 0.18422
1972 0.186213
1973 0.19012
1974 0.178323
1975 0.189933
1976 0.191276
1977 0.185746
1978 0.191261
1979 0.167746
1980 0.186746
1981 0.17718
1982 0.186474
1983 0.175235
1984 0.1664
1985 0.170105
1986 0.168884
1987 0.179212
1988 0.163744
1989 0.182519
1990 0.190933
1991 0.171339
1992 0.183802
1993 0.168263
1994 0.18241
1995 0.169892
1996 0.175824
1997 0.177864
1998 0.190357
1999 0.173063
2000 0.179108
2001 0.186404
2002 0.191876
2003 0.170575
2004 0.18812
2005 0.181912
2006 0.187945
2007 0.170485
2008 0.168191
2009 0.171929
2010 0.179164
2011 0.18322
2012 0.182643
2013 0.17291
2014 0.163022
2015 0.181938
2016 0.182912
2017 0.186469
2018 0.183143
2019 0.166427
2020 0.174004
2021 0.163407
2022 0.17105
2023 0.174882
2024 0.168495
2025 0.187112
2026 0.191703
2027 0.179974
2028 0.185231
2029 0.189651
2030 0.169597
2031 0.165347
2032 0.177323
2033 0.184956
2034 0.194137
2035 0.170811
2036 0.172402
2037 0.179071
2038 0.168184
2039 0.168576
2040 0.161417
2041 0.183832
2042 0.173177
2043 0.160386
2044 0.184295
2045 0.179949
2046 0.173616
2047 0.184056
2048 0.185914
2049 0.166728
2050 0.170624
2051 0.189814
2052 0.189681
2053 0.172447
2054 0.173145
2055 0.173671
2056 0.166682
2057 0.176974
2058 0.188906
2059 0.170271
2060 0.189552
2061 0.174022
2062 0.177761
2063 0.184019
2064 0.189035
2065 0.174151
2066 0.170121
2067 0.17989
2068 0.187108
2069 0.17816
2070 0.173112
2071 0.162549
2072 0.173881
2073 0.164755
2074 0.162583
2075 0.163877
2076 0.16124
2077 0.165309
2078 0.174782
2079 0.188506
2080 0.171735
2081 0.172451
2082 0.164207
2083 0.17566
2084 0.188325
2085 0.179069
2086 0.176196
2087 0.184766
2088 0.180017
2089 0.1741
2090 0.176284
2091 0.169879
2092 0.159673
2093 0.18428
2094 0.176509
2095 0.166502
2096 0.183184
2097 0.186986
2098 0.182656
2099 0
