0 -11.7375
1 -3.05509
2 -0.234678
3 0.489349
4 0.642583
5 0.552064
6 0.448026
7 0.407546
8 0.334255
9 0.335516
10 0.396609
11 0.474654
12 0.358101
13 0.389722
14 0.454245
15 0.377661
16 0.49033
17 0.320279
18 0.434586
19 0.306769
20 0.360845
21 0.44102
22 0.407069
23 0.345612
24 0.386493
25 0.394714
26 0.456556
27 0.442418
28 0.399901
29 0.373303
30 0.335694
31 0.426795
32 0.389226
33 0.32272
34 0.320067
35 0.302148
36 0.393217
37 0.494886
38 0.364098
39 0.354955
40 0.448141
41 0.512648
42 0.476941
43 0.520368
44 0.466399
45 0.472171
46 0.458794
47 0.473626
48 0.334096
49 0.292943
50 0.474202
51 0.352731
52 0.380707
53 0.447392
54 0.304518
55 0.406973
56 0.398719
57 0.361658
58 0.40533
59 0.296693
60 0.256
61 0.244004
62 0.421754
63 0.312284
64 0.390815
65 0.370494
66 0.328342
67 0.327685
68 0.362336
69 0.502443
70 0.387878
71 0.327674
72 0.404797
73 0.429587
74 0.370052
75 0.299643
76 0.279884
77 0.30691
78 0.375171
79 0.29114
80 0.382837
81 0.459986
82 0.402754
83 0.479643
84 0.371252
85 0.44566
86 0.366255
87 0.34703
88 0.326259
89 0.252863
90 0.360152
91 0.345016
92 0.392369
93 0.319544
94 0.28847
95 0.387731
96 0.351797
97 0.31313
98 0.2881
99 0.390034
100 0.300744
101 0.272418
102 0.32653
103 0.482764
104 0.349925
105 0.279072
106 0.422144
107 0.389585
108 0.290702
109 0.295789
110 0.322857
111 0.349708
112 0.278483
113 0.314345
114 0.296299
115 0.418674
116 0.490723
117 0.503428
118 0.421284
119 0.325673
120 0.430654
121 0.327571
122 0.451159
123 0.388327
124 0.368921
125 0.367173
126 0.413634
127 0.389717
128 0.459558
129 0.452831
130 0.391016
131 0.383384
132 0.356973
133 0.347249
134 0.415351
135 0.353266
136 0.302637
137 0.446737
138 0.524718
139 0.438884
140 0.427307
141 0.476035
142 0.448881
143 0.309416
144 0.347359
145 0.297816
146 0.268874
147 0.44326
148 0.4046
149 0.434671
150 0.326871
151 0.378018
152 0.383825
153 0.43746
154 0.338555
155 0.37861
156 0.3942
157 0.389772
158 0.427169
159 0.485316
160 0.414409
161 0.302794
162 0.318513
163 0.287337
164 0.377981
165 0.4469
166 0.517186
167 0.49282
168 0.409466
169 0.339667
170 0.413996
171 0.462445
172 0.353138
173 0.376022
174 0.374089
175 0.320076
176 0.460323
177 0.31513
178 0.447308
179 0.458172
180 0.52898
181 0.408331
182 0.32953
183 0.468096
184 0.308265
185 0.420139
186 0.298724
187 0.39893
188 0.478328
189 0.420384
190 0.385911
191 0.498355
192 0.427904
193 0.473578
194 0.455951
195 0.381449
196 0.444921
197 0.308784
198 0.306666
199 0.26562
200 0.257798
201 0.39707
202 0.451939
203 0.440526
204 0.405565
205 0.454447
206 0.359429
207 0.285548
208 0.263981
209 0.431162
210 0.528104
211 0.319603
212 0.46286
213 0.438156
214 0.364462
215 0.345264
216 0.488626
217 0.32543
218 0.399649
219 0.475456
220 0.312547
221 0.456903
222 0.451409
223 0.312147
224 0.458129
225 0.411434
226 0.375357
227 0.44067
228 0.396329
229 0.277981
230 0.425885
231 0.498129
232 0.33172
233 0.407602
234 0.416026
235 0.462137
236 0.45019
237 0.531214
238 0.358187
239 0.409673
240 0.501309
241 0.383187
242 0.377674
243 0.30344
244 0.306074
245 0.340298
246 0.280259
247 0.464937
248 0.461563
249 0.313435
250 0.457285
251 0.388566
252 0.490622
253 0.375284
254 0.377873
255 0.327804
256 0.329397
257 0.387742
258 0.402617
259 0.366735
260 0.425384
261 0.479572
262 0.421873
263 0.319579
264 0.351424
265 0.406482
266 0.298878
267 0.449613
268 0.53899
269 0.358162
270 0.434751
271 0.425962
272 0.335305
273 0.34182
274 0.425344
275 0.460144
276 0.517219
277 0.415009
278 0.269711
279 0.475548
280 0.311401
281 0.430122
282 0.5083
283 0.315428
284 0.488477
285 0.318074
286 0.436205
287 0.390465
288 0.456125
289 0.457511
290 0.381676
291 0.478792
292 0.508416
293 0.497044
294 0.365754
295 0.440954
296 0.368559
297 0.431768
298 0.353744
299 0.366269
300 0.485806
301 0.420782
302 0.445192
303 0.402995
304 0.384653
305 0.271552
306 0.381025
307 0.473822
308 0.400605
309 0.413317
310 0.490442
311 0.532524
312 0.420375
313 0.297869
314 0.286163
315 0.286557
316 0.391114
317 0.419155
318 0.525826
319 0.352713
320 0.440281
321 0.406558
322 0.349965
323 0.494298
324 0.357
325 0.418501
326 0.397175
327 0.416234
328 0.425763
329 0.427874
330 0.359627
331 0.40358
332 0.388385
333 0.38426
334 0.329895
335 0.392498
336 0.279622
337 0.369248
338 0.445723
339 0.36623
340 0.354875
341 0.340027
342 0.392309
343 0.421782
344 0.426962
345 0.334555
346 0.301155
347 0.311059
348 0.470051
349 0.365603
350 0.463182
351 0.354015
352 0.400966
353 0.515988
354 0.322287
355 0.479127
356 0.312449
357 0.351856
358 0.422343
359 0.511837
360 0.413547
361 0.421345
362 0.470892
363 0.341009
364 0.327466
365 0.41647
366 0.307794
367 0.369367
368 0.288951
369 0.396193
370 0.478764
371 0.338761
372 0.400023
373 0.303783
374 0.26728
375 0.301781
376 0.384499
377 0.378467
378 0.416009
379 0.474434
380 0.510142
381 0.466506
382 0.446902
383 0.385534
384 0.274095
385 0.333625
386 0.398984
387 0.314027
388 0.354089
389 0.339392
390 0.461724
391 0.46137
392 0.355774
393 0.309551
394 0.389271
395 0.420832
396 0.38081
397 0.287522
398 0.357028
399 0.384276
400 0.430539
401 0.373427
402 0.444409
403 0.480477
404 0.358133
405 0.40657
406 0.468099
407 0.311437
408 0.449431
409 0.462925
410 0.506948
411 0.425487
412 0.409375
413 0.476154
414 0.456649
415 0.43939
416 0.479491
417 0.363138
418 0.478135
419 0.45279
420 0.515681
421 0.378666
422 0.271428
423 0.418344
424 0.294741
425 0.287232
426 0.373333
427 0.288246
428 0.457477
429 0.393394
430 0.512999
431 0.382474
432 0.30372
433 0.321239
434 0.46471
435 0.498372
436 0.353175
437 0.484227
438 0.496267
439 0.361089
440 0.366792
441 0.434928
442 0.483146
443 0.454666
444 0.484549
445 0.491456
446 0.406691
447 0.336698
448 0.30924
449 0.408625
450 0.31749
451 0.367621
452 0.423131
453 0.468338
454 0.315956
455 0.293936
456 0.286804
457 0.34056
458 0.318164
459 0.399247
460 0.500346
461 0.497352
462 0.320198
463 0.430765
464 0.505072
465 0.412671
466 0.492766
467 0.540386
468 0.419459
469 0.40096
470 0.438426
471 0.326685
472 0.432977
473 0.342598
474 0.47009
475 0.472671
476 0.518237
477 0.499555
478 0.434248
479 0.533428
480 0.313998
481 0.400381
482 0.472767
483 0.486126
484 0.453991
485 0.336902
486 0.437289
487 0.465112
488 0.485451
489 0.366515
490 0.28881
491 0.441644
492 0.430648
493 0.290141
494 0.421916
495 0.316133
496 0.407464
497 0.403395
498 0.323606
499 0.334026
500 0.304058
501 0.387729
502 0.410739
503 0.447336
504 0.302305
505 0.454936
506 0.52099
507 0.494175
508 0.340215
509 0.365026
510 0.298149
511 0.293265
512 0.458429
513 0.381695
514 0.483129
515 0.423014
516 0.492565
517 0.47255
518 0.428404
519 0.427242
520 0.490484
521 0.373627
522 0.358692
523 0.341598
524 0.461459
525 0.339964
526 0.354777
527 0.473064
528 0.430659
529 0.431834
530 0.398009
531 0.438331
532 0.490854
533 0.52513
534 0.491979
535 0.41989
536 0.338241
537 0.397397
538 0.428917
539 0.360245
540 0.486345
541 0.47121
542 0.423625
543 0.334639
544 0.439665
545 0.511896
546 0.353958
547 0.293804
548 0.375805
549 0.41606
550 0.453484
551 0.406128
552 0.349123
553 0.365027
554 0.358206
555 0.472803
556 0.447473
557 0.346938
558 0.436289
559 0.510111
560 0.46727
561 0.410268
562 0.291161
563 0.384092
564 0.415632
565 0.421692
566 0.348501
567 0.409718
568 0.360008
569 0.330623
570 0.437048
571 0.469987
572 0.343555
573 0.345537
574 0.353549
575 0.255417
576 0.361002
577 0.461983
578 0.508172
579 0.360936
580 0.368163
581 0.392917
582 0.299371
583 0.364089
584 0.398257
585 0.494625
586 0.527755
587 0.537889
588 0.516687
589 0.371519
590 0.438098
591 0.349914
592 0.496882
593 0.31876
594 0.484164
595 0.398696
596 0.313142
597 0.449251
598 0.357707
599 0.441497
600 0.438667
601 0.367822
602 0.388941
603 0.469679
604 0.370864
605 0.438385
606 0.363319
607 0.398912
608 0.278981
609 0.440292
610 0.385386
611 0.274147
612 0.447131
613 0.303415
614 0.305699
615 0.353943
616 0.375713
617 0.307893
618 0.294679
619 0.393015
620 0.336606
621 0.324714
622 0.272522
623 0.346262
624 0.357113
625 0.434444
626 0.379655
627 0.50703
628 0.419409
629 0.33352
630 0.308587
631 0.45046
632 0.420449
633 0.356857
634 0.434989
635 0.429307
636 0.335027
637 0.298372
638 0.461675
639 0.358297
640 0.418133
641 0.370804
642 0.342526
643 0.470944
644 0.506546
645 0.463358
646 0.46804
647 0.419488
648 0.476535
649 0.336206
650 0.34874
651 0.314692
652 0.434062
653 0.449588
654 0.473451
655 0.457048
656 0.319055
657 0.369481
658 0.440541
659 0.369653
660 0.409567
661 0.302886
662 0.342243
663 0.328621
664 0.30138
665 0.323465
666 0.43385
667 0.339385
668 0.421445
669 0.450761
670 0.395393
671 0.294605
672 0.308992
673 0.272128
674 0.414735
675 0.375836
676 0.321008
677 0.454093
678 0.531291
679 0.325582
680 0.389655
681 0.429534
682 0.399225
683 0.518135
684 0.374609
685 0.307475
686 0.308076
687 0.393305
688 0.349338
689 0.352727
690 0.331513
691 0.288597
692 0.255008
693 0.381021
694 0.380071
695 0.311477
696 0.321707
697 0.339478
698 0.44461
699 0.399728
700 0.384969
701 0.386537
702 0.405625
703 0.447887
704 0.428398
705 0.404613
706 0.439904
707 0.511124
708 0.435486
709 0.392785
710 0.29535
711 0.269297
712 0.457046
713 0.304813
714 0.398754
715 0.308998
716 0.378981
717 0.48354
718 0.532641
719 0.4479
720 0.506877
721 0.433289
722 0.337659
723 0.322365
724 0.28441
725 0.427862
726 0.514047
727 0.37772
728 0.367599
729 0.490949
730 0.427408
731 0.31035
732 0.364166
733 0.266644
734 0.42294
735 0.356115
736 0.477581
737 0.448804
738 0.38075
739 0.419147
740 0.45086
741 0.397917
742 0.279342
743 0.417996
744 0.292252
745 0.318398
746 0.436029
747 0.329976
748 0.261657
749 0.290882
750 0.425503
751 0.300362
752 0.306075
753 0.432353
754 0.287656
755 0.414857
756 0.4039
757 0.292584
758 0.294772
759 0.388855
760 0.493723
761 0.416778
762 0.511874
763 0.443519
764 0.429362
765 0.299877
766 0.303183
767 0.352519
768 0.257145
769 0.372122
770 0.491229
771 0.474603
772 0.474324
773 0.369832
774 0.290136
775 0.229495
776 0.418664
777 0.371473
778 0.299637
779 0.26489
780 0.276096
781 0.421416
782 0.516169
783 0.348938
784 0.461305
785 0.381915
786 0.31657
787 0.337977
788 0.354588
789 0.414005
790 0.354015
791 0.329901
792 0.447421
793 0.447401
794 0.47321
795 0.386237
796 0.4098
797 0.315343
798 0.342334
799 0.32833
800 0.30978
801 0.280087
802 0.406876
803 0.380079
804 0.294605
805 0.289543
806 0.339857
807 0.276011
808 0.421653
809 0.355627
810 0.394482
811 0.368101
812 0.385604
813 0.482073
814 0.3427
815 0.322155
816 0.37695
817 0.351118
818 0.473898
819 0.532662
820 0.396244
821 0.383187
822 0.342204
823 0.318278
824 0.376989
825 0.313104
826 0.296843
827 0.304679
828 0.257275
829 0.444613
830 0.387266
831 0.405097
832 0.371154
833 0.270993
834 0.442147
835 0.391122
836 0.313264
837 0.305378
838 0.320019
839 0.453004
840 0.386513
841 0.348784
842 0.411208
843 0.339147
844 0.310223
845 0.438094
846 0.412646
847 0.350422
848 0.388364
849 0.353291
850 0.394081
851 0.343788
852 0.280836
853 0.247577
854 0.394078
855 0.433085
856 0.39834
857 0.477951
858 0.379566
859 0.439696
860 0.337877
861 0.356853
862 0.307076
863 0.418665
864 0.370662
865 0.27714
866 0.436576
867 0.413159
868 0.503344
869 0.436754
870 0.380151
871 0.36487
872 0.42083
873 0.385564
874 0.361741
875 0.342219
876 0.31452
877 0.394081
878 0.408981
879 0.326268
880 0.435047
881 0.484178
882 0.419877
883 0.399768
884 0.31787
885 0.349383
886 0.389351
887 0.342551
888 0.323692
889 0.448559
890 0.409958
891 0.366963
892 0.413329
893 0.435881
894 0.397433
895 0.45754
896 0.408056
897 0.444365
898 0.30061
899 0.385466
900 0.307711
901 0.427531
902 0.304548
903 0.307253
904 0.3744
905 0.490729
906 0.508658
907 0.441577
908 0.466356
909 0.437745
910 0.507496
911 0.400769
912 0.453016
913 0.537567
914 0.319505
915 0.478539
916 0.339753
917 0.401448
918 0.406242
919 0.362435
920 0.495715
921 0.344237
922 0.400145
923 0.289979
924 0.291383
925 0.383322
926 0.327477
927 0.419769
928 0.371146
929 0.466177
930 0.353243
931 0.421497
932 0.316872
933 0.295641
934 0.39971
935 0.383339
936 0.332725
937 0.370258
938 0.271436
939 0.42032
940 0.301847
941 0.316546
942 0.430075
943 0.358945
944 0.277338
945 0.345846
946 0.330467
947 0.373574
948 0.29431
949 0.259089
950 0.384739
951 0.476219
952 0.368451
953 0.304081
954 0.477857
955 0.305688
956 0.358129
957 0.331232
958 0.258445
959 0.387855
960 0.420113
961 0.408022
962 0.470034
963 0.450403
964 0.371895
965 0.346073
966 0.288197
967 0.450468
968 0.522456
969 0.475959
970 0.381719
971 0.461371
972 0.495813
973 0.406627
974 0.297678
975 0.261629
976 0.359147
977 0.437185
978 0.390231
979 0.464433
980 0.349872
981 0.394477
982 0.403168
983 0.365135
984 0.437665
985 0.411889
986 0.420094
987 0.385294
988 0.346063
989 0.317019
990 0.312755
991 0.45323
992 0.308909
993 0.351837
994 0.261028
995 0.375323
996 0.451173
997 0.465912
998 0.354258
999 0.269922
1000 0.431346
1001 0.46672
1002 0.479691
1003 0.456244
1004 0.305745
1005 0.482538
1006 0.338376
1007 0.438439
1008 0.396729
1009 0.36449
1010 0.3365
1011 0.409682
1012 0.268753
1013 0.461458
1014 0.372617
1015 0.394399
1016 0.443498
1017 0.381957
1018 0.451512
1019 0.392518
1020 0.39316
1021 0.314392
1022 0.417685
1023 0.328081
1024 0.316842
1025 0.298902
1026 0.330916
1027 0.296196
1028 0.426861
1029 0.337649
1030 0.388058
1031 0.284352
1032 0.327379
1033 0.365148
1034 0.35887
1035 0.31569
1036 0.24809
1037 0.436232
1038 0.434167
1039 0.504447
1040 0.427096
1041 0.41702
1042 0.388765
1043 0.285041
1044 0.434148
1045 0.432312
1046 0.333449
1047 0.281849
1048 0.366841
1049 0.452818
1050 0.458688
1051 0.433933
1052 0.354912
1053 0.307403
1054 0.454148
1055 0.464372
1056 0.507011
1057 0.476046
1058 0.518825
1059 0.319717
1060 0.366026
1061 0.333825
1062 0.306031
1063 0.451995
1064 0.425504
1065 0.331559
1066 0.412404
1067 0.354005
1068 0.283094
1069 0.431592
1070 0.374337
1071 0.396401
1072 0.503131
1073 0.357186
1074 0.502245
1075 0.356985
1076 0.346275
1077 0.390352
1078 0.415602
1079 0.494253
1080 0.383765
1081 0.313671
1082 0.435492
1083 0.378411
1084 0.41982
1085 0.424733
1086 0.511247
1087 0.446779
1088 0.295499
1089 0.36547
1090 0.439005
1091 0.439206
1092 0.385487
1093 0.29267
1094 0.447975
1095 0.322948
1096 0.346381
1097 0.344744
1098 0.464589
1099 0.389947
1100 0.512217
1101 0.335535
1102 0.30087
1103 0.436337
1104 0.453077
1105 0.336566
1106 0.374773
1107 0.404825
1108 0.438378
1109 0.450565
1110 0.544039
1111 0.325697
1112 0.384182
1113 0.35425
1114 0.387896
1115 0.364595
1116 0.26471
1117 0.413484
1118 0.412386
1119 0.351771
1120 0.286897
1121 0.231243
1122 0.452125
1123 0.321295
1124 0.385358
1125 0.495589
1126 0.448966
1127 0.511988
1128 0.438289
1129 0.399148
1130 0.48624
1131 0.401752
1132 0.447489
1133 0.366408
1134 0.417258
1135 0.363906
1136 0.311603
1137 0.470004
1138 0.334089
1139 0.463956
1140 0.514638
1141 0.4425
1142 0.449695
1143 0.476713
1144 0.395371
1145 0.309956
1146 0.478053
1147 0.381553
1148 0.492598
1149 0.309433
1150 0.378433
1151 0.483205
1152 0.427193
1153 0.515296
1154 0.405105
1155 0.347644
1156 0.483714
1157 0.389649
1158 0.366032
1159 0.338551
1160 0.448988
1161 0.414398
1162 0.37924
1163 0.393912
1164 0.452765
1165 0.419305
1166 0.286397
1167 0.418561
1168 0.325259
1169 0.399352
1170 0.315918
1171 0.361128
1172 0.378367
1173 0.496266
1174 0.39662
1175 0.44313
1176 0.468079
1177 0.445513
1178 0.34306
1179 0.352731
1180 0.295608
1181 0.391455
1182 0.349103
1183 0.319269
1184 0.364821
1185 0.394301
1186 0.409227
1187 0.35495
1188 0.304006
1189 0.479853
1190 0.378735
1191 0.393387
1192 0.515999
1193 0.386698
1194 0.269863
1195 0.391788
1196 0.373699
1197 0.42149
1198 0.520007
1199 0.421628
1200 0.443924
1201 0.511163
1202 0.417002
1203 0.303516
1204 0.371778
1205 0.347213
1206 0.368114
1207 0.263287
1208 0.414711
1209 0.447986
1210 0.311702
1211 0.306782
1212 0.332912
1213 0.276917
1214 0.44556
1215 0.300948
1216 0.381419
1217 0.280712
1218 0.425633
1219 0.416538
1220 0.448684
1221 0.394651
1222 0.492299
1223 0.439873
1224 0.390905
1225 0.319485
1226 0.27231
1227 0.370261
1228 0.401058
1229 0.397177
1230 0.419828
1231 0.302633
1232 0.332805
1233 0.429752
1234 0.30046
1235 0.462992
1236 0.507851
1237 0.525032
1238 0.530153
1239 0.469565
1240 0.499444
1241 0.348184
1242 0.314144
1243 0.44708
1244 0.299311
1245 0.333565
1246 0.254424
1247 0.449362
1248 0.495886
1249 0.334043
1250 0.298688
1251 0.274923
1252 0.349785
1253 0.466028
1254 0.388423
1255 0.482198
1256 0.405795
1257 0.49253
1258 0.461179
1259 0.327057
1260 0.264273
1261 0.331648
1262 0.396199
1263 0.266356
1264 0.464436
1265 0.422253
1266 0.468954
1267 0.462842
1268 0.435941
1269 0.315368
1270 0.286035
1271 0.33896
1272 0.417925
1273 0.434824
1274 0.540351
1275 0.325996
1276 0.382788
1277 0.466823
1278 0.48326
1279 0.46409
1280 0.491155
1281 0.376565
1282 0.389066
1283 0.289012
1284 0.459409
1285 0.29835
1286 0.419489
1287 0.38353
1288 0.498694
1289 0.398133
1290 0.406238
1291 0.422215
1292 0.324634
1293 0.422102
1294 0.321013
1295 0.354821
1296 0.368738
1297 0.496082
1298 0.412577
1299 0.439149
1300 0.425216
1301 0.285577
1302 0.459551
1303 0.343736
1304 0.379143
1305 0.483994
1306 0.422045
1307 0.352002
1308 0.357477
1309 0.276612
1310 0.247401
1311 0.239365
1312 0.399701
1313 0.347054
1314 0.307422
1315 0.429717
1316 0.430174
1317 0.391549
1318 0.299908
1319 0.473308
1320 0.318923
1321 0.283639
1322 0.293419
1323 0.345419
1324 0.387206
1325 0.386074
1326 0.306304
1327 0.402037
1328 0.344008
1329 0.394884
1330 0.361792
1331 0.433897
1332 0.350878
1333 0.261215
1334 0.357305
1335 0.399522
1336 0.523767
1337 0.353507
1338 0.276026
1339 0.286815
1340 0.38194
1341 0.35197
1342 0.461187
1343 0.537915
1344 0.38163
1345 0.295463
1346 0.45651
1347 0.448691
1348 0.332309
1349 0.453983
1350 0.301335
1351 0.395592
1352 0.3794
1353 0.369392
1354 0.41639
1355 0.403954
1356 0.422033
1357 0.476523
1358 0.358822
1359 0.461534
1360 0.366243
1361 0.297572
1362 0.317412
1363 0.268213
1364 0.413528
1365 0.306661
1366 0.467088
1367 0.324812
1368 0.338819
1369 0.459069
1370 0.406688
1371 0.434128
1372 0.473987
1373 0.421179
1374 0.40016
1375 0.415693
1376 0.449271
1377 0.324758
1378 0.395087
1379 0.36052
1380 0.267936
1381 0.376062
1382 0.467899
1383 0.486293
1384 0.406693
1385 0.51291
1386 0.424113
1387 0.344857
1388 0.488302
1389 0.380688
1390 0.484705
1391 0.499108
1392 0.446005
1393 0.440705
1394 0.285662
1395 0.392149
1396 0.47248
1397 0.424739
1398 0.464409
1399 0.414785
1400 0.338524
1401 0.369947
1402 0.391401
1403 0.27084
1404 0.443031
1405 0.509344
1406 0.371757
1407 0.356643
1408 0.462771
1409 0.437573
1410 0.403051
1411 0.351557
1412 0.45319
1413 0.331049
1414 0.470976
1415 0.3771
1416 0.367143
1417 0.381623
1418 0.378304
1419 0.275858
1420 0.347279
1421 0.457619
1422 0.365921
1423 0.352947
1424 0.468346
1425 0.346244
1426 0.391675
1427 0.317155
1428 0.351369
1429 0.411971
1430 0.343522
1431 0.300709
1432 0.282641
1433 0.46845
1434 0.323802
1435 0.478124
1436 0.474052
1437 0.306293
1438 0.341389
1439 0.348563
1440 0.396196
1441 0.389538
1442 0.319742
1443 0.357008
1444 0.482882
1445 0.357216
1446 0.332472
1447 0.465086
1448 0.503519
1449 0.500769
1450 0.425903
1451 0.524054
1452 0.348802
1453 0.477698
1454 0.401553
1455 0.391481
1456 0.367887
1457 0.27919
1458 0.459918
1459 0.317387
1460 0.312317
1461 0.460282
1462 0.424732
1463 0.466575
1464 0.404139
1465 0.472646
1466 0.457929
1467 0.414206
1468 0.481672
1469 0.366375
1470 0.410652
1471 0.451566
1472 0.326359
1473 0.307858
1474 0.46303
1475 0.437904
1476 0.349458
1477 0.472188
1478 0.477623
1479 0.489611
1480 0.51562
1481 0.491918
1482 0.431648
1483 0.435051
1484 0.430642
1485 0.409769
1486 0.468801
1487 0.405522
1488 0.286949
1489 0.395851
1490 0.498132
1491 0.337807
1492 0.309605
1493 0.259169
1494 0.442669
1495 0.336617
1496 0.417901
1497 0.352794
1498 0.419926
1499 0.339095
1500 0.424271
1501 0.366336
1502 0.37474
1503 0.33597
1504 0.382608
1505 0.431923
1506 0.398804
1507 0.358149
1508 0.316721
1509 0.369084
1510 0.418854
1511 0.355384
1512 0.340739
1513 0.429364
1514 0.486608
1515 0.511618
1516 0.461559
1517 0.383477
1518 0.455833
1519 0.367551
1520 0.376811
1521 0.374256
1522 0.286615
1523 0.246091
1524 0.299542
1525 0.376838
1526 0.299268
1527 0.331262
1528 0.371958
1529 0.354401
1530 0.38499
1531 0.50043
1532 0.396363
1533 0.47788
1534 0.43751
1535 0.40697
1536 0.447526
1537 0.346002
1538 0.323552
1539 0.263174
1540 0.38728
1541 0.462223
1542 0.422061
1543 0.328887
1544 0.302478
1545 0.262473
1546 0.363183
1547 0.319998
1548 0.444703
1549 0.40294
1550 0.508384
1551 0.346074
1552 0.319315
1553 0.315435
1554 0.434471
1555 0.516883
1556 0.366521
1557 0.485259
1558 0.436463
1559 0.451513
1560 0.332873
1561 0.334888
1562 0.299766
1563 0.425052
1564 0.465757
1565 0.470226
1566 0.398365
1567 0.444518
1568 0.393673
1569 0.282943
1570 0.447596
1571 0.394279
1572 0.332163
1573 0.302685
1574 0.312074
1575 0.342198
1576 0.458377
1577 0.437785
1578 0.331128
1579 0.354357
1580 0.442127
1581 0.44457
1582 0.378643
1583 0.261005
1584 0.447699
1585 0.487344
1586 0.355336
1587 0.298791
1588 0.274621
1589 0.368876
1590 0.318067
1591 0.454602
1592 0.500964
1593 0.445061
1594 0.521055
1595 0.360095
1596 0.408025
1597 0.391186
1598 0.480034
1599 0.38622
1600 0.271577
1601 0.381162
1602 0.381589
1603 0.350765
1604 0.426404
1605 0.403855
1606 0.436095
1607 0.421838
1608 0.513528
1609 0.440248
1610 0.501703
1611 0.439394
1612 0.481666
1613 0.335344
1614 0.417203
1615 0.501949
1616 0.486985
1617 0.335674
1618 0.46976
1619 0.451597
1620 0.359564
1621 0.277073
1622 0.273023
1623 0.25993
1624 0.379297
1625 0.477417
1626 0.529269
1627 0.383294
1628 0.466327
1629 0.325376
1630 0.448163
1631 0.467253
1632 0.374587
1633 0.391586
1634 0.487077
1635 0.337074
1636 0.336503
1637 0.470574
1638 0.423191
1639 0.499141
1640 0.406657
1641 0.47708
1642 0.360644
1643 0.372106
1644 0.289371
1645 0.456651
1646 0.303158
1647 0.425225
1648 0.356177
1649 0.315503
1650 0.254769
1651 0.398971
1652 0.306939
1653 0.434662
1654 0.400637
1655 0.328261
1656 0.278172
1657 0.311964
1658 0.260123
1659 0.295851
1660 0.270445
1661 0.269762
1662 0.300482
1663 0.404745
1664 0.358389
1665 0.343677
1666 0.373005
1667 0.388734
1668 0.340745
1669 0.410012
1670 0.286981
1671 0.470872
1672 0.377047
1673 0.473842
1674 0.367607
1675 0.475486
1676 0.486754
1677 0.302956
1678 0.437684
1679 0.396321
1680 0.379403
1681 0.332071
1682 0.445616
1683 0.336303
1684 0.471655
1685 0.418741
1686 0.417706
1687 0.376661
1688 0.285803
1689 0.344521
1690 0.436336
1691 0.398544
1692 0.465967
1693 0.365808
1694 0.357028
1695 0.43769
1696 0.470697
1697 0.483271
1698 0.332111
1699 0.357657
1700 0.422631
1701 0.347343
1702 0.33878
1703 0.362644
1704 0.356385
1705 0.472932
1706 0.38063
1707 0.478311
1708 0.320068
1709 0.400422
1710 0.36413
1711 0.458513
1712 0.327178
1713 0.316622
1714 0.479109
1715 0.297094
1716 0.421389
1717 0.51098
1718 0.425698
1719 0.372405
1720 0.274882
1721 0.433514
1722 0.388899
1723 0.411399
1724 0.431118
1725 0.489974
1726 0.344435
1727 0.316934
1728 0.355949
1729 0.492467
1730 0.322919
1731 0.31589
1732 0.454379
1733 0.46426
1734 0.486068
1735 0.318267
1736 0.369942
1737 0.336368
1738 0.347641
1739 0.315476
1740 0.418032
1741 0.415928
1742 0.473456
1743 0.363068
1744 0.504921
1745 0.327022
1746 0.31037
1747 0.460888
1748 0.346639
1749 0.33455
1750 0.332012
1751 0.479824
1752 0.388171
1753 0.494824
1754 0.338874
1755 0.389182
1756 0.426559
1757 0.445213
1758 0.476928
1759 0.34661
1760 0.423893
1761 0.338151
1762 0.332785
1763 0.251147
1764 0.415686
1765 0.453069
1766 0.477276
1767 0.441451
1768 0.388186
1769 0.292094
1770 0.464029
1771 0.466235
1772 0.295098
1773 0.394646
1774 0.43191
1775 0.502402
1776 0.53544
1777 0.366683
1778 0.481405
1779 0.532363
1780 0.440693
1781 0.502526
1782 0.401928
1783 0.347558
1784 0.430552
1785 0.348317
1786 0.369512
1787 0.295555
1788 0.347959
1789 0.48439
1790 0.466513
1791 0.32865
1792 0.446623
1793 0.314598
1794 0.335674
1795 0.373978
1796 0.415712
1797 0.333451
1798 0.280497
1799 0.327348
1800 0.434714
1801 0.426093
1802 0.310903
1803 0.352883
1804 0.408199
1805 0.312326
1806 0.423293
1807 0.38814
1808 0.271468
1809 0.418399
1810 0.376736
1811 0.423273
1812 0.494888
1813 0.372779
1814 0.393143
1815 0.408217
1816 0.41471
1817 0.471635
1818 0.338491
1819 0.423847
1820 0.421746
1821 0.452367
1822 0.314536
1823 0.326844
1824 0.450487
1825 0.351446
1826 0.488975
1827 0.422784
1828 0.44871
1829 0.322289
1830 0.37386
1831 0.353526
1832 0.275101
1833 0.271265
1834 0.365474
1835 0.386829
1836 0.269901
1837 0.462724
1838 0.386638
1839 0.478102
1840 0.517953
1841 0.391715
1842 0.363041
1843 0.366972
1844 0.348138
1845 0.434232
1846 0.400758
1847 0.459379
1848 0.496332
1849 0.365005
1850 0.285378
1851 0.333569
1852 0.487739
1853 0.373415
1854 0.329334
1855 0.40197
1856 0.304373
1857 0.459107
1858 0.430932
1859 0.380352
1860 0.29846
1861 0.371651
1862 0.318078
1863 0.331506
1864 0.433329
1865 0.428808
1866 0.358539
1867 0.417585
1868 0.433214
1869 0.514528
1870 0.445643
1871 0.431105
1872 0.48772
1873 0.394406
1874 0.27575
1875 0.380376
1876 0.500163
1877 0.398057
1878 0.442228
1879 0.481425
1880 0.358282
1881 0.322945
1882 0.426093
1883 0.431949
1884 0.375515
1885 0.387012
1886 0.319848
1887 0.407722
1888 0.522107
1889 0.355974
1890 0.29462
1891 0.388806
1892 0.40296
1893 0.470324
1894 0.448563
1895 0.398041
1896 0.439871
1897 0.344655
1898 0.346729
1899 0.401801
1900 0.299789
1901 0.305632
1902 0.359469
1903 0.409424
1904 0.397176
1905 0.372624
1906 0.334552
1907 0.402386
1908 0.292385
1909 0.31568
1910 0.256079
1911 0.441858
1912 0.39877
1913 0.393462
1914 0.330865
1915 0.355816
1916 0.464644
1917 0.466051
1918 0.33692
1919 0.346721
1920 0.421847
1921 0.3267
1922 0.338937
1923 0.394391
1924 0.432314
1925 0.396464
1926 0.478154
1927 0.405076
1928 0.421743
1929 0.400737
1930 0.336121
1931 0.409724
1932 0.34757
1933 0.293126
1934 0.385702
1935 0.343077
1936 0.436094
1937 0.424883
1938 0.509149
1939 0.435103
1940 0.41794
1941 0.443886
1942 0.325434
1943 0.389296
1944 0.301118
1945 0.243626
1946 0.410839
1947 0.439765
1948 0.446154
1949 0.388506
1950 0.296721
1951 0.282272
1952 0.467048
1953 0.355786
1954 0.405724
1955 0.399956
1956 0.310355
1957 0.405708
1958 0.310421
1959 0.470324
1960 0.418186
1961 0.411202
1962 0.356087
1963 0.408039
1964 0.433485
1965 0.462528
1966 0.369753
1967 0.367285
1968 0.422094
1969 0.382038
1970 0.420142
1971 0.333808
1972 0.368552
1973 0.35848
1974 0.305211
1975 0.385535
1976 0.444877
1977 0.452443
1978 0.499673
1979 0.327278
1980 0.387375
1981 0.481738
1982 0.487614
1983 0.460323
1984 0.516007
1985 0.37175
1986 0.471699
1987 0.32018
1988 0.331169
1989 0.309319
1990 0.406016
1991 0.411535
1992 0.386089
1993 0.417375
1994 0.312978
1995 0.253303
1996 0.371106
1997 0.502033
1998 0.310231
1999 0.458339
2000 0.401108
2001 0.314167
2002 0.346607
2003 0.263567
2004 0.439109
2005 0.514259
2006 0.524124
2007 0.400676
2008 0.492363
2009 0.399114
2010 0.376604
2011 0.371016
2012 0.361402
2013 0.323244
2014 0.269731
2015 0.371164
2016 0.437819
2017 0.504262
2018 0.48809
2019 0.41279
2020 0.475423
2021 0.303665
2022 0.40862
2023 0.363371
2024 0.314635
2025 0.429362
2026 0.403548
2027 0.340896
2028 0.338651
2029 0.456552
2030 0.34298
2031 0.429389
2032 0.507658
2033 0.364246
2034 0.412732
2035 0.412804
2036 0.379248
2037 0.434528
2038 0.372173
2039 0.337629
2040 0.451091
2041 0.466959
2042 0.523933
2043 0.456389
2044 0.389824
2045 0.420478
2046 0.489744
2047 0.520397
2048 0.397243
2049 0.277121
2050 0.378794
2051 0.316067
2052 0.271511
2053 0.246545
2054 0.358297
2055 0.392979
2056 0.490102
2057 0.535426
2058 0.499358
2059 0.403057
2060 0.479356
2061 0.527251
2062 0.448672
2063 0.399639
2064 0.448655
2065 0.510504
2066 0.477878
2067 0.396446
2068 0.329172
2069 0.410081
2070 0.442006
2071 0.324314
2072 0.260569
2073 0.370092
2074 0.377519
2075 0.443651
2076 0.486065
2077 0.402762
2078 0.384839
2079 0.399188
2080 0.423047
2081 0.437285
2082 0.39231
2083 0.421513
2084 0.495682
2085 0.399027
2086 0.391399
2087 0.442657
2088 0.386876
2089 0.316824
2090 0.336652
2091 0.271209
2092 0.270806
2093 0.269136
2094 0.340437
2095 0.420001
2096 0.334976
2097 0.466888
2098 0.530962
2099 0
