0 -1.23395
1 -0.355629
2 0.018505
3 0.147567
4 0.186076
5 0.184528
6 0.176539
7 0.173379
8 0.166448
9 0.166716
10 0.17241
11 0.180468
12 0.169464
13 0.173099
14 0.17882
15 0.171271
16 0.183142
17 0.165755
18 0.177884
19 0.164002
20 0.169824
21 0.177036
22 0.174142
23 0.168613
24 0.172404
25 0.172645
26 0.179048
27 0.177922
28 0.174243
29 0.171542
30 0.167291
31 0.176095
32 0.172263
33 0.166316
34 0.165801
35 0.163284
36 0.17204
37 0.182313
38 0.170135
39 0.169826
40 0.17803
41 0.184365
42 0.181576
43 0.186567
44 0.181054
45 0.181844
46 0.180164
47 0.181852
48 0.167953
49 0.163582
50 0.180613
51 0.168226
52 0.172168
53 0.178292
54 0.164084
55 0.1746
56 0.172948
57 0.169864
58 0.174372
59 0.163401
60 0.159525
61 0.15722
62 0.174573
63 0.163647
64 0.172752
65 0.170225
66 0.166467
67 0.166177
68 0.169108
69 0.183189
70 0.172308
71 0.167257
72 0.174059
73 0.176104
74 0.170848
75 0.164156
76 0.161646
77 0.163554
78 0.170231
79 0.162026
80 0.171484
81 0.178733
82 0.173649
83 0.18205
84 0.170954
85 0.178858
86 0.170329
87 0.168876
88 0.166353
89 0.158654
90 0.169032
91 0.16701
92 0.172561
93 0.165396
94 0.162442
95 0.171772
96 0.168051
97 0.16495
98 0.162141
99 0.172026
100 0.163014
101 0.160795
102 0.165349
103 0.180807
104 0.168208
105 0.162163
106 0.175481
107 0.171826
108 0.162985
109 0.163313
110 0.16518
111 0.167856
112 0.160981
113 0.164745
114 0.162252
115 0.174426
116 0.181639
117 0.184064
118 0.176734
119 0.1672
120 0.176994
121 0.165887
122 0.17887
123 0.172157
124 0.17101
125 0.170353
126 0.174764
127 0.172298
128 0.17959
129 0.178975
130 0.173357
131 0.17259
132 0.169479
133 0.168259
134 0.174905
135 0.168774
136 0.163974
137 0.177659
138 0.185252
139 0.177884
140 0.177364
141 0.181668
142 0.179004
143 0.16546
144 0.169061
145 0.163074
146 0.160002
147 0.176979
148 0.173076
149 0.177463
150 0.166595
151 0.17171
152 0.171445
153 0.177219
154 0.167524
155 0.17181
156 0.17267
157 0.172373
158 0.176175
159 0.182124
160 0.175579
161 0.164901
162 0.165894
163 0.161699
164 0.170529
165 0.177197
166 0.184989
167 0.183385
168 0.175779
169 0.168517
170 0.175064
171 0.179512
172 0.169218
173 0.171875
174 0.170959
175 0.165425
176 0.179474
177 0.164635
178 0.178556
179 0.178751
180 0.186837
181 0.175237
182 0.167719
183 0.180719
184 0.164103
185 0.176208
186 0.163062
187 0.173431
188 0.180668
189 0.175702
190 0.172785
191 0.183628
192 0.176364
193 0.181675
194 0.179697
195 0.172509
196 0.178824
197 0.164788
198 0.164927
199 0.15984
200 0.158624
201 0.172001
202 0.177558
203 0.177592
204 0.174624
205 0.179545
206 0.169952
207 0.162888
208 0.159741
209 0.175502
210 0.185374
211 0.16588
212 0.180832
213 0.177125
214 0.170628
215 0.168443
216 0.182343
217 0.165918
218 0.174101
219 0.180853
220 0.164943
221 0.179732
222 0.178401
223 0.165306
224 0.17979
225 0.174322
226 0.171562
227 0.17789
228 0.173402
229 0.16182
230 0.175975
231 0.182625
232 0.167074
233 0.175138
234 0.174796
235 0.179743
236 0.178682
237 0.187367
238 0.170134
239 0.175523
240 0.183613
241 0.172227
242 0.172458
243 0.164284
244 0.164214
245 0.167056
246 0.160831
247 0.179362
248 0.179007
249 0.165464
250 0.1798
251 0.171885
252 0.183024
253 0.171347
254 0.17233
255 0.166527
256 0.166426
257 0.17181
258 0.17338
259 0.1702
260 0.17607
261 0.181345
262 0.176216
263 0.166453
264 0.169057
265 0.173821
266 0.163102
267 0.178288
268 0.186858
269 0.16992
270 0.178192
271 0.176256
272 0.167585
273 0.168018
274 0.175588
275 0.179025
276 0.185544
277 0.176008
278 0.16169
279 0.181396
280 0.163914
281 0.176863
282 0.184031
283 0.165502
284 0.183363
285 0.16508
286 0.177774
287 0.172155
288 0.179393
289 0.17945
290 0.172262
291 0.181808
292 0.184333
293 0.184085
294 0.171305
295 0.178675
296 0.170438
297 0.177177
298 0.169011
299 0.170429
300 0.181825
301 0.175495
302 0.178847
303 0.174373
304 0.172762
305 0.161007
306 0.171422
307 0.179996
308 0.173535
309 0.175439
310 0.182589
311 0.187027
312 0.176714
313 0.164933
314 0.162801
315 0.161539
316 0.17163
317 0.17446
318 0.186131
319 0.169239
320 0.178614
321 0.174183
322 0.168845
323 0.18314
324 0.169158
325 0.17618
326 0.173193
327 0.175374
328 0.176229
329 0.176697
330 0.169955
331 0.174282
332 0.172309
333 0.172222
334 0.166686
335 0.172956
336 0.161218
337 0.170295
338 0.177319
339 0.1701
340 0.169591
341 0.167494
342 0.172414
343 0.175277
344 0.176393
345 0.167563
346 0.164177
347 0.164154
348 0.17972
349 0.169482
350 0.180467
351 0.169009
352 0.174007
353 0.184985
354 0.165973
355 0.182516
356 0.164693
357 0.169291
358 0.175076
359 0.184352
360 0.175253
361 0.176661
362 0.181102
363 0.168179
364 0.16699
365 0.17505
366 0.16402
367 0.170786
368 0.161968
369 0.172744
370 0.180689
371 0.167568
372 0.174422
373 0.163966
374 0.160473
375 0.163039
376 0.170944
377 0.170601
378 0.174909
379 0.180739
380 0.184677
381 0.180915
382 0.179399
383 0.173153
384 0.161725
385 0.166926
386 0.172695
387 0.164613
388 0.169082
389 0.166894
390 0.179198
391 0.179382
392 0.169914
393 0.16523
394 0.172203
395 0.175018
396 0.171793
397 0.162763
398 0.169214
399 0.171129
400 0.176258
401 0.170857
402 0.178193
403 0.181606
404 0.169902
405 0.174871
406 0.180359
407 0.164905
408 0.178897
409 0.17926
410 0.18464
411 0.176865
412 0.175466
413 0.181478
414 0.179428
415 0.178177
416 0.182239
417 0.170418
418 0.181965
419 0.178692
420 0.185892
421 0.172406
422 0.16192
423 0.175538
424 0.162408
425 0.162463
426 0.170336
427 0.161542
428 0.178898
429 0.17206
430 0.18527
431 0.172202
432 0.165093
433 0.165602
434 0.179085
435 0.182856
436 0.169481
437 0.182717
438 0.183148
439 0.170543
440 0.171121
441 0.17682
442 0.181595
443 0.179326
444 0.182746
445 0.183419
446 0.175288
447 0.168374
448 0.164802
449 0.174122
450 0.164804
451 0.170351
452 0.175281
453 0.180321
454 0.165714
455 0.16383
456 0.161863
457 0.166846
458 0.164478
459 0.172794
460 0.182839
461 0.183461
462 0.166573
463 0.177307
464 0.183572
465 0.175046
466 0.183555
467 0.18797
468 0.176521
469 0.174965
470 0.17796
471 0.166476
472 0.177276
473 0.167452
474 0.180653
475 0.180414
476 0.185864
477 0.184284
478 0.17805
479 0.188011
480 0.165667
481 0.17458
482 0.180292
483 0.182215
484 0.179833
485 0.168246
486 0.177728
487 0.179643
488 0.182547
489 0.171203
490 0.163353
491 0.177498
492 0.176027
493 0.163026
494 0.176209
495 0.1646
496 0.174373
497 0.173529
498 0.166222
499 0.167246
500 0.163523
501 0.171724
502 0.173867
503 0.17835
504 0.16403
505 0.179163
506 0.184904
507 0.183563
508 0.168942
509 0.171249
510 0.163332
511 0.162538
512 0.178563
513 0.170944
514 0.182232
515 0.175866
516 0.183401
517 0.181183
518 0.177284
519 0.176973
520 0.183075
521 0.171503
522 0.170415
523 0.167711
524 0.179503
525 0.167362
526 0.169471
527 0.180465
528 0.176361
529 0.177387
530 0.173797
531 0.177622
532 0.182551
533 0.186381
534 0.18372
535 0.176971
536 0.168466
537 0.173584
538 0.176163
539 0.169606
540 0.182373
541 0.180606
542 0.176844
543 0.167816
544 0.177656
545 0.184447
546 0.169629
547 0.1641
548 0.170933
549 0.1743
550 0.178708
551 0.174585
552 0.16919
553 0.170315
554 0.168979
555 0.180465
556 0.178208
557 0.168963
558 0.177495
559 0.184194
560 0.180703
561 0.175865
562 0.163619
563 0.172112
564 0.174361
565 0.175719
566 0.168758
567 0.174908
568 0.169451
569 0.166699
570 0.176888
571 0.18021
572 0.168468
573 0.168929
574 0.168903
575 0.158828
576 0.16909
577 0.1785
578 0.184117
579 0.170417
580 0.171444
581 0.17291
582 0.163414
583 0.169891
584 0.172564
585 0.182499
586 0.186217
587 0.188107
588 0.186556
589 0.172156
590 0.178555
591 0.168564
592 0.183659
593 0.165335
594 0.182728
595 0.17328
596 0.165601
597 0.178618
598 0.168839
599 0.177996
600 0.17737
601 0.170858
602 0.172799
603 0.18043
604 0.170712
605 0.178069
606 0.170002
607 0.174009
608 0.161386
609 0.177559
610 0.171526
611 0.16134
612 0.178343
613 0.163303
614 0.164508
615 0.168368
616 0.170565
617 0.164193
618 0.162922
619 0.172252
620 0.166576
621 0.16616
622 0.160541
623 0.167603
624 0.168217
625 0.176497
626 0.171171
627 0.184486
628 0.175692
629 0.168032
630 0.164717
631 0.178062
632 0.175039
633 0.1697
634 0.177343
635 0.176457
636 0.167613
637 0.163714
638 0.179298
639 0.168739
640 0.175873
641 0.170662
642 0.167942
643 0.180238
644 0.183764
645 0.180497
646 0.181401
647 0.176234
648 0.182007
649 0.167756
650 0.169318
651 0.164739
652 0.176438
653 0.177845
654 0.181186
655 0.180013
656 0.166395
657 0.171012
658 0.177149
659 0.170416
660 0.175089
661 0.164023
662 0.168038
663 0.165947
664 0.163383
665 0.165332
666 0.176221
667 0.166968
668 0.175838
669 0.178343
670 0.173542
671 0.163778
672 0.164767
673 0.160049
674 0.174216
675 0.17033
676 0.165734
677 0.178598
678 0.186235
679 0.166738
680 0.173596
681 0.176167
682 0.173307
683 0.185681
684 0.17151
685 0.16558
686 0.164421
687 0.172266
688 0.16792
689 0.168958
690 0.166683
691 0.162362
692 0.158595
693 0.170727
694 0.170579
695 0.164693
696 0.165729
697 0.166801
698 0.177295
699 0.17315
700 0.172504
701 0.172367
702 0.174018
703 0.178253
704 0.176578
705 0.174502
706 0.177767
707 0.184783
708 0.177687
709 0.174135
710 0.163925
711 0.16053
712 0.178532
713 0.163213
714 0.17395
715 0.164036
716 0.171226
717 0.180994
718 0.186597
719 0.179074
720 0.185448
721 0.177733
722 0.168547
723 0.166481
724 0.161666
725 0.175495
726 0.184138
727 0.171768
728 0.17126
729 0.182604
730 0.17633
731 0.165554
732 0.170604
733 0.159756
734 0.175469
735 0.16819
736 0.181335
737 0.178342
738 0.172362
739 0.175933
740 0.178682
741 0.173834
742 0.162146
743 0.175604
744 0.162194
745 0.16544
746 0.176521
747 0.166259
748 0.160228
749 0.162179
750 0.175106
751 0.162907
752 0.164308
753 0.176237
754 0.16169
755 0.175147
756 0.173427
757 0.163171
758 0.163142
759 0.17147
760 0.181977
761 0.175096
762 0.185479
763 0.178354
764 0.177691
765 0.164381
766 0.16437
767 0.168368
768 0.158646
769 0.170145
770 0.181466
771 0.180744
772 0.181889
773 0.171655
774 0.16366
775 0.156435
776 0.174509
777 0.169619
778 0.163918
779 0.160198
780 0.160373
781 0.174275
782 0.184172
783 0.168714
784 0.180695
785 0.171805
786 0.165862
787 0.167406
788 0.168463
789 0.174551
790 0.168831
791 0.166689
792 0.177877
793 0.177738
794 0.181307
795 0.172845
796 0.175433
797 0.16536
798 0.168062
799 0.166041
800 0.164329
801 0.161087
802 0.173525
803 0.17086
804 0.163293
805 0.162575
806 0.166931
807 0.160276
808 0.175151
809 0.168302
810 0.173171
811 0.170183
812 0.172005
813 0.181633
814 0.168038
815 0.166571
816 0.171023
817 0.168015
818 0.180483
819 0.186573
820 0.174041
821 0.173247
822 0.168188
823 0.165417
824 0.171001
825 0.164555
826 0.163302
827 0.163648
828 0.158457
829 0.177085
830 0.171256
831 0.17444
832 0.170961
833 0.160807
834 0.177474
835 0.171937
836 0.165415
837 0.164315
838 0.164897
839 0.178023
840 0.17174
841 0.16894
842 0.174821
843 0.167355
844 0.164648
845 0.176887
846 0.174312
847 0.16901
848 0.172709
849 0.168702
850 0.172997
851 0.167927
852 0.161955
853 0.157992
854 0.171866
855 0.175634
856 0.173252
857 0.181715
858 0.171726
859 0.178276
860 0.167545
861 0.169775
862 0.163971
863 0.175122
864 0.170212
865 0.161477
866 0.176924
867 0.173905
868 0.184038
869 0.177631
870 0.172655
871 0.170539
872 0.175621
873 0.172055
874 0.170138
875 0.168004
876 0.164862
877 0.172508
878 0.173955
879 0.166197
880 0.177012
881 0.181494
882 0.175945
883 0.174517
884 0.165889
885 0.168615
886 0.172029
887 0.167619
888 0.165876
889 0.177976
890 0.17412
891 0.170682
892 0.175055
893 0.177016
894 0.173439
895 0.179674
896 0.174556
897 0.178717
898 0.164045
899 0.172653
900 0.163786
901 0.176282
902 0.163658
903 0.164545
904 0.17017
905 0.18166
906 0.184189
907 0.178528
908 0.1812
909 0.177777
910 0.184916
911 0.174168
912 0.179676
913 0.187678
914 0.166204
915 0.182639
916 0.167368
917 0.17431
918 0.173991
919 0.16985
920 0.183308
921 0.168019
922 0.174563
923 0.162615
924 0.162776
925 0.171157
926 0.165508
927 0.175369
928 0.170204
929 0.180368
930 0.16888
931 0.176397
932 0.165311
933 0.163359
934 0.17295
935 0.171256
936 0.166958
937 0.170756
938 0.160355
939 0.175395
940 0.163026
941 0.165282
942 0.175927
943 0.169069
944 0.161681
945 0.168004
946 0.165786
947 0.17059
948 0.162769
949 0.159327
950 0.171018
951 0.180065
952 0.170462
953 0.164626
954 0.181301
955 0.163648
956 0.170028
957 0.166407
958 0.159171
959 0.17167
960 0.174481
961 0.17416
962 0.180723
963 0.178911
964 0.171582
965 0.168922
966 0.162277
967 0.177888
968 0.184886
969 0.181684
970 0.172906
971 0.180342
972 0.183194
973 0.175061
974 0.164614
975 0.16012
976 0.168637
977 0.176156
978 0.172256
979 0.180451
980 0.168779
981 0.173546
982 0.173694
983 0.170082
984 0.177392
985 0.17465
986 0.176004
987 0.172494
988 0.168649
989 0.165433
990 0.16445
991 0.178337
992 0.164036
993 0.169373
994 0.159232
995 0.170486
996 0.17749
997 0.18004
998 0.169779
999 0.161248
1000 0.176184
1001 0.179129
1002 0.181712
1003 0.180086
1004 0.165029
1005 0.182356
1006 0.16692
1007 0.177994
1008 0.173126
1009 0.170545
1010 0.167383
1011 0.174514
1012 0.160069
1013 0.17968
1014 0.17005
1015 0.173387
1016 0.177871
1017 0.171817
1018 0.179107
1019 0.172941
1020 0.173529
1021 0.165184
1022 0.175436
1023 0.166042
1024 0.165591
1025 0.163172
1026 0.166167
1027 0.162395
1028 0.175689
1029 0.16669
1030 0.172719
1031 0.161836
1032 0.166231
1033 0.169284
1034 0.169021
1035 0.165143
1036 0.158106
1037 0.176293
1038 0.175676
1039 0.184154
1040 0.176789
1041 0.176307
1042 0.173054
1043 0.162357
1044 0.176829
1045 0.176179
1046 0.167466
1047 0.162255
1048 0.169701
1049 0.177788
1050 0.17914
1051 0.177612
1052 0.169925
1053 0.164668
1054 0.178467
1055 0.179206
1056 0.184602
1057 0.181813
1058 0.18663
1059 0.166603
1060 0.171362
1061 0.166748
1062 0.163892
1063 0.178193
1064 0.175633
1065 0.167256
1066 0.175206
1067 0.168801
1068 0.161989
1069 0.176371
1070 0.170233
1071 0.173279
1072 0.183813
1073 0.169386
1074 0.18464
1075 0.169381
1076 0.169077
1077 0.172406
1078 0.174659
1079 0.18298
1080 0.172439
1081 0.165844
1082 0.177113
1083 0.170856
1084 0.175754
1085 0.175911
1086 0.184876
1087 0.178815
1088 0.164317
1089 0.170562
1090 0.176711
1091 0.177285
1092 0.172747
1093 0.163383
1094 0.178401
1095 0.165299
1096 0.168611
1097 0.167535
1098 0.179554
1099 0.172128
1100 0.185385
1101 0.167536
1102 0.164575
1103 0.176699
1104 0.178254
1105 0.167665
1106 0.171597
1107 0.173667
1108 0.177118
1109 0.178564
1110 0.188496
1111 0.166945
1112 0.173292
1113 0.168747
1114 0.172321
1115 0.170004
1116 0.16012
1117 0.174594
1118 0.173943
1119 0.169063
1120 0.162785
1121 0.156403
1122 0.177818
1123 0.16447
1124 0.172216
1125 0.182526
1126 0.178295
1127 0.185475
1128 0.178081
1129 0.174449
1130 0.182639
1131 0.173951
1132 0.179153
1133 0.170554
1134 0.175856
1135 0.170059
1136 0.164916
1137 0.180385
1138 0.166425
1139 0.180218
1140 0.184651
1141 0.178396
1142 0.179509
1143 0.181857
1144 0.17387
1145 0.165298
1146 0.181419
1147 0.171174
1148 0.183541
1149 0.164802
1150 0.172035
1151 0.181245
1152 0.17607
1153 0.185801
1154 0.174732
1155 0.169329
1156 0.182108
1157 0.172421
1158 0.171011
1159 0.167543
1160 0.178222
1161 0.174687
1162 0.171983
1163 0.173183
1164 0.178782
1165 0.175745
1166 0.162839
1167 0.175754
1168 0.165459
1169 0.173698
1170 0.16486
1171 0.169699
1172 0.170699
1173 0.182815
1174 0.173176
1175 0.178588
1176 0.180519
1177 0.178698
1178 0.168746
1179 0.169563
1180 0.162934
1181 0.172398
1182 0.167913
1183 0.165536
1184 0.169731
1185 0.172402
1186 0.174301
1187 0.169269
1188 0.164071
1189 0.18117
1190 0.170842
1191 0.173357
1192 0.185182
1193 0.172603
1194 0.161656
1195 0.172783
1196 0.170006
1197 0.175397
1198 0.185401
1199 0.176077
1200 0.178857
1201 0.185056
1202 0.176
1203 0.165108
1204 0.171168
1205 0.167796
1206 0.170362
1207 0.159661
1208 0.174663
1209 0.177526
1210 0.165072
1211 0.164862
1212 0.16649
1213 0.160499
1214 0.17758
1215 0.162935
1216 0.172151
1217 0.161059
1218 0.175773
1219 0.174306
1220 0.178599
1221 0.173238
1222 0.183179
1223 0.177769
1224 0.173682
1225 0.166319
1226 0.160972
1227 0.169952
1228 0.172704
1229 0.173071
1230 0.175829
1231 0.164135
1232 0.167005
1233 0.175945
1234 0.163104
1235 0.179768
1236 0.18355
1237 0.186406
1238 0.18752
1239 0.181717
1240 0.184877
1241 0.169456
1242 0.165944
1243 0.178195
1244 0.163185
1245 0.167527
1246 0.158415
1247 0.177663
1248 0.182161
1249 0.167631
1250 0.164591
1251 0.160822
1252 0.167543
1253 0.179072
1254 0.172013
1255 0.182298
1256 0.174207
1257 0.183393
1258 0.180098
1259 0.167461
1260 0.160849
1261 0.166302
1262 0.172302
1263 0.159671
1264 0.179802
1265 0.174857
1266 0.180798
1267 0.180193
1268 0.178045
1269 0.166054
1270 0.162723
1271 0.166849
1272 0.174359
1273 0.176422
1274 0.187892
1275 0.166812
1276 0.172879
1277 0.179705
1278 0.181694
1279 0.180529
1280 0.18363
1281 0.172126
1282 0.173528
1283 0.16253
1284 0.179533
1285 0.162795
1286 0.175895
1287 0.171254
1288 0.183524
1289 0.173482
1290 0.175056
1291 0.176114
1292 0.166267
1293 0.176108
1294 0.165406
1295 0.169264
1296 0.169818
1297 0.182742
1298 0.174698
1299 0.178304
1300 0.176615
1301 0.162603
1302 0.179771
1303 0.167337
1304 0.171786
1305 0.181632
1306 0.175859
1307 0.169672
1308 0.169929
1309 0.161316
1310 0.15826
1311 0.156588
1312 0.172275
1313 0.167149
1314 0.164225
1315 0.176064
1316 0.175939
1317 0.173093
1318 0.163911
1319 0.180971
1320 0.16507
1321 0.162675
1322 0.162537
1323 0.167198
1324 0.17142
1325 0.171901
1326 0.164244
1327 0.173739
1328 0.167373
1329 0.173055
1330 0.169419
1331 0.177026
1332 0.168741
1333 0.160142
1334 0.168911
1335 0.172291
1336 0.18558
1337 0.169342
1338 0.162511
1339 0.16211
1340 0.170771
1341 0.167756
1342 0.179271
1343 0.187143
1344 0.172559
1345 0.164321
1346 0.179083
1347 0.177819
1348 0.167292
1349 0.179627
1350 0.163541
1351 0.173503
1352 0.170973
1353 0.170494
1354 0.175114
1355 0.173819
1356 0.17587
1357 0.181408
1358 0.169797
1359 0.180447
1360 0.170342
1361 0.164085
1362 0.165406
1363 0.15971
1364 0.174268
1365 0.163271
1366 0.180354
1367 0.165657
1368 0.167843
1369 0.17891
1370 0.173789
1371 0.177345
1372 0.181172
1373 0.176155
1374 0.174298
1375 0.175443
1376 0.178756
1377 0.166432
1378 0.173641
1379 0.169469
1380 0.160457
1381 0.170721
1382 0.179228
1383 0.18198
1384 0.174807
1385 0.185633
1386 0.176399
1387 0.168982
1388 0.182709
1389 0.171377
1390 0.182549
1391 0.183538
1392 0.179017
1393 0.178837
1394 0.162885
1395 0.173019
1396 0.179996
1397 0.175992
1398 0.180706
1399 0.175654
1400 0.168193
1401 0.170849
1402 0.172545
1403 0.160507
1404 0.177548
1405 0.18366
1406 0.17125
1407 0.170159
1408 0.179721
1409 0.177099
1410 0.174524
1411 0.169228
1412 0.179108
1413 0.166438
1414 0.181059
1415 0.171098
1416 0.170948
1417 0.171797
1418 0.171451
1419 0.161233
1420 0.16805
1421 0.178437
1422 0.169879
1423 0.169291
1424 0.180322
1425 0.168036
1426 0.173394
1427 0.165199
1428 0.168654
1429 0.174269
1430 0.167803
1431 0.163997
1432 0.161425
1433 0.179602
1434 0.165049
1435 0.181656
1436 0.180769
1437 0.165073
1438 0.168477
1439 0.167882
1440 0.172715
1441 0.172312
1442 0.165726
1443 0.169145
1444 0.181295
1445 0.169166
1446 0.167422
1447 0.179647
1448 0.18331
1449 0.184159
1450 0.177114
1451 0.187021
1452 0.168943
1453 0.182323
1454 0.173723
1455 0.173523
1456 0.170808
1457 0.161587
1458 0.179402
1459 0.1647
1460 0.165157
1461 0.178954
1462 0.175362
1463 0.180655
1464 0.174336
1465 0.181362
1466 0.179567
1467 0.175625
1468 0.18241
1469 0.17063
1470 0.175317
1471 0.178804
1472 0.166636
1473 0.164799
1474 0.179295
1475 0.176799
1476 0.169003
1477 0.18104
1478 0.180993
1479 0.182969
1480 0.185809
1481 0.183706
1482 0.177887
1483 0.178012
1484 0.177123
1485 0.174942
1486 0.180871
1487 0.174645
1488 0.163064
1489 0.173141
1490 0.182692
1491 0.167612
1492 0.165667
1493 0.15923
1494 0.177068
1495 0.166206
1496 0.175671
1497 0.168599
1498 0.175776
1499 0.167254
1500 0.176179
1501 0.169973
1502 0.171377
1503 0.167097
1504 0.171617
1505 0.176322
1506 0.173485
1507 0.16991
1508 0.165462
1509 0.17017
1510 0.174897
1511 0.169037
1512 0.167834
1513 0.17606
1514 0.181623
1515 0.184927
1516 0.180659
1517 0.173031
1518 0.179861
1519 0.170505
1520 0.171856
1521 0.171176
1522 0.16249
1523 0.158246
1524 0.16271
1525 0.170137
1526 0.162818
1527 0.166528
1528 0.170091
1529 0.168458
1530 0.17166
1531 0.183228
1532 0.173151
1533 0.182095
1534 0.177559
1535 0.174964
1536 0.178885
1537 0.168639
1538 0.166661
1539 0.159694
1540 0.171528
1541 0.178706
1542 0.175849
1543 0.167327
1544 0.164412
1545 0.159439
1546 0.169117
1547 0.164473
1548 0.177601
1549 0.173255
1550 0.184805
1551 0.168612
1552 0.166579
1553 0.164809
1554 0.176133
1555 0.184617
1556 0.170593
1557 0.183021
1558 0.177218
1559 0.17956
1560 0.167564
1561 0.167792
1562 0.163176
1563 0.17537
1564 0.179322
1565 0.180856
1566 0.174116
1567 0.178764
1568 0.173318
1569 0.162334
1570 0.178306
1571 0.172407
1572 0.167378
1573 0.164143
1574 0.164428
1575 0.166909
1576 0.178575
1577 0.177083
1578 0.167359
1579 0.169358
1580 0.177233
1581 0.177752
1582 0.172092
1583 0.160226
1584 0.177995
1585 0.181375
1586 0.169721
1587 0.164575
1588 0.160983
1589 0.169705
1590 0.16432
1591 0.178489
1592 0.183054
1593 0.178457
1594 0.186634
1595 0.170298
1596 0.175409
1597 0.172532
1598 0.181716
1599 0.172561
1600 0.161637
1601 0.171718
1602 0.170905
1603 0.168457
1604 0.176106
1605 0.173683
1606 0.177365
1607 0.175773
1608 0.185183
1609 0.177871
1610 0.184667
1611 0.178065
1612 0.182789
1613 0.167757
1614 0.175848
1615 0.183325
1616 0.182616
1617 0.168157
1618 0.181297
1619 0.178589
1620 0.170405
1621 0.162182
1622 0.160979
1623 0.158668
1624 0.170201
1625 0.179975
1626 0.186341
1627 0.172682
1628 0.181437
1629 0.166252
1630 0.178723
1631 0.179948
1632 0.171584
1633 0.173321
1634 0.182343
1635 0.167518
1636 0.167875
1637 0.180197
1638 0.175394
1639 0.184012
1640 0.174662
1641 0.18224
1642 0.170078
1643 0.171663
1644 0.162417
1645 0.179106
1646 0.163245
1647 0.176525
1648 0.168855
1649 0.165583
1650 0.158869
1651 0.172855
1652 0.163176
1653 0.176868
1654 0.173209
1655 0.166939
1656 0.161699
1657 0.164486
1658 0.158835
1659 0.162593
1660 0.159755
1661 0.159807
1662 0.162519
1663 0.172939
1664 0.168698
1665 0.167997
1666 0.170629
1667 0.172107
1668 0.167485
1669 0.17465
1670 0.161918
1671 0.180602
1672 0.170521
1673 0.181455
1674 0.170344
1675 0.181579
1676 0.18233
1677 0.164659
1678 0.178087
1679 0.172777
1680 0.171933
1681 0.166904
1682 0.178111
1683 0.166779
1684 0.180971
1685 0.175187
1686 0.176035
1687 0.1718
1688 0.162581
1689 0.167821
1690 0.176315
1691 0.172969
1692 0.180545
1693 0.17048
1694 0.169821
1695 0.177032
1696 0.18027
1697 0.182395
1698 0.167726
1699 0.17014
1700 0.175541
1701 0.168174
1702 0.167773
1703 0.169637
1704 0.168705
1705 0.180525
1706 0.17139
1707 0.1821
1708 0.165774
1709 0.174266
1710 0.169515
1711 0.179511
1712 0.166361
1713 0.165684
1714 0.181111
1715 0.162781
1716 0.176013
1717 0.18401
1718 0.176487
1719 0.172039
1720 0.161544
1721 0.176679
1722 0.171582
1723 0.1749
1724 0.176672
1725 0.182865
1726 0.168627
1727 0.166173
1728 0.168772
1729 0.182247
1730 0.165801
1731 0.165873
1732 0.178393
1733 0.179278
1734 0.182737
1735 0.166316
1736 0.171498
1737 0.166876
1738 0.168211
1739 0.164704
1740 0.174912
1741 0.1745
1742 0.181086
1743 0.170126
1744 0.18478
1745 0.16644
1746 0.165399
1747 0.179279
1748 0.167802
1749 0.167611
1750 0.16644
1751 0.180983
1752 0.17187
1753 0.18374
1754 0.167751
1755 0.173214
1756 0.175836
1757 0.17796
1758 0.181661
1759 0.16888
1760 0.17679
1761 0.167374
1762 0.167312
1763 0.158372
1764 0.174398
1765 0.177646
1766 0.181341
1767 0.178376
1768 0.173387
1769 0.163245
1770 0.179738
1771 0.179633
1772 0.163759
1773 0.173583
1774 0.175964
1775 0.183518
1776 0.187518
1777 0.171284
1778 0.182666
1779 0.186717
1780 0.178334
1781 0.185067
1782 0.1746
1783 0.169334
1784 0.176898
1785 0.1683
1786 0.171001
1787 0.163038
1788 0.168005
1789 0.181071
1790 0.17997
1791 0.167252
1792 0.179015
1793 0.164863
1794 0.167497
1795 0.170418
1796 0.174793
1797 0.167021
1798 0.161975
1799 0.165787
1800 0.176007
1801 0.17574
1802 0.165147
1803 0.169174
1804 0.1739
1805 0.164466
1806 0.175946
1807 0.172077
1808 0.160988
1809 0.175303
1810 0.170345
1811 0.175827
1812 0.183018
1813 0.171277
1814 0.173713
1815 0.17435
1816 0.17498
1817 0.180963
1818 0.167789
1819 0.17654
1820 0.17543
1821 0.179179
1822 0.165567
1823 0.166729
1824 0.178077
1825 0.168144
1826 0.182739
1827 0.175718
1828 0.179334
1829 0.166342
1830 0.171524
1831 0.168712
1832 0.161164
1833 0.160465
1834 0.169168
1835 0.171394
1836 0.160265
1837 0.179616
1838 0.171277
1839 0.181551
1840 0.185447
1841 0.173654
1842 0.171063
1843 0.170511
1844 0.168158
1845 0.176723
1846 0.173317
1847 0.1797
1848 0.183455
1849 0.170958
1850 0.163181
1851 0.166668
1852 0.181446
1853 0.170602
1854 0.167326
1855 0.173884
1856 0.16353
1857 0.179289
1858 0.176143
1859 0.172316
1860 0.163965
1861 0.170791
1862 0.164788
1863 0.166406
1864 0.176236
1865 0.176045
1866 0.169755
1867 0.175568
1868 0.17653
1869 0.18508
1870 0.178566
1871 0.177661
1872 0.182959
1873 0.173705
1874 0.162097
1875 0.171509
1876 0.182664
1877 0.173272
1878 0.178569
1879 0.182043
1880 0.170063
1881 0.166612
1882 0.175924
1883 0.176307
1884 0.171466
1885 0.17282
1886 0.165571
1887 0.174038
1888 0.185262
1889 0.169572
1890 0.164186
1891 0.17224
1892 0.172979
1893 0.180377
1894 0.178637
1895 0.174102
1896 0.178194
1897 0.168346
1898 0.168667
1899 0.17362
1900 0.163442
1901 0.164248
1902 0.168794
1903 0.173757
1904 0.173048
1905 0.171113
1906 0.167179
1907 0.173804
1908 0.162589
1909 0.165364
1910 0.158427
1911 0.176897
1912 0.172414
1913 0.173326
1914 0.166917
1915 0.169049
1916 0.17937
1917 0.179977
1918 0.168041
1919 0.168924
1920 0.175506
1921 0.166014
1922 0.167663
1923 0.172507
1924 0.176346
1925 0.173147
1926 0.181685
1927 0.174268
1928 0.17646
1929 0.174006
1930 0.16754
1931 0.174726
1932 0.168185
1933 0.163087
1934 0.171852
1935 0.167101
1936 0.176914
1937 0.175594
1938 0.184721
1939 0.177484
1940 0.176334
1941 0.178573
1942 0.166558
1943 0.173107
1944 0.163592
1945 0.157905
1946 0.173732
1947 0.176296
1948 0.178279
1949 0.173112
1950 0.164011
1951 0.161713
1952 0.179416
1953 0.168337
1954 0.17465
1955 0.173597
1956 0.1648
1957 0.174248
1958 0.164007
1959 0.180475
1960 0.174883
1961 0.175356
1962 0.169548
1963 0.174482
1964 0.176589
1965 0.180002
1966 0.171097
1967 0.170933
1968 0.17571
1969 0.171629
1970 0.175927
1971 0.167121
1972 0.170741
1973 0.169189
1974 0.163939
1975 0.171708
1976 0.177269
1977 0.178609
1978 0.184086
1979 0.167048
1980 0.173014
1981 0.181159
1982 0.182196
1983 0.180262
1984 0.186131
1985 0.171526
1986 0.181882
1987 0.165879
1988 0.167479
1989 0.164098
1990 0.173589
1991 0.174107
1992 0.172305
1993 0.175687
1994 0.165191
1995 0.159159
1996 0.16982
1997 0.182678
1998 0.164432
1999 0.180172
2000 0.17343
2001 0.165599
2002 0.168542
2003 0.159368
2004 0.176671
2005 0.183789
2006 0.186302
2007 0.174717
2008 0.183956
2009 0.173853
2010 0.17212
2011 0.170987
2012 0.169848
2013 0.166013
2014 0.160413
2015 0.169978
2016 0.17616
2017 0.183591
2018 0.182794
2019 0.175834
2020 0.182121
2021 0.164376
2022 0.175099
2023 0.169546
2024 0.165144
2025 0.176263
2026 0.173507
2027 0.168056
2028 0.167527
2029 0.178865
2030 0.167477
2031 0.176745
2032 0.184099
2033 0.170411
2034 0.175753
2035 0.174858
2036 0.171665
2037 0.177259
2038 0.17094
2039 0.167654
2040 0.178382
2041 0.17971
2042 0.18632
2043 0.180035
2044 0.173764
2045 0.176116
2046 0.18242
2047 0.185934
2048 0.174494
2049 0.162652
2050 0.171755
2051 0.164595
2052 0.160797
2053 0.157755
2054 0.168316
2055 0.171455
2056 0.181906
2057 0.186993
2058 0.184362
2059 0.175089
2060 0.182238
2061 0.186445
2062 0.179279
2063 0.174749
2064 0.178912
2065 0.184675
2066 0.181958
2067 0.174498
2068 0.167433
2069 0.174641
2070 0.177468
2071 0.166456
2072 0.160217
2073 0.170078
2074 0.170179
2075 0.177477
2076 0.182103
2077 0.174421
2078 0.172887
2079 0.173645
2080 0.175792
2081 0.177402
2082 0.173139
2083 0.176022
2084 0.183206
2085 0.17387
2086 0.173563
2087 0.17808
2088 0.17252
2089 0.165878
2090 0.167528
2091 0.160426
2092 0.160358
2093 0.159586
2094 0.166479
2095 0.174532
2096 0.166537
2097 0.180102
2098 0.186193
2099 0
