0 8.77051
1 14.832
2 32.6647
3 31.2628
4 27.9402
5 25.4408
6 26.2386
7 28.8357
8 23.3227
9 22.5614
10 6.91236
11 0.455935
12 -8.9689
13 -9.67105
14 -2.16094
15 -2.47488
16 -1.12668
17 0.212154
18 -0.286633
19 -0.316241
20 -0.0454257
21 0.230227
22 0.248127
23 0.206821
24 0.189823
25 0.200758
26 0.187415
27 0.17705
28 0.166072
29 0.205718
30 0.176604
31 0.19302
32 0.178835
33 0.15407
34 0.185575
35 0.184941
36 0.192215
37 0.190621
38 0.185715
39 0.174037
40 0.165136
41 0.179019
42 0.161395
43 0.142564
44 0.186788
45 0.167256
46 0.160555
47 0.186957
48 0.183705
49 0.21389
50 0.175327
51 0.154749
52 0.174016
53 0.177921
54 0.190234
55 0.173899
56 0.154646
57 0.187277
58 0.18162
59 0.182994
60 0.195764
61 0.198712
62 0.198835
63 0.166354
64 0.171023
65 0.176242
66 0.177875
67 0.18913
68 0.163699
69 0.169411
70 0.164458
71 0.175875
72 0.178325
73 0.183674
74 0.164864
75 0.183993
76 0.175744
77 0.160559
78 0.188783
79 0.169261
80 0.200209
81 0.190192
82 0.176254
83 0.164394
84 0.181694
85 0.191887
86 0.20637
87 0.183882
88 0.157507
89 0.181717
90 0.186623
91 0.19712
92 0.18087
93 0.16518
94 0.188399
95 0.197487
96 0.179568
97 0.203035
98 0.171159
99 0.201133
100 0.201432
101 0.196507
102 0.197242
103 0.188563
104 0.187908
105 0.196054
106 0.19621
107 0.192867
108 0.180036
109 0.150555
110 0.152686
111 0.176158
112 0.159494
113 0.178809
114 0.161476
115 0.161347
116 0.195682
117 0.14566
118 0.158494
119 0.168841
120 0.159158
121 0.179169
122 0.157454
123 0.171394
124 0.195325
125 0.1798
126 0.188668
127 0.174315
128 0.179544
129 0.193072
130 0.205008
131 0.188865
132 0.171891
133 0.187715
134 0.183487
135 0.18548
136 0.186652
137 0.177271
138 0.172721
139 0.173241
140 0.169988
141 0.161443
142 0.158401
143 0.179566
144 0.156577
145 0.172175
146 0.152036
147 0.179142
148 0.175222
149 0.147198
150 0.167721
151 0.154114
152 0.173918
153 0.162278
154 0.175777
155 0.190571
156 0.175008
157 0.177586
158 0.180332
159 0.17825
160 0.198265
161 0.177884
162 0.186029
163 0.173087
164 0.182578
165 0.179924
166 0.148941
167 0.161196
168 0.174424
169 0.183269
170 0.175296
171 0.173324
172 0.203412
173 0.183916
174 0.180371
175 0.187191
176 0.182558
177 0.178534
178 0.178435
179 0.177619
180 0.169463
181 0.173946
182 0.180992
183 0.18284
184 0.20385
185 0.168829
186 0.163746
187 0.192538
188 0.190596
189 0.170198
190 0.157411
191 0.152711
192 0.163728
193 0.199324
194 0.16413
195 0.159528
196 0.146922
197 0.16279
198 0.195885
199 0.176713
200 0.163137
201 0.167607
202 0.184274
203 0.187589
204 0.178401
205 0.18638
206 0.189717
207 0.171872
208 0.163925
209 0.182911
210 0.184382
211 0.194322
212 0.168407
213 0.172492
214 0.17487
215 0.169528
216 0.190102
217 0.174032
218 0.156029
219 0.161403
220 0.164239
221 0.177352
222 0.163442
223 0.142901
224 0.180834
225 0.193102
226 0.179061
227 0.18168
228 0.165731
229 0.186704
230 0.194381
231 0.183438
232 0.201727
233 0.198948
234 0.19919
235 0.172317
236 0.194165
237 0.207849
238 0.205387
239 0.193392
240 0.186879
241 0.189403
242 0.180302
243 0.181397
244 0.164854
245 0.168363
246 0.176741
247 0.16711
248 0.172291
249 0.166795
250 0.15433
251 0.167514
252 0.171565
253 0.163093
254 0.181452
255 0.166999
256 0.151672
257 0.155549
258 0.163719
259 0.175138
260 0.191232
261 0.170428
262 0.152871
263 0.172723
264 0.157792
265 0.165551
266 0.170636
267 0.164495
268 0.164002
269 0.156768
270 0.14592
271 0.155456
272 0.184503
273 0.161217
274 0.179929
275 0.172977
276 0.175129
277 0.201674
278 0.175724
279 0.176312
280 0.178093
281 0.167694
282 0.193899
283 0.177708
284 0.165277
285 0.169387
286 0.169792
287 0.19384
288 0.187616
289 0.173296
290 0.175521
291 0.1788
292 0.179986
293 0.188849
294 0.188986
295 0.192165
296 0.167201
297 0.173007
298 0.184161
299 0.17699
300 0.185712
301 0.186635
302 0.164033
303 0.176455
304 0.160176
305 0.150249
306 0.186045
307 0.1803
308 0.169244
309 0.171737
310 0.173532
311 0.185596
312 0.206361
313 0.178697
314 0.204544
315 0.178522
316 0.188716
317 0.196548
318 0.190519
319 0.183615
320 0.17173
321 0.174615
322 0.183452
323 0.182663
324 0.181139
325 0.152247
326 0.155159
327 0.202431
328 0.185193
329 0.156408
330 0.15749
331 0.160738
332 0.172086
333 0.193831
334 0.177487
335 0.15188
336 0.181332
337 0.193959
338 0.178706
339 0.179747
340 0.175285
341 0.181454
342 0.17345
343 0.193378
344 0.181706
345 0.200414
346 0.190554
347 0.181128
348 0.183578
349 0.164245
350 0.195983
351 0.194744
352 0.201132
353 0.18025
354 0.175733
355 0.187657
356 0.205178
357 0.195907
358 0.167091
359 0.192314
360 0.180952
361 0.173176
362 0.177619
363 0.174728
364 0.169011
365 0.159464
366 0.159653
367 0.155586
368 0.182932
369 0.178824
370 0.166494
371 0.179385
372 0.176825
373 0.174268
374 0.163748
375 0.191238
376 0.204425
377 0.197733
378 0.165205
379 0.166063
380 0.197937
381 0.202019
382 0.193973
383 0.164751
384 0.159562
385 0.203163
386 0.210678
387 0.20258
388 0.188001
389 0.166268
390 0.169253
391 0.188257
392 0.174255
393 0.189786
394 0.181236
395 0.16311
396 0.18051
397 0.155253
398 0.18705
399 0.183616
400 0.170193
401 0.180356
402 0.170579
403 0.182124
404 0.197877
405 0.16716
406 0.169686
407 0.180197
408 0.183916
409 0.174881
410 0.163791
411 0.180633
412 0.183109
413 0.178584
414 0.161827
415 0.17184
416 0.20154
417 0.18139
418 0.158545
419 0.154805
420 0.176707
421 0.169325
422 0.158089
423 0.172478
424 0.174082
425 0.179381
426 0.176789
427 0.187122
428 0.193368
429 0.182105
430 0.18045
431 0.16644
432 0.190771
433 0.188377
434 0.181503
435 0.186202
436 0.177981
437 0.185607
438 0.163877
439 0.17894
440 0.177054
441 0.171447
442 0.180411
443 0.178683
444 0.172388
445 0.174256
446 0.150643
447 0.181488
448 0.202215
449 0.198298
450 0.18675
451 0.168045
452 0.185011
453 0.203551
454 0.195617
455 0.194949
456 0.196929
457 0.186453
458 0.196306
459 0.189046
460 0.20299
461 0.187224
462 0.177292
463 0.183535
464 0.190908
465 0.207247
466 0.183531
467 0.193181
468 0.189228
469 0.194794
470 0.202018
471 0.170362
472 0.178565
473 0.18258
474 0.18632
475 0.174426
476 0.184037
477 0.185139
478 0.187731
479 0.174578
480 0.176251
481 0.199868
482 0.193114
483 0.195652
484 0.189198
485 0.176544
486 0.187576
487 0.202772
488 0.179835
489 0.201186
490 0.174279
491 0.169801
492 0.177557
493 0.163224
494 0.185758
495 0.175124
496 0.176239
497 0.172281
498 0.179263
499 0.18363
500 0.178657
501 0.205462
502 0.213348
503 0.195808
504 0.19004
505 0.182128
506 0.192056
507 0.207365
508 0.19383
509 0.18447
510 0.181075
511 0.181461
512 0.187881
513 0.17521
514 0.171782
515 0.172507
516 0.183135
517 0.176087
518 0.152666
519 0.1708
520 0.1652
521 0.178807
522 0.175868
523 0.166487
524 0.157894
525 0.168417
526 0.181815
527 0.192622
528 0.197399
529 0.175221
530 0.175592
531 0.186592
532 0.173727
533 0.170713
534 0.200021
535 0.198817
536 0.170297
537 0.176283
538 0.16741
539 0.182398
540 0.190887
541 0.163073
542 0.154449
543 0.181552
544 0.176576
545 0.172877
546 0.171365
547 0.186563
548 0.167351
549 0.177945
550 0.168231
551 0.166659
552 0.181143
553 0.178788
554 0.176109
555 0.178088
556 0.164883
557 0.172226
558 0.180854
559 0.163673
560 0.176661
561 0.183476
562 0.180112
563 0.162311
564 0.170232
565 0.181946
566 0.188214
567 0.190942
568 0.175161
569 0.161555
570 0.187643
571 0.191042
572 0.196016
573 0.175784
574 0.158503
575 0.175019
576 0.180002
577 0.192413
578 0.184566
579 0.169605
580 0.175048
581 0.180935
582 0.189176
583 0.211473
584 0.20854
585 0.202002
586 0.187397
587 0.180728
588 0.171366
589 0.19996
590 0.189232
591 0.160001
592 0.167732
593 0.167094
594 0.184496
595 0.172927
596 0.16357
597 0.171257
598 0.173129
599 0.186686
600 0.19447
601 0.176418
602 0.179015
603 0.184675
604 0.196474
605 0.181029
606 0.19177
607 0.195098
608 0.202549
609 0.199541
610 0.175717
611 0.179614
612 0.171648
613 0.17283
614 0.163897
615 0.171273
616 0.16078
617 0.15565
618 0.16433
619 0.17114
620 0.182198
621 0.161742
622 0.150957
623 0.157784
624 0.159198
625 0.171415
626 0.160016
627 0.159455
628 0.17646
629 0.176571
630 0.183073
631 0.191137
632 0.176227
633 0.198284
634 0.209991
635 0.190668
636 0.171878
637 0.184111
638 0.188086
639 0.19583
640 0.174643
641 0.174849
642 0.192737
643 0.193959
644 0.192058
645 0.169367
646 0.175521
647 0.188067
648 0.179971
649 0.188832
650 0.164949
651 0.193503
652 0.196986
653 0.188172
654 0.19569
655 0.186559
656 0.197928
657 0.18445
658 0.204643
659 0.184308
660 0.18155
661 0.204785
662 0.174977
663 0.177616
664 0.192767
665 0.193637
666 0.212103
667 0.182654
668 0.188758
669 0.19759
670 0.166682
671 0.186603
672 0.162607
673 0.164926
674 0.18376
675 0.166059
676 0.163032
677 0.179454
678 0.158284
679 0.158646
680 0.174214
681 0.168741
682 0.178387
683 0.159669
684 0.166371
685 0.188208
686 0.19219
687 0.181142
688 0.175774
689 0.173335
690 0.19897
691 0.176496
692 0.181867
693 0.190264
694 0.175996
695 0.168866
696 0.171707
697 0.17057
698 0.176207
699 0.172877
700 0.178886
701 0.18285
702 0.168616
703 0.170829
704 0.178921
705 0.194787
706 0.191558
707 0.184468
708 0.175688
709 0.183126
710 0.162438
711 0.194668
712 0.18025
713 0.17461
714 0.169776
715 0.16796
716 0.165029
717 0.190781
718 0.185065
719 0.169073
720 0.181746
721 0.176213
722 0.19326
723 0.188117
724 0.169328
725 0.187306
726 0.179929
727 0.186911
728 0.212019
729 0.171044
730 0.159655
731 0.167543
732 0.176156
733 0.201332
734 0.191065
735 0.169618
736 0.1807
737 0.203827
738 0.182931
739 0.202565
740 0.166466
741 0.198204
742 0.204019
743 0.18514
744 0.162819
745 0.155653
746 0.166352
747 0.171549
748 0.179979
749 0.174404
750 0.161856
751 0.17658
752 0.175191
753 0.179903
754 0.198657
755 0.177755
756 0.184161
757 0.17276
758 0.187268
759 0.18801
760 0.179261
761 0.182524
762 0.179547
763 0.191226
764 0.167773
765 0.179819
766 0.190435
767 0.191502
768 0.186691
769 0.174813
770 0.18049
771 0.185931
772 0.196206
773 0.188091
774 0.187725
775 0.190784
776 0.179907
777 0.200812
778 0.200657
779 0.180825
780 0.202762
781 0.173636
782 0.165139
783 0.167889
784 0.163185
785 0.164495
786 0.162454
787 0.153945
788 0.168253
789 0.16224
790 0.168806
791 0.165909
792 0.18035
793 0.173611
794 0.154567
795 0.168803
796 0.174864
797 0.167261
798 0.192549
799 0.168753
800 0.181335
801 0.183423
802 0.183358
803 0.180032
804 0.16157
805 0.198292
806 0.20742
807 0.183274
808 0.197071
809 0.169264
810 0.187776
811 0.204985
812 0.189854
813 0.170147
814 0.166249
815 0.186329
816 0.189501
817 0.178409
818 0.158767
819 0.173112
820 0.170462
821 0.18666
822 0.176095
823 0.16835
824 0.169687
825 0.161236
826 0.18361
827 0.180943
828 0.177245
829 0.160816
830 0.157163
831 0.175131
832 0.174517
833 0.158935
834 0.171885
835 0.200586
836 0.167611
837 0.166862
838 0.153439
839 0.193916
840 0.211797
841 0.17076
842 0.156919
843 0.181687
844 0.216725
845 0.186858
846 0.165005
847 0.171518
848 0.171517
849 0.192569
850 0.173716
851 0.163396
852 0.158677
853 0.177459
854 0.185036
855 0.178846
856 0.185106
857 0.171948
858 0.200621
859 0.187926
860 0.185541
861 0.169866
862 0.19133
863 0.200351
864 0.186501
865 0.191014
866 0.176105
867 0.165024
868 0.177479
869 0.187048
870 0.193719
871 0.192632
872 0.18758
873 0.184031
874 0.197782
875 0.209904
876 0.19406
877 0.190671
878 0.198354
879 0.200046
880 0.173889
881 0.160528
882 0.18522
883 0.194431
884 0.162244
885 0.162846
886 0.17215
887 0.192127
888 0.199258
889 0.166356
890 0.157651
891 0.169883
892 0.192621
893 0.205223
894 0.163863
895 0.160597
896 0.154437
897 0.16909
898 0.170533
899 0.167612
900 0.160354
901 0.161735
902 0.155252
903 0.182043
904 0.167949
905 0.154382
906 0.156141
907 0.149619
908 0.183249
909 0.188009
910 0.158007
911 0.171838
912 0.167821
913 0.16467
914 0.183436
915 0.169351
916 0.188652
917 0.180935
918 0.172452
919 0.164316
920 0.18844
921 0.180823
922 0.180274
923 0.177006
924 0.170191
925 0.188464
926 0.183898
927 0.173092
928 0.180242
929 0.182997
930 0.188591
931 0.168366
932 0.182538
933 0.184954
934 0.189248
935 0.199968
936 0.189718
937 0.205374
938 0.198561
939 0.188642
940 0.186742
941 0.202078
942 0.211943
943 0.195162
944 0.163195
945 0.168788
946 0.172632
947 0.174109
948 0.16549
949 0.17152
950 0.166308
951 0.153217
952 0.152631
953 0.171473
954 0.18964
955 0.185162
956 0.17165
957 0.182333
958 0.18567
959 0.189441
960 0.188011
961 0.188994
962 0.179079
963 0.176882
964 0.163519
965 0.160076
966 0.153901
967 0.147972
968 0.163325
969 0.153784
970 0.162326
971 0.160861
972 0.154542
973 0.186467
974 0.176603
975 0.182086
976 0.181306
977 0.174252
978 0.177746
979 0.182916
980 0.17716
981 0.173457
982 0.169106
983 0.167007
984 0.171831
985 0.178882
986 0.177691
987 0.179583
988 0.180921
989 0.173282
990 0.192619
991 0.177462
992 0.193808
993 0.198186
994 0.187404
995 0.204667
996 0.18029
997 0.194099
998 0.197175
999 0.198375
1000 0.197003
1001 0.201197
1002 0.175977
1003 0.186354
1004 0.178674
1005 0.196595
1006 0.189857
1007 0.183568
1008 0.157384
1009 0.174664
1010 0.200567
1011 0.183001
1012 0.16711
1013 0.149888
1014 0.145839
1015 0.173091
1016 0.159923
1017 0.173511
1018 0.161064
1019 0.174972
1020 0.166929
1021 0.177149
1022 0.210873
1023 0.188131
1024 0.174316
1025 0.161858
1026 0.175214
1027 0.198736
1028 0.17375
1029 0.180174
1030 0.164348
1031 0.156637
1032 0.180969
1033 0.169397
1034 0.169201
1035 0.183258
1036 0.181983
1037 0.165738
1038 0.171601
1039 0.174189
1040 0.194457
1041 0.195388
1042 0.182889
1043 0.192085
1044 0.182544
1045 0.186928
1046 0.194591
1047 0.189969
1048 0.183762
1049 0.175538
1050 0.174425
1051 0.171435
1052 0.182406
1053 0.171202
1054 0.189574
1055 0.192865
1056 0.195654
1057 0.176847
1058 0.191416
1059 0.200731
1060 0.204483
1061 0.207969
1062 0.184838
1063 0.199046
1064 0.204775
1065 0.199118
1066 0.196523
1067 0.179241
1068 0.196576
1069 0.17823
1070 0.174438
1071 0.187805
1072 0.171043
1073 0.172018
1074 0.150829
1075 0.166352
1076 0.206139
1077 0.193234
1078 0.185376
1079 0.177424
1080 0.198072
1081 0.202268
1082 0.205538
1083 0.178444
1084 0.200857
1085 0.194801
1086 0.184114
1087 0.182028
1088 0.165781
1089 0.168781
1090 0.183735
1091 0.166249
1092 0.181542
1093 0.180008
1094 0.171452
1095 0.167611
1096 0.176408
1097 0.197313
1098 0.198746
1099 0.193877
1100 0.166671
1101 0.167119
1102 0.203141
1103 0.201643
1104 0.169333
1105 0.178807
1106 0.164645
1107 0.16976
1108 0.182006
1109 0.186834
1110 0.195832
1111 0.197068
1112 0.169888
1113 0.194023
1114 0.186524
1115 0.19092
1116 0.167496
1117 0.161821
1118 0.163626
1119 0.173659
1120 0.14938
1121 0.15443
1122 0.157268
1123 0.15708
1124 0.167706
1125 0.169898
1126 0.163752
1127 0.176435
1128 0.178842
1129 0.191413
1130 0.200529
1131 0.186215
1132 0.192226
1133 0.183196
1134 0.185941
1135 0.202807
1136 0.182489
1137 0.208233
1138 0.172446
1139 0.187213
1140 0.194716
1141 0.171846
1142 0.19709
1143 0.170344
1144 0.189206
1145 0.198522
1146 0.16514
1147 0.164542
1148 0.183837
1149 0.190227
1150 0.188764
1151 0.177019
1152 0.160035
1153 0.17401
1154 0.173054
1155 0.173343
1156 0.182403
1157 0.188401
1158 0.194683
1159 0.17482
1160 0.165367
1161 0.178787
1162 0.171113
1163 0.192906
1164 0.174066
1165 0.175147
1166 0.170541
1167 0.16553
1168 0.167816
1169 0.169574
1170 0.193381
1171 0.171517
1172 0.179395
1173 0.167021
1174 0.150974
1175 0.180147
1176 0.17373
1177 0.163407
1178 0.175837
1179 0.154346
1180 0.180855
1181 0.178718
1182 0.177591
1183 0.165135
1184 0.175164
1185 0.170584
1186 0.165288
1187 0.174873
1188 0.169597
1189 0.17944
1190 0.16955
1191 0.170026
1192 0.174623
1193 0.181503
1194 0.190476
1195 0.165033
1196 0.185482
1197 0.179378
1198 0.17336
1199 0.168174
1200 0.160505
1201 0.193699
1202 0.176891
1203 0.183281
1204 0.176675
1205 0.181833
1206 0.201683
1207 0.175749
1208 0.206928
1209 0.208257
1210 0.172727
1211 0.171222
1212 0.178532
1213 0.186046
1214 0.200526
1215 0.17229
1216 0.156314
1217 0.172684
1218 0.173334
1219 0.159349
1220 0.156453
1221 0.166318
1222 0.164806
1223 0.186268
1224 0.176229
1225 0.155238
1226 0.181005
1227 0.192139
1228 0.205794
1229 0.203534
1230 0.195917
1231 0.206391
1232 0.209299
1233 0.188145
1234 0.201457
1235 0.191623
1236 0.210464
1237 0.183551
1238 0.183423
1239 0.200167
1240 0.184308
1241 0.199094
1242 0.199324
1243 0.201183
1244 0.206341
1245 0.181726
1246 0.177772
1247 0.196507
1248 0.183321
1249 0.190634
1250 0.167894
1251 0.160166
1252 0.184571
1253 0.197396
1254 0.168063
1255 0.16933
1256 0.174308
1257 0.186226
1258 0.208385
1259 0.174936
1260 0.189369
1261 0.19629
1262 0.179755
1263 0.194675
1264 0.189335
1265 0.181616
1266 0.199072
1267 0.155369
1268 0.164217
1269 0.1998
1270 0.180795
1271 0.179424
1272 0.161035
1273 0.178091
1274 0.198944
1275 0.196858
1276 0.166074
1277 0.155278
1278 0.180517
1279 0.17972
1280 0.175946
1281 0.155883
1282 0.169463
1283 0.189918
1284 0.171954
1285 0.186219
1286 0.170614
1287 0.175812
1288 0.186466
1289 0.175607
1290 0.193791
1291 0.167947
1292 0.171966
1293 0.178595
1294 0.17821
1295 0.172747
1296 0.166942
1297 0.158228
1298 0.166464
1299 0.164742
1300 0.15664
1301 0.163603
1302 0.166174
1303 0.144472
1304 0.182535
1305 0.167381
1306 0.17591
1307 0.179241
1308 0.152519
1309 0.173182
1310 0.181559
1311 0.176221
1312 0.172934
1313 0.159175
1314 0.181406
1315 0.202634
1316 0.171789
1317 0.177945
1318 0.199379
1319 0.198553
1320 0.186204
1321 0.183171
1322 0.190551
1323 0.17834
1324 0.17622
1325 0.16978
1326 0.169099
1327 0.177655
1328 0.175467
1329 0.157532
1330 0.185635
1331 0.19144
1332 0.181969
1333 0.200883
1334 0.182725
1335 0.180932
1336 0.168573
1337 0.174082
1338 0.190716
1339 0.186796
1340 0.183588
1341 0.168035
1342 0.152225
1343 0.164627
1344 0.157993
1345 0.166107
1346 0.16827
1347 0.170641
1348 0.179623
1349 0.165044
1350 0.169956
1351 0.182462
1352 0.191519
1353 0.195752
1354 0.184351
1355 0.19401
1356 0.170743
1357 0.163611
1358 0.177743
1359 0.186053
1360 0.198292
1361 0.181858
1362 0.161764
1363 0.172383
1364 0.169609
1365 0.189059
1366 0.189657
1367 0.17951
1368 0.181984
1369 0.17851
1370 0.180143
1371 0.197002
1372 0.18274
1373 0.201812
1374 0.201584
1375 0.178564
1376 0.17135
1377 0.17589
1378 0.173924
1379 0.181876
1380 0.175365
1381 0.172668
1382 0.186043
1383 0.186336
1384 0.184332
1385 0.181507
1386 0.195206
1387 0.195041
1388 0.179242
1389 0.193056
1390 0.161952
1391 0.176795
1392 0.171231
1393 0.173397
1394 0.153118
1395 0.158788
1396 0.184673
1397 0.181447
1398 0.161907
1399 0.182185
1400 0.159836
1401 0.153776
1402 0.161755
1403 0.179163
1404 0.186865
1405 0.182912
1406 0.16862
1407 0.179577
1408 0.187383
1409 0.172484
1410 0.178244
1411 0.179604
1412 0.175613
1413 0.168189
1414 0.147265
1415 0.155616
1416 0.168629
1417 0.174979
1418 0.170881
1419 0.177446
1420 0.190228
1421 0.197861
1422 0.196237
1423 0.191377
1424 0.20596
1425 0.178427
1426 0.180444
1427 0.171573
1428 0.187694
1429 0.172729
1430 0.186451
1431 0.159583
1432 0.152277
1433 0.174124
1434 0.186793
1435 0.181541
1436 0.170101
1437 0.179126
1438 0.202881
1439 0.185813
1440 0.162087
1441 0.175933
1442 0.17986
1443 0.194418
1444 0.197343
1445 0.159208
1446 0.154292
1447 0.17738
1448 0.180039
1449 0.173123
1450 0.173539
1451 0.158699
1452 0.161053
1453 0.184711
1454 0.169948
1455 0.183016
1456 0.162357
1457 0.184262
1458 0.175404
1459 0.187211
1460 0.174944
1461 0.171154
1462 0.202695
1463 0.167721
1464 0.177163
1465 0.163663
1466 0.178151
1467 0.180633
1468 0.170728
1469 0.152483
1470 0.168056
1471 0.182243
1472 0.178908
1473 0.16608
1474 0.191246
1475 0.18015
1476 0.177969
1477 0.199142
1478 0.190499
1479 0.17422
1480 0.147294
1481 0.136278
1482 0.168639
1483 0.198391
1484 0.17939
1485 0.171181
1486 0.185677
1487 0.194763
1488 0.210436
1489 0.198317
1490 0.194737
1491 0.183852
1492 0.202884
1493 0.208294
1494 0.178097
1495 0.175229
1496 0.184535
1497 0.189088
1498 0.19693
1499 0.164037
1500 0.144753
1501 0.191684
1502 0.193848
1503 0.198342
1504 0.171557
1505 0.164781
1506 0.17958
1507 0.184195
1508 0.195797
1509 0.181733
1510 0.186314
1511 0.175408
1512 0.163823
1513 0.175399
1514 0.170421
1515 0.181336
1516 0.171443
1517 0.17688
1518 0.175827
1519 0.186418
1520 0.180259
1521 0.19461
1522 0.194762
1523 0.185671
1524 0.175477
1525 0.168213
1526 0.177379
1527 0.184653
1528 0.172101
1529 0.157416
1530 0.177679
1531 0.169185
1532 0.166205
1533 0.170803
1534 0.149551
1535 0.183914
1536 0.185325
1537 0.176093
1538 0.172128
1539 0.141852
1540 0.175855
1541 0.176448
1542 0.189202
1543 0.160245
1544 0.155214
1545 0.164002
1546 0.171317
1547 0.169665
1548 0.153297
1549 0.136775
1550 0.170791
1551 0.164573
1552 0.157707
1553 0.173721
1554 0.168575
1555 0.184297
1556 0.177031
1557 0.165009
1558 0.175695
1559 0.178399
1560 0.171138
1561 0.185792
1562 0.179903
1563 0.176363
1564 0.191964
1565 0.166005
1566 0.187664
1567 0.16914
1568 0.155444
1569 0.205751
1570 0.17486
1571 0.154274
1572 0.191161
1573 0.16864
1574 0.193945
1575 0.186177
1576 0.171164
1577 0.177375
1578 0.162746
1579 0.179539
1580 0.1968
1581 0.195165
1582 0.191392
1583 0.160694
1584 0.162214
1585 0.178985
1586 0.183583
1587 0.210064
1588 0.187314
1589 0.182718
1590 0.189729
1591 0.179174
1592 0.195812
1593 0.175847
1594 0.179252
1595 0.183364
1596 0.166207
1597 0.175329
1598 0.178724
1599 0.1633
1600 0.170436
1601 0.151614
1602 0.158
1603 0.162789
1604 0.187329
1605 0.174119
1606 0.157991
1607 0.182449
1608 0.176575
1609 0.192892
1610 0.193273
1611 0.185129
1612 0.181554
1613 0.181543
1614 0.181661
1615 0.18469
1616 0.175924
1617 0.166564
1618 0.169732
1619 0.173832
1620 0.18811
1621 0.180784
1622 0.19841
1623 0.199219
1624 0.17787
1625 0.168581
1626 0.189555
1627 0.200749
1628 0.173984
1629 0.169722
1630 0.166833
1631 0.195159
1632 0.212937
1633 0.159826
1634 0.182669
1635 0.170476
1636 0.185649
1637 0.17391
1638 0.168203
1639 0.1567
1640 0.168835
1641 0.182355
1642 0.158961
1643 0.151307
1644 0.175236
1645 0.175125
1646 0.175868
1647 0.19334
1648 0.165397
1649 0.169164
1650 0.184717
1651 0.183441
1652 0.1641
1653 0.185072
1654 0.180766
1655 0.181455
1656 0.185981
1657 0.167052
1658 0.169706
1659 0.16819
1660 0.171275
1661 0.187588
1662 0.179586
1663 0.167565
1664 0.17919
1665 0.166445
1666 0.167247
1667 0.199085
1668 0.176276
1669 0.179001
1670 0.175135
1671 0.18608
1672 0.191395
1673 0.179366
1674 0.173201
1675 0.184745
1676 0.186728
1677 0.188317
1678 0.174085
1679 0.162019
1680 0.17011
1681 0.183304
1682 0.167324
1683 0.172253
1684 0.150233
1685 0.153084
1686 0.185606
1687 0.163589
1688 0.169396
1689 0.157496
1690 0.167844
1691 0.165422
1692 0.164759
1693 0.162321
1694 0.156016
1695 0.176091
1696 0.179485
1697 0.177601
1698 0.167064
1699 0.17773
1700 0.171619
1701 0.189203
1702 0.183655
1703 0.193242
1704 0.187964
1705 0.183654
1706 0.170874
1707 0.162496
1708 0.176267
1709 0.182279
1710 0.175843
1711 0.174463
1712 0.169667
1713 0.184807
1714 0.179988
1715 0.178209
1716 0.185851
1717 0.197406
1718 0.193161
1719 0.173726
1720 0.179628
1721 0.203405
1722 0.194606
1723 0.173165
1724 0.179315
1725 0.194444
1726 0.209895
1727 0.170048
1728 0.160688
1729 0.189199
1730 0.192909
1731 0.17624
1732 0.179019
1733 0.16947
1734 0.165748
1735 0.172917
1736 0.168136
1737 0.164033
1738 0.181161
1739 0.179228
1740 0.159287
1741 0.179672
1742 0.163212
1743 0.177282
1744 0.186211
1745 0.200474
1746 0.204629
1747 0.177282
1748 0.165751
1749 0.193256
1750 0.195254
1751 0.205061
1752 0.184064
1753 0.172134
1754 0.180195
1755 0.170393
1756 0.182528
1757 0.178108
1758 0.197112
1759 0.178763
1760 0.18548
1761 0.157222
1762 0.165275
1763 0.186029
1764 0.178698
1765 0.184808
1766 0.176847
1767 0.190103
1768 0.171645
1769 0.173379
1770 0.151955
1771 0.167385
1772 0.185984
1773 0.180772
1774 0.171562
1775 0.156134
1776 0.144451
1777 0.199193
1778 0.198912
1779 0.197143
1780 0.182332
1781 0.167012
1782 0.177356
1783 0.175438
1784 0.17666
1785 0.170988
1786 0.169074
1787 0.186786
1788 0.165017
1789 0.159998
1790 0.160506
1791 0.174256
1792 0.185583
1793 0.158222
1794 0.146033
1795 0.164104
1796 0.191786
1797 0.195785
1798 0.171224
1799 0.165988
1800 0.163278
1801 0.17729
1802 0.200027
1803 0.182285
1804 0.160141
1805 0.155971
1806 0.163403
1807 0.170489
1808 0.172429
1809 0.168626
1810 0.179307
1811 0.16891
1812 0.167347
1813 0.143989
1814 0.150866
1815 0.178429
1816 0.180579
1817 0.165019
1818 0.173522
1819 0.161052
1820 0.165256
1821 0.162559
1822 0.167189
1823 0.177574
1824 0.157363
1825 0.154907
1826 0.172109
1827 0.177766
1828 0.16833
1829 0.183069
1830 0.184191
1831 0.18209
1832 0.205145
1833 0.177877
1834 0.180849
1835 0.182897
1836 0.166569
1837 0.181705
1838 0.20608
1839 0.20514
1840 0.194364
1841 0.168029
1842 0.173039
1843 0.206467
1844 0.193821
1845 0.204336
1846 0.188854
1847 0.204425
1848 0.176963
1849 0.185387
1850 0.17743
1851 0.211056
1852 0.185071
1853 0.170319
1854 0.170335
1855 0.160586
1856 0.176668
1857 0.177591
1858 0.160303
1859 0.166158
1860 0.163478
1861 0.174545
1862 0.179589
1863 0.177386
1864 0.178859
1865 0.174627
1866 0.190167
1867 0.190775
1868 0.166277
1869 0.189031
1870 0.169695
1871 0.186312
1872 0.206335
1873 0.186303
1874 0.171954
1875 0.182921
1876 0.177396
1877 0.19368
1878 0.203703
1879 0.206645
1880 0.192153
1881 0.193643
1882 0.189796
1883 0.191909
1884 0.177298
1885 0.186291
1886 0.195937
1887 0.194317
1888 0.195446
1889 0.17822
1890 0.179231
1891 0.184347
1892 0.177999
1893 0.172172
1894 0.166281
1895 0.170012
1896 0.188853
1897 0.16345
1898 0.153054
1899 0.162333
1900 0.14512
1901 0.165538
1902 0.179098
1903 0.165589
1904 0.186016
1905 0.20393
1906 0.184738
1907 0.180163
1908 0.177951
1909 0.19776
1910 0.206568
1911 0.190305
1912 0.181138
1913 0.188561
1914 0.190015
1915 0.189693
1916 0.175367
1917 0.173475
1918 0.169307
1919 0.179434
1920 0.17157
1921 0.16318
1922 0.171767
1923 0.174812
1924 0.174068
1925 0.170254
1926 0.153781
1927 0.173618
1928 0.176721
1929 0.161832
1930 0.172905
1931 0.155351
1932 0.17019
1933 0.173399
1934 0.157618
1935 0.178837
1936 0.186845
1937 0.174412
1938 0.156036
1939 0.161275
1940 0.159547
1941 0.180622
1942 0.168072
1943 0.160774
1944 0.158733
1945 0.169417
1946 0.183793
1947 0.182535
1948 0.159366
1949 0.163401
1950 0.172859
1951 0.17544
1952 0.183204
1953 0.163567
1954 0.160554
1955 0.177239
1956 0.179868
1957 0.186106
1958 0.170059
1959 0.162145
1960 0.179642
1961 0.201979
1962 0.188708
1963 0.172836
1964 0.161475
1965 0.182307
1966 0.203354
1967 0.195766
1968 0.183032
1969 0.179148
1970 0.163091
1971 0.167456
1972 0.170696
1973 0.189313
1974 0.188603
1975 0.187129
1976 0.163966
1977 0.181529
1978 0.210202
1979 0.189943
1980 0.197691
1981 0.199233
1982 0.197478
1983 0.210278
1984 0.161608
1985 0.192919
1986 0.187238
1987 0.193694
1988 0.18223
1989 0.188272
1990 0.184924
1991 0.20752
1992 0.178267
1993 0.158872
1994 0.170275
1995 0.177838
1996 0.196547
1997 0.187326
1998 0.185534
1999 0.178066
2000 0.185083
2001 0.176729
2002 0.199282
2003 0.177665
2004 0.161769
2005 0.188736
2006 0.170921
2007 0.179051
2008 0.179559
2009 0.186552
2010 0.194814
2011 0.178767
2012 0.167308
2013 0.193029
2014 0.205711
2015 0.194539
2016 0.188673
2017 0.16865
2018 0.184333
2019 0.195045
2020 0.175941
2021 0.1644
2022 0.168379
2023 0.178704
2024 0.181254
2025 0.170523
2026 0.163092
2027 0.165136
2028 0.189199
2029 0.197051
2030 0.166487
2031 0.155347
2032 0.163793
2033 0.184283
2034 0.193571
2035 0.161645
2036 0.190896
2037 0.163613
2038 0.184917
2039 0.168736
2040 0.176715
2041 0.19341
2042 0.172132
2043 0.183338
2044 0.200357
2045 0.172494
2046 0.164114
2047 0.171199
2048 0.171266
2049 0.17323
2050 0.162327
2051 0.162044
2052 0.190598
2053 0.171712
2054 0.174097
2055 0.196175
2056 0.200462
2057 0.182919
2058 0.190862
2059 0.198495
2060 0.199847
2061 0.181656
2062 0.185359
2063 0.182297
2064 0.189698
2065 0.173515
2066 0.169805
2067 0.171498
2068 0.175385
2069 0.180694
2070 0.168024
2071 0.174161
2072 0.158967
2073 0.174308
2074 0.157703
2075 0.161585
2076 0.179377
2077 0.180223
2078 0.180976
2079 0.169311
2080 0.168539
2081 0.182957
2082 0.188139
2083 0.181499
2084 0.159082
2085 0.170639
2086 0.175743
2087 0.173242
2088 0.182673
2089 0.179211
2090 0.157743
2091 0.171194
2092 0.176762
2093 0.178201
2094 0.190232
2095 0.176886
2096 0.184819
2097 0.173293
2098 0.160864
2099 0
