0 -5405.61
1 635.719
2 315.843
3 54.3466
4 13.4992
5 1.22443
6 -1.04971
7 0.250283
8 0.685848
9 0.24371
10 0.152023
11 0.132133
12 0.117134
13 0.266602
14 0.220381
15 0.136637
16 0.158421
17 0.19971
18 0.196318
19 0.197063
20 0.14606
21 0.156701
22 0.167668
23 0.164622
24 0.168496
25 0.175153
26 0.134983
27 0.159839
28 0.1786
29 0.16371
30 0.193267
31 0.114416
32 0.211132
33 0.161755
34 0.195968
35 0.146832
36 0.162349
37 0.156256
38 0.184308
39 0.159991
40 0.18176
41 0.162991
42 0.153106
43 0.155827
44 0.186902
45 0.162438
46 0.169636
47 0.180576
48 0.16942
49 0.15613
50 0.134468
51 0.172013
52 0.163959
53 0.16335
54 0.173439
55 0.17257
56 0.180938
57 0.20084
58 0.197775
59 0.194393
60 0.193473
61 0.197476
62 0.202316
63 0.203012
64 0.192606
65 0.170473
66 0.179707
67 0.193855
68 0.18937
69 0.154812
70 0.147392
71 0.181648
72 0.229982
73 0.194821
74 0.161571
75 0.203212
76 0.202347
77 0.199546
78 0.168304
79 0.188157
80 0.173796
81 0.164417
82 0.140457
83 0.198684
84 0.188827
85 0.179983
86 0.186159
87 0.194805
88 0.148725
89 0.199235
90 0.190367
91 0.184971
92 0.16409
93 0.217318
94 0.228822
95 0.161446
96 0.158892
97 0.215666
98 0.185195
99 0.184236
100 0.149848
101 0.177697
102 0.200826
103 0.13661
104 0.0768179
105 0.182266
106 0.196815
107 0.192314
108 0.139359
109 0.207229
110 0.245161
111 0.206023
112 0.137985
113 0.188361
114 0.199146
115 0.178205
116 0.163365
117 0.169905
118 0.176299
119 0.168219
120 0.167923
121 0.149926
122 0.172382
123 0.153546
124 0.162454
125 0.19038
126 0.191228
127 0.150171
128 0.227038
129 0.163937
130 0.17355
131 0.174177
132 0.202338
133 0.182725
134 0.165874
135 0.185927
136 0.194812
137 0.176322
138 0.139391
139 0.190405
140 0.157281
141 0.168501
142 0.177773
143 0.136849
144 0.160827
145 0.163055
146 0.169329
147 0.134121
148 0.174576
149 0.220144
150 0.180389
151 0.154813
152 0.197761
153 0.220024
154 0.160414
155 0.156937
156 0.255751
157 0.150289
158 0.149758
159 0.155088
160 0.179954
161 0.178268
162 0.152889
163 0.198139
164 0.141638
165 0.152744
166 0.194141
167 0.133445
168 0.16193
169 0.187793
170 0.184665
171 0.195736
172 0.188964
173 0.187352
174 0.167903
175 0.193839
176 0.170127
177 0.154214
178 0.159839
179 0.153139
180 0.177728
181 0.139259
182 0.171569
183 0.13191
184 0.150932
185 0.137916
186 0.136399
187 0.225726
188 0.168069
189 0.189774
190 0.185205
191 0.144964
192 0.200371
193 0.150619
194 0.205627
195 0.151695
196 0.1547
197 0.172338
198 0.176123
199 0.129343
200 0.194871
201 0.171385
202 0.17013
203 0.161289
204 0.163295
205 0.182786
206 0.16906
207 0.207567
208 0.172869
209 0.160726
210 0.168946
211 0.164819
212 0.13919
213 0.154746
214 0.165551
215 0.163861
216 0.152661
217 0.19153
218 0.208753
219 0.187617
220 0.163825
221 0.170078
222 0.181634
223 0.157272
224 0.183715
225 0.1487
226 0.167971
227 0.187827
228 0.16084
229 0.172853
230 0.178207
231 0.167574
232 0.186286
233 0.180966
234 0.171758
235 0.156528
236 0.211489
237 0.172271
238 0.198453
239 0.162887
240 0.187706
241 0.151992
242 0.180086
243 0.172046
244 0.153349
245 0.162082
246 0.145635
247 0.155616
248 0.162746
249 0.214076
250 0.22067
251 0.197868
252 0.172699
253 0.146924
254 0.228435
255 0.215136
256 0.200309
257 0.163432
258 0.154215
259 0.180439
260 0.202882
261 0.214739
262 0.17618
263 0.183274
264 0.190218
265 0.224881
266 0.193024
267 0.15783
268 0.209631
269 0.239938
270 0.185275
271 0.158824
272 0.14144
273 0.21463
274 0.184141
275 0.179462
276 0.184819
277 0.201087
278 0.177923
279 0.206096
280 0.172343
281 0.183878
282 0.174953
283 0.199856
284 0.161989
285 0.138138
286 0.192225
287 0.154734
288 0.1723
289 0.133384
290 0.180377
291 0.165207
292 0.170845
293 0.172985
294 0.194483
295 0.177053
296 0.184844
297 0.164902
298 0.149602
299 0.15164
300 0.211966
301 0.177556
302 0.17309
303 0.157871
304 0.15819
305 0.206732
306 0.171797
307 0.141463
308 0.176549
309 0.173272
310 0.152237
311 0.19861
312 0.198644
313 0.169292
314 0.195603
315 0.182907
316 0.188397
317 0.166396
318 0.183656
319 0.201454
320 0.184246
321 0.200021
322 0.174509
323 0.241348
324 0.218698
325 0.178577
326 0.195202
327 0.219007
328 0.225872
329 0.154055
330 0.192074
331 0.214954
332 0.228409
333 0.212488
334 0.221254
335 0.180843
336 0.160413
337 0.166505
338 0.173131
339 0.139169
340 0.158312
341 0.171454
342 0.132769
343 0.155784
344 0.17075
345 0.176167
346 0.177431
347 0.159411
348 0.141075
349 0.171635
350 0.163805
351 0.169673
352 0.144068
353 0.161852
354 0.149629
355 0.155002
356 0.188011
357 0.178669
358 0.152175
359 0.19313
360 0.181467
361 0.15294
362 0.159707
363 0.138432
364 0.186666
365 0.147661
366 0.200413
367 0.190986
368 0.212755
369 0.208127
370 0.164985
371 0.169187
372 0.187064
373 0.164263
374 0.161487
375 0.158643
376 0.156484
377 0.187736
378 0.150608
379 0.209271
380 0.159282
381 0.153555
382 0.126304
383 0.151489
384 0.171622
385 0.164902
386 0.147707
387 0.180662
388 0.145322
389 0.159464
390 0.157584
391 0.12409
392 0.189091
393 0.223284
394 0.165633
395 0.20316
396 0.180412
397 0.176867
398 0.160498
399 0.164795
400 0.134129
401 0.190005
402 0.167732
403 0.193301
404 0.196291
405 0.188168
406 0.21925
407 0.214983
408 0.194769
409 0.223042
410 0.223908
411 0.240333
412 0.184452
413 0.18366
414 0.184241
415 0.238207
416 0.201921
417 0.193518
418 0.153172
419 0.195797
420 0.203141
421 0.168916
422 0.186861
423 0.208269
424 0.147308
425 0.158599
426 0.154503
427 0.168811
428 0.179304
429 0.160493
430 0.166449
431 0.18778
432 0.163207
433 0.162357
434 0.198272
435 0.206513
436 0.184967
437 0.170047
438 0.177975
439 0.170002
440 0.176594
441 0.148748
442 0.176122
443 0.169527
444 0.179604
445 0.112494
446 0.159847
447 0.161242
448 0.151158
449 0.195731
450 0.146899
451 0.190483
452 0.176408
453 0.158546
454 0.141312
455 0.197977
456 0.168558
457 0.155352
458 0.163856
459 0.175162
460 0.165633
461 0.168867
462 0.151765
463 0.157104
464 0.190955
465 0.175226
466 0.142533
467 0.17027
468 0.224504
469 0.145912
470 0.178657
471 0.183461
472 0.160911
473 0.17747
474 0.186935
475 0.215579
476 0.148851
477 0.17409
478 0.165686
479 0.170624
480 0.200068
481 0.162555
482 0.182051
483 0.178724
484 0.180324
485 0.179949
486 0.201851
487 0.162282
488 0.183362
489 0.162318
490 0.191409
491 0.193189
492 0.234578
493 0.171805
494 0.166904
495 0.211068
496 0.229634
497 0.186489
498 0.169747
499 0.203766
500 0.139584
501 0.150916
502 0.152644
503 0.212784
504 0.127076
505 0.123245
506 0.164248
507 0.215576
508 0.175911
509 0.174328
510 0.11797
511 0.169277
512 0.147805
513 0.161241
514 0.170412
515 0.189554
516 0.179283
517 0.21272
518 0.194084
519 0.191475
520 0.192757
521 0.171557
522 0.154932
523 0.203036
524 0.153116
525 0.191374
526 0.182021
527 0.174362
528 0.200724
529 0.160718
530 0.156578
531 0.160871
532 0.157168
533 0.162606
534 0.183409
535 0.152933
536 0.141907
537 0.166816
538 0.0995334
539 0.230111
540 0.147664
541 0.215422
542 0.176549
543 0.192898
544 0.135969
545 0.195653
546 0.195041
547 0.178847
548 0.18015
549 0.174715
550 0.152408
551 0.165472
552 0.158643
553 0.210274
554 0.189077
555 0.1302
556 0.161346
557 0.148645
558 0.144619
559 0.177112
560 0.169241
561 0.140873
562 0.197387
563 0.138115
564 0.156292
565 0.173239
566 0.196861
567 0.188616
568 0.179369
569 0.202236
570 0.14578
571 0.154543
572 0.223308
573 0.198529
574 0.190405
575 0.16571
576 0.181007
577 0.184445
578 0.192202
579 0.157663
580 0.182306
581 0.213111
582 0.201313
583 0.172709
584 0.17557
585 0.179188
586 0.165873
587 0.176119
588 0.189891
589 0.201873
590 0.174802
591 0.162905
592 0.171592
593 0.155854
594 0.138493
595 0.15611
596 0.175437
597 0.159969
598 0.16266
599 0.187446
600 0.177805
601 0.173151
602 0.155894
603 0.16206
604 0.16861
605 0.138063
606 0.161328
607 0.182696
608 0.185796
609 0.213102
610 0.159938
611 0.154651
612 0.162508
613 0.167567
614 0.198676
615 0.159208
616 0.182146
617 0.178095
618 0.176195
619 0.183966
620 0.134817
621 0.13709
622 0.180267
623 0.155528
624 0.191907
625 0.158933
626 0.184901
627 0.186607
628 0.184479
629 0.192561
630 0.168874
631 0.178771
632 0.165627
633 0.187022
634 0.191808
635 0.17994
636 0.172256
637 0.150933
638 0.165038
639 0.146487
640 0.153408
641 0.157006
642 0.199028
643 0.19004
644 0.182818
645 0.154471
646 0.150372
647 0.167454
648 0.163038
649 0.154849
650 0.157937
651 0.183707
652 0.167087
653 0.156195
654 0.202696
655 0.14712
656 0.176823
657 0.188142
658 0.156651
659 0.175134
660 0.150835
661 0.21091
662 0.179576
663 0.148988
664 0.144652
665 0.183937
666 0.169658
667 0.147145
668 0.161799
669 0.144467
670 0.16927
671 0.193601
672 0.199397
673 0.148692
674 0.211868
675 0.19057
676 0.135068
677 0.192904
678 0.207012
679 0.175359
680 0.199031
681 0.216129
682 0.172358
683 0.205528
684 0.184345
685 0.199617
686 0.201178
687 0.145086
688 0.212255
689 0.202064
690 0.180658
691 0.201014
692 0.208351
693 0.216957
694 0.183535
695 0.15917
696 0.205424
697 0.212808
698 0.173351
699 0.154535
700 0.201292
701 0.176856
702 0.176603
703 0.159806
704 0.14851
705 0.208501
706 0.168102
707 0.151963
708 0.176064
709 0.175851
710 0.174393
711 0.164097
712 0.181957
713 0.18156
714 0.160724
715 0.169835
716 0.133801
717 0.109529
718 0.158431
719 0.162936
720 0.185789
721 0.150865
722 0.168272
723 0.18158
724 0.180359
725 0.18029
726 0.156546
727 0.158925
728 0.125118
729 0.176804
730 0.181695
731 0.15378
732 0.178933
733 0.172379
734 0.206395
735 0.147519
736 0.173158
737 0.180824
738 0.195381
739 0.166755
740 0.203913
741 0.211532
742 0.175066
743 0.18517
744 0.149558
745 0.169292
746 0.133413
747 0.175359
748 0.185833
749 0.170765
750 0.214853
751 0.215143
752 0.203781
753 0.181316
754 0.173522
755 0.193137
756 0.202761
757 0.187816
758 0.151875
759 0.214659
760 0.22353
761 0.183788
762 0.188545
763 0.256999
764 0.213021
765 0.164906
766 0.140932
767 0.171013
768 0.215156
769 0.191201
770 0.155458
771 0.177371
772 0.175868
773 0.197887
774 0.200375
775 0.205233
776 0.150319
777 0.19048
778 0.167468
779 0.159473
780 0.148872
781 0.194455
782 0.146617
783 0.152249
784 0.184953
785 0.220003
786 0.194369
787 0.143291
788 0.18344
789 0.209218
790 0.179648
791 0.183173
792 0.184717
793 0.191164
794 0.163603
795 0.177151
796 0.153685
797 0.195573
798 0.169725
799 0.160348
800 0.137703
801 0.176016
802 0.223188
803 0.206817
804 0.176538
805 0.149828
806 0.167428
807 0.14846
808 0.198513
809 0.208267
810 0.166542
811 0.144397
812 0.181209
813 0.127695
814 0.213156
815 0.192935
816 0.148487
817 0.167312
818 0.178377
819 0.184511
820 0.167288
821 0.157877
822 0.223869
823 0.226616
824 0.171773
825 0.173751
826 0.203551
827 0.1754
828 0.163904
829 0.177154
830 0.1761
831 0.151891
832 0.170824
833 0.15088
834 0.163589
835 0.170827
836 0.154538
837 0.173212
838 0.18139
839 0.163399
840 0.171509
841 0.188745
842 0.225527
843 0.195634
844 0.193728
845 0.152191
846 0.171816
847 0.229741
848 0.184491
849 0.186376
850 0.16025
851 0.179873
852 0.165627
853 0.174019
854 0.189422
855 0.212541
856 0.191288
857 0.183552
858 0.140526
859 0.168378
860 0.148246
861 0.190436
862 0.212575
863 0.196233
864 0.18363
865 0.13528
866 0.171354
867 0.155157
868 0.159723
869 0.209913
870 0.150444
871 0.187724
872 0.18197
873 0.182034
874 0.14394
875 0.151924
876 0.18977
877 0.183373
878 0.164578
879 0.151289
880 0.200533
881 0.247538
882 0.229191
883 0.153464
884 0.187632
885 0.179059
886 0.232153
887 0.175926
888 0.180893
889 0.149032
890 0.229982
891 0.137494
892 0.138637
893 0.170061
894 0.197917
895 0.178568
896 0.174228
897 0.162257
898 0.167721
899 0.171293
900 0.131187
901 0.147979
902 0.163759
903 0.131824
904 0.167385
905 0.215911
906 0.280851
907 0.180494
908 0.150823
909 0.197535
910 0.201433
911 0.189717
912 0.164275
913 0.170761
914 0.178283
915 0.193179
916 0.182748
917 0.184938
918 0.154324
919 0.18537
920 0.175991
921 0.169027
922 0.182777
923 0.191895
924 0.177585
925 0.152985
926 0.165075
927 0.21299
928 0.176065
929 0.147999
930 0.16752
931 0.19305
932 0.169248
933 0.168269
934 0.178175
935 0.180382
936 0.187247
937 0.177062
938 0.150927
939 0.178836
940 0.176495
941 0.196663
942 0.200611
943 0.138716
944 0.178181
945 0.202883
946 0.184423
947 0.189219
948 0.196713
949 0.194741
950 0.178881
951 0.178042
952 0.201411
953 0.207313
954 0.195151
955 0.169989
956 0.214152
957 0.142564
958 0.173182
959 0.172069
960 0.181696
961 0.165699
962 0.164499
963 0.206762
964 0.152304
965 0.153743
966 0.158197
967 0.197454
968 0.144712
969 0.18032
970 0.166556
971 0.185115
972 0.187218
973 0.176897
974 0.134036
975 0.147086
976 0.204535
977 0.100159
978 0.170225
979 0.192187
980 0.20497
981 0.191239
982 0.162472
983 0.154572
984 0.150265
985 0.190247
986 0.184294
987 0.157058
988 0.157682
989 0.193228
990 0.248181
991 0.150437
992 0.197043
993 0.204855
994 0.217421
995 0.166045
996 0.152626
997 0.201514
998 0.174877
999 0.179817
1000 0.178066
1001 0.174292
1002 0.159796
1003 0.192555
1004 0.160161
1005 0.132301
1006 0.146098
1007 0.203355
1008 0.165163
1009 0.192856
1010 0.163232
1011 0.191653
1012 0.17459
1013 0.200509
1014 0.205817
1015 0.173221
1016 0.19735
1017 0.182237
1018 0.188703
1019 0.190288
1020 0.165023
1021 0.181574
1022 0.1763
1023 0.196169
1024 0.192196
1025 0.167999
1026 0.134572
1027 0.25995
1028 0.183726
1029 0.162645
1030 0.145157
1031 0.193359
1032 0.150078
1033 0.138393
1034 0.137152
1035 0.216168
1036 0.176113
1037 0.214201
1038 0.225462
1039 0.169133
1040 0.198597
1041 0.182329
1042 0.179327
1043 0.153126
1044 0.129978
1045 0.173083
1046 0.163967
1047 0.185461
1048 0.179202
1049 0.194765
1050 0.166504
1051 0.212911
1052 0.14456
1053 0.189312
1054 0.173118
1055 0.152895
1056 0.174762
1057 0.176067
1058 0.177245
1059 0.155546
1060 0.182714
1061 0.200463
1062 0.19978
1063 0.189474
1064 0.183336
1065 0.21277
1066 0.215641
1067 0.193174
1068 0.199226
1069 0.214003
1070 0.193858
1071 0.211363
1072 0.171583
1073 0.157268
1074 0.15046
1075 0.155094
1076 0.200935
1077 0.184153
1078 0.175416
1079 0.191434
1080 0.144904
1081 0.163562
1082 0.156311
1083 0.186213
1084 0.163183
1085 0.183061
1086 0.182818
1087 0.165329
1088 0.205898
1089 0.234595
1090 0.225645
1091 0.196985
1092 0.187008
1093 0.199425
1094 0.189818
1095 0.180757
1096 0.154019
1097 0.15941
1098 0.217958
1099 0.19193
1100 0.170559
1101 0.151259
1102 0.163294
1103 0.158307
1104 0.178631
1105 0.146769
1106 0.174272
1107 0.18494
1108 0.161857
1109 0.180135
1110 0.210138
1111 0.180869
1112 0.160144
1113 0.201283
1114 0.180212
1115 0.164048
1116 0.165769
1117 0.134725
1118 0.133674
1119 0.219281
1120 0.159756
1121 0.136456
1122 0.144177
1123 0.18091
1124 0.144753
1125 0.166412
1126 0.167967
1127 0.193735
1128 0.199339
1129 0.187335
1130 0.164661
1131 0.244618
1132 0.150531
1133 0.139952
1134 0.206549
1135 0.200565
1136 0.176277
1137 0.18146
1138 0.169516
1139 0.165677
1140 0.17579
1141 0.205604
1142 0.192513
1143 0.180405
1144 0.161295
1145 0.182555
1146 0.18383
1147 0.180904
1148 0.166702
1149 0.175254
1150 0.150239
1151 0.149653
1152 0.168687
1153 0.152987
1154 0.183616
1155 0.174884
1156 0.181293
1157 0.179594
1158 0.196004
1159 0.203421
1160 0.189018
1161 0.163163
1162 0.200321
1163 0.139511
1164 0.185168
1165 0.17992
1166 0.223078
1167 0.192605
1168 0.193097
1169 0.179751
1170 0.182261
1171 0.179766
1172 0.171866
1173 0.160442
1174 0.17165
1175 0.155671
1176 0.176506
1177 0.204208
1178 0.192523
1179 0.143008
1180 0.180156
1181 0.137484
1182 0.161365
1183 0.149119
1184 0.138781
1185 0.158736
1186 0.170506
1187 0.160982
1188 0.167072
1189 0.141559
1190 0.159157
1191 0.166787
1192 0.215547
1193 0.12534
1194 0.172195
1195 0.130192
1196 0.187996
1197 0.168394
1198 0.158019
1199 0.192285
1200 0.167719
1201 0.18415
1202 0.12817
1203 0.160498
1204 0.155064
1205 0.194612
1206 0.213575
1207 0.176545
1208 0.178473
1209 0.164659
1210 0.173444
1211 0.179554
1212 0.16124
1213 0.161916
1214 0.165787
1215 0.198982
1216 0.16868
1217 0.182321
1218 0.158442
1219 0.188233
1220 0.196909
1221 0.176155
1222 0.148812
1223 0.240441
1224 0.155391
1225 0.165948
1226 0.145975
1227 0.180606
1228 0.159835
1229 0.166685
1230 0.163011
1231 0.179157
1232 0.176716
1233 0.192723
1234 0.205945
1235 0.193289
1236 0.165515
1237 0.214913
1238 0.171227
1239 0.162531
1240 0.183778
1241 0.189313
1242 0.166843
1243 0.182235
1244 0.170831
1245 0.192265
1246 0.209098
1247 0.1674
1248 0.148139
1249 0.16168
1250 0.154818
1251 0.135411
1252 0.195217
1253 0.161382
1254 0.18639
1255 0.12217
1256 0.16965
1257 0.163242
1258 0.173513
1259 0.157056
1260 0.177656
1261 0.163294
1262 0.158842
1263 0.188453
1264 0.178677
1265 0.165148
1266 0.163122
1267 0.228005
1268 0.156834
1269 0.143698
1270 0.156123
1271 0.15916
1272 0.165679
1273 0.205424
1274 0.174948
1275 0.148098
1276 0.163933
1277 0.151506
1278 0.167466
1279 0.181886
1280 0.165473
1281 0.157772
1282 0.16991
1283 0.136085
1284 0.22298
1285 0.180709
1286 0.168545
1287 0.159143
1288 0.162943
1289 0.167817
1290 0.188464
1291 0.20441
1292 0.159477
1293 0.203346
1294 0.174657
1295 0.157673
1296 0.200971
1297 0.182526
1298 0.17634
1299 0.178891
1300 0.12043
1301 0.189455
1302 0.20695
1303 0.177337
1304 0.154579
1305 0.164644
1306 0.156118
1307 0.157585
1308 0.188208
1309 0.198082
1310 0.170024
1311 0.134067
1312 0.199568
1313 0.229361
1314 0.202423
1315 0.16012
1316 0.181608
1317 0.164149
1318 0.217943
1319 0.166875
1320 0.161743
1321 0.15761
1322 0.17049
1323 0.154449
1324 0.167986
1325 0.193952
1326 0.181578
1327 0.168518
1328 0.158898
1329 0.202594
1330 0.197463
1331 0.184593
1332 0.160611
1333 0.12895
1334 0.196545
1335 0.173593
1336 0.170538
1337 0.181304
1338 0.173681
1339 0.162532
1340 0.177811
1341 0.165266
1342 0.171072
1343 0.166689
1344 0.155188
1345 0.158937
1346 0.175118
1347 0.169405
1348 0.165422
1349 0.171381
1350 0.14645
1351 0.171289
1352 0.172626
1353 0.163619
1354 0.194499
1355 0.177606
1356 0.167309
1357 0.159866
1358 0.167627
1359 0.215827
1360 0.186321
1361 0.197834
1362 0.190827
1363 0.181291
1364 0.190109
1365 0.239155
1366 0.146524
1367 0.163384
1368 0.154265
1369 0.185744
1370 0.127125
1371 0.170287
1372 0.1985
1373 0.177743
1374 0.160533
1375 0.213283
1376 0.167252
1377 0.158782
1378 0.159225
1379 0.170146
1380 0.200163
1381 0.168514
1382 0.137684
1383 0.147551
1384 0.21978
1385 0.208155
1386 0.159116
1387 0.206218
1388 0.193529
1389 0.180037
1390 0.182993
1391 0.171266
1392 0.14859
1393 0.186791
1394 0.187268
1395 0.205586
1396 0.176435
1397 0.177664
1398 0.199281
1399 0.20543
1400 0.232226
1401 0.144847
1402 0.168505
1403 0.126108
1404 0.181776
1405 0.147194
1406 0.196778
1407 0.186736
1408 0.18167
1409 0.194868
1410 0.183013
1411 0.173786
1412 0.175014
1413 0.17621
1414 0.231534
1415 0.160738
1416 0.20315
1417 0.1674
1418 0.174274
1419 0.159257
1420 0.194054
1421 0.207302
1422 0.191371
1423 0.152181
1424 0.166225
1425 0.184897
1426 0.162106
1427 0.141151
1428 0.180799
1429 0.171533
1430 0.18046
1431 0.155681
1432 0.159321
1433 0.190539
1434 0.175745
1435 0.175035
1436 0.231457
1437 0.228242
1438 0.218507
1439 0.168935
1440 0.244477
1441 0.208006
1442 0.164523
1443 0.227274
1444 0.189979
1445 0.171076
1446 0.183113
1447 0.200415
1448 0.143113
1449 0.166007
1450 0.183944
1451 0.154137
1452 0.154623
1453 0.143084
1454 0.176768
1455 0.145638
1456 0.181534
1457 0.176232
1458 0.133065
1459 0.127359
1460 0.163098
1461 0.188695
1462 0.136812
1463 0.13464
1464 0.186171
1465 0.175774
1466 0.162109
1467 0.173347
1468 0.157303
1469 0.178321
1470 0.182914
1471 0.187614
1472 0.156834
1473 0.149147
1474 0.173288
1475 0.186854
1476 0.196514
1477 0.155292
1478 0.166124
1479 0.177349
1480 0.136064
1481 0.185872
1482 0.151366
1483 0.170809
1484 0.164009
1485 0.197724
1486 0.170607
1487 0.158291
1488 0.158598
1489 0.165618
1490 0.196429
1491 0.168238
1492 0.155524
1493 0.194709
1494 0.113765
1495 0.161417
1496 0.192878
1497 0.112714
1498 0.20415
1499 0.165615
1500 0.218907
1501 0.162089
1502 0.18242
1503 0.208115
1504 0.170564
1505 0.162324
1506 0.171775
1507 0.163908
1508 0.219433
1509 0.178565
1510 0.219326
1511 0.153631
1512 0.0529283
1513 0.201532
1514 0.206592
1515 0.151907
1516 0.157465
1517 0.183854
1518 0.17143
1519 0.149524
1520 0.176427
1521 0.223925
1522 0.167686
1523 0.150667
1524 0.168386
1525 0.147423
1526 0.160015
1527 0.160512
1528 0.192085
1529 0.154729
1530 0.189482
1531 0.187012
1532 0.166294
1533 0.165272
1534 0.226561
1535 0.172513
1536 0.173968
1537 0.169706
1538 0.158494
1539 0.144809
1540 0.184359
1541 0.179139
1542 0.154726
1543 0.1609
1544 0.191057
1545 0.184731
1546 0.153359
1547 0.226253
1548 0.154969
1549 0.177731
1550 0.165
1551 0.191637
1552 0.172376
1553 0.173001
1554 0.208367
1555 0.167969
1556 0.183369
1557 0.170398
1558 0.162439
1559 0.16024
1560 0.150752
1561 0.16285
1562 0.1832
1563 0.150688
1564 0.197658
1565 0.198791
1566 0.155448
1567 0.166785
1568 0.158453
1569 0.204115
1570 0.129787
1571 0.196969
1572 0.249879
1573 0.186263
1574 0.229216
1575 0.167244
1576 0.14877
1577 0.169699
1578 0.187101
1579 0.191469
1580 0.133633
1581 0.179746
1582 0.189186
1583 0.177581
1584 0.195756
1585 0.184998
1586 0.186561
1587 0.172611
1588 0.170338
1589 0.185951
1590 0.172588
1591 0.178383
1592 0.179337
1593 0.208081
1594 0.18269
1595 0.17568
1596 0.15196
1597 0.213469
1598 0.190382
1599 0.191487
1600 0.162661
1601 0.177379
1602 0.162555
1603 0.181122
1604 0.168384
1605 0.147845
1606 0.155949
1607 0.200469
1608 0.191343
1609 0.154642
1610 0.176744
1611 0.186835
1612 0.168054
1613 0.155935
1614 0.140212
1615 0.148074
1616 0.14679
1617 0.179835
1618 0.164624
1619 0.167873
1620 0.184205
1621 0.160916
1622 0.192129
1623 0.201852
1624 0.177984
1625 0.176859
1626 0.205655
1627 0.172235
1628 0.18877
1629 0.181257
1630 0.163449
1631 0.148854
1632 0.152817
1633 0.145663
1634 0.172855
1635 0.167545
1636 0.150088
1637 0.182711
1638 0.173904
1639 0.165134
1640 0.183184
1641 0.155648
1642 0.164511
1643 0.160015
1644 0.185948
1645 0.164887
1646 0.20412
1647 0.183776
1648 0.184411
1649 0.212716
1650 0.184899
1651 0.188109
1652 0.184761
1653 0.175381
1654 0.164237
1655 0.153652
1656 0.1289
1657 0.167773
1658 0.212693
1659 0.160676
1660 0.179056
1661 0.158864
1662 0.181748
1663 0.159522
1664 0.178399
1665 0.170477
1666 0.171444
1667 0.204681
1668 0.181432
1669 0.196144
1670 0.180776
1671 0.172118
1672 0.154979
1673 0.189419
1674 0.191591
1675 0.182018
1676 0.147018
1677 0.218105
1678 0.148216
1679 0.152775
1680 0.14586
1681 0.231832
1682 0.17691
1683 0.209509
1684 0.179161
1685 0.137727
1686 0.187062
1687 0.181505
1688 0.206807
1689 0.160905
1690 0.194843
1691 0.17969
1692 0.143713
1693 0.159965
1694 0.131338
1695 0.206664
1696 0.1365
1697 0.149486
1698 0.141685
1699 0.146177
1700 0.152701
1701 0.180641
1702 0.174639
1703 0.154805
1704 0.151832
1705 0.17425
1706 0.185593
1707 0.151402
1708 0.161933
1709 0.208163
1710 0.168857
1711 0.175482
1712 0.175679
1713 0.188945
1714 0.190308
1715 0.155791
1716 0.185773
1717 0.168866
1718 0.14135
1719 0.184718
1720 0.176072
1721 0.20232
1722 0.148329
1723 0.191297
1724 0.171402
1725 0.147218
1726 0.18065
1727 0.201641
1728 0.185366
1729 0.149263
1730 0.185635
1731 0.170096
1732 0.17426
1733 0.168363
1734 0.173478
1735 0.168394
1736 0.16286
1737 0.159795
1738 0.149334
1739 0.184649
1740 0.179713
1741 0.159717
1742 0.184688
1743 0.146249
1744 0.179525
1745 0.215311
1746 0.165916
1747 0.164583
1748 0.16431
1749 0.179658
1750 0.189575
1751 0.154398
1752 0.170584
1753 0.156455
1754 0.179194
1755 0.173846
1756 0.145456
1757 0.214023
1758 0.18443
1759 0.200565
1760 0.151168
1761 0.176488
1762 0.187713
1763 0.164299
1764 0.160967
1765 0.185474
1766 0.182245
1767 0.167848
1768 0.161988
1769 0.177142
1770 0.125012
1771 0.151949
1772 0.163974
1773 0.211458
1774 0.15618
1775 0.169796
1776 0.150592
1777 0.163655
1778 0.175615
1779 0.175604
1780 0.163609
1781 0.188615
1782 0.181196
1783 0.139768
1784 0.173264
1785 0.205557
1786 0.189863
1787 0.166421
1788 0.170682
1789 0.173031
1790 0.161416
1791 0.204755
1792 0.219937
1793 0.166957
1794 0.162876
1795 0.18974
1796 0.19838
1797 0.159942
1798 0.19198
1799 0.196666
1800 0.151806
1801 0.138704
1802 0.180329
1803 0.199041
1804 0.153806
1805 0.187052
1806 0.208692
1807 0.174088
1808 0.201701
1809 0.216064
1810 0.167355
1811 0.159948
1812 0.16346
1813 0.16127
1814 0.169143
1815 0.157269
1816 0.204693
1817 0.154695
1818 0.162034
1819 0.174244
1820 0.177764
1821 0.160443
1822 0.165046
1823 0.162443
1824 0.155118
1825 0.152767
1826 0.163864
1827 0.203239
1828 0.167536
1829 0.181404
1830 0.159485
1831 0.145574
1832 0.184959
1833 0.176646
1834 0.183288
1835 0.197422
1836 0.175586
1837 0.163493
1838 0.190926
1839 0.164741
1840 0.156383
1841 0.168808
1842 0.194213
1843 0.151378
1844 0.15944
1845 0.216091
1846 0.160916
1847 0.158869
1848 0.183244
1849 0.189413
1850 0.188426
1851 0.174956
1852 0.224433
1853 0.219139
1854 0.185408
1855 0.197986
1856 0.211145
1857 0.202989
1858 0.221283
1859 0.202611
1860 0.197522
1861 0.17837
1862 0.183615
1863 0.161849
1864 0.169024
1865 0.178565
1866 0.193391
1867 0.197799
1868 0.160127
1869 0.205258
1870 0.208955
1871 0.232127
1872 0.182841
1873 0.176793
1874 0.135599
1875 0.110345
1876 0.141832
1877 0.184816
1878 0.181508
1879 0.168463
1880 0.146094
1881 0.17963
1882 0.173214
1883 0.188063
1884 0.182833
1885 0.192305
1886 0.119638
1887 0.237765
1888 0.192274
1889 0.1942
1890 0.158042
1891 0.184586
1892 0.198919
1893 0.146274
1894 0.1841
1895 0.149237
1896 0.156724
1897 0.198007
1898 0.168452
1899 0.147886
1900 0.184662
1901 0.190868
1902 0.155954
1903 0.16551
1904 0.188935
1905 0.189236
1906 0.172766
1907 0.173995
1908 0.192161
1909 0.160994
1910 0.196134
1911 0.143004
1912 0.22466
1913 0.200351
1914 0.175434
1915 0.0706588
1916 0.215381
1917 0.189594
1918 0.157815
1919 0.144757
1920 0.188793
1921 0.188663
1922 0.161992
1923 0.14907
1924 0.124959
1925 0.177937
1926 0.167582
1927 0.201701
1928 0.154778
1929 0.208787
1930 0.216863
1931 0.147838
1932 0.15803
1933 0.184032
1934 0.186212
1935 0.169442
1936 0.169571
1937 0.168216
1938 0.140408
1939 0.177077
1940 0.177473
1941 0.140685
1942 0.144006
1943 0.20768
1944 0.17258
1945 0.169573
1946 0.180975
1947 0.130708
1948 0.197346
1949 0.180879
1950 0.153451
1951 0.168582
1952 0.157035
1953 0.203898
1954 0.174724
1955 0.184447
1956 0.139224
1957 0.185687
1958 0.186333
1959 0.183192
1960 0.180361
1961 0.188571
1962 0.195869
1963 0.19725
1964 0.18919
1965 0.162863
1966 0.170162
1967 0.196223
1968 0.208
1969 0.207907
1970 0.162244
1971 0.204526
1972 0.221933
1973 0.238281
1974 0.191797
1975 0.219088
1976 0.193432
1977 0.183793
1978 0.188253
1979 0.190132
1980 0.180477
1981 0.121867
1982 0.174155
1983 0.184694
1984 0.146401
1985 0.141955
1986 0.187102
1987 0.187064
1988 0.179989
1989 0.168866
1990 0.186818
1991 0.17907
1992 0.186412
1993 0.163498
1994 0.169201
1995 0.181512
1996 0.16023
1997 0.17267
1998 0.186762
1999 0.187498
2000 0.19251
2001 0.151922
2002 0.120344
2003 0.139273
2004 0.179201
2005 0.148817
2006 0.178468
2007 0.163468
2008 0.176334
2009 0.164047
2010 0.166071
2011 0.18511
2012 0.151816
2013 0.142756
2014 0.193916
2015 0.211985
2016 0.175189
2017 0.165819
2018 0.184799
2019 0.162505
2020 0.191607
2021 0.142239
2022 0.181814
2023 0.163551
2024 0.18193
2025 0.17775
2026 0.182164
2027 0.214843
2028 0.196323
2029 0.179422
2030 0.16282
2031 0.146216
2032 0.157491
2033 0.207353
2034 0.193844
2035 0.178747
2036 0.160447
2037 0.194513
2038 0.149276
2039 0.155707
2040 0.17082
2041 0.179966
2042 0.202274
2043 0.154847
2044 0.166597
2045 0.202958
2046 0.180322
2047 0.215614
2048 0.130713
2049 0.176755
2050 0.184669
2051 0.153696
2052 0.173795
2053 0.22962
2054 0.180492
2055 0.155299
2056 0.180786
2057 0.189042
2058 0.175134
2059 0.179698
2060 0.134687
2061 0.159809
2062 0.138909
2063 0.157097
2064 0.196495
2065 0.151166
2066 0.152657
2067 0.177101
2068 0.141055
2069 0.16973
2070 0.174683
2071 0.157413
2072 0.162795
2073 0.194895
2074 0.187571
2075 0.153938
2076 0.163304
2077 0.148715
2078 0.155326
2079 0.127393
2080 0.169714
2081 0.212955
2082 0.158882
2083 0.217885
2084 0.18748
2085 0.194596
2086 0.196426
2087 0.180402
2088 0.201394
2089 0.186628
2090 0.200412
2091 0.169197
2092 0.201964
2093 0.197472
2094 0.217784
2095 0.220532
2096 0.207912
2097 0.211406
2098 0.202152
2099 0
