0 4.64825
1 4.81254
2 4.6341
3 2.72026
4 3.3911
5 4.01803
6 2.69609
7 2.54893
8 3.68538
9 -0.553655
10 1.51987
11 -10.0212
12 -6.91362
13 -6.75765
14 -7.9606
15 0.961559
16 -1.24907
17 -1.67168
18 -0.874785
19 -0.575422
20 0.15121
21 0.0435315
22 0.140834
23 0.197459
24 0.173466
25 0.179689
26 0.190711
27 0.154865
28 0.162236
29 0.154453
30 0.162453
31 0.158975
32 0.169792
33 0.184446
34 0.170942
35 0.183492
36 0.190798
37 0.183637
38 0.183321
39 0.188091
40 0.173999
41 0.191378
42 0.194488
43 0.164272
44 0.170804
45 0.189314
46 0.157048
47 0.173773
48 0.178245
49 0.177971
50 0.179574
51 0.166748
52 0.169063
53 0.180268
54 0.160592
55 0.172569
56 0.18173
57 0.188416
58 0.17864
59 0.188351
60 0.198272
61 0.190431
62 0.181156
63 0.188489
64 0.196037
65 0.16888
66 0.161238
67 0.187174
68 0.16294
69 0.150952
70 0.166234
71 0.182224
72 0.176759
73 0.160776
74 0.188731
75 0.193955
76 0.16781
77 0.177437
78 0.186901
79 0.158835
80 0.155632
81 0.177347
82 0.172214
83 0.168529
84 0.179542
85 0.188254
86 0.195819
87 0.196397
88 0.174672
89 0.190794
90 0.201105
91 0.164488
92 0.17288
93 0.189028
94 0.162248
95 0.172106
96 0.172681
97 0.167544
98 0.170366
99 0.178622
100 0.174125
101 0.164152
102 0.183766
103 0.163737
104 0.174729
105 0.196063
106 0.167406
107 0.183476
108 0.204646
109 0.183516
110 0.16536
111 0.178751
112 0.181534
113 0.15263
114 0.165825
115 0.177322
116 0.155259
117 0.177709
118 0.199361
119 0.163916
120 0.158322
121 0.172752
122 0.16391
123 0.142512
124 0.145852
125 0.170696
126 0.156004
127 0.152012
128 0.184041
129 0.180437
130 0.160442
131 0.190871
132 0.167461
133 0.168075
134 0.174425
135 0.1448
136 0.151567
137 0.160683
138 0.154997
139 0.16865
140 0.166455
141 0.167344
142 0.193961
143 0.182744
144 0.155722
145 0.194647
146 0.189585
147 0.164679
148 0.178366
149 0.192894
150 0.193129
151 0.177663
152 0.178959
153 0.20291
154 0.186405
155 0.174847
156 0.193991
157 0.21286
158 0.178085
159 0.176204
160 0.180328
161 0.158819
162 0.147017
163 0.155904
164 0.164501
165 0.140807
166 0.136974
167 0.182476
168 0.142693
169 0.157696
170 0.17172
171 0.167163
172 0.157746
173 0.179692
174 0.172794
175 0.148499
176 0.175309
177 0.161042
178 0.158383
179 0.161126
180 0.169646
181 0.171231
182 0.163859
183 0.170985
184 0.166819
185 0.151283
186 0.174766
187 0.152005
188 0.151642
189 0.160535
190 0.153678
191 0.189246
192 0.161654
193 0.143774
194 0.169287
195 0.162047
196 0.140595
197 0.166902
198 0.174494
199 0.17453
200 0.180378
201 0.192956
202 0.191693
203 0.166089
204 0.174978
205 0.17955
206 0.169713
207 0.173808
208 0.185234
209 0.177544
210 0.165611
211 0.171981
212 0.175842
213 0.152182
214 0.171106
215 0.157575
216 0.157359
217 0.179252
218 0.158045
219 0.17586
220 0.197849
221 0.166395
222 0.16728
223 0.206071
224 0.171005
225 0.146771
226 0.199908
227 0.176701
228 0.167105
229 0.188379
230 0.177622
231 0.167381
232 0.182739
233 0.171072
234 0.155811
235 0.172931
236 0.178371
237 0.170211
238 0.175038
239 0.173315
240 0.15906
241 0.166433
242 0.16284
243 0.16458
244 0.168877
245 0.161357
246 0.179306
247 0.161251
248 0.170996
249 0.184701
250 0.173048
251 0.186259
252 0.184353
253 0.207837
254 0.18687
255 0.180084
256 0.18259
257 0.164666
258 0.172348
259 0.159382
260 0.166588
261 0.16916
262 0.152936
263 0.174087
264 0.168516
265 0.172807
266 0.17262
267 0.184014
268 0.18309
269 0.193103
270 0.201698
271 0.177418
272 0.190716
273 0.177712
274 0.170262
275 0.171074
276 0.16919
277 0.158434
278 0.150679
279 0.158697
280 0.148071
281 0.156412
282 0.158195
283 0.160662
284 0.178862
285 0.173336
286 0.195623
287 0.198821
288 0.160532
289 0.176169
290 0.170774
291 0.168917
292 0.164846
293 0.150994
294 0.164672
295 0.155602
296 0.148666
297 0.158628
298 0.163693
299 0.155142
300 0.167167
301 0.188038
302 0.167107
303 0.174979
304 0.166439
305 0.181135
306 0.186748
307 0.162945
308 0.173023
309 0.173521
310 0.167529
311 0.153876
312 0.166786
313 0.149621
314 0.151762
315 0.165931
316 0.161836
317 0.149073
318 0.165299
319 0.189255
320 0.169588
321 0.17401
322 0.182409
323 0.173943
324 0.194625
325 0.178718
326 0.169007
327 0.17048
328 0.151615
329 0.160581
330 0.151637
331 0.154051
332 0.149509
333 0.140538
334 0.17924
335 0.152147
336 0.158941
337 0.170985
338 0.170706
339 0.189866
340 0.174701
341 0.184444
342 0.191315
343 0.176785
344 0.161298
345 0.158065
346 0.164117
347 0.16317
348 0.164821
349 0.159589
350 0.171439
351 0.172459
352 0.166001
353 0.179218
354 0.163015
355 0.170087
356 0.163058
357 0.185466
358 0.182602
359 0.17806
360 0.179224
361 0.18925
362 0.1712
363 0.160554
364 0.187773
365 0.169321
366 0.156427
367 0.164685
368 0.172352
369 0.150917
370 0.142575
371 0.157144
372 0.147715
373 0.14476
374 0.176472
375 0.166906
376 0.170532
377 0.163607
378 0.170757
379 0.174871
380 0.172563
381 0.15427
382 0.155051
383 0.182996
384 0.15725
385 0.170448
386 0.172848
387 0.166758
388 0.164956
389 0.16216
390 0.184111
391 0.158787
392 0.165112
393 0.194813
394 0.168072
395 0.163075
396 0.169555
397 0.165656
398 0.145635
399 0.142741
400 0.179413
401 0.160721
402 0.151593
403 0.16633
404 0.180561
405 0.185852
406 0.178756
407 0.184694
408 0.177283
409 0.165998
410 0.179848
411 0.160228
412 0.157172
413 0.164423
414 0.165598
415 0.16032
416 0.159044
417 0.155936
418 0.171003
419 0.17774
420 0.158903
421 0.186847
422 0.174739
423 0.184755
424 0.182476
425 0.163483
426 0.166716
427 0.169356
428 0.16541
429 0.170056
430 0.170831
431 0.182383
432 0.182667
433 0.18902
434 0.195539
435 0.17757
436 0.171363
437 0.20334
438 0.182838
439 0.166173
440 0.173339
441 0.158608
442 0.164484
443 0.156241
444 0.159365
445 0.150923
446 0.170867
447 0.185047
448 0.157134
449 0.163102
450 0.177901
451 0.181788
452 0.167594
453 0.167998
454 0.170009
455 0.188578
456 0.166755
457 0.144784
458 0.182939
459 0.179775
460 0.166507
461 0.168259
462 0.151091
463 0.177326
464 0.171086
465 0.152836
466 0.179668
467 0.162138
468 0.170042
469 0.176594
470 0.153296
471 0.167518
472 0.16454
473 0.175499
474 0.163655
475 0.167084
476 0.196798
477 0.175331
478 0.185743
479 0.179885
480 0.168999
481 0.206342
482 0.167997
483 0.156305
484 0.165715
485 0.152671
486 0.171967
487 0.155888
488 0.150911
489 0.161859
490 0.166458
491 0.170643
492 0.16627
493 0.166684
494 0.1912
495 0.179368
496 0.171614
497 0.188984
498 0.168433
499 0.190981
500 0.197563
501 0.168396
502 0.191523
503 0.172877
504 0.158723
505 0.16796
506 0.142531
507 0.175625
508 0.157804
509 0.139564
510 0.166649
511 0.163239
512 0.156507
513 0.153186
514 0.167248
515 0.185403
516 0.159486
517 0.168442
518 0.171449
519 0.170269
520 0.17491
521 0.177282
522 0.169014
523 0.178779
524 0.180233
525 0.155989
526 0.179259
527 0.174603
528 0.153129
529 0.152487
530 0.177704
531 0.166094
532 0.155432
533 0.162056
534 0.173698
535 0.188317
536 0.16004
537 0.16742
538 0.19524
539 0.169449
540 0.159104
541 0.17845
542 0.173346
543 0.156511
544 0.185434
545 0.184441
546 0.164718
547 0.184406
548 0.193954
549 0.192258
550 0.173481
551 0.174641
552 0.200326
553 0.165041
554 0.169145
555 0.188484
556 0.167076
557 0.185671
558 0.195033
559 0.180021
560 0.178508
561 0.166657
562 0.182828
563 0.176788
564 0.16572
565 0.199536
566 0.195795
567 0.197898
568 0.185858
569 0.176069
570 0.192035
571 0.185609
572 0.172263
573 0.170026
574 0.179734
575 0.17995
576 0.15915
577 0.166659
578 0.174009
579 0.179175
580 0.167666
581 0.170361
582 0.191431
583 0.180893
584 0.168469
585 0.184581
586 0.196625
587 0.1949
588 0.170345
589 0.165811
590 0.173746
591 0.167287
592 0.172116
593 0.159571
594 0.158315
595 0.172033
596 0.182055
597 0.163505
598 0.167345
599 0.179746
600 0.161068
601 0.164113
602 0.158905
603 0.142876
604 0.166758
605 0.153908
606 0.163254
607 0.171819
608 0.166935
609 0.18674
610 0.182011
611 0.176105
612 0.176585
613 0.172051
614 0.187467
615 0.169947
616 0.158959
617 0.190459
618 0.154748
619 0.162427
620 0.178276
621 0.162404
622 0.178895
623 0.170965
624 0.15828
625 0.174082
626 0.162422
627 0.148964
628 0.170841
629 0.171015
630 0.153345
631 0.179107
632 0.159442
633 0.143714
634 0.158912
635 0.153366
636 0.141401
637 0.156613
638 0.169418
639 0.161652
640 0.166608
641 0.184209
642 0.178857
643 0.169773
644 0.174768
645 0.162336
646 0.165693
647 0.166351
648 0.151686
649 0.158876
650 0.164498
651 0.16333
652 0.169872
653 0.174481
654 0.173418
655 0.18545
656 0.17952
657 0.184364
658 0.177839
659 0.18235
660 0.19685
661 0.182209
662 0.197265
663 0.176469
664 0.182734
665 0.182815
666 0.172227
667 0.163594
668 0.182497
669 0.195911
670 0.17855
671 0.187311
672 0.182348
673 0.195703
674 0.186513
675 0.168983
676 0.183404
677 0.16729
678 0.157689
679 0.168325
680 0.158191
681 0.161962
682 0.1495
683 0.155448
684 0.189215
685 0.16507
686 0.174665
687 0.175298
688 0.160388
689 0.18637
690 0.166428
691 0.155999
692 0.17204
693 0.161937
694 0.159206
695 0.152686
696 0.166432
697 0.160547
698 0.164881
699 0.177368
700 0.180876
701 0.176104
702 0.181813
703 0.161286
704 0.17306
705 0.183315
706 0.156715
707 0.168578
708 0.159686
709 0.170391
710 0.160493
711 0.170319
712 0.185078
713 0.176293
714 0.181374
715 0.169163
716 0.185406
717 0.184105
718 0.169386
719 0.167684
720 0.177704
721 0.166277
722 0.153992
723 0.159757
724 0.144364
725 0.153665
726 0.173022
727 0.174917
728 0.165394
729 0.172647
730 0.199007
731 0.183585
732 0.166103
733 0.183801
734 0.20201
735 0.18513
736 0.187821
737 0.183574
738 0.190102
739 0.19668
740 0.182591
741 0.179373
742 0.191608
743 0.185236
744 0.197435
745 0.169765
746 0.181729
747 0.189369
748 0.164032
749 0.162985
750 0.181284
751 0.158907
752 0.148758
753 0.169275
754 0.166102
755 0.159729
756 0.172058
757 0.171379
758 0.151141
759 0.166675
760 0.172172
761 0.174474
762 0.153269
763 0.159753
764 0.168109
765 0.15887
766 0.162099
767 0.170176
768 0.16065
769 0.162055
770 0.181096
771 0.154254
772 0.160613
773 0.180791
774 0.170935
775 0.179228
776 0.183013
777 0.183038
778 0.177473
779 0.168833
780 0.174015
781 0.182797
782 0.171853
783 0.180524
784 0.171659
785 0.158644
786 0.182659
787 0.167159
788 0.154373
789 0.182529
790 0.181739
791 0.192885
792 0.184994
793 0.160737
794 0.168577
795 0.164771
796 0.162182
797 0.163693
798 0.152742
799 0.159739
800 0.192653
801 0.160111
802 0.162846
803 0.176892
804 0.167566
805 0.169699
806 0.164977
807 0.156139
808 0.185794
809 0.165756
810 0.166645
811 0.198409
812 0.178185
813 0.17507
814 0.202956
815 0.18886
816 0.179347
817 0.186096
818 0.178692
819 0.177156
820 0.188547
821 0.168189
822 0.177902
823 0.178107
824 0.16546
825 0.16307
826 0.151028
827 0.148662
828 0.144962
829 0.158221
830 0.160716
831 0.166999
832 0.190152
833 0.189958
834 0.195211
835 0.191545
836 0.201626
837 0.192212
838 0.171786
839 0.175338
840 0.157148
841 0.167761
842 0.175935
843 0.172072
844 0.175778
845 0.195613
846 0.173363
847 0.172328
848 0.161351
849 0.146565
850 0.162182
851 0.161683
852 0.159589
853 0.164903
854 0.158297
855 0.184726
856 0.170857
857 0.155512
858 0.158552
859 0.162384
860 0.154044
861 0.159367
862 0.168417
863 0.174178
864 0.183125
865 0.175355
866 0.174259
867 0.167592
868 0.173757
869 0.169268
870 0.160595
871 0.183128
872 0.179205
873 0.17816
874 0.207888
875 0.187007
876 0.171287
877 0.17644
878 0.185588
879 0.15873
880 0.169698
881 0.166557
882 0.154793
883 0.186288
884 0.162835
885 0.161256
886 0.187136
887 0.163768
888 0.180812
889 0.198966
890 0.165312
891 0.190519
892 0.176565
893 0.1781
894 0.187278
895 0.175148
896 0.180304
897 0.17338
898 0.190047
899 0.189069
900 0.163026
901 0.187974
902 0.191921
903 0.169239
904 0.16864
905 0.160299
906 0.155993
907 0.146043
908 0.139956
909 0.160362
910 0.150851
911 0.161816
912 0.164957
913 0.160365
914 0.163582
915 0.151302
916 0.177757
917 0.167069
918 0.156862
919 0.155444
920 0.163332
921 0.172784
922 0.151274
923 0.149247
924 0.148645
925 0.147606
926 0.160253
927 0.163589
928 0.150419
929 0.178668
930 0.184038
931 0.182926
932 0.188642
933 0.179859
934 0.197726
935 0.175284
936 0.176977
937 0.169715
938 0.163353
939 0.185942
940 0.174252
941 0.180503
942 0.18117
943 0.199385
944 0.179444
945 0.183625
946 0.206403
947 0.173181
948 0.177563
949 0.201342
950 0.181923
951 0.175292
952 0.165869
953 0.187677
954 0.165118
955 0.15094
956 0.163089
957 0.16239
958 0.165361
959 0.162586
960 0.17132
961 0.181071
962 0.174557
963 0.169647
964 0.17135
965 0.187943
966 0.175216
967 0.160682
968 0.17267
969 0.157068
970 0.147905
971 0.175534
972 0.165935
973 0.153618
974 0.179639
975 0.181355
976 0.169542
977 0.183199
978 0.179505
979 0.173095
980 0.184144
981 0.181915
982 0.161493
983 0.164996
984 0.176485
985 0.165283
986 0.17697
987 0.194398
988 0.184307
989 0.183904
990 0.181035
991 0.192229
992 0.180559
993 0.180452
994 0.185264
995 0.168493
996 0.189486
997 0.166163
998 0.165339
999 0.184752
1000 0.164596
1001 0.171368
1002 0.188093
1003 0.179291
1004 0.17844
1005 0.18692
1006 0.182753
1007 0.172917
1008 0.186187
1009 0.168121
1010 0.171094
1011 0.193346
1012 0.176995
1013 0.190063
1014 0.175067
1015 0.162008
1016 0.170032
1017 0.151291
1018 0.153563
1019 0.168844
1020 0.165486
1021 0.162056
1022 0.160332
1023 0.175962
1024 0.177713
1025 0.173304
1026 0.177313
1027 0.180851
1028 0.17507
1029 0.189207
1030 0.176955
1031 0.164534
1032 0.181364
1033 0.183944
1034 0.188695
1035 0.195767
1036 0.178475
1037 0.194261
1038 0.196904
1039 0.170681
1040 0.181472
1041 0.19801
1042 0.167927
1043 0.176323
1044 0.174833
1045 0.154386
1046 0.16017
1047 0.151622
1048 0.149755
1049 0.158555
1050 0.165839
1051 0.149263
1052 0.162207
1053 0.162981
1054 0.159191
1055 0.148465
1056 0.167294
1057 0.173424
1058 0.157324
1059 0.174027
1060 0.172588
1061 0.160472
1062 0.161211
1063 0.162666
1064 0.16811
1065 0.171391
1066 0.178813
1067 0.171137
1068 0.189928
1069 0.184731
1070 0.15728
1071 0.174839
1072 0.181373
1073 0.164832
1074 0.173382
1075 0.169228
1076 0.158522
1077 0.174134
1078 0.154326
1079 0.164706
1080 0.162626
1081 0.143452
1082 0.167547
1083 0.160502
1084 0.148943
1085 0.163219
1086 0.178368
1087 0.163606
1088 0.189535
1089 0.181485
1090 0.160618
1091 0.184666
1092 0.17106
1093 0.164386
1094 0.178862
1095 0.153791
1096 0.184455
1097 0.179655
1098 0.160524
1099 0.169673
1100 0.15993
1101 0.14695
1102 0.145502
1103 0.144404
1104 0.155761
1105 0.165959
1106 0.16109
1107 0.161325
1108 0.173973
1109 0.180603
1110 0.171
1111 0.183664
1112 0.176574
1113 0.165387
1114 0.201283
1115 0.197765
1116 0.175006
1117 0.175374
1118 0.197478
1119 0.193113
1120 0.175699
1121 0.200418
1122 0.18185
1123 0.185583
1124 0.198287
1125 0.182117
1126 0.203459
1127 0.189515
1128 0.19883
1129 0.193626
1130 0.184726
1131 0.178134
1132 0.185678
1133 0.181374
1134 0.162361
1135 0.160362
1136 0.154325
1137 0.15919
1138 0.143443
1139 0.154933
1140 0.172045
1141 0.166375
1142 0.174604
1143 0.175478
1144 0.183922
1145 0.18159
1146 0.18887
1147 0.174717
1148 0.194573
1149 0.180014
1150 0.160486
1151 0.191661
1152 0.178536
1153 0.167204
1154 0.195029
1155 0.197929
1156 0.205487
1157 0.21905
1158 0.187745
1159 0.193164
1160 0.178081
1161 0.166131
1162 0.153546
1163 0.143763
1164 0.158814
1165 0.142917
1166 0.145766
1167 0.168058
1168 0.170694
1169 0.173285
1170 0.184868
1171 0.177425
1172 0.161096
1173 0.183252
1174 0.167923
1175 0.165617
1176 0.177163
1177 0.191656
1178 0.201222
1179 0.180371
1180 0.188883
1181 0.186824
1182 0.18369
1183 0.175709
1184 0.159493
1185 0.167066
1186 0.163997
1187 0.166309
1188 0.1793
1189 0.187245
1190 0.192411
1191 0.185332
1192 0.198276
1193 0.185311
1194 0.173327
1195 0.190252
1196 0.193074
1197 0.162948
1198 0.184277
1199 0.179372
1200 0.171348
1201 0.178204
1202 0.169278
1203 0.17249
1204 0.168474
1205 0.156522
1206 0.176209
1207 0.160881
1208 0.159198
1209 0.174628
1210 0.162573
1211 0.170653
1212 0.186934
1213 0.177757
1214 0.152566
1215 0.179439
1216 0.195622
1217 0.16069
1218 0.154893
1219 0.155873
1220 0.159735
1221 0.15167
1222 0.157932
1223 0.159622
1224 0.156363
1225 0.159753
1226 0.167167
1227 0.150799
1228 0.145357
1229 0.161069
1230 0.155304
1231 0.171811
1232 0.165588
1233 0.177995
1234 0.188115
1235 0.16372
1236 0.1778
1237 0.169897
1238 0.150861
1239 0.175572
1240 0.170925
1241 0.159982
1242 0.1653
1243 0.170055
1244 0.182149
1245 0.176839
1246 0.175625
1247 0.186539
1248 0.196274
1249 0.185609
1250 0.18829
1251 0.190107
1252 0.183199
1253 0.1809
1254 0.188202
1255 0.17657
1256 0.175915
1257 0.174928
1258 0.168402
1259 0.17665
1260 0.154549
1261 0.157164
1262 0.179425
1263 0.147861
1264 0.153864
1265 0.176541
1266 0.168322
1267 0.169489
1268 0.163262
1269 0.174352
1270 0.173311
1271 0.155197
1272 0.172926
1273 0.167707
1274 0.154457
1275 0.191939
1276 0.162674
1277 0.167809
1278 0.193535
1279 0.171564
1280 0.173351
1281 0.19969
1282 0.190059
1283 0.177569
1284 0.176946
1285 0.178885
1286 0.169179
1287 0.159721
1288 0.178227
1289 0.167665
1290 0.156557
1291 0.171758
1292 0.178475
1293 0.156764
1294 0.164908
1295 0.16558
1296 0.171164
1297 0.177248
1298 0.174952
1299 0.191413
1300 0.16842
1301 0.191791
1302 0.18191
1303 0.168682
1304 0.170954
1305 0.162075
1306 0.165477
1307 0.155411
1308 0.178728
1309 0.170387
1310 0.158413
1311 0.160996
1312 0.162708
1313 0.158213
1314 0.146222
1315 0.155521
1316 0.168349
1317 0.161576
1318 0.161904
1319 0.175009
1320 0.166682
1321 0.171308
1322 0.175259
1323 0.16777
1324 0.181713
1325 0.166878
1326 0.174237
1327 0.165902
1328 0.158509
1329 0.170852
1330 0.172372
1331 0.18301
1332 0.20507
1333 0.186924
1334 0.186071
1335 0.209615
1336 0.198436
1337 0.17165
1338 0.176244
1339 0.180163
1340 0.169047
1341 0.173608
1342 0.164833
1343 0.169691
1344 0.186262
1345 0.171327
1346 0.162865
1347 0.167675
1348 0.16814
1349 0.182248
1350 0.158985
1351 0.174846
1352 0.171902
1353 0.16383
1354 0.190692
1355 0.171711
1356 0.184903
1357 0.203215
1358 0.186607
1359 0.18178
1360 0.181601
1361 0.182656
1362 0.179651
1363 0.171803
1364 0.175238
1365 0.169097
1366 0.169708
1367 0.16924
1368 0.155071
1369 0.182281
1370 0.163955
1371 0.165238
1372 0.179361
1373 0.172989
1374 0.179963
1375 0.176352
1376 0.175714
1377 0.160729
1378 0.161239
1379 0.160333
1380 0.157889
1381 0.152783
1382 0.176946
1383 0.159792
1384 0.148318
1385 0.179047
1386 0.173562
1387 0.156687
1388 0.176792
1389 0.166703
1390 0.168832
1391 0.178552
1392 0.169708
1393 0.179172
1394 0.167778
1395 0.170317
1396 0.177285
1397 0.173855
1398 0.166269
1399 0.171379
1400 0.165449
1401 0.17878
1402 0.164579
1403 0.14746
1404 0.160142
1405 0.146557
1406 0.144444
1407 0.146064
1408 0.174028
1409 0.165291
1410 0.172976
1411 0.191858
1412 0.179977
1413 0.195934
1414 0.179522
1415 0.178836
1416 0.201554
1417 0.172303
1418 0.198978
1419 0.186881
1420 0.172897
1421 0.196121
1422 0.172923
1423 0.151365
1424 0.16664
1425 0.174918
1426 0.178087
1427 0.160853
1428 0.161346
1429 0.194827
1430 0.17169
1431 0.159452
1432 0.169712
1433 0.167573
1434 0.166732
1435 0.162461
1436 0.184534
1437 0.181227
1438 0.184236
1439 0.179582
1440 0.173655
1441 0.170831
1442 0.170769
1443 0.176832
1444 0.165495
1445 0.168975
1446 0.190756
1447 0.178107
1448 0.154384
1449 0.175517
1450 0.171681
1451 0.183762
1452 0.183076
1453 0.176191
1454 0.181583
1455 0.173389
1456 0.16605
1457 0.173295
1458 0.15403
1459 0.155354
1460 0.168771
1461 0.171589
1462 0.174371
1463 0.185975
1464 0.184877
1465 0.183771
1466 0.167348
1467 0.182291
1468 0.187676
1469 0.155362
1470 0.167612
1471 0.185123
1472 0.163811
1473 0.17812
1474 0.169337
1475 0.155628
1476 0.172992
1477 0.162387
1478 0.173726
1479 0.185402
1480 0.16146
1481 0.187523
1482 0.178707
1483 0.157516
1484 0.182184
1485 0.157094
1486 0.169975
1487 0.169946
1488 0.17887
1489 0.164839
1490 0.140862
1491 0.173514
1492 0.16198
1493 0.143615
1494 0.164818
1495 0.158455
1496 0.162035
1497 0.18684
1498 0.151364
1499 0.1623
1500 0.170246
1501 0.173868
1502 0.159847
1503 0.149313
1504 0.180354
1505 0.181961
1506 0.165937
1507 0.179783
1508 0.196271
1509 0.173324
1510 0.195333
1511 0.202018
1512 0.184933
1513 0.192664
1514 0.189975
1515 0.181854
1516 0.181083
1517 0.193272
1518 0.190485
1519 0.167123
1520 0.16762
1521 0.183989
1522 0.161469
1523 0.149297
1524 0.186767
1525 0.150236
1526 0.169534
1527 0.188784
1528 0.154102
1529 0.170009
1530 0.18125
1531 0.163164
1532 0.15586
1533 0.162467
1534 0.168931
1535 0.158265
1536 0.16405
1537 0.18221
1538 0.178416
1539 0.165072
1540 0.181241
1541 0.199213
1542 0.161107
1543 0.169389
1544 0.190732
1545 0.153397
1546 0.160242
1547 0.187424
1548 0.160231
1549 0.162856
1550 0.181891
1551 0.159266
1552 0.153973
1553 0.159938
1554 0.177465
1555 0.160228
1556 0.149794
1557 0.163121
1558 0.165023
1559 0.172143
1560 0.167657
1561 0.155934
1562 0.161867
1563 0.165372
1564 0.152349
1565 0.149039
1566 0.170266
1567 0.178278
1568 0.161203
1569 0.166347
1570 0.195438
1571 0.158468
1572 0.162444
1573 0.19015
1574 0.173668
1575 0.17756
1576 0.189985
1577 0.188473
1578 0.18101
1579 0.187181
1580 0.187408
1581 0.169176
1582 0.18721
1583 0.18033
1584 0.171217
1585 0.175897
1586 0.188022
1587 0.181646
1588 0.173382
1589 0.188169
1590 0.185391
1591 0.1694
1592 0.169044
1593 0.182739
1594 0.166748
1595 0.173358
1596 0.173037
1597 0.17387
1598 0.173577
1599 0.162194
1600 0.183613
1601 0.148533
1602 0.163519
1603 0.165542
1604 0.151842
1605 0.165574
1606 0.146701
1607 0.156992
1608 0.149105
1609 0.153358
1610 0.149167
1611 0.146017
1612 0.183429
1613 0.165359
1614 0.162779
1615 0.188549
1616 0.175534
1617 0.167357
1618 0.170157
1619 0.17337
1620 0.163339
1621 0.142046
1622 0.16418
1623 0.150332
1624 0.157997
1625 0.16003
1626 0.169618
1627 0.192807
1628 0.167778
1629 0.17284
1630 0.200069
1631 0.174856
1632 0.185776
1633 0.197116
1634 0.18684
1635 0.175757
1636 0.172391
1637 0.156718
1638 0.149544
1639 0.156319
1640 0.156201
1641 0.158699
1642 0.181775
1643 0.185164
1644 0.184015
1645 0.182824
1646 0.193966
1647 0.185875
1648 0.168082
1649 0.164182
1650 0.178272
1651 0.185332
1652 0.16695
1653 0.192674
1654 0.206558
1655 0.176508
1656 0.196284
1657 0.201682
1658 0.188665
1659 0.19753
1660 0.183778
1661 0.195514
1662 0.181146
1663 0.191103
1664 0.186604
1665 0.162882
1666 0.169131
1667 0.183337
1668 0.183397
1669 0.166635
1670 0.186277
1671 0.177888
1672 0.183708
1673 0.183892
1674 0.180442
1675 0.194178
1676 0.178034
1677 0.163756
1678 0.168462
1679 0.17819
1680 0.167589
1681 0.144507
1682 0.167551
1683 0.165879
1684 0.164102
1685 0.171816
1686 0.169286
1687 0.191058
1688 0.190948
1689 0.186884
1690 0.192387
1691 0.1734
1692 0.185749
1693 0.193826
1694 0.170144
1695 0.190247
1696 0.196819
1697 0.173299
1698 0.196624
1699 0.193482
1700 0.159905
1701 0.174468
1702 0.181629
1703 0.170805
1704 0.17801
1705 0.17162
1706 0.175991
1707 0.184417
1708 0.154554
1709 0.164509
1710 0.187333
1711 0.160914
1712 0.187611
1713 0.196651
1714 0.170099
1715 0.176411
1716 0.191227
1717 0.186076
1718 0.170889
1719 0.191293
1720 0.185467
1721 0.158412
1722 0.171604
1723 0.17406
1724 0.177464
1725 0.168189
1726 0.175692
1727 0.192865
1728 0.187025
1729 0.175409
1730 0.184538
1731 0.192652
1732 0.170006
1733 0.174419
1734 0.178262
1735 0.185038
1736 0.188765
1737 0.173094
1738 0.196799
1739 0.193012
1740 0.171462
1741 0.167447
1742 0.175121
1743 0.162787
1744 0.139043
1745 0.176247
1746 0.176604
1747 0.168234
1748 0.185804
1749 0.167499
1750 0.178559
1751 0.17641
1752 0.167133
1753 0.18576
1754 0.18033
1755 0.182102
1756 0.182044
1757 0.171786
1758 0.197731
1759 0.169808
1760 0.144975
1761 0.177122
1762 0.159939
1763 0.150771
1764 0.170607
1765 0.148168
1766 0.149186
1767 0.170132
1768 0.15509
1769 0.16272
1770 0.171543
1771 0.177292
1772 0.172474
1773 0.163825
1774 0.165499
1775 0.147162
1776 0.166294
1777 0.156428
1778 0.138456
1779 0.164805
1780 0.186065
1781 0.163888
1782 0.158131
1783 0.180796
1784 0.180834
1785 0.164755
1786 0.185602
1787 0.188933
1788 0.187044
1789 0.191924
1790 0.180968
1791 0.189927
1792 0.179405
1793 0.152482
1794 0.172277
1795 0.167064
1796 0.150669
1797 0.176037
1798 0.164088
1799 0.166333
1800 0.171944
1801 0.166361
1802 0.185266
1803 0.16522
1804 0.153834
1805 0.158342
1806 0.156416
1807 0.155777
1808 0.153116
1809 0.178351
1810 0.169901
1811 0.167439
1812 0.180315
1813 0.185076
1814 0.186396
1815 0.186242
1816 0.174829
1817 0.191961
1818 0.212222
1819 0.181054
1820 0.187968
1821 0.194496
1822 0.177679
1823 0.169504
1824 0.16645
1825 0.172887
1826 0.176669
1827 0.182066
1828 0.180621
1829 0.172647
1830 0.198293
1831 0.17912
1832 0.149065
1833 0.182891
1834 0.185033
1835 0.154092
1836 0.167718
1837 0.166516
1838 0.158587
1839 0.164338
1840 0.15094
1841 0.157009
1842 0.160544
1843 0.150855
1844 0.164284
1845 0.138284
1846 0.149552
1847 0.159453
1848 0.151279
1849 0.163468
1850 0.161737
1851 0.149078
1852 0.163554
1853 0.186742
1854 0.171376
1855 0.172748
1856 0.177528
1857 0.186063
1858 0.170603
1859 0.187063
1860 0.174483
1861 0.182008
1862 0.207667
1863 0.17821
1864 0.169037
1865 0.189503
1866 0.154952
1867 0.157596
1868 0.180386
1869 0.158959
1870 0.167269
1871 0.177097
1872 0.166865
1873 0.158298
1874 0.151873
1875 0.165381
1876 0.157217
1877 0.147162
1878 0.158403
1879 0.137542
1880 0.135965
1881 0.16283
1882 0.161654
1883 0.143063
1884 0.182444
1885 0.180435
1886 0.165086
1887 0.185454
1888 0.172986
1889 0.182897
1890 0.173212
1891 0.173649
1892 0.190737
1893 0.178241
1894 0.174945
1895 0.176244
1896 0.19501
1897 0.168697
1898 0.189547
1899 0.183654
1900 0.170042
1901 0.181376
1902 0.183361
1903 0.174372
1904 0.175045
1905 0.180769
1906 0.174208
1907 0.193836
1908 0.185163
1909 0.175608
1910 0.174194
1911 0.201123
1912 0.163811
1913 0.148445
1914 0.171141
1915 0.169615
1916 0.17537
1917 0.159038
1918 0.163191
1919 0.163566
1920 0.161212
1921 0.162755
1922 0.162209
1923 0.173835
1924 0.173618
1925 0.18362
1926 0.185841
1927 0.188124
1928 0.1789
1929 0.188094
1930 0.19002
1931 0.167634
1932 0.188981
1933 0.198661
1934 0.174903
1935 0.201851
1936 0.18225
1937 0.172211
1938 0.194761
1939 0.169318
1940 0.17995
1941 0.187827
1942 0.163084
1943 0.188868
1944 0.185451
1945 0.165488
1946 0.189651
1947 0.167224
1948 0.17451
1949 0.168699
1950 0.151842
1951 0.158596
1952 0.147935
1953 0.167866
1954 0.151459
1955 0.163725
1956 0.17284
1957 0.159375
1958 0.184786
1959 0.163072
1960 0.162207
1961 0.163294
1962 0.176729
1963 0.183979
1964 0.156086
1965 0.192318
1966 0.177862
1967 0.155557
1968 0.166505
1969 0.150848
1970 0.161473
1971 0.163813
1972 0.16715
1973 0.189476
1974 0.194201
1975 0.208284
1976 0.206699
1977 0.187709
1978 0.201197
1979 0.182639
1980 0.199462
1981 0.196012
1982 0.171885
1983 0.182388
1984 0.159907
1985 0.170685
1986 0.156273
1987 0.152855
1988 0.148463
1989 0.169226
1990 0.191987
1991 0.159156
1992 0.178048
1993 0.175398
1994 0.171739
1995 0.169729
1996 0.161377
1997 0.174643
1998 0.180035
1999 0.165241
2000 0.181896
2001 0.199683
2002 0.184465
2003 0.179429
2004 0.200815
2005 0.193555
2006 0.184215
2007 0.174198
2008 0.169223
2009 0.176645
2010 0.168482
2011 0.163988
2012 0.168915
2013 0.166172
2014 0.162239
2015 0.185832
2016 0.17233
2017 0.168452
2018 0.181091
2019 0.164762
2020 0.176484
2021 0.161263
2022 0.158287
2023 0.161293
2024 0.147502
2025 0.179265
2026 0.185462
2027 0.163887
2028 0.197517
2029 0.206501
2030 0.170443
2031 0.171168
2032 0.1852
2033 0.16623
2034 0.164577
2035 0.162811
2036 0.17761
2037 0.195663
2038 0.154472
2039 0.149873
2040 0.148623
2041 0.165935
2042 0.149099
2043 0.137841
2044 0.182162
2045 0.164866
2046 0.14648
2047 0.189847
2048 0.186311
2049 0.157661
2050 0.174638
2051 0.196281
2052 0.180107
2053 0.164094
2054 0.177725
2055 0.178653
2056 0.156979
2057 0.170213
2058 0.172144
2059 0.154146
2060 0.18623
2061 0.172255
2062 0.174281
2063 0.187565
2064 0.182607
2065 0.170278
2066 0.173941
2067 0.185158
2068 0.175278
2069 0.168268
2070 0.164288
2071 0.167535
2072 0.162139
2073 0.152401
2074 0.133374
2075 0.14292
2076 0.125371
2077 0.137691
2078 0.14954
2079 0.16056
2080 0.153309
2081 0.159256
2082 0.169551
2083 0.169472
2084 0.176529
2085 0.161787
2086 0.169749
2087 0.192429
2088 0.180007
2089 0.169469
2090 0.179469
2091 0.161163
2092 0.152171
2093 0.176348
2094 0.151468
2095 0.143194
2096 0.182606
2097 0.182493
2098 0.163312
2099 0
