0 -3.91654
1 0.111716
2 3.21117
3 1.59878
4 5.00179
5 11.3977
6 11.7221
7 4.74709
8 -5.17711
9 -7.39277
10 -25.6806
11 -18.5243
12 -26.7077
13 -8.05646
14 -2.95695
15 0.200806
16 -3.89122
17 0.439639
18 -1.43334
19 -0.44943
20 0.0873824
21 0.119301
22 -0.000825175
23 0.189129
24 0.174297
25 0.171369
26 0.174921
27 0.163573
28 0.16023
29 0.155502
30 0.175292
31 0.16559
32 0.188524
33 0.171234
34 0.177603
35 0.176084
36 0.192793
37 0.197702
38 0.190134
39 0.183144
40 0.17231
41 0.19388
42 0.200612
43 0.179776
44 0.170701
45 0.179601
46 0.178056
47 0.178374
48 0.185161
49 0.190661
50 0.16932
51 0.169961
52 0.172533
53 0.179621
54 0.170961
55 0.162764
56 0.167798
57 0.194212
58 0.188397
59 0.199899
60 0.18668
61 0.20167
62 0.168945
63 0.191117
64 0.198846
65 0.17726
66 0.17046
67 0.189676
68 0.187478
69 0.155953
70 0.160332
71 0.193755
72 0.197072
73 0.166996
74 0.188989
75 0.193658
76 0.184405
77 0.179334
78 0.195339
79 0.175258
80 0.155673
81 0.174499
82 0.180973
83 0.184635
84 0.171646
85 0.179429
86 0.193082
87 0.196214
88 0.17541
89 0.193999
90 0.204845
91 0.175215
92 0.171832
93 0.182784
94 0.180782
95 0.177603
96 0.166328
97 0.186977
98 0.163033
99 0.18276
100 0.168791
101 0.17212
102 0.173427
103 0.172414
104 0.185331
105 0.18822
106 0.182505
107 0.171112
108 0.19066
109 0.206991
110 0.171334
111 0.167181
112 0.182767
113 0.17268
114 0.169835
115 0.177964
116 0.16536
117 0.177326
118 0.197083
119 0.20224
120 0.155286
121 0.17252
122 0.177166
123 0.164572
124 0.143207
125 0.177523
126 0.168715
127 0.163966
128 0.166547
129 0.180852
130 0.173026
131 0.186235
132 0.178877
133 0.183937
134 0.16838
135 0.158274
136 0.15164
137 0.176101
138 0.170517
139 0.170572
140 0.155528
141 0.158893
142 0.182661
143 0.19412
144 0.170593
145 0.17853
146 0.199955
147 0.174669
148 0.158123
149 0.189117
150 0.202253
151 0.179002
152 0.166905
153 0.196475
154 0.212278
155 0.193985
156 0.192954
157 0.208763
158 0.191679
159 0.176382
160 0.169067
161 0.181291
162 0.150387
163 0.156314
164 0.165105
165 0.149928
166 0.141423
167 0.168833
168 0.167458
169 0.163143
170 0.155234
171 0.190973
172 0.15803
173 0.180272
174 0.166421
175 0.160988
176 0.15911
177 0.165493
178 0.166034
179 0.155489
180 0.166554
181 0.167126
182 0.170292
183 0.168537
184 0.173626
185 0.154708
186 0.165993
187 0.158192
188 0.168199
189 0.153728
190 0.163982
191 0.175223
192 0.183513
193 0.148175
194 0.158133
195 0.173121
196 0.157462
197 0.157669
198 0.187661
199 0.191548
200 0.170549
201 0.180805
202 0.185337
203 0.174549
204 0.183553
205 0.18349
206 0.180867
207 0.165679
208 0.180636
209 0.178986
210 0.170863
211 0.169122
212 0.187371
213 0.163843
214 0.170303
215 0.158315
216 0.174738
217 0.165872
218 0.162612
219 0.176732
220 0.188647
221 0.180884
222 0.156752
223 0.204284
224 0.183175
225 0.162226
226 0.170687
227 0.197083
228 0.183012
229 0.164177
230 0.177978
231 0.169778
232 0.189952
233 0.182727
234 0.172573
235 0.155415
236 0.172988
237 0.176806
238 0.177939
239 0.170947
240 0.158167
241 0.166804
242 0.164848
243 0.181694
244 0.170634
245 0.170024
246 0.168302
247 0.166304
248 0.17863
249 0.18964
250 0.191523
251 0.177585
252 0.176002
253 0.196064
254 0.187641
255 0.185439
256 0.173525
257 0.173131
258 0.171685
259 0.16474
260 0.170781
261 0.159924
262 0.159157
263 0.160589
264 0.180385
265 0.180228
266 0.182099
267 0.18465
268 0.177251
269 0.193855
270 0.197126
271 0.191189
272 0.185959
273 0.175355
274 0.181456
275 0.173084
276 0.184746
277 0.160991
278 0.155279
279 0.148902
280 0.163914
281 0.175801
282 0.158905
283 0.17117
284 0.166956
285 0.17739
286 0.190952
287 0.211572
288 0.173169
289 0.170659
290 0.166105
291 0.194728
292 0.177011
293 0.151148
294 0.146604
295 0.162886
296 0.154826
297 0.159398
298 0.166373
299 0.155739
300 0.162153
301 0.176888
302 0.179515
303 0.176246
304 0.162765
305 0.1938
306 0.178009
307 0.187313
308 0.156743
309 0.179219
310 0.167852
311 0.173027
312 0.166377
313 0.157209
314 0.151946
315 0.161328
316 0.179269
317 0.161849
318 0.167512
319 0.178913
320 0.192138
321 0.177352
322 0.167255
323 0.174598
324 0.197304
325 0.188877
326 0.169334
327 0.150782
328 0.166136
329 0.156027
330 0.16072
331 0.169094
332 0.15142
333 0.149589
334 0.15964
335 0.166558
336 0.172608
337 0.163261
338 0.180761
339 0.185991
340 0.174129
341 0.182704
342 0.18736
343 0.188464
344 0.169653
345 0.155713
346 0.171394
347 0.174883
348 0.173257
349 0.160448
350 0.160426
351 0.163256
352 0.177404
353 0.179242
354 0.177821
355 0.169475
356 0.163365
357 0.194082
358 0.186333
359 0.192539
360 0.175497
361 0.195033
362 0.166078
363 0.171328
364 0.176168
365 0.18498
366 0.16181
367 0.148985
368 0.170239
369 0.168946
370 0.149341
371 0.155174
372 0.154724
373 0.149437
374 0.166943
375 0.180494
376 0.180711
377 0.16259
378 0.161606
379 0.178525
380 0.205536
381 0.166581
382 0.159283
383 0.173218
384 0.172621
385 0.163896
386 0.168314
387 0.183876
388 0.157309
389 0.16787
390 0.180055
391 0.168419
392 0.169917
393 0.173009
394 0.155007
395 0.158852
396 0.162784
397 0.200621
398 0.167082
399 0.146997
400 0.155268
401 0.177762
402 0.165552
403 0.162333
404 0.192114
405 0.187821
406 0.182352
407 0.17469
408 0.182045
409 0.172401
410 0.189193
411 0.168697
412 0.162921
413 0.151255
414 0.181687
415 0.165162
416 0.162849
417 0.146541
418 0.173581
419 0.178212
420 0.169851
421 0.174465
422 0.174463
423 0.200257
424 0.181489
425 0.176262
426 0.158198
427 0.185403
428 0.175381
429 0.169591
430 0.165679
431 0.179094
432 0.175688
433 0.200782
434 0.196946
435 0.182262
436 0.165488
437 0.189605
438 0.197772
439 0.180413
440 0.15591
441 0.164188
442 0.17193
443 0.174513
444 0.170995
445 0.164087
446 0.180965
447 0.174219
448 0.17974
449 0.156018
450 0.178474
451 0.192061
452 0.183955
453 0.154547
454 0.161886
455 0.202966
456 0.194948
457 0.152923
458 0.172229
459 0.178918
460 0.179832
461 0.154266
462 0.165482
463 0.178928
464 0.178806
465 0.159915
466 0.163695
467 0.15967
468 0.181373
469 0.164476
470 0.173228
471 0.164222
472 0.171069
473 0.175766
474 0.156913
475 0.174957
476 0.179344
477 0.2077
478 0.187397
479 0.172068
480 0.168053
481 0.209014
482 0.194488
483 0.170231
484 0.153268
485 0.160961
486 0.174812
487 0.164024
488 0.158205
489 0.144713
490 0.192453
491 0.173558
492 0.180221
493 0.154578
494 0.198157
495 0.184441
496 0.188049
497 0.168532
498 0.17722
499 0.18115
500 0.196728
501 0.165403
502 0.174948
503 0.170541
504 0.178849
505 0.168349
506 0.152962
507 0.169716
508 0.159721
509 0.144689
510 0.150543
511 0.186971
512 0.176699
513 0.156031
514 0.166642
515 0.183923
516 0.17744
517 0.169767
518 0.171539
519 0.183017
520 0.17133
521 0.179405
522 0.164093
523 0.188087
524 0.17613
525 0.169723
526 0.168716
527 0.172995
528 0.171713
529 0.149846
530 0.182733
531 0.173478
532 0.17047
533 0.148691
534 0.200316
535 0.197801
536 0.168869
537 0.153382
538 0.201197
539 0.185624
540 0.172794
541 0.154928
542 0.17938
543 0.164022
544 0.187704
545 0.186907
546 0.175172
547 0.158735
548 0.199069
549 0.21531
550 0.178156
551 0.165402
552 0.195152
553 0.183079
554 0.178202
555 0.167367
556 0.176777
557 0.176725
558 0.198206
559 0.191303
560 0.17984
561 0.161915
562 0.194858
563 0.17949
564 0.178542
565 0.188675
566 0.207302
567 0.197132
568 0.182432
569 0.176241
570 0.19398
571 0.210976
572 0.191369
573 0.160768
574 0.180297
575 0.18476
576 0.189228
577 0.171293
578 0.180246
579 0.175364
580 0.170992
581 0.167022
582 0.191637
583 0.205684
584 0.179625
585 0.166388
586 0.178995
587 0.209222
588 0.186334
589 0.170083
590 0.167381
591 0.172715
592 0.180578
593 0.162608
594 0.148987
595 0.165473
596 0.199713
597 0.179756
598 0.161233
599 0.173249
600 0.166731
601 0.168919
602 0.16453
603 0.157543
604 0.157414
605 0.162342
606 0.171142
607 0.166814
608 0.17385
609 0.179019
610 0.19108
611 0.182113
612 0.177388
613 0.168581
614 0.19674
615 0.177134
616 0.172133
617 0.16814
618 0.171691
619 0.166155
620 0.171101
621 0.171797
622 0.175217
623 0.16513
624 0.163212
625 0.171069
626 0.174256
627 0.16409
628 0.163177
629 0.171602
630 0.159709
631 0.179531
632 0.172637
633 0.150594
634 0.14708
635 0.165949
636 0.14832
637 0.15648
638 0.166193
639 0.170209
640 0.15817
641 0.180334
642 0.176359
643 0.172665
644 0.163756
645 0.172621
646 0.169144
647 0.180829
648 0.160581
649 0.161768
650 0.162193
651 0.182945
652 0.170251
653 0.18254
654 0.167005
655 0.192675
656 0.173912
657 0.197857
658 0.17773
659 0.198759
660 0.179286
661 0.199364
662 0.183319
663 0.175859
664 0.191239
665 0.180384
666 0.197529
667 0.179154
668 0.197341
669 0.184015
670 0.206642
671 0.176165
672 0.180784
673 0.19346
674 0.199656
675 0.176151
676 0.187174
677 0.168409
678 0.17075
679 0.159474
680 0.163897
681 0.165749
682 0.158926
683 0.159233
684 0.174965
685 0.177219
686 0.172228
687 0.160194
688 0.168526
689 0.189567
690 0.181337
691 0.166777
692 0.14833
693 0.165479
694 0.166261
695 0.165638
696 0.172694
697 0.170743
698 0.163857
699 0.169417
700 0.186382
701 0.179314
702 0.187443
703 0.157902
704 0.176472
705 0.174157
706 0.169285
707 0.158411
708 0.164695
709 0.184742
710 0.170799
711 0.190081
712 0.170573
713 0.193546
714 0.173231
715 0.17527
716 0.18714
717 0.201334
718 0.181739
719 0.165078
720 0.171818
721 0.17213
722 0.1747
723 0.160981
724 0.149574
725 0.1534
726 0.169432
727 0.174984
728 0.163637
729 0.164836
730 0.193292
731 0.2033
732 0.174994
733 0.168362
734 0.199278
735 0.197149
736 0.190557
737 0.175118
738 0.195142
739 0.19975
740 0.189209
741 0.175187
742 0.185814
743 0.19016
744 0.202281
745 0.172405
746 0.190878
747 0.182984
748 0.185922
749 0.16284
750 0.186111
751 0.170864
752 0.160097
753 0.16522
754 0.17727
755 0.165206
756 0.178529
757 0.172263
758 0.161752
759 0.161867
760 0.179516
761 0.184494
762 0.156908
763 0.150704
764 0.166735
765 0.179312
766 0.173074
767 0.171941
768 0.163141
769 0.16962
770 0.177002
771 0.171359
772 0.161955
773 0.170615
774 0.185498
775 0.181262
776 0.183187
777 0.180657
778 0.184361
779 0.169595
780 0.18111
781 0.183705
782 0.174995
783 0.173046
784 0.166201
785 0.167835
786 0.180702
787 0.184326
788 0.164844
789 0.165261
790 0.17497
791 0.195604
792 0.178403
793 0.161322
794 0.161946
795 0.179488
796 0.173732
797 0.164545
798 0.149157
799 0.159524
800 0.18739
801 0.182828
802 0.161053
803 0.165903
804 0.172087
805 0.17163
806 0.165187
807 0.156578
808 0.185949
809 0.173199
810 0.178662
811 0.174682
812 0.179964
813 0.172698
814 0.209724
815 0.208375
816 0.191989
817 0.182156
818 0.180469
819 0.178725
820 0.208281
821 0.188912
822 0.193581
823 0.168633
824 0.170214
825 0.16516
826 0.16053
827 0.155836
828 0.149063
829 0.154222
830 0.167496
831 0.173526
832 0.181061
833 0.187155
834 0.194828
835 0.190629
836 0.201772
837 0.184299
838 0.176106
839 0.172942
840 0.166335
841 0.179153
842 0.177512
843 0.176463
844 0.154584
845 0.196895
846 0.184822
847 0.20125
848 0.161877
849 0.160015
850 0.15496
851 0.177654
852 0.166176
853 0.16716
854 0.149887
855 0.184377
856 0.174095
857 0.168725
858 0.15539
859 0.174295
860 0.166613
861 0.168438
862 0.160172
863 0.182394
864 0.179665
865 0.18265
866 0.159897
867 0.172045
868 0.174263
869 0.176774
870 0.170174
871 0.174802
872 0.171776
873 0.187319
874 0.210354
875 0.213849
876 0.174366
877 0.171219
878 0.189998
879 0.172713
880 0.17809
881 0.164258
882 0.161893
883 0.167273
884 0.17451
885 0.163976
886 0.170717
887 0.174544
888 0.171414
889 0.191152
890 0.168096
891 0.184287
892 0.174209
893 0.202106
894 0.188269
895 0.186937
896 0.166727
897 0.175919
898 0.188328
899 0.192105
900 0.168946
901 0.173982
902 0.191069
903 0.179044
904 0.161315
905 0.164721
906 0.163399
907 0.155735
908 0.145946
909 0.158288
910 0.144931
911 0.170086
912 0.150669
913 0.191712
914 0.163369
915 0.164482
916 0.161843
917 0.191619
918 0.169909
919 0.147639
920 0.158765
921 0.182225
922 0.168576
923 0.148036
924 0.143843
925 0.157677
926 0.168658
927 0.168799
928 0.161648
929 0.159656
930 0.182847
931 0.200204
932 0.191965
933 0.182258
934 0.187929
935 0.177504
936 0.183167
937 0.169496
938 0.18693
939 0.174875
940 0.184976
941 0.184518
942 0.169504
943 0.203324
944 0.183611
945 0.192722
946 0.186856
947 0.187498
948 0.165542
949 0.192043
950 0.1921
951 0.187015
952 0.163529
953 0.194151
954 0.173344
955 0.167629
956 0.149352
957 0.185006
958 0.16984
959 0.167322
960 0.161474
961 0.18692
962 0.186406
963 0.177731
964 0.167924
965 0.189882
966 0.183252
967 0.170924
968 0.164696
969 0.161719
970 0.157126
971 0.177453
972 0.179838
973 0.157642
974 0.159409
975 0.170433
976 0.190143
977 0.182406
978 0.186791
979 0.166548
980 0.174355
981 0.177683
982 0.174203
983 0.163878
984 0.183062
985 0.17829
986 0.175544
987 0.178107
988 0.183986
989 0.182557
990 0.187726
991 0.203771
992 0.196884
993 0.180984
994 0.167231
995 0.172886
996 0.18994
997 0.177572
998 0.177475
999 0.161086
1000 0.172797
1001 0.157369
1002 0.196127
1003 0.19157
1004 0.188216
1005 0.180461
1006 0.178365
1007 0.173725
1008 0.202795
1009 0.18853
1010 0.187752
1011 0.179963
1012 0.17898
1013 0.182992
1014 0.169119
1015 0.179083
1016 0.165253
1017 0.168423
1018 0.157696
1019 0.162471
1020 0.179306
1021 0.164129
1022 0.157444
1023 0.168241
1024 0.188998
1025 0.195986
1026 0.181253
1027 0.166792
1028 0.161719
1029 0.192981
1030 0.190865
1031 0.18034
1032 0.167578
1033 0.193292
1034 0.187089
1035 0.194387
1036 0.177284
1037 0.207676
1038 0.201179
1039 0.189267
1040 0.174678
1041 0.212813
1042 0.187721
1043 0.186818
1044 0.173743
1045 0.168206
1046 0.152112
1047 0.160489
1048 0.153028
1049 0.16236
1050 0.163844
1051 0.146736
1052 0.14817
1053 0.162658
1054 0.182181
1055 0.156861
1056 0.162985
1057 0.166379
1058 0.165896
1059 0.167333
1060 0.173516
1061 0.170977
1062 0.156124
1063 0.16947
1064 0.167983
1065 0.186337
1066 0.177231
1067 0.167474
1068 0.185878
1069 0.192952
1070 0.172773
1071 0.170882
1072 0.180805
1073 0.177821
1074 0.167576
1075 0.168824
1076 0.168229
1077 0.180805
1078 0.166568
1079 0.162656
1080 0.148936
1081 0.158891
1082 0.151747
1083 0.182894
1084 0.159901
1085 0.173731
1086 0.1662
1087 0.183454
1088 0.175856
1089 0.194389
1090 0.167482
1091 0.193725
1092 0.170627
1093 0.192074
1094 0.164378
1095 0.166767
1096 0.169557
1097 0.187633
1098 0.176968
1099 0.160196
1100 0.160444
1101 0.159312
1102 0.150904
1103 0.149877
1104 0.155158
1105 0.168706
1106 0.170137
1107 0.148599
1108 0.172533
1109 0.185178
1110 0.195591
1111 0.180981
1112 0.176933
1113 0.158891
1114 0.193716
1115 0.210404
1116 0.197723
1117 0.164308
1118 0.201074
1119 0.201237
1120 0.192114
1121 0.19119
1122 0.180593
1123 0.198894
1124 0.189685
1125 0.201756
1126 0.195263
1127 0.182337
1128 0.21714
1129 0.199883
1130 0.204747
1131 0.168251
1132 0.195534
1133 0.190293
1134 0.165855
1135 0.154482
1136 0.157993
1137 0.175565
1138 0.162596
1139 0.158814
1140 0.156329
1141 0.185263
1142 0.166147
1143 0.173042
1144 0.181563
1145 0.192181
1146 0.193321
1147 0.174787
1148 0.197747
1149 0.174805
1150 0.173132
1151 0.184336
1152 0.210334
1153 0.180794
1154 0.177848
1155 0.184503
1156 0.213802
1157 0.212411
1158 0.198398
1159 0.186182
1160 0.173732
1161 0.18156
1162 0.158075
1163 0.147852
1164 0.154639
1165 0.14807
1166 0.151895
1167 0.1583
1168 0.17755
1169 0.167505
1170 0.173274
1171 0.175978
1172 0.168526
1173 0.184257
1174 0.189579
1175 0.170516
1176 0.166914
1177 0.19358
1178 0.208786
1179 0.199785
1180 0.179734
1181 0.176355
1182 0.188493
1183 0.180664
1184 0.168112
1185 0.171439
1186 0.168725
1187 0.186937
1188 0.164571
1189 0.188513
1190 0.186517
1191 0.19895
1192 0.193379
1193 0.195835
1194 0.175633
1195 0.193209
1196 0.204372
1197 0.174642
1198 0.18368
1199 0.18026
1200 0.196466
1201 0.173858
1202 0.172065
1203 0.166894
1204 0.16844
1205 0.165505
1206 0.181099
1207 0.174119
1208 0.166629
1209 0.15743
1210 0.167238
1211 0.17016
1212 0.201543
1213 0.201822
1214 0.165689
1215 0.176886
1216 0.192424
1217 0.190211
1218 0.155756
1219 0.161031
1220 0.163439
1221 0.16808
1222 0.163875
1223 0.161868
1224 0.155547
1225 0.157967
1226 0.181641
1227 0.166675
1228 0.162055
1229 0.147773
1230 0.166563
1231 0.167652
1232 0.177181
1233 0.176196
1234 0.179867
1235 0.176413
1236 0.176826
1237 0.172025
1238 0.167896
1239 0.165527
1240 0.176382
1241 0.16619
1242 0.152335
1243 0.168361
1244 0.186149
1245 0.192835
1246 0.172615
1247 0.170908
1248 0.192208
1249 0.187272
1250 0.198063
1251 0.187765
1252 0.197082
1253 0.175848
1254 0.193266
1255 0.16979
1256 0.188832
1257 0.169781
1258 0.177123
1259 0.169869
1260 0.164007
1261 0.161804
1262 0.183491
1263 0.159847
1264 0.154952
1265 0.158091
1266 0.183124
1267 0.175097
1268 0.163768
1269 0.166956
1270 0.181641
1271 0.167886
1272 0.175252
1273 0.164896
1274 0.159669
1275 0.169864
1276 0.167165
1277 0.176477
1278 0.18038
1279 0.184819
1280 0.16778
1281 0.192365
1282 0.201461
1283 0.187787
1284 0.166007
1285 0.179098
1286 0.176789
1287 0.172417
1288 0.171136
1289 0.175011
1290 0.155843
1291 0.15645
1292 0.17965
1293 0.174409
1294 0.171696
1295 0.156093
1296 0.184261
1297 0.166213
1298 0.189681
1299 0.181154
1300 0.180044
1301 0.183955
1302 0.177835
1303 0.177015
1304 0.159829
1305 0.16595
1306 0.166813
1307 0.159593
1308 0.171044
1309 0.170158
1310 0.168927
1311 0.154689
1312 0.186256
1313 0.162999
1314 0.151285
1315 0.151178
1316 0.185273
1317 0.177933
1318 0.162544
1319 0.161013
1320 0.178985
1321 0.190144
1322 0.17839
1323 0.172744
1324 0.159077
1325 0.175087
1326 0.168273
1327 0.182455
1328 0.169339
1329 0.170002
1330 0.170288
1331 0.186113
1332 0.194743
1333 0.192597
1334 0.18761
1335 0.192479
1336 0.218828
1337 0.176796
1338 0.175034
1339 0.182013
1340 0.209505
1341 0.182595
1342 0.167534
1343 0.16031
1344 0.178494
1345 0.188104
1346 0.181421
1347 0.165439
1348 0.170497
1349 0.182033
1350 0.166163
1351 0.16951
1352 0.1686
1353 0.1826
1354 0.175857
1355 0.178548
1356 0.18629
1357 0.193713
1358 0.199686
1359 0.185623
1360 0.181474
1361 0.18777
1362 0.189147
1363 0.171549
1364 0.173982
1365 0.163425
1366 0.180099
1367 0.169848
1368 0.164586
1369 0.180731
1370 0.159987
1371 0.178153
1372 0.157327
1373 0.189806
1374 0.170333
1375 0.189778
1376 0.169966
1377 0.16968
1378 0.154946
1379 0.17518
1380 0.166487
1381 0.158322
1382 0.160051
1383 0.160493
1384 0.156847
1385 0.171174
1386 0.188434
1387 0.162503
1388 0.161123
1389 0.163388
1390 0.175771
1391 0.172785
1392 0.190558
1393 0.172879
1394 0.170648
1395 0.162112
1396 0.181607
1397 0.194301
1398 0.177062
1399 0.170904
1400 0.15715
1401 0.181017
1402 0.167603
1403 0.171094
1404 0.148067
1405 0.164163
1406 0.144253
1407 0.158754
1408 0.167754
1409 0.181533
1410 0.162801
1411 0.187311
1412 0.177904
1413 0.208384
1414 0.181981
1415 0.196418
1416 0.182367
1417 0.187083
1418 0.181486
1419 0.189769
1420 0.170118
1421 0.191356
1422 0.19907
1423 0.164121
1424 0.153614
1425 0.166208
1426 0.194121
1427 0.175181
1428 0.15978
1429 0.169979
1430 0.176738
1431 0.163479
1432 0.159411
1433 0.171875
1434 0.1745
1435 0.167439
1436 0.172456
1437 0.17951
1438 0.190415
1439 0.174946
1440 0.1904
1441 0.177653
1442 0.174348
1443 0.174305
1444 0.159321
1445 0.150681
1446 0.186129
1447 0.195124
1448 0.168558
1449 0.154681
1450 0.164819
1451 0.203204
1452 0.191025
1453 0.179418
1454 0.171857
1455 0.171848
1456 0.169808
1457 0.179968
1458 0.176817
1459 0.160971
1460 0.162958
1461 0.173804
1462 0.175533
1463 0.181132
1464 0.182961
1465 0.184534
1466 0.165614
1467 0.18447
1468 0.194134
1469 0.176303
1470 0.14877
1471 0.175454
1472 0.17854
1473 0.175288
1474 0.155734
1475 0.167338
1476 0.166419
1477 0.182178
1478 0.174811
1479 0.181576
1480 0.155795
1481 0.17913
1482 0.181403
1483 0.184907
1484 0.189255
1485 0.163688
1486 0.169201
1487 0.154692
1488 0.189417
1489 0.172473
1490 0.155428
1491 0.168838
1492 0.177124
1493 0.158165
1494 0.151797
1495 0.163585
1496 0.172581
1497 0.179069
1498 0.161232
1499 0.153387
1500 0.168561
1501 0.186523
1502 0.168361
1503 0.155526
1504 0.162228
1505 0.182505
1506 0.182548
1507 0.174755
1508 0.191459
1509 0.183286
1510 0.196935
1511 0.196429
1512 0.206249
1513 0.176997
1514 0.191765
1515 0.189523
1516 0.178612
1517 0.192043
1518 0.192263
1519 0.174455
1520 0.160096
1521 0.186112
1522 0.175515
1523 0.1719
1524 0.179711
1525 0.164938
1526 0.158925
1527 0.179555
1528 0.174548
1529 0.160531
1530 0.171426
1531 0.170413
1532 0.160151
1533 0.164153
1534 0.173375
1535 0.164303
1536 0.161523
1537 0.195328
1538 0.191757
1539 0.1709
1540 0.18011
1541 0.203466
1542 0.186209
1543 0.173101
1544 0.179622
1545 0.166233
1546 0.164386
1547 0.179831
1548 0.166882
1549 0.167064
1550 0.167708
1551 0.177289
1552 0.161139
1553 0.152816
1554 0.184043
1555 0.173555
1556 0.155588
1557 0.153647
1558 0.175211
1559 0.179579
1560 0.16967
1561 0.152938
1562 0.155099
1563 0.180725
1564 0.165046
1565 0.159782
1566 0.157797
1567 0.181906
1568 0.164898
1569 0.162529
1570 0.178678
1571 0.174676
1572 0.167483
1573 0.178057
1574 0.184404
1575 0.169711
1576 0.174937
1577 0.191391
1578 0.183095
1579 0.190536
1580 0.183876
1581 0.175582
1582 0.180371
1583 0.179067
1584 0.188177
1585 0.16464
1586 0.190786
1587 0.17686
1588 0.185976
1589 0.180322
1590 0.188248
1591 0.171552
1592 0.16505
1593 0.182048
1594 0.177058
1595 0.182007
1596 0.160967
1597 0.190663
1598 0.171872
1599 0.173505
1600 0.173461
1601 0.173173
1602 0.183956
1603 0.158664
1604 0.168619
1605 0.150085
1606 0.162252
1607 0.152455
1608 0.160476
1609 0.153692
1610 0.144167
1611 0.148005
1612 0.179248
1613 0.181869
1614 0.165087
1615 0.174597
1616 0.18152
1617 0.179555
1618 0.161779
1619 0.182549
1620 0.165999
1621 0.154157
1622 0.149271
1623 0.162911
1624 0.166268
1625 0.164174
1626 0.172643
1627 0.178419
1628 0.175148
1629 0.174993
1630 0.188871
1631 0.208136
1632 0.179645
1633 0.198531
1634 0.175446
1635 0.18922
1636 0.174993
1637 0.176494
1638 0.156947
1639 0.163811
1640 0.152237
1641 0.15187
1642 0.184457
1643 0.201008
1644 0.189945
1645 0.172352
1646 0.175857
1647 0.195825
1648 0.180997
1649 0.163471
1650 0.177198
1651 0.18665
1652 0.174187
1653 0.174436
1654 0.199735
1655 0.180231
1656 0.197292
1657 0.204417
1658 0.206912
1659 0.197636
1660 0.174373
1661 0.189766
1662 0.179289
1663 0.202406
1664 0.186434
1665 0.167492
1666 0.154498
1667 0.190732
1668 0.189808
1669 0.172463
1670 0.172918
1671 0.175536
1672 0.190573
1673 0.177749
1674 0.189364
1675 0.190004
1676 0.182938
1677 0.164784
1678 0.170645
1679 0.204341
1680 0.188173
1681 0.152295
1682 0.14595
1683 0.171115
1684 0.189586
1685 0.185762
1686 0.167504
1687 0.174557
1688 0.187556
1689 0.188056
1690 0.189868
1691 0.178062
1692 0.184799
1693 0.190042
1694 0.183365
1695 0.187579
1696 0.19173
1697 0.180447
1698 0.195447
1699 0.196841
1700 0.187696
1701 0.173594
1702 0.193461
1703 0.191892
1704 0.168735
1705 0.163465
1706 0.163729
1707 0.188823
1708 0.172674
1709 0.175503
1710 0.174733
1711 0.160757
1712 0.177942
1713 0.195816
1714 0.190846
1715 0.182973
1716 0.183643
1717 0.204503
1718 0.169444
1719 0.192155
1720 0.184307
1721 0.17604
1722 0.160636
1723 0.185403
1724 0.185493
1725 0.170074
1726 0.155195
1727 0.187702
1728 0.191309
1729 0.187861
1730 0.174578
1731 0.194663
1732 0.176299
1733 0.172923
1734 0.175315
1735 0.199562
1736 0.193758
1737 0.174854
1738 0.183229
1739 0.191909
1740 0.176879
1741 0.165041
1742 0.183562
1743 0.175581
1744 0.150344
1745 0.178209
1746 0.173355
1747 0.182588
1748 0.167832
1749 0.170151
1750 0.174001
1751 0.179643
1752 0.176458
1753 0.183106
1754 0.183234
1755 0.189168
1756 0.165789
1757 0.171861
1758 0.193278
1759 0.182565
1760 0.169016
1761 0.159952
1762 0.161686
1763 0.163608
1764 0.168177
1765 0.164826
1766 0.149071
1767 0.160133
1768 0.167191
1769 0.180494
1770 0.158387
1771 0.181738
1772 0.157026
1773 0.177582
1774 0.156086
1775 0.154607
1776 0.157656
1777 0.168334
1778 0.147803
1779 0.15705
1780 0.187569
1781 0.186002
1782 0.157969
1783 0.178485
1784 0.186663
1785 0.183904
1786 0.178393
1787 0.193368
1788 0.196982
1789 0.191391
1790 0.182133
1791 0.196372
1792 0.180039
1793 0.165703
1794 0.163339
1795 0.173955
1796 0.156431
1797 0.164737
1798 0.170292
1799 0.17512
1800 0.172626
1801 0.17007
1802 0.179474
1803 0.168313
1804 0.16693
1805 0.155192
1806 0.17559
1807 0.152393
1808 0.153965
1809 0.179106
1810 0.18595
1811 0.177015
1812 0.16175
1813 0.174159
1814 0.192634
1815 0.191637
1816 0.169956
1817 0.186131
1818 0.200608
1819 0.191013
1820 0.174598
1821 0.187607
1822 0.178387
1823 0.170999
1824 0.171015
1825 0.17661
1826 0.184765
1827 0.18972
1828 0.17482
1829 0.171834
1830 0.193187
1831 0.197864
1832 0.168808
1833 0.176035
1834 0.184825
1835 0.173603
1836 0.148105
1837 0.175792
1838 0.17784
1839 0.174036
1840 0.144599
1841 0.150318
1842 0.16344
1843 0.158291
1844 0.161303
1845 0.150597
1846 0.148974
1847 0.149646
1848 0.161004
1849 0.158352
1850 0.172924
1851 0.145885
1852 0.172084
1853 0.193195
1854 0.20614
1855 0.1691
1856 0.179894
1857 0.191315
1858 0.191438
1859 0.18694
1860 0.183794
1861 0.18065
1862 0.19212
1863 0.188116
1864 0.166698
1865 0.174077
1866 0.17135
1867 0.170969
1868 0.176102
1869 0.160941
1870 0.153459
1871 0.167781
1872 0.180459
1873 0.166509
1874 0.152039
1875 0.162138
1876 0.159962
1877 0.150311
1878 0.148555
1879 0.147927
1880 0.143401
1881 0.161413
1882 0.169872
1883 0.155025
1884 0.166423
1885 0.176897
1886 0.179968
1887 0.172753
1888 0.181065
1889 0.177658
1890 0.180223
1891 0.182192
1892 0.177962
1893 0.191046
1894 0.170219
1895 0.173063
1896 0.190936
1897 0.177477
1898 0.190235
1899 0.174831
1900 0.180031
1901 0.169091
1902 0.197481
1903 0.182884
1904 0.177241
1905 0.169368
1906 0.175868
1907 0.186988
1908 0.19644
1909 0.179761
1910 0.16348
1911 0.197184
1912 0.188045
1913 0.159926
1914 0.158568
1915 0.174809
1916 0.18122
1917 0.157102
1918 0.163138
1919 0.162171
1920 0.175089
1921 0.156952
1922 0.172578
1923 0.1599
1924 0.187581
1925 0.17977
1926 0.18994
1927 0.181906
1928 0.183972
1929 0.192108
1930 0.200595
1931 0.181779
1932 0.182268
1933 0.179726
1934 0.185296
1935 0.192058
1936 0.188432
1937 0.181815
1938 0.176595
1939 0.185949
1940 0.190621
1941 0.179244
1942 0.171138
1943 0.18749
1944 0.201143
1945 0.186341
1946 0.170007
1947 0.163791
1948 0.17451
1949 0.170741
1950 0.162259
1951 0.152812
1952 0.158491
1953 0.163652
1954 0.157416
1955 0.159989
1956 0.163994
1957 0.179931
1958 0.179468
1959 0.164042
1960 0.161466
1961 0.158119
1962 0.182725
1963 0.185537
1964 0.159322
1965 0.170517
1966 0.178528
1967 0.172202
1968 0.154628
1969 0.171959
1970 0.169793
1971 0.181091
1972 0.168028
1973 0.181128
1974 0.17771
1975 0.200483
1976 0.2088
1977 0.205966
1978 0.194302
1979 0.184016
1980 0.208601
1981 0.187848
1982 0.197156
1983 0.163197
1984 0.163164
1985 0.166608
1986 0.166088
1987 0.164038
1988 0.160339
1989 0.173636
1990 0.179665
1991 0.175978
1992 0.174966
1993 0.165074
1994 0.196756
1995 0.162857
1996 0.17748
1997 0.17758
1998 0.198927
1999 0.164192
2000 0.183409
2001 0.185318
2002 0.213856
2003 0.176818
2004 0.201685
2005 0.196158
2006 0.192295
2007 0.155745
2008 0.167672
2009 0.170856
2010 0.179091
2011 0.166744
2012 0.165049
2013 0.156319
2014 0.156066
2015 0.190412
2016 0.18928
2017 0.1793
2018 0.170567
2019 0.162907
2020 0.176302
2021 0.175011
2022 0.169636
2023 0.156615
2024 0.154488
2025 0.162385
2026 0.181378
2027 0.170095
2028 0.18311
2029 0.198083
2030 0.189893
2031 0.170979
2032 0.179075
2033 0.199823
2034 0.183685
2035 0.166626
2036 0.17871
2037 0.189023
2038 0.186558
2039 0.156549
2040 0.149649
2041 0.18727
2042 0.155207
2043 0.136069
2044 0.17094
2045 0.190415
2046 0.165782
2047 0.165174
2048 0.185969
2049 0.165899
2050 0.172147
2051 0.195249
2052 0.200861
2053 0.160244
2054 0.158275
2055 0.178561
2056 0.172985
2057 0.175788
2058 0.173223
2059 0.164168
2060 0.174534
2061 0.176948
2062 0.187562
2063 0.179579
2064 0.201766
2065 0.167388
2066 0.171909
2067 0.188431
2068 0.201509
2069 0.170525
2070 0.163685
2071 0.162099
2072 0.179327
2073 0.156078
2074 0.153673
2075 0.136139
2076 0.140825
2077 0.140063
2078 0.160933
2079 0.165363
2080 0.156624
2081 0.150848
2082 0.154154
2083 0.184575
2084 0.175873
2085 0.170939
2086 0.159556
2087 0.177095
2088 0.187946
2089 0.173375
2090 0.172689
2091 0.1548
2092 0.162535
2093 0.17828
2094 0.170993
2095 0.14916
2096 0.16248
2097 0.19526
2098 0.179578
2099 0
