0 2.12837
1 2.62017
2 3.9603
3 3.93447
4 3.35839
5 2.67972
6 1.88064
7 1.2095
8 0.532299
9 0.0642422
10 -0.691191
11 -0.918765
12 0.692597
13 1.65301
14 2.27843
15 0.764336
16 0.17874
17 0.250851
18 0.195016
19 0.183958
20 0.200319
21 0.194948
22 0.195997
23 0.193287
24 0.191487
25 0.192139
26 0.194963
27 0.194463
28 0.193031
29 0.192967
30 0.1967
31 0.194471
32 0.194898
33 0.192281
34 0.195581
35 0.19365
36 0.193503
37 0.192198
38 0.19464
39 0.192737
40 0.192803
41 0.192138
42 0.191742
43 0.192768
44 0.192248
45 0.192272
46 0.194939
47 0.196061
48 0.193585
49 0.194149
50 0.192803
51 0.193478
52 0.193075
53 0.194489
54 0.193919
55 0.194943
56 0.194616
57 0.195669
58 0.196919
59 0.196135
60 0.196913
61 0.19441
62 0.192431
63 0.193367
64 0.192155
65 0.193635
66 0.192657
67 0.192972
68 0.19355
69 0.192527
70 0.193526
71 0.194722
72 0.194896
73 0.196099
74 0.19407
75 0.195297
76 0.194496
77 0.194172
78 0.192965
79 0.193124
80 0.193104
81 0.192842
82 0.192228
83 0.193052
84 0.192282
85 0.19467
86 0.192642
87 0.191688
88 0.193028
89 0.196247
90 0.196813
91 0.19408
92 0.19506
93 0.196348
94 0.19613
95 0.193878
96 0.193241
97 0.195077
98 0.193509
99 0.191705
100 0.191957
101 0.191867
102 0.194693
103 0.196768
104 0.193888
105 0.196501
106 0.196016
107 0.194308
108 0.195849
109 0.197002
110 0.197372
111 0.196467
112 0.193987
113 0.193471
114 0.192953
115 0.192877
116 0.191869
117 0.191102
118 0.192085
119 0.193253
120 0.193499
121 0.19395
122 0.192819
123 0.19156
124 0.193227
125 0.193964
126 0.192518
127 0.192344
128 0.194606
129 0.193212
130 0.192825
131 0.193134
132 0.196138
133 0.195886
134 0.197174
135 0.195024
136 0.193582
137 0.192015
138 0.190922
139 0.191132
140 0.191664
141 0.194347
142 0.193636
143 0.192197
144 0.192586
145 0.194078
146 0.192819
147 0.194771
148 0.194497
149 0.195549
150 0.194877
151 0.194842
152 0.19502
153 0.197379
154 0.194716
155 0.193038
156 0.196362
157 0.1929
158 0.192216
159 0.192545
160 0.19321
161 0.192166
162 0.19564
163 0.195212
164 0.19382
165 0.193924
166 0.195656
167 0.194187
168 0.193938
169 0.192376
170 0.191436
171 0.195383
172 0.193815
173 0.192573
174 0.194044
175 0.192598
176 0.192203
177 0.191023
178 0.193738
179 0.192416
180 0.193146
181 0.195722
182 0.196315
183 0.194352
184 0.191988
185 0.192681
186 0.190791
187 0.192117
188 0.192327
189 0.191849
190 0.19295
191 0.194282
192 0.193425
193 0.193166
194 0.194744
195 0.191995
196 0.192493
197 0.191696
198 0.192509
199 0.191807
200 0.193777
201 0.192826
202 0.192527
203 0.192157
204 0.192183
205 0.192265
206 0.191969
207 0.193913
208 0.195395
209 0.193233
210 0.192681
211 0.191946
212 0.193008
213 0.192189
214 0.195354
215 0.19375
216 0.193272
217 0.193939
218 0.194862
219 0.193649
220 0.193784
221 0.192727
222 0.19246
223 0.19489
224 0.193248
225 0.194798
226 0.195487
227 0.193294
228 0.193393
229 0.192862
230 0.192142
231 0.194248
232 0.193782
233 0.194068
234 0.196064
235 0.19435
236 0.194655
237 0.193228
238 0.194039
239 0.19266
240 0.191984
241 0.194273
242 0.193247
243 0.192431
244 0.192051
245 0.192577
246 0.192111
247 0.191339
248 0.19205
249 0.192697
250 0.195867
251 0.197547
252 0.19479
253 0.193421
254 0.194741
255 0.195409
256 0.1963
257 0.195214
258 0.193219
259 0.193301
260 0.196
261 0.196107
262 0.195725
263 0.19383
264 0.195197
265 0.196283
266 0.194804
267 0.195397
268 0.196792
269 0.197994
270 0.196046
271 0.193905
272 0.192501
273 0.19252
274 0.19255
275 0.194704
276 0.194601
277 0.195613
278 0.193703
279 0.195317
280 0.193728
281 0.192251
282 0.195467
283 0.193611
284 0.191621
285 0.191594
286 0.193176
287 0.191749
288 0.195895
289 0.192683
290 0.19489
291 0.193184
292 0.195751
293 0.194223
294 0.195074
295 0.193885
296 0.193513
297 0.192333
298 0.191476
299 0.191094
300 0.194202
301 0.196248
302 0.194615
303 0.192858
304 0.192155
305 0.194631
306 0.192749
307 0.194426
308 0.19615
309 0.193705
310 0.195428
311 0.196433
312 0.194694
313 0.193396
314 0.193129
315 0.192712
316 0.19297
317 0.193236
318 0.193733
319 0.194444
320 0.195395
321 0.196886
322 0.196079
323 0.197675
324 0.196292
325 0.193611
326 0.194879
327 0.195136
328 0.194281
329 0.196788
330 0.197224
331 0.195206
332 0.196064
333 0.198339
334 0.195065
335 0.19523
336 0.192697
337 0.192713
338 0.192313
339 0.193989
340 0.192281
341 0.194278
342 0.19655
343 0.194404
344 0.195537
345 0.194166
346 0.192784
347 0.192207
348 0.190667
349 0.19489
350 0.193949
351 0.1934
352 0.19316
353 0.192715
354 0.191722
355 0.191735
356 0.193805
357 0.192739
358 0.192652
359 0.193609
360 0.192457
361 0.191461
362 0.194131
363 0.192796
364 0.195934
365 0.195323
366 0.196096
367 0.194661
368 0.19521
369 0.193539
370 0.192489
371 0.192504
372 0.192079
373 0.191804
374 0.191872
375 0.19127
376 0.191318
377 0.192607
378 0.193001
379 0.191793
380 0.19371
381 0.192849
382 0.192062
383 0.192195
384 0.191074
385 0.192776
386 0.191208
387 0.19062
388 0.193008
389 0.195093
390 0.193183
391 0.196228
392 0.196915
393 0.196078
394 0.194145
395 0.192846
396 0.192156
397 0.193559
398 0.192337
399 0.193601
400 0.19243
401 0.193957
402 0.19558
403 0.196234
404 0.196213
405 0.19595
406 0.19571
407 0.19765
408 0.194488
409 0.196627
410 0.197578
411 0.198152
412 0.197082
413 0.194649
414 0.192769
415 0.195157
416 0.195024
417 0.194638
418 0.193397
419 0.193341
420 0.193907
421 0.193033
422 0.192101
423 0.195431
424 0.193405
425 0.193211
426 0.192298
427 0.191884
428 0.191375
429 0.192359
430 0.192303
431 0.194836
432 0.194948
433 0.197109
434 0.194361
435 0.194666
436 0.193184
437 0.192158
438 0.19376
439 0.192755
440 0.196294
441 0.196141
442 0.195283
443 0.192864
444 0.191773
445 0.190863
446 0.19006
447 0.191756
448 0.195086
449 0.192633
450 0.192056
451 0.193555
452 0.192534
453 0.191575
454 0.192644
455 0.194696
456 0.193219
457 0.192956
458 0.19569
459 0.193635
460 0.193673
461 0.193171
462 0.191868
463 0.192797
464 0.195234
465 0.196427
466 0.194692
467 0.193354
468 0.196307
469 0.192982
470 0.196153
471 0.195166
472 0.193061
473 0.193301
474 0.192768
475 0.196003
476 0.193279
477 0.192276
478 0.192007
479 0.194016
480 0.194208
481 0.194905
482 0.194587
483 0.193071
484 0.19265
485 0.195881
486 0.194671
487 0.194142
488 0.193941
489 0.193381
490 0.194633
491 0.19626
492 0.19715
493 0.194351
494 0.193541
495 0.195614
496 0.195343
497 0.195153
498 0.193661
499 0.193439
500 0.192414
501 0.192219
502 0.191363
503 0.195299
504 0.193148
505 0.193871
506 0.192861
507 0.195732
508 0.193266
509 0.192898
510 0.19126
511 0.191988
512 0.191521
513 0.195511
514 0.194156
515 0.19522
516 0.195764
517 0.194812
518 0.194679
519 0.194342
520 0.193422
521 0.192744
522 0.192051
523 0.1915
524 0.19436
525 0.195133
526 0.196233
527 0.193857
528 0.193336
529 0.191909
530 0.192573
531 0.191706
532 0.190937
533 0.192768
534 0.193581
535 0.19308
536 0.194131
537 0.19582
538 0.194662
539 0.195635
540 0.193719
541 0.196126
542 0.193435
543 0.192371
544 0.194961
545 0.193479
546 0.19236
547 0.191328
548 0.191693
549 0.195719
550 0.193426
551 0.192719
552 0.192693
553 0.19672
554 0.193586
555 0.192587
556 0.192664
557 0.191973
558 0.192989
559 0.191725
560 0.194492
561 0.192901
562 0.195044
563 0.196697
564 0.194344
565 0.195437
566 0.193569
567 0.19562
568 0.194393
569 0.196633
570 0.193946
571 0.192666
572 0.193985
573 0.193702
574 0.195944
575 0.19456
576 0.196699
577 0.19591
578 0.197676
579 0.194406
580 0.192747
581 0.193393
582 0.193683
583 0.19305
584 0.194894
585 0.194061
586 0.193082
587 0.193796
588 0.194701
589 0.195463
590 0.193412
591 0.192383
592 0.192857
593 0.192437
594 0.193056
595 0.192105
596 0.192404
597 0.191495
598 0.191044
599 0.193325
600 0.192943
601 0.193654
602 0.194159
603 0.19333
604 0.192687
605 0.191715
606 0.191273
607 0.194545
608 0.192561
609 0.193714
610 0.191709
611 0.191773
612 0.192374
613 0.194941
614 0.193853
615 0.192939
616 0.191481
617 0.193069
618 0.192466
619 0.191277
620 0.190949
621 0.193243
622 0.193528
623 0.193863
624 0.192439
625 0.193952
626 0.19251
627 0.19179
628 0.193563
629 0.193207
630 0.194969
631 0.195117
632 0.193315
633 0.194325
634 0.193323
635 0.192352
636 0.191778
637 0.192134
638 0.191186
639 0.190299
640 0.190924
641 0.190387
642 0.191857
643 0.192983
644 0.192342
645 0.192548
646 0.193742
647 0.192361
648 0.192076
649 0.191737
650 0.193621
651 0.192714
652 0.194698
653 0.194505
654 0.194455
655 0.193001
656 0.196822
657 0.196794
658 0.194173
659 0.192644
660 0.19214
661 0.193441
662 0.192675
663 0.192219
664 0.191923
665 0.194184
666 0.193099
667 0.192714
668 0.194098
669 0.192502
670 0.195405
671 0.193951
672 0.192488
673 0.193602
674 0.19593
675 0.193528
676 0.193417
677 0.195468
678 0.195461
679 0.19561
680 0.193746
681 0.194977
682 0.193892
683 0.192634
684 0.193486
685 0.193744
686 0.193602
687 0.195752
688 0.197154
689 0.196054
690 0.193508
691 0.193925
692 0.194276
693 0.194541
694 0.193209
695 0.194999
696 0.194426
697 0.193667
698 0.195394
699 0.19406
700 0.194324
701 0.193237
702 0.193843
703 0.192424
704 0.192192
705 0.195709
706 0.194098
707 0.192895
708 0.192522
709 0.192409
710 0.192874
711 0.192176
712 0.193796
713 0.19443
714 0.192494
715 0.191344
716 0.190557
717 0.19052
718 0.192621
719 0.194243
720 0.193182
721 0.192641
722 0.191785
723 0.194189
724 0.193068
725 0.192745
726 0.19196
727 0.191312
728 0.193921
729 0.19382
730 0.195965
731 0.193723
732 0.193804
733 0.193393
734 0.194836
735 0.192581
736 0.194786
737 0.193915
738 0.195367
739 0.194089
740 0.192698
741 0.194341
742 0.193291
743 0.191981
744 0.1915
745 0.191723
746 0.194164
747 0.193994
748 0.19495
749 0.193727
750 0.195304
751 0.195374
752 0.196307
753 0.194496
754 0.193101
755 0.194525
756 0.196011
757 0.194358
758 0.195909
759 0.197694
760 0.196693
761 0.194907
762 0.1977
763 0.196038
764 0.195315
765 0.193489
766 0.191754
767 0.192267
768 0.19401
769 0.195164
770 0.196816
771 0.195148
772 0.193586
773 0.195859
774 0.196518
775 0.193889
776 0.193112
777 0.194956
778 0.193319
779 0.192674
780 0.195405
781 0.195449
782 0.194289
783 0.192458
784 0.195454
785 0.19535
786 0.193753
787 0.195965
788 0.193751
789 0.196514
790 0.194182
791 0.192989
792 0.192687
793 0.192766
794 0.19242
795 0.192005
796 0.191364
797 0.193482
798 0.195315
799 0.197057
800 0.194241
801 0.192921
802 0.193536
803 0.196387
804 0.194339
805 0.196361
806 0.193637
807 0.192297
808 0.194406
809 0.19287
810 0.192568
811 0.19273
812 0.19416
813 0.192684
814 0.193425
815 0.191906
816 0.191357
817 0.192926
818 0.194465
819 0.196199
820 0.194184
821 0.194687
822 0.196518
823 0.196027
824 0.193732
825 0.195807
826 0.195097
827 0.192995
828 0.194005
829 0.192393
830 0.192241
831 0.195059
832 0.193867
833 0.192052
834 0.19144
835 0.191468
836 0.191749
837 0.195228
838 0.194962
839 0.193209
840 0.193854
841 0.192088
842 0.194797
843 0.194848
844 0.195185
845 0.193563
846 0.192147
847 0.192739
848 0.192933
849 0.195254
850 0.193645
851 0.194726
852 0.193152
853 0.193429
854 0.192271
855 0.19303
856 0.194082
857 0.194668
858 0.19389
859 0.196778
860 0.194136
861 0.193883
862 0.19357
863 0.192193
864 0.196019
865 0.195395
866 0.196711
867 0.19438
868 0.193036
869 0.196048
870 0.194111
871 0.192747
872 0.192003
873 0.194494
874 0.192977
875 0.192555
876 0.192326
877 0.195323
878 0.192981
879 0.193124
880 0.193714
881 0.196789
882 0.198346
883 0.194819
884 0.194945
885 0.192988
886 0.196497
887 0.193584
888 0.191569
889 0.191467
890 0.195263
891 0.192672
892 0.194804
893 0.193155
894 0.191664
895 0.195867
896 0.195703
897 0.193878
898 0.193115
899 0.191212
900 0.191151
901 0.193625
902 0.196299
903 0.194358
904 0.194979
905 0.197409
906 0.198568
907 0.195336
908 0.193641
909 0.194664
910 0.194885
911 0.1943
912 0.196927
913 0.193767
914 0.192565
915 0.193588
916 0.193131
917 0.192619
918 0.194973
919 0.194504
920 0.194257
921 0.19358
922 0.193033
923 0.195265
924 0.193809
925 0.191717
926 0.191483
927 0.194201
928 0.193055
929 0.195003
930 0.194676
931 0.193462
932 0.19502
933 0.192896
934 0.192284
935 0.19371
936 0.193983
937 0.193884
938 0.195316
939 0.193298
940 0.193105
941 0.194476
942 0.19332
943 0.194808
944 0.194388
945 0.194467
946 0.194975
947 0.196345
948 0.197321
949 0.197118
950 0.19466
951 0.193412
952 0.194195
953 0.19591
954 0.193699
955 0.192675
956 0.195935
957 0.193025
958 0.193739
959 0.193744
960 0.195173
961 0.193402
962 0.192473
963 0.194654
964 0.19306
965 0.195227
966 0.19727
967 0.193458
968 0.193697
969 0.192734
970 0.191959
971 0.191485
972 0.192101
973 0.194406
974 0.192597
975 0.193543
976 0.196453
977 0.193876
978 0.196832
979 0.195438
980 0.194216
981 0.19622
982 0.194706
983 0.192456
984 0.191748
985 0.194408
986 0.193863
987 0.193611
988 0.195276
989 0.197417
990 0.197108
991 0.194457
992 0.192329
993 0.196538
994 0.195379
995 0.193565
996 0.193153
997 0.194668
998 0.193592
999 0.193703
1000 0.193326
1001 0.192668
1002 0.192132
1003 0.191959
1004 0.191212
1005 0.190871
1006 0.190675
1007 0.193039
1008 0.19152
1009 0.19326
1010 0.194086
1011 0.194615
1012 0.19551
1013 0.196244
1014 0.195959
1015 0.194096
1016 0.193563
1017 0.192892
1018 0.193194
1019 0.193861
1020 0.19273
1021 0.192048
1022 0.194798
1023 0.194578
1024 0.195169
1025 0.195483
1026 0.193458
1027 0.196262
1028 0.194215
1029 0.192405
1030 0.191978
1031 0.194224
1032 0.192935
1033 0.196024
1034 0.196011
1035 0.197346
1036 0.197018
1037 0.195233
1038 0.195401
1039 0.193473
1040 0.192417
1041 0.194696
1042 0.193009
1043 0.195463
1044 0.19362
1045 0.196534
1046 0.195948
1047 0.194638
1048 0.19327
1049 0.192665
1050 0.191806
1051 0.191125
1052 0.19424
1053 0.192246
1054 0.191605
1055 0.191646
1056 0.192844
1057 0.195328
1058 0.194891
1059 0.193777
1060 0.19419
1061 0.194215
1062 0.196434
1063 0.195104
1064 0.194896
1065 0.195713
1066 0.193623
1067 0.196445
1068 0.196042
1069 0.19394
1070 0.195115
1071 0.193153
1072 0.19213
1073 0.191452
1074 0.191947
1075 0.192102
1076 0.192034
1077 0.194329
1078 0.195246
1079 0.19498
1080 0.193856
1081 0.192633
1082 0.192517
1083 0.191248
1084 0.194755
1085 0.194992
1086 0.195587
1087 0.196698
1088 0.196226
1089 0.195635
1090 0.195305
1091 0.194002
1092 0.192836
1093 0.195323
1094 0.195869
1095 0.193939
1096 0.192913
1097 0.195355
1098 0.195016
1099 0.192713
1100 0.193024
1101 0.191951
1102 0.192437
1103 0.191833
1104 0.191207
1105 0.190636
1106 0.192535
1107 0.195402
1108 0.196098
1109 0.196898
1110 0.196599
1111 0.193951
1112 0.193104
1113 0.193138
1114 0.192476
1115 0.192437
1116 0.191847
1117 0.191555
1118 0.190989
1119 0.194245
1120 0.192868
1121 0.193312
1122 0.191964
1123 0.194015
1124 0.193993
1125 0.192477
1126 0.195006
1127 0.195521
1128 0.196668
1129 0.193897
1130 0.194754
1131 0.196366
1132 0.193428
1133 0.197068
1134 0.194631
1135 0.192501
1136 0.196559
1137 0.195572
1138 0.193776
1139 0.192327
1140 0.192368
1141 0.196278
1142 0.194824
1143 0.195328
1144 0.19309
1145 0.193056
1146 0.192364
1147 0.194271
1148 0.19267
1149 0.191197
1150 0.192507
1151 0.191399
1152 0.191532
1153 0.193958
1154 0.193841
1155 0.195774
1156 0.194035
1157 0.193157
1158 0.19226
1159 0.194973
1160 0.193164
1161 0.192874
1162 0.195613
1163 0.193837
1164 0.194866
1165 0.196239
1166 0.195837
1167 0.194875
1168 0.197651
1169 0.195718
1170 0.194696
1171 0.192702
1172 0.192712
1173 0.193866
1174 0.192088
1175 0.191661
1176 0.194027
1177 0.196341
1178 0.19437
1179 0.193285
1180 0.191798
1181 0.191517
1182 0.191625
1183 0.194829
1184 0.193609
1185 0.194329
1186 0.195718
1187 0.193834
1188 0.192631
1189 0.191614
1190 0.192723
1191 0.192207
1192 0.193661
1193 0.196144
1194 0.194205
1195 0.192974
1196 0.193368
1197 0.19214
1198 0.191738
1199 0.191386
1200 0.191644
1201 0.194124
1202 0.195697
1203 0.193773
1204 0.193524
1205 0.194801
1206 0.196121
1207 0.195255
1208 0.19406
1209 0.192522
1210 0.192218
1211 0.191543
1212 0.191874
1213 0.191718
1214 0.193158
1215 0.19375
1216 0.194964
1217 0.194416
1218 0.192401
1219 0.195599
1220 0.1965
1221 0.193883
1222 0.192174
1223 0.195748
1224 0.193425
1225 0.194072
1226 0.193964
1227 0.194501
1228 0.196244
1229 0.19398
1230 0.194454
1231 0.194896
1232 0.193054
1233 0.196094
1234 0.193239
1235 0.192173
1236 0.193433
1237 0.192489
1238 0.192191
1239 0.191998
1240 0.195288
1241 0.195581
1242 0.196165
1243 0.195726
1244 0.193952
1245 0.193463
1246 0.195759
1247 0.193615
1248 0.193603
1249 0.192104
1250 0.19259
1251 0.191892
1252 0.193678
1253 0.193479
1254 0.192303
1255 0.191493
1256 0.190701
1257 0.1908
1258 0.192242
1259 0.194069
1260 0.192867
1261 0.192756
1262 0.192675
1263 0.194221
1264 0.193336
1265 0.196104
1266 0.194048
1267 0.194435
1268 0.192557
1269 0.191661
1270 0.190851
1271 0.190768
1272 0.194048
1273 0.192358
1274 0.191863
1275 0.190867
1276 0.191267
1277 0.191481
1278 0.191252
1279 0.192339
1280 0.192078
1281 0.194112
1282 0.192286
1283 0.191633
1284 0.191941
1285 0.192662
1286 0.192701
1287 0.192363
1288 0.191569
1289 0.194464
1290 0.194635
1291 0.193859
1292 0.196059
1293 0.195646
1294 0.194217
1295 0.194195
1296 0.196446
1297 0.19363
1298 0.19354
1299 0.192256
1300 0.191708
1301 0.19203
1302 0.192065
1303 0.192516
1304 0.192443
1305 0.192718
1306 0.192242
1307 0.191624
1308 0.194989
1309 0.196667
1310 0.195703
1311 0.196033
1312 0.194728
1313 0.196526
1314 0.195236
1315 0.193105
1316 0.192317
1317 0.192126
1318 0.193784
1319 0.19496
1320 0.193616
1321 0.192865
1322 0.194616
1323 0.192042
1324 0.192307
1325 0.195778
1326 0.193373
1327 0.192677
1328 0.192112
1329 0.195931
1330 0.194597
1331 0.195576
1332 0.193764
1333 0.191944
1334 0.192546
1335 0.192009
1336 0.192713
1337 0.191782
1338 0.191502
1339 0.191766
1340 0.19326
1341 0.193378
1342 0.193824
1343 0.193428
1344 0.192638
1345 0.192004
1346 0.193665
1347 0.192449
1348 0.190894
1349 0.190692
1350 0.192703
1351 0.192077
1352 0.193246
1353 0.192446
1354 0.194226
1355 0.195381
1356 0.1933
1357 0.194149
1358 0.194569
1359 0.194608
1360 0.194974
1361 0.194607
1362 0.195269
1363 0.193249
1364 0.192224
1365 0.19315
1366 0.192128
1367 0.192969
1368 0.192109
1369 0.191471
1370 0.19511
1371 0.1949
1372 0.194096
1373 0.192832
1374 0.193674
1375 0.195901
1376 0.194418
1377 0.195444
1378 0.193468
1379 0.19282
1380 0.196145
1381 0.195948
1382 0.193396
1383 0.196076
1384 0.197266
1385 0.195223
1386 0.193848
1387 0.192555
1388 0.193073
1389 0.192745
1390 0.195402
1391 0.19557
1392 0.193324
1393 0.193822
1394 0.194117
1395 0.196219
1396 0.196937
1397 0.194869
1398 0.197409
1399 0.194151
1400 0.194266
1401 0.192724
1402 0.193436
1403 0.192223
1404 0.195532
1405 0.195151
1406 0.195457
1407 0.195121
1408 0.193995
1409 0.194322
1410 0.192718
1411 0.194434
1412 0.193705
1413 0.192579
1414 0.192789
1415 0.193092
1416 0.195164
1417 0.194922
1418 0.194288
1419 0.193149
1420 0.193766
1421 0.193471
1422 0.19646
1423 0.194309
1424 0.196158
1425 0.19559
1426 0.194019
1427 0.19284
1428 0.192004
1429 0.19279
1430 0.191817
1431 0.194303
1432 0.194389
1433 0.19473
1434 0.19499
1435 0.194483
1436 0.195187
1437 0.197297
1438 0.197495
1439 0.197006
1440 0.198126
1441 0.195583
1442 0.193415
1443 0.196083
1444 0.193955
1445 0.192238
1446 0.192123
1447 0.193236
1448 0.191727
1449 0.191101
1450 0.190434
1451 0.191564
1452 0.191423
1453 0.191323
1454 0.195614
1455 0.194093
1456 0.192621
1457 0.192187
1458 0.191382
1459 0.191193
1460 0.190762
1461 0.191188
1462 0.191066
1463 0.193763
1464 0.194431
1465 0.194204
1466 0.192581
1467 0.191516
1468 0.191531
1469 0.192712
1470 0.192091
1471 0.191769
1472 0.192407
1473 0.191278
1474 0.193076
1475 0.193533
1476 0.192561
1477 0.194014
1478 0.19287
1479 0.193898
1480 0.192885
1481 0.193241
1482 0.191681
1483 0.191745
1484 0.191815
1485 0.191757
1486 0.193537
1487 0.1921
1488 0.19151
1489 0.194084
1490 0.192201
1491 0.192084
1492 0.191856
1493 0.194956
1494 0.193371
1495 0.195825
1496 0.195712
1497 0.194333
1498 0.197695
1499 0.195309
1500 0.196832
1501 0.195466
1502 0.195603
1503 0.194765
1504 0.193822
1505 0.19387
1506 0.192509
1507 0.190957
1508 0.192562
1509 0.191816
1510 0.194121
1511 0.196117
1512 0.193213
1513 0.19685
1514 0.193253
1515 0.192021
1516 0.192619
1517 0.195296
1518 0.195208
1519 0.195633
1520 0.194343
1521 0.194382
1522 0.193295
1523 0.192161
1524 0.190936
1525 0.190342
1526 0.193212
1527 0.195066
1528 0.194526
1529 0.19456
1530 0.194838
1531 0.194886
1532 0.193064
1533 0.192199
1534 0.193463
1535 0.192421
1536 0.191695
1537 0.190981
1538 0.190445
1539 0.190957
1540 0.192729
1541 0.191305
1542 0.190719
1543 0.193106
1544 0.195099
1545 0.193277
1546 0.192442
1547 0.195755
1548 0.194109
1549 0.196368
1550 0.19479
1551 0.192345
1552 0.194201
1553 0.192377
1554 0.193561
1555 0.193252
1556 0.192964
1557 0.193116
1558 0.192584
1559 0.193065
1560 0.192367
1561 0.195601
1562 0.19382
1563 0.192064
1564 0.192302
1565 0.193
1566 0.192191
1567 0.193194
1568 0.194336
1569 0.192787
1570 0.195619
1571 0.195673
1572 0.195984
1573 0.193606
1574 0.195568
1575 0.193088
1576 0.192099
1577 0.192999
1578 0.192477
1579 0.191641
1580 0.192625
1581 0.195022
1582 0.193468
1583 0.192419
1584 0.193858
1585 0.193669
1586 0.19351
1587 0.193837
1588 0.194796
1589 0.19508
1590 0.193517
1591 0.192407
1592 0.192679
1593 0.194208
1594 0.195708
1595 0.192953
1596 0.194564
1597 0.193885
1598 0.19412
1599 0.193112
1600 0.194107
1601 0.19382
1602 0.194527
1603 0.19318
1604 0.192609
1605 0.191385
1606 0.193857
1607 0.192629
1608 0.192037
1609 0.192266
1610 0.193961
1611 0.19456
1612 0.19284
1613 0.191923
1614 0.191199
1615 0.190939
1616 0.191557
1617 0.190442
1618 0.19336
1619 0.19381
1620 0.19315
1621 0.19571
1622 0.194424
1623 0.196689
1624 0.195102
1625 0.193549
1626 0.193121
1627 0.192636
1628 0.194536
1629 0.192534
1630 0.192064
1631 0.191919
1632 0.191447
1633 0.193148
1634 0.192496
1635 0.192719
1636 0.192812
1637 0.196214
1638 0.194122
1639 0.192531
1640 0.19238
1641 0.191919
1642 0.195207
1643 0.194265
1644 0.194138
1645 0.195989
1646 0.195237
1647 0.193956
1648 0.195491
1649 0.194371
1650 0.193474
1651 0.193083
1652 0.196072
1653 0.194987
1654 0.192771
1655 0.191643
1656 0.191386
1657 0.19145
1658 0.192899
1659 0.194527
1660 0.194246
1661 0.194531
1662 0.194301
1663 0.193001
1664 0.191633
1665 0.191498
1666 0.191136
1667 0.191303
1668 0.192199
1669 0.193882
1670 0.195146
1671 0.193597
1672 0.195433
1673 0.195257
1674 0.19318
1675 0.192206
1676 0.192083
1677 0.195501
1678 0.194364
1679 0.194672
1680 0.193359
1681 0.196629
1682 0.196053
1683 0.194341
1684 0.195574
1685 0.19338
1686 0.192191
1687 0.19195
1688 0.194044
1689 0.195618
1690 0.19301
1691 0.192091
1692 0.190951
1693 0.192313
1694 0.19155
1695 0.195482
1696 0.192177
1697 0.191219
1698 0.191298
1699 0.19116
1700 0.191472
1701 0.191531
1702 0.191191
1703 0.190946
1704 0.191054
1705 0.193812
1706 0.196198
1707 0.193723
1708 0.193478
1709 0.194345
1710 0.192925
1711 0.192694
1712 0.193946
1713 0.19469
1714 0.195697
1715 0.195735
1716 0.197666
1717 0.194765
1718 0.192962
1719 0.193001
1720 0.19216
1721 0.192307
1722 0.193153
1723 0.195495
1724 0.195494
1725 0.194442
1726 0.193447
1727 0.19634
1728 0.1936
1729 0.193596
1730 0.194035
1731 0.192866
1732 0.193311
1733 0.193007
1734 0.191975
1735 0.195135
1736 0.193064
1737 0.193027
1738 0.1922
1739 0.191201
1740 0.194019
1741 0.195849
1742 0.196387
1743 0.196828
1744 0.195886
1745 0.196773
1746 0.193394
1747 0.192221
1748 0.190885
1749 0.190418
1750 0.194248
1751 0.194742
1752 0.193499
1753 0.192216
1754 0.191843
1755 0.191534
1756 0.19188
1757 0.193319
1758 0.194735
1759 0.19302
1760 0.191926
1761 0.194218
1762 0.193102
1763 0.192633
1764 0.191862
1765 0.194162
1766 0.194551
1767 0.193503
1768 0.192834
1769 0.192607
1770 0.19214
1771 0.191981
1772 0.194325
1773 0.192357
1774 0.191735
1775 0.191773
1776 0.19142
1777 0.191514
1778 0.192243
1779 0.194367
1780 0.196653
1781 0.194124
1782 0.192946
1783 0.192629
1784 0.192746
1785 0.192211
1786 0.193165
1787 0.193463
1788 0.193853
1789 0.193037
1790 0.193281
1791 0.195023
1792 0.195955
1793 0.193874
1794 0.193817
1795 0.194318
1796 0.193233
1797 0.192191
1798 0.194599
1799 0.193573
1800 0.192569
1801 0.193675
1802 0.19528
1803 0.193107
1804 0.195096
1805 0.196277
1806 0.1957
1807 0.194847
1808 0.195533
1809 0.196017
1810 0.193967
1811 0.192285
1812 0.191912
1813 0.19203
1814 0.190857
1815 0.194546
1816 0.192518
1817 0.191948
1818 0.193425
1819 0.193151
1820 0.193452
1821 0.192571
1822 0.191574
1823 0.193609
1824 0.192826
1825 0.195522
1826 0.19524
1827 0.195702
1828 0.195538
1829 0.195024
1830 0.192891
1831 0.191524
1832 0.192113
1833 0.194931
1834 0.192304
1835 0.192125
1836 0.19407
1837 0.195845
1838 0.193066
1839 0.192344
1840 0.193522
1841 0.197236
1842 0.19429
1843 0.193579
1844 0.192443
1845 0.194873
1846 0.193607
1847 0.196085
1848 0.19396
1849 0.195836
1850 0.19518
1851 0.193718
1852 0.195544
1853 0.197546
1854 0.19619
1855 0.197746
1856 0.194776
1857 0.194907
1858 0.195506
1859 0.195359
1860 0.195018
1861 0.193828
1862 0.192033
1863 0.193677
1864 0.192305
1865 0.194425
1866 0.194541
1867 0.195217
1868 0.19617
1869 0.194208
1870 0.194464
1871 0.195038
1872 0.194243
1873 0.192257
1874 0.190986
1875 0.189678
1876 0.189258
1877 0.191499
1878 0.192809
1879 0.192527
1880 0.193132
1881 0.194374
1882 0.192906
1883 0.195476
1884 0.196745
1885 0.195649
1886 0.193678
1887 0.196178
1888 0.193999
1889 0.192341
1890 0.195412
1891 0.195567
1892 0.193735
1893 0.193492
1894 0.192416
1895 0.191568
1896 0.193359
1897 0.19227
1898 0.191652
1899 0.191076
1900 0.194613
1901 0.19274
1902 0.191544
1903 0.193298
1904 0.195623
1905 0.192537
1906 0.191896
1907 0.191709
1908 0.191502
1909 0.192363
1910 0.191928
1911 0.192149
1912 0.194371
1913 0.196271
1914 0.197378
1915 0.193998
1916 0.196387
1917 0.193726
1918 0.192185
1919 0.191047
1920 0.194076
1921 0.193241
1922 0.191836
1923 0.191249
1924 0.190583
1925 0.193029
1926 0.194947
1927 0.193408
1928 0.195443
1929 0.194587
1930 0.193848
1931 0.195602
1932 0.194149
1933 0.192662
1934 0.193151
1935 0.192291
1936 0.19167
1937 0.191076
1938 0.195481
1939 0.195075
1940 0.193619
1941 0.19597
1942 0.193496
1943 0.196562
1944 0.193615
1945 0.192589
1946 0.194771
1947 0.192604
1948 0.192907
1949 0.193528
1950 0.192649
1951 0.193735
1952 0.193768
1953 0.196356
1954 0.19579
1955 0.19331
1956 0.192426
1957 0.192547
1958 0.193881
1959 0.193682
1960 0.194919
1961 0.192874
1962 0.194042
1963 0.194584
1964 0.193579
1965 0.193622
1966 0.193317
1967 0.192962
1968 0.19593
1969 0.197011
1970 0.196076
1971 0.197459
1972 0.196358
1973 0.196623
1974 0.194217
1975 0.195413
1976 0.193923
1977 0.193205
1978 0.194675
1979 0.193124
1980 0.191529
1981 0.190728
1982 0.195314
1983 0.19378
1984 0.193932
1985 0.192436
1986 0.194992
1987 0.196115
1988 0.197805
1989 0.194494
1990 0.193326
1991 0.192296
1992 0.191627
1993 0.194729
1994 0.195498
1995 0.19386
1996 0.194553
1997 0.194425
1998 0.19427
1999 0.195201
2000 0.19314
2001 0.191494
2002 0.190694
2003 0.190384
2004 0.190688
2005 0.192375
2006 0.191317
2007 0.192718
2008 0.191815
2009 0.191657
2010 0.193235
2011 0.195258
2012 0.193855
2013 0.19497
2014 0.194489
2015 0.193476
2016 0.195109
2017 0.192263
2018 0.193824
2019 0.192247
2020 0.19543
2021 0.193396
2022 0.193724
2023 0.195668
2024 0.193705
2025 0.193841
2026 0.192776
2027 0.194789
2028 0.194973
2029 0.193736
2030 0.193788
2031 0.19206
2032 0.191866
2033 0.192635
2034 0.194836
2035 0.19477
2036 0.193636
2037 0.193771
2038 0.191859
2039 0.191112
2040 0.191909
2041 0.192948
2042 0.193462
2043 0.194889
2044 0.193117
2045 0.194426
2046 0.193348
2047 0.196027
2048 0.195075
2049 0.195517
2050 0.193206
2051 0.192304
2052 0.191927
2053 0.19378
2054 0.195077
2055 0.193669
2056 0.192355
2057 0.194503
2058 0.192651
2059 0.194145
2060 0.195544
2061 0.194615
2062 0.192255
2063 0.194262
2064 0.192523
2065 0.191254
2066 0.19177
2067 0.191746
2068 0.192615
2069 0.191932
2070 0.191478
2071 0.191714
2072 0.191783
2073 0.193549
2074 0.194392
2075 0.192357
2076 0.193212
2077 0.194797
2078 0.192868
2079 0.195407
2080 0.19637
2081 0.193744
2082 0.192528
2083 0.193636
2084 0.192211
2085 0.195201
2086 0.194287
2087 0.193405
2088 0.194592
2089 0.195192
2090 0.194922
2091 0.195383
2092 0.194244
2093 0.194027
2094 0.196485
2095 0.196756
2096 0.195559
2097 0.194945
2098 0.194833
2099 0
