0 -19.0089
1 -6.05334
2 -20.9494
3 -28.3651
4 -30.6345
5 -32.224
6 -34.2637
7 -25.0753
8 -21.7923
9 -7.76879
10 0.410068
11 -0.390217
12 -0.0851457
13 0.105075
14 0.327008
15 0.325227
16 0.497202
17 0.301009
18 0.444466
19 0.275665
20 0.359155
21 0.435628
22 0.398157
23 0.341334
24 0.38627
25 0.399781
26 0.488359
27 0.463252
28 0.410873
29 0.373965
30 0.333392
31 0.434796
32 0.370387
33 0.289647
34 0.276501
35 0.263558
36 0.385888
37 0.489033
38 0.345197
39 0.36384
40 0.469557
41 0.563301
42 0.541537
43 0.611633
44 0.536667
45 0.555856
46 0.528683
47 0.524761
48 0.331697
49 0.304531
50 0.477344
51 0.342335
52 0.398613
53 0.436724
54 0.28062
55 0.425448
56 0.379665
57 0.352993
58 0.387349
59 0.238912
60 0.178387
61 0.181862
62 0.366814
63 0.251801
64 0.36444
65 0.325523
66 0.284121
67 0.294977
68 0.348366
69 0.509096
70 0.366816
71 0.317258
72 0.410461
73 0.424305
74 0.351135
75 0.254903
76 0.229865
77 0.255302
78 0.324192
79 0.237563
80 0.366493
81 0.447702
82 0.41162
83 0.508688
84 0.379103
85 0.480452
86 0.360609
87 0.33673
88 0.28256
89 0.2009
90 0.32241
91 0.301457
92 0.360455
93 0.264539
94 0.245734
95 0.348035
96 0.300043
97 0.256282
98 0.235616
99 0.34233
100 0.231373
101 0.208182
102 0.287025
103 0.457556
104 0.301768
105 0.232746
106 0.400867
107 0.346859
108 0.232935
109 0.240942
110 0.265164
111 0.288492
112 0.206719
113 0.245309
114 0.241684
115 0.404592
116 0.505544
117 0.539982
118 0.441957
119 0.331203
120 0.451159
121 0.322295
122 0.469725
123 0.376623
124 0.367521
125 0.365467
126 0.418375
127 0.40053
128 0.495941
129 0.480648
130 0.403712
131 0.390919
132 0.350953
133 0.344913
134 0.40787
135 0.322472
136 0.284586
137 0.46491
138 0.552861
139 0.468257
140 0.478192
141 0.525771
142 0.473539
143 0.300231
144 0.32669
145 0.246426
146 0.233217
147 0.426014
148 0.388389
149 0.4338
150 0.302548
151 0.379357
152 0.376108
153 0.440303
154 0.324865
155 0.377723
156 0.382881
157 0.397668
158 0.457895
159 0.516825
160 0.416648
161 0.278146
162 0.279784
163 0.244001
164 0.365059
165 0.453759
166 0.558993
167 0.528322
168 0.433576
169 0.35733
170 0.448359
171 0.479998
172 0.348266
173 0.37863
174 0.355154
175 0.313245
176 0.460927
177 0.296312
178 0.487244
179 0.488811
180 0.5915
181 0.428097
182 0.345189
183 0.484921
184 0.291566
185 0.426201
186 0.269737
187 0.423733
188 0.490862
189 0.436118
190 0.420271
191 0.544117
192 0.466274
193 0.544635
194 0.491724
195 0.411485
196 0.467634
197 0.287145
198 0.268971
199 0.195862
200 0.202022
201 0.370623
202 0.436131
203 0.446291
204 0.421276
205 0.470861
206 0.339721
207 0.244136
208 0.228612
209 0.429786
210 0.523512
211 0.303891
212 0.50912
213 0.436888
214 0.364127
215 0.3529
216 0.499419
217 0.311567
218 0.431101
219 0.475267
220 0.301492
221 0.500139
222 0.445804
223 0.312495
224 0.493059
225 0.407254
226 0.394858
227 0.459332
228 0.381991
229 0.264886
230 0.446755
231 0.500161
232 0.323767
233 0.439042
234 0.425311
235 0.506257
236 0.499126
237 0.591437
238 0.38092
239 0.470274
240 0.536482
241 0.396232
242 0.38044
243 0.266687
244 0.272734
245 0.293232
246 0.236538
247 0.468726
248 0.441117
249 0.296122
250 0.475543
251 0.396693
252 0.53642
253 0.375564
254 0.375073
255 0.305376
256 0.312469
257 0.378423
258 0.389754
259 0.36359
260 0.448615
261 0.503554
262 0.428125
263 0.305143
264 0.346435
265 0.386929
266 0.279446
267 0.492001
268 0.553151
269 0.368007
270 0.480105
271 0.424729
272 0.326295
273 0.341979
274 0.435619
275 0.495965
276 0.567454
277 0.418622
278 0.263649
279 0.488269
280 0.289185
281 0.479744
282 0.518661
283 0.310976
284 0.528817
285 0.3126
286 0.479708
287 0.394276
288 0.502545
289 0.489184
290 0.412022
291 0.544819
292 0.573801
293 0.559666
294 0.397394
295 0.48339
296 0.385516
297 0.463478
298 0.34891
299 0.382395
300 0.512883
301 0.44281
302 0.483489
303 0.408986
304 0.375524
305 0.24526
306 0.385593
307 0.473035
308 0.407873
309 0.451963
310 0.543665
311 0.58946
312 0.437262
313 0.273437
314 0.250901
315 0.250086
316 0.372621
317 0.416081
318 0.550969
319 0.350253
320 0.481057
321 0.409118
322 0.367184
323 0.522897
324 0.355411
325 0.449222
326 0.406679
327 0.443501
328 0.450792
329 0.446942
330 0.369891
331 0.415983
332 0.384777
333 0.380581
334 0.310515
335 0.363241
336 0.234448
337 0.365495
338 0.429951
339 0.344681
340 0.334337
341 0.314414
342 0.392374
343 0.423739
344 0.420702
345 0.302657
346 0.262662
347 0.292129
348 0.465396
349 0.354
350 0.481518
351 0.343803
352 0.432488
353 0.533463
354 0.322952
355 0.517517
356 0.289471
357 0.360675
358 0.43538
359 0.546021
360 0.439152
361 0.466614
362 0.497581
363 0.333129
364 0.325755
365 0.402688
366 0.276592
367 0.342044
368 0.249412
369 0.398918
370 0.469965
371 0.312942
372 0.389576
373 0.247175
374 0.20896
375 0.250215
376 0.346566
377 0.351799
378 0.429494
379 0.50807
380 0.564362
381 0.522939
382 0.495985
383 0.388306
384 0.246221
385 0.321487
386 0.367091
387 0.271151
388 0.320673
389 0.315703
390 0.472005
391 0.464464
392 0.331061
393 0.293077
394 0.384866
395 0.416594
396 0.363763
397 0.248776
398 0.340628
399 0.368341
400 0.43053
401 0.373853
402 0.48035
403 0.501696
404 0.367736
405 0.437648
406 0.474556
407 0.308137
408 0.498024
409 0.493822
410 0.567336
411 0.466007
412 0.46283
413 0.529196
414 0.509363
415 0.501169
416 0.52742
417 0.394897
418 0.546091
419 0.498133
420 0.577597
421 0.381763
422 0.25624
423 0.408034
424 0.242394
425 0.248181
426 0.319051
427 0.243027
428 0.460095
429 0.386078
430 0.55266
431 0.369876
432 0.278951
433 0.314556
434 0.482768
435 0.515814
436 0.364866
437 0.544902
438 0.522344
439 0.372013
440 0.390799
441 0.466899
442 0.527669
443 0.504051
444 0.558213
445 0.554772
446 0.432388
447 0.338035
448 0.301287
449 0.396678
450 0.286334
451 0.361654
452 0.423177
453 0.466026
454 0.279379
455 0.2472
456 0.236534
457 0.292274
458 0.275368
459 0.392796
460 0.521307
461 0.513146
462 0.318045
463 0.479166
464 0.537281
465 0.453432
466 0.584415
467 0.60231
468 0.469045
469 0.456594
470 0.465781
471 0.333501
472 0.455326
473 0.343916
474 0.521742
475 0.514251
476 0.602075
477 0.571845
478 0.510905
479 0.60882
480 0.327123
481 0.46085
482 0.501722
483 0.543981
484 0.49469
485 0.352937
486 0.49207
487 0.504344
488 0.529934
489 0.365466
490 0.287359
491 0.457804
492 0.418625
493 0.266191
494 0.415974
495 0.281021
496 0.413414
497 0.380675
498 0.288711
499 0.299438
500 0.26082
501 0.3709
502 0.401323
503 0.43997
504 0.289495
505 0.49958
506 0.561787
507 0.532527
508 0.344697
509 0.367143
510 0.262796
511 0.272805
512 0.449563
513 0.37387
514 0.525402
515 0.450929
516 0.571018
517 0.521328
518 0.480937
519 0.484192
520 0.535975
521 0.3866
522 0.368881
523 0.343165
524 0.472578
525 0.323306
526 0.369465
527 0.490555
528 0.448518
529 0.464371
530 0.422895
531 0.486336
532 0.559399
533 0.605079
534 0.562488
535 0.460624
536 0.360131
537 0.425843
538 0.441758
539 0.377098
540 0.538494
541 0.506156
542 0.451494
543 0.348849
544 0.482119
545 0.540622
546 0.342693
547 0.277072
548 0.364676
549 0.42116
550 0.470419
551 0.404548
552 0.342354
553 0.361056
554 0.359482
555 0.498886
556 0.457631
557 0.353185
558 0.480468
559 0.553097
560 0.512309
561 0.425199
562 0.281319
563 0.400796
564 0.41404
565 0.427159
566 0.341015
567 0.410156
568 0.340788
569 0.323992
570 0.454392
571 0.47717
572 0.325952
573 0.331003
574 0.312077
575 0.200641
576 0.350554
577 0.45992
578 0.523831
579 0.350772
580 0.371732
581 0.375651
582 0.269484
583 0.354485
584 0.395923
585 0.53306
586 0.602955
587 0.628386
588 0.596998
589 0.42083
590 0.494906
591 0.375052
592 0.541982
593 0.323771
594 0.538069
595 0.386586
596 0.309759
597 0.458438
598 0.354499
599 0.480817
600 0.445629
601 0.372618
602 0.409444
603 0.485993
604 0.380275
605 0.466619
606 0.356807
607 0.394458
608 0.255991
609 0.446087
610 0.346813
611 0.242726
612 0.428614
613 0.247138
614 0.266519
615 0.31417
616 0.333794
617 0.252982
618 0.247104
619 0.355204
620 0.283643
621 0.265611
622 0.211627
623 0.303284
624 0.321115
625 0.425788
626 0.376878
627 0.548233
628 0.417349
629 0.316141
630 0.301586
631 0.458768
632 0.415763
633 0.356091
634 0.452524
635 0.426842
636 0.315769
637 0.283055
638 0.458872
639 0.340531
640 0.418989
641 0.356379
642 0.344307
643 0.507782
644 0.553012
645 0.520041
646 0.525553
647 0.467498
648 0.523711
649 0.3377
650 0.345864
651 0.299949
652 0.45121
653 0.468551
654 0.515306
655 0.480266
656 0.313348
657 0.389763
658 0.443322
659 0.36815
660 0.403951
661 0.268399
662 0.311588
663 0.281868
664 0.246419
665 0.286516
666 0.402762
667 0.314027
668 0.43726
669 0.451432
670 0.38428
671 0.256549
672 0.259195
673 0.231007
674 0.392479
675 0.337643
676 0.298453
677 0.473843
678 0.537243
679 0.310971
680 0.410416
681 0.437732
682 0.424286
683 0.558686
684 0.362439
685 0.284242
686 0.282729
687 0.370113
688 0.315335
689 0.319964
690 0.279279
691 0.222566
692 0.19523
693 0.3352
694 0.324098
695 0.251575
696 0.278953
697 0.31061
698 0.437494
699 0.384864
700 0.382839
701 0.385245
702 0.426622
703 0.47671
704 0.452466
705 0.434524
706 0.488874
707 0.563353
708 0.472371
709 0.406174
710 0.264576
711 0.253001
712 0.436486
713 0.266793
714 0.386483
715 0.266121
716 0.381644
717 0.510395
718 0.589506
719 0.502222
720 0.582969
721 0.466306
722 0.344667
723 0.30581
724 0.267384
725 0.43943
726 0.521101
727 0.371052
728 0.390254
729 0.516925
730 0.4326
731 0.297683
732 0.341568
733 0.232247
734 0.420113
735 0.345074
736 0.516265
737 0.457283
738 0.399686
739 0.451875
740 0.475783
741 0.394012
742 0.259222
743 0.4056
744 0.249135
745 0.300287
746 0.39954
747 0.274895
748 0.193741
749 0.239268
750 0.380584
751 0.237534
752 0.272627
753 0.38755
754 0.242675
755 0.415937
756 0.367927
757 0.236326
758 0.259336
759 0.37426
760 0.502003
761 0.438059
762 0.573676
763 0.481267
764 0.45752
765 0.281219
766 0.281663
767 0.310958
768 0.203871
769 0.358833
770 0.490576
771 0.496286
772 0.510109
773 0.362871
774 0.243967
775 0.18611
776 0.393369
777 0.321276
778 0.228597
779 0.186637
780 0.225004
781 0.40784
782 0.509413
783 0.340932
784 0.49306
785 0.368112
786 0.297718
787 0.314713
788 0.335258
789 0.401966
790 0.325234
791 0.320317
792 0.458783
793 0.464447
794 0.505376
795 0.39726
796 0.419164
797 0.292534
798 0.318945
799 0.287602
800 0.253303
801 0.232233
802 0.374818
803 0.333214
804 0.229052
805 0.23352
806 0.275276
807 0.21825
808 0.394082
809 0.316251
810 0.382046
811 0.352667
812 0.390405
813 0.490113
814 0.315251
815 0.309216
816 0.357504
817 0.349165
818 0.515696
819 0.564212
820 0.411162
821 0.398424
822 0.325099
823 0.300225
824 0.35269
825 0.255559
826 0.241391
827 0.236718
828 0.203211
829 0.422564
830 0.358947
831 0.40076
832 0.340163
833 0.239634
834 0.446229
835 0.360328
836 0.270267
837 0.256615
838 0.285705
839 0.446558
840 0.361164
841 0.338454
842 0.400084
843 0.307678
844 0.294419
845 0.434909
846 0.403388
847 0.339147
848 0.378091
849 0.337667
850 0.383272
851 0.307087
852 0.214034
853 0.192334
854 0.36394
855 0.410684
856 0.400168
857 0.499608
858 0.3834
859 0.466198
860 0.32029
861 0.344412
862 0.281545
863 0.409037
864 0.328526
865 0.245407
866 0.435124
867 0.412468
868 0.556452
869 0.451673
870 0.39699
871 0.377023
872 0.435316
873 0.38593
874 0.352283
875 0.313897
876 0.285124
877 0.384727
878 0.38476
879 0.308493
880 0.453293
881 0.50284
882 0.438955
883 0.405443
884 0.297198
885 0.347262
886 0.370529
887 0.309755
888 0.306055
889 0.449246
890 0.400756
891 0.36929
892 0.426118
893 0.448225
894 0.422873
895 0.493945
896 0.434236
897 0.463823
898 0.283223
899 0.383889
900 0.280363
901 0.417469
902 0.261289
903 0.270794
904 0.361934
905 0.513407
906 0.548315
907 0.4933
908 0.525871
909 0.497014
910 0.580493
911 0.445074
912 0.534879
913 0.591901
914 0.33753
915 0.535661
916 0.339714
917 0.435473
918 0.405132
919 0.372133
920 0.529049
921 0.33479
922 0.394674
923 0.244497
924 0.261965
925 0.346604
926 0.284515
927 0.413576
928 0.357229
929 0.482274
930 0.343817
931 0.422522
932 0.280725
933 0.266691
934 0.379917
935 0.348323
936 0.30283
937 0.333892
938 0.230027
939 0.398517
940 0.246672
941 0.29277
942 0.399671
943 0.311761
944 0.229464
945 0.305101
946 0.283343
947 0.331113
948 0.224535
949 0.199518
950 0.352852
951 0.457689
952 0.33023
953 0.287484
954 0.465793
955 0.269085
956 0.337626
957 0.27615
958 0.206386
959 0.369305
960 0.397926
961 0.418217
962 0.504236
963 0.462338
964 0.37861
965 0.331653
966 0.267441
967 0.477147
968 0.554497
969 0.514929
970 0.412712
971 0.519763
972 0.539519
973 0.411201
974 0.262172
975 0.224027
976 0.335824
977 0.423869
978 0.390109
979 0.480336
980 0.3404
981 0.41034
982 0.402394
983 0.372007
984 0.459645
985 0.4239
986 0.437537
987 0.385128
988 0.327405
989 0.284363
990 0.287861
991 0.433782
992 0.261096
993 0.30993
994 0.206642
995 0.36189
996 0.444335
997 0.464758
998 0.324106
999 0.240925
1000 0.439631
1001 0.482518
1002 0.522882
1003 0.478334
1004 0.310753
1005 0.514952
1006 0.333779
1007 0.476276
1008 0.393454
1009 0.356635
1010 0.327572
1011 0.391884
1012 0.236694
1013 0.472819
1014 0.3513
1015 0.410885
1016 0.450986
1017 0.393661
1018 0.480266
1019 0.394063
1020 0.398072
1021 0.303201
1022 0.416075
1023 0.293298
1024 0.275761
1025 0.244493
1026 0.27885
1027 0.252338
1028 0.396545
1029 0.295574
1030 0.353137
1031 0.231799
1032 0.293541
1033 0.32307
1034 0.312546
1035 0.256375
1036 0.195027
1037 0.421128
1038 0.42214
1039 0.545169
1040 0.443574
1041 0.443944
1042 0.392751
1043 0.272657
1044 0.457554
1045 0.420692
1046 0.301556
1047 0.248819
1048 0.347648
1049 0.452691
1050 0.479123
1051 0.442432
1052 0.343789
1053 0.310694
1054 0.4818
1055 0.496906
1056 0.57542
1057 0.545948
1058 0.583503
1059 0.329836
1060 0.379398
1061 0.309844
1062 0.291424
1063 0.461458
1064 0.40909
1065 0.320866
1066 0.409918
1067 0.320067
1068 0.259576
1069 0.425446
1070 0.356442
1071 0.418328
1072 0.526996
1073 0.36663
1074 0.551715
1075 0.347713
1076 0.355968
1077 0.392165
1078 0.432933
1079 0.528091
1080 0.374819
1081 0.310319
1082 0.443661
1083 0.375995
1084 0.448318
1085 0.449486
1086 0.563423
1087 0.462554
1088 0.278177
1089 0.379146
1090 0.448146
1091 0.455826
1092 0.3778
1093 0.278072
1094 0.448238
1095 0.28867
1096 0.328695
1097 0.326076
1098 0.469907
1099 0.403168
1100 0.546494
1101 0.309786
1102 0.298604
1103 0.440835
1104 0.447155
1105 0.320534
1106 0.381019
1107 0.404033
1108 0.465784
1109 0.49107
1110 0.589222
1111 0.323822
1112 0.409547
1113 0.34209
1114 0.387907
1115 0.333398
1116 0.226447
1117 0.405111
1118 0.385756
1119 0.3087
1120 0.224295
1121 0.175997
1122 0.418617
1123 0.276187
1124 0.395933
1125 0.497112
1126 0.482364
1127 0.5782
1128 0.473451
1129 0.454012
1130 0.541499
1131 0.435162
1132 0.491149
1133 0.37857
1134 0.443197
1135 0.350321
1136 0.304091
1137 0.47502
1138 0.322332
1139 0.520291
1140 0.549752
1141 0.488406
1142 0.513645
1143 0.522259
1144 0.416373
1145 0.32533
1146 0.510524
1147 0.396989
1148 0.529975
1149 0.293839
1150 0.414305
1151 0.503893
1152 0.460411
1153 0.578753
1154 0.420043
1155 0.375529
1156 0.515707
1157 0.39353
1158 0.368175
1159 0.341045
1160 0.464803
1161 0.419146
1162 0.388369
1163 0.409022
1164 0.476366
1165 0.420013
1166 0.268338
1167 0.413551
1168 0.298612
1169 0.389301
1170 0.280013
1171 0.346143
1172 0.369762
1173 0.51954
1174 0.407409
1175 0.488166
1176 0.504376
1177 0.466109
1178 0.344038
1179 0.339157
1180 0.270387
1181 0.374961
1182 0.312402
1183 0.285051
1184 0.337681
1185 0.379099
1186 0.396147
1187 0.324358
1188 0.279191
1189 0.488683
1190 0.364947
1191 0.424215
1192 0.539747
1193 0.370977
1194 0.24749
1195 0.381398
1196 0.361057
1197 0.447705
1198 0.553638
1199 0.447615
1200 0.509247
1201 0.566963
1202 0.436529
1203 0.298926
1204 0.361971
1205 0.326189
1206 0.338376
1207 0.222724
1208 0.41383
1209 0.413912
1210 0.26548
1211 0.258995
1212 0.275716
1213 0.234139
1214 0.420045
1215 0.246698
1216 0.354129
1217 0.238172
1218 0.428401
1219 0.412413
1220 0.470675
1221 0.409566
1222 0.543852
1223 0.461954
1224 0.399539
1225 0.295137
1226 0.244848
1227 0.352595
1228 0.381255
1229 0.393171
1230 0.402005
1231 0.263518
1232 0.323131
1233 0.404111
1234 0.277174
1235 0.500696
1236 0.544189
1237 0.605882
1238 0.620878
1239 0.555177
1240 0.576305
1241 0.368388
1242 0.331545
1243 0.443428
1244 0.25837
1245 0.297865
1246 0.205763
1247 0.459388
1248 0.480953
1249 0.284174
1250 0.24653
1251 0.222659
1252 0.327149
1253 0.452674
1254 0.382082
1255 0.523596
1256 0.427204
1257 0.55891
1258 0.490872
1259 0.306501
1260 0.23219
1261 0.300324
1262 0.356139
1263 0.225961
1264 0.47557
1265 0.417047
1266 0.509661
1267 0.49429
1268 0.451049
1269 0.294892
1270 0.259392
1271 0.320314
1272 0.414357
1273 0.455014
1274 0.572677
1275 0.311198
1276 0.417165
1277 0.491024
1278 0.533592
1279 0.521131
1280 0.540087
1281 0.404706
1282 0.402225
1283 0.288055
1284 0.469637
1285 0.272056
1286 0.437756
1287 0.385712
1288 0.537502
1289 0.406955
1290 0.439041
1291 0.429037
1292 0.32541
1293 0.42941
1294 0.295062
1295 0.349341
1296 0.363004
1297 0.519048
1298 0.430878
1299 0.475813
1300 0.430695
1301 0.284355
1302 0.482728
1303 0.326911
1304 0.401277
1305 0.503155
1306 0.424846
1307 0.35254
1308 0.330677
1309 0.214234
1310 0.170201
1311 0.170946
1312 0.3466
1313 0.279053
1314 0.265641
1315 0.417387
1316 0.416623
1317 0.378635
1318 0.282364
1319 0.472027
1320 0.27481
1321 0.232677
1322 0.239725
1323 0.307444
1324 0.357064
1325 0.348353
1326 0.268561
1327 0.380727
1328 0.315177
1329 0.384365
1330 0.343042
1331 0.430721
1332 0.312449
1333 0.215542
1334 0.333583
1335 0.388128
1336 0.533749
1337 0.310283
1338 0.228285
1339 0.240263
1340 0.347541
1341 0.331689
1342 0.488139
1343 0.564015
1344 0.375182
1345 0.295709
1346 0.475445
1347 0.451496
1348 0.32827
1349 0.460041
1350 0.274896
1351 0.405564
1352 0.357634
1353 0.362874
1354 0.422235
1355 0.409457
1356 0.449888
1357 0.497599
1358 0.374343
1359 0.497628
1360 0.350287
1361 0.266529
1362 0.272836
1363 0.215978
1364 0.38665
1365 0.267448
1366 0.46924
1367 0.286122
1368 0.337066
1369 0.463685
1370 0.412865
1371 0.475642
1372 0.510645
1373 0.45387
1374 0.434402
1375 0.44784
1376 0.470731
1377 0.3169
1378 0.404209
1379 0.328445
1380 0.229572
1381 0.371501
1382 0.471765
1383 0.515631
1384 0.44245
1385 0.573062
1386 0.450927
1387 0.378464
1388 0.531672
1389 0.405334
1390 0.569677
1391 0.544856
1392 0.501741
1393 0.469546
1394 0.279819
1395 0.428351
1396 0.483322
1397 0.452606
1398 0.504536
1399 0.424758
1400 0.340363
1401 0.370613
1402 0.369919
1403 0.242278
1404 0.476041
1405 0.512958
1406 0.371473
1407 0.37568
1408 0.485337
1409 0.455892
1410 0.417443
1411 0.355521
1412 0.46688
1413 0.342067
1414 0.506188
1415 0.374118
1416 0.373508
1417 0.374205
1418 0.358847
1419 0.236408
1420 0.327766
1421 0.442377
1422 0.345726
1423 0.360526
1424 0.466574
1425 0.33231
1426 0.388699
1427 0.286995
1428 0.341035
1429 0.387185
1430 0.302056
1431 0.248551
1432 0.250598
1433 0.456287
1434 0.300054
1435 0.517561
1436 0.465405
1437 0.278927
1438 0.336604
1439 0.32476
1440 0.3874
1441 0.372252
1442 0.288381
1443 0.355358
1444 0.486522
1445 0.332649
1446 0.340252
1447 0.49768
1448 0.54747
1449 0.564164
1450 0.484443
1451 0.591146
1452 0.381015
1453 0.543413
1454 0.419926
1455 0.410056
1456 0.358216
1457 0.268392
1458 0.459652
1459 0.276925
1460 0.298143
1461 0.459198
1462 0.44189
1463 0.508043
1464 0.431741
1465 0.525597
1466 0.500881
1467 0.466047
1468 0.535326
1469 0.382812
1470 0.455328
1471 0.461289
1472 0.30923
1473 0.304893
1474 0.476471
1475 0.437678
1476 0.355376
1477 0.51927
1478 0.519757
1479 0.574858
1480 0.603076
1481 0.564476
1482 0.496808
1483 0.49845
1484 0.468159
1485 0.457641
1486 0.517134
1487 0.41202
1488 0.271963
1489 0.416758
1490 0.496426
1491 0.309331
1492 0.265119
1493 0.211873
1494 0.419139
1495 0.305158
1496 0.414972
1497 0.33107
1498 0.411257
1499 0.325518
1500 0.43147
1501 0.352141
1502 0.363193
1503 0.312329
1504 0.385123
1505 0.43546
1506 0.394429
1507 0.334511
1508 0.292855
1509 0.360325
1510 0.406422
1511 0.329699
1512 0.334059
1513 0.442904
1514 0.520069
1515 0.57161
1516 0.508661
1517 0.41891
1518 0.498487
1519 0.373684
1520 0.384988
1521 0.349539
1522 0.233769
1523 0.175197
1524 0.242938
1525 0.32242
1526 0.234892
1527 0.282949
1528 0.328959
1529 0.327884
1530 0.393185
1531 0.519435
1532 0.420741
1533 0.53225
1534 0.465644
1535 0.44419
1536 0.480549
1537 0.335429
1538 0.29345
1539 0.221954
1540 0.381381
1541 0.457165
1542 0.406436
1543 0.290186
1544 0.247166
1545 0.213078
1546 0.319239
1547 0.284815
1548 0.443016
1549 0.402079
1550 0.539512
1551 0.32879
1552 0.301749
1553 0.297698
1554 0.455877
1555 0.535659
1556 0.380195
1557 0.551523
1558 0.465843
1559 0.485218
1560 0.326878
1561 0.318395
1562 0.281667
1563 0.437854
1564 0.483512
1565 0.504166
1566 0.422174
1567 0.479019
1568 0.392128
1569 0.273737
1570 0.462005
1571 0.378749
1572 0.298422
1573 0.260273
1574 0.267421
1575 0.316739
1576 0.459905
1577 0.427909
1578 0.314832
1579 0.353608
1580 0.45669
1581 0.453392
1582 0.363682
1583 0.233927
1584 0.472453
1585 0.48209
1586 0.326366
1587 0.25237
1588 0.219514
1589 0.334868
1590 0.285562
1591 0.470265
1592 0.517424
1593 0.488231
1594 0.573976
1595 0.377572
1596 0.451392
1597 0.413862
1598 0.519193
1599 0.381468
1600 0.244457
1601 0.373869
1602 0.363351
1603 0.344245
1604 0.436017
1605 0.407644
1606 0.465253
1607 0.457011
1608 0.577274
1609 0.496852
1610 0.583295
1611 0.491387
1612 0.540275
1613 0.35108
1614 0.476715
1615 0.54722
1616 0.525914
1617 0.361511
1618 0.524868
1619 0.470646
1620 0.349773
1621 0.234001
1622 0.207075
1623 0.201396
1624 0.350912
1625 0.477487
1626 0.555568
1627 0.392768
1628 0.503491
1629 0.331869
1630 0.503457
1631 0.482418
1632 0.382954
1633 0.421305
1634 0.504971
1635 0.328748
1636 0.357315
1637 0.487879
1638 0.458392
1639 0.559023
1640 0.436653
1641 0.523434
1642 0.364154
1643 0.372691
1644 0.27227
1645 0.453886
1646 0.278617
1647 0.430756
1648 0.316627
1649 0.263699
1650 0.204083
1651 0.355487
1652 0.264008
1653 0.436323
1654 0.372438
1655 0.285071
1656 0.224825
1657 0.246405
1658 0.178013
1659 0.208329
1660 0.175918
1661 0.178508
1662 0.230339
1663 0.350829
1664 0.307751
1665 0.306371
1666 0.349379
1667 0.366381
1668 0.32371
1669 0.394226
1670 0.258195
1671 0.487497
1672 0.378354
1673 0.5087
1674 0.375582
1675 0.541449
1676 0.508313
1677 0.304035
1678 0.477129
1679 0.395981
1680 0.381318
1681 0.327659
1682 0.447826
1683 0.329092
1684 0.505663
1685 0.430872
1686 0.440659
1687 0.367497
1688 0.256139
1689 0.333469
1690 0.433826
1691 0.403461
1692 0.492056
1693 0.354241
1694 0.370394
1695 0.46184
1696 0.508656
1697 0.514345
1698 0.322167
1699 0.370269
1700 0.417721
1701 0.332933
1702 0.325302
1703 0.342861
1704 0.347735
1705 0.488559
1706 0.387765
1707 0.503385
1708 0.311177
1709 0.415478
1710 0.364875
1711 0.471505
1712 0.304866
1713 0.314637
1714 0.479254
1715 0.269099
1716 0.465153
1717 0.526474
1718 0.440049
1719 0.367397
1720 0.252714
1721 0.441406
1722 0.380149
1723 0.433806
1724 0.454641
1725 0.51952
1726 0.327528
1727 0.309562
1728 0.356652
1729 0.492026
1730 0.293336
1731 0.311316
1732 0.462548
1733 0.489767
1734 0.519485
1735 0.306135
1736 0.373263
1737 0.305948
1738 0.323602
1739 0.288502
1740 0.413231
1741 0.422199
1742 0.497713
1743 0.38318
1744 0.546849
1745 0.318382
1746 0.31595
1747 0.462527
1748 0.318832
1749 0.320918
1750 0.320584
1751 0.488986
1752 0.403026
1753 0.530638
1754 0.332549
1755 0.419446
1756 0.445722
1757 0.48077
1758 0.517154
1759 0.349329
1760 0.445599
1761 0.316994
1762 0.296399
1763 0.207976
1764 0.413809
1765 0.456454
1766 0.517101
1767 0.464507
1768 0.387836
1769 0.294585
1770 0.493801
1771 0.47028
1772 0.269551
1773 0.416755
1774 0.444767
1775 0.5655
1776 0.590098
1777 0.397033
1778 0.564317
1779 0.593161
1780 0.503894
1781 0.579209
1782 0.426307
1783 0.375966
1784 0.447267
1785 0.340223
1786 0.36081
1787 0.253025
1788 0.33894
1789 0.494908
1790 0.469865
1791 0.329152
1792 0.456441
1793 0.288222
1794 0.324088
1795 0.358043
1796 0.401336
1797 0.2964
1798 0.230267
1799 0.297387
1800 0.423058
1801 0.400542
1802 0.276881
1803 0.33771
1804 0.382032
1805 0.286548
1806 0.421171
1807 0.354065
1808 0.234045
1809 0.408128
1810 0.360734
1811 0.447671
1812 0.512626
1813 0.377791
1814 0.416589
1815 0.41917
1816 0.442761
1817 0.494656
1818 0.338307
1819 0.459526
1820 0.434891
1821 0.471355
1822 0.293242
1823 0.32716
1824 0.448273
1825 0.359659
1826 0.534138
1827 0.437834
1828 0.469748
1829 0.310159
1830 0.373227
1831 0.314028
1832 0.214086
1833 0.214521
1834 0.318422
1835 0.337709
1836 0.220353
1837 0.463794
1838 0.381283
1839 0.527059
1840 0.547111
1841 0.400968
1842 0.377001
1843 0.364542
1844 0.349591
1845 0.452464
1846 0.412163
1847 0.50753
1848 0.527291
1849 0.352807
1850 0.267018
1851 0.32936
1852 0.489764
1853 0.348274
1854 0.314253
1855 0.38216
1856 0.280553
1857 0.477637
1858 0.429466
1859 0.368175
1860 0.273162
1861 0.350017
1862 0.281681
1863 0.313907
1864 0.4275
1865 0.422685
1866 0.35581
1867 0.438812
1868 0.465483
1869 0.573966
1870 0.486056
1871 0.490178
1872 0.538806
1873 0.402607
1874 0.265872
1875 0.396613
1876 0.519166
1877 0.407893
1878 0.492532
1879 0.508842
1880 0.351827
1881 0.335569
1882 0.437076
1883 0.437209
1884 0.374584
1885 0.382632
1886 0.306085
1887 0.424986
1888 0.537043
1889 0.327144
1890 0.274033
1891 0.380485
1892 0.406976
1893 0.506277
1894 0.473997
1895 0.425335
1896 0.461228
1897 0.337674
1898 0.343835
1899 0.38497
1900 0.253476
1901 0.265889
1902 0.330366
1903 0.392272
1904 0.381182
1905 0.349457
1906 0.313149
1907 0.378327
1908 0.240735
1909 0.265934
1910 0.196883
1911 0.42435
1912 0.374113
1913 0.379163
1914 0.302849
1915 0.351159
1916 0.482761
1917 0.475785
1918 0.319267
1919 0.344649
1920 0.409653
1921 0.304884
1922 0.330299
1923 0.389282
1924 0.4378
1925 0.411409
1926 0.513892
1927 0.426787
1928 0.454296
1929 0.405696
1930 0.337318
1931 0.410223
1932 0.322217
1933 0.266829
1934 0.366387
1935 0.320417
1936 0.451518
1937 0.443167
1938 0.561756
1939 0.470209
1940 0.461966
1941 0.467823
1942 0.318434
1943 0.391205
1944 0.2487
1945 0.199465
1946 0.388749
1947 0.424765
1948 0.453903
1949 0.371946
1950 0.260699
1951 0.256549
1952 0.454749
1953 0.333744
1954 0.412523
1955 0.378507
1956 0.290169
1957 0.392452
1958 0.28494
1959 0.494717
1960 0.420826
1961 0.424646
1962 0.355738
1963 0.430022
1964 0.453778
1965 0.492207
1966 0.37444
1967 0.382745
1968 0.43152
1969 0.385118
1970 0.429285
1971 0.316878
1972 0.362248
1973 0.328978
1974 0.275392
1975 0.378397
1976 0.450661
1977 0.483825
1978 0.534298
1979 0.316798
1980 0.431258
1981 0.516939
1982 0.542486
1983 0.52603
1984 0.581789
1985 0.40612
1986 0.52331
1987 0.313297
1988 0.319643
1989 0.284066
1990 0.402527
1991 0.404495
1992 0.381192
1993 0.403913
1994 0.266317
1995 0.208141
1996 0.357718
1997 0.490692
1998 0.281828
1999 0.483515
2000 0.377919
2001 0.287961
2002 0.310476
2003 0.222768
2004 0.45191
2005 0.534716
2006 0.576318
2007 0.440817
2008 0.560461
2009 0.425268
2010 0.401883
2011 0.371589
2012 0.345154
2013 0.28447
2014 0.222405
2015 0.351591
2016 0.439845
2017 0.543553
2018 0.534262
2019 0.449433
2020 0.516083
2021 0.301808
2022 0.42628
2023 0.340077
2024 0.303773
2025 0.430741
2026 0.381774
2027 0.316417
2028 0.329352
2029 0.453585
2030 0.331804
2031 0.461111
2032 0.527043
2033 0.371928
2034 0.441611
2035 0.422316
2036 0.396734
2037 0.452802
2038 0.36518
2039 0.342331
2040 0.481713
2041 0.506619
2042 0.591121
2043 0.496
2044 0.43687
2045 0.476029
2046 0.556274
2047 0.583023
2048 0.404591
2049 0.256255
2050 0.363303
2051 0.261331
2052 0.200119
2053 0.175557
2054 0.303948
2055 0.372896
2056 0.531053
2057 0.584112
2058 0.558507
2059 0.458238
2060 0.566492
2061 0.602511
2062 0.503189
2063 0.449592
2064 0.510629
2065 0.582444
2066 0.534675
2067 0.421265
2068 0.344398
2069 0.433622
2070 0.44425
2071 0.288461
2072 0.224903
2073 0.336959
2074 0.354547
2075 0.464407
2076 0.506214
2077 0.419095
2078 0.406108
2079 0.416781
2080 0.44914
2081 0.464984
2082 0.410747
2083 0.46262
2084 0.538199
2085 0.423178
2086 0.427666
2087 0.463443
2088 0.384971
2089 0.296596
2090 0.297092
2091 0.203924
2092 0.194484
2093 0.196872
2094 0.287475
2095 0.378656
2096 0.305256
2097 0.500132
2098 0.558275
2099 0
