0 -20.04
1 7.89382
2 -4.72124
3 -4.67215
4 -7.45126
5 -6.0383
6 -9.05332
7 -7.89823
8 -7.80614
9 -9.55806
10 -0.983625
11 -1.11957
12 0.252413
13 -0.0358993
14 0.2811
15 0.36917
16 0.331821
17 0.358149
18 0.415597
19 0.41289
20 0.551702
21 0.392417
22 0.557829
23 0.564426
24 0.335601
25 0.359131
26 0.382318
27 0.29088
28 0.332919
29 0.246669
30 0.393203
31 0.3023
32 0.503976
33 0.49303
34 0.428691
35 0.391905
36 0.475549
37 0.49934
38 0.539355
39 0.51998
40 0.355342
41 0.451184
42 0.496445
43 0.31998
44 0.351242
45 0.418699
46 0.324075
47 0.474165
48 0.452292
49 0.508038
50 0.348453
51 0.249101
52 0.279058
53 0.421011
54 0.417312
55 0.488555
56 0.45538
57 0.572273
58 0.397266
59 0.544683
60 0.497216
61 0.588863
62 0.409814
63 0.471994
64 0.49986
65 0.310685
66 0.238934
67 0.405106
68 0.390956
69 0.306213
70 0.327495
71 0.459168
72 0.546187
73 0.380281
74 0.498331
75 0.438193
76 0.334387
77 0.402182
78 0.476789
79 0.368272
80 0.27781
81 0.354052
82 0.37907
83 0.490375
84 0.511804
85 0.531589
86 0.58497
87 0.550882
88 0.346927
89 0.46684
90 0.537391
91 0.355899
92 0.368612
93 0.431945
94 0.275288
95 0.41083
96 0.351645
97 0.4537
98 0.356087
99 0.481915
100 0.356329
101 0.348512
102 0.431743
103 0.340959
104 0.513801
105 0.571576
106 0.375894
107 0.398021
108 0.489418
109 0.53004
110 0.328929
111 0.33008
112 0.345396
113 0.277085
114 0.363533
115 0.478903
116 0.300204
117 0.435085
118 0.52788
119 0.47751
120 0.293869
121 0.295972
122 0.231396
123 0.203977
124 0.166766
125 0.428609
126 0.377655
127 0.400904
128 0.472081
129 0.427453
130 0.316851
131 0.445857
132 0.306475
133 0.435571
134 0.355732
135 0.229393
136 0.221272
137 0.307781
138 0.356076
139 0.467124
140 0.377837
141 0.336501
142 0.482372
143 0.470093
144 0.286185
145 0.468869
146 0.484582
147 0.408271
148 0.345892
149 0.490337
150 0.565161
151 0.458612
152 0.413688
153 0.513752
154 0.557046
155 0.45662
156 0.563897
157 0.575349
158 0.371217
159 0.346059
160 0.306153
161 0.302673
162 0.219295
163 0.270599
164 0.37012
165 0.232027
166 0.19331
167 0.431288
168 0.274775
169 0.373371
170 0.354496
171 0.457461
172 0.288265
173 0.500875
174 0.330583
175 0.223404
176 0.303551
177 0.306725
178 0.405065
179 0.345309
180 0.426989
181 0.385826
182 0.336778
183 0.368174
184 0.297608
185 0.210345
186 0.383548
187 0.278869
188 0.445224
189 0.266778
190 0.239375
191 0.434206
192 0.340953
193 0.240594
194 0.303992
195 0.279311
196 0.233178
197 0.372738
198 0.486339
199 0.55934
200 0.498055
201 0.48564
202 0.427079
203 0.283116
204 0.40081
205 0.432135
206 0.450911
207 0.400458
208 0.471398
209 0.387323
210 0.313659
211 0.335153
212 0.430431
213 0.258701
214 0.402721
215 0.24785
216 0.332617
217 0.433041
218 0.314609
219 0.522046
220 0.562769
221 0.38937
222 0.289253
223 0.491457
224 0.309613
225 0.21807
226 0.450174
227 0.463093
228 0.533644
229 0.481408
230 0.369015
231 0.260895
232 0.420437
233 0.428934
234 0.390348
235 0.362682
236 0.399732
237 0.354365
238 0.435545
239 0.397363
240 0.271597
241 0.285067
242 0.252789
243 0.423319
244 0.409194
245 0.417431
246 0.431579
247 0.258798
248 0.360037
249 0.423065
250 0.534215
251 0.541652
252 0.463317
253 0.569829
254 0.408834
255 0.446046
256 0.359788
257 0.293297
258 0.35781
259 0.273372
260 0.437248
261 0.36273
262 0.320759
263 0.332886
264 0.360008
265 0.465163
266 0.483624
267 0.56783
268 0.438265
269 0.501357
270 0.527357
271 0.459461
272 0.488399
273 0.324838
274 0.336227
275 0.309223
276 0.435706
277 0.345579
278 0.242477
279 0.206652
280 0.187717
281 0.353574
282 0.384996
283 0.492081
284 0.493933
285 0.361939
286 0.49069
287 0.557529
288 0.339285
289 0.370694
290 0.232382
291 0.42856
292 0.348944
293 0.262475
294 0.273365
295 0.250412
296 0.241596
297 0.341595
298 0.408641
299 0.333769
300 0.385253
301 0.48811
302 0.378968
303 0.472254
304 0.271855
305 0.492195
306 0.450838
307 0.487936
308 0.349058
309 0.360575
310 0.258296
311 0.290863
312 0.354154
313 0.2632
314 0.262534
315 0.334096
316 0.439146
317 0.290893
318 0.358458
319 0.456955
320 0.456475
321 0.498467
322 0.429056
323 0.337109
324 0.510414
325 0.386288
326 0.388464
327 0.268448
328 0.198629
329 0.234891
330 0.176648
331 0.426817
332 0.279809
333 0.225202
334 0.34143
335 0.233103
336 0.390228
337 0.41521
338 0.487929
339 0.563303
340 0.400903
341 0.423435
342 0.439147
343 0.450658
344 0.318364
345 0.223187
346 0.236762
347 0.35118
348 0.465067
349 0.393184
350 0.395485
351 0.294766
352 0.298187
353 0.409496
354 0.377294
355 0.463636
356 0.322835
357 0.527274
358 0.427897
359 0.504583
360 0.362482
361 0.481089
362 0.299889
363 0.292485
364 0.419479
365 0.461548
366 0.299554
367 0.22226
368 0.268738
369 0.22518
370 0.225477
371 0.366298
372 0.2518
373 0.234203
374 0.388281
375 0.453406
376 0.567189
377 0.365871
378 0.298154
379 0.294784
380 0.456122
381 0.276979
382 0.311413
383 0.39401
384 0.287013
385 0.403309
386 0.394674
387 0.440904
388 0.302588
389 0.287329
390 0.424012
391 0.301076
392 0.45378
393 0.536699
394 0.328081
395 0.227562
396 0.221357
397 0.418993
398 0.277271
399 0.210967
400 0.355071
401 0.31653
402 0.367679
403 0.367632
404 0.522947
405 0.509088
406 0.472948
407 0.421944
408 0.329548
409 0.27167
410 0.460324
411 0.323886
412 0.322229
413 0.25352
414 0.359968
415 0.318867
416 0.347866
417 0.268664
418 0.425387
419 0.457486
420 0.392815
421 0.530143
422 0.384059
423 0.548282
424 0.408381
425 0.310626
426 0.251809
427 0.348427
428 0.387085
429 0.502403
430 0.421976
431 0.488845
432 0.42105
433 0.558592
434 0.577913
435 0.443546
436 0.299814
437 0.470348
438 0.42377
439 0.447963
440 0.316871
441 0.263644
442 0.283874
443 0.321487
444 0.429502
445 0.284806
446 0.439246
447 0.419478
448 0.364909
449 0.269473
450 0.403973
451 0.49145
452 0.462174
453 0.321913
454 0.252914
455 0.456965
456 0.445778
457 0.277281
458 0.445422
459 0.355387
460 0.389519
461 0.293381
462 0.209828
463 0.393961
464 0.413808
465 0.353352
466 0.456447
467 0.268648
468 0.418315
469 0.331072
470 0.289435
471 0.321099
472 0.312182
473 0.473776
474 0.29048
475 0.42697
476 0.452658
477 0.558066
478 0.574991
479 0.404648
480 0.262196
481 0.467116
482 0.341892
483 0.352856
484 0.241972
485 0.194745
486 0.401472
487 0.260881
488 0.346228
489 0.270611
490 0.462947
491 0.446094
492 0.448694
493 0.281774
494 0.474484
495 0.358474
496 0.478632
497 0.456562
498 0.372994
499 0.496382
500 0.542193
501 0.321426
502 0.482945
503 0.30045
504 0.335841
505 0.253938
506 0.186412
507 0.42789
508 0.278342
509 0.207183
510 0.240297
511 0.362911
512 0.462859
513 0.332219
514 0.372806
515 0.420265
516 0.310621
517 0.376197
518 0.367921
519 0.437149
520 0.42331
521 0.473203
522 0.328289
523 0.448459
524 0.39876
525 0.253576
526 0.383696
527 0.370918
528 0.320793
529 0.240854
530 0.460232
531 0.378214
532 0.409986
533 0.275317
534 0.469837
535 0.53625
536 0.328536
537 0.252
538 0.450173
539 0.406339
540 0.381843
541 0.395183
542 0.391539
543 0.250309
544 0.483237
545 0.487867
546 0.413053
547 0.431131
548 0.539473
549 0.586689
550 0.390905
551 0.298028
552 0.437949
553 0.289905
554 0.512401
555 0.484307
556 0.425918
557 0.42611
558 0.502494
559 0.425725
560 0.434801
561 0.275991
562 0.494776
563 0.394429
564 0.441495
565 0.556312
566 0.594136
567 0.589693
568 0.408596
569 0.290807
570 0.421451
571 0.525964
572 0.569398
573 0.374441
574 0.385031
575 0.280176
576 0.330675
577 0.373707
578 0.503954
579 0.519584
580 0.365139
581 0.286637
582 0.46383
583 0.544377
584 0.47095
585 0.427616
586 0.425186
587 0.551258
588 0.377764
589 0.344895
590 0.279877
591 0.363641
592 0.425498
593 0.361391
594 0.279601
595 0.318037
596 0.4876
597 0.430288
598 0.403806
599 0.370457
600 0.233863
601 0.292273
602 0.237339
603 0.217755
604 0.363117
605 0.321773
606 0.480801
607 0.411442
608 0.405663
609 0.463359
610 0.467909
611 0.440624
612 0.406406
613 0.327031
614 0.513435
615 0.332342
616 0.34889
617 0.419557
618 0.29767
619 0.347727
620 0.392811
621 0.382451
622 0.462534
623 0.33618
624 0.243249
625 0.323311
626 0.331436
627 0.320551
628 0.419729
629 0.437962
630 0.266788
631 0.406581
632 0.254859
633 0.179928
634 0.253985
635 0.297028
636 0.219719
637 0.321645
638 0.36326
639 0.406912
640 0.396489
641 0.488547
642 0.431059
643 0.373754
644 0.30392
645 0.257744
646 0.310892
647 0.422831
648 0.290486
649 0.354017
650 0.296067
651 0.407273
652 0.399814
653 0.489355
654 0.418091
655 0.519966
656 0.366984
657 0.529533
658 0.366604
659 0.529637
660 0.489457
661 0.519523
662 0.543385
663 0.351721
664 0.438891
665 0.392601
666 0.503399
667 0.320884
668 0.518349
669 0.513443
670 0.57484
671 0.503254
672 0.400251
673 0.461936
674 0.467414
675 0.379822
676 0.492787
677 0.304505
678 0.283417
679 0.236888
680 0.238564
681 0.417467
682 0.297599
683 0.348469
684 0.485986
685 0.398924
686 0.44922
687 0.333918
688 0.271786
689 0.474124
690 0.427538
691 0.412103
692 0.312898
693 0.27633
694 0.232743
695 0.297052
696 0.451733
697 0.416933
698 0.429072
699 0.383141
700 0.401678
701 0.392142
702 0.489299
703 0.284485
704 0.430685
705 0.406912
706 0.356562
707 0.346125
708 0.265059
709 0.426102
710 0.301406
711 0.520316
712 0.470014
713 0.530708
714 0.393141
715 0.295167
716 0.404771
717 0.501584
718 0.480564
719 0.328603
720 0.345428
721 0.254498
722 0.259499
723 0.295128
724 0.236875
725 0.307142
726 0.440041
727 0.518688
728 0.362924
729 0.317932
730 0.466093
731 0.494801
732 0.431817
733 0.427329
734 0.548939
735 0.527198
736 0.563568
737 0.410122
738 0.468643
739 0.519698
740 0.497352
741 0.456799
742 0.476884
743 0.443766
744 0.56922
745 0.334707
746 0.490564
747 0.425406
748 0.343707
749 0.242385
750 0.418083
751 0.33083
752 0.315679
753 0.32523
754 0.359618
755 0.296035
756 0.453265
757 0.376422
758 0.30666
759 0.295102
760 0.3612
761 0.441723
762 0.287964
763 0.264798
764 0.269105
765 0.335771
766 0.398435
767 0.482951
768 0.32049
769 0.328642
770 0.38765
771 0.272721
772 0.363333
773 0.430743
774 0.4951
775 0.516258
776 0.457333
777 0.39735
778 0.369432
779 0.310052
780 0.383744
781 0.486138
782 0.442853
783 0.479144
784 0.296141
785 0.22177
786 0.360248
787 0.38737
788 0.392905
789 0.502726
790 0.444783
791 0.578082
792 0.425586
793 0.267056
794 0.236512
795 0.256552
796 0.369308
797 0.469981
798 0.2804
799 0.319225
800 0.445156
801 0.339282
802 0.387581
803 0.375475
804 0.378231
805 0.380103
806 0.340618
807 0.253192
808 0.469161
809 0.344371
810 0.509875
811 0.56008
812 0.419673
813 0.324558
814 0.507312
815 0.509926
816 0.565558
817 0.488199
818 0.380415
819 0.345608
820 0.482133
821 0.4362
822 0.542136
823 0.371341
824 0.29705
825 0.210577
826 0.201084
827 0.218176
828 0.265705
829 0.387413
830 0.418113
831 0.445929
832 0.512746
833 0.497345
834 0.595747
835 0.510893
836 0.568362
837 0.429533
838 0.2831
839 0.278073
840 0.207337
841 0.438275
842 0.526207
843 0.570955
844 0.37995
845 0.473773
846 0.289155
847 0.432976
848 0.266831
849 0.232479
850 0.233022
851 0.353899
852 0.40816
853 0.42556
854 0.290234
855 0.459556
856 0.296364
857 0.289481
858 0.2024
859 0.336354
860 0.303327
861 0.425013
862 0.390113
863 0.506743
864 0.474928
865 0.399781
866 0.307922
867 0.232324
868 0.32234
869 0.42372
870 0.467236
871 0.577686
872 0.410363
873 0.408329
874 0.537301
875 0.519113
876 0.383488
877 0.315836
878 0.396511
879 0.295962
880 0.462648
881 0.317336
882 0.279805
883 0.4027
884 0.285775
885 0.365185
886 0.423788
887 0.407775
888 0.493906
889 0.574163
890 0.321878
891 0.501314
892 0.342048
893 0.499764
894 0.455955
895 0.472132
896 0.377318
897 0.326793
898 0.493161
899 0.538762
900 0.376864
901 0.478888
902 0.442582
903 0.362813
904 0.279999
905 0.215967
906 0.224494
907 0.20864
908 0.194089
909 0.396041
910 0.252535
911 0.447711
912 0.273848
913 0.487474
914 0.281556
915 0.244713
916 0.316511
917 0.429017
918 0.386092
919 0.261417
920 0.273608
921 0.335469
922 0.303641
923 0.234218
924 0.211395
925 0.173164
926 0.382335
927 0.463235
928 0.408761
929 0.452807
930 0.398105
931 0.49549
932 0.49546
933 0.473425
934 0.541116
935 0.326106
936 0.410657
937 0.263384
938 0.389325
939 0.487632
940 0.529377
941 0.53598
942 0.387381
943 0.53658
944 0.359725
945 0.520767
946 0.572505
947 0.443285
948 0.392609
949 0.486637
950 0.45066
951 0.450088
952 0.277143
953 0.483221
954 0.288495
955 0.318264
956 0.270243
957 0.411949
958 0.392554
959 0.392485
960 0.373043
961 0.448033
962 0.435872
963 0.410266
964 0.338557
965 0.490096
966 0.420427
967 0.320545
968 0.315964
969 0.212538
970 0.206357
971 0.425749
972 0.496061
973 0.339629
974 0.39972
975 0.323691
976 0.372629
977 0.514146
978 0.528496
979 0.42594
980 0.384373
981 0.338401
982 0.273814
983 0.300414
984 0.475447
985 0.463879
986 0.56547
987 0.543049
988 0.488454
989 0.385025
990 0.35099
991 0.515294
992 0.496681
993 0.545076
994 0.406498
995 0.281758
996 0.421539
997 0.311013
998 0.499909
999 0.455101
1000 0.357335
1001 0.27841
1002 0.433648
1003 0.492215
1004 0.585305
1005 0.517237
1006 0.41559
1007 0.282239
1008 0.416848
1009 0.391654
1010 0.533589
1011 0.573315
1012 0.421426
1013 0.486463
1014 0.281613
1015 0.303482
1016 0.32881
1017 0.259637
1018 0.29611
1019 0.363839
1020 0.472169
1021 0.438949
1022 0.26613
1023 0.313171
1024 0.392387
1025 0.527786
1026 0.540433
1027 0.463519
1028 0.286195
1029 0.411344
1030 0.367535
1031 0.425624
1032 0.483803
1033 0.549027
1034 0.544631
1035 0.536068
1036 0.346207
1037 0.525736
1038 0.501509
1039 0.431491
1040 0.393856
1041 0.535341
1042 0.307857
1043 0.484834
1044 0.335294
1045 0.239515
1046 0.21107
1047 0.201694
1048 0.22587
1049 0.412097
1050 0.438852
1051 0.281478
1052 0.231375
1053 0.235636
1054 0.323702
1055 0.293617
1056 0.422415
1057 0.4206
1058 0.316925
1059 0.371155
1060 0.335638
1061 0.345917
1062 0.289874
1063 0.370995
1064 0.39807
1065 0.540876
1066 0.485667
1067 0.363586
1068 0.420743
1069 0.397888
1070 0.289194
1071 0.406224
1072 0.450132
1073 0.416485
1074 0.383394
1075 0.309886
1076 0.260368
1077 0.425939
1078 0.259687
1079 0.40494
1080 0.256759
1081 0.222749
1082 0.21616
1083 0.424399
1084 0.257677
1085 0.461214
1086 0.387195
1087 0.428985
1088 0.491009
1089 0.520298
1090 0.301643
1091 0.45768
1092 0.284589
1093 0.459073
1094 0.417894
1095 0.353452
1096 0.446692
1097 0.430098
1098 0.344523
1099 0.287297
1100 0.227998
1101 0.220387
1102 0.189469
1103 0.16772
1104 0.297512
1105 0.470448
1106 0.483783
1107 0.339853
1108 0.342736
1109 0.324518
1110 0.437433
1111 0.543579
1112 0.520166
1113 0.303241
1114 0.515955
1115 0.533247
1116 0.52446
1117 0.3931
1118 0.527444
1119 0.494294
1120 0.435265
1121 0.556081
1122 0.408422
1123 0.519192
1124 0.547032
1125 0.572426
1126 0.628924
1127 0.41345
1128 0.572702
1129 0.463972
1130 0.505443
1131 0.351983
1132 0.481591
1133 0.447139
1134 0.289207
1135 0.225405
1136 0.17821
1137 0.34526
1138 0.215625
1139 0.38254
1140 0.397074
1141 0.506924
1142 0.433187
1143 0.390214
1144 0.416512
1145 0.446261
1146 0.545642
1147 0.434424
1148 0.580364
1149 0.352517
1150 0.259599
1151 0.398821
1152 0.509528
1153 0.535948
1154 0.604166
1155 0.532849
1156 0.616969
1157 0.633397
1158 0.441398
1159 0.408234
1160 0.251261
1161 0.302755
1162 0.226389
1163 0.177145
1164 0.29553
1165 0.229999
1166 0.319354
1167 0.418197
1168 0.525082
1169 0.434634
1170 0.454849
1171 0.3023
1172 0.264432
1173 0.4382
1174 0.46934
1175 0.469349
1176 0.379836
1177 0.49925
1178 0.572909
1179 0.522212
1180 0.493243
1181 0.3901
1182 0.415068
1183 0.368842
1184 0.261594
1185 0.352716
1186 0.336673
1187 0.496499
1188 0.461184
1189 0.574628
1190 0.508759
1191 0.483156
1192 0.497982
1193 0.439609
1194 0.352359
1195 0.461222
1196 0.555531
1197 0.350412
1198 0.457102
1199 0.345042
1200 0.444906
1201 0.440584
1202 0.391733
1203 0.370488
1204 0.261718
1205 0.191209
1206 0.371892
1207 0.325626
1208 0.455732
1209 0.437954
1210 0.32836
1211 0.326964
1212 0.470762
1213 0.554652
1214 0.307149
1215 0.390854
1216 0.406981
1217 0.359092
1218 0.235794
1219 0.220329
1220 0.288395
1221 0.328332
1222 0.412367
1223 0.363187
1224 0.253159
1225 0.196506
1226 0.337949
1227 0.238816
1228 0.281584
1229 0.269566
1230 0.337648
1231 0.455712
1232 0.424495
1233 0.488575
1234 0.456094
1235 0.29126
1236 0.388477
1237 0.314461
1238 0.281596
1239 0.393698
1240 0.399451
1241 0.369246
1242 0.304441
1243 0.347211
1244 0.491755
1245 0.548573
1246 0.475074
1247 0.453429
1248 0.496251
1249 0.43939
1250 0.574836
1251 0.47368
1252 0.524705
1253 0.373499
1254 0.485301
1255 0.360634
1256 0.477525
1257 0.3588
1258 0.399642
1259 0.372751
1260 0.246792
1261 0.276792
1262 0.431341
1263 0.269619
1264 0.337673
1265 0.328893
1266 0.461238
1267 0.460724
1268 0.351674
1269 0.318281
1270 0.313875
1271 0.243384
1272 0.436582
1273 0.37212
1274 0.326517
1275 0.499336
1276 0.290399
1277 0.425963
1278 0.503269
1279 0.491196
1280 0.420535
1281 0.527029
1282 0.510805
1283 0.443584
1284 0.348847
1285 0.344079
1286 0.302777
1287 0.304675
1288 0.45687
1289 0.424621
1290 0.330605
1291 0.316528
1292 0.42142
1293 0.302113
1294 0.437742
1295 0.313794
1296 0.479525
1297 0.362148
1298 0.508283
1299 0.531532
1300 0.406003
1301 0.509547
1302 0.368098
1303 0.338092
1304 0.269453
1305 0.311436
1306 0.369112
1307 0.329517
1308 0.499072
1309 0.397334
1310 0.328314
1311 0.223921
1312 0.329197
1313 0.268531
1314 0.234535
1315 0.290684
1316 0.472161
1317 0.455185
1318 0.344883
1319 0.298433
1320 0.278419
1321 0.451075
1322 0.488814
1323 0.514573
1324 0.390587
1325 0.272052
1326 0.281003
1327 0.323986
1328 0.382495
1329 0.49399
1330 0.468843
1331 0.521972
1332 0.579269
1333 0.460122
1334 0.464987
1335 0.560246
1336 0.601005
1337 0.338007
1338 0.339625
1339 0.320797
1340 0.413891
1341 0.527257
1342 0.424156
1343 0.338932
1344 0.414281
1345 0.355674
1346 0.390505
1347 0.324689
1348 0.376461
1349 0.44732
1350 0.308526
1351 0.413468
1352 0.334689
1353 0.392243
1354 0.529704
1355 0.427171
1356 0.540398
1357 0.54755
1358 0.490181
1359 0.42887
1360 0.373046
1361 0.425478
1362 0.465389
1363 0.373629
1364 0.42129
1365 0.299737
1366 0.373058
1367 0.333009
1368 0.253793
1369 0.465454
1370 0.290526
1371 0.480831
1372 0.383791
1373 0.527043
1374 0.430775
1375 0.471018
1376 0.33843
1377 0.248728
1378 0.210882
1379 0.337628
1380 0.354891
1381 0.342905
1382 0.454236
1383 0.276522
1384 0.235546
1385 0.36375
1386 0.492735
1387 0.388775
1388 0.468305
1389 0.279232
1390 0.361054
1391 0.342377
1392 0.499756
1393 0.52195
1394 0.392076
1395 0.311506
1396 0.325115
1397 0.418458
1398 0.417626
1399 0.452804
1400 0.27628
1401 0.424619
1402 0.255181
1403 0.251812
1404 0.211456
1405 0.270817
1406 0.196152
1407 0.282492
1408 0.435451
1409 0.509188
1410 0.453277
1411 0.523494
1412 0.353885
1413 0.518864
1414 0.342458
1415 0.52764
1416 0.546096
1417 0.467724
1418 0.544526
1419 0.368355
1420 0.320393
1421 0.479482
1422 0.481021
1423 0.344029
1424 0.250472
1425 0.284001
1426 0.452225
1427 0.412506
1428 0.381152
1429 0.506479
1430 0.352298
1431 0.31092
1432 0.24279
1433 0.351019
1434 0.427283
1435 0.44191
1436 0.546858
1437 0.486028
1438 0.44272
1439 0.322656
1440 0.354167
1441 0.336968
1442 0.440516
1443 0.456826
1444 0.331423
1445 0.264104
1446 0.473095
1447 0.492847
1448 0.39678
1449 0.360654
1450 0.316993
1451 0.460107
1452 0.520949
1453 0.492694
1454 0.452177
1455 0.281865
1456 0.26776
1457 0.315616
1458 0.281415
1459 0.34729
1460 0.42194
1461 0.46927
1462 0.47057
1463 0.513959
1464 0.462544
1465 0.42752
1466 0.262713
1467 0.436232
1468 0.509349
1469 0.368552
1470 0.301381
1471 0.370569
1472 0.292517
1473 0.450721
1474 0.276044
1475 0.287725
1476 0.29306
1477 0.379429
1478 0.500662
1479 0.542485
1480 0.318378
1481 0.447591
1482 0.316917
1483 0.341682
1484 0.42805
1485 0.304955
1486 0.434921
1487 0.288269
1488 0.484071
1489 0.30313
1490 0.220713
1491 0.320473
1492 0.311855
1493 0.25089
1494 0.324839
1495 0.288731
1496 0.435114
1497 0.542353
1498 0.320791
1499 0.276104
1500 0.233288
1501 0.445029
1502 0.38359
1503 0.306035
1504 0.373359
1505 0.456621
1506 0.410688
1507 0.504339
1508 0.561455
1509 0.359456
1510 0.522912
1511 0.509603
1512 0.511973
1513 0.518882
1514 0.519955
1515 0.433067
1516 0.377208
1517 0.475691
1518 0.511777
1519 0.356261
1520 0.254092
1521 0.377541
1522 0.255215
1523 0.282181
1524 0.45377
1525 0.263212
1526 0.406647
1527 0.456832
1528 0.348169
1529 0.364054
1530 0.373978
1531 0.365329
1532 0.272721
1533 0.336826
1534 0.379481
1535 0.341765
1536 0.343091
1537 0.509443
1538 0.504743
1539 0.388322
1540 0.433957
1541 0.487191
1542 0.323895
1543 0.37953
1544 0.453097
1545 0.294847
1546 0.340867
1547 0.454461
1548 0.315469
1549 0.351101
1550 0.409142
1551 0.362203
1552 0.265287
1553 0.230347
1554 0.411293
1555 0.33383
1556 0.299815
1557 0.281338
1558 0.309504
1559 0.436768
1560 0.374529
1561 0.305382
1562 0.209885
1563 0.321043
1564 0.288423
1565 0.302997
1566 0.430555
1567 0.492674
1568 0.3517
1569 0.314399
1570 0.477603
1571 0.290633
1572 0.401129
1573 0.48069
1574 0.49854
1575 0.473451
1576 0.446254
1577 0.476641
1578 0.438256
1579 0.51496
1580 0.476026
1581 0.338503
1582 0.425385
1583 0.363939
1584 0.480518
1585 0.383437
1586 0.53809
1587 0.408923
1588 0.423643
1589 0.432676
1590 0.467523
1591 0.367843
1592 0.334621
1593 0.438856
1594 0.362519
1595 0.484191
1596 0.357792
1597 0.515589
1598 0.347848
1599 0.27508
1600 0.400552
1601 0.232734
1602 0.475713
1603 0.277678
1604 0.303218
1605 0.216151
1606 0.208603
1607 0.254404
1608 0.28177
1609 0.348195
1610 0.254821
1611 0.235745
1612 0.439592
1613 0.404224
1614 0.385576
1615 0.512393
1616 0.409052
1617 0.418616
1618 0.290028
1619 0.361529
1620 0.286807
1621 0.201116
1622 0.279334
1623 0.261642
1624 0.416428
1625 0.382605
1626 0.436314
1627 0.52971
1628 0.309656
1629 0.38285
1630 0.468796
1631 0.559045
1632 0.519695
1633 0.562378
1634 0.380428
1635 0.2806
1636 0.22257
1637 0.208609
1638 0.242585
1639 0.354703
1640 0.347876
1641 0.384677
1642 0.517689
1643 0.572382
1644 0.523231
1645 0.382908
1646 0.406722
1647 0.440854
1648 0.347068
1649 0.283049
1650 0.402666
1651 0.483074
1652 0.444736
1653 0.566177
1654 0.609111
1655 0.411631
1656 0.519273
1657 0.53475
1658 0.561829
1659 0.575349
1660 0.41179
1661 0.463322
1662 0.312787
1663 0.522072
1664 0.44233
1665 0.403596
1666 0.325152
1667 0.443289
1668 0.480106
1669 0.425997
1670 0.490856
1671 0.395423
1672 0.501482
1673 0.412111
1674 0.479022
1675 0.55905
1676 0.423402
1677 0.278191
1678 0.241023
1679 0.434568
1680 0.445559
1681 0.261806
1682 0.253209
1683 0.2428
1684 0.437784
1685 0.499697
1686 0.478976
1687 0.518159
1688 0.463275
1689 0.482983
1690 0.504271
1691 0.389782
1692 0.450917
1693 0.504829
1694 0.443835
1695 0.556474
1696 0.54867
1697 0.366684
1698 0.478491
1699 0.454541
1700 0.329654
1701 0.409627
1702 0.489402
1703 0.487854
1704 0.457464
1705 0.295387
1706 0.218971
1707 0.439982
1708 0.35637
1709 0.50465
1710 0.531308
1711 0.333432
1712 0.394714
1713 0.465266
1714 0.41323
1715 0.463946
1716 0.516217
1717 0.548659
1718 0.347785
1719 0.515632
1720 0.36653
1721 0.256388
1722 0.230772
1723 0.380963
1724 0.481991
1725 0.489059
1726 0.410927
1727 0.516286
1728 0.481427
1729 0.4161
1730 0.440145
1731 0.527614
1732 0.397149
1733 0.405022
1734 0.344734
1735 0.507481
1736 0.530457
1737 0.456273
1738 0.556957
1739 0.472103
1740 0.340165
1741 0.240711
1742 0.346533
1743 0.354418
1744 0.224201
1745 0.436213
1746 0.345852
1747 0.518029
1748 0.481637
1749 0.376309
1750 0.368781
1751 0.353617
1752 0.328692
1753 0.486208
1754 0.521351
1755 0.555192
1756 0.388271
1757 0.263079
1758 0.450464
1759 0.366364
1760 0.310782
1761 0.39177
1762 0.295722
1763 0.237272
1764 0.336441
1765 0.265965
1766 0.215319
1767 0.421027
1768 0.335575
1769 0.499301
1770 0.341516
1771 0.461091
1772 0.290422
1773 0.362897
1774 0.242084
1775 0.209052
1776 0.340465
1777 0.371647
1778 0.246879
1779 0.329468
1780 0.458986
1781 0.42426
1782 0.330518
1783 0.423107
1784 0.421617
1785 0.399799
1786 0.505292
1787 0.552617
1788 0.578421
1789 0.508292
1790 0.353014
1791 0.444365
1792 0.359815
1793 0.279358
1794 0.380606
1795 0.329873
1796 0.278877
1797 0.395884
1798 0.372474
1799 0.44412
1800 0.390804
1801 0.349591
1802 0.400369
1803 0.248442
1804 0.27339
1805 0.221365
1806 0.344811
1807 0.308708
1808 0.344706
1809 0.501386
1810 0.438814
1811 0.444845
1812 0.354354
1813 0.406516
1814 0.496006
1815 0.536445
1816 0.400778
1817 0.512845
1818 0.576917
1819 0.499834
1820 0.472469
1821 0.446669
1822 0.377539
1823 0.315201
1824 0.300747
1825 0.414156
1826 0.502359
1827 0.570037
1828 0.422558
1829 0.300393
1830 0.459301
1831 0.452457
1832 0.278497
1833 0.469358
1834 0.426968
1835 0.288031
1836 0.234886
1837 0.279534
1838 0.360642
1839 0.437549
1840 0.293136
1841 0.285989
1842 0.203721
1843 0.229014
1844 0.349987
1845 0.217545
1846 0.3245
1847 0.252479
1848 0.273523
1849 0.357132
1850 0.411469
1851 0.247264
1852 0.344941
1853 0.460693
1854 0.561162
1855 0.421255
1856 0.41261
1857 0.365621
1858 0.406713
1859 0.522963
1860 0.461397
1861 0.517103
1862 0.574156
1863 0.389954
1864 0.258994
1865 0.366603
1866 0.253613
1867 0.403305
1868 0.478179
1869 0.368767
1870 0.331824
1871 0.308734
1872 0.334566
1873 0.30084
1874 0.258008
1875 0.36274
1876 0.269605
1877 0.248328
1878 0.208313
1879 0.171112
1880 0.155292
1881 0.346639
1882 0.447863
1883 0.298046
1884 0.489441
1885 0.357808
1886 0.393871
1887 0.404557
1888 0.37437
1889 0.506354
1890 0.421294
1891 0.44719
1892 0.452589
1893 0.455404
1894 0.370927
1895 0.391034
1896 0.510396
1897 0.377335
1898 0.541004
1899 0.366701
1900 0.415497
1901 0.379936
1902 0.502541
1903 0.444068
1904 0.418968
1905 0.394885
1906 0.36937
1907 0.532588
1908 0.553035
1909 0.404972
1910 0.276485
1911 0.448355
1912 0.319158
1913 0.298639
1914 0.352712
1915 0.393941
1916 0.475682
1917 0.298447
1918 0.322149
1919 0.220184
1920 0.342005
1921 0.297521
1922 0.460286
1923 0.441017
1924 0.550164
1925 0.486282
1926 0.504818
1927 0.388809
1928 0.319466
1929 0.451375
1930 0.541135
1931 0.430745
1932 0.554288
1933 0.507977
1934 0.395666
1935 0.554652
1936 0.360448
1937 0.416905
1938 0.472602
1939 0.417223
1940 0.560036
1941 0.425334
1942 0.268043
1943 0.434838
1944 0.466787
1945 0.455843
1946 0.475446
1947 0.276759
1948 0.329471
1949 0.255248
1950 0.264056
1951 0.284362
1952 0.316919
1953 0.483129
1954 0.284425
1955 0.342803
1956 0.321633
1957 0.324389
1958 0.484934
1959 0.345679
1960 0.358053
1961 0.270214
1962 0.419848
1963 0.477068
1964 0.338405
1965 0.535995
1966 0.357401
1967 0.310847
1968 0.212554
1969 0.231867
1970 0.349003
1971 0.466896
1972 0.501891
1973 0.58057
1974 0.458381
1975 0.588323
1976 0.596164
1977 0.54233
1978 0.598119
1979 0.331785
1980 0.527443
1981 0.403271
1982 0.505153
1983 0.373205
1984 0.264323
1985 0.275251
1986 0.264878
1987 0.354465
1988 0.23688
1989 0.440308
1990 0.504343
1991 0.353784
1992 0.463702
1993 0.303068
1994 0.427637
1995 0.301041
1996 0.372407
1997 0.389418
1998 0.542367
1999 0.348007
2000 0.468819
2001 0.485431
2002 0.577313
2003 0.374014
2004 0.548381
2005 0.466423
2006 0.534
2007 0.328127
2008 0.285939
2009 0.306598
2010 0.399386
2011 0.443068
2012 0.457837
2013 0.326498
2014 0.245597
2015 0.420565
2016 0.440717
2017 0.519861
2018 0.450288
2019 0.293971
2020 0.319428
2021 0.204753
2022 0.277917
2023 0.313396
2024 0.296472
2025 0.489346
2026 0.564738
2027 0.468307
2028 0.536521
2029 0.538107
2030 0.300001
2031 0.282415
2032 0.354794
2033 0.473524
2034 0.568313
2035 0.344166
2036 0.360423
2037 0.371273
2038 0.273933
2039 0.239931
2040 0.204578
2041 0.404606
2042 0.288127
2043 0.207066
2044 0.422431
2045 0.397642
2046 0.356754
2047 0.481472
2048 0.466439
2049 0.273806
2050 0.345636
2051 0.496564
2052 0.534965
2053 0.356175
2054 0.362627
2055 0.316323
2056 0.257952
2057 0.385427
2058 0.473791
2059 0.352536
2060 0.537146
2061 0.366263
2062 0.434868
2063 0.472171
2064 0.540834
2065 0.353615
2066 0.347502
2067 0.39812
2068 0.487787
2069 0.406613
2070 0.324673
2071 0.222372
2072 0.285553
2073 0.201289
2074 0.155612
2075 0.161397
2076 0.13835
2077 0.179846
2078 0.326372
2079 0.456497
2080 0.328469
2081 0.318632
2082 0.222062
2083 0.360906
2084 0.470822
2085 0.430875
2086 0.401166
2087 0.490694
2088 0.426984
2089 0.364044
2090 0.375269
2091 0.264865
2092 0.198595
2093 0.411408
2094 0.336843
2095 0.280166
2096 0.445375
2097 0.49817
2098 0.450949
2099 0
