0 11.5404
1 11.5678
2 12.9045
3 11.2655
4 13.4294
5 17.5989
6 24.5649
7 33.4954
8 39.0874
9 45.3814
10 38.5153
11 37.2539
12 19.0372
13 -1.57484
14 -15.3572
15 -10.529
16 -7.23195
17 -4.96113
18 -2.9912
19 -2.96705
20 -1.75586
21 -0.617548
22 -0.443344
23 -0.154905
24 0.0521257
25 0.101138
26 0.137861
27 0.149181
28 0.150248
29 0.185391
30 0.189578
31 0.17469
32 0.176018
33 0.159691
34 0.20074
35 0.195308
36 0.188579
37 0.181065
38 0.175514
39 0.185092
40 0.169401
41 0.177091
42 0.164874
43 0.166804
44 0.17457
45 0.166709
46 0.156355
47 0.182188
48 0.183589
49 0.199584
50 0.178388
51 0.158036
52 0.169201
53 0.175936
54 0.193405
55 0.170854
56 0.160825
57 0.183769
58 0.170269
59 0.179816
60 0.178477
61 0.196785
62 0.220527
63 0.170251
64 0.15779
65 0.163588
66 0.186746
67 0.196319
68 0.168956
69 0.172139
70 0.141597
71 0.165031
72 0.173737
73 0.179835
74 0.180557
75 0.181103
76 0.163004
77 0.166163
78 0.183966
79 0.173926
80 0.199788
81 0.187983
82 0.170149
83 0.172976
84 0.176672
85 0.187245
86 0.206875
87 0.203784
88 0.156049
89 0.179833
90 0.179403
91 0.202506
92 0.189579
93 0.171989
94 0.193343
95 0.197742
96 0.182889
97 0.190089
98 0.176182
99 0.198221
100 0.201588
101 0.196938
102 0.210692
103 0.192911
104 0.188651
105 0.208946
106 0.210664
107 0.198906
108 0.173263
109 0.165647
110 0.170525
111 0.189632
112 0.170665
113 0.175742
114 0.162523
115 0.152747
116 0.186307
117 0.167462
118 0.161312
119 0.14933
120 0.143509
121 0.16921
122 0.158518
123 0.163662
124 0.184878
125 0.184335
126 0.185587
127 0.167973
128 0.175776
129 0.203602
130 0.205326
131 0.187613
132 0.169277
133 0.184916
134 0.176464
135 0.194216
136 0.196642
137 0.189872
138 0.170144
139 0.174629
140 0.168485
141 0.164297
142 0.167236
143 0.168526
144 0.159517
145 0.179255
146 0.156604
147 0.173744
148 0.186017
149 0.157701
150 0.190179
151 0.147326
152 0.169974
153 0.172837
154 0.162512
155 0.192305
156 0.164364
157 0.164161
158 0.174484
159 0.183874
160 0.204261
161 0.172655
162 0.178584
163 0.17705
164 0.177183
165 0.16677
166 0.158494
167 0.170935
168 0.161262
169 0.183233
170 0.183811
171 0.177438
172 0.192501
173 0.183907
174 0.182213
175 0.188959
176 0.183942
177 0.175817
178 0.18351
179 0.181589
180 0.166627
181 0.177521
182 0.178705
183 0.187206
184 0.19452
185 0.171036
186 0.164762
187 0.197727
188 0.196718
189 0.182465
190 0.166993
191 0.160701
192 0.168501
193 0.188453
194 0.170142
195 0.154815
196 0.154013
197 0.178208
198 0.183842
199 0.177146
200 0.176627
201 0.178957
202 0.184071
203 0.187797
204 0.187452
205 0.186255
206 0.196101
207 0.173753
208 0.166538
209 0.18323
210 0.190624
211 0.20097
212 0.171433
213 0.175615
214 0.170367
215 0.177104
216 0.199942
217 0.176307
218 0.162512
219 0.171464
220 0.166295
221 0.17848
222 0.160604
223 0.147875
224 0.196641
225 0.19223
226 0.179022
227 0.172407
228 0.169839
229 0.187832
230 0.197065
231 0.185241
232 0.205304
233 0.195406
234 0.201208
235 0.176895
236 0.186881
237 0.204266
238 0.203673
239 0.207718
240 0.186302
241 0.182898
242 0.18052
243 0.189158
244 0.174811
245 0.177044
246 0.17572
247 0.167785
248 0.170875
249 0.1681
250 0.160795
251 0.168072
252 0.176261
253 0.164224
254 0.179591
255 0.169026
256 0.151792
257 0.156832
258 0.155072
259 0.176136
260 0.19378
261 0.165968
262 0.160622
263 0.167266
264 0.159258
265 0.163728
266 0.167775
267 0.155084
268 0.160757
269 0.157064
270 0.151242
271 0.161204
272 0.175769
273 0.159001
274 0.175068
275 0.161584
276 0.154714
277 0.184285
278 0.173858
279 0.177913
280 0.177505
281 0.170172
282 0.18117
283 0.175663
284 0.167048
285 0.167626
286 0.179806
287 0.192028
288 0.186729
289 0.166543
290 0.175704
291 0.176687
292 0.191149
293 0.185574
294 0.190864
295 0.182068
296 0.170133
297 0.177947
298 0.177805
299 0.175763
300 0.179557
301 0.172907
302 0.159682
303 0.17455
304 0.15549
305 0.154349
306 0.179173
307 0.172011
308 0.168673
309 0.1761
310 0.175485
311 0.188529
312 0.205331
313 0.184401
314 0.198427
315 0.170837
316 0.188512
317 0.19253
318 0.190195
319 0.199032
320 0.172917
321 0.174633
322 0.184037
323 0.184082
324 0.179402
325 0.161086
326 0.166069
327 0.199776
328 0.184143
329 0.161965
330 0.156356
331 0.162622
332 0.167153
333 0.198205
334 0.181153
335 0.163747
336 0.165203
337 0.176908
338 0.18131
339 0.184413
340 0.176923
341 0.177579
342 0.17787
343 0.19473
344 0.180006
345 0.198935
346 0.195137
347 0.188694
348 0.189582
349 0.172507
350 0.209085
351 0.208509
352 0.206613
353 0.183964
354 0.184444
355 0.194797
356 0.205669
357 0.202337
358 0.172823
359 0.186403
360 0.17819
361 0.173456
362 0.172795
363 0.178481
364 0.177961
365 0.164329
366 0.164797
367 0.158515
368 0.188562
369 0.175847
370 0.176222
371 0.180151
372 0.178647
373 0.177328
374 0.167578
375 0.187002
376 0.202515
377 0.197142
378 0.167119
379 0.159555
380 0.206596
381 0.200726
382 0.198715
383 0.170165
384 0.157043
385 0.205397
386 0.206486
387 0.204079
388 0.186061
389 0.169218
390 0.17564
391 0.186003
392 0.182838
393 0.190675
394 0.183749
395 0.168527
396 0.190218
397 0.162075
398 0.183378
399 0.181951
400 0.154538
401 0.178189
402 0.189169
403 0.1767
404 0.191156
405 0.160219
406 0.172215
407 0.171334
408 0.17045
409 0.180425
410 0.17229
411 0.18505
412 0.176109
413 0.167025
414 0.160335
415 0.174953
416 0.201547
417 0.176557
418 0.157001
419 0.162763
420 0.169484
421 0.172816
422 0.156383
423 0.166879
424 0.160727
425 0.180567
426 0.180693
427 0.186308
428 0.196109
429 0.181395
430 0.179476
431 0.170581
432 0.192214
433 0.181937
434 0.180417
435 0.185578
436 0.170105
437 0.187195
438 0.170684
439 0.187887
440 0.181946
441 0.172508
442 0.172684
443 0.184602
444 0.18431
445 0.174073
446 0.163835
447 0.179123
448 0.19507
449 0.195475
450 0.183544
451 0.18573
452 0.185103
453 0.195944
454 0.198287
455 0.200741
456 0.200594
457 0.180588
458 0.198652
459 0.190613
460 0.201762
461 0.186682
462 0.172435
463 0.178122
464 0.190702
465 0.198014
466 0.180598
467 0.191946
468 0.18956
469 0.193678
470 0.204429
471 0.177007
472 0.185297
473 0.187819
474 0.18438
475 0.175792
476 0.180166
477 0.189669
478 0.187456
479 0.179601
480 0.167413
481 0.199935
482 0.198464
483 0.185125
484 0.183521
485 0.170404
486 0.187202
487 0.202527
488 0.178884
489 0.198798
490 0.181271
491 0.178389
492 0.17561
493 0.161452
494 0.203
495 0.175597
496 0.183612
497 0.17569
498 0.163779
499 0.168665
500 0.170705
501 0.203099
502 0.208825
503 0.198489
504 0.196221
505 0.185109
506 0.18716
507 0.206238
508 0.2023
509 0.186252
510 0.178366
511 0.175752
512 0.186931
513 0.178122
514 0.167686
515 0.17126
516 0.172711
517 0.170686
518 0.153358
519 0.16009
520 0.160826
521 0.175516
522 0.178903
523 0.17088
524 0.159572
525 0.15666
526 0.178752
527 0.187946
528 0.193369
529 0.173487
530 0.17254
531 0.181553
532 0.18351
533 0.183995
534 0.196383
535 0.193491
536 0.177855
537 0.173037
538 0.163476
539 0.181939
540 0.183002
541 0.163823
542 0.162644
543 0.173049
544 0.164959
545 0.17136
546 0.174808
547 0.173982
548 0.162846
549 0.175774
550 0.170035
551 0.16933
552 0.179347
553 0.166132
554 0.175449
555 0.173531
556 0.162896
557 0.157752
558 0.176114
559 0.171507
560 0.181593
561 0.184644
562 0.184848
563 0.162427
564 0.169497
565 0.185796
566 0.189609
567 0.18083
568 0.178752
569 0.161663
570 0.180681
571 0.190453
572 0.198406
573 0.178278
574 0.156695
575 0.161746
576 0.165426
577 0.196506
578 0.18538
579 0.168598
580 0.17982
581 0.183734
582 0.180081
583 0.207019
584 0.197666
585 0.209045
586 0.188296
587 0.186702
588 0.174674
589 0.195018
590 0.185632
591 0.16531
592 0.171469
593 0.166397
594 0.189068
595 0.173743
596 0.164686
597 0.167386
598 0.171014
599 0.181069
600 0.184651
601 0.171407
602 0.178161
603 0.183218
604 0.198713
605 0.184492
606 0.186401
607 0.198195
608 0.20923
609 0.206687
610 0.175131
611 0.173238
612 0.176137
613 0.181808
614 0.173418
615 0.175171
616 0.160326
617 0.152052
618 0.160629
619 0.158923
620 0.172781
621 0.16127
622 0.152194
623 0.156351
624 0.163391
625 0.178999
626 0.162738
627 0.152218
628 0.172393
629 0.180994
630 0.183083
631 0.189336
632 0.180849
633 0.18417
634 0.206269
635 0.198411
636 0.173415
637 0.183001
638 0.190727
639 0.195849
640 0.169919
641 0.169074
642 0.195039
643 0.195044
644 0.188795
645 0.163752
646 0.183957
647 0.196082
648 0.184004
649 0.194252
650 0.157323
651 0.190033
652 0.195804
653 0.191454
654 0.210854
655 0.18211
656 0.197615
657 0.181498
658 0.197726
659 0.19921
660 0.193461
661 0.204021
662 0.166507
663 0.188442
664 0.191088
665 0.190951
666 0.208802
667 0.17711
668 0.186318
669 0.193146
670 0.175517
671 0.1879
672 0.165578
673 0.161341
674 0.180633
675 0.163343
676 0.167959
677 0.180565
678 0.145554
679 0.158171
680 0.173175
681 0.167655
682 0.181272
683 0.157629
684 0.167848
685 0.183647
686 0.187113
687 0.17954
688 0.183179
689 0.17302
690 0.197486
691 0.179366
692 0.189746
693 0.179003
694 0.163287
695 0.170671
696 0.176431
697 0.165293
698 0.169923
699 0.16689
700 0.177214
701 0.173964
702 0.159608
703 0.163868
704 0.174291
705 0.186028
706 0.194528
707 0.179294
708 0.177816
709 0.17353
710 0.168723
711 0.191838
712 0.176467
713 0.181029
714 0.162779
715 0.171346
716 0.169057
717 0.18656
718 0.174027
719 0.167631
720 0.175621
721 0.173018
722 0.203456
723 0.19807
724 0.166747
725 0.186053
726 0.171995
727 0.187733
728 0.190342
729 0.180401
730 0.173968
731 0.167061
732 0.173683
733 0.193272
734 0.187077
735 0.161848
736 0.183061
737 0.196419
738 0.180414
739 0.201091
740 0.174006
741 0.185701
742 0.205632
743 0.175147
744 0.178294
745 0.170332
746 0.170301
747 0.176223
748 0.180506
749 0.175777
750 0.159577
751 0.174165
752 0.176072
753 0.176984
754 0.205584
755 0.171104
756 0.183364
757 0.169205
758 0.183453
759 0.181247
760 0.176761
761 0.179068
762 0.180388
763 0.192399
764 0.176768
765 0.188097
766 0.189304
767 0.192599
768 0.184524
769 0.177085
770 0.179371
771 0.184329
772 0.200223
773 0.188122
774 0.182331
775 0.189989
776 0.18029
777 0.196773
778 0.201893
779 0.188533
780 0.20803
781 0.181682
782 0.165103
783 0.179279
784 0.161952
785 0.164521
786 0.161658
787 0.15607
788 0.160955
789 0.152946
790 0.162762
791 0.162789
792 0.181851
793 0.182898
794 0.158558
795 0.175972
796 0.174138
797 0.163519
798 0.185605
799 0.167155
800 0.187447
801 0.18386
802 0.175007
803 0.180909
804 0.158194
805 0.202005
806 0.211601
807 0.188259
808 0.192284
809 0.175683
810 0.197256
811 0.211508
812 0.174094
813 0.158836
814 0.161859
815 0.195141
816 0.199299
817 0.181147
818 0.164518
819 0.166077
820 0.172633
821 0.179134
822 0.176861
823 0.159284
824 0.167892
825 0.161123
826 0.182396
827 0.181724
828 0.170427
829 0.157216
830 0.178646
831 0.1743
832 0.169408
833 0.154926
834 0.178922
835 0.199906
836 0.17081
837 0.159522
838 0.16518
839 0.200697
840 0.21627
841 0.171928
842 0.166564
843 0.176249
844 0.201534
845 0.18241
846 0.165578
847 0.163734
848 0.171551
849 0.182809
850 0.180046
851 0.157034
852 0.16428
853 0.184552
854 0.184145
855 0.180231
856 0.181541
857 0.18384
858 0.19138
859 0.192299
860 0.181069
861 0.171085
862 0.186174
863 0.205528
864 0.180724
865 0.189075
866 0.178209
867 0.167247
868 0.172703
869 0.183382
870 0.18947
871 0.189704
872 0.180209
873 0.180646
874 0.193991
875 0.210383
876 0.191706
877 0.199699
878 0.206086
879 0.198987
880 0.179523
881 0.170583
882 0.183584
883 0.18934
884 0.170822
885 0.163196
886 0.167939
887 0.190088
888 0.207608
889 0.172697
890 0.154787
891 0.166843
892 0.195568
893 0.196651
894 0.164396
895 0.160096
896 0.151641
897 0.168941
898 0.15885
899 0.158988
900 0.156729
901 0.166676
902 0.155954
903 0.161345
904 0.15757
905 0.154456
906 0.153026
907 0.150754
908 0.187054
909 0.184301
910 0.155369
911 0.165435
912 0.148251
913 0.170126
914 0.171592
915 0.167056
916 0.195024
917 0.175289
918 0.168133
919 0.167633
920 0.189324
921 0.18301
922 0.177138
923 0.173699
924 0.170595
925 0.197886
926 0.189101
927 0.168936
928 0.177894
929 0.178723
930 0.189425
931 0.169926
932 0.182916
933 0.190377
934 0.189827
935 0.207367
936 0.183144
937 0.196239
938 0.195896
939 0.190864
940 0.184666
941 0.20103
942 0.192476
943 0.197518
944 0.167876
945 0.162529
946 0.160003
947 0.175175
948 0.178952
949 0.168753
950 0.16594
951 0.153922
952 0.150442
953 0.161683
954 0.182618
955 0.185664
956 0.1714
957 0.172653
958 0.185952
959 0.179139
960 0.186943
961 0.185504
962 0.177601
963 0.173218
964 0.161785
965 0.160298
966 0.15682
967 0.158869
968 0.162759
969 0.159106
970 0.164328
971 0.157078
972 0.149827
973 0.182349
974 0.176686
975 0.184842
976 0.179279
977 0.168239
978 0.175679
979 0.174583
980 0.186447
981 0.176871
982 0.168158
983 0.172311
984 0.171852
985 0.182506
986 0.184582
987 0.175615
988 0.181391
989 0.162744
990 0.19204
991 0.178717
992 0.191948
993 0.207798
994 0.195859
995 0.197734
996 0.174669
997 0.196472
998 0.213131
999 0.188794
1000 0.202221
1001 0.202069
1002 0.181548
1003 0.186108
1004 0.185279
1005 0.1961
1006 0.200102
1007 0.187789
1008 0.165594
1009 0.180428
1010 0.191396
1011 0.1834
1012 0.172704
1013 0.14711
1014 0.155126
1015 0.17394
1016 0.166277
1017 0.173307
1018 0.154883
1019 0.158843
1020 0.162956
1021 0.17074
1022 0.184428
1023 0.182906
1024 0.182381
1025 0.163976
1026 0.168837
1027 0.192658
1028 0.176808
1029 0.186624
1030 0.17728
1031 0.163509
1032 0.1905
1033 0.162153
1034 0.168407
1035 0.190745
1036 0.183279
1037 0.170974
1038 0.171941
1039 0.179109
1040 0.196726
1041 0.204991
1042 0.18545
1043 0.192223
1044 0.181732
1045 0.183822
1046 0.193017
1047 0.196139
1048 0.18626
1049 0.173932
1050 0.169101
1051 0.169744
1052 0.186178
1053 0.175962
1054 0.192107
1055 0.194109
1056 0.18885
1057 0.170632
1058 0.190062
1059 0.191868
1060 0.211073
1061 0.215622
1062 0.194651
1063 0.197616
1064 0.204453
1065 0.201763
1066 0.196362
1067 0.179327
1068 0.192354
1069 0.183805
1070 0.176297
1071 0.186129
1072 0.170936
1073 0.174777
1074 0.164088
1075 0.175716
1076 0.205718
1077 0.188744
1078 0.188103
1079 0.188085
1080 0.202506
1081 0.196572
1082 0.196172
1083 0.171477
1084 0.198402
1085 0.185576
1086 0.180659
1087 0.177581
1088 0.166342
1089 0.167228
1090 0.184932
1091 0.167049
1092 0.181238
1093 0.174817
1094 0.177906
1095 0.169412
1096 0.166092
1097 0.199215
1098 0.191661
1099 0.19635
1100 0.166394
1101 0.171394
1102 0.204255
1103 0.208931
1104 0.182739
1105 0.180318
1106 0.173287
1107 0.171433
1108 0.19524
1109 0.18208
1110 0.199479
1111 0.188975
1112 0.171374
1113 0.189836
1114 0.193087
1115 0.194353
1116 0.175093
1117 0.166259
1118 0.171841
1119 0.17424
1120 0.158584
1121 0.151011
1122 0.147132
1123 0.157158
1124 0.16642
1125 0.163128
1126 0.160756
1127 0.170625
1128 0.177831
1129 0.190931
1130 0.207672
1131 0.191935
1132 0.193523
1133 0.189638
1134 0.179712
1135 0.203276
1136 0.187771
1137 0.206178
1138 0.1747
1139 0.184097
1140 0.205542
1141 0.170644
1142 0.201708
1143 0.186675
1144 0.191065
1145 0.200059
1146 0.16011
1147 0.153502
1148 0.172436
1149 0.197633
1150 0.192929
1151 0.176793
1152 0.174231
1153 0.168111
1154 0.182265
1155 0.17956
1156 0.179816
1157 0.190211
1158 0.191552
1159 0.170233
1160 0.162414
1161 0.172234
1162 0.172207
1163 0.183634
1164 0.176706
1165 0.176488
1166 0.173576
1167 0.173517
1168 0.160895
1169 0.176424
1170 0.198378
1171 0.169185
1172 0.184627
1173 0.170587
1174 0.152275
1175 0.17599
1176 0.167933
1177 0.170824
1178 0.17099
1179 0.149585
1180 0.173388
1181 0.177683
1182 0.174895
1183 0.166586
1184 0.157166
1185 0.164939
1186 0.170547
1187 0.160941
1188 0.174497
1189 0.178025
1190 0.162982
1191 0.16615
1192 0.181401
1193 0.180438
1194 0.193655
1195 0.170929
1196 0.183279
1197 0.183628
1198 0.171706
1199 0.163714
1200 0.173525
1201 0.199214
1202 0.173441
1203 0.190902
1204 0.175643
1205 0.19422
1206 0.210882
1207 0.17744
1208 0.200614
1209 0.206415
1210 0.180865
1211 0.178716
1212 0.182178
1213 0.185181
1214 0.201574
1215 0.162043
1216 0.165334
1217 0.179905
1218 0.176993
1219 0.160047
1220 0.164914
1221 0.165351
1222 0.168696
1223 0.182849
1224 0.18521
1225 0.146669
1226 0.175976
1227 0.190149
1228 0.197908
1229 0.204406
1230 0.187432
1231 0.199488
1232 0.213078
1233 0.190046
1234 0.208154
1235 0.201098
1236 0.210164
1237 0.188509
1238 0.181067
1239 0.209509
1240 0.185557
1241 0.202049
1242 0.176675
1243 0.193858
1244 0.205059
1245 0.18384
1246 0.175254
1247 0.191152
1248 0.18534
1249 0.190727
1250 0.167754
1251 0.151848
1252 0.197779
1253 0.196366
1254 0.172157
1255 0.164403
1256 0.175587
1257 0.186541
1258 0.199699
1259 0.17771
1260 0.189272
1261 0.196718
1262 0.178278
1263 0.199837
1264 0.191275
1265 0.185787
1266 0.203634
1267 0.164321
1268 0.168578
1269 0.191738
1270 0.194545
1271 0.186338
1272 0.168435
1273 0.180048
1274 0.205205
1275 0.19635
1276 0.175797
1277 0.159708
1278 0.187257
1279 0.189583
1280 0.178595
1281 0.163792
1282 0.158389
1283 0.186783
1284 0.171895
1285 0.189025
1286 0.162687
1287 0.169908
1288 0.173882
1289 0.186491
1290 0.192268
1291 0.166837
1292 0.168436
1293 0.18092
1294 0.17879
1295 0.175704
1296 0.167647
1297 0.160314
1298 0.171719
1299 0.169243
1300 0.146666
1301 0.160839
1302 0.165499
1303 0.146235
1304 0.167679
1305 0.159122
1306 0.17543
1307 0.186631
1308 0.165973
1309 0.178846
1310 0.18067
1311 0.171251
1312 0.171679
1313 0.152482
1314 0.179795
1315 0.206085
1316 0.184567
1317 0.181656
1318 0.179695
1319 0.206702
1320 0.18196
1321 0.184544
1322 0.1901
1323 0.179389
1324 0.177745
1325 0.17336
1326 0.172344
1327 0.171953
1328 0.176741
1329 0.162201
1330 0.179661
1331 0.193707
1332 0.178856
1333 0.200066
1334 0.175463
1335 0.175523
1336 0.16959
1337 0.173107
1338 0.187494
1339 0.181827
1340 0.174639
1341 0.159035
1342 0.151345
1343 0.163076
1344 0.160557
1345 0.16426
1346 0.165836
1347 0.171636
1348 0.166009
1349 0.160671
1350 0.164279
1351 0.18649
1352 0.195941
1353 0.194668
1354 0.185906
1355 0.19978
1356 0.175774
1357 0.165592
1358 0.181344
1359 0.192341
1360 0.194786
1361 0.188482
1362 0.153873
1363 0.166548
1364 0.16764
1365 0.18712
1366 0.18865
1367 0.173011
1368 0.181597
1369 0.187128
1370 0.18369
1371 0.185186
1372 0.186121
1373 0.198725
1374 0.19913
1375 0.186689
1376 0.171841
1377 0.177793
1378 0.174635
1379 0.17198
1380 0.178945
1381 0.180999
1382 0.194415
1383 0.183811
1384 0.179751
1385 0.180633
1386 0.190532
1387 0.196604
1388 0.182368
1389 0.190252
1390 0.171917
1391 0.18177
1392 0.177464
1393 0.178719
1394 0.163828
1395 0.15526
1396 0.17836
1397 0.1823
1398 0.166784
1399 0.175226
1400 0.167687
1401 0.16429
1402 0.182054
1403 0.191689
1404 0.194819
1405 0.183242
1406 0.175345
1407 0.166645
1408 0.188958
1409 0.167425
1410 0.175539
1411 0.183305
1412 0.176514
1413 0.162853
1414 0.160964
1415 0.154189
1416 0.15667
1417 0.183009
1418 0.182396
1419 0.177841
1420 0.18421
1421 0.187058
1422 0.191605
1423 0.193781
1424 0.206649
1425 0.185448
1426 0.178772
1427 0.175488
1428 0.181194
1429 0.179449
1430 0.18226
1431 0.156228
1432 0.156586
1433 0.172251
1434 0.179833
1435 0.186762
1436 0.173392
1437 0.179049
1438 0.190436
1439 0.178719
1440 0.161378
1441 0.167023
1442 0.176545
1443 0.201616
1444 0.202222
1445 0.169493
1446 0.16263
1447 0.166984
1448 0.182697
1449 0.160026
1450 0.167141
1451 0.157838
1452 0.147071
1453 0.166357
1454 0.16957
1455 0.182978
1456 0.1641
1457 0.182744
1458 0.182138
1459 0.186244
1460 0.191609
1461 0.18388
1462 0.197799
1463 0.175192
1464 0.172791
1465 0.160008
1466 0.174607
1467 0.179539
1468 0.166907
1469 0.16198
1470 0.162562
1471 0.190339
1472 0.177517
1473 0.164052
1474 0.183163
1475 0.168179
1476 0.174075
1477 0.179328
1478 0.1999
1479 0.177284
1480 0.16503
1481 0.152046
1482 0.172622
1483 0.202769
1484 0.173469
1485 0.172525
1486 0.191934
1487 0.187704
1488 0.205521
1489 0.197711
1490 0.19252
1491 0.194576
1492 0.204877
1493 0.20189
1494 0.181711
1495 0.177028
1496 0.177022
1497 0.197127
1498 0.194973
1499 0.156906
1500 0.156265
1501 0.17991
1502 0.175905
1503 0.201836
1504 0.173616
1505 0.16603
1506 0.172511
1507 0.179091
1508 0.202304
1509 0.186012
1510 0.189524
1511 0.163097
1512 0.165872
1513 0.172194
1514 0.162849
1515 0.183605
1516 0.178425
1517 0.180183
1518 0.178137
1519 0.167095
1520 0.172431
1521 0.189507
1522 0.187898
1523 0.183427
1524 0.187132
1525 0.172794
1526 0.17034
1527 0.178881
1528 0.165227
1529 0.1598
1530 0.169063
1531 0.169522
1532 0.168353
1533 0.163378
1534 0.159783
1535 0.183348
1536 0.199346
1537 0.162219
1538 0.172667
1539 0.140071
1540 0.174254
1541 0.167976
1542 0.175599
1543 0.155857
1544 0.148541
1545 0.153952
1546 0.1601
1547 0.16466
1548 0.150055
1549 0.14019
1550 0.160785
1551 0.155955
1552 0.15159
1553 0.15605
1554 0.16685
1555 0.181595
1556 0.174319
1557 0.170281
1558 0.171981
1559 0.17428
1560 0.16958
1561 0.179855
1562 0.178606
1563 0.171746
1564 0.19633
1565 0.163152
1566 0.183903
1567 0.165408
1568 0.161986
1569 0.18346
1570 0.170317
1571 0.173864
1572 0.176113
1573 0.155656
1574 0.186163
1575 0.18037
1576 0.172989
1577 0.180016
1578 0.173838
1579 0.183419
1580 0.192316
1581 0.18907
1582 0.195461
1583 0.161821
1584 0.154863
1585 0.182946
1586 0.185834
1587 0.208949
1588 0.177787
1589 0.185894
1590 0.183793
1591 0.181932
1592 0.191988
1593 0.178743
1594 0.188672
1595 0.181894
1596 0.164228
1597 0.161136
1598 0.16857
1599 0.163986
1600 0.173576
1601 0.152143
1602 0.168238
1603 0.170877
1604 0.175934
1605 0.165712
1606 0.172788
1607 0.182613
1608 0.180976
1609 0.191565
1610 0.19044
1611 0.188845
1612 0.184272
1613 0.189561
1614 0.195798
1615 0.19263
1616 0.187073
1617 0.161994
1618 0.177529
1619 0.171635
1620 0.171568
1621 0.183786
1622 0.197115
1623 0.194451
1624 0.171293
1625 0.167365
1626 0.19181
1627 0.206764
1628 0.179499
1629 0.175545
1630 0.186633
1631 0.181769
1632 0.204566
1633 0.154815
1634 0.170659
1635 0.165354
1636 0.185298
1637 0.181861
1638 0.166893
1639 0.162965
1640 0.171877
1641 0.189858
1642 0.169339
1643 0.142186
1644 0.158014
1645 0.174986
1646 0.177038
1647 0.189796
1648 0.156239
1649 0.175937
1650 0.18449
1651 0.182183
1652 0.18368
1653 0.185971
1654 0.168026
1655 0.175293
1656 0.196915
1657 0.160735
1658 0.164079
1659 0.172551
1660 0.182296
1661 0.192
1662 0.19432
1663 0.167302
1664 0.173946
1665 0.171845
1666 0.170304
1667 0.194495
1668 0.180212
1669 0.18821
1670 0.170693
1671 0.175615
1672 0.18566
1673 0.171639
1674 0.164349
1675 0.19235
1676 0.193859
1677 0.184948
1678 0.171921
1679 0.156527
1680 0.175906
1681 0.186096
1682 0.171922
1683 0.170411
1684 0.152257
1685 0.151005
1686 0.175023
1687 0.160651
1688 0.16787
1689 0.152932
1690 0.178642
1691 0.169762
1692 0.161635
1693 0.166576
1694 0.162838
1695 0.167563
1696 0.175009
1697 0.173203
1698 0.175245
1699 0.186344
1700 0.171405
1701 0.186229
1702 0.187756
1703 0.19398
1704 0.190516
1705 0.184468
1706 0.181308
1707 0.17244
1708 0.184083
1709 0.175115
1710 0.166358
1711 0.170844
1712 0.172787
1713 0.183563
1714 0.188843
1715 0.169213
1716 0.18493
1717 0.201873
1718 0.190511
1719 0.178546
1720 0.177152
1721 0.199057
1722 0.192957
1723 0.17539
1724 0.174532
1725 0.196683
1726 0.197131
1727 0.172089
1728 0.152086
1729 0.187773
1730 0.188316
1731 0.176681
1732 0.171336
1733 0.165539
1734 0.166951
1735 0.166428
1736 0.161019
1737 0.15987
1738 0.163304
1739 0.176974
1740 0.155758
1741 0.179766
1742 0.163777
1743 0.179317
1744 0.182445
1745 0.184692
1746 0.196441
1747 0.186859
1748 0.174453
1749 0.190552
1750 0.196641
1751 0.198436
1752 0.175311
1753 0.175641
1754 0.182553
1755 0.174691
1756 0.188392
1757 0.185106
1758 0.191214
1759 0.178808
1760 0.172966
1761 0.16964
1762 0.165435
1763 0.178947
1764 0.184797
1765 0.183033
1766 0.178716
1767 0.178293
1768 0.172467
1769 0.167928
1770 0.159312
1771 0.163012
1772 0.195307
1773 0.180516
1774 0.162977
1775 0.166729
1776 0.143608
1777 0.187423
1778 0.198873
1779 0.191878
1780 0.177851
1781 0.154965
1782 0.180163
1783 0.170898
1784 0.175933
1785 0.170573
1786 0.157453
1787 0.178466
1788 0.149521
1789 0.141161
1790 0.15188
1791 0.162526
1792 0.184577
1793 0.151296
1794 0.136049
1795 0.161034
1796 0.191439
1797 0.188109
1798 0.163433
1799 0.168222
1800 0.154756
1801 0.174693
1802 0.184469
1803 0.179758
1804 0.158819
1805 0.158998
1806 0.160073
1807 0.166913
1808 0.166683
1809 0.164833
1810 0.173778
1811 0.168952
1812 0.156175
1813 0.147894
1814 0.155972
1815 0.161664
1816 0.164625
1817 0.149715
1818 0.174986
1819 0.160115
1820 0.149089
1821 0.170403
1822 0.171636
1823 0.166679
1824 0.149492
1825 0.154293
1826 0.16042
1827 0.182826
1828 0.163927
1829 0.170302
1830 0.17423
1831 0.181598
1832 0.201966
1833 0.17532
1834 0.191184
1835 0.178955
1836 0.167968
1837 0.175735
1838 0.190205
1839 0.200516
1840 0.201558
1841 0.176005
1842 0.178405
1843 0.187814
1844 0.192249
1845 0.196543
1846 0.18183
1847 0.187657
1848 0.180112
1849 0.173563
1850 0.16734
1851 0.191114
1852 0.192034
1853 0.168553
1854 0.161246
1855 0.163691
1856 0.189065
1857 0.174266
1858 0.164026
1859 0.167416
1860 0.157792
1861 0.17676
1862 0.172798
1863 0.180754
1864 0.176493
1865 0.168296
1866 0.190325
1867 0.186845
1868 0.174715
1869 0.1847
1870 0.170809
1871 0.181425
1872 0.213574
1873 0.197287
1874 0.176992
1875 0.179858
1876 0.179167
1877 0.19286
1878 0.211753
1879 0.203829
1880 0.190422
1881 0.188168
1882 0.193001
1883 0.194266
1884 0.195337
1885 0.186468
1886 0.197471
1887 0.188554
1888 0.201025
1889 0.172472
1890 0.18344
1891 0.174088
1892 0.17633
1893 0.178053
1894 0.160303
1895 0.159123
1896 0.179965
1897 0.158726
1898 0.15299
1899 0.16792
1900 0.153887
1901 0.171978
1902 0.173663
1903 0.161386
1904 0.180109
1905 0.173813
1906 0.179348
1907 0.182068
1908 0.181309
1909 0.190849
1910 0.209004
1911 0.197324
1912 0.181434
1913 0.19297
1914 0.19492
1915 0.193384
1916 0.179388
1917 0.172842
1918 0.174134
1919 0.183768
1920 0.170506
1921 0.164633
1922 0.174842
1923 0.168764
1924 0.174125
1925 0.165656
1926 0.149777
1927 0.171087
1928 0.167678
1929 0.168675
1930 0.17869
1931 0.163744
1932 0.169955
1933 0.165398
1934 0.155686
1935 0.17002
1936 0.170991
1937 0.171901
1938 0.162311
1939 0.164995
1940 0.162138
1941 0.17787
1942 0.180096
1943 0.168036
1944 0.161247
1945 0.159168
1946 0.180511
1947 0.184887
1948 0.161012
1949 0.159882
1950 0.170636
1951 0.172658
1952 0.173949
1953 0.162321
1954 0.154236
1955 0.172903
1956 0.182082
1957 0.185495
1958 0.173253
1959 0.160809
1960 0.188321
1961 0.198581
1962 0.180014
1963 0.184123
1964 0.1653
1965 0.18748
1966 0.211183
1967 0.201252
1968 0.187406
1969 0.17842
1970 0.166095
1971 0.165483
1972 0.170432
1973 0.193566
1974 0.193906
1975 0.194656
1976 0.158772
1977 0.169745
1978 0.203532
1979 0.191356
1980 0.193061
1981 0.185844
1982 0.20274
1983 0.211565
1984 0.17406
1985 0.194675
1986 0.197212
1987 0.202488
1988 0.179456
1989 0.181044
1990 0.19949
1991 0.207328
1992 0.179125
1993 0.160345
1994 0.174776
1995 0.178644
1996 0.183909
1997 0.191454
1998 0.17987
1999 0.185655
2000 0.182586
2001 0.171628
2002 0.192491
2003 0.182902
2004 0.17431
2005 0.189699
2006 0.167623
2007 0.185256
2008 0.176963
2009 0.176605
2010 0.191364
2011 0.185883
2012 0.165878
2013 0.183898
2014 0.207856
2015 0.194827
2016 0.185611
2017 0.162877
2018 0.18923
2019 0.184441
2020 0.185277
2021 0.174021
2022 0.171198
2023 0.172181
2024 0.176621
2025 0.170624
2026 0.158381
2027 0.168191
2028 0.186986
2029 0.199624
2030 0.171896
2031 0.171476
2032 0.165117
2033 0.185803
2034 0.217142
2035 0.165262
2036 0.188418
2037 0.158337
2038 0.179817
2039 0.189637
2040 0.167964
2041 0.191533
2042 0.182504
2043 0.196405
2044 0.202246
2045 0.156068
2046 0.169228
2047 0.170815
2048 0.160283
2049 0.181562
2050 0.18347
2051 0.162147
2052 0.180911
2053 0.156095
2054 0.169788
2055 0.1907
2056 0.199035
2057 0.195944
2058 0.181627
2059 0.19534
2060 0.207671
2061 0.188966
2062 0.186698
2063 0.182848
2064 0.187764
2065 0.184417
2066 0.178193
2067 0.174624
2068 0.177805
2069 0.183248
2070 0.162475
2071 0.175833
2072 0.160507
2073 0.169088
2074 0.159356
2075 0.154277
2076 0.17038
2077 0.183089
2078 0.185083
2079 0.165984
2080 0.17941
2081 0.18846
2082 0.188049
2083 0.18788
2084 0.166203
2085 0.174185
2086 0.173099
2087 0.171908
2088 0.183857
2089 0.171899
2090 0.158436
2091 0.167832
2092 0.171565
2093 0.176059
2094 0.185897
2095 0.180874
2096 0.190844
2097 0.158689
2098 0.153843
2099 0
