0 -117.07
1 114.857
2 -256.558
3 -294.536
4 -307.126
5 -317.177
6 -332.412
7 -342.875
8 -302.592
9 -353.233
10 -149.01
11 -84.0885
12 -43.3347
13 -4.52143
14 -4.4347
15 -2.10935
16 0.24692
17 0.315276
18 0.00178233
19 0.185006
20 0.156721
21 0.189031
22 0.209595
23 0.135195
24 0.191433
25 0.202835
26 0.181156
27 0.212351
28 0.171933
29 0.133669
30 0.196441
31 0.153956
32 0.160079
33 0.166069
34 0.197616
35 0.176505
36 0.164194
37 0.144483
38 0.185665
39 0.148049
40 0.141602
41 0.121402
42 0.203462
43 0.196138
44 0.22942
45 0.16586
46 0.155171
47 0.170275
48 0.167037
49 0.208144
50 0.156254
51 0.180353
52 0.171661
53 0.189856
54 0.178778
55 0.192789
56 0.175474
57 0.189227
58 0.144885
59 0.149832
60 0.224921
61 0.227888
62 0.257622
63 0.172753
64 0.169768
65 0.249556
66 0.193426
67 0.193486
68 0.204089
69 0.15403
70 0.159135
71 0.192772
72 0.148564
73 0.174922
74 0.20262
75 0.194861
76 0.194497
77 0.102089
78 0.205029
79 0.118449
80 0.20638
81 0.210032
82 0.184577
83 0.128102
84 0.201499
85 0.167118
86 0.221231
87 0.214091
88 0.149608
89 0.20421
90 0.19719
91 0.194154
92 0.17587
93 0.155059
94 0.183241
95 0.212819
96 0.173747
97 0.194565
98 0.201658
99 0.200431
100 0.232237
101 0.199006
102 0.23802
103 0.145569
104 0.215818
105 0.193043
106 0.269738
107 0.166759
108 0.113491
109 0.225305
110 0.169204
111 0.191104
112 0.15012
113 0.161894
114 0.186453
115 0.180284
116 0.146435
117 0.137834
118 0.20252
119 0.105855
120 0.124983
121 0.156437
122 0.1677
123 0.187291
124 0.185134
125 0.154271
126 0.20275
127 0.15767
128 0.189149
129 0.230729
130 0.201325
131 0.156356
132 0.164239
133 0.194341
134 0.177505
135 0.210065
136 0.206123
137 0.168578
138 0.20558
139 0.184225
140 0.209926
141 0.15774
142 0.195223
143 0.0904232
144 0.157607
145 0.105825
146 0.201721
147 0.210384
148 0.206571
149 0.181339
150 0.215573
151 0.153991
152 0.133605
153 0.134634
154 0.133817
155 0.208677
156 0.181899
157 0.161977
158 0.201842
159 0.154898
160 0.202008
161 0.159399
162 0.156549
163 0.188172
164 0.13653
165 0.182171
166 0.163566
167 0.174237
168 0.15183
169 0.16674
170 0.170951
171 0.234273
172 0.17747
173 0.196596
174 0.132519
175 0.163415
176 0.181853
177 0.20875
178 0.173415
179 0.17317
180 0.171424
181 0.191778
182 0.187725
183 0.191294
184 0.187409
185 0.150369
186 0.205468
187 0.201398
188 0.131278
189 0.187742
190 0.157771
191 0.219606
192 0.202757
193 0.19029
194 0.172094
195 0.127297
196 0.171166
197 0.167986
198 0.182642
199 0.192722
200 0.131332
201 0.168741
202 0.186435
203 0.158142
204 0.184835
205 0.161236
206 0.223462
207 0.171672
208 0.135546
209 0.221288
210 0.212378
211 0.171095
212 0.153595
213 0.166791
214 0.212983
215 0.168578
216 0.173719
217 0.118605
218 0.113649
219 0.167801
220 0.186363
221 0.156315
222 0.152347
223 0.166632
224 0.18693
225 0.19027
226 0.200027
227 0.127652
228 0.175097
229 0.199939
230 0.224665
231 0.213304
232 0.216583
233 0.20782
234 0.198886
235 0.119191
236 0.20289
237 0.192924
238 0.175198
239 0.220598
240 0.15056
241 0.215025
242 0.224389
243 0.216387
244 0.203301
245 0.146871
246 0.156848
247 0.182159
248 0.185443
249 0.148401
250 0.111141
251 0.168043
252 0.184154
253 0.150573
254 0.151825
255 0.128664
256 0.172797
257 0.171275
258 0.171176
259 0.1661
260 0.184353
261 0.202819
262 0.176202
263 0.144838
264 0.126791
265 0.169186
266 0.167185
267 0.164267
268 0.155404
269 0.0987653
270 0.137324
271 0.158712
272 0.1413
273 0.170294
274 0.171355
275 0.17182
276 0.181137
277 0.206572
278 0.140762
279 0.181005
280 0.201731
281 0.14054
282 0.202211
283 0.171679
284 0.158277
285 0.154686
286 0.17883
287 0.199217
288 0.154151
289 0.144527
290 0.16713
291 0.19295
292 0.184661
293 0.153918
294 0.197383
295 0.202274
296 0.144221
297 0.182325
298 0.17195
299 0.178009
300 0.211711
301 0.16894
302 0.135131
303 0.156443
304 0.13221
305 0.149917
306 0.166807
307 0.159071
308 0.199795
309 0.175983
310 0.158654
311 0.187873
312 0.199606
313 0.197082
314 0.197719
315 0.139378
316 0.19764
317 0.1717
318 0.159617
319 0.241848
320 0.151597
321 0.221941
322 0.175552
323 0.184793
324 0.17093
325 0.138889
326 0.190619
327 0.180232
328 0.126393
329 0.174378
330 0.202218
331 0.177031
332 0.169935
333 0.137536
334 0.161341
335 0.124256
336 0.172253
337 0.225307
338 0.178398
339 0.161669
340 0.21089
341 0.209901
342 0.158923
343 0.192564
344 0.201475
345 0.188077
346 0.243126
347 0.232799
348 0.19273
349 0.172423
350 0.20687
351 0.18717
352 0.225767
353 0.159323
354 0.157083
355 0.185831
356 0.156559
357 0.170496
358 0.146476
359 0.190667
360 0.137538
361 0.184107
362 0.197901
363 0.158617
364 0.189719
365 0.154076
366 0.124892
367 0.120619
368 0.194839
369 0.147993
370 0.178519
371 0.137171
372 0.174347
373 0.168299
374 0.170132
375 0.196353
376 0.237279
377 0.207208
378 0.160845
379 0.163074
380 0.196821
381 0.192433
382 0.235636
383 0.204795
384 0.138026
385 0.201245
386 0.178751
387 0.202613
388 0.202948
389 0.154012
390 0.154053
391 0.199611
392 0.160761
393 0.181607
394 0.201911
395 0.156721
396 0.201357
397 0.17558
398 0.156413
399 0.146405
400 0.148852
401 0.203687
402 0.15687
403 0.177218
404 0.199028
405 0.176379
406 0.151998
407 0.20084
408 0.149831
409 0.194791
410 0.17762
411 0.140725
412 0.196524
413 0.199002
414 0.119578
415 0.163173
416 0.20582
417 0.204756
418 0.201254
419 0.163143
420 0.158396
421 0.188956
422 0.158057
423 0.180349
424 0.165705
425 0.12845
426 0.21412
427 0.187094
428 0.19016
429 0.169365
430 0.180914
431 0.140893
432 0.186804
433 0.19915
434 0.168965
435 0.184817
436 0.192267
437 0.180772
438 0.187161
439 0.167687
440 0.224809
441 0.182519
442 0.172166
443 0.236575
444 0.200401
445 0.182575
446 0.139169
447 0.183554
448 0.173153
449 0.185804
450 0.229492
451 0.165848
452 0.174194
453 0.17042
454 0.191719
455 0.209686
456 0.224808
457 0.165778
458 0.19392
459 0.190388
460 0.207876
461 0.175361
462 0.144772
463 0.189527
464 0.182627
465 0.208725
466 0.133778
467 0.164486
468 0.180111
469 0.196112
470 0.196375
471 0.215931
472 0.191329
473 0.161239
474 0.212336
475 0.191847
476 0.174613
477 0.174463
478 0.194455
479 0.181853
480 0.212483
481 0.192558
482 0.212192
483 0.208927
484 0.192988
485 0.161742
486 0.165461
487 0.230016
488 0.232391
489 0.212441
490 0.151241
491 0.155048
492 0.156836
493 0.136234
494 0.207126
495 0.159924
496 0.154214
497 0.166236
498 0.184022
499 0.165526
500 0.14466
501 0.237037
502 0.239385
503 0.258671
504 0.17841
505 0.195044
506 0.181496
507 0.1684
508 0.218019
509 0.220933
510 0.208379
511 0.176046
512 0.17619
513 0.180039
514 0.185647
515 0.189744
516 0.201428
517 0.146071
518 0.162432
519 0.165736
520 0.17734
521 0.180275
522 0.187713
523 0.197796
524 0.17082
525 0.21201
526 0.199283
527 0.20858
528 0.181095
529 0.14522
530 0.173983
531 0.210581
532 0.176298
533 0.172687
534 0.178393
535 0.18985
536 0.17602
537 0.17796
538 0.175861
539 0.154031
540 0.16553
541 0.155011
542 0.185409
543 0.195078
544 0.194602
545 0.165816
546 0.165116
547 0.233862
548 0.170004
549 0.203895
550 0.189401
551 0.128928
552 0.15551
553 0.151084
554 0.220311
555 0.169275
556 0.17921
557 0.171797
558 0.162218
559 0.167632
560 0.202779
561 0.181282
562 0.134573
563 0.212531
564 0.153586
565 0.209729
566 0.125843
567 0.187092
568 0.1811
569 0.152409
570 0.187248
571 0.207439
572 0.176136
573 0.179233
574 0.171829
575 0.178602
576 0.178713
577 0.177452
578 0.190684
579 0.173791
580 0.157723
581 0.15717
582 0.193354
583 0.218106
584 0.24716
585 0.206172
586 0.18756
587 0.156104
588 0.173337
589 0.171066
590 0.189621
591 0.165207
592 0.134955
593 0.17894
594 0.162809
595 0.17521
596 0.154689
597 0.184894
598 0.189424
599 0.196947
600 0.198342
601 0.159099
602 0.185602
603 0.196551
604 0.198318
605 0.147842
606 0.192414
607 0.230643
608 0.19553
609 0.20931
610 0.203483
611 0.184985
612 0.188801
613 0.173678
614 0.166673
615 0.188873
616 0.155812
617 0.147977
618 0.134888
619 0.153305
620 0.159433
621 0.179222
622 0.148011
623 0.187963
624 0.141971
625 0.159087
626 0.160468
627 0.185278
628 0.170098
629 0.191143
630 0.19707
631 0.181078
632 0.158573
633 0.201801
634 0.220887
635 0.207966
636 0.148276
637 0.13912
638 0.214484
639 0.223013
640 0.200251
641 0.180297
642 0.197308
643 0.165675
644 0.24526
645 0.150969
646 0.169334
647 0.217907
648 0.179232
649 0.17006
650 0.205659
651 0.169716
652 0.173982
653 0.203877
654 0.207495
655 0.196264
656 0.189767
657 0.145211
658 0.211769
659 0.15958
660 0.205633
661 0.200739
662 0.141943
663 0.190003
664 0.177669
665 0.166302
666 0.193602
667 0.147574
668 0.18554
669 0.191407
670 0.11957
671 0.161718
672 0.16481
673 0.168931
674 0.203641
675 0.158139
676 0.161396
677 0.180324
678 0.123569
679 0.174152
680 0.150216
681 0.228667
682 0.203955
683 0.164606
684 0.159902
685 0.201372
686 0.156472
687 0.219361
688 0.183179
689 0.154604
690 0.251398
691 0.17655
692 0.194736
693 0.206122
694 0.143656
695 0.193682
696 0.239599
697 0.160435
698 0.167668
699 0.140652
700 0.163718
701 0.174824
702 0.188288
703 0.126633
704 0.163706
705 0.208749
706 0.204029
707 0.191626
708 0.156019
709 0.194023
710 0.163942
711 0.220826
712 0.13852
713 0.15987
714 0.206676
715 0.190767
716 0.141532
717 0.199572
718 0.15277
719 0.162678
720 0.207174
721 0.184855
722 0.206027
723 0.162878
724 0.178925
725 0.200428
726 0.178303
727 0.190572
728 0.20288
729 0.179899
730 0.194518
731 0.160727
732 0.19394
733 0.245055
734 0.195047
735 0.1664
736 0.187873
737 0.200516
738 0.176605
739 0.23027
740 0.135724
741 0.181212
742 0.174595
743 0.153442
744 0.158883
745 0.176787
746 0.156395
747 0.194769
748 0.184745
749 0.154982
750 0.147129
751 0.181813
752 0.155873
753 0.20955
754 0.216567
755 0.168255
756 0.16823
757 0.165891
758 0.167674
759 0.186411
760 0.157397
761 0.165364
762 0.168251
763 0.147412
764 0.163651
765 0.18341
766 0.20353
767 0.194095
768 0.201265
769 0.167507
770 0.169467
771 0.201244
772 0.151202
773 0.195311
774 0.233699
775 0.206378
776 0.163241
777 0.200486
778 0.168058
779 0.179298
780 0.240419
781 0.161074
782 0.192717
783 0.179403
784 0.16906
785 0.150944
786 0.185238
787 0.191268
788 0.135902
789 0.12476
790 0.173837
791 0.176403
792 0.180081
793 0.176028
794 0.180429
795 0.192623
796 0.198628
797 0.156635
798 0.157905
799 0.169908
800 0.189797
801 0.225507
802 0.191972
803 0.145111
804 0.154362
805 0.174215
806 0.19567
807 0.181638
808 0.172701
809 0.133811
810 0.189377
811 0.215996
812 0.168165
813 0.189473
814 0.117288
815 0.175108
816 0.162398
817 0.158182
818 0.166469
819 0.221794
820 0.202319
821 0.179059
822 0.140934
823 0.177615
824 0.153143
825 0.185002
826 0.180994
827 0.19251
828 0.165085
829 0.153603
830 0.196017
831 0.139671
832 0.119508
833 0.175826
834 0.159417
835 0.212805
836 0.157904
837 0.175892
838 0.12983
839 0.160108
840 0.201084
841 0.155905
842 0.133726
843 0.173693
844 0.227616
845 0.235166
846 0.123025
847 0.188475
848 0.20157
849 0.19032
850 0.148506
851 0.18774
852 0.166423
853 0.177385
854 0.198502
855 0.160669
856 0.170889
857 0.191459
858 0.248492
859 0.175663
860 0.116335
861 0.164947
862 0.136608
863 0.20922
864 0.184517
865 0.161631
866 0.136298
867 0.159981
868 0.186053
869 0.160829
870 0.197048
871 0.193474
872 0.157177
873 0.180504
874 0.212831
875 0.190234
876 0.18042
877 0.223623
878 0.194214
879 0.174415
880 0.152875
881 0.159053
882 0.20326
883 0.200672
884 0.155882
885 0.152403
886 0.223625
887 0.184693
888 0.202476
889 0.20576
890 0.160897
891 0.167178
892 0.168142
893 0.20206
894 0.181025
895 0.160964
896 0.156709
897 0.211269
898 0.194441
899 0.143332
900 0.190672
901 0.109158
902 0.152353
903 0.175412
904 0.214553
905 0.160729
906 0.191165
907 0.127421
908 0.150403
909 0.145424
910 0.177074
911 0.185902
912 0.203327
913 0.212901
914 0.178767
915 0.14327
916 0.239626
917 0.184879
918 0.215935
919 0.202634
920 0.189242
921 0.181588
922 0.173602
923 0.193648
924 0.197748
925 0.231765
926 0.120011
927 0.166288
928 0.209897
929 0.188698
930 0.235175
931 0.156829
932 0.135399
933 0.197797
934 0.185332
935 0.221179
936 0.19557
937 0.180812
938 0.242953
939 0.153287
940 0.144631
941 0.248038
942 0.197383
943 0.18302
944 0.226741
945 0.205229
946 0.206198
947 0.18762
948 0.205378
949 0.157647
950 0.156217
951 0.138305
952 0.181939
953 0.17178
954 0.2185
955 0.155858
956 0.157401
957 0.176316
958 0.201748
959 0.14623
960 0.178575
961 0.160273
962 0.174038
963 0.229844
964 0.166539
965 0.167643
966 0.1508
967 0.19053
968 0.146711
969 0.151774
970 0.184259
971 0.196887
972 0.190102
973 0.227654
974 0.181833
975 0.16835
976 0.169796
977 0.155687
978 0.170212
979 0.149688
980 0.210227
981 0.194037
982 0.159374
983 0.137247
984 0.207305
985 0.223253
986 0.1642
987 0.186733
988 0.18405
989 0.159759
990 0.206374
991 0.188483
992 0.233373
993 0.226745
994 0.183899
995 0.221308
996 0.155057
997 0.215609
998 0.236775
999 0.203512
1000 0.200826
1001 0.217655
1002 0.202977
1003 0.221546
1004 0.167009
1005 0.18024
1006 0.249705
1007 0.14735
1008 0.103678
1009 0.131691
1010 0.192372
1011 0.198057
1012 0.138437
1013 0.16733
1014 0.177551
1015 0.177941
1016 0.165742
1017 0.116392
1018 0.179308
1019 0.143882
1020 0.180635
1021 0.196975
1022 0.227603
1023 0.168679
1024 0.221145
1025 0.168962
1026 0.183646
1027 0.21933
1028 0.176787
1029 0.17331
1030 0.0823043
1031 0.138014
1032 0.202342
1033 0.194555
1034 0.202583
1035 0.204185
1036 0.179879
1037 0.146741
1038 0.177437
1039 0.171692
1040 0.176189
1041 0.201611
1042 0.145924
1043 0.202813
1044 0.176773
1045 0.19277
1046 0.179223
1047 0.199861
1048 0.202232
1049 0.158789
1050 0.21696
1051 0.179152
1052 0.126824
1053 0.197672
1054 0.224041
1055 0.198326
1056 0.191285
1057 0.14854
1058 0.215178
1059 0.225459
1060 0.211529
1061 0.22688
1062 0.220497
1063 0.186496
1064 0.209153
1065 0.139641
1066 0.189875
1067 0.155997
1068 0.211157
1069 0.138796
1070 0.19977
1071 0.155945
1072 0.183519
1073 0.169456
1074 0.1634
1075 0.177551
1076 0.226256
1077 0.175269
1078 0.174555
1079 0.159048
1080 0.151924
1081 0.131349
1082 0.204788
1083 0.144892
1084 0.186331
1085 0.175264
1086 0.193454
1087 0.141743
1088 0.163927
1089 0.186904
1090 0.165151
1091 0.188284
1092 0.170968
1093 0.231445
1094 0.193472
1095 0.197609
1096 0.152735
1097 0.177996
1098 0.177616
1099 0.233411
1100 0.177119
1101 0.140873
1102 0.211461
1103 0.211706
1104 0.181731
1105 0.191165
1106 0.186331
1107 0.156431
1108 0.177887
1109 0.161142
1110 0.228536
1111 0.181388
1112 0.134858
1113 0.229262
1114 0.208334
1115 0.198445
1116 0.271078
1117 0.170566
1118 0.22008
1119 0.0886152
1120 0.222892
1121 0.182866
1122 0.152452
1123 0.167855
1124 0.172958
1125 0.163693
1126 0.1677
1127 0.171213
1128 0.180472
1129 0.248302
1130 0.202513
1131 0.226335
1132 0.19809
1133 0.18104
1134 0.176783
1135 0.235122
1136 0.175146
1137 0.23665
1138 0.188832
1139 0.184576
1140 0.195339
1141 0.135098
1142 0.190017
1143 0.167236
1144 0.179933
1145 0.155124
1146 0.10964
1147 0.193921
1148 0.164167
1149 0.176345
1150 0.177854
1151 0.185286
1152 0.143093
1153 0.136141
1154 0.172441
1155 0.153337
1156 0.191389
1157 0.18952
1158 0.222702
1159 0.178295
1160 0.133477
1161 0.153207
1162 0.165066
1163 0.227918
1164 0.172291
1165 0.17669
1166 0.188733
1167 0.184553
1168 0.159882
1169 0.201375
1170 0.188957
1171 0.184109
1172 0.170581
1173 0.149219
1174 0.147866
1175 0.151763
1176 0.139035
1177 0.164121
1178 0.151111
1179 0.169961
1180 0.179971
1181 0.186611
1182 0.200425
1183 0.180036
1184 0.162795
1185 0.134877
1186 0.20222
1187 0.196899
1188 0.195335
1189 0.182282
1190 0.220548
1191 0.189567
1192 0.217242
1193 0.147845
1194 0.200098
1195 0.136242
1196 0.192351
1197 0.184353
1198 0.198471
1199 0.183811
1200 0.218754
1201 0.178069
1202 0.196705
1203 0.161065
1204 0.187465
1205 0.189329
1206 0.184934
1207 0.164456
1208 0.226065
1209 0.230004
1210 0.159122
1211 0.179909
1212 0.184028
1213 0.178408
1214 0.157269
1215 0.149226
1216 0.113552
1217 0.142471
1218 0.163233
1219 0.140145
1220 0.13154
1221 0.13693
1222 0.170653
1223 0.1309
1224 0.176766
1225 0.129015
1226 0.172131
1227 0.186522
1228 0.207677
1229 0.190323
1230 0.17063
1231 0.184105
1232 0.250107
1233 0.179699
1234 0.226217
1235 0.234471
1236 0.227671
1237 0.158019
1238 0.178019
1239 0.209115
1240 0.181083
1241 0.199289
1242 0.166854
1243 0.197483
1244 0.191047
1245 0.211502
1246 0.159282
1247 0.199822
1248 0.179367
1249 0.199969
1250 0.195737
1251 0.194556
1252 0.175265
1253 0.215298
1254 0.189499
1255 0.174348
1256 0.149279
1257 0.253801
1258 0.18053
1259 0.168898
1260 0.201037
1261 0.183232
1262 0.18015
1263 0.191909
1264 0.185712
1265 0.179197
1266 0.213498
1267 0.181178
1268 0.173864
1269 0.179507
1270 0.209493
1271 0.17099
1272 0.15003
1273 0.141353
1274 0.203856
1275 0.199358
1276 0.193915
1277 0.146359
1278 0.205049
1279 0.154364
1280 0.189622
1281 0.152664
1282 0.106976
1283 0.126503
1284 0.205562
1285 0.177925
1286 0.177613
1287 0.145037
1288 0.195037
1289 0.159953
1290 0.138879
1291 0.176639
1292 0.204103
1293 0.181199
1294 0.165717
1295 0.172858
1296 0.159323
1297 0.183135
1298 0.152218
1299 0.149748
1300 0.160366
1301 0.1699
1302 0.0956679
1303 0.137068
1304 0.178751
1305 0.167385
1306 0.161383
1307 0.130204
1308 0.165101
1309 0.179593
1310 0.165822
1311 0.145776
1312 0.174086
1313 0.139382
1314 0.190707
1315 0.206573
1316 0.175982
1317 0.193555
1318 0.201289
1319 0.210718
1320 0.209212
1321 0.177156
1322 0.176635
1323 0.228705
1324 0.207311
1325 0.169291
1326 0.152826
1327 0.224304
1328 0.180501
1329 0.150185
1330 0.163897
1331 0.204956
1332 0.167012
1333 0.234828
1334 0.147807
1335 0.218333
1336 0.185178
1337 0.131821
1338 0.187927
1339 0.185779
1340 0.23278
1341 0.173957
1342 0.154476
1343 0.127696
1344 0.14755
1345 0.179462
1346 0.108614
1347 0.152305
1348 0.230925
1349 0.156416
1350 0.167174
1351 0.188407
1352 0.214849
1353 0.229878
1354 0.167337
1355 0.20436
1356 0.165155
1357 0.193464
1358 0.171816
1359 0.174179
1360 0.213049
1361 0.198404
1362 0.201274
1363 0.131868
1364 0.167715
1365 0.182628
1366 0.19778
1367 0.15541
1368 0.195641
1369 0.186293
1370 0.198902
1371 0.197113
1372 0.175002
1373 0.194231
1374 0.207286
1375 0.185276
1376 0.148747
1377 0.163935
1378 0.175722
1379 0.182061
1380 0.158878
1381 0.183281
1382 0.214088
1383 0.199137
1384 0.190826
1385 0.185372
1386 0.197994
1387 0.169304
1388 0.154443
1389 0.197111
1390 0.154857
1391 0.181533
1392 0.137975
1393 0.135177
1394 0.188296
1395 0.155165
1396 0.18502
1397 0.175789
1398 0.130317
1399 0.247036
1400 0.186685
1401 0.250545
1402 0.25122
1403 0.156847
1404 0.199503
1405 0.172115
1406 0.142283
1407 0.17985
1408 0.165912
1409 0.165923
1410 0.202798
1411 0.189323
1412 0.159268
1413 0.146257
1414 0.154772
1415 0.164923
1416 0.110855
1417 0.153594
1418 0.181023
1419 0.136757
1420 0.212684
1421 0.129194
1422 0.187444
1423 0.16431
1424 0.1824
1425 0.175724
1426 0.168406
1427 0.186958
1428 0.148408
1429 0.210148
1430 0.216871
1431 0.208435
1432 0.15671
1433 0.168294
1434 0.19521
1435 0.202747
1436 0.151122
1437 0.16813
1438 0.156774
1439 0.218913
1440 0.179285
1441 0.163932
1442 0.161865
1443 0.187964
1444 0.194302
1445 0.150942
1446 0.177967
1447 0.153737
1448 0.216948
1449 0.24984
1450 0.139609
1451 0.123714
1452 0.151665
1453 0.189458
1454 0.181464
1455 0.216003
1456 0.178928
1457 0.164766
1458 0.175072
1459 0.172967
1460 0.2101
1461 0.165536
1462 0.205552
1463 0.137744
1464 0.197882
1465 0.206676
1466 0.201501
1467 0.210551
1468 0.174971
1469 0.171545
1470 0.203059
1471 0.210935
1472 0.154283
1473 0.136204
1474 0.195563
1475 0.145713
1476 0.151665
1477 0.177578
1478 0.23776
1479 0.226329
1480 0.161125
1481 0.141231
1482 0.209252
1483 0.219875
1484 0.159636
1485 0.17014
1486 0.154868
1487 0.192725
1488 0.186567
1489 0.198648
1490 0.186904
1491 0.128143
1492 0.238008
1493 0.229302
1494 0.260564
1495 0.175238
1496 0.180544
1497 0.163654
1498 0.187951
1499 0.151809
1500 0.155013
1501 0.210202
1502 0.208349
1503 0.238242
1504 0.184368
1505 0.195251
1506 0.222535
1507 0.215693
1508 0.223536
1509 0.15649
1510 0.163093
1511 0.169271
1512 0.151204
1513 0.203495
1514 0.15024
1515 0.132787
1516 0.179819
1517 0.205683
1518 0.167114
1519 0.158121
1520 0.160607
1521 0.182989
1522 0.197968
1523 0.173675
1524 0.158393
1525 0.180137
1526 0.191569
1527 0.161488
1528 0.180992
1529 0.153005
1530 0.172201
1531 0.201691
1532 0.136173
1533 0.251336
1534 0.196196
1535 0.181099
1536 0.188777
1537 0.1551
1538 0.154414
1539 0.158024
1540 0.155201
1541 0.1578
1542 0.165406
1543 0.15437
1544 0.161041
1545 0.186551
1546 0.116203
1547 0.141278
1548 0.179349
1549 0.125698
1550 0.149874
1551 0.17091
1552 0.144329
1553 0.141957
1554 0.0916121
1555 0.218399
1556 0.132668
1557 0.158066
1558 0.189265
1559 0.213494
1560 0.227214
1561 0.150535
1562 0.187051
1563 0.190179
1564 0.209002
1565 0.227175
1566 0.206433
1567 0.215489
1568 0.162117
1569 0.209166
1570 0.166211
1571 0.196145
1572 0.172013
1573 0.142089
1574 0.185857
1575 0.15262
1576 0.165037
1577 0.175501
1578 0.150149
1579 0.187208
1580 0.176085
1581 0.203332
1582 0.208309
1583 0.182713
1584 0.173526
1585 0.187827
1586 0.185138
1587 0.185283
1588 0.179578
1589 0.205068
1590 0.166226
1591 0.215916
1592 0.181906
1593 0.147053
1594 0.21565
1595 0.17447
1596 0.163693
1597 0.225348
1598 0.140028
1599 0.153671
1600 0.134676
1601 0.188716
1602 0.154565
1603 0.183088
1604 0.128719
1605 0.177031
1606 0.195216
1607 0.185542
1608 0.160904
1609 0.157926
1610 0.168113
1611 0.166749
1612 0.213675
1613 0.210045
1614 0.163542
1615 0.191509
1616 0.171561
1617 0.157704
1618 0.216893
1619 0.136393
1620 0.185431
1621 0.206571
1622 0.145617
1623 0.182021
1624 0.168996
1625 0.130271
1626 0.181036
1627 0.185898
1628 0.171693
1629 0.163917
1630 0.189558
1631 0.189264
1632 0.281989
1633 0.101537
1634 0.153511
1635 0.17639
1636 0.130642
1637 0.200039
1638 0.106952
1639 0.184984
1640 0.17116
1641 0.15081
1642 0.130109
1643 0.12332
1644 0.196337
1645 0.19321
1646 0.181675
1647 0.229303
1648 0.117997
1649 0.161015
1650 0.186547
1651 0.153741
1652 0.162666
1653 0.154421
1654 0.206613
1655 0.181965
1656 0.166856
1657 0.201456
1658 0.176348
1659 0.197959
1660 0.190153
1661 0.198486
1662 0.174398
1663 0.171736
1664 0.203067
1665 0.181791
1666 0.143484
1667 0.159664
1668 0.181158
1669 0.158259
1670 0.143025
1671 0.127943
1672 0.199105
1673 0.194431
1674 0.143833
1675 0.172996
1676 0.163318
1677 0.185608
1678 0.213994
1679 0.144455
1680 0.235019
1681 0.123576
1682 0.200854
1683 0.121548
1684 0.126147
1685 0.13511
1686 0.166864
1687 0.138151
1688 0.182075
1689 0.145253
1690 0.193273
1691 0.140652
1692 0.156792
1693 0.203337
1694 0.164859
1695 0.137115
1696 0.196348
1697 0.16684
1698 0.201804
1699 0.20214
1700 0.178275
1701 0.164222
1702 0.186381
1703 0.210768
1704 0.158815
1705 0.186728
1706 0.213929
1707 0.158688
1708 0.157113
1709 0.171546
1710 0.161485
1711 0.211285
1712 0.130308
1713 0.176038
1714 0.198696
1715 0.162842
1716 0.166975
1717 0.156948
1718 0.204676
1719 0.179011
1720 0.174086
1721 0.191065
1722 0.144645
1723 0.152879
1724 0.165073
1725 0.162156
1726 0.202793
1727 0.153158
1728 0.169718
1729 0.202089
1730 0.183042
1731 0.202068
1732 0.217471
1733 0.146995
1734 0.153527
1735 0.216703
1736 0.209309
1737 0.16591
1738 0.209117
1739 0.147899
1740 0.176905
1741 0.147319
1742 0.151465
1743 0.162783
1744 0.157916
1745 0.158424
1746 0.247651
1747 0.227612
1748 0.155323
1749 0.193592
1750 0.198134
1751 0.242535
1752 0.192928
1753 0.205043
1754 0.206932
1755 0.181283
1756 0.180102
1757 0.227889
1758 0.187099
1759 0.180312
1760 0.141687
1761 0.181196
1762 0.176752
1763 0.187423
1764 0.184954
1765 0.210854
1766 0.18549
1767 0.167874
1768 0.161733
1769 0.211663
1770 0.102968
1771 0.181521
1772 0.209279
1773 0.141158
1774 0.167253
1775 0.14148
1776 0.185557
1777 0.199334
1778 0.173059
1779 0.18967
1780 0.135798
1781 0.154748
1782 0.172498
1783 0.206187
1784 0.164732
1785 0.135998
1786 0.159744
1787 0.176815
1788 0.142367
1789 0.140119
1790 0.197423
1791 0.164199
1792 0.187006
1793 0.215896
1794 0.142201
1795 0.140066
1796 0.19048
1797 0.156714
1798 0.185797
1799 0.139816
1800 0.225157
1801 0.166623
1802 0.1146
1803 0.19116
1804 0.167666
1805 0.175927
1806 0.0979188
1807 0.172917
1808 0.199672
1809 0.171019
1810 0.164506
1811 0.229591
1812 0.126731
1813 0.146632
1814 0.250691
1815 0.189676
1816 0.189109
1817 0.132499
1818 0.20877
1819 0.1563
1820 0.228397
1821 0.202684
1822 0.194774
1823 0.158898
1824 0.222828
1825 0.177796
1826 0.193429
1827 0.183415
1828 0.17283
1829 0.160288
1830 0.195638
1831 0.211307
1832 0.168732
1833 0.132771
1834 0.177015
1835 0.209659
1836 0.176696
1837 0.210501
1838 0.109521
1839 0.25028
1840 0.241173
1841 0.136337
1842 0.181888
1843 0.154693
1844 0.176456
1845 0.211678
1846 0.201323
1847 0.218393
1848 0.189512
1849 0.169351
1850 0.121845
1851 0.185353
1852 0.158346
1853 0.205714
1854 0.158844
1855 0.167644
1856 0.195192
1857 0.14504
1858 0.145193
1859 0.196896
1860 0.140341
1861 0.157731
1862 0.148765
1863 0.194934
1864 0.186228
1865 0.176044
1866 0.159272
1867 0.205952
1868 0.170951
1869 0.170931
1870 0.155016
1871 0.201019
1872 0.22716
1873 0.164435
1874 0.18168
1875 0.145782
1876 0.150377
1877 0.175636
1878 0.240813
1879 0.168028
1880 0.164715
1881 0.152602
1882 0.197305
1883 0.225411
1884 0.189567
1885 0.178123
1886 0.182602
1887 0.195527
1888 0.15489
1889 0.108896
1890 0.184961
1891 0.203231
1892 0.202275
1893 0.203173
1894 0.12526
1895 0.200608
1896 0.190313
1897 0.166846
1898 0.181949
1899 0.253211
1900 0.187055
1901 0.12542
1902 0.173597
1903 0.131687
1904 0.211265
1905 0.116939
1906 0.150928
1907 0.138733
1908 0.196871
1909 0.171391
1910 0.211234
1911 0.206488
1912 0.223856
1913 0.177679
1914 0.153662
1915 0.204229
1916 0.204764
1917 0.183454
1918 0.17205
1919 0.160074
1920 0.221117
1921 0.188465
1922 0.197553
1923 0.188418
1924 0.169006
1925 0.250292
1926 0.178114
1927 0.154092
1928 0.14545
1929 0.149205
1930 0.171035
1931 0.140504
1932 0.162284
1933 0.217543
1934 0.147908
1935 0.193176
1936 0.104977
1937 0.17479
1938 0.139745
1939 0.0987245
1940 0.167169
1941 0.152946
1942 0.154115
1943 0.142608
1944 0.200898
1945 0.175083
1946 0.217074
1947 0.240079
1948 0.210338
1949 0.187357
1950 0.175639
1951 0.136715
1952 0.185163
1953 0.161708
1954 0.135708
1955 0.199286
1956 0.181514
1957 0.186312
1958 0.241416
1959 0.16831
1960 0.149473
1961 0.228354
1962 0.190149
1963 0.186538
1964 0.163139
1965 0.200576
1966 0.162498
1967 0.185321
1968 0.195313
1969 0.165817
1970 0.12384
1971 0.219406
1972 0.152877
1973 0.123038
1974 0.212847
1975 0.200191
1976 0.156003
1977 0.140346
1978 0.1932
1979 0.191583
1980 0.182703
1981 0.154605
1982 0.242946
1983 0.223394
1984 0.216465
1985 0.184644
1986 0.193323
1987 0.145064
1988 0.118495
1989 0.180807
1990 0.232258
1991 0.213175
1992 0.146352
1993 0.256266
1994 0.16482
1995 0.204104
1996 0.220696
1997 0.180882
1998 0.14038
1999 0.176442
2000 0.163725
2001 0.142913
2002 0.249971
2003 0.184173
2004 0.141628
2005 0.151919
2006 0.144927
2007 0.168658
2008 0.210674
2009 0.157523
2010 0.214307
2011 0.191452
2012 0.173326
2013 0.166887
2014 0.187155
2015 0.174978
2016 0.194052
2017 0.120503
2018 0.149102
2019 0.192894
2020 0.19535
2021 0.200985
2022 0.149586
2023 0.158526
2024 0.192251
2025 0.192482
2026 0.175042
2027 0.20711
2028 0.222271
2029 0.245778
2030 0.236787
2031 0.13377
2032 0.167911
2033 0.202988
2034 0.259886
2035 0.125835
2036 0.144178
2037 0.0825929
2038 0.169196
2039 0.18182
2040 0.197345
2041 0.206796
2042 0.156867
2043 0.193218
2044 0.24488
2045 0.155193
2046 0.181068
2047 0.154701
2048 0.259285
2049 0.179499
2050 0.179451
2051 0.195378
2052 0.193337
2053 0.138898
2054 0.217165
2055 0.173936
2056 0.251148
2057 0.165448
2058 0.187784
2059 0.235652
2060 0.21665
2061 0.246185
2062 0.202104
2063 0.166029
2064 0.186465
2065 0.189358
2066 0.188734
2067 0.157965
2068 0.198369
2069 0.187817
2070 0.0907781
2071 0.200963
2072 0.173002
2073 0.143363
2074 0.208863
2075 0.194769
2076 0.127402
2077 0.213858
2078 0.211063
2079 0.183211
2080 0.175863
2081 0.17111
2082 0.210655
2083 0.156163
2084 0.201609
2085 0.176269
2086 0.169504
2087 0.138723
2088 0.153152
2089 0.168452
2090 0.150844
2091 0.14591
2092 0.118543
2093 0.194937
2094 0.150891
2095 0.148851
2096 0.173536
2097 0.265662
2098 0.185377
2099 0
