0 36.7093
1 -33.4632
2 86.4308
3 101.462
4 108.876
5 113.284
6 122.444
7 123.747
8 109.512
9 122.048
10 42.8531
11 21.7449
12 10.8917
13 -0.868745
14 0.126867
15 0.454477
16 -0.119092
17 0.00693007
18 0.183158
19 0.165865
20 0.182199
21 0.152205
22 0.163785
23 0.18752
24 0.165292
25 0.164292
26 0.175273
27 0.1615
28 0.16525
29 0.207918
30 0.175092
31 0.169261
32 0.194274
33 0.16714
34 0.187141
35 0.178944
36 0.183752
37 0.196281
38 0.182538
39 0.190966
40 0.166062
41 0.189667
42 0.134522
43 0.125944
44 0.150522
45 0.148656
46 0.152673
47 0.193721
48 0.189095
49 0.177308
50 0.192895
51 0.167668
52 0.182516
53 0.165529
54 0.167105
55 0.152709
56 0.159281
57 0.173888
58 0.16925
59 0.189093
60 0.191284
61 0.16362
62 0.182618
63 0.174223
64 0.175242
65 0.143506
66 0.15877
67 0.160216
68 0.141812
69 0.180546
70 0.158046
71 0.16259
72 0.188457
73 0.170461
74 0.159323
75 0.173106
76 0.170109
77 0.189351
78 0.181223
79 0.178752
80 0.175449
81 0.193284
82 0.170867
83 0.186778
84 0.178459
85 0.193687
86 0.166621
87 0.174592
88 0.165848
89 0.177106
90 0.180662
91 0.172752
92 0.179631
93 0.161835
94 0.20286
95 0.183443
96 0.164495
97 0.198133
98 0.18717
99 0.188041
100 0.18133
101 0.19895
102 0.199695
103 0.21144
104 0.181024
105 0.203391
106 0.173813
107 0.179374
108 0.193345
109 0.140172
110 0.146245
111 0.163296
112 0.143019
113 0.161726
114 0.157628
115 0.138271
116 0.192664
117 0.16795
118 0.129272
119 0.176677
120 0.152443
121 0.168885
122 0.142977
123 0.156801
124 0.201524
125 0.187375
126 0.183219
127 0.190733
128 0.182618
129 0.169929
130 0.187299
131 0.185775
132 0.169299
133 0.192044
134 0.179648
135 0.158673
136 0.177585
137 0.1749
138 0.155635
139 0.167188
140 0.148938
141 0.152293
142 0.134671
143 0.199027
144 0.14355
145 0.172915
146 0.13927
147 0.14147
148 0.149942
149 0.129194
150 0.165967
151 0.145531
152 0.170258
153 0.178639
154 0.169921
155 0.168928
156 0.154282
157 0.178003
158 0.183127
159 0.178761
160 0.19235
161 0.193628
162 0.192822
163 0.174728
164 0.193358
165 0.16376
166 0.147123
167 0.160974
168 0.158887
169 0.173131
170 0.173853
171 0.15966
172 0.208531
173 0.183513
174 0.200286
175 0.195308
176 0.170393
177 0.15338
178 0.164099
179 0.17154
180 0.163696
181 0.176812
182 0.185373
183 0.167912
184 0.183637
185 0.172676
186 0.144353
187 0.185293
188 0.199666
189 0.152851
190 0.16569
191 0.148125
192 0.14733
193 0.161605
194 0.145307
195 0.161341
196 0.156378
197 0.163221
198 0.174712
199 0.155665
200 0.197757
201 0.182948
202 0.186444
203 0.185211
204 0.176089
205 0.18956
206 0.168338
207 0.1686
208 0.176153
209 0.17196
210 0.162703
211 0.183582
212 0.172943
213 0.185738
214 0.163777
215 0.163166
216 0.184852
217 0.170413
218 0.16847
219 0.177753
220 0.152292
221 0.163136
222 0.157999
223 0.139833
224 0.178088
225 0.166504
226 0.146839
227 0.209302
228 0.196445
229 0.180054
230 0.187282
231 0.174806
232 0.189652
233 0.178638
234 0.185762
235 0.20076
236 0.183838
237 0.208314
238 0.200151
239 0.195683
240 0.213706
241 0.179798
242 0.158864
243 0.1631
244 0.147477
245 0.167925
246 0.174901
247 0.155052
248 0.164728
249 0.177597
250 0.183282
251 0.163773
252 0.160885
253 0.154907
254 0.175612
255 0.191843
256 0.144928
257 0.149815
258 0.169518
259 0.16468
260 0.165723
261 0.141211
262 0.139348
263 0.187782
264 0.171436
265 0.143598
266 0.166276
267 0.155262
268 0.154892
269 0.178359
270 0.150391
271 0.15602
272 0.186875
273 0.14426
274 0.161082
275 0.183459
276 0.158739
277 0.190641
278 0.19441
279 0.169546
280 0.170051
281 0.177204
282 0.171084
283 0.167548
284 0.161929
285 0.179923
286 0.172139
287 0.179446
288 0.193346
289 0.186288
290 0.189484
291 0.177738
292 0.17577
293 0.186134
294 0.178201
295 0.188605
296 0.174568
297 0.176955
298 0.194539
299 0.158608
300 0.142079
301 0.192198
302 0.168525
303 0.171771
304 0.182416
305 0.156505
306 0.180487
307 0.176322
308 0.150014
309 0.175254
310 0.182404
311 0.186907
312 0.198017
313 0.177526
314 0.20604
315 0.204922
316 0.172178
317 0.193545
318 0.187964
319 0.161335
320 0.174823
321 0.158653
322 0.196928
323 0.170386
324 0.168968
325 0.171993
326 0.135331
327 0.176603
328 0.178381
329 0.14091
330 0.144798
331 0.17855
332 0.158315
333 0.184053
334 0.198958
335 0.175951
336 0.174059
337 0.176711
338 0.172778
339 0.168917
340 0.174675
341 0.166954
342 0.167084
343 0.196886
344 0.183687
345 0.183557
346 0.186615
347 0.182963
348 0.185511
349 0.169289
350 0.20435
351 0.185156
352 0.159102
353 0.181518
354 0.198195
355 0.194737
356 0.198329
357 0.199358
358 0.176777
359 0.189507
360 0.18836
361 0.151379
362 0.151814
363 0.173376
364 0.152987
365 0.15855
366 0.186315
367 0.177048
368 0.169611
369 0.173469
370 0.162669
371 0.197257
372 0.174897
373 0.177446
374 0.165026
375 0.185833
376 0.175535
377 0.169994
378 0.168293
379 0.165514
380 0.195732
381 0.168777
382 0.158849
383 0.159908
384 0.175288
385 0.198412
386 0.18818
387 0.181732
388 0.187327
389 0.192849
390 0.193962
391 0.173637
392 0.1593
393 0.170845
394 0.164336
395 0.155177
396 0.190299
397 0.166465
398 0.184415
399 0.210198
400 0.161956
401 0.162649
402 0.200256
403 0.162603
404 0.172962
405 0.163767
406 0.174163
407 0.166944
408 0.164822
409 0.165003
410 0.152561
411 0.199468
412 0.173603
413 0.156226
414 0.187325
415 0.18915
416 0.17733
417 0.143998
418 0.141787
419 0.172007
420 0.166046
421 0.143368
422 0.150217
423 0.166837
424 0.166921
425 0.184977
426 0.179739
427 0.18442
428 0.197907
429 0.183271
430 0.192203
431 0.184025
432 0.173028
433 0.160612
434 0.161669
435 0.192176
436 0.164864
437 0.186943
438 0.169018
439 0.184274
440 0.157289
441 0.152028
442 0.173406
443 0.1511
444 0.167463
445 0.161379
446 0.166176
447 0.189837
448 0.189042
449 0.17131
450 0.170057
451 0.198065
452 0.183302
453 0.191954
454 0.209902
455 0.176849
456 0.176374
457 0.185266
458 0.201868
459 0.183015
460 0.176956
461 0.191712
462 0.187421
463 0.174988
464 0.187821
465 0.178552
466 0.188658
467 0.199703
468 0.200802
469 0.176138
470 0.188835
471 0.157432
472 0.171108
473 0.182395
474 0.151198
475 0.17049
476 0.182554
477 0.193466
478 0.183324
479 0.180153
480 0.151211
481 0.19435
482 0.166807
483 0.156699
484 0.182302
485 0.18305
486 0.185499
487 0.187837
488 0.159062
489 0.191186
490 0.186875
491 0.168462
492 0.17121
493 0.158722
494 0.168686
495 0.15872
496 0.170372
497 0.199508
498 0.16799
499 0.182623
500 0.177691
501 0.172544
502 0.175605
503 0.154867
504 0.203171
505 0.202965
506 0.198391
507 0.212696
508 0.198308
509 0.162367
510 0.154165
511 0.18136
512 0.182338
513 0.153988
514 0.16346
515 0.186986
516 0.14844
517 0.173962
518 0.158728
519 0.166984
520 0.149837
521 0.156461
522 0.178666
523 0.157656
524 0.164662
525 0.161442
526 0.172525
527 0.153519
528 0.184317
529 0.198966
530 0.183638
531 0.191094
532 0.177705
533 0.185302
534 0.19976
535 0.185252
536 0.162788
537 0.17748
538 0.16568
539 0.176097
540 0.176056
541 0.160034
542 0.150816
543 0.17324
544 0.148979
545 0.162822
546 0.191552
547 0.159367
548 0.166364
549 0.180358
550 0.179228
551 0.168713
552 0.185961
553 0.180854
554 0.136149
555 0.164063
556 0.168128
557 0.157447
558 0.169345
559 0.160248
560 0.168289
561 0.181653
562 0.200377
563 0.159628
564 0.18156
565 0.181106
566 0.191223
567 0.164539
568 0.182013
569 0.166965
570 0.174671
571 0.19852
572 0.187244
573 0.167907
574 0.157348
575 0.186269
576 0.160031
577 0.16221
578 0.173535
579 0.170454
580 0.18227
581 0.210253
582 0.186389
583 0.190008
584 0.204578
585 0.208734
586 0.191284
587 0.189891
588 0.180835
589 0.181316
590 0.148915
591 0.140397
592 0.181146
593 0.153455
594 0.168546
595 0.164464
596 0.169328
597 0.166134
598 0.164166
599 0.16045
600 0.171016
601 0.173615
602 0.178789
603 0.192943
604 0.188481
605 0.199103
606 0.19041
607 0.188295
608 0.197058
609 0.191565
610 0.161775
611 0.180585
612 0.165549
613 0.15799
614 0.145085
615 0.155363
616 0.153402
617 0.150942
618 0.189017
619 0.170826
620 0.16954
621 0.147301
622 0.163648
623 0.141208
624 0.149703
625 0.161073
626 0.149229
627 0.141552
628 0.181487
629 0.187707
630 0.172689
631 0.193773
632 0.19508
633 0.180951
634 0.189839
635 0.174779
636 0.185706
637 0.201441
638 0.184548
639 0.169216
640 0.158721
641 0.174619
642 0.198179
643 0.181607
644 0.145356
645 0.172914
646 0.189621
647 0.164114
648 0.153408
649 0.189035
650 0.147491
651 0.17852
652 0.213288
653 0.170291
654 0.203648
655 0.182469
656 0.196962
657 0.19154
658 0.17624
659 0.191967
660 0.155619
661 0.196233
662 0.180803
663 0.184234
664 0.209841
665 0.186258
666 0.195038
667 0.187625
668 0.185724
669 0.19637
670 0.185317
671 0.184317
672 0.163609
673 0.150381
674 0.154724
675 0.154959
676 0.164537
677 0.175942
678 0.173029
679 0.15495
680 0.18279
681 0.131088
682 0.148395
683 0.158207
684 0.173964
685 0.182354
686 0.188166
687 0.172066
688 0.191096
689 0.193931
690 0.168556
691 0.170828
692 0.171164
693 0.179595
694 0.168346
695 0.162123
696 0.151735
697 0.154436
698 0.154972
699 0.181722
700 0.174927
701 0.158553
702 0.142688
703 0.190084
704 0.183423
705 0.159537
706 0.180468
707 0.184501
708 0.190162
709 0.172287
710 0.159803
711 0.162525
712 0.177486
713 0.164788
714 0.159966
715 0.17267
716 0.182278
717 0.18106
718 0.19344
719 0.166374
720 0.173413
721 0.1625
722 0.171874
723 0.19168
724 0.15939
725 0.195563
726 0.185265
727 0.169652
728 0.189359
729 0.16087
730 0.151535
731 0.173225
732 0.164598
733 0.155779
734 0.174041
735 0.174717
736 0.203857
737 0.204013
738 0.172624
739 0.190671
740 0.19393
741 0.17317
742 0.207221
743 0.172321
744 0.169193
745 0.160225
746 0.16994
747 0.149975
748 0.159811
749 0.175231
750 0.16582
751 0.176591
752 0.192281
753 0.158864
754 0.184687
755 0.182766
756 0.185107
757 0.177876
758 0.179972
759 0.168306
760 0.167351
761 0.190898
762 0.179647
763 0.201564
764 0.178193
765 0.184972
766 0.184719
767 0.169317
768 0.163615
769 0.182251
770 0.182863
771 0.163814
772 0.195587
773 0.183938
774 0.161174
775 0.196609
776 0.192125
777 0.196598
778 0.207569
779 0.173988
780 0.188984
781 0.184294
782 0.147244
783 0.175271
784 0.156941
785 0.155928
786 0.13729
787 0.139485
788 0.167957
789 0.162677
790 0.158971
791 0.165662
792 0.167329
793 0.190271
794 0.160403
795 0.174193
796 0.165586
797 0.157482
798 0.184578
799 0.161367
800 0.165286
801 0.180905
802 0.165238
803 0.197598
804 0.171764
805 0.198138
806 0.185709
807 0.15416
808 0.205629
809 0.189342
810 0.18732
811 0.198127
812 0.171366
813 0.160254
814 0.184285
815 0.181794
816 0.177771
817 0.164369
818 0.156652
819 0.151765
820 0.155319
821 0.167565
822 0.178724
823 0.148409
824 0.171751
825 0.147678
826 0.166126
827 0.158392
828 0.161745
829 0.17199
830 0.181695
831 0.182379
832 0.173058
833 0.156292
834 0.176713
835 0.163903
836 0.159183
837 0.168257
838 0.185196
839 0.185588
840 0.186564
841 0.163752
842 0.181156
843 0.1946
844 0.168014
845 0.139378
846 0.18201
847 0.185915
848 0.152521
849 0.165543
850 0.18942
851 0.151363
852 0.158524
853 0.184269
854 0.169829
855 0.171116
856 0.200542
857 0.183681
858 0.170793
859 0.192411
860 0.207906
861 0.174337
862 0.192293
863 0.184848
864 0.16249
865 0.195624
866 0.209298
867 0.170097
868 0.158821
869 0.195165
870 0.166348
871 0.157168
872 0.201556
873 0.204346
874 0.187767
875 0.205551
876 0.202968
877 0.192131
878 0.198502
879 0.191569
880 0.176862
881 0.168511
882 0.16545
883 0.166333
884 0.152494
885 0.155583
886 0.157129
887 0.175717
888 0.176345
889 0.155385
890 0.169946
891 0.170071
892 0.177208
893 0.150629
894 0.143146
895 0.174363
896 0.157497
897 0.144986
898 0.150669
899 0.160642
900 0.140046
901 0.17335
902 0.156197
903 0.160518
904 0.139917
905 0.140053
906 0.150895
907 0.161301
908 0.174404
909 0.179452
910 0.145866
911 0.182052
912 0.157073
913 0.139858
914 0.171129
915 0.168655
916 0.159673
917 0.163103
918 0.143247
919 0.159955
920 0.185378
921 0.167166
922 0.159351
923 0.173341
924 0.164772
925 0.165568
926 0.203472
927 0.170924
928 0.173619
929 0.170275
930 0.161562
931 0.173093
932 0.195279
933 0.191999
934 0.1733
935 0.19059
936 0.194177
937 0.20552
938 0.180446
939 0.198752
940 0.192851
941 0.173506
942 0.183234
943 0.181752
944 0.149373
945 0.15523
946 0.154602
947 0.14805
948 0.145518
949 0.156512
950 0.163809
951 0.164194
952 0.145803
953 0.167906
954 0.163827
955 0.17056
956 0.177953
957 0.190056
958 0.184171
959 0.191748
960 0.196132
961 0.198301
962 0.164087
963 0.143625
964 0.155693
965 0.147246
966 0.147207
967 0.126145
968 0.163032
969 0.148006
970 0.137868
971 0.155817
972 0.142871
973 0.156771
974 0.163365
975 0.179832
976 0.184502
977 0.179029
978 0.185616
979 0.18739
980 0.155801
981 0.157206
982 0.162765
983 0.173686
984 0.144813
985 0.154989
986 0.183738
987 0.178906
988 0.190853
989 0.173112
990 0.190868
991 0.175083
992 0.148641
993 0.183355
994 0.176514
995 0.177615
996 0.192513
997 0.18869
998 0.189636
999 0.169186
1000 0.196415
1001 0.204656
1002 0.167753
1003 0.174398
1004 0.193349
1005 0.181386
1006 0.166056
1007 0.18506
1008 0.188092
1009 0.187871
1010 0.184509
1011 0.148585
1012 0.166886
1013 0.153112
1014 0.14395
1015 0.15944
1016 0.140543
1017 0.184167
1018 0.152476
1019 0.172191
1020 0.166284
1021 0.157054
1022 0.184644
1023 0.174437
1024 0.155773
1025 0.17372
1026 0.161959
1027 0.169503
1028 0.151258
1029 0.175122
1030 0.212508
1031 0.16326
1032 0.174901
1033 0.147402
1034 0.147151
1035 0.17877
1036 0.179835
1037 0.172044
1038 0.183554
1039 0.206365
1040 0.189322
1041 0.18
1042 0.186587
1043 0.185986
1044 0.17734
1045 0.172982
1046 0.199462
1047 0.175427
1048 0.160543
1049 0.186038
1050 0.155794
1051 0.15731
1052 0.187249
1053 0.158303
1054 0.163408
1055 0.181278
1056 0.197827
1057 0.195016
1058 0.199569
1059 0.191552
1060 0.173666
1061 0.197255
1062 0.173406
1063 0.211437
1064 0.205161
1065 0.216745
1066 0.196722
1067 0.193498
1068 0.182188
1069 0.176788
1070 0.138952
1071 0.193794
1072 0.16145
1073 0.156384
1074 0.159186
1075 0.186289
1076 0.174355
1077 0.166336
1078 0.193588
1079 0.210719
1080 0.212395
1081 0.211372
1082 0.20175
1083 0.192636
1084 0.18933
1085 0.191154
1086 0.158488
1087 0.196698
1088 0.157919
1089 0.15118
1090 0.181678
1091 0.146151
1092 0.166659
1093 0.175304
1094 0.181084
1095 0.167608
1096 0.186851
1097 0.210978
1098 0.179743
1099 0.173261
1100 0.175473
1101 0.178975
1102 0.19601
1103 0.170642
1104 0.158543
1105 0.189448
1106 0.178665
1107 0.16878
1108 0.19024
1109 0.187509
1110 0.167024
1111 0.185326
1112 0.195022
1113 0.192594
1114 0.178625
1115 0.171813
1116 0.122344
1117 0.146337
1118 0.133612
1119 0.178929
1120 0.112254
1121 0.127631
1122 0.150071
1123 0.145835
1124 0.164308
1125 0.169378
1126 0.16301
1127 0.173158
1128 0.182411
1129 0.154786
1130 0.19409
1131 0.175407
1132 0.196253
1133 0.194761
1134 0.179434
1135 0.196357
1136 0.171246
1137 0.168718
1138 0.164864
1139 0.169825
1140 0.204324
1141 0.164999
1142 0.182933
1143 0.194216
1144 0.17329
1145 0.198498
1146 0.179931
1147 0.147703
1148 0.177484
1149 0.169336
1150 0.160706
1151 0.168702
1152 0.186709
1153 0.189069
1154 0.181729
1155 0.177403
1156 0.165992
1157 0.176014
1158 0.17031
1159 0.162664
1160 0.1781
1161 0.197787
1162 0.159528
1163 0.151765
1164 0.17691
1165 0.171621
1166 0.154087
1167 0.158744
1168 0.171455
1169 0.14138
1170 0.176645
1171 0.151227
1172 0.176608
1173 0.196103
1174 0.165901
1175 0.199879
1176 0.180594
1177 0.149609
1178 0.165235
1179 0.14327
1180 0.161387
1181 0.163539
1182 0.163293
1183 0.174009
1184 0.168808
1185 0.18779
1186 0.14891
1187 0.132929
1188 0.143759
1189 0.158926
1190 0.137962
1191 0.168536
1192 0.18878
1193 0.185425
1194 0.184507
1195 0.186148
1196 0.179245
1197 0.169483
1198 0.143085
1199 0.163696
1200 0.146071
1201 0.185506
1202 0.153991
1203 0.206655
1204 0.19744
1205 0.175511
1206 0.211445
1207 0.181576
1208 0.185454
1209 0.186055
1210 0.170898
1211 0.171753
1212 0.196469
1213 0.166523
1214 0.184484
1215 0.177589
1216 0.175621
1217 0.181173
1218 0.170564
1219 0.163322
1220 0.159088
1221 0.180244
1222 0.164107
1223 0.180689
1224 0.174476
1225 0.178486
1226 0.194342
1227 0.193261
1228 0.176903
1229 0.207817
1230 0.204097
1231 0.217651
1232 0.208695
1233 0.191449
1234 0.196562
1235 0.175026
1236 0.176565
1237 0.183971
1238 0.169626
1239 0.207917
1240 0.173093
1241 0.187483
1242 0.212224
1243 0.194693
1244 0.211108
1245 0.171544
1246 0.182201
1247 0.191505
1248 0.174806
1249 0.163838
1250 0.152609
1251 0.145804
1252 0.182156
1253 0.163203
1254 0.14435
1255 0.164931
1256 0.192046
1257 0.149793
1258 0.183472
1259 0.175587
1260 0.193034
1261 0.203482
1262 0.168231
1263 0.198734
1264 0.189142
1265 0.167457
1266 0.181239
1267 0.153679
1268 0.153658
1269 0.201764
1270 0.169025
1271 0.174115
1272 0.183621
1273 0.211709
1274 0.183492
1275 0.164843
1276 0.15337
1277 0.175127
1278 0.15948
1279 0.157913
1280 0.142339
1281 0.161377
1282 0.179766
1283 0.20691
1284 0.149594
1285 0.187509
1286 0.173301
1287 0.18121
1288 0.175674
1289 0.180599
1290 0.194775
1291 0.150629
1292 0.162188
1293 0.176995
1294 0.160266
1295 0.159936
1296 0.169015
1297 0.147218
1298 0.157734
1299 0.162141
1300 0.138355
1301 0.150546
1302 0.196079
1303 0.151097
1304 0.173414
1305 0.172439
1306 0.160658
1307 0.187041
1308 0.147148
1309 0.171515
1310 0.177856
1311 0.163781
1312 0.165389
1313 0.177711
1314 0.165132
1315 0.187393
1316 0.161835
1317 0.17845
1318 0.200112
1319 0.192449
1320 0.158426
1321 0.181735
1322 0.204037
1323 0.144676
1324 0.148143
1325 0.18457
1326 0.16974
1327 0.138635
1328 0.179979
1329 0.168462
1330 0.179827
1331 0.19852
1332 0.171479
1333 0.17637
1334 0.197372
1335 0.153825
1336 0.168254
1337 0.182613
1338 0.172279
1339 0.156729
1340 0.161644
1341 0.158462
1342 0.164717
1343 0.191995
1344 0.150369
1345 0.146454
1346 0.185593
1347 0.172029
1348 0.148406
1349 0.168981
1350 0.200329
1351 0.195985
1352 0.1596
1353 0.184605
1354 0.195934
1355 0.184396
1356 0.178241
1357 0.159927
1358 0.177011
1359 0.170234
1360 0.161219
1361 0.166537
1362 0.148645
1363 0.196577
1364 0.175902
1365 0.17263
1366 0.165669
1367 0.162802
1368 0.18449
1369 0.18448
1370 0.179338
1371 0.189377
1372 0.187115
1373 0.188789
1374 0.182995
1375 0.171348
1376 0.179984
1377 0.188441
1378 0.162484
1379 0.15142
1380 0.180192
1381 0.169382
1382 0.165925
1383 0.19366
1384 0.192831
1385 0.187776
1386 0.191199
1387 0.200627
1388 0.179896
1389 0.178409
1390 0.169069
1391 0.164081
1392 0.175527
1393 0.171857
1394 0.149744
1395 0.147379
1396 0.17525
1397 0.174462
1398 0.165318
1399 0.163943
1400 0.172813
1401 0.134445
1402 0.143747
1403 0.176733
1404 0.160045
1405 0.16543
1406 0.195861
1407 0.182254
1408 0.202055
1409 0.174707
1410 0.150019
1411 0.171848
1412 0.163602
1413 0.151742
1414 0.144877
1415 0.162286
1416 0.16669
1417 0.162918
1418 0.18147
1419 0.190074
1420 0.177104
1421 0.230868
1422 0.207037
1423 0.19327
1424 0.208015
1425 0.194052
1426 0.164204
1427 0.161787
1428 0.19064
1429 0.163174
1430 0.150961
1431 0.148286
1432 0.177376
1433 0.189729
1434 0.15855
1435 0.157806
1436 0.175761
1437 0.185749
1438 0.201131
1439 0.165242
1440 0.162447
1441 0.181638
1442 0.170682
1443 0.162404
1444 0.169243
1445 0.170355
1446 0.158407
1447 0.183056
1448 0.168819
1449 0.132668
1450 0.181048
1451 0.180529
1452 0.137641
1453 0.161965
1454 0.158218
1455 0.170263
1456 0.154314
1457 0.176743
1458 0.192701
1459 0.182892
1460 0.172039
1461 0.175502
1462 0.190699
1463 0.183237
1464 0.154444
1465 0.14454
1466 0.152976
1467 0.134422
1468 0.145535
1469 0.161264
1470 0.146928
1471 0.168684
1472 0.176831
1473 0.182249
1474 0.183486
1475 0.184575
1476 0.15949
1477 0.193599
1478 0.157074
1479 0.1348
1480 0.165476
1481 0.179262
1482 0.150879
1483 0.159043
1484 0.159602
1485 0.174257
1486 0.216462
1487 0.185388
1488 0.213236
1489 0.210967
1490 0.188679
1491 0.206862
1492 0.19102
1493 0.162344
1494 0.134767
1495 0.176129
1496 0.183532
1497 0.181164
1498 0.182045
1499 0.170591
1500 0.171871
1501 0.190448
1502 0.149109
1503 0.154975
1504 0.169002
1505 0.145097
1506 0.163332
1507 0.167512
1508 0.175951
1509 0.180813
1510 0.204888
1511 0.181637
1512 0.174618
1513 0.155678
1514 0.152545
1515 0.177776
1516 0.155618
1517 0.155593
1518 0.181804
1519 0.195882
1520 0.184124
1521 0.196002
1522 0.182773
1523 0.170306
1524 0.190166
1525 0.17164
1526 0.15908
1527 0.174044
1528 0.157334
1529 0.150382
1530 0.176954
1531 0.154769
1532 0.165935
1533 0.135468
1534 0.143313
1535 0.171357
1536 0.185241
1537 0.157804
1538 0.179532
1539 0.168763
1540 0.177612
1541 0.162477
1542 0.16522
1543 0.166946
1544 0.145099
1545 0.161296
1546 0.17619
1547 0.16259
1548 0.136406
1549 0.159054
1550 0.170792
1551 0.151129
1552 0.150714
1553 0.182072
1554 0.196757
1555 0.150238
1556 0.195018
1557 0.18657
1558 0.172107
1559 0.165469
1560 0.141203
1561 0.192769
1562 0.181502
1563 0.151738
1564 0.187423
1565 0.151944
1566 0.178237
1567 0.160342
1568 0.14746
1569 0.179834
1570 0.146155
1571 0.135535
1572 0.187293
1573 0.171507
1574 0.174574
1575 0.199528
1576 0.177334
1577 0.189236
1578 0.170539
1579 0.164275
1580 0.182063
1581 0.165152
1582 0.173097
1583 0.170202
1584 0.172125
1585 0.182092
1586 0.171277
1587 0.181073
1588 0.16699
1589 0.174916
1590 0.206856
1591 0.161388
1592 0.19632
1593 0.183453
1594 0.175005
1595 0.16404
1596 0.149691
1597 0.140999
1598 0.172113
1599 0.151621
1600 0.178441
1601 0.154784
1602 0.161401
1603 0.155101
1604 0.195134
1605 0.16144
1606 0.140739
1607 0.193623
1608 0.186698
1609 0.19024
1610 0.205533
1611 0.220846
1612 0.165227
1613 0.15917
1614 0.21401
1615 0.15238
1616 0.162338
1617 0.175372
1618 0.15503
1619 0.176662
1620 0.163094
1621 0.181017
1622 0.196797
1623 0.196956
1624 0.181524
1625 0.197732
1626 0.190169
1627 0.194805
1628 0.159643
1629 0.17564
1630 0.160109
1631 0.175639
1632 0.140547
1633 0.170979
1634 0.206033
1635 0.178884
1636 0.181587
1637 0.150564
1638 0.166155
1639 0.142273
1640 0.141934
1641 0.16844
1642 0.168618
1643 0.159442
1644 0.171903
1645 0.171108
1646 0.152712
1647 0.17515
1648 0.184644
1649 0.17329
1650 0.186654
1651 0.190209
1652 0.170198
1653 0.182213
1654 0.170144
1655 0.170327
1656 0.193578
1657 0.147317
1658 0.170464
1659 0.162063
1660 0.155799
1661 0.171174
1662 0.189377
1663 0.162726
1664 0.170844
1665 0.177304
1666 0.162367
1667 0.188412
1668 0.165986
1669 0.181019
1670 0.18192
1671 0.208378
1672 0.18832
1673 0.158451
1674 0.180884
1675 0.185221
1676 0.174103
1677 0.154163
1678 0.163388
1679 0.167186
1680 0.134838
1681 0.190002
1682 0.131369
1683 0.172562
1684 0.164563
1685 0.157414
1686 0.172634
1687 0.152815
1688 0.155123
1689 0.173903
1690 0.156681
1691 0.177013
1692 0.14951
1693 0.14042
1694 0.149519
1695 0.167378
1696 0.150031
1697 0.171873
1698 0.161324
1699 0.184753
1700 0.175439
1701 0.195152
1702 0.200642
1703 0.167799
1704 0.184462
1705 0.174632
1706 0.153626
1707 0.158339
1708 0.177526
1709 0.162499
1710 0.163189
1711 0.148323
1712 0.196602
1713 0.186581
1714 0.171636
1715 0.180643
1716 0.190653
1717 0.20207
1718 0.160116
1719 0.158342
1720 0.194675
1721 0.19376
1722 0.191374
1723 0.185871
1724 0.195599
1725 0.192935
1726 0.166297
1727 0.163795
1728 0.159972
1729 0.179634
1730 0.162721
1731 0.144066
1732 0.162393
1733 0.186016
1734 0.162793
1735 0.138962
1736 0.14336
1737 0.144409
1738 0.13398
1739 0.165136
1740 0.141384
1741 0.186304
1742 0.176382
1743 0.184779
1744 0.196208
1745 0.19099
1746 0.188381
1747 0.148817
1748 0.173124
1749 0.185757
1750 0.178996
1751 0.15107
1752 0.16692
1753 0.187868
1754 0.173306
1755 0.158769
1756 0.176997
1757 0.152001
1758 0.177415
1759 0.166592
1760 0.200224
1761 0.175986
1762 0.158712
1763 0.187324
1764 0.166815
1765 0.146467
1766 0.168773
1767 0.200586
1768 0.170716
1769 0.154826
1770 0.184901
1771 0.149617
1772 0.153854
1773 0.17862
1774 0.170324
1775 0.18539
1776 0.164469
1777 0.186527
1778 0.197261
1779 0.17582
1780 0.204477
1781 0.169291
1782 0.193505
1783 0.159834
1784 0.157825
1785 0.171145
1786 0.148524
1787 0.178652
1788 0.155336
1789 0.148084
1790 0.146805
1791 0.173806
1792 0.153304
1793 0.128567
1794 0.160047
1795 0.177008
1796 0.175043
1797 0.18314
1798 0.170875
1799 0.190656
1800 0.144346
1801 0.169762
1802 0.200879
1803 0.159176
1804 0.149831
1805 0.158435
1806 0.203066
1807 0.156888
1808 0.141318
1809 0.163398
1810 0.173405
1811 0.123481
1812 0.17023
1813 0.167142
1814 0.112625
1815 0.144129
1816 0.151468
1817 0.152895
1818 0.155864
1819 0.171993
1820 0.131809
1821 0.154027
1822 0.142796
1823 0.157223
1824 0.117179
1825 0.137502
1826 0.154078
1827 0.171489
1828 0.151015
1829 0.188816
1830 0.191523
1831 0.160495
1832 0.19616
1833 0.193046
1834 0.18962
1835 0.159807
1836 0.16077
1837 0.173945
1838 0.198975
1839 0.161569
1840 0.171566
1841 0.204178
1842 0.176768
1843 0.226628
1844 0.18013
1845 0.163962
1846 0.200501
1847 0.168538
1848 0.165609
1849 0.193636
1850 0.208877
1851 0.189355
1852 0.189476
1853 0.145412
1854 0.180015
1855 0.160346
1856 0.157616
1857 0.170529
1858 0.166642
1859 0.152206
1860 0.171345
1861 0.174848
1862 0.182868
1863 0.159308
1864 0.175251
1865 0.16995
1866 0.193204
1867 0.189549
1868 0.162023
1869 0.194052
1870 0.189086
1871 0.158551
1872 0.183775
1873 0.194587
1874 0.174115
1875 0.203222
1876 0.201
1877 0.180655
1878 0.18355
1879 0.199642
1880 0.197025
1881 0.215102
1882 0.197969
1883 0.181022
1884 0.174307
1885 0.175916
1886 0.19777
1887 0.176825
1888 0.200103
1889 0.204854
1890 0.195376
1891 0.180192
1892 0.159212
1893 0.163637
1894 0.168517
1895 0.134057
1896 0.151488
1897 0.149768
1898 0.133692
1899 0.130414
1900 0.130479
1901 0.176333
1902 0.16558
1903 0.16289
1904 0.16039
1905 0.207158
1906 0.183666
1907 0.195993
1908 0.202731
1909 0.198717
1910 0.183586
1911 0.192371
1912 0.168851
1913 0.188744
1914 0.196438
1915 0.173868
1916 0.149965
1917 0.166523
1918 0.168645
1919 0.168572
1920 0.140735
1921 0.14968
1922 0.168657
1923 0.153209
1924 0.165399
1925 0.135729
1926 0.141663
1927 0.177664
1928 0.174134
1929 0.152215
1930 0.160858
1931 0.163284
1932 0.165641
1933 0.148636
1934 0.1617
1935 0.173311
1936 0.198232
1937 0.160871
1938 0.168593
1939 0.182463
1940 0.152505
1941 0.1637
1942 0.16495
1943 0.159563
1944 0.15369
1945 0.166871
1946 0.170696
1947 0.151001
1948 0.141873
1949 0.158754
1950 0.17038
1951 0.174308
1952 0.157213
1953 0.179148
1954 0.17158
1955 0.162088
1956 0.186611
1957 0.173504
1958 0.135274
1959 0.155902
1960 0.197371
1961 0.163442
1962 0.154534
1963 0.187361
1964 0.182776
1965 0.167959
1966 0.201636
1967 0.175566
1968 0.172996
1969 0.185441
1970 0.190331
1971 0.140883
1972 0.161078
1973 0.196169
1974 0.159662
1975 0.169713
1976 0.178802
1977 0.211292
1978 0.223692
1979 0.16685
1980 0.190709
1981 0.209982
1982 0.176576
1983 0.184982
1984 0.159391
1985 0.204523
1986 0.183881
1987 0.185533
1988 0.180961
1989 0.182422
1990 0.18195
1991 0.166542
1992 0.197446
1993 0.152159
1994 0.179184
1995 0.152218
1996 0.149933
1997 0.171615
1998 0.187396
1999 0.187932
2000 0.192904
2001 0.186925
2002 0.165653
2003 0.168861
2004 0.164852
2005 0.198162
2006 0.172011
2007 0.180715
2008 0.16712
2009 0.189969
2010 0.186304
2011 0.165952
2012 0.176277
2013 0.203266
2014 0.190272
2015 0.168615
2016 0.189392
2017 0.198801
2018 0.191163
2019 0.178788
2020 0.171873
2021 0.157028
2022 0.173605
2023 0.191245
2024 0.164586
2025 0.163788
2026 0.150556
2027 0.15187
2028 0.165982
2029 0.148664
2030 0.137611
2031 0.191587
2032 0.184077
2033 0.157811
2034 0.159666
2035 0.164289
2036 0.19688
2037 0.208374
2038 0.182564
2039 0.197748
2040 0.13496
2041 0.181799
2042 0.209131
2043 0.185903
2044 0.165267
2045 0.173695
2046 0.178631
2047 0.186694
2048 0.117479
2049 0.155294
2050 0.15908
2051 0.143641
2052 0.15892
2053 0.183048
2054 0.154676
2055 0.203608
2056 0.165429
2057 0.199083
2058 0.182546
2059 0.19165
2060 0.191918
2061 0.154182
2062 0.18256
2063 0.186786
2064 0.174967
2065 0.165329
2066 0.16667
2067 0.181003
2068 0.158733
2069 0.173564
2070 0.190947
2071 0.165841
2072 0.159928
2073 0.168968
2074 0.136904
2075 0.13121
2076 0.194759
2077 0.15845
2078 0.151798
2079 0.167578
2080 0.169593
2081 0.193456
2082 0.150065
2083 0.176659
2084 0.147019
2085 0.165522
2086 0.165591
2087 0.164792
2088 0.18852
2089 0.174686
2090 0.167597
2091 0.188368
2092 0.189245
2093 0.154767
2094 0.198042
2095 0.180148
2096 0.181906
2097 0.135602
2098 0.160374
2099 0
