0 -94.6894
1 49.7938
2 -2.73712
3 4.19679
4 0.833214
5 -0.785436
6 -2.14777
7 -2.33944
8 -2.73646
9 -2.85851
10 -2.9952
11 -3.00833
12 -3.07567
13 -2.95655
14 -3.05911
15 -3.0458
16 -3.08573
17 -2.83051
18 -3.15181
19 -2.90074
20 -3.32909
21 -2.70613
22 -3.16473
23 -3.06024
24 -2.95719
25 -3.06744
26 -2.82043
27 -3.16644
28 -2.78879
29 -3.00823
30 -3.34485
31 -2.47697
32 -3.31774
33 -2.50337
34 -3.17355
35 -2.75363
36 -2.6412
37 -3.2232
38 -2.05681
39 -3.48114
40 -1.37393
41 -2.92453
42 -1.72785
43 -1.69517
44 -2.6154
45 -1.05381
46 -1.78907
47 -0.580191
48 -1.03629
49 -1.03646
50 -0.609118
51 -0.349228
52 -0.111788
53 -0.0321416
54 -0.084077
55 0.0128481
56 0.0845573
57 0.0496071
58 0.113378
59 0.121437
60 0.133532
61 0.173409
62 0.166237
63 0.165659
64 0.187258
65 0.165672
66 0.161886
67 0.165764
68 0.15293
69 0.173378
70 0.17233
71 0.16779
72 0.1744
73 0.169363
74 0.169546
75 0.183413
76 0.184987
77 0.160734
78 0.187283
79 0.159126
80 0.17823
81 0.1896
82 0.17445
83 0.172461
84 0.200736
85 0.177137
86 0.169448
87 0.187348
88 0.163265
89 0.188104
90 0.176854
91 0.172507
92 0.175827
93 0.168273
94 0.200078
95 0.18338
96 0.165464
97 0.198819
98 0.193325
99 0.183755
100 0.198644
101 0.194814
102 0.212637
103 0.183412
104 0.187289
105 0.204278
106 0.191667
107 0.169498
108 0.172988
109 0.145696
110 0.154571
111 0.159256
112 0.158152
113 0.154363
114 0.17264
115 0.153582
116 0.176467
117 0.166785
118 0.148452
119 0.158002
120 0.151531
121 0.152894
122 0.159612
123 0.148644
124 0.180177
125 0.176063
126 0.183498
127 0.189768
128 0.179009
129 0.178136
130 0.177856
131 0.172647
132 0.168908
133 0.200916
134 0.179517
135 0.170336
136 0.184634
137 0.176731
138 0.168538
139 0.169658
140 0.16901
141 0.156382
142 0.162401
143 0.1646
144 0.156585
145 0.159564
146 0.161008
147 0.17032
148 0.159249
149 0.147377
150 0.177514
151 0.161436
152 0.168115
153 0.171545
154 0.157083
155 0.171128
156 0.162279
157 0.168835
158 0.18721
159 0.175046
160 0.188133
161 0.173905
162 0.185322
163 0.182239
164 0.172337
165 0.164969
166 0.150615
167 0.166835
168 0.148519
169 0.160964
170 0.15791
171 0.16829
172 0.204207
173 0.191697
174 0.175815
175 0.178125
176 0.172233
177 0.159528
178 0.167161
179 0.176963
180 0.161663
181 0.182529
182 0.188714
183 0.169264
184 0.173266
185 0.167289
186 0.160074
187 0.188479
188 0.176751
189 0.157117
190 0.159061
191 0.167185
192 0.151383
193 0.167132
194 0.153102
195 0.160578
196 0.166039
197 0.17487
198 0.163921
199 0.162894
200 0.177317
201 0.185923
202 0.183883
203 0.176246
204 0.175175
205 0.179846
206 0.17828
207 0.168591
208 0.168015
209 0.186149
210 0.176742
211 0.171663
212 0.169776
213 0.188338
214 0.179177
215 0.15436
216 0.177348
217 0.155736
218 0.148906
219 0.177136
220 0.166186
221 0.158337
222 0.165052
223 0.154203
224 0.174233
225 0.161739
226 0.157226
227 0.195643
228 0.193861
229 0.179609
230 0.19874
231 0.183232
232 0.194393
233 0.185529
234 0.196538
235 0.181014
236 0.192685
237 0.2133
238 0.188605
239 0.200805
240 0.207523
241 0.184359
242 0.166781
243 0.172591
244 0.156874
245 0.152311
246 0.166542
247 0.16548
248 0.172713
249 0.17257
250 0.166087
251 0.168788
252 0.160363
253 0.149172
254 0.164479
255 0.169782
256 0.150909
257 0.157735
258 0.172237
259 0.156468
260 0.16315
261 0.159946
262 0.152611
263 0.174767
264 0.162091
265 0.140655
266 0.164588
267 0.158621
268 0.153309
269 0.162586
270 0.152974
271 0.154949
272 0.15879
273 0.146663
274 0.156485
275 0.187236
276 0.168139
277 0.183546
278 0.18321
279 0.171361
280 0.181849
281 0.165518
282 0.171847
283 0.166642
284 0.159669
285 0.173134
286 0.177974
287 0.175707
288 0.176938
289 0.17393
290 0.180551
291 0.178887
292 0.16684
293 0.175899
294 0.177016
295 0.18594
296 0.164701
297 0.181584
298 0.185688
299 0.155298
300 0.160896
301 0.195189
302 0.155808
303 0.16547
304 0.171692
305 0.153303
306 0.168027
307 0.169003
308 0.154985
309 0.177923
310 0.179887
311 0.183112
312 0.201056
313 0.179797
314 0.208612
315 0.190862
316 0.178583
317 0.184584
318 0.173718
319 0.180737
320 0.167252
321 0.175037
322 0.193921
323 0.16755
324 0.164588
325 0.160998
326 0.153714
327 0.169965
328 0.153625
329 0.144682
330 0.163751
331 0.17997
332 0.156672
333 0.164915
334 0.191583
335 0.164178
336 0.165415
337 0.193397
338 0.164107
339 0.159329
340 0.192042
341 0.186511
342 0.158738
343 0.205236
344 0.179772
345 0.17395
346 0.201163
347 0.208771
348 0.182523
349 0.169928
350 0.201015
351 0.182347
352 0.170465
353 0.176287
354 0.197133
355 0.185421
356 0.184043
357 0.188695
358 0.169703
359 0.190693
360 0.178496
361 0.149123
362 0.15934
363 0.171923
364 0.159381
365 0.15512
366 0.177022
367 0.167761
368 0.17118
369 0.163518
370 0.16363
371 0.186003
372 0.17841
373 0.170857
374 0.165109
375 0.195192
376 0.184509
377 0.163239
378 0.155763
379 0.167346
380 0.197783
381 0.168605
382 0.170386
383 0.176718
384 0.160764
385 0.202417
386 0.181612
387 0.183447
388 0.199446
389 0.183258
390 0.16891
391 0.180807
392 0.156105
393 0.164332
394 0.1743
395 0.158874
396 0.191655
397 0.168694
398 0.173704
399 0.190009
400 0.155307
401 0.173302
402 0.185699
403 0.155951
404 0.170908
405 0.168721
406 0.171744
407 0.181083
408 0.158269
409 0.165905
410 0.160225
411 0.173262
412 0.179667
413 0.170165
414 0.163357
415 0.182836
416 0.183835
417 0.159423
418 0.15609
419 0.17032
420 0.162707
421 0.158485
422 0.156367
423 0.182376
424 0.159342
425 0.155329
426 0.19341
427 0.18637
428 0.194015
429 0.179621
430 0.189682
431 0.166215
432 0.168898
433 0.166046
434 0.163703
435 0.187669
436 0.167773
437 0.182028
438 0.17569
439 0.176886
440 0.172771
441 0.155929
442 0.16782
443 0.170683
444 0.173573
445 0.169274
446 0.165048
447 0.191855
448 0.179255
449 0.169699
450 0.188934
451 0.20467
452 0.18186
453 0.183899
454 0.202157
455 0.189693
456 0.191086
457 0.185138
458 0.21385
459 0.184619
460 0.183188
461 0.191064
462 0.175032
463 0.175282
464 0.194451
465 0.187044
466 0.168188
467 0.192673
468 0.205652
469 0.177905
470 0.18483
471 0.17148
472 0.174333
473 0.17302
474 0.176082
475 0.16913
476 0.17722
477 0.187238
478 0.191982
479 0.178092
480 0.16985
481 0.19401
482 0.179106
483 0.164113
484 0.190211
485 0.178171
486 0.186262
487 0.198028
488 0.171111
489 0.185956
490 0.177962
491 0.160797
492 0.157725
493 0.148391
494 0.169342
495 0.156253
496 0.163409
497 0.189979
498 0.175384
499 0.18081
500 0.175786
501 0.193216
502 0.185914
503 0.178027
504 0.202322
505 0.212379
506 0.19089
507 0.203615
508 0.209129
509 0.175037
510 0.163481
511 0.186078
512 0.177792
513 0.150463
514 0.167658
515 0.193985
516 0.16192
517 0.16017
518 0.160816
519 0.169027
520 0.155137
521 0.152079
522 0.184548
523 0.156579
524 0.162011
525 0.171694
526 0.176579
527 0.160196
528 0.176505
529 0.185206
530 0.181093
531 0.195962
532 0.177774
533 0.16921
534 0.200351
535 0.189311
536 0.162771
537 0.179453
538 0.173924
539 0.15937
540 0.167577
541 0.160091
542 0.164181
543 0.176235
544 0.165066
545 0.157652
546 0.188245
547 0.169792
548 0.164504
549 0.196608
550 0.175197
551 0.148726
552 0.171559
553 0.171667
554 0.159591
555 0.16448
556 0.178902
557 0.161423
558 0.167163
559 0.164898
560 0.174037
561 0.174174
562 0.178866
563 0.169251
564 0.178071
565 0.187565
566 0.165328
567 0.165828
568 0.187775
569 0.16494
570 0.170669
571 0.203001
572 0.179834
573 0.165686
574 0.160104
575 0.185512
576 0.155933
577 0.155305
578 0.174427
579 0.165583
580 0.17424
581 0.202728
582 0.189339
583 0.196425
584 0.217784
585 0.206943
586 0.183179
587 0.182577
588 0.166815
589 0.172785
590 0.158411
591 0.143026
592 0.165592
593 0.161993
594 0.164308
595 0.168722
596 0.168767
597 0.164557
598 0.168214
599 0.16524
600 0.170237
601 0.167744
602 0.177293
603 0.194508
604 0.185919
605 0.185738
606 0.19586
607 0.20087
608 0.192771
609 0.193429
610 0.169064
611 0.174258
612 0.161907
613 0.155522
614 0.148069
615 0.163161
616 0.155731
617 0.154814
618 0.177739
619 0.176086
620 0.15691
621 0.156042
622 0.155006
623 0.165004
624 0.14693
625 0.153976
626 0.159924
627 0.152684
628 0.173642
629 0.189045
630 0.169561
631 0.197561
632 0.191786
633 0.183945
634 0.192181
635 0.187316
636 0.171645
637 0.189313
638 0.194816
639 0.174986
640 0.170428
641 0.178237
642 0.200901
643 0.174654
644 0.176279
645 0.168022
646 0.178722
647 0.178065
648 0.156056
649 0.182695
650 0.162576
651 0.176012
652 0.202343
653 0.180787
654 0.205877
655 0.189336
656 0.197112
657 0.171884
658 0.187794
659 0.178262
660 0.164112
661 0.197745
662 0.169237
663 0.182512
664 0.202198
665 0.176771
666 0.186895
667 0.178632
668 0.188891
669 0.191861
670 0.163233
671 0.178614
672 0.152797
673 0.150693
674 0.161158
675 0.157316
676 0.154613
677 0.174068
678 0.15489
679 0.156996
680 0.175548
681 0.15927
682 0.155425
683 0.158375
684 0.166167
685 0.177096
686 0.173972
687 0.180506
688 0.196353
689 0.181857
690 0.191717
691 0.17365
692 0.165354
693 0.185584
694 0.161063
695 0.164832
696 0.191657
697 0.158878
698 0.158382
699 0.175585
700 0.172794
701 0.164314
702 0.162687
703 0.177645
704 0.175526
705 0.162328
706 0.189252
707 0.190443
708 0.178027
709 0.177209
710 0.149431
711 0.172495
712 0.163778
713 0.159723
714 0.168279
715 0.179248
716 0.16861
717 0.186415
718 0.182227
719 0.163595
720 0.188202
721 0.165894
722 0.167663
723 0.182829
724 0.164807
725 0.205108
726 0.18719
727 0.166648
728 0.189697
729 0.165449
730 0.159729
731 0.16207
732 0.169209
733 0.168381
734 0.18031
735 0.176862
736 0.203175
737 0.200406
738 0.162099
739 0.203504
740 0.178284
741 0.169733
742 0.194725
743 0.165045
744 0.167697
745 0.164433
746 0.165916
747 0.153284
748 0.163143
749 0.164993
750 0.158375
751 0.179981
752 0.177969
753 0.170596
754 0.192903
755 0.18129
756 0.179854
757 0.17813
758 0.175741
759 0.174993
760 0.157461
761 0.179767
762 0.17126
763 0.181803
764 0.179251
765 0.185831
766 0.19324
767 0.177234
768 0.171487
769 0.178798
770 0.175195
771 0.170735
772 0.186431
773 0.189349
774 0.177762
775 0.210051
776 0.184267
777 0.195292
778 0.20134
779 0.173955
780 0.206569
781 0.172711
782 0.153947
783 0.174169
784 0.154969
785 0.149528
786 0.150854
787 0.157753
788 0.154164
789 0.147904
790 0.168466
791 0.163701
792 0.16151
793 0.1803
794 0.169604
795 0.177588
796 0.173638
797 0.156321
798 0.173344
799 0.160331
800 0.161241
801 0.189161
802 0.17492
803 0.17513
804 0.170304
805 0.189788
806 0.182813
807 0.158902
808 0.205253
809 0.186586
810 0.182734
811 0.201663
812 0.173611
813 0.159189
814 0.168343
815 0.17228
816 0.159908
817 0.156762
818 0.162474
819 0.170979
820 0.166462
821 0.162073
822 0.165391
823 0.162006
824 0.16776
825 0.159179
826 0.168827
827 0.16595
828 0.159772
829 0.167671
830 0.188714
831 0.174928
832 0.155324
833 0.162625
834 0.173126
835 0.160762
836 0.153179
837 0.174677
838 0.181273
839 0.164854
840 0.181
841 0.163108
842 0.170566
843 0.195017
844 0.169927
845 0.154376
846 0.166989
847 0.197864
848 0.167358
849 0.163454
850 0.176204
851 0.159734
852 0.162259
853 0.180896
854 0.172087
855 0.15849
856 0.19643
857 0.192334
858 0.19125
859 0.184583
860 0.185883
861 0.170903
862 0.171902
863 0.196329
864 0.163914
865 0.188769
866 0.194192
867 0.159464
868 0.168908
869 0.183794
870 0.175296
871 0.150456
872 0.196092
873 0.213187
874 0.193122
875 0.201995
876 0.201953
877 0.207855
878 0.19944
879 0.187397
880 0.165207
881 0.161586
882 0.171328
883 0.166638
884 0.14487
885 0.154745
886 0.18067
887 0.173078
888 0.167922
889 0.162567
890 0.156901
891 0.167526
892 0.166043
893 0.153927
894 0.152589
895 0.172939
896 0.167168
897 0.162593
898 0.158266
899 0.15979
900 0.160117
901 0.167768
902 0.156546
903 0.158586
904 0.161776
905 0.157222
906 0.159706
907 0.154802
908 0.154671
909 0.15606
910 0.160508
911 0.191334
912 0.170739
913 0.155208
914 0.170255
915 0.155764
916 0.167417
917 0.17195
918 0.165121
919 0.174463
920 0.186422
921 0.159446
922 0.166696
923 0.186273
924 0.172399
925 0.174106
926 0.177286
927 0.167929
928 0.185185
929 0.17827
930 0.176832
931 0.168971
932 0.182938
933 0.197788
934 0.174321
935 0.196179
936 0.192611
937 0.206731
938 0.198821
939 0.185684
940 0.176814
941 0.196734
942 0.182104
943 0.175658
944 0.167041
945 0.161355
946 0.166752
947 0.148619
948 0.15618
949 0.159774
950 0.152711
951 0.156271
952 0.15958
953 0.172125
954 0.170775
955 0.158566
956 0.171444
957 0.191285
958 0.187512
959 0.1769
960 0.193626
961 0.192103
962 0.164774
963 0.163845
964 0.148511
965 0.149449
966 0.153039
967 0.145895
968 0.157738
969 0.150045
970 0.155332
971 0.170427
972 0.160211
973 0.168449
974 0.16691
975 0.17317
976 0.181741
977 0.177606
978 0.181726
979 0.184872
980 0.175069
981 0.163515
982 0.163164
983 0.165293
984 0.165982
985 0.160354
986 0.16746
987 0.178187
988 0.189806
989 0.169098
990 0.201199
991 0.174776
992 0.161527
993 0.192563
994 0.175841
995 0.192405
996 0.187644
997 0.203874
998 0.206565
999 0.179497
1000 0.204931
1001 0.219178
1002 0.177195
1003 0.185841
1004 0.190914
1005 0.180914
1006 0.187054
1007 0.174695
1008 0.162375
1009 0.174882
1010 0.17901
1011 0.159775
1012 0.160431
1013 0.156246
1014 0.154045
1015 0.154359
1016 0.151158
1017 0.152601
1018 0.164954
1019 0.1606
1020 0.175991
1021 0.168458
1022 0.193004
1023 0.172441
1024 0.168401
1025 0.175723
1026 0.159084
1027 0.177039
1028 0.163972
1029 0.168599
1030 0.177315
1031 0.157048
1032 0.185563
1033 0.167512
1034 0.155577
1035 0.186724
1036 0.171896
1037 0.168039
1038 0.18225
1039 0.1953
1040 0.17207
1041 0.181459
1042 0.181208
1043 0.195782
1044 0.172699
1045 0.170461
1046 0.196824
1047 0.182756
1048 0.169889
1049 0.176331
1050 0.172377
1051 0.160396
1052 0.162062
1053 0.168536
1054 0.1782
1055 0.182859
1056 0.191534
1057 0.186973
1058 0.20906
1059 0.203985
1060 0.177094
1061 0.199835
1062 0.187033
1063 0.207155
1064 0.211859
1065 0.195243
1066 0.190287
1067 0.178885
1068 0.181838
1069 0.165106
1070 0.147047
1071 0.183549
1072 0.164834
1073 0.158691
1074 0.16613
1075 0.190116
1076 0.180189
1077 0.156044
1078 0.192205
1079 0.206936
1080 0.196904
1081 0.194339
1082 0.211183
1083 0.177258
1084 0.186878
1085 0.187448
1086 0.167856
1087 0.179294
1088 0.162396
1089 0.15937
1090 0.17786
1091 0.155446
1092 0.160769
1093 0.190676
1094 0.177337
1095 0.171362
1096 0.177346
1097 0.204118
1098 0.171382
1099 0.179896
1100 0.176129
1101 0.1603
1102 0.193203
1103 0.181384
1104 0.164236
1105 0.198134
1106 0.194804
1107 0.161867
1108 0.181082
1109 0.183612
1110 0.177189
1111 0.185435
1112 0.189442
1113 0.211939
1114 0.192997
1115 0.178613
1116 0.16088
1117 0.153158
1118 0.144278
1119 0.152814
1120 0.147352
1121 0.149128
1122 0.158671
1123 0.156165
1124 0.156551
1125 0.164045
1126 0.165696
1127 0.172102
1128 0.178338
1129 0.173452
1130 0.186681
1131 0.18793
1132 0.202186
1133 0.197081
1134 0.173553
1135 0.204106
1136 0.17328
1137 0.176918
1138 0.170839
1139 0.171955
1140 0.19882
1141 0.158492
1142 0.182098
1143 0.190953
1144 0.170813
1145 0.185874
1146 0.160655
1147 0.161863
1148 0.168289
1149 0.160195
1150 0.155266
1151 0.173823
1152 0.183509
1153 0.17626
1154 0.175649
1155 0.17122
1156 0.166214
1157 0.175806
1158 0.176654
1159 0.163143
1160 0.174337
1161 0.180674
1162 0.151162
1163 0.163839
1164 0.175943
1165 0.166606
1166 0.168703
1167 0.168668
1168 0.170011
1169 0.158771
1170 0.174452
1171 0.151068
1172 0.169462
1173 0.186174
1174 0.158592
1175 0.184338
1176 0.176601
1177 0.157165
1178 0.159701
1179 0.154902
1180 0.15584
1181 0.16919
1182 0.156816
1183 0.174581
1184 0.156875
1185 0.166915
1186 0.157121
1187 0.148954
1188 0.157357
1189 0.162522
1190 0.150602
1191 0.173981
1192 0.197599
1193 0.175365
1194 0.184487
1195 0.171727
1196 0.178966
1197 0.172506
1198 0.155774
1199 0.164812
1200 0.164561
1201 0.18449
1202 0.170235
1203 0.193097
1204 0.205312
1205 0.178851
1206 0.198857
1207 0.181569
1208 0.191793
1209 0.195581
1210 0.162736
1211 0.167083
1212 0.192316
1213 0.156799
1214 0.174253
1215 0.175688
1216 0.161625
1217 0.17124
1218 0.166273
1219 0.152376
1220 0.155701
1221 0.170967
1222 0.160958
1223 0.159002
1224 0.168831
1225 0.161845
1226 0.190111
1227 0.185908
1228 0.175092
1229 0.197598
1230 0.211674
1231 0.21963
1232 0.227438
1233 0.182916
1234 0.20554
1235 0.18896
1236 0.184512
1237 0.173318
1238 0.175778
1239 0.208421
1240 0.168173
1241 0.187222
1242 0.208357
1243 0.196774
1244 0.207784
1245 0.187094
1246 0.171806
1247 0.19605
1248 0.169413
1249 0.157925
1250 0.162778
1251 0.152472
1252 0.173513
1253 0.176343
1254 0.152298
1255 0.16171
1256 0.187622
1257 0.177795
1258 0.171629
1259 0.177529
1260 0.198347
1261 0.199988
1262 0.162324
1263 0.196065
1264 0.197513
1265 0.153761
1266 0.189096
1267 0.165617
1268 0.159721
1269 0.202256
1270 0.169835
1271 0.163208
1272 0.178864
1273 0.198354
1274 0.186062
1275 0.16641
1276 0.162321
1277 0.158522
1278 0.165977
1279 0.157359
1280 0.155189
1281 0.165624
1282 0.161542
1283 0.184293
1284 0.165896
1285 0.184099
1286 0.182185
1287 0.172663
1288 0.175879
1289 0.166207
1290 0.175488
1291 0.160578
1292 0.170786
1293 0.17849
1294 0.160961
1295 0.156837
1296 0.171655
1297 0.152759
1298 0.150469
1299 0.159233
1300 0.145103
1301 0.153086
1302 0.168962
1303 0.152076
1304 0.175132
1305 0.174518
1306 0.164927
1307 0.169522
1308 0.154974
1309 0.172098
1310 0.165461
1311 0.153234
1312 0.166131
1313 0.173065
1314 0.171816
1315 0.179104
1316 0.161523
1317 0.181331
1318 0.207634
1319 0.191936
1320 0.164975
1321 0.175309
1322 0.204429
1323 0.157105
1324 0.154685
1325 0.184354
1326 0.159542
1327 0.152372
1328 0.183809
1329 0.168932
1330 0.167937
1331 0.201456
1332 0.169305
1333 0.192522
1334 0.194337
1335 0.177012
1336 0.171003
1337 0.166691
1338 0.169492
1339 0.158441
1340 0.175203
1341 0.164743
1342 0.15982
1343 0.170585
1344 0.150524
1345 0.156046
1346 0.156388
1347 0.153265
1348 0.160806
1349 0.15902
1350 0.196364
1351 0.197828
1352 0.16879
1353 0.195545
1354 0.189108
1355 0.185429
1356 0.161172
1357 0.164621
1358 0.165854
1359 0.165717
1360 0.156098
1361 0.171519
1362 0.168024
1363 0.175527
1364 0.172987
1365 0.162885
1366 0.164808
1367 0.162499
1368 0.178688
1369 0.178202
1370 0.184192
1371 0.19897
1372 0.184903
1373 0.189421
1374 0.189371
1375 0.172595
1376 0.166741
1377 0.180701
1378 0.163679
1379 0.152802
1380 0.177108
1381 0.164373
1382 0.172418
1383 0.195203
1384 0.196858
1385 0.184782
1386 0.194565
1387 0.194818
1388 0.166152
1389 0.185609
1390 0.16889
1391 0.163743
1392 0.16409
1393 0.160541
1394 0.164233
1395 0.155793
1396 0.183815
1397 0.163559
1398 0.156582
1399 0.184851
1400 0.173763
1401 0.161661
1402 0.166279
1403 0.175835
1404 0.156525
1405 0.159669
1406 0.187054
1407 0.185634
1408 0.192914
1409 0.154642
1410 0.158471
1411 0.174973
1412 0.159734
1413 0.154024
1414 0.163159
1415 0.162496
1416 0.155168
1417 0.156046
1418 0.174701
1419 0.169757
1420 0.181336
1421 0.209306
1422 0.207486
1423 0.188568
1424 0.207246
1425 0.186242
1426 0.158332
1427 0.160937
1428 0.175744
1429 0.166515
1430 0.160378
1431 0.167848
1432 0.177647
1433 0.174657
1434 0.16502
1435 0.166741
1436 0.16758
1437 0.181724
1438 0.196748
1439 0.176129
1440 0.163762
1441 0.179897
1442 0.153835
1443 0.15777
1444 0.168847
1445 0.166362
1446 0.167221
1447 0.179291
1448 0.179727
1449 0.157137
1450 0.156978
1451 0.167978
1452 0.142301
1453 0.168685
1454 0.158599
1455 0.168715
1456 0.165027
1457 0.177419
1458 0.194919
1459 0.172788
1460 0.170335
1461 0.173005
1462 0.199061
1463 0.160087
1464 0.158037
1465 0.157727
1466 0.171543
1467 0.155023
1468 0.148669
1469 0.173364
1470 0.161414
1471 0.170643
1472 0.17019
1473 0.170631
1474 0.192578
1475 0.168454
1476 0.151569
1477 0.193341
1478 0.174258
1479 0.155583
1480 0.169879
1481 0.169543
1482 0.15829
1483 0.16937
1484 0.168491
1485 0.175647
1486 0.201431
1487 0.185827
1488 0.207862
1489 0.226009
1490 0.198947
1491 0.183383
1492 0.216075
1493 0.183468
1494 0.156238
1495 0.177563
1496 0.183991
1497 0.169184
1498 0.176251
1499 0.157932
1500 0.156777
1501 0.198998
1502 0.16209
1503 0.165516
1504 0.179874
1505 0.157608
1506 0.168483
1507 0.181518
1508 0.186503
1509 0.1665
1510 0.194982
1511 0.176037
1512 0.160034
1513 0.156295
1514 0.143962
1515 0.158128
1516 0.154182
1517 0.160175
1518 0.167859
1519 0.193915
1520 0.182551
1521 0.195373
1522 0.187388
1523 0.173102
1524 0.180348
1525 0.17389
1526 0.163714
1527 0.175398
1528 0.160659
1529 0.149723
1530 0.175819
1531 0.162708
1532 0.149939
1533 0.165091
1534 0.164578
1535 0.165992
1536 0.171466
1537 0.14775
1538 0.165407
1539 0.173352
1540 0.165093
1541 0.154534
1542 0.170393
1543 0.169892
1544 0.155792
1545 0.166004
1546 0.16022
1547 0.158053
1548 0.157706
1549 0.155125
1550 0.162387
1551 0.152157
1552 0.153633
1553 0.170398
1554 0.166902
1555 0.158187
1556 0.173902
1557 0.176271
1558 0.176183
1559 0.183432
1560 0.172876
1561 0.173801
1562 0.18048
1563 0.154189
1564 0.193799
1565 0.17061
1566 0.177598
1567 0.174585
1568 0.14795
1569 0.182645
1570 0.163228
1571 0.147133
1572 0.187501
1573 0.167114
1574 0.169969
1575 0.197752
1576 0.173944
1577 0.174621
1578 0.170028
1579 0.164718
1580 0.172091
1581 0.164155
1582 0.179023
1583 0.184513
1584 0.173662
1585 0.176533
1586 0.169915
1587 0.177211
1588 0.168113
1589 0.183307
1590 0.204289
1591 0.182011
1592 0.193084
1593 0.185577
1594 0.180642
1595 0.166408
1596 0.152113
1597 0.161023
1598 0.1629
1599 0.155475
1600 0.163562
1601 0.167192
1602 0.153382
1603 0.166989
1604 0.161337
1605 0.168004
1606 0.150125
1607 0.188214
1608 0.168948
1609 0.171041
1610 0.195162
1611 0.205582
1612 0.164096
1613 0.1624
1614 0.208276
1615 0.163037
1616 0.161439
1617 0.17814
1618 0.167651
1619 0.161996
1620 0.167587
1621 0.179518
1622 0.169562
1623 0.190138
1624 0.183516
1625 0.176503
1626 0.187121
1627 0.189231
1628 0.153367
1629 0.167554
1630 0.169255
1631 0.168335
1632 0.165768
1633 0.154633
1634 0.19278
1635 0.180168
1636 0.158936
1637 0.159891
1638 0.149042
1639 0.154501
1640 0.146809
1641 0.162173
1642 0.15302
1643 0.150049
1644 0.180563
1645 0.173641
1646 0.155507
1647 0.186527
1648 0.180917
1649 0.161455
1650 0.188034
1651 0.177776
1652 0.173021
1653 0.179622
1654 0.184328
1655 0.165253
1656 0.18556
1657 0.164154
1658 0.168562
1659 0.168889
1660 0.159249
1661 0.173865
1662 0.180512
1663 0.166052
1664 0.189629
1665 0.181498
1666 0.153199
1667 0.17857
1668 0.16761
1669 0.175913
1670 0.169089
1671 0.191446
1672 0.192702
1673 0.159653
1674 0.163406
1675 0.194827
1676 0.17399
1677 0.15826
1678 0.181339
1679 0.162685
1680 0.155244
1681 0.173288
1682 0.160963
1683 0.156376
1684 0.156537
1685 0.154583
1686 0.171124
1687 0.154037
1688 0.160135
1689 0.171335
1690 0.163714
1691 0.169984
1692 0.15934
1693 0.166379
1694 0.154637
1695 0.154517
1696 0.157274
1697 0.162779
1698 0.165516
1699 0.188726
1700 0.178485
1701 0.186394
1702 0.195134
1703 0.181546
1704 0.177122
1705 0.19145
1706 0.171119
1707 0.150941
1708 0.167893
1709 0.165523
1710 0.15437
1711 0.162904
1712 0.179116
1713 0.181675
1714 0.167308
1715 0.175465
1716 0.186904
1717 0.185629
1718 0.16588
1719 0.170363
1720 0.18356
1721 0.190959
1722 0.163738
1723 0.179874
1724 0.193059
1725 0.177078
1726 0.174692
1727 0.160491
1728 0.160964
1729 0.188464
1730 0.161948
1731 0.159459
1732 0.179313
1733 0.178013
1734 0.151347
1735 0.154151
1736 0.164816
1737 0.143032
1738 0.152322
1739 0.162008
1740 0.147158
1741 0.168532
1742 0.177891
1743 0.172059
1744 0.189809
1745 0.182453
1746 0.196407
1747 0.160992
1748 0.161206
1749 0.186364
1750 0.172553
1751 0.15907
1752 0.170841
1753 0.197621
1754 0.18662
1755 0.16494
1756 0.179953
1757 0.175323
1758 0.179217
1759 0.165267
1760 0.196084
1761 0.176919
1762 0.159921
1763 0.183286
1764 0.168941
1765 0.151057
1766 0.173699
1767 0.189291
1768 0.153634
1769 0.156879
1770 0.158963
1771 0.154625
1772 0.155695
1773 0.153972
1774 0.168534
1775 0.173141
1776 0.172058
1777 0.187717
1778 0.18494
1779 0.16676
1780 0.180368
1781 0.171263
1782 0.176609
1783 0.167823
1784 0.15696
1785 0.165036
1786 0.154382
1787 0.168473
1788 0.153352
1789 0.154264
1790 0.166625
1791 0.166372
1792 0.151124
1793 0.15319
1794 0.168359
1795 0.168281
1796 0.16124
1797 0.155436
1798 0.172234
1799 0.174951
1800 0.170232
1801 0.166429
1802 0.173171
1803 0.156893
1804 0.156841
1805 0.173127
1806 0.172965
1807 0.160079
1808 0.161129
1809 0.170569
1810 0.170723
1811 0.149948
1812 0.159841
1813 0.15863
1814 0.155504
1815 0.149521
1816 0.16396
1817 0.149807
1818 0.156098
1819 0.173326
1820 0.154988
1821 0.171948
1822 0.157921
1823 0.159047
1824 0.159797
1825 0.120275
1826 0.16562
1827 0.1531
1828 0.154239
1829 0.177936
1830 0.197989
1831 0.172119
1832 0.192178
1833 0.183416
1834 0.193852
1835 0.175938
1836 0.159649
1837 0.186212
1838 0.176663
1839 0.16696
1840 0.188389
1841 0.190455
1842 0.184098
1843 0.206661
1844 0.175022
1845 0.166074
1846 0.201889
1847 0.181
1848 0.166459
1849 0.187028
1850 0.191585
1851 0.192343
1852 0.188505
1853 0.170307
1854 0.180077
1855 0.160352
1856 0.167489
1857 0.16303
1858 0.158342
1859 0.165768
1860 0.161425
1861 0.167694
1862 0.1693
1863 0.164259
1864 0.174578
1865 0.172007
1866 0.183366
1867 0.198579
1868 0.160927
1869 0.192697
1870 0.184572
1871 0.160227
1872 0.191843
1873 0.178014
1874 0.171868
1875 0.185408
1876 0.192877
1877 0.178281
1878 0.19537
1879 0.200488
1880 0.190831
1881 0.20526
1882 0.199522
1883 0.19171
1884 0.168272
1885 0.175959
1886 0.194533
1887 0.177567
1888 0.184737
1889 0.187533
1890 0.199664
1891 0.182935
1892 0.17051
1893 0.167354
1894 0.154537
1895 0.149054
1896 0.159464
1897 0.160616
1898 0.14896
1899 0.174766
1900 0.159089
1901 0.161907
1902 0.17085
1903 0.155612
1904 0.164987
1905 0.177461
1906 0.179526
1907 0.176856
1908 0.205255
1909 0.189673
1910 0.1863
1911 0.202145
1912 0.184507
1913 0.182253
1914 0.185566
1915 0.181273
1916 0.159486
1917 0.165308
1918 0.16773
1919 0.166362
1920 0.160583
1921 0.160485
1922 0.179485
1923 0.161419
1924 0.16617
1925 0.169078
1926 0.162595
1927 0.169654
1928 0.171502
1929 0.157889
1930 0.165733
1931 0.164251
1932 0.160968
1933 0.165011
1934 0.15778
1935 0.175922
1936 0.16941
1937 0.163734
1938 0.163343
1939 0.166723
1940 0.157092
1941 0.155557
1942 0.16921
1943 0.159086
1944 0.165878
1945 0.172328
1946 0.174267
1947 0.170955
1948 0.163195
1949 0.174236
1950 0.178746
1951 0.153057
1952 0.161991
1953 0.169914
1954 0.165859
1955 0.166147
1956 0.173822
1957 0.173692
1958 0.159798
1959 0.164572
1960 0.201795
1961 0.177634
1962 0.156869
1963 0.195618
1964 0.184673
1965 0.169023
1966 0.195846
1967 0.179586
1968 0.177886
1969 0.182495
1970 0.174588
1971 0.143168
1972 0.149946
1973 0.167046
1974 0.171929
1975 0.165143
1976 0.173265
1977 0.208998
1978 0.216224
1979 0.171856
1980 0.189079
1981 0.207136
1982 0.185007
1983 0.192696
1984 0.180853
1985 0.206479
1986 0.19172
1987 0.164464
1988 0.162995
1989 0.192072
1990 0.191083
1991 0.172234
1992 0.179117
1993 0.191153
1994 0.157281
1995 0.148296
1996 0.168511
1997 0.1666
1998 0.162332
1999 0.175247
2000 0.196886
2001 0.174626
2002 0.19752
2003 0.164666
2004 0.143924
2005 0.181661
2006 0.165602
2007 0.16757
2008 0.183254
2009 0.18973
2010 0.19402
2011 0.173633
2012 0.178654
2013 0.200355
2014 0.181496
2015 0.162673
2016 0.197409
2017 0.183163
2018 0.179216
2019 0.176693
2020 0.175899
2021 0.16666
2022 0.170517
2023 0.179313
2024 0.170308
2025 0.169196
2026 0.164354
2027 0.162801
2028 0.173843
2029 0.165413
2030 0.162064
2031 0.183349
2032 0.185741
2033 0.160685
2034 0.179912
2035 0.16907
2036 0.181618
2037 0.174863
2038 0.172974
2039 0.189905
2040 0.155452
2041 0.18532
2042 0.200362
2043 0.166745
2044 0.186439
2045 0.171914
2046 0.175006
2047 0.169933
2048 0.149898
2049 0.145381
2050 0.171307
2051 0.153689
2052 0.173527
2053 0.173446
2054 0.17982
2055 0.197638
2056 0.187262
2057 0.186662
2058 0.189361
2059 0.214278
2060 0.196285
2061 0.165556
2062 0.190229
2063 0.178806
2064 0.165914
2065 0.167804
2066 0.168041
2067 0.167394
2068 0.162507
2069 0.179627
2070 0.163561
2071 0.173351
2072 0.165251
2073 0.154971
2074 0.158848
2075 0.152013
2076 0.16312
2077 0.1588
2078 0.1726
2079 0.180461
2080 0.185644
2081 0.18676
2082 0.160063
2083 0.169756
2084 0.167315
2085 0.162031
2086 0.167034
2087 0.155974
2088 0.174671
2089 0.16547
2090 0.165723
2091 0.184464
2092 0.171277
2093 0.156844
2094 0.179294
2095 0.175141
2096 0.172744
2097 0.16905
2098 0.158296
2099 0
