0 -257.842
1 95.9059
2 2.08488
3 2.74958
4 -3.2864
5 -7.17146
6 -8.93469
7 -9.98356
8 -10.5591
9 -10.7688
10 -10.901
11 -10.6139
12 -10.6468
13 -10.3627
14 -10.5663
15 -10.7083
16 -10.6054
17 -10.9996
18 -10.6438
19 -11.1726
20 -10.4258
21 -10.5818
22 -10.683
23 -10.2702
24 -11.0839
25 -10.098
26 -11.298
27 -10.0857
28 -10.4554
29 -11.1522
30 -9.64496
31 -11.7581
32 -9.14629
33 -11.4477
34 -9.72435
35 -9.62401
36 -11.5282
37 -7.66769
38 -12.8865
39 -6.52683
40 -10.5019
41 -6.88545
42 -5.50661
43 -9.31125
44 -3.34071
45 -10.0429
46 -2.84267
47 -4.49647
48 -3.92958
49 -1.30525
50 -4.64917
51 -1.24938
52 -1.56182
53 -0.10162
54 -0.41039
55 -0.913381
56 -0.348874
57 -0.304298
58 0.0650173
59 -0.0456526
60 -0.0696197
61 0.0653931
62 0.106022
63 0.173478
64 0.125057
65 0.184641
66 0.180049
67 0.170489
68 0.157639
69 0.152343
70 0.184288
71 0.173233
72 0.179687
73 0.197834
74 0.152207
75 0.171956
76 0.181773
77 0.171798
78 0.164761
79 0.213645
80 0.192813
81 0.171602
82 0.17748
83 0.173328
84 0.21189
85 0.18307
86 0.190267
87 0.194311
88 0.185608
89 0.160323
90 0.20176
91 0.193795
92 0.168949
93 0.161791
94 0.190194
95 0.19497
96 0.188758
97 0.224578
98 0.204298
99 0.200562
100 0.184008
101 0.199361
102 0.195448
103 0.184763
104 0.198822
105 0.197612
106 0.210965
107 0.176188
108 0.15922
109 0.111953
110 0.182502
111 0.147093
112 0.178522
113 0.163965
114 0.144404
115 0.167985
116 0.158679
117 0.164828
118 0.16818
119 0.132961
120 0.160237
121 0.148073
122 0.136669
123 0.11624
124 0.139515
125 0.201302
126 0.140892
127 0.199726
128 0.19546
129 0.187905
130 0.193926
131 0.158706
132 0.169462
133 0.193304
134 0.196914
135 0.180463
136 0.183295
137 0.200213
138 0.172775
139 0.164483
140 0.171578
141 0.171391
142 0.168166
143 0.163394
144 0.166855
145 0.180006
146 0.148194
147 0.187664
148 0.142625
149 0.140654
150 0.149838
151 0.169102
152 0.165037
153 0.153743
154 0.173404
155 0.172084
156 0.171307
157 0.155361
158 0.188942
159 0.16494
160 0.174825
161 0.180442
162 0.188839
163 0.149701
164 0.218616
165 0.151981
166 0.142208
167 0.15613
168 0.175339
169 0.157695
170 0.165611
171 0.16653
172 0.17014
173 0.187477
174 0.178571
175 0.180294
176 0.181226
177 0.167925
178 0.163786
179 0.181242
180 0.156735
181 0.172429
182 0.180673
183 0.184201
184 0.18595
185 0.175244
186 0.165707
187 0.188921
188 0.203688
189 0.167502
190 0.136744
191 0.166677
192 0.183066
193 0.166981
194 0.155912
195 0.155706
196 0.138473
197 0.182108
198 0.144061
199 0.178728
200 0.170665
201 0.201588
202 0.183189
203 0.178947
204 0.184908
205 0.199252
206 0.182855
207 0.181722
208 0.169912
209 0.180688
210 0.194843
211 0.18229
212 0.153129
213 0.193146
214 0.179367
215 0.169654
216 0.157299
217 0.181172
218 0.158797
219 0.168825
220 0.18661
221 0.183535
222 0.147602
223 0.165354
224 0.173734
225 0.180293
226 0.148225
227 0.168833
228 0.179337
229 0.179318
230 0.182675
231 0.201078
232 0.194191
233 0.184611
234 0.185167
235 0.176726
236 0.19373
237 0.203088
238 0.213347
239 0.183973
240 0.204141
241 0.185366
242 0.198176
243 0.169146
244 0.176479
245 0.159065
246 0.16072
247 0.185397
248 0.171241
249 0.174258
250 0.176397
251 0.169608
252 0.158864
253 0.165369
254 0.172344
255 0.171671
256 0.149411
257 0.152066
258 0.174078
259 0.178977
260 0.174497
261 0.162998
262 0.148009
263 0.15512
264 0.181207
265 0.155511
266 0.161994
267 0.162103
268 0.162894
269 0.158514
270 0.151533
271 0.149172
272 0.174151
273 0.165971
274 0.148255
275 0.153026
276 0.167794
277 0.158101
278 0.182142
279 0.183556
280 0.153997
281 0.169042
282 0.165645
283 0.178431
284 0.17144
285 0.157757
286 0.182826
287 0.181928
288 0.189443
289 0.174977
290 0.185481
291 0.189985
292 0.184709
293 0.179848
294 0.177435
295 0.192851
296 0.168008
297 0.169143
298 0.210903
299 0.17887
300 0.145468
301 0.187539
302 0.144982
303 0.15071
304 0.141979
305 0.180593
306 0.160496
307 0.180815
308 0.171388
309 0.163297
310 0.180222
311 0.223102
312 0.183109
313 0.158876
314 0.180878
315 0.187367
316 0.186918
317 0.176622
318 0.204452
319 0.190389
320 0.184825
321 0.161743
322 0.187928
323 0.188632
324 0.203332
325 0.153357
326 0.165676
327 0.180012
328 0.174873
329 0.145375
330 0.151726
331 0.187828
332 0.17436
333 0.168383
334 0.1695
335 0.177257
336 0.158712
337 0.200373
338 0.192186
339 0.165919
340 0.179472
341 0.161293
342 0.167113
343 0.194007
344 0.203254
345 0.20038
346 0.205642
347 0.220281
348 0.176118
349 0.186929
350 0.217124
351 0.204416
352 0.158983
353 0.163042
354 0.219313
355 0.183026
356 0.196379
357 0.164675
358 0.158798
359 0.184219
360 0.186375
361 0.16938
362 0.157217
363 0.168034
364 0.170511
365 0.156134
366 0.156851
367 0.175561
368 0.179751
369 0.175807
370 0.185026
371 0.177182
372 0.195824
373 0.15952
374 0.148582
375 0.210017
376 0.190863
377 0.178848
378 0.145462
379 0.179191
380 0.21835
381 0.187618
382 0.155693
383 0.149711
384 0.168801
385 0.196582
386 0.225956
387 0.186326
388 0.178718
389 0.187412
390 0.182524
391 0.19255
392 0.16003
393 0.197955
394 0.170165
395 0.169421
396 0.153091
397 0.168369
398 0.196336
399 0.172611
400 0.163575
401 0.167595
402 0.189686
403 0.186363
404 0.16335
405 0.15053
406 0.187804
407 0.16921
408 0.162265
409 0.178966
410 0.169124
411 0.176472
412 0.179846
413 0.185406
414 0.144177
415 0.198893
416 0.187192
417 0.177119
418 0.161219
419 0.162652
420 0.170398
421 0.164206
422 0.150013
423 0.169387
424 0.167866
425 0.181511
426 0.154032
427 0.178619
428 0.181885
429 0.182227
430 0.18252
431 0.184223
432 0.174513
433 0.160926
434 0.171948
435 0.177678
436 0.17639
437 0.159103
438 0.168022
439 0.186327
440 0.173891
441 0.163651
442 0.170858
443 0.175197
444 0.177127
445 0.15888
446 0.172267
447 0.18484
448 0.199305
449 0.185249
450 0.160396
451 0.200962
452 0.184958
453 0.196109
454 0.185016
455 0.194136
456 0.179063
457 0.194717
458 0.219862
459 0.190452
460 0.192479
461 0.185005
462 0.19717
463 0.167244
464 0.213579
465 0.219542
466 0.177858
467 0.182269
468 0.212258
469 0.193705
470 0.18563
471 0.179042
472 0.17887
473 0.162544
474 0.185804
475 0.170828
476 0.197301
477 0.187416
478 0.191839
479 0.186282
480 0.177427
481 0.189225
482 0.201238
483 0.166858
484 0.166929
485 0.162714
486 0.173641
487 0.185043
488 0.188926
489 0.196186
490 0.174415
491 0.178077
492 0.165867
493 0.140867
494 0.16549
495 0.168469
496 0.165129
497 0.184697
498 0.200256
499 0.158375
500 0.18362
501 0.2052
502 0.192356
503 0.191534
504 0.17968
505 0.214029
506 0.192088
507 0.185921
508 0.221512
509 0.175123
510 0.154014
511 0.183862
512 0.194545
513 0.158597
514 0.153166
515 0.193328
516 0.190286
517 0.163938
518 0.157026
519 0.177348
520 0.163303
521 0.158851
522 0.153405
523 0.18322
524 0.157156
525 0.169383
526 0.195485
527 0.184236
528 0.169885
529 0.151728
530 0.192321
531 0.199981
532 0.183607
533 0.160043
534 0.190709
535 0.194307
536 0.161721
537 0.161215
538 0.1708
539 0.18237
540 0.162937
541 0.165054
542 0.147185
543 0.181145
544 0.175477
545 0.155799
546 0.172682
547 0.191413
548 0.176023
549 0.17096
550 0.17604
551 0.182814
552 0.138268
553 0.191541
554 0.181598
555 0.1642
556 0.168784
557 0.180901
558 0.152256
559 0.16605
560 0.180073
561 0.161796
562 0.19417
563 0.158349
564 0.168248
565 0.190085
566 0.190223
567 0.148592
568 0.182507
569 0.167868
570 0.182014
571 0.19027
572 0.200879
573 0.167053
574 0.164205
575 0.172971
576 0.171244
577 0.167616
578 0.157504
579 0.165081
580 0.169958
581 0.19594
582 0.189406
583 0.20122
584 0.216141
585 0.200249
586 0.165445
587 0.176439
588 0.176576
589 0.211948
590 0.148306
591 0.179223
592 0.130243
593 0.193399
594 0.196258
595 0.162211
596 0.163536
597 0.165799
598 0.172397
599 0.163473
600 0.176029
601 0.164632
602 0.166488
603 0.174521
604 0.208558
605 0.180073
606 0.184612
607 0.188711
608 0.203702
609 0.17363
610 0.179127
611 0.171249
612 0.157792
613 0.158733
614 0.141381
615 0.188395
616 0.17792
617 0.1404
618 0.157117
619 0.177598
620 0.165151
621 0.138032
622 0.16381
623 0.136848
624 0.16811
625 0.152947
626 0.154632
627 0.151183
628 0.16687
629 0.176393
630 0.169136
631 0.171572
632 0.183306
633 0.189729
634 0.185112
635 0.19919
636 0.172555
637 0.201843
638 0.211308
639 0.19969
640 0.168628
641 0.186696
642 0.227322
643 0.197659
644 0.177207
645 0.15945
646 0.202849
647 0.18243
648 0.173655
649 0.163892
650 0.177552
651 0.196848
652 0.193229
653 0.220525
654 0.195104
655 0.199495
656 0.205853
657 0.176051
658 0.190882
659 0.180879
660 0.187076
661 0.182454
662 0.174153
663 0.190936
664 0.203348
665 0.199711
666 0.193557
667 0.179041
668 0.201874
669 0.202514
670 0.180127
671 0.160837
672 0.159474
673 0.169232
674 0.164026
675 0.168615
676 0.162359
677 0.170486
678 0.145202
679 0.149247
680 0.154556
681 0.174105
682 0.162258
683 0.155494
684 0.177305
685 0.172872
686 0.184974
687 0.15644
688 0.178983
689 0.189853
690 0.193942
691 0.172783
692 0.18219
693 0.179461
694 0.182436
695 0.15393
696 0.153663
697 0.170275
698 0.16116
699 0.171291
700 0.195807
701 0.174117
702 0.187381
703 0.165323
704 0.187569
705 0.172099
706 0.168914
707 0.177177
708 0.166079
709 0.168406
710 0.149796
711 0.190203
712 0.180476
713 0.178845
714 0.1532
715 0.172492
716 0.167137
717 0.21511
718 0.161086
719 0.169372
720 0.163243
721 0.170307
722 0.155977
723 0.183016
724 0.15564
725 0.175099
726 0.183793
727 0.192669
728 0.185672
729 0.157378
730 0.170645
731 0.152412
732 0.198944
733 0.168504
734 0.187979
735 0.176841
736 0.206205
737 0.20779
738 0.18237
739 0.203062
740 0.171462
741 0.201238
742 0.187229
743 0.184257
744 0.154526
745 0.192457
746 0.16244
747 0.148814
748 0.178733
749 0.161249
750 0.161357
751 0.168559
752 0.173985
753 0.177266
754 0.199822
755 0.191733
756 0.186062
757 0.18049
758 0.192826
759 0.175655
760 0.178803
761 0.17559
762 0.164929
763 0.179953
764 0.180752
765 0.192421
766 0.200525
767 0.186613
768 0.170194
769 0.18524
770 0.182966
771 0.183177
772 0.18463
773 0.18491
774 0.19132
775 0.212427
776 0.181883
777 0.19809
778 0.20977
779 0.174613
780 0.191606
781 0.173013
782 0.166222
783 0.15188
784 0.165899
785 0.149449
786 0.174344
787 0.144452
788 0.15001
789 0.151484
790 0.16185
791 0.151412
792 0.171707
793 0.161403
794 0.183994
795 0.168891
796 0.180283
797 0.168517
798 0.174031
799 0.159634
800 0.179148
801 0.16383
802 0.165407
803 0.17267
804 0.163123
805 0.192306
806 0.192048
807 0.164338
808 0.177157
809 0.150348
810 0.190838
811 0.185901
812 0.18544
813 0.153475
814 0.188062
815 0.216191
816 0.177711
817 0.16145
818 0.155596
819 0.182559
820 0.166768
821 0.184361
822 0.167383
823 0.178634
824 0.168025
825 0.158218
826 0.177587
827 0.16609
828 0.175385
829 0.139883
830 0.180481
831 0.17076
832 0.154307
833 0.159226
834 0.202942
835 0.204615
836 0.177084
837 0.136498
838 0.173048
839 0.20074
840 0.175982
841 0.173169
842 0.149239
843 0.187482
844 0.213965
845 0.170374
846 0.166928
847 0.183927
848 0.18002
849 0.173374
850 0.166436
851 0.160955
852 0.162047
853 0.176842
854 0.196395
855 0.181816
856 0.170819
857 0.181008
858 0.200554
859 0.18193
860 0.189747
861 0.174238
862 0.19254
863 0.201183
864 0.168925
865 0.187374
866 0.203334
867 0.173518
868 0.154776
869 0.204013
870 0.180774
871 0.161423
872 0.176094
873 0.205303
874 0.20986
875 0.195235
876 0.195772
877 0.213962
878 0.207215
879 0.192998
880 0.16196
881 0.168808
882 0.179148
883 0.175968
884 0.153146
885 0.161283
886 0.134094
887 0.206515
888 0.165765
889 0.167696
890 0.14457
891 0.186068
892 0.188166
893 0.177053
894 0.162416
895 0.16014
896 0.172048
897 0.182427
898 0.157773
899 0.179713
900 0.163411
901 0.177431
902 0.154627
903 0.180974
904 0.168181
905 0.171727
906 0.14351
907 0.173808
908 0.15017
909 0.143495
910 0.155641
911 0.162485
912 0.15647
913 0.186529
914 0.154101
915 0.185074
916 0.161219
917 0.165451
918 0.16109
919 0.172512
920 0.20376
921 0.178267
922 0.163552
923 0.168268
924 0.182133
925 0.174134
926 0.178712
927 0.172409
928 0.192016
929 0.190089
930 0.185825
931 0.169681
932 0.183319
933 0.173299
934 0.189066
935 0.196266
936 0.196181
937 0.215634
938 0.199249
939 0.173288
940 0.189141
941 0.191002
942 0.188317
943 0.186256
944 0.149055
945 0.160795
946 0.176577
947 0.142779
948 0.154505
949 0.164243
950 0.160076
951 0.158574
952 0.154945
953 0.17602
954 0.177185
955 0.165584
956 0.142894
957 0.196456
958 0.195659
959 0.195308
960 0.185656
961 0.194664
962 0.174191
963 0.169856
964 0.134765
965 0.173404
966 0.131754
967 0.143015
968 0.147749
969 0.149029
970 0.158842
971 0.133083
972 0.168982
973 0.151548
974 0.171174
975 0.181768
976 0.149237
977 0.185356
978 0.174578
979 0.196731
980 0.178579
981 0.161869
982 0.168128
983 0.177742
984 0.172073
985 0.158053
986 0.154875
987 0.172712
988 0.19189
989 0.171926
990 0.222665
991 0.169907
992 0.17216
993 0.181705
994 0.187409
995 0.181808
996 0.191341
997 0.196144
998 0.196297
999 0.199726
1000 0.204807
1001 0.233027
1002 0.194167
1003 0.166816
1004 0.191848
1005 0.201764
1006 0.19247
1007 0.176528
1008 0.158989
1009 0.17482
1010 0.192264
1011 0.184921
1012 0.160456
1013 0.170912
1014 0.157742
1015 0.161699
1016 0.154525
1017 0.155655
1018 0.157905
1019 0.173051
1020 0.161803
1021 0.180778
1022 0.190351
1023 0.167647
1024 0.168123
1025 0.162111
1026 0.175389
1027 0.190538
1028 0.176075
1029 0.164015
1030 0.172849
1031 0.181108
1032 0.166155
1033 0.160061
1034 0.171106
1035 0.16819
1036 0.18125
1037 0.163742
1038 0.16072
1039 0.20617
1040 0.196582
1041 0.167628
1042 0.172661
1043 0.205623
1044 0.176975
1045 0.15631
1046 0.206229
1047 0.217753
1048 0.177823
1049 0.162098
1050 0.173791
1051 0.170673
1052 0.158765
1053 0.167264
1054 0.17988
1055 0.184067
1056 0.157577
1057 0.17536
1058 0.210233
1059 0.200586
1060 0.20796
1061 0.190512
1062 0.192212
1063 0.180424
1064 0.20921
1065 0.203855
1066 0.189608
1067 0.191303
1068 0.201496
1069 0.15711
1070 0.151681
1071 0.17409
1072 0.182711
1073 0.165667
1074 0.141244
1075 0.205787
1076 0.192182
1077 0.168908
1078 0.165212
1079 0.212717
1080 0.207704
1081 0.190934
1082 0.207719
1083 0.169943
1084 0.205529
1085 0.174516
1086 0.193012
1087 0.159074
1088 0.168478
1089 0.153308
1090 0.163858
1091 0.178189
1092 0.172189
1093 0.162759
1094 0.200543
1095 0.176333
1096 0.185586
1097 0.219334
1098 0.186603
1099 0.185444
1100 0.171117
1101 0.160425
1102 0.175225
1103 0.195638
1104 0.172919
1105 0.1684
1106 0.190786
1107 0.194788
1108 0.187357
1109 0.185492
1110 0.201568
1111 0.191023
1112 0.173243
1113 0.204578
1114 0.204286
1115 0.191939
1116 0.142015
1117 0.160151
1118 0.154417
1119 0.171109
1120 0.165354
1121 0.150444
1122 0.150597
1123 0.18885
1124 0.160527
1125 0.149449
1126 0.162611
1127 0.152272
1128 0.180359
1129 0.206442
1130 0.202484
1131 0.185527
1132 0.194591
1133 0.197083
1134 0.184802
1135 0.194561
1136 0.183537
1137 0.180592
1138 0.175768
1139 0.19813
1140 0.19662
1141 0.15806
1142 0.160886
1143 0.181859
1144 0.197903
1145 0.178818
1146 0.18077
1147 0.150324
1148 0.170956
1149 0.190213
1150 0.166936
1151 0.150312
1152 0.172946
1153 0.168693
1154 0.173323
1155 0.170194
1156 0.177422
1157 0.192462
1158 0.204662
1159 0.154332
1160 0.159954
1161 0.169297
1162 0.170817
1163 0.170386
1164 0.174399
1165 0.183747
1166 0.139071
1167 0.171734
1168 0.147388
1169 0.187309
1170 0.161607
1171 0.167924
1172 0.163006
1173 0.154798
1174 0.151188
1175 0.164721
1176 0.186086
1177 0.157524
1178 0.167234
1179 0.164327
1180 0.168444
1181 0.161237
1182 0.165066
1183 0.157625
1184 0.152672
1185 0.168884
1186 0.16906
1187 0.154624
1188 0.183264
1189 0.189331
1190 0.160998
1191 0.1438
1192 0.17106
1193 0.177536
1194 0.194393
1195 0.164662
1196 0.194442
1197 0.190438
1198 0.181585
1199 0.158844
1200 0.203589
1201 0.179075
1202 0.171239
1203 0.184657
1204 0.197947
1205 0.199901
1206 0.178892
1207 0.175695
1208 0.196342
1209 0.181968
1210 0.165173
1211 0.14991
1212 0.18165
1213 0.184841
1214 0.179177
1215 0.148117
1216 0.16877
1217 0.182126
1218 0.165014
1219 0.165072
1220 0.169072
1221 0.150743
1222 0.176177
1223 0.176275
1224 0.144823
1225 0.154256
1226 0.182587
1227 0.190976
1228 0.194593
1229 0.178482
1230 0.20163
1231 0.214734
1232 0.223602
1233 0.196367
1234 0.217053
1235 0.174369
1236 0.228689
1237 0.17317
1238 0.212562
1239 0.194862
1240 0.183081
1241 0.164912
1242 0.208302
1243 0.216283
1244 0.208653
1245 0.19527
1246 0.168659
1247 0.186225
1248 0.195381
1249 0.174043
1250 0.152321
1251 0.148873
1252 0.164345
1253 0.184715
1254 0.161702
1255 0.146635
1256 0.184366
1257 0.188078
1258 0.168003
1259 0.151123
1260 0.186163
1261 0.204633
1262 0.186249
1263 0.168072
1264 0.195142
1265 0.173238
1266 0.188735
1267 0.168363
1268 0.158961
1269 0.178029
1270 0.208069
1271 0.157979
1272 0.170877
1273 0.190585
1274 0.208383
1275 0.17894
1276 0.155194
1277 0.162817
1278 0.18167
1279 0.18439
1280 0.158833
1281 0.159125
1282 0.179055
1283 0.181534
1284 0.160908
1285 0.155007
1286 0.169222
1287 0.173995
1288 0.163978
1289 0.193797
1290 0.171469
1291 0.160464
1292 0.173147
1293 0.175004
1294 0.183272
1295 0.156417
1296 0.164831
1297 0.158099
1298 0.161654
1299 0.152181
1300 0.156212
1301 0.153286
1302 0.178044
1303 0.165994
1304 0.165804
1305 0.162122
1306 0.178925
1307 0.145187
1308 0.170535
1309 0.159067
1310 0.184354
1311 0.158739
1312 0.147709
1313 0.16289
1314 0.18879
1315 0.172131
1316 0.155155
1317 0.171401
1318 0.176953
1319 0.206808
1320 0.158524
1321 0.167216
1322 0.210145
1323 0.158778
1324 0.149137
1325 0.172589
1326 0.155915
1327 0.160037
1328 0.155051
1329 0.1548
1330 0.169556
1331 0.183551
1332 0.220839
1333 0.181658
1334 0.184981
1335 0.194797
1336 0.158777
1337 0.18289
1338 0.166726
1339 0.170405
1340 0.168316
1341 0.175915
1342 0.153379
1343 0.165704
1344 0.155709
1345 0.163389
1346 0.155704
1347 0.151816
1348 0.165883
1349 0.136114
1350 0.190226
1351 0.201253
1352 0.186806
1353 0.193223
1354 0.193401
1355 0.202107
1356 0.170194
1357 0.183172
1358 0.178757
1359 0.18349
1360 0.161181
1361 0.170464
1362 0.153645
1363 0.175119
1364 0.156951
1365 0.192996
1366 0.161014
1367 0.17879
1368 0.1427
1369 0.196149
1370 0.181918
1371 0.195569
1372 0.188363
1373 0.19879
1374 0.183939
1375 0.171101
1376 0.159029
1377 0.184058
1378 0.174326
1379 0.153493
1380 0.174643
1381 0.17523
1382 0.176146
1383 0.175287
1384 0.185563
1385 0.175987
1386 0.207513
1387 0.215325
1388 0.173846
1389 0.197992
1390 0.146602
1391 0.183062
1392 0.149859
1393 0.184219
1394 0.169019
1395 0.159142
1396 0.180215
1397 0.168386
1398 0.175273
1399 0.156829
1400 0.142289
1401 0.155569
1402 0.125424
1403 0.210231
1404 0.150968
1405 0.164383
1406 0.164303
1407 0.192033
1408 0.214884
1409 0.16037
1410 0.170764
1411 0.170259
1412 0.203075
1413 0.153702
1414 0.157398
1415 0.159848
1416 0.16188
1417 0.12505
1418 0.164601
1419 0.16436
1420 0.152216
1421 0.184116
1422 0.191301
1423 0.207324
1424 0.213236
1425 0.175562
1426 0.162807
1427 0.138921
1428 0.17731
1429 0.166498
1430 0.168612
1431 0.14379
1432 0.169703
1433 0.182265
1434 0.211733
1435 0.166382
1436 0.16705
1437 0.188803
1438 0.195663
1439 0.170352
1440 0.181068
1441 0.180567
1442 0.174943
1443 0.204636
1444 0.160657
1445 0.142745
1446 0.176381
1447 0.186356
1448 0.219098
1449 0.168187
1450 0.143737
1451 0.153598
1452 0.178664
1453 0.18194
1454 0.178965
1455 0.157005
1456 0.141033
1457 0.172872
1458 0.16005
1459 0.212219
1460 0.164995
1461 0.164721
1462 0.176961
1463 0.181021
1464 0.153903
1465 0.142659
1466 0.159696
1467 0.184601
1468 0.147274
1469 0.151868
1470 0.17781
1471 0.166626
1472 0.179089
1473 0.165285
1474 0.175248
1475 0.187101
1476 0.168142
1477 0.182337
1478 0.197336
1479 0.156258
1480 0.135778
1481 0.174824
1482 0.183095
1483 0.159005
1484 0.162818
1485 0.152875
1486 0.181795
1487 0.217524
1488 0.189696
1489 0.225521
1490 0.185373
1491 0.167493
1492 0.209305
1493 0.177375
1494 0.173994
1495 0.17607
1496 0.198093
1497 0.206412
1498 0.181011
1499 0.147437
1500 0.136675
1501 0.184374
1502 0.189756
1503 0.172253
1504 0.16608
1505 0.181727
1506 0.168069
1507 0.211021
1508 0.175444
1509 0.169352
1510 0.210681
1511 0.158361
1512 0.184355
1513 0.136149
1514 0.177915
1515 0.158274
1516 0.167033
1517 0.152063
1518 0.158859
1519 0.159746
1520 0.195666
1521 0.187028
1522 0.194346
1523 0.190556
1524 0.179615
1525 0.175545
1526 0.164821
1527 0.187498
1528 0.162133
1529 0.157678
1530 0.164848
1531 0.177353
1532 0.180735
1533 0.17424
1534 0.167756
1535 0.180853
1536 0.171097
1537 0.172899
1538 0.155887
1539 0.179806
1540 0.168682
1541 0.164452
1542 0.1862
1543 0.12599
1544 0.137324
1545 0.158431
1546 0.162527
1547 0.171718
1548 0.146832
1549 0.162478
1550 0.164411
1551 0.161842
1552 0.159298
1553 0.167226
1554 0.163974
1555 0.154921
1556 0.163832
1557 0.174355
1558 0.167188
1559 0.182606
1560 0.15142
1561 0.18897
1562 0.171184
1563 0.189408
1564 0.17466
1565 0.181553
1566 0.177254
1567 0.163066
1568 0.170719
1569 0.18231
1570 0.167139
1571 0.139278
1572 0.176335
1573 0.182987
1574 0.168439
1575 0.173997
1576 0.174267
1577 0.14887
1578 0.198896
1579 0.184287
1580 0.186301
1581 0.190667
1582 0.150895
1583 0.174477
1584 0.151725
1585 0.190068
1586 0.195176
1587 0.19434
1588 0.163384
1589 0.170247
1590 0.193946
1591 0.202891
1592 0.178066
1593 0.200702
1594 0.180064
1595 0.162204
1596 0.160899
1597 0.15766
1598 0.146441
1599 0.176423
1600 0.131678
1601 0.155037
1602 0.180463
1603 0.159032
1604 0.170582
1605 0.178912
1606 0.148761
1607 0.143627
1608 0.164869
1609 0.177315
1610 0.157338
1611 0.206163
1612 0.173165
1613 0.156309
1614 0.22596
1615 0.176494
1616 0.188677
1617 0.143517
1618 0.196587
1619 0.148806
1620 0.170543
1621 0.169417
1622 0.200476
1623 0.171921
1624 0.192164
1625 0.166514
1626 0.210251
1627 0.182625
1628 0.190135
1629 0.13561
1630 0.207641
1631 0.209447
1632 0.20185
1633 0.174667
1634 0.155015
1635 0.192539
1636 0.17953
1637 0.142567
1638 0.203998
1639 0.161889
1640 0.170781
1641 0.180441
1642 0.145035
1643 0.16899
1644 0.153664
1645 0.188258
1646 0.17748
1647 0.187545
1648 0.187598
1649 0.172659
1650 0.151708
1651 0.184525
1652 0.144871
1653 0.18412
1654 0.178483
1655 0.2097
1656 0.169632
1657 0.178648
1658 0.157102
1659 0.173583
1660 0.181208
1661 0.176079
1662 0.167052
1663 0.160709
1664 0.18981
1665 0.177334
1666 0.167429
1667 0.161116
1668 0.18681
1669 0.198048
1670 0.159088
1671 0.198918
1672 0.181438
1673 0.174486
1674 0.167778
1675 0.232898
1676 0.197633
1677 0.166292
1678 0.164899
1679 0.157494
1680 0.160372
1681 0.153343
1682 0.189314
1683 0.169404
1684 0.156384
1685 0.155384
1686 0.158787
1687 0.14745
1688 0.152453
1689 0.15141
1690 0.191591
1691 0.172697
1692 0.179451
1693 0.154755
1694 0.170161
1695 0.151143
1696 0.150357
1697 0.178211
1698 0.15133
1699 0.171925
1700 0.176497
1701 0.176577
1702 0.193843
1703 0.194805
1704 0.18592
1705 0.187557
1706 0.177852
1707 0.160275
1708 0.156672
1709 0.177481
1710 0.16395
1711 0.161653
1712 0.16425
1713 0.205601
1714 0.143599
1715 0.159395
1716 0.192208
1717 0.193637
1718 0.181265
1719 0.155768
1720 0.181355
1721 0.205029
1722 0.166194
1723 0.157607
1724 0.191264
1725 0.195078
1726 0.17414
1727 0.164649
1728 0.15255
1729 0.201044
1730 0.19092
1731 0.169708
1732 0.162327
1733 0.186842
1734 0.177311
1735 0.151361
1736 0.175351
1737 0.165955
1738 0.156024
1739 0.15577
1740 0.162716
1741 0.150988
1742 0.185555
1743 0.184317
1744 0.180158
1745 0.184334
1746 0.186287
1747 0.201022
1748 0.141633
1749 0.182654
1750 0.20148
1751 0.187299
1752 0.159096
1753 0.172667
1754 0.205
1755 0.156364
1756 0.15498
1757 0.20232
1758 0.191403
1759 0.163233
1760 0.18386
1761 0.160985
1762 0.164456
1763 0.176806
1764 0.205875
1765 0.165387
1766 0.160007
1767 0.180568
1768 0.174613
1769 0.163093
1770 0.158077
1771 0.184541
1772 0.163818
1773 0.165672
1774 0.17223
1775 0.143444
1776 0.17245
1777 0.200351
1778 0.189852
1779 0.186928
1780 0.162159
1781 0.146674
1782 0.196303
1783 0.159692
1784 0.176033
1785 0.164345
1786 0.161438
1787 0.18764
1788 0.158875
1789 0.152248
1790 0.137106
1791 0.17586
1792 0.169756
1793 0.169675
1794 0.131107
1795 0.179576
1796 0.196417
1797 0.15583
1798 0.172855
1799 0.162068
1800 0.173501
1801 0.169895
1802 0.184621
1803 0.166841
1804 0.153595
1805 0.157326
1806 0.166638
1807 0.1738
1808 0.144521
1809 0.177535
1810 0.181555
1811 0.151588
1812 0.138929
1813 0.175989
1814 0.181443
1815 0.163915
1816 0.170546
1817 0.15051
1818 0.12691
1819 0.146436
1820 0.158127
1821 0.149264
1822 0.190716
1823 0.169344
1824 0.179588
1825 0.20001
1826 0.152585
1827 0.157814
1828 0.149803
1829 0.144627
1830 0.180951
1831 0.187922
1832 0.165514
1833 0.184417
1834 0.193754
1835 0.151531
1836 0.171611
1837 0.192128
1838 0.209876
1839 0.175214
1840 0.182288
1841 0.189519
1842 0.177473
1843 0.217513
1844 0.194902
1845 0.167993
1846 0.218399
1847 0.206191
1848 0.177487
1849 0.163123
1850 0.193419
1851 0.208519
1852 0.190558
1853 0.154916
1854 0.181578
1855 0.183323
1856 0.169243
1857 0.158216
1858 0.183771
1859 0.157513
1860 0.168557
1861 0.159337
1862 0.175506
1863 0.172806
1864 0.180004
1865 0.179115
1866 0.206216
1867 0.17261
1868 0.170328
1869 0.164164
1870 0.183823
1871 0.209557
1872 0.217838
1873 0.203486
1874 0.195098
1875 0.180136
1876 0.205545
1877 0.199809
1878 0.202587
1879 0.187185
1880 0.187091
1881 0.202946
1882 0.207755
1883 0.197434
1884 0.175761
1885 0.169131
1886 0.192803
1887 0.192145
1888 0.179127
1889 0.178513
1890 0.219959
1891 0.196467
1892 0.173479
1893 0.145697
1894 0.17646
1895 0.15604
1896 0.174607
1897 0.159222
1898 0.161354
1899 0.149839
1900 0.166036
1901 0.165331
1902 0.157399
1903 0.177155
1904 0.139218
1905 0.155765
1906 0.196117
1907 0.152813
1908 0.161495
1909 0.19471
1910 0.197732
1911 0.206802
1912 0.196548
1913 0.171165
1914 0.20823
1915 0.179327
1916 0.158561
1917 0.152621
1918 0.164101
1919 0.1839
1920 0.161532
1921 0.162302
1922 0.174972
1923 0.16861
1924 0.188983
1925 0.159558
1926 0.173268
1927 0.174183
1928 0.144711
1929 0.194473
1930 0.132643
1931 0.162235
1932 0.176679
1933 0.155592
1934 0.157199
1935 0.16869
1936 0.187256
1937 0.17643
1938 0.138003
1939 0.145798
1940 0.175802
1941 0.155371
1942 0.170862
1943 0.157512
1944 0.149061
1945 0.17583
1946 0.158262
1947 0.193787
1948 0.159562
1949 0.163902
1950 0.162388
1951 0.155749
1952 0.16557
1953 0.154575
1954 0.17341
1955 0.156065
1956 0.175117
1957 0.19373
1958 0.185678
1959 0.181069
1960 0.218113
1961 0.203456
1962 0.14471
1963 0.172845
1964 0.195651
1965 0.205511
1966 0.180971
1967 0.202284
1968 0.18679
1969 0.171782
1970 0.179728
1971 0.152339
1972 0.145559
1973 0.198129
1974 0.188673
1975 0.166396
1976 0.155197
1977 0.22622
1978 0.180957
1979 0.176713
1980 0.169287
1981 0.197556
1982 0.188303
1983 0.191686
1984 0.185788
1985 0.210516
1986 0.192042
1987 0.199268
1988 0.162458
1989 0.201512
1990 0.180789
1991 0.181725
1992 0.15001
1993 0.198677
1994 0.162848
1995 0.170507
1996 0.139188
1997 0.192278
1998 0.159169
1999 0.151096
2000 0.195013
2001 0.195053
2002 0.188736
2003 0.16692
2004 0.176241
2005 0.188251
2006 0.176042
2007 0.182208
2008 0.141508
2009 0.18479
2010 0.193725
2011 0.190975
2012 0.159209
2013 0.176655
2014 0.215998
2015 0.181458
2016 0.177391
2017 0.178194
2018 0.208203
2019 0.161088
2020 0.179992
2021 0.18119
2022 0.158972
2023 0.179822
2024 0.181267
2025 0.169374
2026 0.169828
2027 0.177926
2028 0.192399
2029 0.184747
2030 0.167889
2031 0.150557
2032 0.179042
2033 0.191434
2034 0.179089
2035 0.149444
2036 0.200743
2037 0.160935
2038 0.199159
2039 0.178456
2040 0.165723
2041 0.158157
2042 0.19347
2043 0.179542
2044 0.176128
2045 0.155674
2046 0.167251
2047 0.159327
2048 0.171541
2049 0.167148
2050 0.180143
2051 0.16402
2052 0.157136
2053 0.145514
2054 0.177041
2055 0.203581
2056 0.217289
2057 0.192037
2058 0.199657
2059 0.210544
2060 0.203754
2061 0.159107
2062 0.186112
2063 0.168423
2064 0.192318
2065 0.176613
2066 0.19974
2067 0.172345
2068 0.148475
2069 0.178383
2070 0.175837
2071 0.167717
2072 0.160812
2073 0.168961
2074 0.155093
2075 0.167959
2076 0.160123
2077 0.172468
2078 0.178785
2079 0.173854
2080 0.183866
2081 0.200832
2082 0.183594
2083 0.180554
2084 0.174911
2085 0.171347
2086 0.175974
2087 0.176816
2088 0.162555
2089 0.155425
2090 0.183901
2091 0.161983
2092 0.18411
2093 0.176233
2094 0.168169
2095 0.186575
2096 0.187723
2097 0.159595
2098 0.173915
2099 0
