0 2.12717
1 1.20078
2 3.28123
3 4.51019
4 4.56728
5 4.23603
6 3.55541
7 2.81698
8 2.05918
9 1.48972
10 1.46389
11 1.32689
12 0.86098
13 0.648808
14 1.25135
15 0.484887
16 1.31722
17 0.954383
18 0.0864644
19 0.642619
20 0.37179
21 0.214513
22 0.253855
23 0.211068
24 0.190909
25 0.195328
26 0.191886
27 0.191136
28 0.192662
29 0.195059
30 0.194146
31 0.193181
32 0.193419
33 0.19226
34 0.19527
35 0.193773
36 0.19437
37 0.193852
38 0.194952
39 0.193467
40 0.192112
41 0.191515
42 0.191317
43 0.190339
44 0.194471
45 0.193373
46 0.192793
47 0.195918
48 0.195106
49 0.19668
50 0.194793
51 0.192365
52 0.192505
53 0.192128
54 0.192722
55 0.192589
56 0.192299
57 0.196454
58 0.192847
59 0.195398
60 0.195248
61 0.195783
62 0.196721
63 0.194404
64 0.193812
65 0.191016
66 0.191656
67 0.193164
68 0.192855
69 0.194352
70 0.192711
71 0.192939
72 0.193005
73 0.193858
74 0.192816
75 0.195059
76 0.192997
77 0.192531
78 0.194222
79 0.192128
80 0.195064
81 0.196602
82 0.194672
83 0.192946
84 0.193568
85 0.193362
86 0.194381
87 0.194845
88 0.193857
89 0.193842
90 0.193641
91 0.196321
92 0.194316
93 0.192996
94 0.196168
95 0.196028
96 0.193378
97 0.195616
98 0.194074
99 0.195029
100 0.195162
101 0.197262
102 0.196998
103 0.195246
104 0.19379
105 0.195339
106 0.196048
107 0.194007
108 0.19284
109 0.191918
110 0.190373
111 0.192999
112 0.191595
113 0.1933
114 0.193268
115 0.191911
116 0.195103
117 0.193024
118 0.191664
119 0.191335
120 0.190342
121 0.19351
122 0.192052
123 0.194974
124 0.197022
125 0.196183
126 0.194143
127 0.193132
128 0.192709
129 0.193537
130 0.19593
131 0.194027
132 0.19293
133 0.195763
134 0.194012
135 0.193632
136 0.193409
137 0.193479
138 0.191966
139 0.192287
140 0.191938
141 0.191013
142 0.191069
143 0.193533
144 0.191744
145 0.192422
146 0.191159
147 0.194011
148 0.192273
149 0.191824
150 0.193669
151 0.192346
152 0.191785
153 0.191921
154 0.193833
155 0.194771
156 0.193515
157 0.19324
158 0.194604
159 0.192847
160 0.195968
161 0.193727
162 0.194772
163 0.192688
164 0.194532
165 0.19264
166 0.191519
167 0.191441
168 0.191159
169 0.193885
170 0.19513
171 0.196225
172 0.197282
173 0.195195
174 0.193495
175 0.19304
176 0.192232
177 0.191941
178 0.193811
179 0.194741
180 0.193193
181 0.194003
182 0.193752
183 0.192953
184 0.194224
185 0.192492
186 0.191903
187 0.195656
188 0.195945
189 0.193649
190 0.192487
191 0.191213
192 0.19169
193 0.194485
194 0.19217
195 0.191919
196 0.191901
197 0.194631
198 0.193966
199 0.194202
200 0.193408
201 0.194424
202 0.193853
203 0.193041
204 0.192862
205 0.193742
206 0.194294
207 0.192709
208 0.19221
209 0.194551
210 0.193245
211 0.196107
212 0.193004
213 0.194354
214 0.193013
215 0.19181
216 0.193033
217 0.192063
218 0.19121
219 0.194127
220 0.192812
221 0.192783
222 0.191778
223 0.191592
224 0.194635
225 0.196017
226 0.193218
227 0.195931
228 0.195088
229 0.194381
230 0.195306
231 0.193816
232 0.196134
233 0.194762
234 0.196593
235 0.194178
236 0.195976
237 0.19616
238 0.197944
239 0.195927
240 0.196062
241 0.194069
242 0.192663
243 0.192217
244 0.191161
245 0.191862
246 0.192398
247 0.194046
248 0.19395
249 0.192769
250 0.192087
251 0.191615
252 0.191626
253 0.190992
254 0.193448
255 0.194884
256 0.193021
257 0.192509
258 0.191635
259 0.191911
260 0.194762
261 0.192674
262 0.191481
263 0.192139
264 0.192032
265 0.190822
266 0.192575
267 0.192292
268 0.191658
269 0.191428
270 0.191244
271 0.190495
272 0.194804
273 0.192527
274 0.194122
275 0.194221
276 0.193053
277 0.195252
278 0.193663
279 0.193094
280 0.19236
281 0.191751
282 0.192766
283 0.192843
284 0.192466
285 0.192353
286 0.194034
287 0.196058
288 0.195581
289 0.193937
290 0.193173
291 0.192347
292 0.192766
293 0.193248
294 0.195727
295 0.196912
296 0.194017
297 0.192812
298 0.193015
299 0.192701
300 0.19228
301 0.19551
302 0.193203
303 0.193076
304 0.192114
305 0.191648
306 0.193171
307 0.19396
308 0.193002
309 0.193298
310 0.193372
311 0.195177
312 0.197527
313 0.195198
314 0.196961
315 0.1939
316 0.19358
317 0.193076
318 0.194516
319 0.194067
320 0.192459
321 0.192789
322 0.196428
323 0.193847
324 0.193337
325 0.191762
326 0.191162
327 0.194795
328 0.194291
329 0.192689
330 0.192462
331 0.1955
332 0.192781
333 0.195123
334 0.196183
335 0.193555
336 0.192265
337 0.194015
338 0.19332
339 0.192502
340 0.195939
341 0.194472
342 0.192928
343 0.195578
344 0.194385
345 0.196154
346 0.196189
347 0.198426
348 0.19487
349 0.193386
350 0.196231
351 0.195536
352 0.194445
353 0.192894
354 0.194863
355 0.194553
356 0.196256
357 0.195214
358 0.193537
359 0.194292
360 0.192392
361 0.19169
362 0.191342
363 0.193444
364 0.192034
365 0.191843
366 0.193035
367 0.191543
368 0.19326
369 0.192223
370 0.193474
371 0.193709
372 0.194416
373 0.192893
374 0.192284
375 0.19543
376 0.196724
377 0.195962
378 0.193601
379 0.193144
380 0.196305
381 0.194121
382 0.195766
383 0.19381
384 0.192719
385 0.19546
386 0.196324
387 0.19661
388 0.195991
389 0.194085
390 0.192643
391 0.19241
392 0.191701
393 0.193967
394 0.194684
395 0.192247
396 0.196153
397 0.193321
398 0.195093
399 0.194565
400 0.19289
401 0.192361
402 0.195286
403 0.192956
404 0.195603
405 0.192869
406 0.193011
407 0.192163
408 0.192307
409 0.19288
410 0.192249
411 0.195302
412 0.194694
413 0.194305
414 0.192926
415 0.194242
416 0.195066
417 0.193449
418 0.191942
419 0.191915
420 0.191989
421 0.191567
422 0.191257
423 0.194601
424 0.192899
425 0.194868
426 0.195415
427 0.196957
428 0.195557
429 0.194036
430 0.193425
431 0.19258
432 0.193053
433 0.192374
434 0.192976
435 0.195896
436 0.193915
437 0.194887
438 0.193267
439 0.193248
440 0.192444
441 0.192113
442 0.192783
443 0.194406
444 0.194795
445 0.19313
446 0.19271
447 0.195039
448 0.195314
449 0.194955
450 0.193843
451 0.195412
452 0.19342
453 0.194953
454 0.195959
455 0.196359
456 0.19516
457 0.193845
458 0.195433
459 0.193992
460 0.194715
461 0.19365
462 0.193289
463 0.192809
464 0.195475
465 0.196036
466 0.194244
467 0.195007
468 0.19551
469 0.194295
470 0.194234
471 0.193037
472 0.193113
473 0.192568
474 0.19391
475 0.193504
476 0.195441
477 0.194972
478 0.196114
479 0.193925
480 0.192577
481 0.194361
482 0.194517
483 0.194235
484 0.194497
485 0.193632
486 0.193662
487 0.19605
488 0.193841
489 0.195987
490 0.193245
491 0.192003
492 0.19158
493 0.190277
494 0.195299
495 0.192899
496 0.196082
497 0.195177
498 0.194985
499 0.193439
500 0.192243
501 0.195528
502 0.196788
503 0.19602
504 0.19744
505 0.197085
506 0.19496
507 0.195481
508 0.196374
509 0.194002
510 0.192316
511 0.192728
512 0.194852
513 0.192549
514 0.193844
515 0.195181
516 0.193826
517 0.192096
518 0.19089
519 0.192598
520 0.191371
521 0.192746
522 0.195482
523 0.194174
524 0.19264
525 0.192589
526 0.193784
527 0.192918
528 0.194983
529 0.194593
530 0.194878
531 0.194382
532 0.19346
533 0.192963
534 0.195545
535 0.195548
536 0.193559
537 0.192478
538 0.191454
539 0.192326
540 0.192846
541 0.192145
542 0.191638
543 0.194313
544 0.192911
545 0.192721
546 0.194243
547 0.195753
548 0.193473
549 0.196038
550 0.193694
551 0.19173
552 0.191705
553 0.194043
554 0.192202
555 0.192691
556 0.192804
557 0.192394
558 0.192509
559 0.192109
560 0.194226
561 0.19486
562 0.194988
563 0.19311
564 0.192535
565 0.193878
566 0.192506
567 0.192461
568 0.193979
569 0.192373
570 0.19372
571 0.196168
572 0.197905
573 0.1948
574 0.193549
575 0.192573
576 0.191972
577 0.192261
578 0.194529
579 0.194887
580 0.19403
581 0.19671
582 0.195196
583 0.197821
584 0.197379
585 0.198135
586 0.195429
587 0.193861
588 0.192095
589 0.194252
590 0.192674
591 0.191445
592 0.192511
593 0.192822
594 0.193669
595 0.193724
596 0.192578
597 0.19241
598 0.191831
599 0.19298
600 0.194523
601 0.19329
602 0.195268
603 0.195032
604 0.197212
605 0.194998
606 0.195105
607 0.194262
608 0.196682
609 0.195714
610 0.193871
611 0.192407
612 0.191624
613 0.191242
614 0.191292
615 0.194154
616 0.192473
617 0.191778
618 0.192435
619 0.193116
620 0.192704
621 0.192173
622 0.191301
623 0.19105
624 0.19093
625 0.192425
626 0.192414
627 0.19167
628 0.195607
629 0.196097
630 0.194287
631 0.194656
632 0.193538
633 0.194162
634 0.195768
635 0.195355
636 0.193476
637 0.193903
638 0.194616
639 0.194521
640 0.193211
641 0.193723
642 0.196696
643 0.194744
644 0.193954
645 0.19267
646 0.193822
647 0.19298
648 0.192458
649 0.195231
650 0.193039
651 0.194902
652 0.196325
653 0.195404
654 0.196522
655 0.1944
656 0.195396
657 0.193755
658 0.194488
659 0.193084
660 0.193508
661 0.196085
662 0.192704
663 0.194258
664 0.194915
665 0.194304
666 0.195954
667 0.194053
668 0.195155
669 0.195061
670 0.193321
671 0.192395
672 0.191748
673 0.191283
674 0.192424
675 0.191984
676 0.193087
677 0.193955
678 0.19234
679 0.192331
680 0.193075
681 0.191995
682 0.192663
683 0.191685
684 0.194601
685 0.194972
686 0.195315
687 0.194533
688 0.194952
689 0.193855
690 0.19462
691 0.19263
692 0.19402
693 0.194351
694 0.192794
695 0.191921
696 0.195906
697 0.192612
698 0.19203
699 0.191928
700 0.195177
701 0.193045
702 0.19196
703 0.192507
704 0.194099
705 0.193911
706 0.196876
707 0.194749
708 0.194074
709 0.192655
710 0.191831
711 0.192786
712 0.192586
713 0.193064
714 0.192976
715 0.194502
716 0.193201
717 0.195817
718 0.194005
719 0.19276
720 0.193188
721 0.192065
722 0.195771
723 0.196091
724 0.194466
725 0.196219
726 0.193733
727 0.19338
728 0.194577
729 0.192411
730 0.191905
731 0.191501
732 0.194453
733 0.19629
734 0.196408
735 0.194818
736 0.196536
737 0.196594
738 0.194618
739 0.19633
740 0.193416
741 0.193774
742 0.195135
743 0.19341
744 0.192937
745 0.191708
746 0.191541
747 0.191601
748 0.192755
749 0.194031
750 0.192538
751 0.194517
752 0.193576
753 0.193259
754 0.195954
755 0.193971
756 0.194332
757 0.192355
758 0.193839
759 0.192509
760 0.192283
761 0.193882
762 0.195099
763 0.194631
764 0.193497
765 0.193724
766 0.194397
767 0.193287
768 0.193143
769 0.192977
770 0.193073
771 0.193066
772 0.19606
773 0.19553
774 0.194657
775 0.19586
776 0.19394
777 0.195695
778 0.195559
779 0.193565
780 0.196335
781 0.193634
782 0.192649
783 0.191966
784 0.191612
785 0.191073
786 0.191172
787 0.191335
788 0.191736
789 0.191155
790 0.193026
791 0.192453
792 0.194781
793 0.194409
794 0.192949
795 0.192749
796 0.192694
797 0.191472
798 0.194902
799 0.192731
800 0.195298
801 0.195646
802 0.194117
803 0.193928
804 0.192369
805 0.196019
806 0.19644
807 0.193703
808 0.196224
809 0.194133
810 0.196504
811 0.196254
812 0.194217
813 0.193509
814 0.192375
815 0.193038
816 0.193708
817 0.193022
818 0.192359
819 0.192291
820 0.191898
821 0.19327
822 0.192652
823 0.192329
824 0.191827
825 0.191573
826 0.194302
827 0.193262
828 0.19334
829 0.192106
830 0.194953
831 0.193423
832 0.19199
833 0.191186
834 0.194079
835 0.19476
836 0.19257
837 0.193083
838 0.192681
839 0.195775
840 0.197122
841 0.194314
842 0.19278
843 0.193508
844 0.196798
845 0.193411
846 0.192492
847 0.193866
848 0.19216
849 0.192669
850 0.19315
851 0.19223
852 0.191913
853 0.195453
854 0.195425
855 0.193574
856 0.195532
857 0.194787
858 0.195095
859 0.193969
860 0.194012
861 0.193239
862 0.194432
863 0.195855
864 0.194123
865 0.194979
866 0.194327
867 0.193229
868 0.192465
869 0.195518
870 0.195786
871 0.193986
872 0.196338
873 0.196523
874 0.19728
875 0.196121
876 0.195586
877 0.195619
878 0.195479
879 0.193674
880 0.192304
881 0.191898
882 0.192418
883 0.193977
884 0.192651
885 0.191782
886 0.192649
887 0.196054
888 0.196603
889 0.194223
890 0.193184
891 0.192101
892 0.192942
893 0.192878
894 0.191503
895 0.192142
896 0.191421
897 0.191691
898 0.191698
899 0.191767
900 0.191307
901 0.192176
902 0.191887
903 0.194506
904 0.192793
905 0.191502
906 0.190883
907 0.190192
908 0.195194
909 0.195841
910 0.19387
911 0.194894
912 0.19242
913 0.192017
914 0.191787
915 0.192471
916 0.195484
917 0.194235
918 0.193234
919 0.192273
920 0.194863
921 0.193124
922 0.1929
923 0.193143
924 0.193004
925 0.19427
926 0.194332
927 0.192842
928 0.19364
929 0.193271
930 0.195662
931 0.193229
932 0.195429
933 0.194956
934 0.195327
935 0.195909
936 0.196277
937 0.19614
938 0.194922
939 0.193995
940 0.192342
941 0.19585
942 0.195045
943 0.195917
944 0.193657
945 0.192231
946 0.191389
947 0.191362
948 0.191568
949 0.193661
950 0.193572
951 0.192514
952 0.19161
953 0.192606
954 0.194756
955 0.193797
956 0.19358
957 0.195177
958 0.195347
959 0.193955
960 0.19451
961 0.194125
962 0.192501
963 0.191317
964 0.190952
965 0.190737
966 0.190418
967 0.190127
968 0.193029
969 0.191753
970 0.19193
971 0.192261
972 0.191669
973 0.193395
974 0.193082
975 0.195356
976 0.194954
977 0.193496
978 0.193556
979 0.193195
980 0.192648
981 0.192029
982 0.191675
983 0.192429
984 0.191965
985 0.194153
986 0.194812
987 0.19489
988 0.195028
989 0.193092
990 0.196096
991 0.19357
992 0.194112
993 0.194783
994 0.195987
995 0.195262
996 0.194026
997 0.195688
998 0.197264
999 0.194207
1000 0.196256
1001 0.196528
1002 0.193779
1003 0.193829
1004 0.193097
1005 0.194109
1006 0.194862
1007 0.193871
1008 0.192843
1009 0.191899
1010 0.195115
1011 0.193378
1012 0.192397
1013 0.191748
1014 0.191251
1015 0.192244
1016 0.19068
1017 0.193692
1018 0.192431
1019 0.193776
1020 0.192551
1021 0.193643
1022 0.196465
1023 0.193777
1024 0.193744
1025 0.192496
1026 0.19148
1027 0.194168
1028 0.192601
1029 0.195112
1030 0.193393
1031 0.192322
1032 0.19307
1033 0.192151
1034 0.191993
1035 0.195374
1036 0.197206
1037 0.194172
1038 0.194421
1039 0.194444
1040 0.194806
1041 0.19438
1042 0.193722
1043 0.194999
1044 0.19357
1045 0.193439
1046 0.194809
1047 0.196014
1048 0.193704
1049 0.193176
1050 0.192082
1051 0.191804
1052 0.192342
1053 0.192933
1054 0.195573
1055 0.197226
1056 0.19835
1057 0.195003
1058 0.196212
1059 0.194695
1060 0.194916
1061 0.19574
1062 0.194783
1063 0.19654
1064 0.197325
1065 0.19608
1066 0.19503
1067 0.193281
1068 0.193625
1069 0.192294
1070 0.191579
1071 0.19574
1072 0.194011
1073 0.193731
1074 0.192519
1075 0.194999
1076 0.196662
1077 0.194445
1078 0.195081
1079 0.195509
1080 0.195525
1081 0.194438
1082 0.196133
1083 0.193743
1084 0.194806
1085 0.19314
1086 0.192439
1087 0.193071
1088 0.192034
1089 0.191761
1090 0.194326
1091 0.192169
1092 0.193028
1093 0.194615
1094 0.195068
1095 0.193315
1096 0.193189
1097 0.196293
1098 0.19423
1099 0.195633
1100 0.193736
1101 0.193042
1102 0.195288
1103 0.197337
1104 0.19458
1105 0.195803
1106 0.193946
1107 0.192793
1108 0.193869
1109 0.195177
1110 0.196626
1111 0.195202
1112 0.193824
1113 0.196624
1114 0.194448
1115 0.19377
1116 0.191929
1117 0.190985
1118 0.190191
1119 0.191412
1120 0.191348
1121 0.190837
1122 0.191354
1123 0.191616
1124 0.192818
1125 0.193449
1126 0.192384
1127 0.192802
1128 0.193794
1129 0.194578
1130 0.19744
1131 0.195226
1132 0.19606
1133 0.194305
1134 0.193298
1135 0.196241
1136 0.193322
1137 0.1958
1138 0.193785
1139 0.195124
1140 0.196966
1141 0.194096
1142 0.19465
1143 0.194304
1144 0.194819
1145 0.194148
1146 0.192793
1147 0.191222
1148 0.192315
1149 0.193802
1150 0.193154
1151 0.194579
1152 0.193875
1153 0.192732
1154 0.193076
1155 0.192297
1156 0.192858
1157 0.194726
1158 0.196844
1159 0.194292
1160 0.193268
1161 0.192688
1162 0.191551
1163 0.19436
1164 0.193842
1165 0.195127
1166 0.193089
1167 0.192486
1168 0.191822
1169 0.191378
1170 0.1954
1171 0.192175
1172 0.195153
1173 0.194503
1174 0.193617
1175 0.193757
1176 0.1921
1177 0.191584
1178 0.190923
1179 0.191301
1180 0.194307
1181 0.194406
1182 0.196907
1183 0.194059
1184 0.192572
1185 0.192204
1186 0.191164
1187 0.190957
1188 0.192616
1189 0.195387
1190 0.193362
1191 0.194358
1192 0.19656
1193 0.194653
1194 0.194156
1195 0.193399
1196 0.193508
1197 0.192297
1198 0.192147
1199 0.191876
1200 0.193378
1201 0.196548
1202 0.19425
1203 0.197132
1204 0.195132
1205 0.194713
1206 0.19548
1207 0.193465
1208 0.195901
1209 0.196222
1210 0.193421
1211 0.192839
1212 0.194928
1213 0.192996
1214 0.194697
1215 0.193217
1216 0.192089
1217 0.191566
1218 0.19267
1219 0.191783
1220 0.191118
1221 0.192391
1222 0.192912
1223 0.193666
1224 0.194211
1225 0.192881
1226 0.195029
1227 0.19559
1228 0.196787
1229 0.197628
1230 0.197523
1231 0.197141
1232 0.198849
1233 0.195437
1234 0.197091
1235 0.193756
1236 0.19723
1237 0.194711
1238 0.194797
1239 0.196485
1240 0.19463
1241 0.195281
1242 0.195809
1243 0.196953
1244 0.197544
1245 0.194567
1246 0.193163
1247 0.194132
1248 0.192737
1249 0.19272
1250 0.191876
1251 0.191293
1252 0.19431
1253 0.19617
1254 0.193223
1255 0.193059
1256 0.193234
1257 0.194347
1258 0.194329
1259 0.193991
1260 0.196116
1261 0.196396
1262 0.195092
1263 0.194721
1264 0.193924
1265 0.192998
1266 0.194523
1267 0.192645
1268 0.191932
1269 0.195805
1270 0.196604
1271 0.194483
1272 0.193732
1273 0.195638
1274 0.196624
1275 0.193819
1276 0.192109
1277 0.191306
1278 0.192612
1279 0.191646
1280 0.192044
1281 0.192222
1282 0.192562
1283 0.195223
1284 0.192885
1285 0.195029
1286 0.1932
1287 0.192912
1288 0.192608
1289 0.194313
1290 0.193497
1291 0.192403
1292 0.192642
1293 0.193695
1294 0.191961
1295 0.1923
1296 0.19197
1297 0.190981
1298 0.190738
1299 0.191033
1300 0.190898
1301 0.191262
1302 0.194061
1303 0.192527
1304 0.195504
1305 0.193106
1306 0.193439
1307 0.192119
1308 0.191588
1309 0.19232
1310 0.195419
1311 0.19274
1312 0.193856
1313 0.19235
1314 0.194557
1315 0.196078
1316 0.193888
1317 0.194296
1318 0.196231
1319 0.197714
1320 0.194623
1321 0.194387
1322 0.19443
1323 0.192585
1324 0.191867
1325 0.19348
1326 0.192735
1327 0.192066
1328 0.195241
1329 0.192828
1330 0.193639
1331 0.197171
1332 0.194859
1333 0.196575
1334 0.194053
1335 0.193085
1336 0.192183
1337 0.19171
1338 0.193157
1339 0.193207
1340 0.196172
1341 0.193626
1342 0.19227
1343 0.191692
1344 0.191353
1345 0.190808
1346 0.193502
1347 0.19554
1348 0.195624
1349 0.19352
1350 0.195174
1351 0.194912
1352 0.193204
1353 0.195377
1354 0.195485
1355 0.195715
1356 0.193168
1357 0.192343
1358 0.192373
1359 0.193334
1360 0.194709
1361 0.195591
1362 0.193458
1363 0.192673
1364 0.192001
1365 0.193012
1366 0.192659
1367 0.193577
1368 0.195273
1369 0.195768
1370 0.194013
1371 0.194773
1372 0.193733
1373 0.195302
1374 0.19439
1375 0.193893
1376 0.192779
1377 0.193814
1378 0.192398
1379 0.191836
1380 0.193188
1381 0.193635
1382 0.194608
1383 0.197106
1384 0.195835
1385 0.194835
1386 0.194073
1387 0.194614
1388 0.193415
1389 0.193333
1390 0.192203
1391 0.193167
1392 0.19199
1393 0.192863
1394 0.19219
1395 0.190791
1396 0.194075
1397 0.197027
1398 0.193967
1399 0.197762
1400 0.193143
1401 0.19216
1402 0.191487
1403 0.193772
1404 0.194201
1405 0.194424
1406 0.19463
1407 0.194259
1408 0.195351
1409 0.194501
1410 0.192502
1411 0.192534
1412 0.192297
1413 0.191279
1414 0.191045
1415 0.191682
1416 0.191037
1417 0.192689
1418 0.195976
1419 0.195922
1420 0.196113
1421 0.19691
1422 0.196833
1423 0.194681
1424 0.195888
1425 0.194107
1426 0.192423
1427 0.191672
1428 0.194653
1429 0.193655
1430 0.195156
1431 0.193445
1432 0.192354
1433 0.19247
1434 0.193046
1435 0.193272
1436 0.193787
1437 0.19415
1438 0.196382
1439 0.194966
1440 0.192769
1441 0.191784
1442 0.191928
1443 0.192882
1444 0.195407
1445 0.193345
1446 0.19265
1447 0.192648
1448 0.19554
1449 0.192207
1450 0.192735
1451 0.19181
1452 0.190909
1453 0.192475
1454 0.192389
1455 0.196395
1456 0.192545
1457 0.195407
1458 0.193691
1459 0.194266
1460 0.19319
1461 0.192792
1462 0.195972
1463 0.193199
1464 0.192544
1465 0.191643
1466 0.194188
1467 0.192767
1468 0.192082
1469 0.191956
1470 0.19276
1471 0.194208
1472 0.193758
1473 0.193511
1474 0.194482
1475 0.19296
1476 0.192394
1477 0.195175
1478 0.196128
1479 0.193313
1480 0.192811
1481 0.191803
1482 0.19211
1483 0.195285
1484 0.192822
1485 0.195103
1486 0.1968
1487 0.195171
1488 0.197255
1489 0.197409
1490 0.195779
1491 0.194554
1492 0.196529
1493 0.195223
1494 0.192866
1495 0.192706
1496 0.193085
1497 0.194702
1498 0.196639
1499 0.193875
1500 0.192876
1501 0.195518
1502 0.192442
1503 0.194334
1504 0.192591
1505 0.192307
1506 0.192498
1507 0.194285
1508 0.196503
1509 0.194371
1510 0.195575
1511 0.193733
1512 0.1931
1513 0.191411
1514 0.19066
1515 0.192414
1516 0.193987
1517 0.19473
1518 0.194115
1519 0.195312
1520 0.193324
1521 0.195464
1522 0.193997
1523 0.193463
1524 0.192897
1525 0.192685
1526 0.191642
1527 0.19311
1528 0.192569
1529 0.191425
1530 0.193235
1531 0.193679
1532 0.192544
1533 0.192985
1534 0.19194
1535 0.194096
1536 0.196549
1537 0.193187
1538 0.192337
1539 0.191952
1540 0.191954
1541 0.191707
1542 0.194503
1543 0.192591
1544 0.191416
1545 0.191396
1546 0.192015
1547 0.191537
1548 0.191016
1549 0.191164
1550 0.193505
1551 0.191964
1552 0.191626
1553 0.194187
1554 0.192967
1555 0.193405
1556 0.193115
1557 0.194137
1558 0.192802
1559 0.19324
1560 0.192492
1561 0.194679
1562 0.193379
1563 0.192842
1564 0.19617
1565 0.193176
1566 0.194562
1567 0.193159
1568 0.191863
1569 0.195284
1570 0.193556
1571 0.192492
1572 0.194638
1573 0.19263
1574 0.195226
1575 0.195181
1576 0.193919
1577 0.192967
1578 0.19186
1579 0.192327
1580 0.194709
1581 0.194502
1582 0.196663
1583 0.194202
1584 0.193186
1585 0.191957
1586 0.192964
1587 0.195547
1588 0.193622
1589 0.196335
1590 0.196549
1591 0.19446
1592 0.194614
1593 0.192295
1594 0.193985
1595 0.192961
1596 0.191616
1597 0.191385
1598 0.192662
1599 0.191723
1600 0.193481
1601 0.192439
1602 0.192241
1603 0.191164
1604 0.194878
1605 0.192832
1606 0.192683
1607 0.195622
1608 0.196432
1609 0.195023
1610 0.197173
1611 0.19741
1612 0.194632
1613 0.193982
1614 0.194687
1615 0.193259
1616 0.192708
1617 0.192416
1618 0.195289
1619 0.193159
1620 0.194901
1621 0.194717
1622 0.196936
1623 0.194556
1624 0.194703
1625 0.192323
1626 0.195596
1627 0.196299
1628 0.193151
1629 0.192616
1630 0.191352
1631 0.195165
1632 0.196463
1633 0.193844
1634 0.196609
1635 0.19367
1636 0.192707
1637 0.191919
1638 0.19131
1639 0.190652
1640 0.190689
1641 0.194558
1642 0.193552
1643 0.192966
1644 0.193942
1645 0.195468
1646 0.192961
1647 0.19563
1648 0.193372
1649 0.193578
1650 0.192488
1651 0.197051
1652 0.193109
1653 0.194305
1654 0.193368
1655 0.194355
1656 0.194747
1657 0.193636
1658 0.192285
1659 0.192684
1660 0.192444
1661 0.194006
1662 0.196404
1663 0.19307
1664 0.193865
1665 0.192881
1666 0.191519
1667 0.193296
1668 0.193741
1669 0.194791
1670 0.193776
1671 0.195776
1672 0.194693
1673 0.192683
1674 0.192181
1675 0.195801
1676 0.193229
1677 0.193619
1678 0.192875
1679 0.191953
1680 0.191309
1681 0.193104
1682 0.192246
1683 0.191488
1684 0.190895
1685 0.191252
1686 0.194081
1687 0.191329
1688 0.192755
1689 0.192099
1690 0.193649
1691 0.192937
1692 0.192051
1693 0.191281
1694 0.191141
1695 0.191534
1696 0.193358
1697 0.193431
1698 0.194273
1699 0.19537
1700 0.193537
1701 0.19427
1702 0.194517
1703 0.195244
1704 0.193208
1705 0.194383
1706 0.192515
1707 0.191703
1708 0.191446
1709 0.192911
1710 0.192489
1711 0.192603
1712 0.195874
1713 0.195986
1714 0.193972
1715 0.193355
1716 0.194035
1717 0.195253
1718 0.192767
1719 0.192461
1720 0.196168
1721 0.197036
1722 0.194329
1723 0.192688
1724 0.193493
1725 0.194999
1726 0.194333
1727 0.192968
1728 0.192332
1729 0.195036
1730 0.193472
1731 0.192562
1732 0.193232
1733 0.193846
1734 0.192328
1735 0.191428
1736 0.19115
1737 0.190538
1738 0.191809
1739 0.193363
1740 0.192272
1741 0.195085
1742 0.193006
1743 0.194703
1744 0.193517
1745 0.195368
1746 0.197485
1747 0.194625
1748 0.192907
1749 0.192793
1750 0.195086
1751 0.195139
1752 0.193795
1753 0.195704
1754 0.194068
1755 0.192859
1756 0.192386
1757 0.19295
1758 0.196025
1759 0.194006
1760 0.196092
1761 0.193694
1762 0.192331
1763 0.192935
1764 0.194186
1765 0.192309
1766 0.194303
1767 0.196554
1768 0.193557
1769 0.192337
1770 0.191484
1771 0.19024
1772 0.193414
1773 0.194431
1774 0.193681
1775 0.194179
1776 0.192875
1777 0.196164
1778 0.195829
1779 0.195617
1780 0.194348
1781 0.193359
1782 0.193465
1783 0.192191
1784 0.191933
1785 0.191509
1786 0.191259
1787 0.195471
1788 0.193488
1789 0.193219
1790 0.191953
1791 0.195615
1792 0.193386
1793 0.19238
1794 0.191935
1795 0.191272
1796 0.19499
1797 0.196127
1798 0.194973
1799 0.193946
1800 0.192299
1801 0.191654
1802 0.193101
1803 0.192847
1804 0.192109
1805 0.193108
1806 0.193277
1807 0.192038
1808 0.191517
1809 0.19176
1810 0.194102
1811 0.192577
1812 0.1916
1813 0.191317
1814 0.19076
1815 0.191005
1816 0.195891
1817 0.191484
1818 0.195321
1819 0.192841
1820 0.192915
1821 0.191361
1822 0.191752
1823 0.191498
1824 0.190925
1825 0.191357
1826 0.192977
1827 0.196391
1828 0.193066
1829 0.195568
1830 0.195001
1831 0.193574
1832 0.194439
1833 0.193412
1834 0.195377
1835 0.193163
1836 0.191943
1837 0.191725
1838 0.196181
1839 0.196264
1840 0.197608
1841 0.194781
1842 0.19419
1843 0.196193
1844 0.194336
1845 0.19386
1846 0.196344
1847 0.196493
1848 0.194618
1849 0.19394
1850 0.192938
1851 0.196162
1852 0.19441
1853 0.193201
1854 0.191705
1855 0.191184
1856 0.192388
1857 0.192381
1858 0.192049
1859 0.192358
1860 0.192419
1861 0.192617
1862 0.193228
1863 0.192957
1864 0.194156
1865 0.19236
1866 0.195906
1867 0.197121
1868 0.194425
1869 0.195009
1870 0.192697
1871 0.192328
1872 0.195296
1873 0.196273
1874 0.194618
1875 0.19405
1876 0.193686
1877 0.194154
1878 0.196497
1879 0.197053
1880 0.19496
1881 0.195411
1882 0.194669
1883 0.193707
1884 0.192737
1885 0.193035
1886 0.195433
1887 0.194052
1888 0.196808
1889 0.194363
1890 0.196139
1891 0.193514
1892 0.192552
1893 0.192151
1894 0.191574
1895 0.190796
1896 0.194103
1897 0.191859
1898 0.191933
1899 0.192124
1900 0.191332
1901 0.191728
1902 0.192912
1903 0.191651
1904 0.193769
1905 0.19625
1906 0.194927
1907 0.194089
1908 0.19629
1909 0.195003
1910 0.195532
1911 0.194878
1912 0.193771
1913 0.193596
1914 0.193566
1915 0.194087
1916 0.192389
1917 0.192524
1918 0.191761
1919 0.192911
1920 0.192023
1921 0.191998
1922 0.193633
1923 0.192671
1924 0.192549
1925 0.193029
1926 0.191182
1927 0.192369
1928 0.19215
1929 0.190988
1930 0.192508
1931 0.191809
1932 0.193213
1933 0.192431
1934 0.19205
1935 0.193721
1936 0.193638
1937 0.192932
1938 0.191589
1939 0.191414
1940 0.190907
1941 0.191906
1942 0.192813
1943 0.192105
1944 0.193072
1945 0.19208
1946 0.194615
1947 0.194208
1948 0.192723
1949 0.192698
1950 0.193475
1951 0.192114
1952 0.192735
1953 0.193188
1954 0.192212
1955 0.192372
1956 0.194123
1957 0.194048
1958 0.193367
1959 0.192098
1960 0.195826
1961 0.196242
1962 0.19391
1963 0.195087
1964 0.193466
1965 0.193146
1966 0.194969
1967 0.194626
1968 0.193939
1969 0.193331
1970 0.192171
1971 0.1915
1972 0.190262
1973 0.195447
1974 0.195176
1975 0.196246
1976 0.193859
1977 0.19571
1978 0.197661
1979 0.194845
1980 0.193515
1981 0.19497
1982 0.196142
1983 0.196578
1984 0.19447
1985 0.195385
1986 0.194263
1987 0.193345
1988 0.192716
1989 0.196008
1990 0.196629
1991 0.19702
1992 0.194401
1993 0.192847
1994 0.191812
1995 0.19102
1996 0.193521
1997 0.195821
1998 0.195503
1999 0.195435
2000 0.195504
2001 0.193953
2002 0.195039
2003 0.19293
2004 0.191972
2005 0.193786
2006 0.193157
2007 0.194166
2008 0.193405
2009 0.196267
2010 0.195998
2011 0.194509
2012 0.193036
2013 0.196455
2014 0.196531
2015 0.19459
2016 0.195015
2017 0.193829
2018 0.193628
2019 0.192878
2020 0.193679
2021 0.192216
2022 0.192364
2023 0.19299
2024 0.192986
2025 0.193471
2026 0.191938
2027 0.192732
2028 0.195539
2029 0.197078
2030 0.193929
2031 0.193967
2032 0.192857
2033 0.192854
2034 0.196178
2035 0.19225
2036 0.195832
2037 0.193311
2038 0.194585
2039 0.194313
2040 0.192007
2041 0.19407
2042 0.196283
2043 0.196014
2044 0.19605
2045 0.193579
2046 0.192461
2047 0.191294
2048 0.190377
2049 0.19111
2050 0.194119
2051 0.19219
2052 0.194696
2053 0.193281
2054 0.194994
2055 0.194906
2056 0.19673
2057 0.194621
2058 0.194749
2059 0.196521
2060 0.197029
2061 0.194026
2062 0.194097
2063 0.192772
2064 0.19338
2065 0.192174
2066 0.192379
2067 0.192652
2068 0.192811
2069 0.192859
2070 0.192182
2071 0.192646
2072 0.192033
2073 0.19147
2074 0.191364
2075 0.191066
2076 0.195578
2077 0.195835
2078 0.19618
2079 0.19354
2080 0.193704
2081 0.193959
2082 0.192692
2083 0.192408
2084 0.191414
2085 0.191762
2086 0.19204
2087 0.192805
2088 0.194733
2089 0.194282
2090 0.192669
2091 0.193265
2092 0.192082
2093 0.192139
2094 0.194405
2095 0.195026
2096 0.194489
2097 0.192953
2098 0.191556
2099 0
