0 -3.43881
1 -7.79026
2 -33.1029
3 -52.5064
4 -61.0001
5 -69.0255
6 -71.5209
7 -71.9055
8 -70.1076
9 -67.9153
10 -60.9236
11 -56.968
12 -53.1495
13 -52.7816
14 -34.0283
15 -33.1644
16 -29.4678
17 -16.3021
18 -13.9475
19 -6.60524
20 -4.10927
21 -2.64035
22 -0.960979
23 -0.330085
24 -0.321795
25 -0.0101519
26 0.026509
27 0.0713998
28 0.124056
29 0.163749
30 0.159854
31 0.161332
32 0.151131
33 0.167586
34 0.18848
35 0.178644
36 0.178766
37 0.176872
38 0.19555
39 0.180371
40 0.160711
41 0.1673
42 0.165895
43 0.144102
44 0.16178
45 0.167603
46 0.148794
47 0.18451
48 0.194381
49 0.193517
50 0.176786
51 0.168129
52 0.178254
53 0.186981
54 0.168791
55 0.164106
56 0.160086
57 0.190102
58 0.167114
59 0.179256
60 0.182348
61 0.188134
62 0.183029
63 0.171798
64 0.162779
65 0.169151
66 0.191604
67 0.173162
68 0.162832
69 0.171762
70 0.158939
71 0.184388
72 0.172413
73 0.18814
74 0.162117
75 0.181804
76 0.171986
77 0.171576
78 0.175009
79 0.174837
80 0.178601
81 0.187981
82 0.189382
83 0.155957
84 0.189096
85 0.198746
86 0.185308
87 0.175479
88 0.16467
89 0.182893
90 0.179017
91 0.199633
92 0.174995
93 0.166972
94 0.181334
95 0.200377
96 0.167266
97 0.179511
98 0.193318
99 0.198288
100 0.190343
101 0.208096
102 0.198762
103 0.198528
104 0.185873
105 0.201631
106 0.198654
107 0.178734
108 0.174605
109 0.159567
110 0.168814
111 0.173487
112 0.152593
113 0.154464
114 0.163971
115 0.170745
116 0.169013
117 0.175743
118 0.162108
119 0.149451
120 0.156334
121 0.178469
122 0.147137
123 0.163622
124 0.178751
125 0.189004
126 0.167439
127 0.178471
128 0.185116
129 0.191252
130 0.192838
131 0.1857
132 0.172625
133 0.18729
134 0.188531
135 0.168711
136 0.17017
137 0.186432
138 0.163725
139 0.167952
140 0.174269
141 0.164266
142 0.161635
143 0.174329
144 0.163526
145 0.158061
146 0.149228
147 0.179074
148 0.167042
149 0.147025
150 0.163017
151 0.158625
152 0.164015
153 0.152339
154 0.184842
155 0.169844
156 0.161106
157 0.166506
158 0.184738
159 0.177938
160 0.185304
161 0.173912
162 0.183548
163 0.177573
164 0.199445
165 0.159953
166 0.166134
167 0.159949
168 0.177039
169 0.162792
170 0.169364
171 0.175052
172 0.186249
173 0.193566
174 0.178713
175 0.186305
176 0.187621
177 0.168416
178 0.176059
179 0.175833
180 0.16884
181 0.174374
182 0.185873
183 0.185898
184 0.179025
185 0.170737
186 0.169946
187 0.184963
188 0.196547
189 0.165013
190 0.158418
191 0.16278
192 0.17302
193 0.174094
194 0.150588
195 0.147768
196 0.145749
197 0.185582
198 0.167646
199 0.171671
200 0.165092
201 0.189083
202 0.189718
203 0.179073
204 0.178422
205 0.18065
206 0.187857
207 0.167881
208 0.158468
209 0.182948
210 0.191004
211 0.178494
212 0.164202
213 0.183243
214 0.166316
215 0.174778
216 0.176652
217 0.17188
218 0.149002
219 0.169982
220 0.16934
221 0.164438
222 0.14287
223 0.149606
224 0.178582
225 0.183545
226 0.160589
227 0.163957
228 0.182733
229 0.19478
230 0.187488
231 0.194726
232 0.194857
233 0.188008
234 0.198454
235 0.175636
236 0.206258
237 0.196391
238 0.212654
239 0.185056
240 0.197858
241 0.189024
242 0.179928
243 0.178098
244 0.163706
245 0.16795
246 0.159311
247 0.17103
248 0.167002
249 0.167446
250 0.16217
251 0.170857
252 0.168133
253 0.155321
254 0.168738
255 0.169641
256 0.160093
257 0.150132
258 0.167364
259 0.184297
260 0.173772
261 0.157415
262 0.149132
263 0.171644
264 0.175529
265 0.156928
266 0.155632
267 0.166121
268 0.157703
269 0.147179
270 0.152844
271 0.159493
272 0.183411
273 0.157431
274 0.157616
275 0.16923
276 0.174896
277 0.175404
278 0.178136
279 0.177242
280 0.16303
281 0.171686
282 0.175946
283 0.16912
284 0.166007
285 0.164394
286 0.181395
287 0.18466
288 0.183467
289 0.171198
290 0.175201
291 0.183864
292 0.183447
293 0.176494
294 0.187136
295 0.186792
296 0.172654
297 0.176421
298 0.190373
299 0.177302
300 0.159228
301 0.1806
302 0.165944
303 0.160058
304 0.153268
305 0.172092
306 0.168259
307 0.16927
308 0.162565
309 0.165161
310 0.179433
311 0.192039
312 0.189015
313 0.180668
314 0.191559
315 0.180001
316 0.190466
317 0.176089
318 0.192532
319 0.178882
320 0.168069
321 0.178909
322 0.19688
323 0.180949
324 0.165504
325 0.152157
326 0.166274
327 0.175811
328 0.170358
329 0.15039
330 0.149369
331 0.185299
332 0.170126
333 0.158796
334 0.166797
335 0.163311
336 0.158287
337 0.187429
338 0.191593
339 0.166258
340 0.172042
341 0.183752
342 0.165054
343 0.173068
344 0.19249
345 0.196312
346 0.189182
347 0.213154
348 0.187915
349 0.175989
350 0.195681
351 0.208272
352 0.1846
353 0.171937
354 0.196571
355 0.197568
356 0.193494
357 0.184948
358 0.176343
359 0.192019
360 0.17645
361 0.16827
362 0.154861
363 0.181938
364 0.166636
365 0.157933
366 0.161808
367 0.172672
368 0.169879
369 0.167001
370 0.170046
371 0.168289
372 0.185199
373 0.169017
374 0.160959
375 0.18952
376 0.202715
377 0.188251
378 0.159433
379 0.166688
380 0.198482
381 0.183987
382 0.173997
383 0.162805
384 0.17063
385 0.187818
386 0.203
387 0.182817
388 0.179185
389 0.185578
390 0.185537
391 0.181566
392 0.171774
393 0.177381
394 0.17402
395 0.165862
396 0.166628
397 0.16742
398 0.187659
399 0.173278
400 0.16924
401 0.159697
402 0.186078
403 0.174653
404 0.168844
405 0.157576
406 0.181123
407 0.162623
408 0.175375
409 0.172313
410 0.171334
411 0.178182
412 0.180507
413 0.177288
414 0.154172
415 0.197551
416 0.190236
417 0.166926
418 0.145616
419 0.16886
420 0.173994
421 0.159153
422 0.143502
423 0.182831
424 0.172131
425 0.172084
426 0.172351
427 0.197211
428 0.190438
429 0.183186
430 0.189671
431 0.177772
432 0.185393
433 0.167716
434 0.173239
435 0.175727
436 0.176574
437 0.180251
438 0.167904
439 0.186307
440 0.169091
441 0.167949
442 0.16583
443 0.179588
444 0.179026
445 0.164866
446 0.155082
447 0.197816
448 0.189625
449 0.18334
450 0.163671
451 0.187788
452 0.184011
453 0.190861
454 0.188833
455 0.201966
456 0.186586
457 0.180798
458 0.199494
459 0.194241
460 0.190531
461 0.179322
462 0.176687
463 0.176126
464 0.193475
465 0.194143
466 0.179422
467 0.177547
468 0.20203
469 0.191071
470 0.18274
471 0.175235
472 0.178067
473 0.171956
474 0.190204
475 0.170927
476 0.186176
477 0.184984
478 0.195454
479 0.186549
480 0.171131
481 0.194373
482 0.196775
483 0.177968
484 0.170691
485 0.183148
486 0.18722
487 0.189194
488 0.174026
489 0.186972
490 0.171695
491 0.181901
492 0.165035
493 0.159408
494 0.174834
495 0.16402
496 0.173796
497 0.176835
498 0.194706
499 0.172908
500 0.174508
501 0.194675
502 0.201772
503 0.188784
504 0.188256
505 0.20225
506 0.195133
507 0.198756
508 0.207396
509 0.181996
510 0.166768
511 0.182284
512 0.198838
513 0.163522
514 0.166611
515 0.182094
516 0.186176
517 0.153338
518 0.153914
519 0.180157
520 0.161622
521 0.167114
522 0.171177
523 0.177038
524 0.154348
525 0.173662
526 0.194161
527 0.18154
528 0.17398
529 0.176487
530 0.187216
531 0.182377
532 0.177174
533 0.177177
534 0.193143
535 0.19059
536 0.172441
537 0.167504
538 0.175745
539 0.181244
540 0.166019
541 0.162787
542 0.150861
543 0.176375
544 0.167202
545 0.163855
546 0.177517
547 0.200789
548 0.167267
549 0.188562
550 0.177855
551 0.169268
552 0.155021
553 0.183022
554 0.15777
555 0.15598
556 0.167074
557 0.1704
558 0.156255
559 0.161783
560 0.177067
561 0.179493
562 0.18487
563 0.164464
564 0.172343
565 0.194538
566 0.182534
567 0.16835
568 0.173821
569 0.170931
570 0.180424
571 0.190649
572 0.204666
573 0.170384
574 0.16065
575 0.182436
576 0.179888
577 0.164287
578 0.168016
579 0.183868
580 0.169891
581 0.189909
582 0.194079
583 0.204883
584 0.198154
585 0.208738
586 0.1823
587 0.187075
588 0.180585
589 0.196647
590 0.164573
591 0.149935
592 0.163739
593 0.183386
594 0.1698
595 0.166659
596 0.16659
597 0.169251
598 0.175907
599 0.177123
600 0.177367
601 0.168009
602 0.180336
603 0.183605
604 0.202594
605 0.175772
606 0.188043
607 0.194867
608 0.209495
609 0.191706
610 0.181542
611 0.173123
612 0.17878
613 0.164907
614 0.157232
615 0.169348
616 0.161085
617 0.151716
618 0.156549
619 0.179421
620 0.177538
621 0.147479
622 0.160621
623 0.160683
624 0.15841
625 0.159574
626 0.162225
627 0.161381
628 0.16507
629 0.190025
630 0.177868
631 0.170345
632 0.185234
633 0.197926
634 0.194604
635 0.194697
636 0.171177
637 0.186057
638 0.193872
639 0.192536
640 0.164549
641 0.171544
642 0.19538
643 0.192466
644 0.174171
645 0.16017
646 0.193981
647 0.18751
648 0.168782
649 0.172793
650 0.17131
651 0.187985
652 0.188962
653 0.202568
654 0.186112
655 0.182395
656 0.204259
657 0.179105
658 0.200207
659 0.181092
660 0.190589
661 0.177329
662 0.167137
663 0.176607
664 0.189623
665 0.195087
666 0.189905
667 0.182095
668 0.195403
669 0.191906
670 0.181709
671 0.16824
672 0.168923
673 0.162164
674 0.160233
675 0.157442
676 0.165235
677 0.165411
678 0.159884
679 0.148885
680 0.171334
681 0.177008
682 0.165528
683 0.156639
684 0.18209
685 0.180458
686 0.186881
687 0.174711
688 0.193053
689 0.187043
690 0.188752
691 0.168265
692 0.190694
693 0.177647
694 0.171357
695 0.154057
696 0.190025
697 0.175225
698 0.167568
699 0.158986
700 0.198312
701 0.171086
702 0.155943
703 0.162793
704 0.182142
705 0.175272
706 0.186391
707 0.182107
708 0.181462
709 0.171629
710 0.172348
711 0.173738
712 0.170001
713 0.166078
714 0.160505
715 0.177146
716 0.172244
717 0.188694
718 0.179055
719 0.178093
720 0.172084
721 0.177943
722 0.193462
723 0.180677
724 0.167997
725 0.184002
726 0.18158
727 0.183925
728 0.17613
729 0.167604
730 0.160988
731 0.16519
732 0.187068
733 0.183543
734 0.176905
735 0.170332
736 0.194523
737 0.203363
738 0.181453
739 0.177878
740 0.176357
741 0.186009
742 0.173373
743 0.169113
744 0.160558
745 0.168082
746 0.171717
747 0.165721
748 0.164837
749 0.169504
750 0.169504
751 0.166043
752 0.174462
753 0.173784
754 0.18295
755 0.18332
756 0.178425
757 0.16955
758 0.195432
759 0.175172
760 0.173035
761 0.175774
762 0.191401
763 0.180624
764 0.169677
765 0.178956
766 0.189428
767 0.184902
768 0.174945
769 0.177573
770 0.183209
771 0.177315
772 0.185098
773 0.189591
774 0.183706
775 0.186033
776 0.190539
777 0.198912
778 0.196202
779 0.187536
780 0.18872
781 0.182587
782 0.171595
783 0.164428
784 0.175444
785 0.162767
786 0.148794
787 0.160282
788 0.168812
789 0.152666
790 0.155912
791 0.164039
792 0.174715
793 0.1703
794 0.165269
795 0.176106
796 0.176845
797 0.165266
798 0.167425
799 0.158734
800 0.183025
801 0.174899
802 0.188401
803 0.171747
804 0.168572
805 0.20302
806 0.194877
807 0.174151
808 0.171671
809 0.170773
810 0.200675
811 0.186481
812 0.181673
813 0.161212
814 0.174516
815 0.196819
816 0.183446
817 0.163574
818 0.157184
819 0.178629
820 0.172237
821 0.176317
822 0.163568
823 0.165445
824 0.160583
825 0.160718
826 0.177751
827 0.162434
828 0.16959
829 0.150714
830 0.184446
831 0.177145
832 0.168075
833 0.156081
834 0.180798
835 0.187334
836 0.15733
837 0.157527
838 0.164046
839 0.199077
840 0.17875
841 0.153982
842 0.160198
843 0.19508
844 0.205078
845 0.172031
846 0.156945
847 0.188544
848 0.18016
849 0.172184
850 0.166884
851 0.172488
852 0.162398
853 0.179499
854 0.187411
855 0.167377
856 0.167301
857 0.186682
858 0.19754
859 0.180976
860 0.190538
861 0.17278
862 0.186311
863 0.18922
864 0.183522
865 0.173512
866 0.186907
867 0.173315
868 0.163616
869 0.196412
870 0.194799
871 0.167395
872 0.177336
873 0.202885
874 0.203014
875 0.189244
876 0.189773
877 0.2037
878 0.204617
879 0.187864
880 0.171646
881 0.176288
882 0.1848
883 0.183197
884 0.161509
885 0.148593
886 0.170885
887 0.19649
888 0.176946
889 0.15857
890 0.152989
891 0.1707
892 0.190569
893 0.167448
894 0.150602
895 0.163261
896 0.162868
897 0.163629
898 0.154829
899 0.170876
900 0.155093
901 0.161432
902 0.152771
903 0.174691
904 0.158204
905 0.149205
906 0.146859
907 0.168319
908 0.183086
909 0.165882
910 0.151776
911 0.172849
912 0.172309
913 0.174435
914 0.1609
915 0.167088
916 0.170106
917 0.169922
918 0.16379
919 0.162406
920 0.196839
921 0.179094
922 0.16383
923 0.166369
924 0.184875
925 0.18075
926 0.175895
927 0.170817
928 0.180936
929 0.181137
930 0.189066
931 0.16059
932 0.19141
933 0.189465
934 0.196614
935 0.179924
936 0.187597
937 0.197784
938 0.190228
939 0.191371
940 0.18085
941 0.196
942 0.191236
943 0.183832
944 0.157781
945 0.17434
946 0.169594
947 0.167756
948 0.153942
949 0.16142
950 0.169384
951 0.155728
952 0.14978
953 0.181408
954 0.184641
955 0.169379
956 0.161008
957 0.182657
958 0.195564
959 0.182735
960 0.185851
961 0.190901
962 0.175003
963 0.163637
964 0.160018
965 0.165862
966 0.14856
967 0.142522
968 0.160194
969 0.148296
970 0.152984
971 0.163196
972 0.166378
973 0.169087
974 0.164715
975 0.182145
976 0.174308
977 0.175388
978 0.18097
979 0.186867
980 0.179615
981 0.16771
982 0.164305
983 0.168296
984 0.1631
985 0.173182
986 0.175855
987 0.179946
988 0.184364
989 0.169596
990 0.196251
991 0.17917
992 0.180847
993 0.172869
994 0.201854
995 0.183286
996 0.179696
997 0.19866
998 0.213025
999 0.186499
1000 0.188088
1001 0.20589
1002 0.186271
1003 0.182543
1004 0.193653
1005 0.200707
1006 0.183402
1007 0.174747
1008 0.161159
1009 0.177743
1010 0.197276
1011 0.172076
1012 0.155378
1013 0.152516
1014 0.161144
1015 0.166604
1016 0.147277
1017 0.162438
1018 0.14621
1019 0.167688
1020 0.164077
1021 0.177666
1022 0.183529
1023 0.184717
1024 0.174531
1025 0.167601
1026 0.180025
1027 0.1768
1028 0.161603
1029 0.167378
1030 0.167086
1031 0.160665
1032 0.164278
1033 0.172191
1034 0.169145
1035 0.169963
1036 0.189542
1037 0.166236
1038 0.168733
1039 0.197027
1040 0.198882
1041 0.178701
1042 0.17869
1043 0.19454
1044 0.183078
1045 0.18198
1046 0.188437
1047 0.198748
1048 0.171384
1049 0.170916
1050 0.175944
1051 0.17743
1052 0.170128
1053 0.178354
1054 0.179159
1055 0.188394
1056 0.195523
1057 0.180115
1058 0.207745
1059 0.193829
1060 0.206503
1061 0.188633
1062 0.193059
1063 0.198567
1064 0.205524
1065 0.198567
1066 0.18934
1067 0.181706
1068 0.194878
1069 0.173276
1070 0.163235
1071 0.176989
1072 0.178509
1073 0.163679
1074 0.150246
1075 0.198102
1076 0.193077
1077 0.177804
1078 0.168023
1079 0.195082
1080 0.200492
1081 0.183526
1082 0.198342
1083 0.174454
1084 0.18913
1085 0.176673
1086 0.182848
1087 0.176173
1088 0.173241
1089 0.164804
1090 0.17701
1091 0.171772
1092 0.167881
1093 0.174753
1094 0.188104
1095 0.163777
1096 0.176529
1097 0.203698
1098 0.183573
1099 0.185145
1100 0.164594
1101 0.180123
1102 0.186192
1103 0.199395
1104 0.167946
1105 0.17348
1106 0.18711
1107 0.180228
1108 0.173155
1109 0.195656
1110 0.193713
1111 0.177054
1112 0.179094
1113 0.200458
1114 0.194004
1115 0.176782
1116 0.159689
1117 0.171077
1118 0.160121
1119 0.158585
1120 0.142773
1121 0.141336
1122 0.146762
1123 0.153019
1124 0.156606
1125 0.161614
1126 0.161644
1127 0.165489
1128 0.182127
1129 0.182463
1130 0.192513
1131 0.183454
1132 0.190211
1133 0.187146
1134 0.192171
1135 0.194187
1136 0.172775
1137 0.188886
1138 0.159091
1139 0.200221
1140 0.205016
1141 0.177346
1142 0.168202
1143 0.187305
1144 0.197013
1145 0.168912
1146 0.159248
1147 0.161
1148 0.172612
1149 0.18639
1150 0.162712
1151 0.168701
1152 0.173636
1153 0.178136
1154 0.18243
1155 0.177514
1156 0.179017
1157 0.18088
1158 0.18907
1159 0.161951
1160 0.163272
1161 0.179485
1162 0.17626
1163 0.170628
1164 0.162647
1165 0.179789
1166 0.148402
1167 0.170868
1168 0.170087
1169 0.180685
1170 0.1762
1171 0.156926
1172 0.175189
1173 0.173287
1174 0.166826
1175 0.175228
1176 0.175444
1177 0.164597
1178 0.150463
1179 0.151216
1180 0.171231
1181 0.16041
1182 0.175757
1183 0.157534
1184 0.162548
1185 0.171913
1186 0.161897
1187 0.151144
1188 0.155422
1189 0.179567
1190 0.156646
1191 0.159977
1192 0.190491
1193 0.191847
1194 0.181951
1195 0.163843
1196 0.188213
1197 0.16657
1198 0.171725
1199 0.15343
1200 0.173318
1201 0.183008
1202 0.17204
1203 0.180705
1204 0.190705
1205 0.197316
1206 0.184144
1207 0.175613
1208 0.196325
1209 0.193211
1210 0.166999
1211 0.159373
1212 0.196021
1213 0.184651
1214 0.173558
1215 0.163788
1216 0.167658
1217 0.167871
1218 0.181082
1219 0.160162
1220 0.142472
1221 0.156332
1222 0.177988
1223 0.166762
1224 0.167406
1225 0.162011
1226 0.189898
1227 0.195246
1228 0.197269
1229 0.182792
1230 0.200467
1231 0.207355
1232 0.217089
1233 0.195862
1234 0.206828
1235 0.184861
1236 0.217371
1237 0.171006
1238 0.19005
1239 0.190146
1240 0.192173
1241 0.18118
1242 0.191439
1243 0.208701
1244 0.197905
1245 0.185537
1246 0.178183
1247 0.201082
1248 0.192939
1249 0.175688
1250 0.157333
1251 0.16274
1252 0.187531
1253 0.184772
1254 0.16301
1255 0.156401
1256 0.182688
1257 0.196033
1258 0.177403
1259 0.164126
1260 0.192268
1261 0.201509
1262 0.17538
1263 0.188806
1264 0.19358
1265 0.189445
1266 0.179245
1267 0.16637
1268 0.16186
1269 0.180603
1270 0.195301
1271 0.168966
1272 0.159595
1273 0.207562
1274 0.208735
1275 0.172493
1276 0.156503
1277 0.164566
1278 0.190125
1279 0.167159
1280 0.157296
1281 0.155861
1282 0.169708
1283 0.175816
1284 0.166095
1285 0.178652
1286 0.165603
1287 0.185262
1288 0.174683
1289 0.192379
1290 0.172555
1291 0.158815
1292 0.171682
1293 0.183695
1294 0.175294
1295 0.157177
1296 0.166334
1297 0.158799
1298 0.154619
1299 0.157064
1300 0.147459
1301 0.159903
1302 0.162311
1303 0.152163
1304 0.162612
1305 0.159002
1306 0.190395
1307 0.154253
1308 0.161977
1309 0.171273
1310 0.18508
1311 0.16267
1312 0.160703
1313 0.157917
1314 0.196068
1315 0.176459
1316 0.171763
1317 0.163984
1318 0.194572
1319 0.208628
1320 0.167302
1321 0.178017
1322 0.200657
1323 0.174283
1324 0.144595
1325 0.168565
1326 0.173905
1327 0.156215
1328 0.165738
1329 0.167081
1330 0.180233
1331 0.184358
1332 0.181557
1333 0.185493
1334 0.178403
1335 0.183167
1336 0.158427
1337 0.16877
1338 0.182985
1339 0.174693
1340 0.181603
1341 0.158368
1342 0.161768
1343 0.167717
1344 0.161376
1345 0.147267
1346 0.1517
1347 0.17073
1348 0.165937
1349 0.156928
1350 0.184496
1351 0.191615
1352 0.189117
1353 0.186995
1354 0.190753
1355 0.203681
1356 0.166904
1357 0.169914
1358 0.172592
1359 0.193178
1360 0.172495
1361 0.17078
1362 0.162907
1363 0.174531
1364 0.172318
1365 0.179056
1366 0.168193
1367 0.171974
1368 0.183133
1369 0.189341
1370 0.179683
1371 0.191457
1372 0.183602
1373 0.198041
1374 0.187469
1375 0.176869
1376 0.168801
1377 0.187811
1378 0.17606
1379 0.166511
1380 0.170346
1381 0.181397
1382 0.178922
1383 0.181712
1384 0.195175
1385 0.187098
1386 0.191085
1387 0.201852
1388 0.179319
1389 0.175027
1390 0.168412
1391 0.185096
1392 0.157797
1393 0.164709
1394 0.151566
1395 0.158359
1396 0.173156
1397 0.183435
1398 0.159646
1399 0.170296
1400 0.170781
1401 0.178743
1402 0.15715
1403 0.186716
1404 0.176899
1405 0.16805
1406 0.170774
1407 0.183186
1408 0.187231
1409 0.173514
1410 0.159033
1411 0.166088
1412 0.177744
1413 0.14774
1414 0.151139
1415 0.162391
1416 0.159249
1417 0.165465
1418 0.174184
1419 0.185752
1420 0.185786
1421 0.192879
1422 0.204147
1423 0.188323
1424 0.194017
1425 0.18779
1426 0.17756
1427 0.156674
1428 0.187534
1429 0.176959
1430 0.170303
1431 0.156712
1432 0.175253
1433 0.175583
1434 0.180847
1435 0.170719
1436 0.173332
1437 0.177632
1438 0.196445
1439 0.184451
1440 0.165313
1441 0.176316
1442 0.174584
1443 0.180486
1444 0.17436
1445 0.171115
1446 0.1655
1447 0.168519
1448 0.186472
1449 0.165608
1450 0.165272
1451 0.148493
1452 0.162852
1453 0.165148
1454 0.172989
1455 0.169186
1456 0.156341
1457 0.184179
1458 0.176927
1459 0.195198
1460 0.172366
1461 0.176633
1462 0.182075
1463 0.172121
1464 0.161674
1465 0.152778
1466 0.184147
1467 0.159173
1468 0.149082
1469 0.146296
1470 0.166912
1471 0.168136
1472 0.170722
1473 0.166932
1474 0.177572
1475 0.170274
1476 0.157547
1477 0.188332
1478 0.198364
1479 0.166539
1480 0.14793
1481 0.161849
1482 0.190574
1483 0.17471
1484 0.156557
1485 0.173648
1486 0.19206
1487 0.195251
1488 0.193981
1489 0.207333
1490 0.1946
1491 0.179876
1492 0.202293
1493 0.203322
1494 0.1601
1495 0.164656
1496 0.197491
1497 0.195567
1498 0.183611
1499 0.167642
1500 0.162029
1501 0.193212
1502 0.179482
1503 0.172451
1504 0.166357
1505 0.165208
1506 0.164598
1507 0.191892
1508 0.184386
1509 0.165894
1510 0.182631
1511 0.18176
1512 0.170742
1513 0.16385
1514 0.174832
1515 0.167824
1516 0.173751
1517 0.169845
1518 0.169201
1519 0.186149
1520 0.175228
1521 0.19362
1522 0.185111
1523 0.175654
1524 0.169627
1525 0.181069
1526 0.168401
1527 0.172159
1528 0.163955
1529 0.151359
1530 0.175545
1531 0.182822
1532 0.166934
1533 0.154586
1534 0.151319
1535 0.182446
1536 0.172569
1537 0.154217
1538 0.157585
1539 0.165012
1540 0.179709
1541 0.15718
1542 0.18064
1543 0.160176
1544 0.158337
1545 0.154108
1546 0.175399
1547 0.157667
1548 0.146287
1549 0.151227
1550 0.177954
1551 0.152945
1552 0.14517
1553 0.161986
1554 0.165017
1555 0.170567
1556 0.166074
1557 0.183888
1558 0.181225
1559 0.178701
1560 0.165707
1561 0.177684
1562 0.172298
1563 0.175571
1564 0.174789
1565 0.162385
1566 0.183563
1567 0.169629
1568 0.170212
1569 0.1781
1570 0.172603
1571 0.157043
1572 0.180154
1573 0.190598
1574 0.180485
1575 0.183148
1576 0.185065
1577 0.173609
1578 0.174701
1579 0.177387
1580 0.184936
1581 0.180158
1582 0.183333
1583 0.169513
1584 0.169182
1585 0.176284
1586 0.180918
1587 0.185938
1588 0.166874
1589 0.181783
1590 0.188356
1591 0.186164
1592 0.179667
1593 0.171109
1594 0.198486
1595 0.166503
1596 0.155524
1597 0.155898
1598 0.181632
1599 0.156313
1600 0.162325
1601 0.155769
1602 0.166525
1603 0.151947
1604 0.174749
1605 0.158738
1606 0.156492
1607 0.184236
1608 0.199712
1609 0.178694
1610 0.188972
1611 0.200143
1612 0.182202
1613 0.172364
1614 0.195054
1615 0.182982
1616 0.161849
1617 0.156114
1618 0.18326
1619 0.155953
1620 0.175545
1621 0.179393
1622 0.202511
1623 0.175447
1624 0.185273
1625 0.181028
1626 0.1974
1627 0.191294
1628 0.166196
1629 0.156578
1630 0.17018
1631 0.202952
1632 0.182356
1633 0.15757
1634 0.175836
1635 0.169646
1636 0.189352
1637 0.149458
1638 0.157354
1639 0.158348
1640 0.157347
1641 0.161355
1642 0.164829
1643 0.146025
1644 0.171525
1645 0.181267
1646 0.166545
1647 0.166461
1648 0.169271
1649 0.179
1650 0.161329
1651 0.196802
1652 0.165453
1653 0.173243
1654 0.171251
1655 0.187136
1656 0.189152
1657 0.174854
1658 0.162757
1659 0.174391
1660 0.176908
1661 0.170038
1662 0.173688
1663 0.163587
1664 0.175973
1665 0.171109
1666 0.167017
1667 0.176259
1668 0.186319
1669 0.175827
1670 0.167722
1671 0.186168
1672 0.187673
1673 0.179635
1674 0.163357
1675 0.199516
1676 0.185765
1677 0.166257
1678 0.159539
1679 0.168755
1680 0.160573
1681 0.167345
1682 0.165556
1683 0.154996
1684 0.151538
1685 0.163977
1686 0.171754
1687 0.14896
1688 0.158678
1689 0.15284
1690 0.178846
1691 0.170512
1692 0.168505
1693 0.156234
1694 0.168393
1695 0.164608
1696 0.164274
1697 0.162923
1698 0.170178
1699 0.17705
1700 0.172996
1701 0.189637
1702 0.193393
1703 0.200005
1704 0.168832
1705 0.183318
1706 0.173778
1707 0.169513
1708 0.161909
1709 0.167896
1710 0.163616
1711 0.157919
1712 0.183574
1713 0.191597
1714 0.18321
1715 0.160489
1716 0.18665
1717 0.203746
1718 0.175036
1719 0.167863
1720 0.185885
1721 0.201992
1722 0.181367
1723 0.165332
1724 0.194243
1725 0.202791
1726 0.182074
1727 0.166464
1728 0.164247
1729 0.208006
1730 0.174491
1731 0.159017
1732 0.157295
1733 0.182088
1734 0.166303
1735 0.156683
1736 0.162012
1737 0.155728
1738 0.153579
1739 0.161349
1740 0.160932
1741 0.168412
1742 0.161951
1743 0.190746
1744 0.174685
1745 0.20026
1746 0.188675
1747 0.167742
1748 0.163619
1749 0.190353
1750 0.200047
1751 0.186666
1752 0.16341
1753 0.186394
1754 0.1914
1755 0.174307
1756 0.174093
1757 0.195256
1758 0.191246
1759 0.164697
1760 0.178409
1761 0.174939
1762 0.180502
1763 0.175507
1764 0.189959
1765 0.175341
1766 0.164733
1767 0.19218
1768 0.187961
1769 0.163191
1770 0.16602
1771 0.185425
1772 0.175248
1773 0.16805
1774 0.159192
1775 0.172893
1776 0.168846
1777 0.196539
1778 0.192477
1779 0.180211
1780 0.167762
1781 0.175369
1782 0.17954
1783 0.165075
1784 0.168222
1785 0.158223
1786 0.153696
1787 0.16899
1788 0.15631
1789 0.148661
1790 0.14503
1791 0.198091
1792 0.176782
1793 0.150094
1794 0.147055
1795 0.180825
1796 0.182165
1797 0.175478
1798 0.175172
1799 0.173911
1800 0.168143
1801 0.178429
1802 0.188265
1803 0.172077
1804 0.153458
1805 0.161476
1806 0.181022
1807 0.172561
1808 0.152918
1809 0.169906
1810 0.17386
1811 0.152575
1812 0.149605
1813 0.160868
1814 0.150336
1815 0.149003
1816 0.158397
1817 0.147524
1818 0.167427
1819 0.148957
1820 0.164092
1821 0.162381
1822 0.181782
1823 0.166984
1824 0.147022
1825 0.149007
1826 0.169961
1827 0.175094
1828 0.153749
1829 0.168056
1830 0.185326
1831 0.1761
1832 0.174183
1833 0.185216
1834 0.192936
1835 0.17314
1836 0.170652
1837 0.175911
1838 0.195087
1839 0.186959
1840 0.188612
1841 0.176305
1842 0.18455
1843 0.205137
1844 0.193633
1845 0.176695
1846 0.182947
1847 0.199154
1848 0.168803
1849 0.169061
1850 0.193772
1851 0.201635
1852 0.18089
1853 0.169919
1854 0.167719
1855 0.177148
1856 0.184274
1857 0.161694
1858 0.15952
1859 0.161414
1860 0.168624
1861 0.166822
1862 0.174424
1863 0.172926
1864 0.171197
1865 0.165007
1866 0.191197
1867 0.190567
1868 0.172076
1869 0.171769
1870 0.168789
1871 0.193934
1872 0.179201
1873 0.189587
1874 0.183382
1875 0.172531
1876 0.183866
1877 0.184607
1878 0.186451
1879 0.195776
1880 0.182747
1881 0.1932
1882 0.200365
1883 0.198726
1884 0.176532
1885 0.186694
1886 0.196402
1887 0.186454
1888 0.187209
1889 0.177406
1890 0.195062
1891 0.187318
1892 0.188053
1893 0.16414
1894 0.173799
1895 0.154574
1896 0.16832
1897 0.153855
1898 0.155005
1899 0.153246
1900 0.164355
1901 0.158744
1902 0.157577
1903 0.164193
1904 0.168226
1905 0.187312
1906 0.18531
1907 0.171194
1908 0.200285
1909 0.19733
1910 0.196254
1911 0.183648
1912 0.176633
1913 0.182578
1914 0.189994
1915 0.193269
1916 0.169265
1917 0.170698
1918 0.176809
1919 0.173618
1920 0.15812
1921 0.158268
1922 0.176888
1923 0.165594
1924 0.16092
1925 0.160232
1926 0.158993
1927 0.170454
1928 0.165261
1929 0.15038
1930 0.160465
1931 0.166275
1932 0.173035
1933 0.165245
1934 0.165601
1935 0.169861
1936 0.178059
1937 0.169008
1938 0.148029
1939 0.165456
1940 0.162015
1941 0.166955
1942 0.164771
1943 0.162066
1944 0.161544
1945 0.162244
1946 0.183368
1947 0.17885
1948 0.162711
1949 0.160848
1950 0.185123
1951 0.171803
1952 0.156253
1953 0.158136
1954 0.163513
1955 0.168464
1956 0.182605
1957 0.188594
1958 0.162103
1959 0.148364
1960 0.192614
1961 0.194991
1962 0.167656
1963 0.16449
1964 0.182982
1965 0.186859
1966 0.180529
1967 0.184835
1968 0.173086
1969 0.171381
1970 0.17035
1971 0.166211
1972 0.164052
1973 0.187462
1974 0.18224
1975 0.176869
1976 0.155206
1977 0.193164
1978 0.206751
1979 0.183041
1980 0.173882
1981 0.199303
1982 0.197637
1983 0.188163
1984 0.167699
1985 0.192037
1986 0.192119
1987 0.188233
1988 0.157596
1989 0.193521
1990 0.19877
1991 0.197807
1992 0.163846
1993 0.174487
1994 0.168926
1995 0.175676
1996 0.180153
1997 0.180925
1998 0.175048
1999 0.177244
2000 0.188815
2001 0.182586
2002 0.194626
2003 0.175767
2004 0.169487
2005 0.171684
2006 0.180026
2007 0.180409
2008 0.164533
2009 0.194237
2010 0.191272
2011 0.182462
2012 0.155176
2013 0.196013
2014 0.205278
2015 0.176856
2016 0.165362
2017 0.183208
2018 0.190622
2019 0.173423
2020 0.177571
2021 0.16825
2022 0.173415
2023 0.175656
2024 0.177552
2025 0.168274
2026 0.152685
2027 0.175237
2028 0.194556
2029 0.190899
2030 0.154888
2031 0.165383
2032 0.177153
2033 0.189795
2034 0.170245
2035 0.155015
2036 0.188281
2037 0.165214
2038 0.190057
2039 0.171251
2040 0.171815
2041 0.173534
2042 0.194292
2043 0.194789
2044 0.182272
2045 0.170195
2046 0.179771
2047 0.171827
2048 0.1723
2049 0.165764
2050 0.172395
2051 0.160909
2052 0.173627
2053 0.171629
2054 0.186777
2055 0.184251
2056 0.190421
2057 0.179029
2058 0.187009
2059 0.202413
2060 0.210438
2061 0.17498
2062 0.186328
2063 0.178998
2064 0.19409
2065 0.16382
2066 0.175781
2067 0.168375
2068 0.173689
2069 0.170393
2070 0.163931
2071 0.172583
2072 0.161361
2073 0.165189
2074 0.154855
2075 0.159965
2076 0.168045
2077 0.168248
2078 0.1716
2079 0.155989
2080 0.180356
2081 0.185283
2082 0.179229
2083 0.16581
2084 0.158546
2085 0.172657
2086 0.161786
2087 0.175024
2088 0.178919
2089 0.178165
2090 0.15444
2091 0.179046
2092 0.177201
2093 0.1774
2094 0.167115
2095 0.178057
2096 0.176221
2097 0.16031
2098 0.159354
2099 0
