0 -41.6058
1 27.9864
2 -31.0995
3 -1.44389
4 -0.643363
5 -0.311489
6 0.0155722
7 0.143292
8 0.388987
9 0.538422
10 0.586428
11 0.290772
12 0.409106
13 0.602232
14 0.323995
15 0.64893
16 0.36669
17 0.627721
18 0.506739
19 0.566282
20 0.699261
21 0.376403
22 0.367011
23 0.501861
24 0.506574
25 0.600065
26 0.370052
27 0.321398
28 0.337034
29 0.477305
30 0.666636
31 0.416506
32 0.458287
33 0.498664
34 0.655138
35 0.701305
36 0.744219
37 0.290753
38 0.350458
39 0.726897
40 0.660279
41 0.369147
42 0.446972
43 0.282531
44 0.370826
45 0.363248
46 0.430393
47 0.266277
48 0.584973
49 0.917765
50 0.483765
51 0.477689
52 0.535665
53 0.523861
54 0.586465
55 0.574952
56 0.386886
57 0.500934
58 0.539807
59 0.517697
60 0.855721
61 0.88342
62 0.654616
63 0.513324
64 0.471177
65 0.522168
66 0.430675
67 0.71768
68 0.733479
69 0.440052
70 0.287717
71 0.651381
72 0.607205
73 0.254271
74 0.650547
75 0.443278
76 0.819022
77 0.640525
78 0.538129
79 0.734855
80 0.578334
81 0.527358
82 0.418736
83 0.484642
84 0.490214
85 0.401167
86 0.621964
87 0.344056
88 0.930336
89 0.615891
90 0.733648
91 0.550749
92 0.450097
93 0.781124
94 0.532971
95 0.815993
96 0.285279
97 0.812019
98 0.723902
99 0.494867
100 0.891949
101 0.46352
102 0.784719
103 0.155824
104 0.71557
105 0.757246
106 0.480807
107 0.877608
108 0.331574
109 0.953417
110 0.489452
111 0.874801
112 0.787453
113 0.557837
114 0.843183
115 0.534614
116 0.447084
117 0.110057
118 0.709226
119 0.738023
120 0.389924
121 0.745677
122 0.270243
123 0.730082
124 0.527901
125 0.605902
126 0.721021
127 0.43193
128 0.594256
129 0.254719
130 0.639054
131 0.597423
132 0.64565
133 0.722326
134 0.207551
135 0.956137
136 0.586675
137 0.244183
138 0.379598
139 0.250015
140 0.435643
141 0.19526
142 0.748027
143 0.373539
144 0.707201
145 0.837576
146 0.225521
147 0.556711
148 0.115563
149 0.46921
150 0.37454
151 0.351372
152 0.539005
153 -0.0878146
154 0.533154
155 0.178642
156 0.183439
157 0.367417
158 0.075962
159 0.441472
160 -0.0273679
161 0.440992
162 0.177447
163 0.158538
164 0.444728
165 0.0773706
166 0.239227
167 0.031603
168 0.225702
169 0.245694
170 0.185336
171 0.260062
172 0.0433388
173 0.260138
174 0.170852
175 0.155115
176 0.233456
177 0.184684
178 0.249377
179 0.181157
180 0.28809
181 0.102071
182 0.154116
183 0.212001
184 0.162968
185 0.244938
186 0.17571
187 0.202405
188 0.196643
189 0.184687
190 0.183169
191 0.147595
192 0.192835
193 0.168281
194 0.174332
195 0.199556
196 0.183109
197 0.165048
198 0.141358
199 0.193341
200 0.156131
201 0.158835
202 0.168296
203 0.142273
204 0.170338
205 0.186442
206 0.193165
207 0.170279
208 0.19481
209 0.176715
210 0.161971
211 0.146093
212 0.167082
213 0.17402
214 0.174766
215 0.181556
216 0.20804
217 0.158126
218 0.194362
219 0.194298
220 0.179987
221 0.164864
222 0.170111
223 0.169214
224 0.167697
225 0.167219
226 0.192771
227 0.174888
228 0.180185
229 0.175231
230 0.192444
231 0.221905
232 0.183722
233 0.148446
234 0.189037
235 0.209879
236 0.18141
237 0.195066
238 0.191664
239 0.191663
240 0.210753
241 0.196334
242 0.164938
243 0.182059
244 0.17762
245 0.181931
246 0.172182
247 0.171342
248 0.177398
249 0.171395
250 0.161969
251 0.187962
252 0.192676
253 0.16317
254 0.204327
255 0.181997
256 0.191063
257 0.171029
258 0.17905
259 0.166412
260 0.158271
261 0.164221
262 0.152822
263 0.162053
264 0.178586
265 0.189827
266 0.161705
267 0.186273
268 0.170481
269 0.167245
270 0.155754
271 0.187466
272 0.187997
273 0.178169
274 0.179725
275 0.166494
276 0.170487
277 0.161294
278 0.179576
279 0.189421
280 0.170391
281 0.210037
282 0.159178
283 0.154384
284 0.185529
285 0.18918
286 0.221979
287 0.155968
288 0.174167
289 0.165262
290 0.190426
291 0.197642
292 0.216429
293 0.192104
294 0.18803
295 0.19542
296 0.207484
297 0.179252
298 0.16914
299 0.168946
300 0.188282
301 0.196319
302 0.170117
303 0.17655
304 0.186116
305 0.16734
306 0.168455
307 0.204927
308 0.166027
309 0.149503
310 0.202494
311 0.199626
312 0.18469
313 0.171883
314 0.169659
315 0.167404
316 0.186336
317 0.160664
318 0.180278
319 0.1622
320 0.188924
321 0.186679
322 0.197144
323 0.198082
324 0.19368
325 0.178872
326 0.176218
327 0.185998
328 0.170187
329 0.182235
330 0.177762
331 0.199407
332 0.185857
333 0.180871
334 0.174127
335 0.181535
336 0.149719
337 0.159658
338 0.162278
339 0.163573
340 0.141975
341 0.166577
342 0.192238
343 0.171677
344 0.171648
345 0.162599
346 0.179067
347 0.152575
348 0.172538
349 0.164186
350 0.173181
351 0.175391
352 0.176458
353 0.187692
354 0.177018
355 0.166908
356 0.180468
357 0.196998
358 0.174883
359 0.202815
360 0.193722
361 0.174676
362 0.208125
363 0.170649
364 0.173413
365 0.182573
366 0.171971
367 0.166007
368 0.144702
369 0.189272
370 0.177162
371 0.162208
372 0.135338
373 0.175673
374 0.175274
375 0.179555
376 0.16683
377 0.158427
378 0.164757
379 0.189866
380 0.191455
381 0.180362
382 0.180838
383 0.186805
384 0.171603
385 0.177224
386 0.18326
387 0.166685
388 0.143673
389 0.153687
390 0.201855
391 0.154151
392 0.168004
393 0.151993
394 0.185347
395 0.180739
396 0.160373
397 0.155298
398 0.17644
399 0.173163
400 0.168001
401 0.160981
402 0.203838
403 0.165176
404 0.195503
405 0.170692
406 0.193891
407 0.172054
408 0.169838
409 0.170348
410 0.217047
411 0.148674
412 0.194312
413 0.20239
414 0.212198
415 0.180318
416 0.193511
417 0.190427
418 0.188744
419 0.190386
420 0.236
421 0.181921
422 0.167644
423 0.196986
424 0.16622
425 0.131084
426 0.181877
427 0.154263
428 0.172537
429 0.187717
430 0.200254
431 0.161481
432 0.182199
433 0.144837
434 0.191883
435 0.204885
436 0.147488
437 0.1819
438 0.21275
439 0.184046
440 0.156767
441 0.190835
442 0.221065
443 0.176147
444 0.201949
445 0.18414
446 0.185928
447 0.163813
448 0.176262
449 0.184462
450 0.150132
451 0.151412
452 0.144176
453 0.183091
454 0.159041
455 0.171445
456 0.167532
457 0.166847
458 0.136979
459 0.166969
460 0.180461
461 0.174058
462 0.158671
463 0.187937
464 0.210061
465 0.196815
466 0.165907
467 0.188109
468 0.1689
469 0.206983
470 0.197138
471 0.198525
472 0.190843
473 0.165662
474 0.182965
475 0.204567
476 0.168869
477 0.193991
478 0.17644
479 0.216597
480 0.178403
481 0.192888
482 0.214258
483 0.238389
484 0.166772
485 0.174334
486 0.201036
487 0.196596
488 0.213005
489 0.172184
490 0.152617
491 0.21449
492 0.196574
493 0.182459
494 0.163886
495 0.165844
496 0.202629
497 0.152455
498 0.194833
499 0.146787
500 0.193675
501 0.171703
502 0.161217
503 0.163383
504 0.13915
505 0.183657
506 0.181744
507 0.211949
508 0.167436
509 0.168692
510 0.180861
511 0.164408
512 0.187788
513 0.163464
514 0.183614
515 0.16503
516 0.199721
517 0.174337
518 0.192641
519 0.166671
520 0.191236
521 0.190348
522 0.177092
523 0.172157
524 0.206173
525 0.155774
526 0.175892
527 0.181346
528 0.19525
529 0.155389
530 0.152236
531 0.171564
532 0.213709
533 0.202801
534 0.175812
535 0.181354
536 0.155862
537 0.206636
538 0.194049
539 0.170815
540 0.187441
541 0.183882
542 0.153652
543 0.152281
544 0.197671
545 0.230785
546 0.168996
547 0.163426
548 0.223426
549 0.169073
550 0.189997
551 0.146934
552 0.16532
553 0.16759
554 0.172449
555 0.192367
556 0.174976
557 0.164984
558 0.185563
559 0.222206
560 0.181555
561 0.199412
562 0.177891
563 0.189846
564 0.203356
565 0.181463
566 0.148644
567 0.171854
568 0.176513
569 0.180488
570 0.183104
571 0.188263
572 0.169865
573 0.154854
574 0.172277
575 0.162499
576 0.155697
577 0.166148
578 0.192974
579 0.15753
580 0.172734
581 0.209667
582 0.188746
583 0.145788
584 0.169881
585 0.19615
586 0.17339
587 0.205841
588 0.195692
589 0.185985
590 0.200868
591 0.203763
592 0.205017
593 0.184769
594 0.182666
595 0.197376
596 0.15277
597 0.177831
598 0.175547
599 0.188453
600 0.168086
601 0.183031
602 0.144202
603 0.206853
604 0.179708
605 0.18097
606 0.181147
607 0.190343
608 0.170538
609 0.203762
610 0.185994
611 0.173281
612 0.153625
613 0.155634
614 0.176388
615 0.16137
616 0.174079
617 0.154599
618 0.148569
619 0.163235
620 0.174383
621 0.145653
622 0.144732
623 0.174112
624 0.152028
625 0.1613
626 0.164536
627 0.189035
628 0.168367
629 0.171021
630 0.163606
631 0.210167
632 0.192128
633 0.158497
634 0.185394
635 0.19238
636 0.177557
637 0.167908
638 0.190698
639 0.186926
640 0.177204
641 0.156836
642 0.183664
643 0.170827
644 0.20231
645 0.186606
646 0.165622
647 0.190617
648 0.21093
649 0.167673
650 0.172001
651 0.179439
652 0.176439
653 0.147414
654 0.168122
655 0.170045
656 0.171194
657 0.185845
658 0.201018
659 0.181668
660 0.167236
661 0.121909
662 0.169519
663 0.158903
664 0.172544
665 0.17874
666 0.174104
667 0.163629
668 0.173115
669 0.169667
670 0.194825
671 0.164061
672 0.148312
673 0.17066
674 0.170086
675 0.168778
676 0.144239
677 0.1695
678 0.206141
679 0.151905
680 0.173984
681 0.205715
682 0.202802
683 0.173121
684 0.187199
685 0.165595
686 0.197077
687 0.183072
688 0.171493
689 0.179955
690 0.172942
691 0.150293
692 0.15896
693 0.158898
694 0.153526
695 0.147387
696 0.148481
697 0.166545
698 0.175756
699 0.166493
700 0.165022
701 0.165593
702 0.175738
703 0.202205
704 0.182953
705 0.172734
706 0.175362
707 0.195933
708 0.15565
709 0.160552
710 0.160607
711 0.187233
712 0.193209
713 0.161875
714 0.175296
715 0.170352
716 0.188802
717 0.173864
718 0.207324
719 0.170679
720 0.176538
721 0.185799
722 0.178419
723 0.17151
724 0.181726
725 0.175664
726 0.203595
727 0.167589
728 0.176161
729 0.200338
730 0.197585
731 0.156932
732 0.171145
733 0.150765
734 0.169969
735 0.137617
736 0.201064
737 0.169082
738 0.168355
739 0.16354
740 0.192967
741 0.197679
742 0.16036
743 0.171801
744 0.148199
745 0.176292
746 0.131857
747 0.129634
748 0.141016
749 0.167102
750 0.180933
751 0.161411
752 0.151211
753 0.149496
754 0.163275
755 0.156743
756 0.168238
757 0.157802
758 0.176201
759 0.176092
760 0.175327
761 0.15901
762 0.16516
763 0.164918
764 0.19515
765 0.188518
766 0.164445
767 0.134146
768 0.156284
769 0.160824
770 0.158088
771 0.179943
772 0.161735
773 0.184575
774 0.19316
775 0.16295
776 0.188588
777 0.155333
778 0.139042
779 0.157992
780 0.165146
781 0.13752
782 0.156994
783 0.131735
784 0.174405
785 0.179629
786 0.188779
787 0.160299
788 0.183791
789 0.166655
790 0.169397
791 0.166388
792 0.166434
793 0.193163
794 0.169235
795 0.164604
796 0.185544
797 0.150932
798 0.177361
799 0.170717
800 0.167035
801 0.164387
802 0.183836
803 0.180017
804 0.169395
805 0.158799
806 0.163889
807 0.169385
808 0.164023
809 0.166406
810 0.175841
811 0.155706
812 0.181818
813 0.175403
814 0.17148
815 0.175077
816 0.190493
817 0.181511
818 0.193502
819 0.185699
820 0.169406
821 0.165329
822 0.177922
823 0.172174
824 0.169986
825 0.155368
826 0.146824
827 0.131305
828 0.144076
829 0.155205
830 0.17183
831 0.140277
832 0.164135
833 0.156938
834 0.180067
835 0.191971
836 0.156279
837 0.13708
838 0.184714
839 0.175808
840 0.163482
841 0.155528
842 0.169927
843 0.18023
844 0.135861
845 0.178138
846 0.161686
847 0.158804
848 0.168573
849 0.179763
850 0.153182
851 0.144787
852 0.15745
853 0.137517
854 0.184772
855 0.161708
856 0.187032
857 0.151161
858 0.195408
859 0.198387
860 0.173375
861 0.207651
862 0.166497
863 0.198519
864 0.177671
865 0.144161
866 0.168949
867 0.187201
868 0.191122
869 0.172385
870 0.177706
871 0.169856
872 0.202541
873 0.176164
874 0.173322
875 0.180239
876 0.175698
877 0.163228
878 0.169025
879 0.163863
880 0.184959
881 0.19179
882 0.175997
883 0.160467
884 0.178141
885 0.178896
886 0.168795
887 0.171616
888 0.157587
889 0.160699
890 0.175114
891 0.142196
892 0.170353
893 0.186669
894 0.166386
895 0.19958
896 0.172289
897 0.183107
898 0.161209
899 0.174302
900 0.176026
901 0.176912
902 0.154901
903 0.19016
904 0.154946
905 0.176218
906 0.192627
907 0.165921
908 0.190993
909 0.193088
910 0.214095
911 0.194574
912 0.229917
913 0.205489
914 0.205626
915 0.17776
916 0.182593
917 0.218172
918 0.183043
919 0.1819
920 0.18548
921 0.188787
922 0.176896
923 0.169895
924 0.175395
925 0.150383
926 0.153124
927 0.162033
928 0.15082
929 0.185462
930 0.175038
931 0.17434
932 0.17247
933 0.152368
934 0.159473
935 0.168745
936 0.15698
937 0.158579
938 0.149954
939 0.190288
940 0.144231
941 0.175455
942 0.151018
943 0.168772
944 0.148747
945 0.166865
946 0.185241
947 0.192473
948 0.156207
949 0.139985
950 0.176895
951 0.177142
952 0.158876
953 0.164064
954 0.161575
955 0.175856
956 0.165967
957 0.178868
958 0.164387
959 0.166933
960 0.177241
961 0.175975
962 0.174498
963 0.159103
964 0.17189
965 0.169773
966 0.17338
967 0.178338
968 0.18552
969 0.175539
970 0.147234
971 0.192504
972 0.199461
973 0.186983
974 0.140588
975 0.181975
976 0.192648
977 0.174591
978 0.152274
979 0.173493
980 0.168725
981 0.173715
982 0.17977
983 0.187854
984 0.173222
985 0.173749
986 0.18397
987 0.185852
988 0.167809
989 0.169764
990 0.167316
991 0.174077
992 0.162843
993 0.187077
994 0.131547
995 0.168443
996 0.164381
997 0.178777
998 0.132431
999 0.160341
1000 0.194019
1001 0.197962
1002 0.172399
1003 0.162402
1004 0.161642
1005 0.179925
1006 0.178762
1007 0.190599
1008 0.166044
1009 0.202417
1010 0.163374
1011 0.163342
1012 0.143415
1013 0.178346
1014 0.177944
1015 0.175373
1016 0.143789
1017 0.192651
1018 0.181285
1019 0.192634
1020 0.178922
1021 0.168146
1022 0.195098
1023 0.179926
1024 0.171199
1025 0.138153
1026 0.172165
1027 0.161176
1028 0.159206
1029 0.139949
1030 0.162012
1031 0.14179
1032 0.173146
1033 0.147329
1034 0.169881
1035 0.141276
1036 0.145633
1037 0.20021
1038 0.167319
1039 0.175663
1040 0.172186
1041 0.164017
1042 0.166508
1043 0.1687
1044 0.168935
1045 0.17516
1046 0.174893
1047 0.145417
1048 0.175525
1049 0.20675
1050 0.17315
1051 0.152665
1052 0.176535
1053 0.178069
1054 0.19942
1055 0.207328
1056 0.188586
1057 0.168
1058 0.208622
1059 0.142829
1060 0.193884
1061 0.198797
1062 0.174074
1063 0.180061
1064 0.1736
1065 0.1686
1066 0.175042
1067 0.180324
1068 0.160718
1069 0.175304
1070 0.184895
1071 0.165556
1072 0.176526
1073 0.183541
1074 0.170708
1075 0.169606
1076 0.17659
1077 0.165659
1078 0.200279
1079 0.173982
1080 0.15495
1081 0.157161
1082 0.201977
1083 0.171631
1084 0.175283
1085 0.176245
1086 0.204301
1087 0.188667
1088 0.157904
1089 0.171651
1090 0.206989
1091 0.177495
1092 0.175864
1093 0.158994
1094 0.188457
1095 0.180172
1096 0.183861
1097 0.161966
1098 0.194604
1099 0.187729
1100 0.18143
1101 0.159737
1102 0.16374
1103 0.183751
1104 0.193361
1105 0.175855
1106 0.181775
1107 0.168072
1108 0.20237
1109 0.156076
1110 0.193227
1111 0.158402
1112 0.201486
1113 0.189717
1114 0.186757
1115 0.17016
1116 0.161545
1117 0.170049
1118 0.168372
1119 0.177572
1120 0.163166
1121 0.146776
1122 0.18972
1123 0.144649
1124 0.142874
1125 0.168874
1126 0.20039
1127 0.150565
1128 0.182957
1129 0.172861
1130 0.182187
1131 0.204625
1132 0.17526
1133 0.195784
1134 0.175607
1135 0.175056
1136 0.166197
1137 0.17579
1138 0.156987
1139 0.190971
1140 0.205344
1141 0.203689
1142 0.167425
1143 0.192399
1144 0.191536
1145 0.163973
1146 0.207905
1147 0.176392
1148 0.188142
1149 0.146676
1150 0.193161
1151 0.194342
1152 0.202821
1153 0.195864
1154 0.193619
1155 0.187236
1156 0.174998
1157 0.180398
1158 0.178628
1159 0.158431
1160 0.205072
1161 0.178124
1162 0.181338
1163 0.151323
1164 0.199437
1165 0.197456
1166 0.152355
1167 0.188142
1168 0.165402
1169 0.192333
1170 0.150561
1171 0.180656
1172 0.170413
1173 0.199328
1174 0.153122
1175 0.185587
1176 0.178601
1177 0.175893
1178 0.165054
1179 0.181464
1180 0.180103
1181 0.1662
1182 0.160942
1183 0.152026
1184 0.159012
1185 0.162273
1186 0.153856
1187 0.16855
1188 0.146142
1189 0.161778
1190 0.166843
1191 0.145912
1192 0.202786
1193 0.152629
1194 0.163659
1195 0.190444
1196 0.189086
1197 0.199459
1198 0.165634
1199 0.186105
1200 0.188681
1201 0.200761
1202 0.202401
1203 0.168989
1204 0.16627
1205 0.191487
1206 0.174461
1207 0.130912
1208 0.185524
1209 0.176137
1210 0.167502
1211 0.156905
1212 0.177232
1213 0.16706
1214 0.171515
1215 0.138671
1216 0.171107
1217 0.137639
1218 0.179344
1219 0.154885
1220 0.158846
1221 0.17372
1222 0.193556
1223 0.190027
1224 0.190094
1225 0.160317
1226 0.182322
1227 0.178681
1228 0.151655
1229 0.159002
1230 0.158126
1231 0.147718
1232 0.172981
1233 0.148779
1234 0.157662
1235 0.152262
1236 0.178037
1237 0.195041
1238 0.170637
1239 0.190489
1240 0.203252
1241 0.166239
1242 0.18096
1243 0.223017
1244 0.200357
1245 0.153087
1246 0.164831
1247 0.194426
1248 0.155143
1249 0.145681
1250 0.143063
1251 0.15851
1252 0.19861
1253 0.177143
1254 0.130905
1255 0.160281
1256 0.194983
1257 0.225578
1258 0.187167
1259 0.15698
1260 0.135888
1261 0.187022
1262 0.155984
1263 0.159679
1264 0.167567
1265 0.181305
1266 0.18654
1267 0.171814
1268 0.178991
1269 0.170897
1270 0.153828
1271 0.178227
1272 0.184174
1273 0.179095
1274 0.193839
1275 0.185556
1276 0.18529
1277 0.201745
1278 0.219807
1279 0.190956
1280 0.195134
1281 0.166402
1282 0.18503
1283 0.173184
1284 0.194849
1285 0.160178
1286 0.14757
1287 0.146932
1288 0.203801
1289 0.170667
1290 0.193616
1291 0.172389
1292 0.186422
1293 0.180902
1294 0.168737
1295 0.176548
1296 0.165576
1297 0.189996
1298 0.19529
1299 0.165856
1300 0.19608
1301 0.179097
1302 0.18775
1303 0.170632
1304 0.171643
1305 0.181685
1306 0.185841
1307 0.160532
1308 0.158244
1309 0.153128
1310 0.133357
1311 0.129247
1312 0.141074
1313 0.164041
1314 0.156847
1315 0.137774
1316 0.183909
1317 0.169698
1318 0.169678
1319 0.188229
1320 0.155567
1321 0.154315
1322 0.17584
1323 0.189617
1324 0.156776
1325 0.142991
1326 0.138749
1327 0.156791
1328 0.170466
1329 0.152951
1330 0.174938
1331 0.172843
1332 0.160505
1333 0.172458
1334 0.156354
1335 0.192801
1336 0.182307
1337 0.16946
1338 0.138927
1339 0.166473
1340 0.182128
1341 0.160909
1342 0.175618
1343 0.17705
1344 0.170637
1345 0.140725
1346 0.185549
1347 0.195453
1348 0.16734
1349 0.187174
1350 0.170624
1351 0.201512
1352 0.170338
1353 0.180489
1354 0.161537
1355 0.189532
1356 0.177051
1357 0.183046
1358 0.188751
1359 0.1669
1360 0.183079
1361 0.190474
1362 0.159039
1363 0.170962
1364 0.156146
1365 0.142003
1366 0.174212
1367 0.14848
1368 0.177486
1369 0.160172
1370 0.187397
1371 0.158469
1372 0.165247
1373 0.193419
1374 0.195266
1375 0.176275
1376 0.189518
1377 0.160941
1378 0.183702
1379 0.172645
1380 0.172104
1381 0.161746
1382 0.191576
1383 0.191881
1384 0.183239
1385 0.180322
1386 0.181651
1387 0.175268
1388 0.166128
1389 0.204955
1390 0.207465
1391 0.210314
1392 0.193331
1393 0.181558
1394 0.149348
1395 0.188239
1396 0.194694
1397 0.172415
1398 0.160434
1399 0.181115
1400 0.190489
1401 0.178811
1402 0.179131
1403 0.152665
1404 0.19254
1405 0.173127
1406 0.165632
1407 0.151871
1408 0.174618
1409 0.195222
1410 0.187224
1411 0.163322
1412 0.195576
1413 0.185892
1414 0.176475
1415 0.157769
1416 0.192155
1417 0.152185
1418 0.171935
1419 0.170867
1420 0.17231
1421 0.180107
1422 0.177717
1423 0.15148
1424 0.188119
1425 0.196428
1426 0.177774
1427 0.155068
1428 0.198491
1429 0.159345
1430 0.157216
1431 0.159567
1432 0.169538
1433 0.180603
1434 0.113088
1435 0.18899
1436 0.146621
1437 0.151139
1438 0.171629
1439 0.189224
1440 0.188379
1441 0.165165
1442 0.145622
1443 0.151476
1444 0.165196
1445 0.170899
1446 0.161927
1447 0.190936
1448 0.21742
1449 0.173245
1450 0.135454
1451 0.19178
1452 0.211336
1453 0.21135
1454 0.202511
1455 0.19794
1456 0.165894
1457 0.166409
1458 0.208042
1459 0.177627
1460 0.155963
1461 0.180017
1462 0.176034
1463 0.175963
1464 0.151145
1465 0.192484
1466 0.215439
1467 0.194921
1468 0.158277
1469 0.176068
1470 0.184613
1471 0.189193
1472 0.194809
1473 0.171727
1474 0.190066
1475 0.184841
1476 0.148416
1477 0.182161
1478 0.214094
1479 0.212844
1480 0.200388
1481 0.199495
1482 0.194139
1483 0.205406
1484 0.199676
1485 0.204819
1486 0.196519
1487 0.165785
1488 0.173574
1489 0.200242
1490 0.238639
1491 0.192876
1492 0.154347
1493 0.148645
1494 0.192042
1495 0.159193
1496 0.170989
1497 0.165089
1498 0.199573
1499 0.16071
1500 0.188439
1501 0.168459
1502 0.163212
1503 0.157696
1504 0.182899
1505 0.17359
1506 0.186969
1507 0.148137
1508 0.167616
1509 0.163819
1510 0.16386
1511 0.153037
1512 0.154012
1513 0.188765
1514 0.22359
1515 0.202287
1516 0.174653
1517 0.182586
1518 0.193155
1519 0.19328
1520 0.181771
1521 0.190628
1522 0.191074
1523 0.138338
1524 0.142413
1525 0.143095
1526 0.166221
1527 0.1446
1528 0.165792
1529 0.178128
1530 0.159562
1531 0.187866
1532 0.142746
1533 0.185905
1534 0.173512
1535 0.202225
1536 0.184161
1537 0.188983
1538 0.185071
1539 0.170396
1540 0.173128
1541 0.180689
1542 0.175626
1543 0.162905
1544 0.158671
1545 0.150177
1546 0.14308
1547 0.128258
1548 0.168843
1549 0.164572
1550 0.159855
1551 0.149812
1552 0.161811
1553 0.173681
1554 0.20173
1555 0.16457
1556 0.16911
1557 0.187413
1558 0.188097
1559 0.196625
1560 0.148873
1561 0.208388
1562 0.150811
1563 0.190728
1564 0.20219
1565 0.184139
1566 0.164363
1567 0.17298
1568 0.187438
1569 0.179984
1570 0.185654
1571 0.172581
1572 0.171086
1573 0.15548
1574 0.194985
1575 0.137364
1576 0.165938
1577 0.173607
1578 0.175292
1579 0.175955
1580 0.195506
1581 0.180086
1582 0.195138
1583 0.144279
1584 0.202075
1585 0.194668
1586 0.159358
1587 0.136859
1588 0.160364
1589 0.150995
1590 0.135308
1591 0.143015
1592 0.171938
1593 0.185016
1594 0.186783
1595 0.168269
1596 0.172226
1597 0.198886
1598 0.199699
1599 0.181057
1600 0.203499
1601 0.150478
1602 0.182235
1603 0.151917
1604 0.162894
1605 0.166846
1606 0.196449
1607 0.190822
1608 0.179715
1609 0.191296
1610 0.190054
1611 0.200441
1612 0.175639
1613 0.183858
1614 0.187158
1615 0.203751
1616 0.187014
1617 0.176907
1618 0.233253
1619 0.239368
1620 0.220041
1621 0.128703
1622 0.172691
1623 0.162007
1624 0.149002
1625 0.174875
1626 0.176164
1627 0.152742
1628 0.200532
1629 0.166792
1630 0.201872
1631 0.202161
1632 0.189319
1633 0.154909
1634 0.228312
1635 0.163008
1636 0.194113
1637 0.196852
1638 0.208367
1639 0.177244
1640 0.169441
1641 0.212319
1642 0.168743
1643 0.173451
1644 0.181052
1645 0.202693
1646 0.146402
1647 0.160521
1648 0.155861
1649 0.187617
1650 0.133708
1651 0.172639
1652 0.155367
1653 0.175221
1654 0.156728
1655 0.164466
1656 0.137004
1657 0.18627
1658 0.147864
1659 0.187263
1660 0.15603
1661 0.155488
1662 0.152098
1663 0.141767
1664 0.152914
1665 0.150914
1666 0.135394
1667 0.169495
1668 0.20458
1669 0.189424
1670 0.170985
1671 0.191839
1672 0.177276
1673 0.191989
1674 0.202405
1675 0.221192
1676 0.195462
1677 0.167979
1678 0.169661
1679 0.194531
1680 0.184791
1681 0.154982
1682 0.174078
1683 0.17506
1684 0.184461
1685 0.165639
1686 0.165136
1687 0.170368
1688 0.181959
1689 0.176575
1690 0.179229
1691 0.163298
1692 0.175314
1693 0.174573
1694 0.175595
1695 0.20117
1696 0.214687
1697 0.199558
1698 0.189614
1699 0.192452
1700 0.185192
1701 0.183026
1702 0.164572
1703 0.190679
1704 0.135846
1705 0.175748
1706 0.175976
1707 0.182447
1708 0.158678
1709 0.150061
1710 0.165807
1711 0.220471
1712 0.158339
1713 0.172628
1714 0.169759
1715 0.189273
1716 0.163315
1717 0.185252
1718 0.195404
1719 0.17445
1720 0.186746
1721 0.178394
1722 0.175963
1723 0.189397
1724 0.148655
1725 0.195617
1726 0.161353
1727 0.161761
1728 0.184663
1729 0.232983
1730 0.149117
1731 0.158033
1732 0.176713
1733 0.186626
1734 0.163103
1735 0.151644
1736 0.183875
1737 0.207486
1738 0.165678
1739 0.155623
1740 0.165164
1741 0.158213
1742 0.184814
1743 0.171938
1744 0.188148
1745 0.15924
1746 0.174891
1747 0.188372
1748 0.178253
1749 0.159184
1750 0.154725
1751 0.200046
1752 0.198692
1753 0.179868
1754 0.181783
1755 0.182886
1756 0.200304
1757 0.189437
1758 0.171934
1759 0.168899
1760 0.177297
1761 0.181128
1762 0.173038
1763 0.161587
1764 0.197033
1765 0.151801
1766 0.202928
1767 0.157012
1768 0.17867
1769 0.19565
1770 0.189779
1771 0.190812
1772 0.174505
1773 0.15797
1774 0.179518
1775 0.192286
1776 0.179316
1777 0.213629
1778 0.160321
1779 0.216895
1780 0.185165
1781 0.174488
1782 0.20289
1783 0.188839
1784 0.201135
1785 0.205249
1786 0.164526
1787 0.178587
1788 0.147571
1789 0.164752
1790 0.1883
1791 0.159008
1792 0.178377
1793 0.168801
1794 0.162208
1795 0.155339
1796 0.1654
1797 0.172881
1798 0.192757
1799 0.178648
1800 0.17737
1801 0.160297
1802 0.15073
1803 0.1627
1804 0.176702
1805 0.178851
1806 0.158605
1807 0.174572
1808 0.177752
1809 0.148828
1810 0.178906
1811 0.190719
1812 0.160352
1813 0.176327
1814 0.171251
1815 0.179523
1816 0.215471
1817 0.191143
1818 0.16089
1819 0.179553
1820 0.166416
1821 0.227358
1822 0.163392
1823 0.174132
1824 0.161794
1825 0.183297
1826 0.187716
1827 0.184285
1828 0.193694
1829 0.140383
1830 0.189865
1831 0.136803
1832 0.163816
1833 0.154626
1834 0.168626
1835 0.192619
1836 0.146938
1837 0.157517
1838 0.167913
1839 0.177296
1840 0.170826
1841 0.183823
1842 0.165919
1843 0.20141
1844 0.18057
1845 0.191939
1846 0.167709
1847 0.184709
1848 0.178107
1849 0.177356
1850 0.135903
1851 0.190098
1852 0.20013
1853 0.173309
1854 0.170993
1855 0.169425
1856 0.180609
1857 0.191071
1858 0.167952
1859 0.180094
1860 0.145471
1861 0.174704
1862 0.173717
1863 0.149845
1864 0.185286
1865 0.185461
1866 0.145101
1867 0.167432
1868 0.198688
1869 0.204166
1870 0.187598
1871 0.193802
1872 0.194083
1873 0.146257
1874 0.174334
1875 0.187747
1876 0.202102
1877 0.182889
1878 0.145133
1879 0.170206
1880 0.195334
1881 0.172226
1882 0.204613
1883 0.169423
1884 0.173749
1885 0.151881
1886 0.174434
1887 0.173371
1888 0.16147
1889 0.156518
1890 0.146751
1891 0.188316
1892 0.199798
1893 0.189648
1894 0.193401
1895 0.180705
1896 0.184622
1897 0.18937
1898 0.185741
1899 0.186796
1900 0.190545
1901 0.150004
1902 0.142366
1903 0.189559
1904 0.155807
1905 0.173971
1906 0.149429
1907 0.196161
1908 0.169075
1909 0.171549
1910 0.167563
1911 0.179023
1912 0.134463
1913 0.134788
1914 0.145029
1915 0.168503
1916 0.18185
1917 0.183584
1918 0.155977
1919 0.176816
1920 0.189456
1921 0.200793
1922 0.17035
1923 0.166439
1924 0.160362
1925 0.164066
1926 0.195259
1927 0.187809
1928 0.182903
1929 0.181198
1930 0.187768
1931 0.194717
1932 0.175161
1933 0.150013
1934 0.164276
1935 0.175008
1936 0.167775
1937 0.183595
1938 0.21711
1939 0.183558
1940 0.198882
1941 0.188916
1942 0.186727
1943 0.163691
1944 0.20764
1945 0.149974
1946 0.16674
1947 0.180475
1948 0.191652
1949 0.142369
1950 0.155889
1951 0.160617
1952 0.164557
1953 0.168071
1954 0.166578
1955 0.167411
1956 0.19515
1957 0.146183
1958 0.158639
1959 0.195421
1960 0.170896
1961 0.163713
1962 0.178814
1963 0.193899
1964 0.181522
1965 0.162742
1966 0.161877
1967 0.177514
1968 0.207888
1969 0.19213
1970 0.168799
1971 0.169255
1972 0.185495
1973 0.178359
1974 0.168739
1975 0.158608
1976 0.180484
1977 0.177013
1978 0.193957
1979 0.179924
1980 0.2114
1981 0.20118
1982 0.209477
1983 0.138314
1984 0.169444
1985 0.200727
1986 0.195986
1987 0.186804
1988 0.171873
1989 0.158996
1990 0.186449
1991 0.150907
1992 0.164706
1993 0.200324
1994 0.157997
1995 0.17306
1996 0.179279
1997 0.173685
1998 0.155928
1999 0.157128
2000 0.156979
2001 0.172456
2002 0.126618
2003 0.155729
2004 0.172466
2005 0.168782
2006 0.183759
2007 0.131649
2008 0.178451
2009 0.200266
2010 0.15291
2011 0.171994
2012 0.178114
2013 0.167793
2014 0.176449
2015 0.158083
2016 0.154739
2017 0.191162
2018 0.185923
2019 0.163862
2020 0.189536
2021 0.17308
2022 0.166424
2023 0.189447
2024 0.177769
2025 0.184759
2026 0.179557
2027 0.175166
2028 0.153156
2029 0.199895
2030 0.155247
2031 0.189984
2032 0.175939
2033 0.165022
2034 0.144645
2035 0.191357
2036 0.195586
2037 0.162685
2038 0.171369
2039 0.166521
2040 0.187265
2041 0.180626
2042 0.177503
2043 0.158747
2044 0.191002
2045 0.183503
2046 0.241181
2047 0.209202
2048 0.218608
2049 0.141168
2050 0.168355
2051 0.178308
2052 0.167275
2053 0.170486
2054 0.142438
2055 0.173064
2056 0.135391
2057 0.178147
2058 0.193397
2059 0.17856
2060 0.173864
2061 0.198333
2062 0.172727
2063 0.166419
2064 0.229268
2065 0.240839
2066 0.217003
2067 0.182068
2068 0.16328
2069 0.199809
2070 0.178938
2071 0.1795
2072 0.142788
2073 0.164981
2074 0.200206
2075 0.19331
2076 0.177306
2077 0.176093
2078 0.175052
2079 0.193143
2080 0.175621
2081 0.181445
2082 0.159012
2083 0.184424
2084 0.204013
2085 0.192255
2086 0.16899
2087 0.176238
2088 0.197015
2089 0.161181
2090 0.164018
2091 0.167942
2092 0.169621
2093 0.15579
2094 0.151729
2095 0.160781
2096 0.116835
2097 0.183648
2098 0.167484
2099 0
