0 -15.0773
1 13.0099
2 -19.305
3 -28.6761
4 -34.0679
5 -35.9803
6 -37.1968
7 -36.5589
8 -37.5363
9 -35.9221
10 -30.3571
11 -33.3151
12 -9.28171
13 -12.6985
14 -3.79087
15 -1.83956
16 -0.856762
17 -0.66815
18 -0.346689
19 0.028948
20 0.062604
21 0.10138
22 0.138615
23 0.169834
24 0.167962
25 0.167275
26 0.167209
27 0.173613
28 0.156412
29 0.186727
30 0.182519
31 0.177193
32 0.169651
33 0.178107
34 0.19363
35 0.176054
36 0.186161
37 0.169722
38 0.195094
39 0.169151
40 0.172598
41 0.171695
42 0.175343
43 0.151355
44 0.163065
45 0.16995
46 0.153888
47 0.168795
48 0.193245
49 0.197055
50 0.17055
51 0.176178
52 0.177649
53 0.189449
54 0.174209
55 0.161132
56 0.164386
57 0.186487
58 0.171161
59 0.184012
60 0.182511
61 0.198687
62 0.191819
63 0.181349
64 0.170564
65 0.172484
66 0.188568
67 0.171847
68 0.158216
69 0.162383
70 0.159582
71 0.175368
72 0.1763
73 0.188269
74 0.166065
75 0.18163
76 0.173017
77 0.164503
78 0.178544
79 0.178738
80 0.189487
81 0.177706
82 0.193231
83 0.160228
84 0.196978
85 0.197889
86 0.188491
87 0.174309
88 0.154816
89 0.173043
90 0.183036
91 0.196411
92 0.166886
93 0.172125
94 0.186728
95 0.203154
96 0.180015
97 0.1816
98 0.180097
99 0.196587
100 0.190306
101 0.203095
102 0.203161
103 0.188895
104 0.187696
105 0.202627
106 0.205127
107 0.184386
108 0.169891
109 0.165017
110 0.167936
111 0.179948
112 0.159595
113 0.15809
114 0.151904
115 0.165451
116 0.170884
117 0.159805
118 0.160031
119 0.147792
120 0.158861
121 0.166884
122 0.155277
123 0.169592
124 0.174159
125 0.193091
126 0.165974
127 0.183994
128 0.189496
129 0.194833
130 0.194986
131 0.179119
132 0.166989
133 0.190647
134 0.185365
135 0.180419
136 0.169969
137 0.185102
138 0.166081
139 0.16931
140 0.17138
141 0.168675
142 0.144643
143 0.168653
144 0.15337
145 0.151492
146 0.138428
147 0.184183
148 0.160075
149 0.166874
150 0.160917
151 0.169863
152 0.16469
153 0.149608
154 0.184639
155 0.17469
156 0.165136
157 0.164398
158 0.184281
159 0.183852
160 0.18382
161 0.176562
162 0.184884
163 0.167466
164 0.193161
165 0.161189
166 0.159806
167 0.15556
168 0.172859
169 0.17028
170 0.167017
171 0.174592
172 0.191153
173 0.192472
174 0.191507
175 0.180564
176 0.188025
177 0.163218
178 0.174583
179 0.179191
180 0.169011
181 0.166775
182 0.179594
183 0.184996
184 0.177058
185 0.169725
186 0.161041
187 0.183042
188 0.196437
189 0.162414
190 0.153051
191 0.173651
192 0.176802
193 0.174439
194 0.15469
195 0.158979
196 0.147283
197 0.184862
198 0.171699
199 0.16907
200 0.164284
201 0.185198
202 0.181333
203 0.175322
204 0.177963
205 0.184714
206 0.180926
207 0.167677
208 0.161052
209 0.18886
210 0.182012
211 0.18237
212 0.154447
213 0.192776
214 0.169203
215 0.180965
216 0.162061
217 0.166251
218 0.152385
219 0.170025
220 0.172932
221 0.158971
222 0.141631
223 0.160817
224 0.172517
225 0.183623
226 0.163597
227 0.161483
228 0.182665
229 0.19503
230 0.188058
231 0.191305
232 0.199382
233 0.189716
234 0.199627
235 0.175343
236 0.201393
237 0.199979
238 0.209903
239 0.18845
240 0.1996
241 0.185728
242 0.182869
243 0.177949
244 0.172127
245 0.171554
246 0.166898
247 0.173342
248 0.160474
249 0.164241
250 0.16328
251 0.17372
252 0.173111
253 0.160467
254 0.164014
255 0.172023
256 0.163254
257 0.145839
258 0.163734
259 0.185486
260 0.167051
261 0.162684
262 0.149177
263 0.170353
264 0.169993
265 0.147816
266 0.156291
267 0.168784
268 0.153573
269 0.149825
270 0.150865
271 0.154117
272 0.172597
273 0.16169
274 0.15904
275 0.160561
276 0.179753
277 0.174138
278 0.178982
279 0.177827
280 0.167152
281 0.169008
282 0.172571
283 0.174624
284 0.164962
285 0.160655
286 0.182694
287 0.18805
288 0.181386
289 0.16849
290 0.177136
291 0.185977
292 0.18665
293 0.166603
294 0.187694
295 0.180076
296 0.167136
297 0.173444
298 0.193553
299 0.173449
300 0.153945
301 0.177792
302 0.162435
303 0.155788
304 0.156355
305 0.173034
306 0.166966
307 0.177116
308 0.162437
309 0.167738
310 0.177882
311 0.194974
312 0.184389
313 0.188553
314 0.196224
315 0.187437
316 0.196749
317 0.179013
318 0.197221
319 0.176861
320 0.176035
321 0.165073
322 0.195526
323 0.174454
324 0.169542
325 0.154627
326 0.164161
327 0.175087
328 0.171153
329 0.14964
330 0.147062
331 0.19049
332 0.168293
333 0.16263
334 0.177341
335 0.176746
336 0.15637
337 0.181498
338 0.192409
339 0.163911
340 0.177856
341 0.184608
342 0.169129
343 0.177461
344 0.194794
345 0.19616
346 0.180077
347 0.20761
348 0.184761
349 0.178062
350 0.203505
351 0.204514
352 0.186027
353 0.162178
354 0.193185
355 0.194827
356 0.197593
357 0.187444
358 0.17941
359 0.186561
360 0.188197
361 0.165157
362 0.154349
363 0.185305
364 0.169066
365 0.151913
366 0.162145
367 0.166863
368 0.173729
369 0.163597
370 0.172893
371 0.171782
372 0.183832
373 0.167578
374 0.160575
375 0.191317
376 0.19544
377 0.187679
378 0.153176
379 0.166074
380 0.206432
381 0.192237
382 0.172305
383 0.164516
384 0.178228
385 0.188141
386 0.20468
387 0.192407
388 0.179693
389 0.182597
390 0.178454
391 0.187098
392 0.174753
393 0.179762
394 0.172861
395 0.162504
396 0.169702
397 0.170201
398 0.191908
399 0.172449
400 0.166752
401 0.151169
402 0.19058
403 0.173903
404 0.164208
405 0.157906
406 0.18088
407 0.166944
408 0.176967
409 0.158364
410 0.166158
411 0.17949
412 0.180259
413 0.174802
414 0.154826
415 0.191341
416 0.193983
417 0.167545
418 0.147873
419 0.170905
420 0.177199
421 0.162725
422 0.153413
423 0.177884
424 0.172636
425 0.174504
426 0.166834
427 0.199317
428 0.188711
429 0.189544
430 0.189169
431 0.170814
432 0.183714
433 0.167179
434 0.178476
435 0.175367
436 0.172671
437 0.173584
438 0.169177
439 0.187844
440 0.166792
441 0.168967
442 0.161993
443 0.184349
444 0.172242
445 0.165082
446 0.156137
447 0.194511
448 0.199467
449 0.184374
450 0.168119
451 0.194682
452 0.182871
453 0.189612
454 0.193782
455 0.203817
456 0.185
457 0.184842
458 0.203272
459 0.19055
460 0.190848
461 0.180339
462 0.187728
463 0.175642
464 0.197981
465 0.191436
466 0.174961
467 0.182724
468 0.20327
469 0.194051
470 0.182917
471 0.175367
472 0.183182
473 0.176136
474 0.184785
475 0.173159
476 0.188612
477 0.181063
478 0.189078
479 0.171105
480 0.169586
481 0.190085
482 0.194351
483 0.177069
484 0.171252
485 0.186285
486 0.187444
487 0.189886
488 0.180583
489 0.192317
490 0.165529
491 0.176288
492 0.162814
493 0.165794
494 0.170749
495 0.168237
496 0.170782
497 0.164868
498 0.190849
499 0.172222
500 0.173444
501 0.201227
502 0.198271
503 0.188802
504 0.183394
505 0.20208
506 0.198563
507 0.200381
508 0.208736
509 0.183236
510 0.16396
511 0.178027
512 0.196525
513 0.15892
514 0.161335
515 0.18087
516 0.185575
517 0.153753
518 0.155737
519 0.176524
520 0.157987
521 0.159601
522 0.165063
523 0.172979
524 0.150158
525 0.167162
526 0.192113
527 0.176825
528 0.175802
529 0.176953
530 0.186897
531 0.184302
532 0.183932
533 0.174402
534 0.195786
535 0.19959
536 0.167747
537 0.166092
538 0.17708
539 0.184359
540 0.168131
541 0.16258
542 0.154374
543 0.18215
544 0.173913
545 0.168783
546 0.168259
547 0.196758
548 0.162793
549 0.180688
550 0.173415
551 0.166932
552 0.157216
553 0.194159
554 0.163538
555 0.153276
556 0.164001
557 0.176693
558 0.160358
559 0.167148
560 0.179385
561 0.182702
562 0.18352
563 0.164083
564 0.171138
565 0.188568
566 0.181842
567 0.163402
568 0.172583
569 0.17183
570 0.183769
571 0.191248
572 0.201474
573 0.163625
574 0.161607
575 0.190242
576 0.181396
577 0.164636
578 0.169424
579 0.181544
580 0.170337
581 0.19444
582 0.194682
583 0.208338
584 0.204419
585 0.216681
586 0.181339
587 0.183711
588 0.17983
589 0.195889
590 0.164132
591 0.156061
592 0.162477
593 0.178595
594 0.168205
595 0.159532
596 0.165383
597 0.165963
598 0.172206
599 0.174647
600 0.177777
601 0.165176
602 0.179994
603 0.182182
604 0.202541
605 0.17771
606 0.198568
607 0.186856
608 0.213044
609 0.183111
610 0.182342
611 0.170892
612 0.175949
613 0.173065
614 0.156653
615 0.171225
616 0.156148
617 0.150896
618 0.159065
619 0.18033
620 0.167519
621 0.155629
622 0.158571
623 0.156152
624 0.163987
625 0.156183
626 0.159781
627 0.151406
628 0.168288
629 0.188531
630 0.182041
631 0.173258
632 0.190174
633 0.194093
634 0.193189
635 0.194908
636 0.172834
637 0.184842
638 0.196592
639 0.193013
640 0.166027
641 0.17784
642 0.195974
643 0.19631
644 0.170376
645 0.162064
646 0.190707
647 0.183604
648 0.171566
649 0.170545
650 0.170866
651 0.189389
652 0.185104
653 0.195876
654 0.185356
655 0.189993
656 0.201776
657 0.173246
658 0.202555
659 0.173304
660 0.185245
661 0.181955
662 0.173465
663 0.176322
664 0.191885
665 0.192281
666 0.184194
667 0.175809
668 0.201083
669 0.193296
670 0.176009
671 0.16963
672 0.166494
673 0.166462
674 0.160358
675 0.167287
676 0.156966
677 0.170311
678 0.161003
679 0.158917
680 0.178383
681 0.176114
682 0.163605
683 0.150489
684 0.184477
685 0.178761
686 0.185607
687 0.166527
688 0.192643
689 0.180988
690 0.191649
691 0.170079
692 0.189456
693 0.174101
694 0.173277
695 0.151247
696 0.186309
697 0.172469
698 0.158743
699 0.153218
700 0.19356
701 0.164999
702 0.160573
703 0.164512
704 0.189523
705 0.18603
706 0.183016
707 0.17713
708 0.182281
709 0.173105
710 0.17714
711 0.184368
712 0.178885
713 0.170755
714 0.158391
715 0.18283
716 0.171964
717 0.192101
718 0.176323
719 0.177684
720 0.166242
721 0.178831
722 0.187906
723 0.180222
724 0.167078
725 0.185525
726 0.18448
727 0.189682
728 0.177044
729 0.182571
730 0.163017
731 0.16392
732 0.190019
733 0.180202
734 0.173744
735 0.164271
736 0.192922
737 0.207671
738 0.177356
739 0.186938
740 0.176598
741 0.190204
742 0.179969
743 0.18982
744 0.162611
745 0.165136
746 0.176035
747 0.168773
748 0.162291
749 0.171791
750 0.162685
751 0.171654
752 0.177535
753 0.182356
754 0.180661
755 0.178338
756 0.179115
757 0.166511
758 0.19212
759 0.170519
760 0.17741
761 0.169195
762 0.186888
763 0.184588
764 0.171172
765 0.181687
766 0.189562
767 0.184365
768 0.167899
769 0.174617
770 0.183132
771 0.18032
772 0.188648
773 0.188631
774 0.188484
775 0.185657
776 0.185306
777 0.199956
778 0.193797
779 0.187687
780 0.19116
781 0.178056
782 0.164684
783 0.164065
784 0.181093
785 0.156297
786 0.139645
787 0.156985
788 0.16261
789 0.152666
790 0.161708
791 0.165536
792 0.17951
793 0.168981
794 0.163784
795 0.169049
796 0.185006
797 0.161657
798 0.166451
799 0.162594
800 0.180553
801 0.171915
802 0.187116
803 0.172028
804 0.17074
805 0.199793
806 0.204034
807 0.170927
808 0.164734
809 0.175597
810 0.201493
811 0.186607
812 0.194392
813 0.16159
814 0.173227
815 0.190933
816 0.179184
817 0.158414
818 0.152385
819 0.164053
820 0.172598
821 0.171129
822 0.166731
823 0.162734
824 0.163058
825 0.163602
826 0.177236
827 0.165108
828 0.164242
829 0.149069
830 0.190181
831 0.179137
832 0.176306
833 0.152187
834 0.186862
835 0.180645
836 0.157591
837 0.158211
838 0.174134
839 0.200774
840 0.171066
841 0.160775
842 0.160068
843 0.197688
844 0.210959
845 0.164136
846 0.149286
847 0.179735
848 0.181999
849 0.174361
850 0.170423
851 0.167243
852 0.1597
853 0.177942
854 0.195939
855 0.16775
856 0.177112
857 0.188169
858 0.197155
859 0.179847
860 0.195123
861 0.17093
862 0.187425
863 0.186312
864 0.181677
865 0.170682
866 0.184733
867 0.177901
868 0.157577
869 0.191232
870 0.192114
871 0.168307
872 0.178112
873 0.201471
874 0.20811
875 0.192995
876 0.198562
877 0.199334
878 0.200575
879 0.19374
880 0.171626
881 0.171261
882 0.183826
883 0.180865
884 0.151908
885 0.145352
886 0.172694
887 0.194455
888 0.175444
889 0.162241
890 0.150927
891 0.176098
892 0.188913
893 0.173041
894 0.147508
895 0.159664
896 0.161108
897 0.16527
898 0.152357
899 0.16846
900 0.151524
901 0.165057
902 0.148904
903 0.174659
904 0.148322
905 0.15789
906 0.144372
907 0.162821
908 0.169079
909 0.165242
910 0.150232
911 0.160709
912 0.168584
913 0.172914
914 0.159708
915 0.17675
916 0.169998
917 0.168721
918 0.160217
919 0.159595
920 0.195313
921 0.176622
922 0.161726
923 0.167297
924 0.186556
925 0.182076
926 0.176259
927 0.172698
928 0.178043
929 0.179844
930 0.185591
931 0.163387
932 0.188678
933 0.182436
934 0.196304
935 0.181271
936 0.19666
937 0.198413
938 0.196966
939 0.189879
940 0.177557
941 0.199066
942 0.194065
943 0.187645
944 0.161799
945 0.173514
946 0.168292
947 0.173653
948 0.151942
949 0.16632
950 0.158561
951 0.158297
952 0.146525
953 0.178706
954 0.183515
955 0.166034
956 0.162907
957 0.182025
958 0.194083
959 0.177733
960 0.183165
961 0.191415
962 0.175514
963 0.164082
964 0.162811
965 0.154553
966 0.148615
967 0.1497
968 0.159809
969 0.152851
970 0.150399
971 0.147963
972 0.164635
973 0.16862
974 0.165112
975 0.180662
976 0.176136
977 0.178142
978 0.172423
979 0.182512
980 0.18011
981 0.168105
982 0.162822
983 0.165838
984 0.165258
985 0.166286
986 0.17178
987 0.179623
988 0.183901
989 0.164751
990 0.195483
991 0.1793
992 0.188008
993 0.173439
994 0.196149
995 0.175828
996 0.177818
997 0.199557
998 0.207985
999 0.183209
1000 0.193002
1001 0.203844
1002 0.185904
1003 0.171054
1004 0.188651
1005 0.198228
1006 0.180965
1007 0.174512
1008 0.160182
1009 0.178223
1010 0.196774
1011 0.176001
1012 0.160298
1013 0.151173
1014 0.164558
1015 0.164579
1016 0.154779
1017 0.164526
1018 0.151441
1019 0.168343
1020 0.150447
1021 0.180645
1022 0.186492
1023 0.186295
1024 0.169129
1025 0.163305
1026 0.180495
1027 0.191236
1028 0.166409
1029 0.171866
1030 0.160052
1031 0.16933
1032 0.16785
1033 0.177179
1034 0.162145
1035 0.177646
1036 0.198739
1037 0.162698
1038 0.170384
1039 0.193332
1040 0.199667
1041 0.173156
1042 0.180157
1043 0.189887
1044 0.181443
1045 0.1839
1046 0.188355
1047 0.198336
1048 0.165064
1049 0.173369
1050 0.175987
1051 0.175032
1052 0.165458
1053 0.177512
1054 0.178682
1055 0.184144
1056 0.198876
1057 0.17682
1058 0.203291
1059 0.200506
1060 0.209707
1061 0.188879
1062 0.195087
1063 0.20097
1064 0.200316
1065 0.199765
1066 0.191742
1067 0.183073
1068 0.196153
1069 0.173147
1070 0.171245
1071 0.174981
1072 0.180043
1073 0.161556
1074 0.146621
1075 0.192097
1076 0.193427
1077 0.176991
1078 0.172877
1079 0.201291
1080 0.210523
1081 0.1849
1082 0.196944
1083 0.178375
1084 0.194377
1085 0.180346
1086 0.185563
1087 0.172245
1088 0.176629
1089 0.161782
1090 0.176378
1091 0.165096
1092 0.167515
1093 0.175325
1094 0.192868
1095 0.167577
1096 0.180643
1097 0.203138
1098 0.187503
1099 0.179847
1100 0.16664
1101 0.179626
1102 0.185965
1103 0.207701
1104 0.166596
1105 0.173445
1106 0.18668
1107 0.181347
1108 0.172303
1109 0.195426
1110 0.192442
1111 0.182331
1112 0.175074
1113 0.200172
1114 0.189542
1115 0.187541
1116 0.159685
1117 0.162246
1118 0.16168
1119 0.167483
1120 0.145984
1121 0.147782
1122 0.146557
1123 0.15615
1124 0.158571
1125 0.163552
1126 0.159173
1127 0.16654
1128 0.183877
1129 0.189546
1130 0.18617
1131 0.181238
1132 0.193988
1133 0.189696
1134 0.191762
1135 0.19973
1136 0.184529
1137 0.19228
1138 0.160864
1139 0.200557
1140 0.182636
1141 0.17057
1142 0.16534
1143 0.180432
1144 0.198393
1145 0.1717
1146 0.162934
1147 0.158387
1148 0.179281
1149 0.182285
1150 0.16693
1151 0.164043
1152 0.175201
1153 0.179076
1154 0.174561
1155 0.178339
1156 0.179625
1157 0.179983
1158 0.190028
1159 0.162716
1160 0.164667
1161 0.181769
1162 0.177012
1163 0.174559
1164 0.16663
1165 0.180802
1166 0.157774
1167 0.172444
1168 0.163949
1169 0.176006
1170 0.168392
1171 0.156327
1172 0.17192
1173 0.170506
1174 0.17699
1175 0.16763
1176 0.17587
1177 0.165446
1178 0.149935
1179 0.155077
1180 0.168558
1181 0.166975
1182 0.171104
1183 0.154505
1184 0.159607
1185 0.172512
1186 0.169322
1187 0.15774
1188 0.156484
1189 0.16486
1190 0.158061
1191 0.154164
1192 0.191089
1193 0.199495
1194 0.180147
1195 0.167241
1196 0.199965
1197 0.175727
1198 0.174028
1199 0.155188
1200 0.189183
1201 0.18174
1202 0.167313
1203 0.182734
1204 0.198532
1205 0.200492
1206 0.184625
1207 0.178457
1208 0.194467
1209 0.192976
1210 0.177993
1211 0.160897
1212 0.197589
1213 0.184205
1214 0.167841
1215 0.153652
1216 0.165113
1217 0.162363
1218 0.183208
1219 0.157022
1220 0.141454
1221 0.157522
1222 0.176561
1223 0.169148
1224 0.161364
1225 0.159445
1226 0.188524
1227 0.198816
1228 0.199092
1229 0.184392
1230 0.202109
1231 0.205174
1232 0.221132
1233 0.18361
1234 0.209867
1235 0.193352
1236 0.213267
1237 0.167781
1238 0.198352
1239 0.185532
1240 0.185751
1241 0.172057
1242 0.19185
1243 0.207808
1244 0.19961
1245 0.1823
1246 0.182486
1247 0.199513
1248 0.187851
1249 0.175331
1250 0.158748
1251 0.164949
1252 0.179346
1253 0.190065
1254 0.161365
1255 0.154441
1256 0.184459
1257 0.198862
1258 0.17631
1259 0.170122
1260 0.189479
1261 0.193988
1262 0.179955
1263 0.181436
1264 0.196723
1265 0.18804
1266 0.175983
1267 0.166362
1268 0.168868
1269 0.173863
1270 0.205664
1271 0.168087
1272 0.161646
1273 0.194416
1274 0.204974
1275 0.179496
1276 0.161395
1277 0.165318
1278 0.186728
1279 0.161454
1280 0.160032
1281 0.14544
1282 0.170395
1283 0.179828
1284 0.172228
1285 0.174973
1286 0.164005
1287 0.181111
1288 0.170489
1289 0.192851
1290 0.173885
1291 0.161599
1292 0.167331
1293 0.186
1294 0.174612
1295 0.15461
1296 0.16795
1297 0.160407
1298 0.154623
1299 0.163728
1300 0.148336
1301 0.15173
1302 0.162012
1303 0.154435
1304 0.15899
1305 0.165479
1306 0.186278
1307 0.151247
1308 0.162629
1309 0.163027
1310 0.187623
1311 0.16053
1312 0.167122
1313 0.16147
1314 0.190232
1315 0.179565
1316 0.176548
1317 0.171626
1318 0.19248
1319 0.215372
1320 0.171402
1321 0.174626
1322 0.200743
1323 0.181469
1324 0.156679
1325 0.176968
1326 0.18028
1327 0.161012
1328 0.17202
1329 0.167821
1330 0.172942
1331 0.180903
1332 0.189371
1333 0.183397
1334 0.179264
1335 0.187561
1336 0.167842
1337 0.181081
1338 0.179797
1339 0.174467
1340 0.169166
1341 0.161599
1342 0.158595
1343 0.16597
1344 0.164962
1345 0.143084
1346 0.158461
1347 0.172084
1348 0.162505
1349 0.154679
1350 0.182772
1351 0.198069
1352 0.19475
1353 0.183357
1354 0.196324
1355 0.197128
1356 0.168705
1357 0.168012
1358 0.179652
1359 0.191771
1360 0.174516
1361 0.171848
1362 0.156568
1363 0.174797
1364 0.175746
1365 0.187448
1366 0.166839
1367 0.175672
1368 0.171133
1369 0.188216
1370 0.178429
1371 0.1922
1372 0.184688
1373 0.194981
1374 0.187292
1375 0.185233
1376 0.166899
1377 0.188569
1378 0.173946
1379 0.167204
1380 0.164053
1381 0.182587
1382 0.174119
1383 0.186546
1384 0.193155
1385 0.188735
1386 0.189287
1387 0.199918
1388 0.168828
1389 0.181962
1390 0.162363
1391 0.185242
1392 0.158583
1393 0.179767
1394 0.149735
1395 0.163359
1396 0.161593
1397 0.187315
1398 0.164664
1399 0.173728
1400 0.166965
1401 0.173603
1402 0.152847
1403 0.192446
1404 0.176922
1405 0.164064
1406 0.170229
1407 0.181959
1408 0.199584
1409 0.17037
1410 0.17264
1411 0.176568
1412 0.179715
1413 0.153018
1414 0.142738
1415 0.159744
1416 0.159396
1417 0.156549
1418 0.172963
1419 0.185319
1420 0.18317
1421 0.18915
1422 0.202422
1423 0.193771
1424 0.20141
1425 0.189227
1426 0.189086
1427 0.159862
1428 0.189797
1429 0.177131
1430 0.171974
1431 0.144483
1432 0.172852
1433 0.174711
1434 0.182584
1435 0.165839
1436 0.174485
1437 0.179946
1438 0.193717
1439 0.17421
1440 0.167408
1441 0.165036
1442 0.184455
1443 0.187212
1444 0.171134
1445 0.157819
1446 0.156778
1447 0.167694
1448 0.190189
1449 0.163294
1450 0.15989
1451 0.160297
1452 0.163318
1453 0.160862
1454 0.176452
1455 0.178829
1456 0.151258
1457 0.185573
1458 0.1794
1459 0.199501
1460 0.165826
1461 0.183789
1462 0.187582
1463 0.181309
1464 0.159465
1465 0.158227
1466 0.188823
1467 0.159189
1468 0.152389
1469 0.142139
1470 0.177547
1471 0.171133
1472 0.173794
1473 0.169677
1474 0.187741
1475 0.171272
1476 0.166296
1477 0.1843
1478 0.195507
1479 0.168911
1480 0.14458
1481 0.1702
1482 0.187834
1483 0.179373
1484 0.15691
1485 0.171157
1486 0.1888
1487 0.204252
1488 0.190756
1489 0.209093
1490 0.196728
1491 0.180458
1492 0.208052
1493 0.198549
1494 0.171781
1495 0.166027
1496 0.190763
1497 0.198701
1498 0.181457
1499 0.160996
1500 0.158627
1501 0.196325
1502 0.182168
1503 0.173682
1504 0.156294
1505 0.178736
1506 0.171593
1507 0.190763
1508 0.189539
1509 0.175199
1510 0.186279
1511 0.175669
1512 0.18666
1513 0.153867
1514 0.174435
1515 0.168012
1516 0.167978
1517 0.170234
1518 0.169434
1519 0.185516
1520 0.173807
1521 0.198958
1522 0.188684
1523 0.186947
1524 0.168401
1525 0.1874
1526 0.168638
1527 0.173679
1528 0.165441
1529 0.155099
1530 0.159854
1531 0.179317
1532 0.164624
1533 0.154461
1534 0.156757
1535 0.180931
1536 0.176102
1537 0.16615
1538 0.150507
1539 0.162505
1540 0.18216
1541 0.158913
1542 0.17406
1543 0.15326
1544 0.150422
1545 0.145771
1546 0.173904
1547 0.157127
1548 0.145547
1549 0.148929
1550 0.166888
1551 0.158462
1552 0.143265
1553 0.158343
1554 0.177458
1555 0.172458
1556 0.163407
1557 0.180485
1558 0.170871
1559 0.178518
1560 0.168789
1561 0.186329
1562 0.171669
1563 0.182451
1564 0.17581
1565 0.177174
1566 0.185433
1567 0.165729
1568 0.174394
1569 0.176441
1570 0.181253
1571 0.167636
1572 0.169823
1573 0.179573
1574 0.177267
1575 0.172063
1576 0.188636
1577 0.167224
1578 0.174224
1579 0.175145
1580 0.18453
1581 0.177186
1582 0.177068
1583 0.166667
1584 0.172324
1585 0.179639
1586 0.19288
1587 0.188289
1588 0.167871
1589 0.178717
1590 0.18742
1591 0.184751
1592 0.181331
1593 0.185049
1594 0.189754
1595 0.160993
1596 0.160131
1597 0.150635
1598 0.17404
1599 0.145591
1600 0.159502
1601 0.148232
1602 0.165538
1603 0.142595
1604 0.17592
1605 0.158152
1606 0.162023
1607 0.173859
1608 0.196677
1609 0.183998
1610 0.185253
1611 0.209842
1612 0.187573
1613 0.165082
1614 0.195583
1615 0.188498
1616 0.161411
1617 0.15769
1618 0.19427
1619 0.152277
1620 0.171464
1621 0.17113
1622 0.194123
1623 0.172089
1624 0.187338
1625 0.166174
1626 0.199205
1627 0.192736
1628 0.167049
1629 0.155599
1630 0.16976
1631 0.199708
1632 0.18057
1633 0.159024
1634 0.166452
1635 0.182574
1636 0.192339
1637 0.149752
1638 0.157702
1639 0.159089
1640 0.169464
1641 0.168692
1642 0.162175
1643 0.142374
1644 0.167943
1645 0.19139
1646 0.164891
1647 0.171097
1648 0.174393
1649 0.183366
1650 0.167089
1651 0.198488
1652 0.157607
1653 0.178577
1654 0.176498
1655 0.19376
1656 0.178058
1657 0.169337
1658 0.163035
1659 0.179253
1660 0.174969
1661 0.169714
1662 0.184439
1663 0.170609
1664 0.169642
1665 0.176366
1666 0.176075
1667 0.175726
1668 0.184142
1669 0.181454
1670 0.159831
1671 0.191512
1672 0.192761
1673 0.18058
1674 0.157202
1675 0.185202
1676 0.183189
1677 0.172741
1678 0.161859
1679 0.166939
1680 0.16084
1681 0.176285
1682 0.168514
1683 0.162156
1684 0.141494
1685 0.166763
1686 0.168211
1687 0.154579
1688 0.159786
1689 0.156252
1690 0.18358
1691 0.15957
1692 0.155042
1693 0.146298
1694 0.166152
1695 0.16275
1696 0.165073
1697 0.171315
1698 0.174796
1699 0.184145
1700 0.174566
1701 0.184619
1702 0.188396
1703 0.198208
1704 0.170791
1705 0.179401
1706 0.180798
1707 0.161814
1708 0.164499
1709 0.179129
1710 0.164147
1711 0.168549
1712 0.175269
1713 0.189691
1714 0.175913
1715 0.165165
1716 0.19397
1717 0.202965
1718 0.180148
1719 0.159828
1720 0.188563
1721 0.200052
1722 0.174803
1723 0.162014
1724 0.189363
1725 0.204256
1726 0.181176
1727 0.153085
1728 0.161803
1729 0.198256
1730 0.183965
1731 0.165945
1732 0.159584
1733 0.184337
1734 0.166947
1735 0.156457
1736 0.162178
1737 0.163295
1738 0.156738
1739 0.164044
1740 0.162463
1741 0.167565
1742 0.169316
1743 0.182631
1744 0.170926
1745 0.190288
1746 0.199607
1747 0.176274
1748 0.159107
1749 0.188786
1750 0.203575
1751 0.180205
1752 0.167982
1753 0.18462
1754 0.191595
1755 0.169178
1756 0.1746
1757 0.192468
1758 0.190934
1759 0.161162
1760 0.180272
1761 0.176909
1762 0.174912
1763 0.177212
1764 0.196932
1765 0.165232
1766 0.164281
1767 0.183109
1768 0.177829
1769 0.161928
1770 0.163758
1771 0.184795
1772 0.175171
1773 0.165821
1774 0.167042
1775 0.163751
1776 0.160058
1777 0.195727
1778 0.192454
1779 0.185528
1780 0.163034
1781 0.179337
1782 0.180572
1783 0.169807
1784 0.167209
1785 0.160085
1786 0.157867
1787 0.167943
1788 0.156447
1789 0.146587
1790 0.145321
1791 0.189339
1792 0.165077
1793 0.144466
1794 0.135533
1795 0.182893
1796 0.180355
1797 0.177012
1798 0.173859
1799 0.168843
1800 0.16449
1801 0.17384
1802 0.185093
1803 0.176517
1804 0.149661
1805 0.152812
1806 0.174962
1807 0.17116
1808 0.156859
1809 0.170455
1810 0.189395
1811 0.15454
1812 0.14634
1813 0.160679
1814 0.159827
1815 0.149416
1816 0.164561
1817 0.148076
1818 0.162533
1819 0.153644
1820 0.169436
1821 0.152478
1822 0.176526
1823 0.162181
1824 0.145733
1825 0.143282
1826 0.169772
1827 0.17429
1828 0.157905
1829 0.17418
1830 0.192864
1831 0.18569
1832 0.181514
1833 0.185868
1834 0.194236
1835 0.170359
1836 0.166149
1837 0.16731
1838 0.198331
1839 0.17179
1840 0.181929
1841 0.174891
1842 0.189757
1843 0.202423
1844 0.188758
1845 0.184758
1846 0.185218
1847 0.204826
1848 0.166663
1849 0.18095
1850 0.192785
1851 0.205248
1852 0.172742
1853 0.174143
1854 0.160824
1855 0.17493
1856 0.176753
1857 0.164298
1858 0.167099
1859 0.155466
1860 0.166097
1861 0.164815
1862 0.173755
1863 0.165977
1864 0.175266
1865 0.164236
1866 0.194797
1867 0.191846
1868 0.172449
1869 0.174523
1870 0.182286
1871 0.189384
1872 0.165089
1873 0.197344
1874 0.169923
1875 0.175227
1876 0.183135
1877 0.195794
1878 0.198265
1879 0.190965
1880 0.189402
1881 0.188188
1882 0.200697
1883 0.199098
1884 0.178435
1885 0.185609
1886 0.191745
1887 0.190973
1888 0.187084
1889 0.171281
1890 0.20153
1891 0.180842
1892 0.184114
1893 0.168374
1894 0.179207
1895 0.152906
1896 0.162791
1897 0.156769
1898 0.149367
1899 0.153578
1900 0.165404
1901 0.163907
1902 0.161584
1903 0.166028
1904 0.167125
1905 0.182933
1906 0.187493
1907 0.170422
1908 0.199349
1909 0.198018
1910 0.194955
1911 0.189871
1912 0.185957
1913 0.183812
1914 0.186467
1915 0.191677
1916 0.169589
1917 0.167512
1918 0.170995
1919 0.183384
1920 0.159607
1921 0.155805
1922 0.174974
1923 0.172357
1924 0.162321
1925 0.164637
1926 0.163207
1927 0.162829
1928 0.16475
1929 0.156696
1930 0.159099
1931 0.163576
1932 0.176997
1933 0.155711
1934 0.160972
1935 0.166227
1936 0.177325
1937 0.167325
1938 0.148342
1939 0.166083
1940 0.16092
1941 0.16308
1942 0.164982
1943 0.163466
1944 0.153476
1945 0.159905
1946 0.180085
1947 0.180029
1948 0.162509
1949 0.159692
1950 0.176049
1951 0.17369
1952 0.152943
1953 0.167684
1954 0.167754
1955 0.170979
1956 0.18242
1957 0.185742
1958 0.164231
1959 0.150088
1960 0.188141
1961 0.196168
1962 0.165892
1963 0.167593
1964 0.179822
1965 0.18994
1966 0.180531
1967 0.189316
1968 0.177589
1969 0.171952
1970 0.171261
1971 0.164751
1972 0.154687
1973 0.185562
1974 0.179417
1975 0.179169
1976 0.160059
1977 0.189678
1978 0.208423
1979 0.191645
1980 0.179104
1981 0.196492
1982 0.212669
1983 0.189834
1984 0.179133
1985 0.194505
1986 0.194009
1987 0.189924
1988 0.146126
1989 0.191697
1990 0.201425
1991 0.188169
1992 0.160589
1993 0.178315
1994 0.166531
1995 0.176832
1996 0.178931
1997 0.187253
1998 0.177628
1999 0.174156
2000 0.184431
2001 0.173879
2002 0.190179
2003 0.183291
2004 0.168062
2005 0.173163
2006 0.175341
2007 0.169838
2008 0.161941
2009 0.194658
2010 0.193828
2011 0.1843
2012 0.160227
2013 0.206781
2014 0.197983
2015 0.174687
2016 0.171404
2017 0.187024
2018 0.19339
2019 0.17581
2020 0.185337
2021 0.163973
2022 0.169086
2023 0.175088
2024 0.179761
2025 0.166683
2026 0.152181
2027 0.169363
2028 0.189746
2029 0.185238
2030 0.158219
2031 0.16539
2032 0.18128
2033 0.186528
2034 0.177154
2035 0.158884
2036 0.183318
2037 0.164503
2038 0.195663
2039 0.173639
2040 0.170466
2041 0.170843
2042 0.198215
2043 0.200944
2044 0.183615
2045 0.168359
2046 0.178316
2047 0.169421
2048 0.176422
2049 0.15897
2050 0.173533
2051 0.156411
2052 0.167615
2053 0.16089
2054 0.188772
2055 0.184371
2056 0.207458
2057 0.180374
2058 0.181683
2059 0.19889
2060 0.203798
2061 0.180626
2062 0.188326
2063 0.19097
2064 0.189047
2065 0.162019
2066 0.173021
2067 0.161328
2068 0.173236
2069 0.168916
2070 0.166882
2071 0.164799
2072 0.168367
2073 0.163738
2074 0.155432
2075 0.157868
2076 0.171036
2077 0.181163
2078 0.175211
2079 0.150113
2080 0.185084
2081 0.195903
2082 0.183867
2083 0.166399
2084 0.161797
2085 0.17248
2086 0.16533
2087 0.168803
2088 0.17217
2089 0.169662
2090 0.156985
2091 0.169585
2092 0.173541
2093 0.167354
2094 0.171559
2095 0.179152
2096 0.179099
2097 0.161118
2098 0.164705
2099 0
