0 -6117.21
1 1395.57
2 -167.051
3 26.8217
4 0.0168256
5 -0.717006
6 -0.0148447
7 0.0960386
8 0.140517
9 0.179537
10 0.19048
11 0.184036
12 0.18972
13 0.180189
14 0.182662
15 0.180466
16 0.149097
17 0.164996
18 0.143965
19 0.19548
20 0.197231
21 0.192673
22 0.169591
23 0.165734
24 0.163382
25 0.167464
26 0.190785
27 0.18861
28 0.22447
29 0.230348
30 0.180375
31 0.161853
32 0.131781
33 0.181538
34 0.150643
35 0.183063
36 0.160002
37 0.19706
38 0.170105
39 0.167001
40 0.195259
41 0.177958
42 0.156962
43 0.176131
44 0.124531
45 0.149896
46 0.145505
47 0.165628
48 0.165146
49 0.198353
50 0.177993
51 0.171466
52 0.165353
53 0.181594
54 0.143467
55 0.173562
56 0.156921
57 0.207487
58 0.160645
59 0.192929
60 0.191762
61 0.171924
62 0.214949
63 0.139963
64 0.179948
65 0.154606
66 0.174276
67 0.138202
68 0.163685
69 0.168548
70 0.170417
71 0.189642
72 0.180223
73 0.172769
74 0.179604
75 0.164276
76 0.16095
77 0.15124
78 0.184601
79 0.19519
80 0.180189
81 0.195716
82 0.175063
83 0.201945
84 0.223381
85 0.178926
86 0.209629
87 0.190703
88 0.210144
89 0.150214
90 0.190767
91 0.178424
92 0.168056
93 0.157843
94 0.219035
95 0.185036
96 0.182445
97 0.150554
98 0.194367
99 0.186658
100 0.180673
101 0.209307
102 0.247672
103 0.203155
104 0.210358
105 0.185056
106 0.19328
107 0.199612
108 0.15838
109 0.152705
110 0.168705
111 0.196806
112 0.162567
113 0.107875
114 0.151224
115 0.153921
116 0.176407
117 0.155162
118 0.159998
119 0.146604
120 0.159324
121 0.178059
122 0.166134
123 0.172072
124 0.146571
125 0.217648
126 0.186628
127 0.189516
128 0.218445
129 0.189259
130 0.192263
131 0.17763
132 0.167147
133 0.19045
134 0.197863
135 0.18289
136 0.201133
137 0.199586
138 0.125777
139 0.186563
140 0.182059
141 0.190012
142 0.150149
143 0.167223
144 0.146408
145 0.129986
146 0.125091
147 0.191356
148 0.167039
149 0.14739
150 0.109019
151 0.137757
152 0.184083
153 0.11834
154 0.147589
155 0.168234
156 0.190997
157 0.17276
158 0.173678
159 0.190545
160 0.167214
161 0.179454
162 0.151028
163 0.163813
164 0.156478
165 0.186238
166 0.148008
167 0.158662
168 0.163673
169 0.156902
170 0.157688
171 0.176393
172 0.210238
173 0.187744
174 0.179151
175 0.21182
176 0.20567
177 0.159335
178 0.187486
179 0.165579
180 0.193522
181 0.170551
182 0.200289
183 0.19917
184 0.147519
185 0.169574
186 0.162357
187 0.213324
188 0.193156
189 0.1801
190 0.16146
191 0.147509
192 0.17828
193 0.180052
194 0.168249
195 0.168556
196 0.12754
197 0.169559
198 0.163417
199 0.18543
200 0.175145
201 0.173546
202 0.204459
203 0.194859
204 0.193539
205 0.189573
206 0.165071
207 0.187126
208 0.154121
209 0.191594
210 0.185866
211 0.169965
212 0.174642
213 0.153769
214 0.17119
215 0.156079
216 0.139038
217 0.170582
218 0.170159
219 0.151125
220 0.161318
221 0.187543
222 0.122675
223 0.163867
224 0.188884
225 0.19219
226 0.165469
227 0.16451
228 0.18664
229 0.192747
230 0.174592
231 0.201774
232 0.182542
233 0.180708
234 0.195701
235 0.182763
236 0.200564
237 0.195887
238 0.180849
239 0.175454
240 0.181381
241 0.19126
242 0.20823
243 0.199998
244 0.196286
245 0.188613
246 0.152608
247 0.176348
248 0.175083
249 0.174435
250 0.167131
251 0.186464
252 0.180095
253 0.151628
254 0.153658
255 0.202301
256 0.175267
257 0.155413
258 0.146191
259 0.184014
260 0.179114
261 0.157404
262 0.151788
263 0.140621
264 0.179754
265 0.148875
266 0.159709
267 0.159628
268 0.16646
269 0.121365
270 0.146645
271 0.11372
272 0.201889
273 0.141728
274 0.148292
275 0.148497
276 0.186585
277 0.184381
278 0.176691
279 0.198707
280 0.161909
281 0.163044
282 0.185779
283 0.193387
284 0.176733
285 0.144642
286 0.179037
287 0.162897
288 0.16206
289 0.17893
290 0.188634
291 0.201274
292 0.200697
293 0.194465
294 0.163488
295 0.197962
296 0.098939
297 0.187935
298 0.204372
299 0.187694
300 0.11444
301 0.15936
302 0.159187
303 0.157955
304 0.14911
305 0.159653
306 0.169207
307 0.158826
308 0.15452
309 0.141077
310 0.177825
311 0.195244
312 0.233013
313 0.161727
314 0.18808
315 0.183928
316 0.201855
317 0.190222
318 0.207097
319 0.174159
320 0.18484
321 0.164995
322 0.192584
323 0.172168
324 0.157939
325 0.143715
326 0.184929
327 0.159223
328 0.216769
329 0.172155
330 0.134277
331 0.179959
332 0.148898
333 0.163842
334 0.177854
335 0.161126
336 0.153618
337 0.204232
338 0.17942
339 0.155457
340 0.191356
341 0.17273
342 0.168499
343 0.212659
344 0.175427
345 0.194166
346 0.186131
347 0.222346
348 0.178158
349 0.16648
350 0.215944
351 0.188138
352 0.172946
353 0.14854
354 0.216305
355 0.194706
356 0.183686
357 0.170362
358 0.208472
359 0.184693
360 0.180344
361 0.179002
362 0.15457
363 0.180485
364 0.172495
365 0.132111
366 0.170594
367 0.126799
368 0.17298
369 0.145517
370 0.176062
371 0.161753
372 0.165335
373 0.167903
374 0.158805
375 0.204327
376 0.164594
377 0.188482
378 0.144134
379 0.164421
380 0.182559
381 0.184771
382 0.176836
383 0.17368
384 0.195206
385 0.208408
386 0.207428
387 0.15226
388 0.163411
389 0.179661
390 0.201022
391 0.207636
392 0.162216
393 0.184478
394 0.164343
395 0.18421
396 0.168684
397 0.120162
398 0.218934
399 0.146691
400 0.170686
401 0.113178
402 0.190716
403 0.170233
404 0.170801
405 0.14744
406 0.18228
407 0.146364
408 0.186897
409 0.177634
410 0.151298
411 0.195741
412 0.204746
413 0.209415
414 0.148181
415 0.219884
416 0.187971
417 0.170972
418 0.160549
419 0.180132
420 0.179632
421 0.164884
422 0.160141
423 0.162409
424 0.179386
425 0.17157
426 0.174523
427 0.189592
428 0.161709
429 0.203807
430 0.21291
431 0.196291
432 0.189559
433 0.171453
434 0.166034
435 0.174548
436 0.170809
437 0.138555
438 0.163132
439 0.196763
440 0.175581
441 0.150536
442 0.15619
443 0.153208
444 0.16867
445 0.163675
446 0.178295
447 0.228227
448 0.17074
449 0.193151
450 0.163613
451 0.173923
452 0.200262
453 0.170551
454 0.179369
455 0.202438
456 0.201758
457 0.195228
458 0.170567
459 0.188084
460 0.186695
461 0.19084
462 0.190522
463 0.204809
464 0.181
465 0.191134
466 0.195466
467 0.210399
468 0.224151
469 0.201554
470 0.180301
471 0.175457
472 0.200045
473 0.182778
474 0.154429
475 0.170609
476 0.160515
477 0.194772
478 0.201826
479 0.179599
480 0.180699
481 0.211954
482 0.207224
483 0.173432
484 0.157058
485 0.221023
486 0.19404
487 0.212023
488 0.183155
489 0.168878
490 0.169974
491 0.195021
492 0.147027
493 0.208722
494 0.189063
495 0.172902
496 0.164384
497 0.165204
498 0.192566
499 0.179977
500 0.157157
501 0.203004
502 0.196623
503 0.163968
504 0.183642
505 0.229401
506 0.221097
507 0.175814
508 0.202492
509 0.192026
510 0.163398
511 0.192793
512 0.185047
513 0.176352
514 0.16123
515 0.178894
516 0.192873
517 0.140352
518 0.166591
519 0.201119
520 0.171345
521 0.174455
522 0.134402
523 0.162253
524 0.138358
525 0.175904
526 0.19807
527 0.185404
528 0.172629
529 0.171176
530 0.186217
531 0.162154
532 0.19637
533 0.209331
534 0.201225
535 0.198414
536 0.112613
537 0.180307
538 0.151428
539 0.196254
540 0.172903
541 0.168833
542 0.17859
543 0.199014
544 0.169963
545 0.176805
546 0.1618
547 0.209389
548 0.175918
549 0.172078
550 0.16733
551 0.193461
552 0.170398
553 0.198783
554 0.172124
555 0.152174
556 0.167989
557 0.171772
558 0.162826
559 0.179965
560 0.165994
561 0.174484
562 0.166039
563 0.172813
564 0.185902
565 0.174672
566 0.201474
567 0.153916
568 0.203807
569 0.148243
570 0.188555
571 0.176469
572 0.226859
573 0.155737
574 0.164818
575 0.17149
576 0.165768
577 0.184364
578 0.151029
579 0.200502
580 0.17438
581 0.178155
582 0.175361
583 0.191801
584 0.193063
585 0.204929
586 0.161158
587 0.180493
588 0.157429
589 0.211425
590 0.173418
591 0.130962
592 0.126583
593 0.150759
594 0.149519
595 0.164121
596 0.161541
597 0.148664
598 0.19157
599 0.164896
600 0.164998
601 0.176529
602 0.171741
603 0.186794
604 0.180307
605 0.219696
606 0.19443
607 0.184242
608 0.217985
609 0.144828
610 0.177644
611 0.17911
612 0.157679
613 0.220089
614 0.15129
615 0.174057
616 0.151365
617 0.117262
618 0.15547
619 0.198408
620 0.206199
621 0.161317
622 0.139073
623 0.129952
624 0.135721
625 0.143124
626 0.162053
627 0.135413
628 0.182677
629 0.211049
630 0.182338
631 0.191423
632 0.194589
633 0.180948
634 0.177668
635 0.186573
636 0.169425
637 0.192242
638 0.185545
639 0.167967
640 0.201613
641 0.193919
642 0.172251
643 0.18754
644 0.213481
645 0.180708
646 0.1942
647 0.175945
648 0.179862
649 0.158361
650 0.125321
651 0.196807
652 0.161059
653 0.183022
654 0.17256
655 0.21168
656 0.206534
657 0.1644
658 0.200903
659 0.170502
660 0.187719
661 0.2049
662 0.166782
663 0.156611
664 0.174873
665 0.184186
666 0.179653
667 0.207052
668 0.192882
669 0.200617
670 0.131569
671 0.175178
672 0.157217
673 0.148993
674 0.148252
675 0.165076
676 0.170138
677 0.188415
678 0.186158
679 0.152224
680 0.170913
681 0.172107
682 0.167322
683 0.16832
684 0.1688
685 0.196125
686 0.208393
687 0.211106
688 0.160815
689 0.149602
690 0.198376
691 0.179617
692 0.184203
693 0.171141
694 0.173714
695 0.134975
696 0.172096
697 0.175052
698 0.153564
699 0.173735
700 0.174538
701 0.170283
702 0.138923
703 0.170037
704 0.191404
705 0.168066
706 0.190849
707 0.180429
708 0.187132
709 0.147432
710 0.192985
711 0.147281
712 0.193646
713 0.152104
714 0.143286
715 0.170124
716 0.169642
717 0.18774
718 0.199149
719 0.17474
720 0.185462
721 0.168268
722 0.170284
723 0.179597
724 0.178457
725 0.172586
726 0.171264
727 0.188643
728 0.178796
729 0.183284
730 0.179649
731 0.18236
732 0.186765
733 0.183044
734 0.170971
735 0.178137
736 0.209343
737 0.193089
738 0.178444
739 0.194487
740 0.150511
741 0.164464
742 0.181965
743 0.151351
744 0.171309
745 0.190588
746 0.18057
747 0.157334
748 0.164386
749 0.17128
750 0.156238
751 0.152855
752 0.17243
753 0.197611
754 0.191802
755 0.183425
756 0.151531
757 0.178495
758 0.195882
759 0.167556
760 0.153963
761 0.194121
762 0.173974
763 0.170237
764 0.160139
765 0.195548
766 0.167409
767 0.185776
768 0.173943
769 0.149078
770 0.157431
771 0.174526
772 0.213689
773 0.187333
774 0.184732
775 0.173763
776 0.175166
777 0.233169
778 0.191825
779 0.192688
780 0.173948
781 0.161259
782 0.196044
783 0.168206
784 0.173111
785 0.147665
786 0.158811
787 0.170849
788 0.168293
789 0.149198
790 0.153555
791 0.157833
792 0.152446
793 0.169599
794 0.131802
795 0.197781
796 0.195712
797 0.153609
798 0.186612
799 0.166326
800 0.141457
801 0.178458
802 0.165157
803 0.185339
804 0.199366
805 0.204117
806 0.2062
807 0.185185
808 0.177409
809 0.186365
810 0.172068
811 0.195261
812 0.211095
813 0.157861
814 0.168159
815 0.183046
816 0.163724
817 0.198697
818 0.158738
819 0.181855
820 0.167358
821 0.131458
822 0.17586
823 0.169712
824 0.162922
825 0.15644
826 0.163531
827 0.185201
828 0.168344
829 0.164792
830 0.192211
831 0.199645
832 0.16022
833 0.155446
834 0.185347
835 0.218826
836 0.0929495
837 0.163417
838 0.16598
839 0.195866
840 0.176805
841 0.16587
842 0.134773
843 0.186302
844 0.219839
845 0.151068
846 0.129894
847 0.17196
848 0.185105
849 0.136945
850 0.122657
851 0.180291
852 0.139073
853 0.187581
854 0.206034
855 0.181324
856 0.16287
857 0.222056
858 0.194041
859 0.187475
860 0.223357
861 0.153641
862 0.18812
863 0.197522
864 0.199447
865 0.173114
866 0.163643
867 0.199779
868 0.153651
869 0.179841
870 0.211757
871 0.165663
872 0.15208
873 0.211996
874 0.199098
875 0.187028
876 0.218674
877 0.198021
878 0.231335
879 0.200245
880 0.16844
881 0.175721
882 0.175224
883 0.205573
884 0.163392
885 0.108175
886 0.15821
887 0.176119
888 0.186316
889 0.156159
890 0.187378
891 0.150171
892 0.181234
893 0.187595
894 0.163105
895 0.174848
896 0.174466
897 0.16446
898 0.152278
899 0.157501
900 0.145226
901 0.185977
902 0.132794
903 0.194753
904 0.155618
905 0.136051
906 0.130582
907 0.133766
908 0.157704
909 0.182276
910 0.179131
911 0.0784978
912 0.161183
913 0.195397
914 0.167106
915 0.197416
916 0.169022
917 0.126582
918 0.164204
919 0.154528
920 0.189997
921 0.153932
922 0.139988
923 0.180916
924 0.185326
925 0.197305
926 0.19292
927 0.163978
928 0.184038
929 0.198026
930 0.187772
931 0.181612
932 0.201837
933 0.17046
934 0.169639
935 0.199318
936 0.205434
937 0.202351
938 0.176012
939 0.224092
940 0.193713
941 0.197257
942 0.222229
943 0.167862
944 0.142269
945 0.163386
946 0.147656
947 0.169618
948 0.161514
949 0.17033
950 0.15797
951 0.142747
952 0.119346
953 0.172805
954 0.162537
955 0.207142
956 0.142047
957 0.2163
958 0.202898
959 0.192505
960 0.205055
961 0.155294
962 0.182885
963 0.152705
964 0.148851
965 0.142551
966 0.169771
967 0.135176
968 0.151146
969 0.145033
970 0.149277
971 0.156384
972 0.15026
973 0.13874
974 0.170165
975 0.149464
976 0.184719
977 0.174795
978 0.180313
979 0.201797
980 0.214867
981 0.161572
982 0.156053
983 0.179412
984 0.165434
985 0.158241
986 0.173667
987 0.17974
988 0.19945
989 0.163683
990 0.183715
991 0.187953
992 0.196945
993 0.164289
994 0.17981
995 0.198962
996 0.176577
997 0.197219
998 0.191918
999 0.182354
1000 0.166861
1001 0.200953
1002 0.197098
1003 0.187203
1004 0.187238
1005 0.21086
1006 0.215839
1007 0.158321
1008 0.168057
1009 0.214038
1010 0.191487
1011 0.172823
1012 0.14115
1013 0.138124
1014 0.180483
1015 0.170539
1016 0.145462
1017 0.167229
1018 0.173089
1019 0.154022
1020 0.134876
1021 0.16766
1022 0.192126
1023 0.181124
1024 0.152235
1025 0.162469
1026 0.184166
1027 0.188508
1028 0.177063
1029 0.146724
1030 0.142611
1031 0.194159
1032 0.144263
1033 0.168835
1034 0.166184
1035 0.187676
1036 0.194496
1037 0.150482
1038 0.181353
1039 0.182237
1040 0.197042
1041 0.207953
1042 0.160184
1043 0.183471
1044 0.213421
1045 0.172796
1046 0.183732
1047 0.210814
1048 0.147595
1049 0.170659
1050 0.166417
1051 0.186163
1052 0.19852
1053 0.187919
1054 0.204396
1055 0.213354
1056 0.178622
1057 0.160284
1058 0.221812
1059 0.184314
1060 0.173952
1061 0.174265
1062 0.17569
1063 0.177431
1064 0.202949
1065 0.247831
1066 0.131368
1067 0.175649
1068 0.209603
1069 0.180868
1070 0.130377
1071 0.167292
1072 0.173611
1073 0.163082
1074 0.153426
1075 0.208469
1076 0.207205
1077 0.189454
1078 0.177678
1079 0.22447
1080 0.222893
1081 0.186152
1082 0.177691
1083 0.199507
1084 0.185052
1085 0.180579
1086 0.187222
1087 0.188014
1088 0.178102
1089 0.179079
1090 0.184044
1091 0.173058
1092 0.142189
1093 0.206455
1094 0.165453
1095 0.146102
1096 0.173577
1097 0.155892
1098 0.190007
1099 0.166581
1100 0.139862
1101 0.198804
1102 0.194424
1103 0.217422
1104 0.159776
1105 0.181735
1106 0.154693
1107 0.174333
1108 0.167473
1109 0.199369
1110 0.163749
1111 0.15942
1112 0.184097
1113 0.183929
1114 0.199291
1115 0.165606
1116 0.151705
1117 0.184291
1118 0.180073
1119 0.190727
1120 0.141239
1121 0.134317
1122 0.149924
1123 0.145058
1124 0.148137
1125 0.157033
1126 0.177503
1127 0.181974
1128 0.201828
1129 0.18745
1130 0.199323
1131 0.191273
1132 0.17753
1133 0.203141
1134 0.182575
1135 0.219022
1136 0.177643
1137 0.160372
1138 0.125917
1139 0.21166
1140 0.214231
1141 0.204062
1142 0.198824
1143 0.180461
1144 0.184564
1145 0.195445
1146 0.151411
1147 0.189878
1148 0.181379
1149 0.18237
1150 0.191294
1151 0.188338
1152 0.171024
1153 0.174209
1154 0.192621
1155 0.173615
1156 0.174799
1157 0.172999
1158 0.227859
1159 0.144904
1160 0.136853
1161 0.193506
1162 0.176651
1163 0.191354
1164 0.155644
1165 0.192451
1166 0.159055
1167 0.17395
1168 0.182579
1169 0.200048
1170 0.192629
1171 0.163418
1172 0.1928
1173 0.158999
1174 0.187081
1175 0.168294
1176 0.173994
1177 0.162119
1178 0.155684
1179 0.146571
1180 0.157964
1181 0.167302
1182 0.191675
1183 0.149889
1184 0.148841
1185 0.156416
1186 0.180981
1187 0.149318
1188 0.160165
1189 0.177619
1190 0.152047
1191 0.14608
1192 0.218354
1193 0.185569
1194 0.18776
1195 0.193232
1196 0.192317
1197 0.166686
1198 0.172139
1199 0.142892
1200 0.181787
1201 0.188416
1202 0.170665
1203 0.178195
1204 0.21055
1205 0.185009
1206 0.181001
1207 0.188435
1208 0.212638
1209 0.190708
1210 0.18807
1211 0.131131
1212 0.197143
1213 0.193166
1214 0.167805
1215 0.152957
1216 0.177613
1217 0.135936
1218 0.134915
1219 0.171672
1220 0.152661
1221 0.165943
1222 0.151466
1223 0.163485
1224 0.161676
1225 0.180032
1226 0.218486
1227 0.200638
1228 0.192159
1229 0.205474
1230 0.232345
1231 0.198243
1232 0.23888
1233 0.171341
1234 0.205037
1235 0.196606
1236 0.204331
1237 0.164965
1238 0.194093
1239 0.200735
1240 0.179144
1241 0.187415
1242 0.186548
1243 0.203252
1244 0.201472
1245 0.199479
1246 0.164451
1247 0.199789
1248 0.175234
1249 0.190691
1250 0.160788
1251 0.183291
1252 0.19738
1253 0.178741
1254 0.157597
1255 0.123624
1256 0.191926
1257 0.174224
1258 0.182382
1259 0.17213
1260 0.178468
1261 0.19499
1262 0.201763
1263 0.214374
1264 0.168307
1265 0.192969
1266 0.193976
1267 0.166497
1268 0.146063
1269 0.185315
1270 0.180793
1271 0.167414
1272 0.165912
1273 0.187181
1274 0.211181
1275 0.182347
1276 0.138712
1277 0.178266
1278 0.192225
1279 0.146651
1280 0.158415
1281 0.164771
1282 0.164201
1283 0.192517
1284 0.161257
1285 0.193766
1286 0.161205
1287 0.20412
1288 0.156103
1289 0.182012
1290 0.198241
1291 0.166297
1292 0.194629
1293 0.179629
1294 0.171275
1295 0.152324
1296 0.163306
1297 0.160602
1298 0.170171
1299 0.159149
1300 0.169333
1301 0.165031
1302 0.142242
1303 0.147553
1304 0.161749
1305 0.13347
1306 0.180588
1307 0.185948
1308 0.151039
1309 0.195065
1310 0.20012
1311 0.208404
1312 0.169509
1313 0.127547
1314 0.214821
1315 0.204434
1316 0.178609
1317 0.163075
1318 0.181823
1319 0.161773
1320 0.165552
1321 0.183767
1322 0.1878
1323 0.202935
1324 0.146316
1325 0.143762
1326 0.191068
1327 0.16081
1328 0.182885
1329 0.189093
1330 0.199465
1331 0.205788
1332 0.18333
1333 0.190334
1334 0.17542
1335 0.202247
1336 0.178382
1337 0.187542
1338 0.159078
1339 0.162753
1340 0.185713
1341 0.162054
1342 0.145554
1343 0.127253
1344 0.165237
1345 0.14702
1346 0.172336
1347 0.171388
1348 0.176891
1349 0.124788
1350 0.21901
1351 0.185677
1352 0.198349
1353 0.229075
1354 0.195493
1355 0.19529
1356 0.147344
1357 0.189837
1358 0.166782
1359 0.159929
1360 0.210015
1361 0.157927
1362 0.152484
1363 0.169138
1364 0.167426
1365 0.160224
1366 0.168321
1367 0.138501
1368 0.220875
1369 0.20643
1370 0.181236
1371 0.204509
1372 0.179102
1373 0.212339
1374 0.175565
1375 0.169542
1376 0.16454
1377 0.167214
1378 0.171399
1379 0.130347
1380 0.170735
1381 0.201963
1382 0.163704
1383 0.163472
1384 0.208659
1385 0.20625
1386 0.192346
1387 0.216141
1388 0.203676
1389 0.206405
1390 0.156348
1391 0.163707
1392 0.14036
1393 0.198501
1394 0.15337
1395 0.159641
1396 0.224321
1397 0.217879
1398 0.172929
1399 0.183243
1400 0.14971
1401 0.173111
1402 0.172576
1403 0.185115
1404 0.16368
1405 0.149644
1406 0.174057
1407 0.206606
1408 0.151859
1409 0.178303
1410 0.183027
1411 0.188787
1412 0.199538
1413 0.144405
1414 0.15907
1415 0.174463
1416 0.138358
1417 0.155336
1418 0.164792
1419 0.161625
1420 0.184123
1421 0.186533
1422 0.182117
1423 0.173427
1424 0.198915
1425 0.17355
1426 0.181244
1427 0.163377
1428 0.207826
1429 0.169598
1430 0.194877
1431 0.102897
1432 0.189078
1433 0.144002
1434 0.159263
1435 0.172904
1436 0.1776
1437 0.16714
1438 0.177721
1439 0.187498
1440 0.161879
1441 0.180537
1442 0.175027
1443 0.171832
1444 0.161324
1445 0.163628
1446 0.157424
1447 0.162897
1448 0.198835
1449 0.154414
1450 0.178237
1451 0.148846
1452 0.174617
1453 0.165381
1454 0.158557
1455 0.180009
1456 0.153195
1457 0.133661
1458 0.17982
1459 0.185199
1460 0.149453
1461 0.197697
1462 0.213184
1463 0.21128
1464 0.14445
1465 0.134943
1466 0.20949
1467 0.148265
1468 0.16152
1469 0.125779
1470 0.178699
1471 0.165568
1472 0.166702
1473 0.171266
1474 0.189844
1475 0.170724
1476 0.184023
1477 0.191195
1478 0.195775
1479 0.193019
1480 0.1224
1481 0.143256
1482 0.193213
1483 0.166357
1484 0.162459
1485 0.170899
1486 0.163887
1487 0.183278
1488 0.19691
1489 0.186376
1490 0.218669
1491 0.199368
1492 0.189779
1493 0.2023
1494 0.168027
1495 0.185711
1496 0.177822
1497 0.183739
1498 0.198812
1499 0.147323
1500 0.178931
1501 0.208734
1502 0.162448
1503 0.182475
1504 0.156255
1505 0.156261
1506 0.17072
1507 0.189826
1508 0.233282
1509 0.187436
1510 0.163844
1511 0.174416
1512 0.177987
1513 0.169832
1514 0.153439
1515 0.172942
1516 0.17546
1517 0.166766
1518 0.207787
1519 0.174984
1520 0.181383
1521 0.201481
1522 0.19077
1523 0.202194
1524 0.17992
1525 0.168668
1526 0.165668
1527 0.188558
1528 0.170895
1529 0.164987
1530 0.170329
1531 0.142912
1532 0.153056
1533 0.142618
1534 0.14518
1535 0.19937
1536 0.194638
1537 0.179834
1538 0.180197
1539 0.146965
1540 0.178402
1541 0.15714
1542 0.168384
1543 0.187722
1544 0.154096
1545 0.166881
1546 0.152545
1547 0.160534
1548 0.13728
1549 0.122697
1550 0.163814
1551 0.165586
1552 0.141648
1553 0.121723
1554 0.151879
1555 0.185604
1556 0.162977
1557 0.170257
1558 0.17438
1559 0.205253
1560 0.182349
1561 0.153198
1562 0.182094
1563 0.172912
1564 0.194536
1565 0.201872
1566 0.174846
1567 0.161523
1568 0.219788
1569 0.206526
1570 0.17427
1571 0.158237
1572 0.171853
1573 0.182982
1574 0.178603
1575 0.205831
1576 0.193355
1577 0.18216
1578 0.186126
1579 0.212164
1580 0.189074
1581 0.180479
1582 0.20339
1583 0.150572
1584 0.159029
1585 0.158697
1586 0.222634
1587 0.142655
1588 0.15942
1589 0.152161
1590 0.174535
1591 0.181016
1592 0.129512
1593 0.180949
1594 0.231485
1595 0.188667
1596 0.150126
1597 0.141107
1598 0.212162
1599 0.122611
1600 0.131964
1601 0.139796
1602 0.190826
1603 0.128855
1604 0.193996
1605 0.161857
1606 0.125674
1607 0.179766
1608 0.188566
1609 0.171295
1610 0.188785
1611 0.212657
1612 0.177991
1613 0.192112
1614 0.211849
1615 0.139993
1616 0.180229
1617 0.159946
1618 0.179784
1619 0.150294
1620 0.169233
1621 0.177804
1622 0.185237
1623 0.222347
1624 0.174717
1625 0.169935
1626 0.192548
1627 0.225401
1628 0.170139
1629 0.132712
1630 0.133017
1631 0.172967
1632 0.185406
1633 0.15947
1634 0.181731
1635 0.159706
1636 0.197539
1637 0.150292
1638 0.137908
1639 0.186183
1640 0.182164
1641 0.118119
1642 0.191368
1643 0.134056
1644 0.171189
1645 0.20028
1646 0.182595
1647 0.175064
1648 0.163236
1649 0.18962
1650 0.170829
1651 0.18118
1652 0.185491
1653 0.172735
1654 0.184091
1655 0.177925
1656 0.180482
1657 0.187894
1658 0.173585
1659 0.185729
1660 0.159154
1661 0.171888
1662 0.198701
1663 0.140235
1664 0.1518
1665 0.164224
1666 0.163826
1667 0.183657
1668 0.159107
1669 0.172254
1670 0.16425
1671 0.2043
1672 0.149377
1673 0.176876
1674 0.165213
1675 0.150082
1676 0.176931
1677 0.176638
1678 0.172612
1679 0.165756
1680 0.165749
1681 0.161748
1682 0.17846
1683 0.141124
1684 0.14351
1685 0.169794
1686 0.193281
1687 0.144113
1688 0.149761
1689 0.166012
1690 0.167321
1691 0.147851
1692 0.152171
1693 0.156357
1694 0.177386
1695 0.150921
1696 0.168261
1697 0.162838
1698 0.148227
1699 0.16859
1700 0.169027
1701 0.196332
1702 0.16955
1703 0.182484
1704 0.198549
1705 0.156401
1706 0.179141
1707 0.185398
1708 0.158135
1709 0.171689
1710 0.181534
1711 0.164619
1712 0.161753
1713 0.225215
1714 0.172573
1715 0.191531
1716 0.212856
1717 0.183383
1718 0.182037
1719 0.127421
1720 0.200356
1721 0.193362
1722 0.183163
1723 0.141155
1724 0.190153
1725 0.202237
1726 0.239647
1727 0.139351
1728 0.16302
1729 0.145248
1730 0.170506
1731 0.162936
1732 0.16673
1733 0.195505
1734 0.200716
1735 0.140369
1736 0.123824
1737 0.15747
1738 0.153855
1739 0.154232
1740 0.153532
1741 0.1625
1742 0.181899
1743 0.1843
1744 0.179425
1745 0.17698
1746 0.230213
1747 0.137462
1748 0.191699
1749 0.177431
1750 0.172618
1751 0.197111
1752 0.156511
1753 0.193302
1754 0.212807
1755 0.172615
1756 0.188482
1757 0.195172
1758 0.171335
1759 0.160892
1760 0.146186
1761 0.143815
1762 0.156224
1763 0.185484
1764 0.173254
1765 0.16102
1766 0.163572
1767 0.185784
1768 0.167912
1769 0.129973
1770 0.168218
1771 0.143805
1772 0.18414
1773 0.154112
1774 0.17221
1775 0.166459
1776 0.177639
1777 0.235841
1778 0.169133
1779 0.218132
1780 0.113315
1781 0.16628
1782 0.209491
1783 0.179248
1784 0.194155
1785 0.151383
1786 0.134868
1787 0.161031
1788 0.151011
1789 0.133763
1790 0.119606
1791 0.180335
1792 0.178382
1793 0.124558
1794 0.101795
1795 0.193075
1796 0.181343
1797 0.135433
1798 0.163293
1799 0.14062
1800 0.173088
1801 0.179699
1802 0.164883
1803 0.169394
1804 0.142542
1805 0.150969
1806 0.128188
1807 0.186889
1808 0.130193
1809 0.179542
1810 0.200324
1811 0.169714
1812 0.151113
1813 0.129111
1814 0.176704
1815 0.15438
1816 0.173104
1817 0.155475
1818 0.165657
1819 0.139105
1820 0.156047
1821 0.174155
1822 0.186505
1823 0.169914
1824 0.155013
1825 0.1201
1826 0.150742
1827 0.200548
1828 0.143808
1829 0.158819
1830 0.157622
1831 0.213936
1832 0.192348
1833 0.199726
1834 0.206876
1835 0.186011
1836 0.188474
1837 0.176096
1838 0.2075
1839 0.195934
1840 0.244831
1841 0.172003
1842 0.195171
1843 0.223496
1844 0.194477
1845 0.208447
1846 0.174362
1847 0.204837
1848 0.170366
1849 0.183677
1850 0.1897
1851 0.153952
1852 0.17403
1853 0.178695
1854 0.162653
1855 0.171954
1856 0.184378
1857 0.151309
1858 0.162997
1859 0.179313
1860 0.166517
1861 0.147334
1862 0.146026
1863 0.182838
1864 0.176032
1865 0.164268
1866 0.185409
1867 0.218369
1868 0.198307
1869 0.180096
1870 0.147158
1871 0.203149
1872 0.173293
1873 0.205841
1874 0.186151
1875 0.148349
1876 0.166443
1877 0.189901
1878 0.202788
1879 0.194214
1880 0.181439
1881 0.19809
1882 0.190122
1883 0.190894
1884 0.186413
1885 0.209731
1886 0.20193
1887 0.17475
1888 0.190646
1889 0.169552
1890 0.205726
1891 0.172346
1892 0.160304
1893 0.164358
1894 0.14895
1895 0.155109
1896 0.162013
1897 0.162098
1898 0.117851
1899 0.186877
1900 0.162206
1901 0.170886
1902 0.157431
1903 0.129165
1904 0.181691
1905 0.198246
1906 0.198766
1907 0.181764
1908 0.206779
1909 0.233367
1910 0.197585
1911 0.216344
1912 0.196848
1913 0.18232
1914 0.184509
1915 0.192457
1916 0.151481
1917 0.190991
1918 0.1496
1919 0.143238
1920 0.184045
1921 0.174237
1922 0.183677
1923 0.18067
1924 0.162319
1925 0.169678
1926 0.150805
1927 0.18851
1928 0.171106
1929 0.155907
1930 0.166513
1931 0.146066
1932 0.1556
1933 0.147519
1934 0.136791
1935 0.202922
1936 0.181603
1937 0.165061
1938 0.145433
1939 0.149888
1940 0.123425
1941 0.136417
1942 0.126764
1943 0.145952
1944 0.1783
1945 0.158811
1946 0.162855
1947 0.120783
1948 0.190031
1949 0.142087
1950 0.179946
1951 0.18239
1952 0.134063
1953 0.166868
1954 0.175009
1955 0.182547
1956 0.192366
1957 0.188806
1958 0.154704
1959 0.176692
1960 0.194899
1961 0.187531
1962 0.1747
1963 0.159508
1964 0.175767
1965 0.187673
1966 0.169802
1967 0.208957
1968 0.177236
1969 0.17143
1970 0.174245
1971 0.155053
1972 0.19057
1973 0.164921
1974 0.178309
1975 0.18268
1976 0.146138
1977 0.195028
1978 0.221661
1979 0.256465
1980 0.168318
1981 0.201108
1982 0.213589
1983 0.164746
1984 0.11865
1985 0.167755
1986 0.173089
1987 0.226093
1988 0.186947
1989 0.223046
1990 0.208137
1991 0.180857
1992 0.15865
1993 0.159502
1994 0.202552
1995 0.160012
1996 0.195407
1997 0.171413
1998 0.178171
1999 0.162008
2000 0.172515
2001 0.190476
2002 0.172938
2003 0.177542
2004 0.174995
2005 0.139287
2006 0.177688
2007 0.150108
2008 0.175522
2009 0.201099
2010 0.182212
2011 0.185804
2012 0.165551
2013 0.200039
2014 0.18618
2015 0.222317
2016 0.151705
2017 0.195629
2018 0.205742
2019 0.184748
2020 0.186767
2021 0.134394
2022 0.188342
2023 0.189787
2024 0.155486
2025 0.204847
2026 0.191666
2027 0.202865
2028 0.192181
2029 0.204213
2030 0.101175
2031 0.17264
2032 0.18261
2033 0.204905
2034 0.210709
2035 0.183132
2036 0.163676
2037 0.134083
2038 0.223286
2039 0.166038
2040 0.195922
2041 0.198663
2042 0.177257
2043 0.216754
2044 0.176794
2045 0.150516
2046 0.173455
2047 0.174108
2048 0.182889
2049 0.152462
2050 0.154082
2051 0.169584
2052 0.147832
2053 0.180331
2054 0.177903
2055 0.183792
2056 0.188858
2057 0.156349
2058 0.170593
2059 0.195427
2060 0.196553
2061 0.205842
2062 0.190001
2063 0.193127
2064 0.191135
2065 0.147896
2066 0.179872
2067 0.174407
2068 0.143637
2069 0.159621
2070 0.168416
2071 0.175489
2072 0.155019
2073 0.158689
2074 0.178029
2075 0.146081
2076 0.167333
2077 0.189862
2078 0.162837
2079 0.154051
2080 0.159759
2081 0.187558
2082 0.185622
2083 0.186312
2084 0.17056
2085 0.199426
2086 0.142636
2087 0.165365
2088 0.152794
2089 0.19395
2090 0.188527
2091 0.171684
2092 0.166727
2093 0.201266
2094 0.172918
2095 0.16556
2096 0.177473
2097 0.136713
2098 0.184829
2099 0
