0 -0.254656
1 0.0443685
2 -0.0258051
3 -0.339294
4 -0.665806
5 -0.934203
6 -1.05072
7 -1.13497
8 -1.16965
9 -1.20663
10 -1.23318
11 -1.24658
12 -1.27074
13 -1.26217
14 -1.24943
15 -1.27189
16 -1.2758
17 -1.24031
18 -1.20829
19 -1.18679
20 -1.1135
21 -1.07038
22 -0.981041
23 -0.820405
24 -0.740597
25 -0.61026
26 -0.440655
27 -0.346281
28 -0.21686
29 -0.168041
30 -0.0645092
31 -0.0123871
32 0.018026
33 0.0792693
34 0.0974854
35 0.107483
36 0.141368
37 0.147396
38 0.15283
39 0.167028
40 0.15525
41 0.167354
42 0.17593
43 0.154803
44 0.165929
45 0.178212
46 0.161308
47 0.179001
48 0.174168
49 0.173477
50 0.163726
51 0.161207
52 0.16489
53 0.175709
54 0.166873
55 0.175165
56 0.176989
57 0.182488
58 0.166574
59 0.188739
60 0.18778
61 0.191592
62 0.175308
63 0.18077
64 0.186453
65 0.165837
66 0.164695
67 0.185483
68 0.173505
69 0.164903
70 0.171242
71 0.178083
72 0.182118
73 0.161237
74 0.178352
75 0.173371
76 0.161299
77 0.172492
78 0.182337
79 0.168122
80 0.162849
81 0.178143
82 0.171819
83 0.179239
84 0.180073
85 0.181596
86 0.189894
87 0.187066
88 0.172456
89 0.18904
90 0.193812
91 0.168998
92 0.17587
93 0.18378
94 0.159871
95 0.17399
96 0.171198
97 0.180301
98 0.172601
99 0.18083
100 0.166786
101 0.164448
102 0.177053
103 0.164504
104 0.173558
105 0.18399
106 0.161149
107 0.171558
108 0.184214
109 0.178897
110 0.165996
111 0.174876
112 0.178018
113 0.162286
114 0.168974
115 0.178087
116 0.157944
117 0.172255
118 0.182668
119 0.173777
120 0.16361
121 0.168917
122 0.162604
123 0.155097
124 0.148651
125 0.180142
126 0.166979
127 0.171033
128 0.184395
129 0.174742
130 0.162514
131 0.17967
132 0.163401
133 0.178351
134 0.175395
135 0.159795
136 0.163172
137 0.166352
138 0.166473
139 0.171298
140 0.166783
141 0.167871
142 0.181614
143 0.175216
144 0.155587
145 0.175918
146 0.175544
147 0.162525
148 0.167711
149 0.185128
150 0.185886
151 0.175804
152 0.176631
153 0.18922
154 0.186686
155 0.169921
156 0.184255
157 0.186884
158 0.164652
159 0.171025
160 0.165911
161 0.164071
162 0.157579
163 0.165081
164 0.170396
165 0.153404
166 0.154282
167 0.173129
168 0.147727
169 0.158383
170 0.167371
171 0.18098
172 0.161459
173 0.179988
174 0.161076
175 0.151266
176 0.166041
177 0.163149
178 0.163973
179 0.161474
180 0.169181
181 0.168383
182 0.164858
183 0.170895
184 0.162744
185 0.155336
186 0.168136
187 0.152059
188 0.171231
189 0.162393
190 0.161682
191 0.184334
192 0.165922
193 0.157078
194 0.171441
195 0.16222
196 0.152412
197 0.165324
198 0.177445
199 0.17453
200 0.174844
201 0.180102
202 0.181101
203 0.165197
204 0.179876
205 0.181793
206 0.176442
207 0.173993
208 0.179067
209 0.169912
210 0.164462
211 0.169065
212 0.180813
213 0.159281
214 0.173276
215 0.155568
216 0.157009
217 0.17253
218 0.153201
219 0.170441
220 0.179703
221 0.158828
222 0.162521
223 0.188749
224 0.168478
225 0.158781
226 0.190781
227 0.179814
228 0.183221
229 0.182938
230 0.174947
231 0.163492
232 0.182735
233 0.175751
234 0.170797
235 0.173298
236 0.174601
237 0.167076
238 0.171838
239 0.169698
240 0.158563
241 0.163697
242 0.158177
243 0.168777
244 0.16766
245 0.171925
246 0.176681
247 0.158243
248 0.174569
249 0.177645
250 0.181574
251 0.18144
252 0.178453
253 0.194912
254 0.178771
255 0.17936
256 0.171675
257 0.165406
258 0.172179
259 0.159635
260 0.168226
261 0.162907
262 0.158392
263 0.165582
264 0.167985
265 0.171543
266 0.173787
267 0.186593
268 0.177976
269 0.18327
270 0.188861
271 0.178879
272 0.185055
273 0.173218
274 0.170981
275 0.165462
276 0.174629
277 0.166138
278 0.161589
279 0.163142
280 0.155233
281 0.168912
282 0.166165
283 0.178223
284 0.179542
285 0.168499
286 0.185304
287 0.192633
288 0.166936
289 0.178226
290 0.17615
291 0.184092
292 0.168345
293 0.160367
294 0.167685
295 0.165705
296 0.159002
297 0.169218
298 0.171151
299 0.16359
300 0.172143
301 0.179857
302 0.165703
303 0.177718
304 0.167237
305 0.18834
306 0.183801
307 0.179144
308 0.167115
309 0.174025
310 0.161834
311 0.166601
312 0.169882
313 0.157071
314 0.160462
315 0.166074
316 0.177247
317 0.158283
318 0.168171
319 0.181548
320 0.170858
321 0.179179
322 0.175423
323 0.168071
324 0.186874
325 0.170105
326 0.169916
327 0.160113
328 0.158751
329 0.16094
330 0.151289
331 0.164334
332 0.150379
333 0.150504
334 0.165238
335 0.148328
336 0.161416
337 0.168322
338 0.176268
339 0.181817
340 0.169687
341 0.17795
342 0.182383
343 0.177329
344 0.163682
345 0.161874
346 0.162642
347 0.168937
348 0.173285
349 0.166326
350 0.169103
351 0.162992
352 0.166136
353 0.171924
354 0.163756
355 0.174774
356 0.168048
357 0.192388
358 0.180308
359 0.180695
360 0.166413
361 0.17803
362 0.162372
363 0.1641
364 0.177136
365 0.174745
366 0.156041
367 0.159603
368 0.166104
369 0.158328
370 0.155004
371 0.173935
372 0.159953
373 0.158189
374 0.179485
375 0.173139
376 0.185592
377 0.168877
378 0.167248
379 0.167424
380 0.177068
381 0.159452
382 0.168111
383 0.178387
384 0.159503
385 0.170453
386 0.173048
387 0.175769
388 0.165956
389 0.164501
390 0.180716
391 0.164966
392 0.177251
393 0.190166
394 0.167447
395 0.165758
396 0.17162
397 0.173375
398 0.152668
399 0.149319
400 0.168613
401 0.159964
402 0.156616
403 0.164976
404 0.18209
405 0.176778
406 0.175434
407 0.176733
408 0.170488
409 0.16228
410 0.180879
411 0.163182
412 0.168351
413 0.170494
414 0.172913
415 0.163885
416 0.163407
417 0.157662
418 0.174899
419 0.173694
420 0.164826
421 0.181509
422 0.169455
423 0.190156
424 0.181979
425 0.16902
426 0.167293
427 0.170988
428 0.169866
429 0.175393
430 0.171483
431 0.183678
432 0.179997
433 0.186894
434 0.187872
435 0.176864
436 0.167321
437 0.193623
438 0.179757
439 0.180749
440 0.17395
441 0.166818
442 0.168972
443 0.167491
444 0.174072
445 0.155873
446 0.167926
447 0.16988
448 0.161153
449 0.160964
450 0.176713
451 0.17908
452 0.173484
453 0.164577
454 0.16738
455 0.181633
456 0.172224
457 0.157754
458 0.184719
459 0.173901
460 0.167127
461 0.161519
462 0.157256
463 0.171994
464 0.169284
465 0.157713
466 0.176771
467 0.156848
468 0.165547
469 0.158802
470 0.15403
471 0.162983
472 0.161979
473 0.171845
474 0.155127
475 0.178021
476 0.183077
477 0.183034
478 0.184605
479 0.176544
480 0.165116
481 0.192343
482 0.171693
483 0.174191
484 0.173691
485 0.161153
486 0.182745
487 0.1644
488 0.17226
489 0.16586
490 0.172105
491 0.170402
492 0.167876
493 0.162228
494 0.18767
495 0.175689
496 0.180656
497 0.179232
498 0.170055
499 0.184912
500 0.189148
501 0.169086
502 0.193447
503 0.177799
504 0.170799
505 0.162544
506 0.155681
507 0.178502
508 0.154249
509 0.148213
510 0.15937
511 0.167109
512 0.169574
513 0.15709
514 0.165813
515 0.172579
516 0.159207
517 0.16485
518 0.165141
519 0.173811
520 0.171516
521 0.179907
522 0.166168
523 0.175079
524 0.171058
525 0.155938
526 0.172498
527 0.170378
528 0.159216
529 0.157467
530 0.184225
531 0.169789
532 0.173024
533 0.168036
534 0.178754
535 0.182919
536 0.162049
537 0.163816
538 0.192142
539 0.174408
540 0.170546
541 0.17991
542 0.174309
543 0.155579
544 0.182429
545 0.178654
546 0.169864
547 0.177722
548 0.186185
549 0.186739
550 0.173037
551 0.169776
552 0.190749
553 0.167592
554 0.189069
555 0.18957
556 0.17581
557 0.179407
558 0.188122
559 0.174794
560 0.178842
561 0.172304
562 0.19084
563 0.175028
564 0.172611
565 0.189029
566 0.188316
567 0.187088
568 0.174474
569 0.171879
570 0.181328
571 0.183654
572 0.179648
573 0.168625
574 0.180252
575 0.170204
576 0.169551
577 0.173599
578 0.179029
579 0.181501
580 0.170413
581 0.166378
582 0.190231
583 0.184085
584 0.174324
585 0.179379
586 0.180146
587 0.19187
588 0.171402
589 0.17144
590 0.167514
591 0.169597
592 0.17392
593 0.16452
594 0.161786
595 0.168032
596 0.181677
597 0.171185
598 0.17216
599 0.179466
600 0.161786
601 0.168905
602 0.166696
603 0.157974
604 0.175987
605 0.165571
606 0.183215
607 0.17525
608 0.171785
609 0.18021
610 0.178713
611 0.176132
612 0.175561
613 0.170393
614 0.186167
615 0.161176
616 0.163199
617 0.175361
618 0.160003
619 0.165762
620 0.172177
621 0.165334
622 0.17615
623 0.164725
624 0.158464
625 0.169341
626 0.166943
627 0.161243
628 0.175639
629 0.176197
630 0.160957
631 0.183528
632 0.171344
633 0.158867
634 0.167444
635 0.164422
636 0.154111
637 0.165801
638 0.167045
639 0.170299
640 0.168226
641 0.178061
642 0.172508
643 0.167988
644 0.165661
645 0.163929
646 0.164447
647 0.17569
648 0.157728
649 0.165198
650 0.161702
651 0.166287
652 0.168283
653 0.178619
654 0.173274
655 0.183592
656 0.166138
657 0.177945
658 0.162211
659 0.175818
660 0.178295
661 0.181734
662 0.187086
663 0.168326
664 0.183581
665 0.182331
666 0.18605
667 0.16488
668 0.178032
669 0.177619
670 0.178069
671 0.180361
672 0.173767
673 0.182664
674 0.179078
675 0.166228
676 0.179295
677 0.161049
678 0.163765
679 0.164341
680 0.158767
681 0.173875
682 0.160414
683 0.16953
684 0.185505
685 0.167591
686 0.176917
687 0.175665
688 0.163667
689 0.188425
690 0.176814
691 0.176179
692 0.174408
693 0.167048
694 0.160678
695 0.163448
696 0.176139
697 0.166446
698 0.167316
699 0.16881
700 0.172111
701 0.170114
702 0.180647
703 0.163712
704 0.175891
705 0.174064
706 0.162837
707 0.169022
708 0.163509
709 0.169863
710 0.152669
711 0.176421
712 0.176275
713 0.185743
714 0.176908
715 0.167901
716 0.180508
717 0.182754
718 0.177616
719 0.165591
720 0.172013
721 0.159274
722 0.158434
723 0.163056
724 0.155416
725 0.15952
726 0.17169
727 0.178823
728 0.165283
729 0.166307
730 0.188735
731 0.179002
732 0.171516
733 0.178958
734 0.186123
735 0.179073
736 0.181344
737 0.175324
738 0.185623
739 0.18831
740 0.180759
741 0.177191
742 0.181881
743 0.17715
744 0.188418
745 0.170186
746 0.189553
747 0.190547
748 0.172413
749 0.162965
750 0.178671
751 0.162389
752 0.162478
753 0.168785
754 0.170699
755 0.160521
756 0.17334
757 0.165418
758 0.157439
759 0.163879
760 0.170893
761 0.17099
762 0.156782
763 0.161646
764 0.164423
765 0.166174
766 0.166302
767 0.174757
768 0.160706
769 0.163794
770 0.172229
771 0.15593
772 0.161852
773 0.170301
774 0.173681
775 0.175772
776 0.175432
777 0.173667
778 0.17215
779 0.164065
780 0.17008
781 0.179092
782 0.168958
783 0.174326
784 0.159886
785 0.157509
786 0.169882
787 0.167143
788 0.160149
789 0.176946
790 0.173246
791 0.178382
792 0.168805
793 0.160483
794 0.165206
795 0.16113
796 0.1674
797 0.172474
798 0.155137
799 0.16298
800 0.175067
801 0.157469
802 0.162142
803 0.167321
804 0.166807
805 0.167257
806 0.164319
807 0.157773
808 0.176444
809 0.158279
810 0.164868
811 0.180384
812 0.168477
813 0.165131
814 0.185818
815 0.17937
816 0.17835
817 0.178511
818 0.174049
819 0.172109
820 0.185952
821 0.175927
822 0.18493
823 0.169535
824 0.16548
825 0.15864
826 0.158465
827 0.156957
828 0.159714
829 0.165965
830 0.167097
831 0.173474
832 0.178621
833 0.176023
834 0.189351
835 0.184298
836 0.190824
837 0.180029
838 0.169516
839 0.171403
840 0.164301
841 0.176863
842 0.180016
843 0.174849
844 0.169032
845 0.189927
846 0.173452
847 0.181779
848 0.166417
849 0.160041
850 0.161366
851 0.167602
852 0.168919
853 0.17197
854 0.16396
855 0.182952
856 0.162055
857 0.158346
858 0.153379
859 0.167268
860 0.161424
861 0.175593
862 0.171524
863 0.179935
864 0.176381
865 0.17032
866 0.165946
867 0.162428
868 0.166016
869 0.172818
870 0.168246
871 0.181712
872 0.168393
873 0.169325
874 0.185059
875 0.178666
876 0.168295
877 0.168769
878 0.182506
879 0.16621
880 0.186147
881 0.172864
882 0.165229
883 0.182172
884 0.16668
885 0.173055
886 0.178569
887 0.169927
888 0.181487
889 0.189918
890 0.168356
891 0.190103
892 0.182161
893 0.183794
894 0.176771
895 0.175387
896 0.171721
897 0.170924
898 0.179992
899 0.180736
900 0.161822
901 0.177734
902 0.176282
903 0.164373
904 0.164251
905 0.161319
906 0.159781
907 0.154832
908 0.150258
909 0.164595
910 0.148462
911 0.165559
912 0.157774
913 0.185086
914 0.171958
915 0.162036
916 0.173435
917 0.173397
918 0.168084
919 0.160171
920 0.163999
921 0.168916
922 0.160836
923 0.156827
924 0.160042
925 0.155151
926 0.170987
927 0.172131
928 0.162988
929 0.177338
930 0.174336
931 0.176687
932 0.176585
933 0.173548
934 0.184368
935 0.162499
936 0.170629
937 0.15719
938 0.173979
939 0.179265
940 0.177633
941 0.180547
942 0.175031
943 0.195251
944 0.176568
945 0.185278
946 0.190089
947 0.17395
948 0.177108
949 0.191157
950 0.179628
951 0.178039
952 0.165622
953 0.180504
954 0.154801
955 0.15647
956 0.160746
957 0.178022
958 0.170112
959 0.169597
960 0.171815
961 0.174185
962 0.17241
963 0.17033
964 0.168733
965 0.187336
966 0.176917
967 0.167306
968 0.1733
969 0.164694
970 0.159726
971 0.180201
972 0.176544
973 0.161958
974 0.176128
975 0.169383
976 0.17157
977 0.182728
978 0.179852
979 0.172865
980 0.1755
981 0.170368
982 0.163598
983 0.164651
984 0.182978
985 0.172561
986 0.181173
987 0.183838
988 0.17781
989 0.173992
990 0.171312
991 0.18247
992 0.176999
993 0.180116
994 0.176975
995 0.164992
996 0.183478
997 0.166468
998 0.186239
999 0.185853
1000 0.17158
1001 0.167952
1002 0.179033
1003 0.176461
1004 0.183056
1005 0.181955
1006 0.177665
1007 0.170857
1008 0.17785
1009 0.166341
1010 0.173739
1011 0.184167
1012 0.168525
1013 0.177436
1014 0.159027
1015 0.16415
1016 0.169132
1017 0.157387
1018 0.161357
1019 0.166847
1020 0.178531
1021 0.17155
1022 0.159568
1023 0.173135
1024 0.17526
1025 0.18032
1026 0.179125
1027 0.17666
1028 0.164333
1029 0.180744
1030 0.171486
1031 0.174273
1032 0.181227
1033 0.184394
1034 0.182299
1035 0.18376
1036 0.167192
1037 0.19006
1038 0.18532
1039 0.174241
1040 0.1781
1041 0.187476
1042 0.157701
1043 0.173264
1044 0.163246
1045 0.159176
1046 0.162381
1047 0.156196
1048 0.155121
1049 0.166553
1050 0.170372
1051 0.153782
1052 0.158472
1053 0.162307
1054 0.161817
1055 0.158306
1056 0.171733
1057 0.171339
1058 0.161401
1059 0.171578
1060 0.167511
1061 0.167541
1062 0.165509
1063 0.17005
1064 0.172373
1065 0.175742
1066 0.174453
1067 0.16642
1068 0.175207
1069 0.171056
1070 0.15808
1071 0.172022
1072 0.176612
1073 0.166108
1074 0.169942
1075 0.167442
1076 0.161817
1077 0.176933
1078 0.152541
1079 0.164517
1080 0.152917
1081 0.15013
1082 0.153902
1083 0.179285
1084 0.157895
1085 0.179043
1086 0.17288
1087 0.1664
1088 0.178359
1089 0.181539
1090 0.166393
1091 0.190176
1092 0.174581
1093 0.179607
1094 0.172607
1095 0.163899
1096 0.179955
1097 0.176446
1098 0.16589
1099 0.163881
1100 0.164153
1101 0.159226
1102 0.15335
1103 0.151943
1104 0.160868
1105 0.178573
1106 0.169229
1107 0.162517
1108 0.173075
1109 0.169232
1110 0.175165
1111 0.182297
1112 0.179458
1113 0.160995
1114 0.184806
1115 0.182582
1116 0.176106
1117 0.174857
1118 0.188758
1119 0.182422
1120 0.173718
1121 0.189744
1122 0.177453
1123 0.182569
1124 0.186216
1125 0.182199
1126 0.192253
1127 0.17223
1128 0.184659
1129 0.173115
1130 0.179833
1131 0.175537
1132 0.187637
1133 0.184037
1134 0.167638
1135 0.166184
1136 0.165859
1137 0.171237
1138 0.147006
1139 0.159001
1140 0.167385
1141 0.171912
1142 0.170388
1143 0.169625
1144 0.176566
1145 0.175007
1146 0.185342
1147 0.176187
1148 0.19129
1149 0.167735
1150 0.161379
1151 0.177941
1152 0.183727
1153 0.177589
1154 0.190671
1155 0.187088
1156 0.191884
1157 0.194181
1158 0.178633
1159 0.180301
1160 0.166811
1161 0.16659
1162 0.156626
1163 0.151728
1164 0.161829
1165 0.15216
1166 0.15445
1167 0.167768
1168 0.180026
1169 0.168769
1170 0.177861
1171 0.165808
1172 0.16121
1173 0.179843
1174 0.175419
1175 0.172812
1176 0.168974
1177 0.183086
1178 0.185972
1179 0.176312
1180 0.179884
1181 0.173819
1182 0.178092
1183 0.174363
1184 0.160411
1185 0.17361
1186 0.167966
1187 0.183416
1188 0.177914
1189 0.185878
1190 0.181035
1191 0.178312
1192 0.183021
1193 0.178112
1194 0.171758
1195 0.182335
1196 0.190363
1197 0.170967
1198 0.189272
1199 0.183726
1200 0.180515
1201 0.176737
1202 0.171717
1203 0.173109
1204 0.165433
1205 0.157856
1206 0.175359
1207 0.162837
1208 0.170718
1209 0.172457
1210 0.16288
1211 0.166484
1212 0.183845
1213 0.181135
1214 0.157696
1215 0.178901
1216 0.180036
1217 0.169129
1218 0.160149
1219 0.160978
1220 0.167996
1221 0.163563
1222 0.170691
1223 0.166119
1224 0.159496
1225 0.155786
1226 0.171905
1227 0.157457
1228 0.163402
1229 0.167568
1230 0.164817
1231 0.177514
1232 0.170638
1233 0.179254
1234 0.179362
1235 0.166363
1236 0.1798
1237 0.171442
1238 0.162817
1239 0.177491
1240 0.17397
1241 0.168892
1242 0.165819
1243 0.169129
1244 0.181021
1245 0.178762
1246 0.174277
1247 0.178306
1248 0.186104
1249 0.176665
1250 0.190297
1251 0.184519
1252 0.186175
1253 0.171015
1254 0.179374
1255 0.165984
1256 0.181301
1257 0.174666
1258 0.177938
1259 0.177574
1260 0.163412
1261 0.167384
1262 0.181225
1263 0.160007
1264 0.171153
1265 0.174949
1266 0.179416
1267 0.17362
1268 0.167736
1269 0.168471
1270 0.172462
1271 0.160009
1272 0.181292
1273 0.173749
1274 0.164936
1275 0.190818
1276 0.170346
1277 0.18226
1278 0.192862
1279 0.179268
1280 0.174532
1281 0.191369
1282 0.184662
1283 0.176955
1284 0.175326
1285 0.172899
1286 0.167633
1287 0.164413
1288 0.179425
1289 0.171391
1290 0.163915
1291 0.167294
1292 0.179336
1293 0.16208
1294 0.180209
1295 0.174726
1296 0.183466
1297 0.167876
1298 0.173525
1299 0.181097
1300 0.166852
1301 0.178812
1302 0.165301
1303 0.163248
1304 0.163
1305 0.168603
1306 0.169334
1307 0.163957
1308 0.183174
1309 0.173752
1310 0.167522
1311 0.165145
1312 0.168547
1313 0.156777
1314 0.153298
1315 0.160679
1316 0.18334
1317 0.170838
1318 0.165519
1319 0.17016
1320 0.166152
1321 0.180332
1322 0.177185
1323 0.177714
1324 0.173319
1325 0.167634
1326 0.16708
1327 0.167677
1328 0.166309
1329 0.178972
1330 0.173433
1331 0.176503
1332 0.186433
1333 0.174713
1334 0.177836
1335 0.19049
1336 0.189657
1337 0.167653
1338 0.178188
1339 0.179929
1340 0.176355
1341 0.184901
1342 0.175515
1343 0.171664
1344 0.18525
1345 0.172294
1346 0.175219
1347 0.172973
1348 0.173665
1349 0.1808
1350 0.165886
1351 0.178523
1352 0.171317
1353 0.167999
1354 0.18438
1355 0.171169
1356 0.181753
1357 0.185145
1358 0.177419
1359 0.176797
1360 0.175334
1361 0.176515
1362 0.178504
1363 0.1677
1364 0.172816
1365 0.161797
1366 0.168485
1367 0.16671
1368 0.156596
1369 0.17534
1370 0.157028
1371 0.17966
1372 0.176751
1373 0.185943
1374 0.174827
1375 0.177101
1376 0.165096
1377 0.163446
1378 0.159539
1379 0.17278
1380 0.16743
1381 0.163423
1382 0.181805
1383 0.166088
1384 0.162728
1385 0.181403
1386 0.178292
1387 0.162919
1388 0.176435
1389 0.163614
1390 0.176496
1391 0.17391
1392 0.183113
1393 0.180368
1394 0.170753
1395 0.168102
1396 0.175157
1397 0.174336
1398 0.170051
1399 0.173801
1400 0.160932
1401 0.18432
1402 0.170658
1403 0.165773
1404 0.164918
1405 0.161778
1406 0.15166
1407 0.160233
1408 0.171248
1409 0.176182
1410 0.16795
1411 0.181135
1412 0.164105
1413 0.175851
1414 0.161224
1415 0.178661
1416 0.184433
1417 0.174484
1418 0.185761
1419 0.173604
1420 0.169196
1421 0.187431
1422 0.177874
1423 0.164878
1424 0.166617
1425 0.166609
1426 0.182314
1427 0.170804
1428 0.170287
1429 0.189345
1430 0.170512
1431 0.169576
1432 0.171161
1433 0.172581
1434 0.173991
1435 0.170594
1436 0.185554
1437 0.179096
1438 0.175792
1439 0.165016
1440 0.172973
1441 0.168295
1442 0.178451
1443 0.178047
1444 0.165829
1445 0.164657
1446 0.179251
1447 0.17452
1448 0.160858
1449 0.169578
1450 0.165815
1451 0.175825
1452 0.178985
1453 0.175786
1454 0.177318
1455 0.164063
1456 0.16642
1457 0.168843
1458 0.160082
1459 0.164862
1460 0.170728
1461 0.175828
1462 0.173356
1463 0.179599
1464 0.176826
1465 0.175327
1466 0.159917
1467 0.184739
1468 0.18358
1469 0.164954
1470 0.167911
1471 0.173998
1472 0.159544
1473 0.171616
1474 0.159574
1475 0.167914
1476 0.170584
1477 0.171002
1478 0.177047
1479 0.179217
1480 0.160734
1481 0.181735
1482 0.169769
1483 0.169034
1484 0.18181
1485 0.162471
1486 0.181374
1487 0.173407
1488 0.18747
1489 0.16547
1490 0.157487
1491 0.173407
1492 0.168206
1493 0.158563
1494 0.171294
1495 0.165908
1496 0.1761
1497 0.184324
1498 0.164949
1499 0.16768
1500 0.169491
1501 0.17422
1502 0.162202
1503 0.155607
1504 0.169729
1505 0.17922
1506 0.166359
1507 0.179368
1508 0.189797
1509 0.171221
1510 0.190626
1511 0.19084
1512 0.181166
1513 0.184668
1514 0.188519
1515 0.179483
1516 0.174449
1517 0.183935
1518 0.182674
1519 0.165827
1520 0.164259
1521 0.176777
1522 0.159732
1523 0.158946
1524 0.180999
1525 0.158968
1526 0.172025
1527 0.18059
1528 0.163101
1529 0.171416
1530 0.176835
1531 0.168421
1532 0.158896
1533 0.170183
1534 0.170343
1535 0.164247
1536 0.164987
1537 0.180711
1538 0.176675
1539 0.16557
1540 0.178508
1541 0.184841
1542 0.166834
1543 0.175094
1544 0.187696
1545 0.164711
1546 0.172822
1547 0.187577
1548 0.163752
1549 0.171161
1550 0.179958
1551 0.168935
1552 0.160025
1553 0.16209
1554 0.18156
1555 0.164723
1556 0.162843
1557 0.166115
1558 0.16528
1559 0.174711
1560 0.164143
1561 0.160879
1562 0.155917
1563 0.169677
1564 0.161419
1565 0.161495
1566 0.174482
1567 0.175979
1568 0.162542
1569 0.165008
1570 0.183234
1571 0.155519
1572 0.162915
1573 0.177555
1574 0.172299
1575 0.174125
1576 0.176898
1577 0.180272
1578 0.176164
1579 0.184438
1580 0.181823
1581 0.169405
1582 0.18278
1583 0.175076
1584 0.182924
1585 0.172775
1586 0.182189
1587 0.168885
1588 0.169473
1589 0.175844
1590 0.180153
1591 0.170849
1592 0.16816
1593 0.184276
1594 0.171544
1595 0.185078
1596 0.173463
1597 0.180618
1598 0.162817
1599 0.157686
1600 0.174227
1601 0.150636
1602 0.165283
1603 0.152222
1604 0.158039
1605 0.159239
1606 0.156041
1607 0.159754
1608 0.158322
1609 0.167479
1610 0.159444
1611 0.15717
1612 0.183116
1613 0.170017
1614 0.167935
1615 0.188818
1616 0.174975
1617 0.179096
1618 0.17289
1619 0.173053
1620 0.163117
1621 0.154836
1622 0.165101
1623 0.159196
1624 0.164135
1625 0.16329
1626 0.165468
1627 0.179343
1628 0.155267
1629 0.164528
1630 0.176718
1631 0.182009
1632 0.176103
1633 0.186962
1634 0.172922
1635 0.166469
1636 0.162114
1637 0.161202
1638 0.159294
1639 0.170951
1640 0.164223
1641 0.168623
1642 0.184266
1643 0.182136
1644 0.179541
1645 0.171572
1646 0.176582
1647 0.176234
1648 0.165975
1649 0.163565
1650 0.180323
1651 0.179907
1652 0.17142
1653 0.190689
1654 0.192459
1655 0.169822
1656 0.188932
1657 0.191474
1658 0.185461
1659 0.189493
1660 0.180331
1661 0.189468
1662 0.178249
1663 0.18834
1664 0.174602
1665 0.168361
1666 0.168513
1667 0.182587
1668 0.178338
1669 0.17102
1670 0.181843
1671 0.174212
1672 0.185519
1673 0.1804
1674 0.180917
1675 0.191348
1676 0.178217
1677 0.167936
1678 0.172154
1679 0.177739
1680 0.171997
1681 0.154689
1682 0.162721
1683 0.162757
1684 0.169005
1685 0.174954
1686 0.17085
1687 0.178454
1688 0.175428
1689 0.17631
1690 0.181138
1691 0.167876
1692 0.176646
1693 0.181659
1694 0.172519
1695 0.18207
1696 0.184092
1697 0.166368
1698 0.178898
1699 0.176277
1700 0.160933
1701 0.171945
1702 0.180384
1703 0.173008
1704 0.175023
1705 0.165247
1706 0.161482
1707 0.179193
1708 0.158403
1709 0.16616
1710 0.179034
1711 0.158368
1712 0.168895
1713 0.176748
1714 0.164445
1715 0.173652
1716 0.184271
1717 0.1824
1718 0.16444
1719 0.192344
1720 0.181887
1721 0.165826
1722 0.169509
1723 0.173901
1724 0.177979
1725 0.172239
1726 0.173199
1727 0.190097
1728 0.18336
1729 0.175592
1730 0.17974
1731 0.185363
1732 0.169769
1733 0.173901
1734 0.173167
1735 0.186657
1736 0.183761
1737 0.175821
1738 0.192795
1739 0.18816
1740 0.17236
1741 0.16658
1742 0.173936
1743 0.16872
1744 0.152338
1745 0.171132
1746 0.158071
1747 0.168315
1748 0.174213
1749 0.167402
1750 0.171688
1751 0.168359
1752 0.162361
1753 0.174411
1754 0.178521
1755 0.177671
1756 0.1729
1757 0.162591
1758 0.185447
1759 0.168599
1760 0.163437
1761 0.177902
1762 0.162059
1763 0.158269
1764 0.167807
1765 0.156881
1766 0.151571
1767 0.169918
1768 0.155542
1769 0.165965
1770 0.162108
1771 0.182783
1772 0.170718
1773 0.172619
1774 0.161233
1775 0.156225
1776 0.170243
1777 0.168767
1778 0.15579
1779 0.170056
1780 0.181312
1781 0.170107
1782 0.162366
1783 0.175708
1784 0.171721
1785 0.166505
1786 0.177625
1787 0.182573
1788 0.181777
1789 0.180901
1790 0.169346
1791 0.181388
1792 0.169593
1793 0.16026
1794 0.172583
1795 0.163907
1796 0.156236
1797 0.16923
1798 0.165417
1799 0.167041
1800 0.168416
1801 0.167714
1802 0.173868
1803 0.156156
1804 0.164324
1805 0.162569
1806 0.171367
1807 0.163314
1808 0.163179
1809 0.18473
1810 0.172833
1811 0.174586
1812 0.168842
1813 0.172089
1814 0.180793
1815 0.179817
1816 0.170927
1817 0.187526
1818 0.193224
1819 0.180248
1820 0.180178
1821 0.187309
1822 0.175612
1823 0.168542
1824 0.170903
1825 0.175665
1826 0.182361
1827 0.181118
1828 0.171809
1829 0.168132
1830 0.180234
1831 0.174809
1832 0.155293
1833 0.179719
1834 0.175999
1835 0.157127
1836 0.160618
1837 0.169227
1838 0.165325
1839 0.172046
1840 0.159222
1841 0.162803
1842 0.155341
1843 0.154641
1844 0.166949
1845 0.149508
1846 0.15534
1847 0.15279
1848 0.155412
1849 0.1625
1850 0.170561
1851 0.153089
1852 0.16598
1853 0.177734
1854 0.17506
1855 0.168467
1856 0.176875
1857 0.175917
1858 0.173959
1859 0.182587
1860 0.175897
1861 0.185254
1862 0.194417
1863 0.174232
1864 0.1648
1865 0.181774
1866 0.158129
1867 0.174257
1868 0.180427
1869 0.16557
1870 0.168133
1871 0.168782
1872 0.169858
1873 0.164946
1874 0.160905
1875 0.175865
1876 0.163701
1877 0.161259
1878 0.160621
1879 0.153855
1880 0.149881
1881 0.165765
1882 0.170309
1883 0.153331
1884 0.172171
1885 0.162437
1886 0.16958
1887 0.174709
1888 0.16651
1889 0.182814
1890 0.175239
1891 0.179774
1892 0.183968
1893 0.178624
1894 0.169329
1895 0.174375
1896 0.183551
1897 0.162351
1898 0.176341
1899 0.164049
1900 0.170133
1901 0.172782
1902 0.182638
1903 0.174638
1904 0.173809
1905 0.174556
1906 0.172539
1907 0.184587
1908 0.18451
1909 0.171944
1910 0.165218
1911 0.190416
1912 0.171073
1913 0.167092
1914 0.179409
1915 0.173583
1916 0.181586
1917 0.167384
1918 0.170984
1919 0.160726
1920 0.164016
1921 0.158745
1922 0.171635
1923 0.17134
1924 0.185451
1925 0.180706
1926 0.181556
1927 0.171364
1928 0.169458
1929 0.180654
1930 0.186734
1931 0.172662
1932 0.191556
1933 0.189502
1934 0.175117
1935 0.196165
1936 0.178911
1937 0.178664
1938 0.18547
1939 0.174114
1940 0.189339
1941 0.175513
1942 0.163295
1943 0.183582
1944 0.181541
1945 0.17305
1946 0.180785
1947 0.17089
1948 0.172755
1949 0.161228
1950 0.158428
1951 0.161967
1952 0.165045
1953 0.171337
1954 0.150448
1955 0.162785
1956 0.166107
1957 0.163073
1958 0.175809
1959 0.162999
1960 0.171337
1961 0.169212
1962 0.177442
1963 0.178164
1964 0.164772
1965 0.190806
1966 0.177496
1967 0.168209
1968 0.158412
1969 0.161427
1970 0.167993
1971 0.177556
1972 0.172511
1973 0.18642
1974 0.176491
1975 0.184948
1976 0.186547
1977 0.17834
1978 0.189153
1979 0.161627
1980 0.180495
1981 0.171858
1982 0.182369
1983 0.176996
1984 0.164322
1985 0.170776
1986 0.164413
1987 0.170311
1988 0.15877
1989 0.173954
1990 0.181595
1991 0.160619
1992 0.181674
1993 0.166072
1994 0.167407
1995 0.156415
1996 0.166818
1997 0.170377
1998 0.187398
1999 0.166386
2000 0.178377
2001 0.181691
2002 0.179712
2003 0.167889
2004 0.193808
2005 0.186132
2006 0.185309
2007 0.171369
2008 0.168616
2009 0.168969
2010 0.172672
2011 0.173135
2012 0.177986
2013 0.17007
2014 0.161763
2015 0.184464
2016 0.175893
2017 0.182804
2018 0.179902
2019 0.168216
2020 0.175949
2021 0.166329
2022 0.165889
2023 0.165956
2024 0.159115
2025 0.181539
2026 0.183422
2027 0.171516
2028 0.186712
2029 0.191524
2030 0.168949
2031 0.168298
2032 0.182839
2033 0.17921
2034 0.185923
2035 0.171714
2036 0.178126
2037 0.182182
2038 0.165061
2039 0.164029
2040 0.163548
2041 0.171523
2042 0.155936
2043 0.14732
2044 0.174911
2045 0.166848
2046 0.156587
2047 0.179476
2048 0.177277
2049 0.160679
2050 0.172218
2051 0.187872
2052 0.180564
2053 0.162322
2054 0.174033
2055 0.167902
2056 0.158581
2057 0.16802
2058 0.176638
2059 0.158517
2060 0.176524
2061 0.160537
2062 0.164335
2063 0.176128
2064 0.184563
2065 0.16864
2066 0.172343
2067 0.179781
2068 0.177302
2069 0.168889
2070 0.167953
2071 0.162536
2072 0.168021
2073 0.160321
2074 0.153568
2075 0.156484
2076 0.15039
2077 0.152284
2078 0.165817
2079 0.167234
2080 0.156535
2081 0.162317
2082 0.158114
2083 0.172761
2084 0.176292
2085 0.170412
2086 0.170411
2087 0.180387
2088 0.170909
2089 0.164716
2090 0.171967
2091 0.158822
2092 0.154509
2093 0.173702
2094 0.16106
2095 0.150702
2096 0.175717
2097 0.180326
2098 0.167934
2099 0
