0 -0.370644
1 0.099916
2 -0.0484613
3 -0.467155
4 -0.872978
5 -1.18439
6 -1.28286
7 -1.30812
8 -1.26043
9 -1.21177
10 -1.17021
11 -1.14751
12 -1.1685
13 -1.16229
14 -1.15267
15 -1.17827
16 -1.18345
17 -1.12771
18 -1.09254
19 -1.06988
20 -0.998179
21 -0.972629
22 -0.873328
23 -0.782791
24 -0.613165
25 -0.560415
26 -0.391912
27 -0.247522
28 -0.215334
29 -0.0967852
30 -0.0398956
31 -0.00225846
32 0.0669605
33 0.0769431
34 0.111037
35 0.125954
36 0.144184
37 0.164438
38 0.16467
39 0.16486
40 0.159624
41 0.174376
42 0.185997
43 0.163988
44 0.163334
45 0.181354
46 0.16922
47 0.177586
48 0.176674
49 0.178251
50 0.162418
51 0.160638
52 0.171443
53 0.186989
54 0.174067
55 0.172725
56 0.171304
57 0.188007
58 0.171323
59 0.186665
60 0.190016
61 0.197789
62 0.176202
63 0.183011
64 0.192172
65 0.170664
66 0.162151
67 0.189069
68 0.181982
69 0.162397
70 0.167636
71 0.185339
72 0.189007
73 0.16298
74 0.176693
75 0.178493
76 0.167867
77 0.173814
78 0.18449
79 0.17312
80 0.16106
81 0.176648
82 0.182554
83 0.184829
84 0.179637
85 0.182414
86 0.188714
87 0.188363
88 0.170831
89 0.190281
90 0.19879
91 0.172848
92 0.173279
93 0.185828
94 0.168631
95 0.177988
96 0.173942
97 0.181928
98 0.17115
99 0.184714
100 0.170016
101 0.169898
102 0.181087
103 0.167129
104 0.182828
105 0.188358
106 0.164262
107 0.169022
108 0.189753
109 0.18986
110 0.162479
111 0.170092
112 0.182027
113 0.172303
114 0.174442
115 0.18227
116 0.158769
117 0.171401
118 0.188236
119 0.177924
120 0.161428
121 0.170464
122 0.169832
123 0.166414
124 0.153438
125 0.180525
126 0.174029
127 0.165936
128 0.181759
129 0.18145
130 0.165688
131 0.183015
132 0.170388
133 0.180876
134 0.174501
135 0.163097
136 0.165664
137 0.175727
138 0.173309
139 0.1756
140 0.165316
141 0.163709
142 0.187186
143 0.187625
144 0.158075
145 0.180213
146 0.186629
147 0.170512
148 0.165263
149 0.186761
150 0.194253
151 0.175776
152 0.171341
153 0.190136
154 0.195827
155 0.174632
156 0.183387
157 0.190458
158 0.168857
159 0.170087
160 0.174075
161 0.172622
162 0.161638
163 0.165066
164 0.177971
165 0.160315
166 0.15361
167 0.184127
168 0.160062
169 0.164293
170 0.169113
171 0.182778
172 0.165471
173 0.182297
174 0.168984
175 0.156684
176 0.16551
177 0.168971
178 0.172066
179 0.161634
180 0.169888
181 0.17064
182 0.167815
183 0.174819
184 0.170786
185 0.158582
186 0.177561
187 0.162006
188 0.174833
189 0.161845
190 0.159707
191 0.190068
192 0.177038
193 0.156383
194 0.170196
195 0.172583
196 0.161178
197 0.171066
198 0.180925
199 0.178895
200 0.169799
201 0.178023
202 0.182055
203 0.171037
204 0.185056
205 0.186632
206 0.181344
207 0.170413
208 0.182627
209 0.176483
210 0.169155
211 0.173512
212 0.186875
213 0.164252
214 0.172724
215 0.15981
216 0.167251
217 0.175394
218 0.156473
219 0.175153
220 0.182919
221 0.163591
222 0.157418
223 0.194425
224 0.176133
225 0.158083
226 0.188779
227 0.188754
228 0.183631
229 0.177853
230 0.174611
231 0.167508
232 0.188937
233 0.185967
234 0.170086
235 0.169785
236 0.178735
237 0.173632
238 0.177734
239 0.172007
240 0.159996
241 0.166541
242 0.166494
243 0.178402
244 0.171225
245 0.167343
246 0.176189
247 0.164428
248 0.177472
249 0.18611
250 0.189108
251 0.180735
252 0.176094
253 0.194024
254 0.181437
255 0.182136
256 0.177756
257 0.169706
258 0.174343
259 0.163893
260 0.176471
261 0.16542
262 0.159882
263 0.1669
264 0.174298
265 0.179785
266 0.176104
267 0.182449
268 0.175529
269 0.185398
270 0.191736
271 0.183615
272 0.185028
273 0.172659
274 0.175905
275 0.172342
276 0.182571
277 0.168439
278 0.158499
279 0.164533
280 0.165035
281 0.179147
282 0.171184
283 0.174385
284 0.176969
285 0.167674
286 0.188296
287 0.196677
288 0.170548
289 0.175405
290 0.173784
291 0.196221
292 0.177436
293 0.162253
294 0.164209
295 0.17018
296 0.166852
297 0.173115
298 0.176475
299 0.163093
300 0.169999
301 0.184831
302 0.170952
303 0.18051
304 0.164994
305 0.192525
306 0.186799
307 0.182567
308 0.166019
309 0.174408
310 0.169787
311 0.170817
312 0.177884
313 0.163463
314 0.162401
315 0.172987
316 0.182739
317 0.16317
318 0.166582
319 0.184539
320 0.178314
321 0.175652
322 0.175065
323 0.169403
324 0.192195
325 0.176293
326 0.170993
327 0.161906
328 0.1615
329 0.168973
330 0.15763
331 0.178417
332 0.156239
333 0.148917
334 0.170723
335 0.159376
336 0.172997
337 0.17336
338 0.173442
339 0.183451
340 0.169535
341 0.178115
342 0.185481
343 0.185692
344 0.169
345 0.161309
346 0.168657
347 0.177173
348 0.180282
349 0.163133
350 0.167966
351 0.166785
352 0.17043
353 0.182899
354 0.172008
355 0.175824
356 0.16723
357 0.192213
358 0.183695
359 0.18385
360 0.168249
361 0.182849
362 0.16578
363 0.165015
364 0.182951
365 0.184147
366 0.160686
367 0.156351
368 0.172024
369 0.168146
370 0.160315
371 0.17445
372 0.163776
373 0.157837
374 0.179675
375 0.185093
376 0.186622
377 0.166451
378 0.165526
379 0.173905
380 0.189975
381 0.162844
382 0.163077
383 0.180343
384 0.16834
385 0.175879
386 0.174751
387 0.178748
388 0.166265
389 0.166848
390 0.186263
391 0.169963
392 0.177369
393 0.188552
394 0.168739
395 0.160439
396 0.172207
397 0.191263
398 0.162042
399 0.150069
400 0.170882
401 0.165958
402 0.166719
403 0.163106
404 0.181878
405 0.179234
406 0.174431
407 0.17582
408 0.17364
409 0.170266
410 0.187459
411 0.169774
412 0.164616
413 0.16797
414 0.183975
415 0.1726
416 0.169316
417 0.157371
418 0.177655
419 0.181754
420 0.164647
421 0.182775
422 0.17313
423 0.19116
424 0.179506
425 0.171269
426 0.171
427 0.18031
428 0.176481
429 0.178349
430 0.168479
431 0.180293
432 0.179296
433 0.193681
434 0.190977
435 0.176075
436 0.163823
437 0.192099
438 0.189652
439 0.183612
440 0.170568
441 0.169237
442 0.175
443 0.17557
444 0.178476
445 0.156366
446 0.172735
447 0.173894
448 0.166691
449 0.159905
450 0.181985
451 0.187325
452 0.175388
453 0.161046
454 0.164706
455 0.193512
456 0.182313
457 0.158801
458 0.17853
459 0.176562
460 0.175467
461 0.164192
462 0.160133
463 0.179419
464 0.177467
465 0.161964
466 0.171112
467 0.158301
468 0.175127
469 0.166044
470 0.15929
471 0.164379
472 0.166163
473 0.18162
474 0.158151
475 0.173116
476 0.185851
477 0.192769
478 0.186235
479 0.172447
480 0.163599
481 0.196338
482 0.182253
483 0.173901
484 0.168416
485 0.167098
486 0.191256
487 0.167284
488 0.168637
489 0.164965
490 0.182242
491 0.174556
492 0.169855
493 0.15808
494 0.189221
495 0.17999
496 0.185278
497 0.179737
498 0.172504
499 0.185408
500 0.191358
501 0.169162
502 0.189926
503 0.178075
504 0.176896
505 0.170218
506 0.160362
507 0.181929
508 0.162088
509 0.151125
510 0.158355
511 0.173369
512 0.177285
513 0.15671
514 0.164668
515 0.178938
516 0.165135
517 0.171736
518 0.171329
519 0.175445
520 0.175732
521 0.181129
522 0.168466
523 0.180542
524 0.17838
525 0.161122
526 0.171882
527 0.175883
528 0.165898
529 0.154286
530 0.18522
531 0.174989
532 0.17334
533 0.162761
534 0.186795
535 0.190574
536 0.163835
537 0.15616
538 0.190538
539 0.186333
540 0.171731
541 0.175207
542 0.179939
543 0.15975
544 0.186557
545 0.18738
546 0.167599
547 0.174187
548 0.192236
549 0.194868
550 0.169312
551 0.16507
552 0.192945
553 0.174843
554 0.19103
555 0.185464
556 0.176689
557 0.178088
558 0.190077
559 0.182292
560 0.178815
561 0.170177
562 0.197117
563 0.181712
564 0.177127
565 0.186863
566 0.189181
567 0.186302
568 0.173319
569 0.171401
570 0.189895
571 0.194666
572 0.182196
573 0.159313
574 0.173913
575 0.175428
576 0.181489
577 0.177948
578 0.183942
579 0.178102
580 0.167038
581 0.165558
582 0.192689
583 0.196593
584 0.175687
585 0.172019
586 0.182749
587 0.200292
588 0.176443
589 0.169116
590 0.169397
591 0.178903
592 0.179233
593 0.167177
594 0.160658
595 0.170308
596 0.18933
597 0.174584
598 0.168863
599 0.174657
600 0.168756
601 0.17594
602 0.170987
603 0.164647
604 0.17704
605 0.171669
606 0.182412
607 0.175543
608 0.174602
609 0.182392
610 0.182996
611 0.177298
612 0.176765
613 0.171422
614 0.191169
615 0.169215
616 0.165767
617 0.177246
618 0.164346
619 0.167642
620 0.175866
621 0.171938
622 0.177666
623 0.165167
624 0.162058
625 0.174901
626 0.175119
627 0.168012
628 0.174339
629 0.178917
630 0.160859
631 0.183355
632 0.172937
633 0.162946
634 0.173914
635 0.172657
636 0.155952
637 0.165589
638 0.172507
639 0.173257
640 0.169622
641 0.18094
642 0.174057
643 0.171391
644 0.168592
645 0.167729
646 0.174587
647 0.183043
648 0.16245
649 0.165383
650 0.163464
651 0.176684
652 0.171498
653 0.178469
654 0.172488
655 0.184643
656 0.170498
657 0.18406
658 0.166315
659 0.179379
660 0.179018
661 0.181254
662 0.187046
663 0.171975
664 0.183684
665 0.18481
666 0.194626
667 0.167013
668 0.184362
669 0.18321
670 0.182612
671 0.176968
672 0.171089
673 0.18688
674 0.188074
675 0.170545
676 0.181195
677 0.164574
678 0.166206
679 0.167428
680 0.167875
681 0.181923
682 0.16371
683 0.164561
684 0.186394
685 0.177308
686 0.177215
687 0.172948
688 0.169987
689 0.192659
690 0.184439
691 0.173319
692 0.169871
693 0.172664
694 0.169226
695 0.171584
696 0.181107
697 0.168331
698 0.167428
699 0.16741
700 0.175863
701 0.174751
702 0.186011
703 0.16299
704 0.177652
705 0.178808
706 0.170456
707 0.167722
708 0.162854
709 0.182112
710 0.160923
711 0.17877
712 0.178595
713 0.183663
714 0.175991
715 0.169825
716 0.187006
717 0.19073
718 0.178255
719 0.162248
720 0.172447
721 0.169564
722 0.167328
723 0.168535
724 0.158257
725 0.164554
726 0.17793
727 0.178576
728 0.164968
729 0.163008
730 0.190079
731 0.190992
732 0.172648
733 0.173941
734 0.192599
735 0.184749
736 0.183752
737 0.172188
738 0.184218
739 0.192524
740 0.18604
741 0.178322
742 0.181459
743 0.181076
744 0.192563
745 0.168478
746 0.188812
747 0.188293
748 0.179496
749 0.165236
750 0.185402
751 0.173921
752 0.163719
753 0.170676
754 0.176748
755 0.167859
756 0.179244
757 0.168833
758 0.161894
759 0.16323
760 0.175114
761 0.180224
762 0.157284
763 0.159712
764 0.169316
765 0.176249
766 0.173451
767 0.176793
768 0.158019
769 0.165886
770 0.18054
771 0.163489
772 0.170299
773 0.175316
774 0.177162
775 0.177649
776 0.173117
777 0.175435
778 0.177056
779 0.171102
780 0.176797
781 0.183247
782 0.170736
783 0.174226
784 0.16124
785 0.159981
786 0.179322
787 0.177215
788 0.165865
789 0.174718
790 0.169538
791 0.186554
792 0.173521
793 0.161401
794 0.168421
795 0.174315
796 0.178278
797 0.178573
798 0.150091
799 0.163567
800 0.183817
801 0.166925
802 0.166709
803 0.167473
804 0.170158
805 0.170796
806 0.168737
807 0.159723
808 0.183664
809 0.163626
810 0.173167
811 0.180988
812 0.16588
813 0.165539
814 0.193266
815 0.187924
816 0.183018
817 0.173667
818 0.172415
819 0.175955
820 0.194612
821 0.18115
822 0.182768
823 0.169042
824 0.167097
825 0.164258
826 0.166115
827 0.165099
828 0.164173
829 0.17051
830 0.16962
831 0.169754
832 0.181498
833 0.181138
834 0.18893
835 0.184513
836 0.192879
837 0.182056
838 0.170691
839 0.176061
840 0.169983
841 0.186131
842 0.183855
843 0.176412
844 0.157848
845 0.185919
846 0.176385
847 0.191333
848 0.171353
849 0.163438
850 0.164585
851 0.174521
852 0.174414
853 0.169163
854 0.162319
855 0.18663
856 0.170839
857 0.165312
858 0.155341
859 0.173566
860 0.169004
861 0.17525
862 0.171912
863 0.181832
864 0.18054
865 0.171498
866 0.165824
867 0.165686
868 0.175632
869 0.18042
870 0.171938
871 0.179694
872 0.164903
873 0.171499
874 0.192418
875 0.184248
876 0.16897
877 0.166111
878 0.184499
879 0.174515
880 0.188256
881 0.172514
882 0.166077
883 0.18558
884 0.171044
885 0.172206
886 0.181507
887 0.174134
888 0.179384
889 0.190706
890 0.165833
891 0.190577
892 0.179819
893 0.191655
894 0.180633
895 0.178033
896 0.170519
897 0.168728
898 0.19095
899 0.191828
900 0.164146
901 0.176769
902 0.181015
903 0.173252
904 0.16373
905 0.164072
906 0.168316
907 0.161829
908 0.154821
909 0.173147
910 0.151336
911 0.169773
912 0.157238
913 0.18611
914 0.171317
915 0.166344
916 0.177874
917 0.184979
918 0.171565
919 0.157948
920 0.167168
921 0.17811
922 0.171912
923 0.157875
924 0.159164
925 0.161278
926 0.178427
927 0.180462
928 0.162903
929 0.169396
930 0.173467
931 0.184007
932 0.182956
933 0.174721
934 0.184297
935 0.163583
936 0.176761
937 0.165648
938 0.175449
939 0.187395
940 0.18232
941 0.179419
942 0.172232
943 0.196789
944 0.180044
945 0.189253
946 0.195433
947 0.174401
948 0.168879
949 0.191291
950 0.185839
951 0.18042
952 0.162591
953 0.187328
954 0.163387
955 0.16298
956 0.162073
957 0.177792
958 0.176806
959 0.171987
960 0.170443
961 0.181626
962 0.178681
963 0.174042
964 0.169536
965 0.189433
966 0.181498
967 0.166538
968 0.174497
969 0.168176
970 0.165041
971 0.18608
972 0.182658
973 0.156681
974 0.169545
975 0.175105
976 0.180068
977 0.188494
978 0.184707
979 0.167852
980 0.173227
981 0.178858
982 0.172359
983 0.172344
984 0.187804
985 0.176227
986 0.180584
987 0.181
988 0.179524
989 0.17377
990 0.175473
991 0.191485
992 0.182044
993 0.180007
994 0.171093
995 0.167487
996 0.188363
997 0.175142
998 0.187273
999 0.182046
1000 0.173641
1001 0.167537
1002 0.187967
1003 0.188546
1004 0.183421
1005 0.1782
1006 0.174318
1007 0.172778
1008 0.18873
1009 0.177004
1010 0.179801
1011 0.181613
1012 0.163751
1013 0.179049
1014 0.166554
1015 0.171112
1016 0.174713
1017 0.164211
1018 0.16447
1019 0.171767
1020 0.17927
1021 0.174512
1022 0.158144
1023 0.171868
1024 0.186507
1025 0.190994
1026 0.179924
1027 0.172891
1028 0.160992
1029 0.185769
1030 0.182859
1031 0.17802
1032 0.18055
1033 0.185983
1034 0.18292
1035 0.182922
1036 0.167724
1037 0.191947
1038 0.190239
1039 0.177251
1040 0.172925
1041 0.193768
1042 0.163034
1043 0.179682
1044 0.169224
1045 0.158852
1046 0.165528
1047 0.168224
1048 0.164837
1049 0.176992
1050 0.171363
1051 0.155572
1052 0.154944
1053 0.167841
1054 0.175907
1055 0.161868
1056 0.171552
1057 0.172508
1058 0.162413
1059 0.173197
1060 0.173522
1061 0.173474
1062 0.166778
1063 0.175206
1064 0.173908
1065 0.184702
1066 0.176101
1067 0.16366
1068 0.179014
1069 0.181745
1070 0.166885
1071 0.175625
1072 0.180183
1073 0.17191
1074 0.166055
1075 0.168085
1076 0.167678
1077 0.184496
1078 0.159986
1079 0.168535
1080 0.155368
1081 0.155723
1082 0.157665
1083 0.183756
1084 0.162967
1085 0.176958
1086 0.173114
1087 0.175542
1088 0.179076
1089 0.18357
1090 0.164986
1091 0.189354
1092 0.176782
1093 0.186135
1094 0.179949
1095 0.166192
1096 0.175883
1097 0.179532
1098 0.168765
1099 0.165693
1100 0.165764
1101 0.167196
1102 0.161028
1103 0.157318
1104 0.166766
1105 0.178674
1106 0.175693
1107 0.157313
1108 0.170107
1109 0.178195
1110 0.185703
1111 0.187493
1112 0.179526
1113 0.154196
1114 0.187567
1115 0.194737
1116 0.18199
1117 0.168014
1118 0.1895
1119 0.19015
1120 0.175624
1121 0.189124
1122 0.175382
1123 0.185308
1124 0.189482
1125 0.185672
1126 0.19073
1127 0.168892
1128 0.190517
1129 0.183328
1130 0.182227
1131 0.173282
1132 0.190292
1133 0.188925
1134 0.169559
1135 0.165424
1136 0.168189
1137 0.182554
1138 0.156686
1139 0.165619
1140 0.166517
1141 0.174585
1142 0.168614
1143 0.170475
1144 0.178748
1145 0.182509
1146 0.188854
1147 0.174362
1148 0.190754
1149 0.170161
1150 0.165838
1151 0.183956
1152 0.189674
1153 0.181994
1154 0.183321
1155 0.182566
1156 0.195199
1157 0.200513
1158 0.177599
1159 0.176662
1160 0.171742
1161 0.17646
1162 0.164099
1163 0.154605
1164 0.167556
1165 0.157104
1166 0.161457
1167 0.171542
1168 0.178757
1169 0.17073
1170 0.176305
1171 0.168884
1172 0.168771
1173 0.188494
1174 0.182406
1175 0.173443
1176 0.162237
1177 0.184923
1178 0.194774
1179 0.180105
1180 0.177078
1181 0.173948
1182 0.182648
1183 0.178708
1184 0.165325
1185 0.17514
1186 0.173442
1187 0.185301
1188 0.177004
1189 0.186594
1190 0.17981
1191 0.180451
1192 0.186274
1193 0.180506
1194 0.17476
1195 0.186339
1196 0.19414
1197 0.170479
1198 0.183378
1199 0.181813
1200 0.188597
1201 0.18435
1202 0.172434
1203 0.170679
1204 0.167939
1205 0.162955
1206 0.183105
1207 0.169163
1208 0.172922
1209 0.170343
1210 0.164036
1211 0.167625
1212 0.187085
1213 0.191899
1214 0.157601
1215 0.171703
1216 0.186667
1217 0.180198
1218 0.164759
1219 0.163666
1220 0.17279
1221 0.172937
1222 0.171997
1223 0.166097
1224 0.15985
1225 0.158763
1226 0.179734
1227 0.16419
1228 0.16448
1229 0.165969
1230 0.172353
1231 0.180385
1232 0.173811
1233 0.178421
1234 0.178759
1235 0.168338
1236 0.18289
1237 0.177607
1238 0.168671
1239 0.178918
1240 0.177572
1241 0.169219
1242 0.165683
1243 0.173797
1244 0.187613
1245 0.185326
1246 0.17101
1247 0.17375
1248 0.186496
1249 0.18186
1250 0.194303
1251 0.181734
1252 0.186998
1253 0.171659
1254 0.185839
1255 0.173736
1256 0.181017
1257 0.175069
1258 0.180535
1259 0.181088
1260 0.16747
1261 0.16874
1262 0.187014
1263 0.16547
1264 0.168853
1265 0.174819
1266 0.187061
1267 0.181301
1268 0.165541
1269 0.167831
1270 0.174669
1271 0.167468
1272 0.185933
1273 0.175273
1274 0.16467
1275 0.187938
1276 0.1718
1277 0.18312
1278 0.193595
1279 0.185992
1280 0.170377
1281 0.18725
1282 0.191524
1283 0.180336
1284 0.173076
1285 0.176906
1286 0.175195
1287 0.170272
1288 0.181741
1289 0.174765
1290 0.162465
1291 0.16717
1292 0.183743
1293 0.168751
1294 0.180723
1295 0.171912
1296 0.188848
1297 0.17164
1298 0.182263
1299 0.184189
1300 0.167761
1301 0.18087
1302 0.170943
1303 0.170989
1304 0.16569
1305 0.172063
1306 0.176807
1307 0.165823
1308 0.183184
1309 0.172974
1310 0.16811
1311 0.165211
1312 0.178543
1313 0.166726
1314 0.158054
1315 0.16257
1316 0.182336
1317 0.177813
1318 0.162548
1319 0.167637
1320 0.174322
1321 0.191126
1322 0.18342
1323 0.176974
1324 0.167498
1325 0.16748
1326 0.174002
1327 0.179042
1328 0.173862
1329 0.177185
1330 0.171816
1331 0.17693
1332 0.188399
1333 0.176861
1334 0.177571
1335 0.194024
1336 0.194785
1337 0.166243
1338 0.17323
1339 0.183076
1340 0.190947
1341 0.189334
1342 0.174346
1343 0.164606
1344 0.184771
1345 0.182206
1346 0.180277
1347 0.172133
1348 0.176357
1349 0.185596
1350 0.166707
1351 0.17682
1352 0.173981
1353 0.174346
1354 0.187197
1355 0.171716
1356 0.180567
1357 0.185477
1358 0.180892
1359 0.176666
1360 0.175507
1361 0.184204
1362 0.187046
1363 0.170113
1364 0.174874
1365 0.164584
1366 0.175395
1367 0.172424
1368 0.157853
1369 0.18232
1370 0.162526
1371 0.179254
1372 0.174411
1373 0.190011
1374 0.179001
1375 0.179283
1376 0.168291
1377 0.164532
1378 0.165114
1379 0.178584
1380 0.176002
1381 0.164558
1382 0.177537
1383 0.167108
1384 0.164067
1385 0.185029
1386 0.191907
1387 0.162994
1388 0.173552
1389 0.165105
1390 0.179577
1391 0.178195
1392 0.189158
1393 0.185134
1394 0.167286
1395 0.16502
1396 0.176047
1397 0.185398
1398 0.175723
1399 0.174461
1400 0.160123
1401 0.182297
1402 0.172711
1403 0.171742
1404 0.169591
1405 0.172405
1406 0.15541
1407 0.163921
1408 0.179082
1409 0.17776
1410 0.168904
1411 0.177643
1412 0.166833
1413 0.185023
1414 0.166353
1415 0.180581
1416 0.184995
1417 0.175641
1418 0.185129
1419 0.175691
1420 0.172558
1421 0.191491
1422 0.189701
1423 0.164598
1424 0.16245
1425 0.174345
1426 0.191348
1427 0.177327
1428 0.163745
1429 0.186054
1430 0.17676
1431 0.172086
1432 0.170763
1433 0.181821
1434 0.182818
1435 0.172717
1436 0.180086
1437 0.177665
1438 0.17651
1439 0.170148
1440 0.176293
1441 0.175695
1442 0.180835
1443 0.180459
1444 0.16702
1445 0.162278
1446 0.190865
1447 0.188296
1448 0.164982
1449 0.165464
1450 0.168024
1451 0.18699
1452 0.186274
1453 0.173749
1454 0.173893
1455 0.165111
1456 0.172143
1457 0.177392
1458 0.168379
1459 0.167765
1460 0.173498
1461 0.175617
1462 0.174784
1463 0.180994
1464 0.177725
1465 0.178384
1466 0.164131
1467 0.184931
1468 0.193127
1469 0.168485
1470 0.164574
1471 0.179938
1472 0.168556
1473 0.180813
1474 0.161018
1475 0.163724
1476 0.173226
1477 0.180229
1478 0.184278
1479 0.179637
1480 0.156018
1481 0.179289
1482 0.176521
1483 0.176532
1484 0.18389
1485 0.168878
1486 0.178875
1487 0.171823
1488 0.19325
1489 0.172271
1490 0.160619
1491 0.174989
1492 0.175814
1493 0.1619
1494 0.170476
1495 0.169185
1496 0.180133
1497 0.190256
1498 0.162104
1499 0.161861
1500 0.170354
1501 0.18948
1502 0.169717
1503 0.154562
1504 0.168243
1505 0.181704
1506 0.174805
1507 0.17904
1508 0.187343
1509 0.171707
1510 0.189162
1511 0.192651
1512 0.187211
1513 0.183495
1514 0.186334
1515 0.181106
1516 0.176472
1517 0.187616
1518 0.189532
1519 0.169588
1520 0.161365
1521 0.18265
1522 0.169187
1523 0.163224
1524 0.182883
1525 0.160797
1526 0.170805
1527 0.182537
1528 0.170021
1529 0.168826
1530 0.176653
1531 0.177133
1532 0.162104
1533 0.172172
1534 0.178614
1535 0.167408
1536 0.167357
1537 0.184827
1538 0.181614
1539 0.165312
1540 0.174497
1541 0.189313
1542 0.169781
1543 0.175661
1544 0.187877
1545 0.169147
1546 0.172935
1547 0.188173
1548 0.17308
1549 0.17033
1550 0.182479
1551 0.178856
1552 0.164791
1553 0.165044
1554 0.187947
1555 0.17335
1556 0.161641
1557 0.164485
1558 0.172245
1559 0.180645
1560 0.170146
1561 0.160655
1562 0.156246
1563 0.175092
1564 0.169775
1565 0.164364
1566 0.175578
1567 0.182184
1568 0.162243
1569 0.164758
1570 0.191502
1571 0.165242
1572 0.170398
1573 0.180488
1574 0.177599
1575 0.17298
1576 0.174639
1577 0.184371
1578 0.180934
1579 0.187757
1580 0.181717
1581 0.168723
1582 0.184082
1583 0.178838
1584 0.187797
1585 0.172829
1586 0.185283
1587 0.170888
1588 0.172257
1589 0.178366
1590 0.181509
1591 0.173467
1592 0.170042
1593 0.185189
1594 0.178157
1595 0.185742
1596 0.172429
1597 0.186212
1598 0.168192
1599 0.161935
1600 0.177261
1601 0.157045
1602 0.176659
1603 0.154314
1604 0.158539
1605 0.160009
1606 0.165321
1607 0.168503
1608 0.165352
1609 0.167791
1610 0.160864
1611 0.159194
1612 0.185289
1613 0.178768
1614 0.166078
1615 0.185133
1616 0.17996
1617 0.180329
1618 0.171852
1619 0.179784
1620 0.17231
1621 0.159397
1622 0.165639
1623 0.163635
1624 0.173147
1625 0.163921
1626 0.166001
1627 0.181444
1628 0.158572
1629 0.168841
1630 0.184618
1631 0.184559
1632 0.177899
1633 0.184569
1634 0.173214
1635 0.169539
1636 0.169909
1637 0.170134
1638 0.167596
1639 0.172997
1640 0.167755
1641 0.166643
1642 0.183909
1643 0.186485
1644 0.178119
1645 0.170023
1646 0.179351
1647 0.186845
1648 0.172052
1649 0.163
1650 0.180897
1651 0.187294
1652 0.173745
1653 0.183949
1654 0.194199
1655 0.174213
1656 0.186508
1657 0.19726
1658 0.192684
1659 0.188809
1660 0.177685
1661 0.189003
1662 0.178877
1663 0.195366
1664 0.18256
1665 0.16956
1666 0.16318
1667 0.182986
1668 0.185455
1669 0.173203
1670 0.179512
1671 0.175764
1672 0.188173
1673 0.179809
1674 0.184748
1675 0.191695
1676 0.178764
1677 0.165942
1678 0.171351
1679 0.193087
1680 0.182634
1681 0.156049
1682 0.158855
1683 0.166592
1684 0.184341
1685 0.179094
1686 0.166654
1687 0.176158
1688 0.178281
1689 0.182204
1690 0.183957
1691 0.171781
1692 0.177239
1693 0.186637
1694 0.174585
1695 0.184373
1696 0.188145
1697 0.165063
1698 0.182547
1699 0.187611
1700 0.167214
1701 0.175068
1702 0.185961
1703 0.180008
1704 0.173416
1705 0.163507
1706 0.165067
1707 0.189494
1708 0.169634
1709 0.171508
1710 0.174091
1711 0.157436
1712 0.170856
1713 0.186877
1714 0.173846
1715 0.172031
1716 0.181901
1717 0.187269
1718 0.164799
1719 0.1889
1720 0.183318
1721 0.171779
1722 0.171232
1723 0.186367
1724 0.184977
1725 0.173964
1726 0.167315
1727 0.186963
1728 0.187815
1729 0.177802
1730 0.181489
1731 0.18942
1732 0.173195
1733 0.173736
1734 0.174314
1735 0.192972
1736 0.187973
1737 0.1742
1738 0.188453
1739 0.186634
1740 0.176713
1741 0.169277
1742 0.183126
1743 0.180751
1744 0.156313
1745 0.175969
1746 0.162635
1747 0.17778
1748 0.174676
1749 0.16387
1750 0.173429
1751 0.176605
1752 0.170634
1753 0.180739
1754 0.180107
1755 0.178871
1756 0.167553
1757 0.164521
1758 0.191512
1759 0.181043
1760 0.16372
1761 0.176376
1762 0.172109
1763 0.162826
1764 0.174961
1765 0.165554
1766 0.157618
1767 0.177536
1768 0.160119
1769 0.174678
1770 0.160397
1771 0.179659
1772 0.17038
1773 0.17869
1774 0.170056
1775 0.161972
1776 0.173836
1777 0.173881
1778 0.155668
1779 0.16786
1780 0.187327
1781 0.179403
1782 0.161499
1783 0.177905
1784 0.182545
1785 0.172907
1786 0.181855
1787 0.185145
1788 0.185002
1789 0.178683
1790 0.168034
1791 0.186142
1792 0.1793
1793 0.165092
1794 0.175668
1795 0.170398
1796 0.160523
1797 0.172912
1798 0.17046
1799 0.173286
1800 0.168782
1801 0.166836
1802 0.178555
1803 0.164848
1804 0.16748
1805 0.167507
1806 0.179128
1807 0.169898
1808 0.167133
1809 0.183857
1810 0.176297
1811 0.172957
1812 0.170147
1813 0.17825
1814 0.186126
1815 0.185102
1816 0.167042
1817 0.18485
1818 0.196365
1819 0.182612
1820 0.179139
1821 0.18279
1822 0.182364
1823 0.173579
1824 0.173688
1825 0.183574
1826 0.182889
1827 0.185615
1828 0.16855
1829 0.165655
1830 0.189616
1831 0.187976
1832 0.160334
1833 0.176784
1834 0.179851
1835 0.162815
1836 0.156438
1837 0.171518
1838 0.17642
1839 0.17628
1840 0.15829
1841 0.162165
1842 0.161149
1843 0.165083
1844 0.175481
1845 0.152992
1846 0.16304
1847 0.156672
1848 0.161609
1849 0.170489
1850 0.175081
1851 0.157867
1852 0.166321
1853 0.182864
1854 0.184988
1855 0.162363
1856 0.171176
1857 0.178188
1858 0.184053
1859 0.189928
1860 0.175625
1861 0.181239
1862 0.19205
1863 0.177875
1864 0.166409
1865 0.184573
1866 0.173458
1867 0.176282
1868 0.184632
1869 0.167933
1870 0.167991
1871 0.173376
1872 0.177438
1873 0.171998
1874 0.162859
1875 0.176975
1876 0.166948
1877 0.162146
1878 0.164667
1879 0.160884
1880 0.155828
1881 0.171646
1882 0.177859
1883 0.149957
1884 0.173827
1885 0.170272
1886 0.172228
1887 0.178147
1888 0.174564
1889 0.185678
1890 0.177803
1891 0.178248
1892 0.183833
1893 0.184518
1894 0.172515
1895 0.176071
1896 0.189143
1897 0.166707
1898 0.180536
1899 0.165584
1900 0.171939
1901 0.17433
1902 0.18945
1903 0.178224
1904 0.173586
1905 0.174667
1906 0.175668
1907 0.191035
1908 0.185977
1909 0.171062
1910 0.161007
1911 0.191111
1912 0.180793
1913 0.168651
1914 0.177298
1915 0.182129
1916 0.184982
1917 0.164712
1918 0.169147
1919 0.166692
1920 0.175796
1921 0.163059
1922 0.173605
1923 0.171246
1924 0.184152
1925 0.179754
1926 0.183817
1927 0.175035
1928 0.171927
1929 0.187584
1930 0.189808
1931 0.174239
1932 0.185776
1933 0.188217
1934 0.178138
1935 0.198359
1936 0.179069
1937 0.179722
1938 0.190071
1939 0.177581
1940 0.186752
1941 0.177604
1942 0.163089
1943 0.186229
1944 0.18855
1945 0.175426
1946 0.17766
1947 0.165512
1948 0.177601
1949 0.170689
1950 0.168317
1951 0.16588
1952 0.164739
1953 0.181066
1954 0.15306
1955 0.165269
1956 0.171732
1957 0.168409
1958 0.183695
1959 0.165812
1960 0.168836
1961 0.168452
1962 0.185666
1963 0.188493
1964 0.163379
1965 0.186419
1966 0.175454
1967 0.171688
1968 0.165365
1969 0.167881
1970 0.176695
1971 0.178109
1972 0.176911
1973 0.182618
1974 0.174162
1975 0.191078
1976 0.194055
1977 0.181962
1978 0.187134
1979 0.162346
1980 0.188061
1981 0.179133
1982 0.184046
1983 0.172594
1984 0.166653
1985 0.175262
1986 0.172891
1987 0.176483
1988 0.158468
1989 0.177181
1990 0.183383
1991 0.164187
1992 0.17647
1993 0.167567
1994 0.180358
1995 0.163131
1996 0.169431
1997 0.175059
1998 0.189965
1999 0.168365
2000 0.177331
2001 0.186122
2002 0.187553
2003 0.162661
2004 0.189312
2005 0.18739
2006 0.19099
2007 0.172151
2008 0.170492
2009 0.176264
2010 0.180322
2011 0.176891
2012 0.173397
2013 0.167583
2014 0.164809
2015 0.18848
2016 0.186808
2017 0.183396
2018 0.175923
2019 0.166853
2020 0.179187
2021 0.172234
2022 0.173205
2023 0.172525
2024 0.163399
2025 0.179069
2026 0.185839
2027 0.170093
2028 0.182557
2029 0.191634
2030 0.171086
2031 0.172536
2032 0.184351
2033 0.191586
2034 0.185685
2035 0.16457
2036 0.1739
2037 0.186306
2038 0.174655
2039 0.166608
2040 0.164065
2041 0.182102
2042 0.162669
2043 0.150677
2044 0.174666
2045 0.173953
2046 0.161709
2047 0.175412
2048 0.179977
2049 0.160738
2050 0.174319
2051 0.192079
2052 0.188642
2053 0.159913
2054 0.169989
2055 0.178301
2056 0.167281
2057 0.177652
2058 0.183308
2059 0.161167
2060 0.178579
2061 0.163963
2062 0.173118
2063 0.179231
2064 0.187044
2065 0.167721
2066 0.169476
2067 0.18443
2068 0.186717
2069 0.169711
2070 0.164312
2071 0.163672
2072 0.177115
2073 0.167068
2074 0.158634
2075 0.158635
2076 0.158777
2077 0.158016
2078 0.1697
2079 0.177368
2080 0.154225
2081 0.162621
2082 0.162659
2083 0.180067
2084 0.18527
2085 0.171006
2086 0.166064
2087 0.182297
2088 0.178255
2089 0.170092
2090 0.173529
2091 0.165394
2092 0.158577
2093 0.181722
2094 0.165999
2095 0.156167
2096 0.17418
2097 0.181359
2098 0.174016
2099 0
