0 186.283
1 60.5069
2 71.2045
3 104.989
4 113.44
5 113.722
6 112.871
7 112.033
8 112.083
9 109.363
10 110.554
11 108.018
12 102.498
13 98.1204
14 64.6897
15 62.9939
16 27.2974
17 11.1443
18 3.51005
19 1.74354
20 0.291388
21 -0.191228
22 0.0355675
23 0.0123019
24 0.0947783
25 0.139089
26 0.153757
27 0.179395
28 0.159484
29 0.166371
30 0.179051
31 0.182234
32 0.17772
33 0.165292
34 0.16624
35 0.170694
36 0.184044
37 0.193434
38 0.156854
39 0.157302
40 0.161206
41 0.187395
42 0.230424
43 0.192217
44 0.181008
45 0.197558
46 0.200276
47 0.199271
48 0.205458
49 0.178536
50 0.203679
51 0.181922
52 0.192198
53 0.181096
54 0.162081
55 0.174314
56 0.178322
57 0.18532
58 0.202362
59 0.122339
60 0.170154
61 0.163863
62 0.157329
63 0.171869
64 0.143298
65 0.144047
66 0.149538
67 0.172703
68 0.185343
69 0.194743
70 0.17753
71 0.139967
72 0.156099
73 0.173251
74 0.185505
75 0.175315
76 0.146787
77 0.176056
78 0.181383
79 0.152675
80 0.168641
81 0.15417
82 0.167568
83 0.197495
84 0.192979
85 0.179267
86 0.198889
87 0.197189
88 0.20217
89 0.157804
90 0.190627
91 0.181135
92 0.182187
93 0.159665
94 0.149621
95 0.178092
96 0.16496
97 0.19327
98 0.15396
99 0.159798
100 0.195844
101 0.159255
102 0.168585
103 0.186615
104 0.149935
105 0.137692
106 0.147362
107 0.167129
108 0.180815
109 0.153407
110 0.169833
111 0.149136
112 0.16476
113 0.160044
114 0.151478
115 0.195898
116 0.181162
117 0.174304
118 0.162525
119 0.164826
120 0.19775
121 0.182104
122 0.195089
123 0.193841
124 0.16278
125 0.188436
126 0.182535
127 0.18989
128 0.20045
129 0.195893
130 0.173269
131 0.184111
132 0.186468
133 0.183506
134 0.185686
135 0.159638
136 0.162687
137 0.170075
138 0.193148
139 0.193707
140 0.182625
141 0.176615
142 0.171396
143 0.181146
144 0.183024
145 0.178416
146 0.165643
147 0.194209
148 0.168573
149 0.181981
150 0.170948
151 0.145326
152 0.181418
153 0.181736
154 0.164125
155 0.174825
156 0.175641
157 0.166911
158 0.194783
159 0.196183
160 0.178895
161 0.174
162 0.159367
163 0.180421
164 0.195958
165 0.206648
166 0.150277
167 0.157535
168 0.195807
169 0.176998
170 0.208671
171 0.214632
172 0.193751
173 0.157754
174 0.17754
175 0.2048
176 0.184554
177 0.170084
178 0.174554
179 0.153808
180 0.188695
181 0.190856
182 0.175544
183 0.198477
184 0.183289
185 0.226698
186 0.167257
187 0.196845
188 0.180964
189 0.183892
190 0.177008
191 0.185145
192 0.184283
193 0.188455
194 0.182002
195 0.176541
196 0.190361
197 0.184035
198 0.219479
199 0.169265
200 0.182315
201 0.186511
202 0.177287
203 0.159571
204 0.152911
205 0.165223
206 0.166159
207 0.17886
208 0.160963
209 0.19054
210 0.199833
211 0.157036
212 0.178774
213 0.168856
214 0.185628
215 0.206636
216 0.183013
217 0.158182
218 0.180726
219 0.182743
220 0.14867
221 0.209511
222 0.179144
223 0.160736
224 0.191561
225 0.172024
226 0.186211
227 0.195721
228 0.173616
229 0.167014
230 0.195317
231 0.19271
232 0.188588
233 0.179575
234 0.174022
235 0.207026
236 0.205674
237 0.191531
238 0.194318
239 0.187741
240 0.201909
241 0.178802
242 0.18287
243 0.168682
244 0.157739
245 0.185627
246 0.169407
247 0.187909
248 0.17372
249 0.165184
250 0.176823
251 0.177786
252 0.209986
253 0.155449
254 0.169697
255 0.182787
256 0.164765
257 0.190923
258 0.187236
259 0.164682
260 0.173945
261 0.172906
262 0.182098
263 0.176285
264 0.175922
265 0.188774
266 0.181738
267 0.188615
268 0.187978
269 0.184075
270 0.175073
271 0.17827
272 0.169208
273 0.197714
274 0.180029
275 0.189016
276 0.210796
277 0.162541
278 0.150758
279 0.188585
280 0.187699
281 0.198947
282 0.186964
283 0.153571
284 0.204854
285 0.176976
286 0.196247
287 0.197633
288 0.165181
289 0.185925
290 0.171648
291 0.197406
292 0.187653
293 0.188897
294 0.196266
295 0.189299
296 0.169759
297 0.197606
298 0.190441
299 0.197202
300 0.194473
301 0.174312
302 0.169003
303 0.174155
304 0.15706
305 0.167438
306 0.194621
307 0.200984
308 0.187349
309 0.176115
310 0.187304
311 0.206245
312 0.194521
313 0.164697
314 0.184337
315 0.199314
316 0.193492
317 0.162408
318 0.183386
319 0.159911
320 0.162511
321 0.177672
322 0.183681
323 0.235272
324 0.178403
325 0.18566
326 0.183473
327 0.185003
328 0.18375
329 0.17951
330 0.179301
331 0.186996
332 0.167721
333 0.183514
334 0.176238
335 0.178637
336 0.167023
337 0.181884
338 0.175702
339 0.166305
340 0.18154
341 0.146339
342 0.172683
343 0.180256
344 0.187179
345 0.164579
346 0.151503
347 0.157856
348 0.167591
349 0.179054
350 0.167897
351 0.151814
352 0.184633
353 0.20273
354 0.175495
355 0.193801
356 0.167595
357 0.188583
358 0.19912
359 0.194921
360 0.192695
361 0.183566
362 0.165018
363 0.169013
364 0.183567
365 0.181991
366 0.177458
367 0.182085
368 0.161914
369 0.178413
370 0.191209
371 0.153139
372 0.169252
373 0.142503
374 0.170665
375 0.16082
376 0.163433
377 0.179497
378 0.183154
379 0.164012
380 0.174848
381 0.192491
382 0.168883
383 0.157154
384 0.166562
385 0.184565
386 0.194947
387 0.169255
388 0.16437
389 0.159997
390 0.167296
391 0.188748
392 0.172932
393 0.157892
394 0.164037
395 0.195797
396 0.183572
397 0.135857
398 0.153974
399 0.187652
400 0.1798
401 0.169512
402 0.172051
403 0.177889
404 0.177766
405 0.168822
406 0.189513
407 0.185219
408 0.192095
409 0.171904
410 0.187515
411 0.190223
412 0.168089
413 0.209831
414 0.191997
415 0.210338
416 0.189925
417 0.181541
418 0.221619
419 0.196743
420 0.212204
421 0.158533
422 0.154972
423 0.189103
424 0.169515
425 0.180818
426 0.15947
427 0.147951
428 0.181806
429 0.156338
430 0.20785
431 0.174861
432 0.163759
433 0.189105
434 0.206433
435 0.199587
436 0.174254
437 0.190164
438 0.18106
439 0.182654
440 0.186074
441 0.193963
442 0.211187
443 0.214671
444 0.182904
445 0.181265
446 0.186556
447 0.206078
448 0.197366
449 0.199506
450 0.178834
451 0.177391
452 0.177903
453 0.203551
454 0.159537
455 0.149371
456 0.156866
457 0.183151
458 0.189232
459 0.157003
460 0.173815
461 0.175864
462 0.170427
463 0.183281
464 0.166994
465 0.207311
466 0.20171
467 0.197125
468 0.20562
469 0.194106
470 0.193679
471 0.204956
472 0.217454
473 0.175817
474 0.190191
475 0.195379
476 0.179447
477 0.199801
478 0.169195
479 0.198773
480 0.154466
481 0.202399
482 0.196359
483 0.20359
484 0.220589
485 0.158905
486 0.187982
487 0.193715
488 0.213325
489 0.184362
490 0.171813
491 0.197767
492 0.194544
493 0.179709
494 0.176654
495 0.163345
496 0.174804
497 0.176366
498 0.168825
499 0.164178
500 0.150313
501 0.170289
502 0.194901
503 0.177314
504 0.141713
505 0.176493
506 0.190981
507 0.190739
508 0.167043
509 0.175812
510 0.188525
511 0.16189
512 0.214455
513 0.191808
514 0.195911
515 0.179456
516 0.168514
517 0.191351
518 0.185948
519 0.200192
520 0.186788
521 0.189105
522 0.191489
523 0.178091
524 0.186417
525 0.16869
526 0.190444
527 0.181066
528 0.195677
529 0.178512
530 0.170727
531 0.187574
532 0.219061
533 0.201675
534 0.194231
535 0.173791
536 0.180162
537 0.194709
538 0.1889
539 0.175164
540 0.191161
541 0.177383
542 0.169077
543 0.184339
544 0.186938
545 0.207776
546 0.188116
547 0.163337
548 0.175175
549 0.206708
550 0.198637
551 0.169842
552 0.147784
553 0.159481
554 0.163175
555 0.189437
556 0.193453
557 0.171633
558 0.184078
559 0.182806
560 0.181016
561 0.19282
562 0.169733
563 0.179976
564 0.184975
565 0.202311
566 0.173373
567 0.17252
568 0.16264
569 0.178379
570 0.188817
571 0.191721
572 0.164965
573 0.171995
574 0.130794
575 0.154898
576 0.181468
577 0.169828
578 0.179545
579 0.175238
580 0.146701
581 0.180769
582 0.169883
583 0.196521
584 0.163516
585 0.176278
586 0.211889
587 0.195898
588 0.18226
589 0.162479
590 0.206017
591 0.199
592 0.218868
593 0.185471
594 0.189365
595 0.207798
596 0.168132
597 0.203528
598 0.183808
599 0.200207
600 0.18627
601 0.18223
602 0.194423
603 0.179501
604 0.182606
605 0.197117
606 0.172946
607 0.174789
608 0.180824
609 0.170504
610 0.181479
611 0.173889
612 0.191915
613 0.163932
614 0.166005
615 0.168968
616 0.166875
617 0.167643
618 0.148586
619 0.176408
620 0.16774
621 0.165905
622 0.144217
623 0.156476
624 0.168877
625 0.17268
626 0.171423
627 0.167795
628 0.182589
629 0.171245
630 0.167304
631 0.176581
632 0.213657
633 0.188991
634 0.168861
635 0.160965
636 0.169183
637 0.158945
638 0.182402
639 0.177825
640 0.176733
641 0.179735
642 0.150648
643 0.203889
644 0.174542
645 0.201948
646 0.189804
647 0.174777
648 0.205336
649 0.195349
650 0.191009
651 0.19556
652 0.214395
653 0.194263
654 0.163915
655 0.189704
656 0.159643
657 0.198381
658 0.18516
659 0.176971
660 0.182228
661 0.151766
662 0.172289
663 0.178785
664 0.169169
665 0.187604
666 0.177383
667 0.152116
668 0.170623
669 0.188191
670 0.16726
671 0.166129
672 0.13925
673 0.164121
674 0.186918
675 0.170953
676 0.175673
677 0.185021
678 0.178059
679 0.168858
680 0.170431
681 0.159751
682 0.178383
683 0.224468
684 0.165228
685 0.155048
686 0.186753
687 0.184382
688 0.183917
689 0.167636
690 0.146409
691 0.149337
692 0.15803
693 0.171437
694 0.160058
695 0.146255
696 0.150648
697 0.155306
698 0.173086
699 0.170657
700 0.157047
701 0.162671
702 0.167199
703 0.185622
704 0.191917
705 0.178458
706 0.181715
707 0.194131
708 0.20445
709 0.186958
710 0.17277
711 0.16352
712 0.213006
713 0.191917
714 0.193066
715 0.147715
716 0.179956
717 0.195297
718 0.177352
719 0.197288
720 0.179973
721 0.187505
722 0.180212
723 0.182501
724 0.184646
725 0.222152
726 0.2237
727 0.187103
728 0.153388
729 0.180869
730 0.193475
731 0.17773
732 0.170483
733 0.165525
734 0.191724
735 0.174899
736 0.173293
737 0.174318
738 0.174611
739 0.176335
740 0.1812
741 0.182599
742 0.162021
743 0.180758
744 0.169928
745 0.177883
746 0.178096
747 0.149603
748 0.155694
749 0.146228
750 0.182987
751 0.162705
752 0.167871
753 0.157008
754 0.159596
755 0.18429
756 0.164187
757 0.152341
758 0.168353
759 0.159614
760 0.192592
761 0.178459
762 0.181617
763 0.170768
764 0.186708
765 0.169188
766 0.176656
767 0.165646
768 0.176795
769 0.165892
770 0.16519
771 0.181421
772 0.182401
773 0.155489
774 0.18249
775 0.170071
776 0.211188
777 0.183049
778 0.141541
779 0.144008
780 0.157488
781 0.213826
782 0.183108
783 0.160124
784 0.161338
785 0.147371
786 0.164405
787 0.184028
788 0.153762
789 0.168362
790 0.170709
791 0.166708
792 0.18635
793 0.186531
794 0.207365
795 0.184994
796 0.168276
797 0.182225
798 0.190002
799 0.18371
800 0.160334
801 0.173236
802 0.171016
803 0.173058
804 0.15704
805 0.146557
806 0.149801
807 0.168482
808 0.176739
809 0.148008
810 0.171728
811 0.162251
812 0.158848
813 0.195129
814 0.16167
815 0.169531
816 0.151456
817 0.160912
818 0.191795
819 0.198867
820 0.151097
821 0.171311
822 0.177576
823 0.175275
824 0.195695
825 0.173197
826 0.171206
827 0.157638
828 0.163728
829 0.168207
830 0.163242
831 0.166655
832 0.187481
833 0.15361
834 0.197522
835 0.191059
836 0.161555
837 0.169813
838 0.170289
839 0.21384
840 0.195788
841 0.148448
842 0.163668
843 0.155695
844 0.178422
845 0.169022
846 0.171375
847 0.164923
848 0.177652
849 0.15486
850 0.178637
851 0.173726
852 0.151682
853 0.160242
854 0.179373
855 0.176977
856 0.181985
857 0.16259
858 0.150981
859 0.178524
860 0.183589
861 0.177991
862 0.179666
863 0.183404
864 0.1893
865 0.171081
866 0.174445
867 0.17563
868 0.19283
869 0.170717
870 0.150886
871 0.1809
872 0.192048
873 0.19885
874 0.181314
875 0.169797
876 0.175821
877 0.177119
878 0.173765
879 0.162381
880 0.18991
881 0.188559
882 0.179394
883 0.184352
884 0.153131
885 0.169476
886 0.189118
887 0.172117
888 0.185473
889 0.170157
890 0.151666
891 0.170299
892 0.187533
893 0.173515
894 0.174628
895 0.200745
896 0.17295
897 0.174112
898 0.177547
899 0.179538
900 0.173949
901 0.185386
902 0.16053
903 0.150218
904 0.17017
905 0.184806
906 0.196623
907 0.160137
908 0.175541
909 0.192642
910 0.210205
911 0.218387
912 0.203957
913 0.221137
914 0.178139
915 0.22045
916 0.180131
917 0.195883
918 0.19473
919 0.171349
920 0.221196
921 0.172216
922 0.17056
923 0.179067
924 0.161779
925 0.178054
926 0.169402
927 0.15805
928 0.177083
929 0.183799
930 0.169615
931 0.174141
932 0.177646
933 0.166652
934 0.194416
935 0.171443
936 0.156587
937 0.160756
938 0.143568
939 0.168988
940 0.177137
941 0.143843
942 0.163108
943 0.154494
944 0.16543
945 0.166249
946 0.157672
947 0.15104
948 0.184613
949 0.117407
950 0.171679
951 0.16338
952 0.177647
953 0.159526
954 0.163852
955 0.145984
956 0.187998
957 0.179818
958 0.143704
959 0.185374
960 0.164828
961 0.181178
962 0.163828
963 0.162524
964 0.167278
965 0.168092
966 0.157894
967 0.189894
968 0.201054
969 0.19869
970 0.190219
971 0.182157
972 0.201819
973 0.198922
974 0.163428
975 0.159055
976 0.19881
977 0.19076
978 0.205534
979 0.165044
980 0.166087
981 0.163046
982 0.175894
983 0.185013
984 0.173226
985 0.183393
986 0.180289
987 0.18432
988 0.175541
989 0.183021
990 0.169809
991 0.189842
992 0.164277
993 0.162346
994 0.14085
995 0.169666
996 0.203944
997 0.199193
998 0.160384
999 0.146517
1000 0.190808
1001 0.192334
1002 0.175959
1003 0.172906
1004 0.151914
1005 0.227261
1006 0.190769
1007 0.193915
1008 0.209819
1009 0.159208
1010 0.188644
1011 0.163209
1012 0.139841
1013 0.190951
1014 0.170631
1015 0.181384
1016 0.186257
1017 0.160492
1018 0.18984
1019 0.181127
1020 0.183829
1021 0.191436
1022 0.182157
1023 0.182854
1024 0.189649
1025 0.162818
1026 0.154341
1027 0.171037
1028 0.163991
1029 0.168172
1030 0.131444
1031 0.155398
1032 0.169639
1033 0.16559
1034 0.174668
1035 0.147125
1036 0.135006
1037 0.177375
1038 0.185013
1039 0.162733
1040 0.170291
1041 0.164241
1042 0.184298
1043 0.170412
1044 0.196251
1045 0.18667
1046 0.183789
1047 0.148187
1048 0.154208
1049 0.188255
1050 0.194462
1051 0.179454
1052 0.16691
1053 0.171155
1054 0.18909
1055 0.201489
1056 0.204921
1057 0.166419
1058 0.181989
1059 0.176232
1060 0.199245
1061 0.182338
1062 0.17921
1063 0.196423
1064 0.167232
1065 0.166102
1066 0.171689
1067 0.157797
1068 0.168889
1069 0.186124
1070 0.159771
1071 0.184386
1072 0.184754
1073 0.164224
1074 0.208053
1075 0.16914
1076 0.170078
1077 0.199435
1078 0.178792
1079 0.207637
1080 0.161239
1081 0.171305
1082 0.179048
1083 0.193571
1084 0.196012
1085 0.186517
1086 0.189447
1087 0.174199
1088 0.168693
1089 0.178343
1090 0.194222
1091 0.202869
1092 0.187568
1093 0.155469
1094 0.182715
1095 0.175954
1096 0.184674
1097 0.17636
1098 0.154069
1099 0.189354
1100 0.171956
1101 0.166926
1102 0.177554
1103 0.201677
1104 0.18802
1105 0.184923
1106 0.162586
1107 0.173859
1108 0.199827
1109 0.207117
1110 0.183444
1111 0.163414
1112 0.17992
1113 0.175997
1114 0.186767
1115 0.198963
1116 0.168374
1117 0.175494
1118 0.157508
1119 0.177761
1120 0.157525
1121 0.147649
1122 0.207267
1123 0.173904
1124 0.170416
1125 0.167274
1126 0.150408
1127 0.195072
1128 0.174592
1129 0.170283
1130 0.200039
1131 0.194288
1132 0.181991
1133 0.194478
1134 0.190213
1135 0.187886
1136 0.170644
1137 0.208206
1138 0.177302
1139 0.206424
1140 0.196512
1141 0.18441
1142 0.193865
1143 0.180231
1144 0.184614
1145 0.194311
1146 0.199675
1147 0.186182
1148 0.214544
1149 0.177043
1150 0.163992
1151 0.205224
1152 0.182162
1153 0.202885
1154 0.169174
1155 0.169699
1156 0.201907
1157 0.188156
1158 0.20012
1159 0.174595
1160 0.178238
1161 0.194926
1162 0.173994
1163 0.174006
1164 0.194905
1165 0.179172
1166 0.168424
1167 0.17573
1168 0.170472
1169 0.182532
1170 0.172072
1171 0.16308
1172 0.173872
1173 0.200014
1174 0.186436
1175 0.177878
1176 0.188713
1177 0.187548
1178 0.173036
1179 0.177097
1180 0.167208
1181 0.187138
1182 0.187885
1183 0.156767
1184 0.172268
1185 0.162362
1186 0.181423
1187 0.162646
1188 0.151244
1189 0.204213
1190 0.177975
1191 0.196947
1192 0.174096
1193 0.153305
1194 0.160397
1195 0.18207
1196 0.176554
1197 0.21545
1198 0.200096
1199 0.17412
1200 0.183992
1201 0.204948
1202 0.181565
1203 0.17314
1204 0.190344
1205 0.176088
1206 0.189108
1207 0.174454
1208 0.170692
1209 0.18711
1210 0.176938
1211 0.165437
1212 0.148626
1213 0.161231
1214 0.186581
1215 0.152576
1216 0.167852
1217 0.154495
1218 0.163488
1219 0.189772
1220 0.168978
1221 0.152006
1222 0.180363
1223 0.181418
1224 0.186786
1225 0.171725
1226 0.171265
1227 0.18582
1228 0.188232
1229 0.169205
1230 0.190524
1231 0.15739
1232 0.181346
1233 0.203945
1234 0.164025
1235 0.181202
1236 0.205489
1237 0.189535
1238 0.207692
1239 0.198183
1240 0.198898
1241 0.197199
1242 0.182474
1243 0.191741
1244 0.183966
1245 0.196532
1246 0.150572
1247 0.168672
1248 0.17999
1249 0.147897
1250 0.156446
1251 0.163408
1252 0.186685
1253 0.210602
1254 0.179056
1255 0.172492
1256 0.167682
1257 0.182405
1258 0.200599
1259 0.179299
1260 0.170147
1261 0.180908
1262 0.183003
1263 0.159306
1264 0.175329
1265 0.169534
1266 0.178512
1267 0.193911
1268 0.171311
1269 0.162138
1270 0.175146
1271 0.186572
1272 0.19458
1273 0.196064
1274 0.189606
1275 0.158638
1276 0.173971
1277 0.193661
1278 0.185658
1279 0.208252
1280 0.18573
1281 0.170189
1282 0.205496
1283 0.186273
1284 0.201189
1285 0.174709
1286 0.174693
1287 0.177455
1288 0.162394
1289 0.182699
1290 0.164626
1291 0.19006
1292 0.169349
1293 0.208978
1294 0.178412
1295 0.17191
1296 0.178703
1297 0.190241
1298 0.191772
1299 0.177614
1300 0.166507
1301 0.151685
1302 0.192503
1303 0.17802
1304 0.175786
1305 0.19179
1306 0.183734
1307 0.171168
1308 0.148227
1309 0.158901
1310 0.166674
1311 0.148236
1312 0.176166
1313 0.16357
1314 0.161517
1315 0.146362
1316 0.159267
1317 0.175521
1318 0.154344
1319 0.169253
1320 0.149088
1321 0.165648
1322 0.169664
1323 0.168072
1324 0.172047
1325 0.171719
1326 0.159773
1327 0.185982
1328 0.169368
1329 0.187815
1330 0.179116
1331 0.178035
1332 0.151788
1333 0.148522
1334 0.16841
1335 0.170088
1336 0.204989
1337 0.181266
1338 0.155004
1339 0.152333
1340 0.166778
1341 0.201357
1342 0.165641
1343 0.184837
1344 0.164279
1345 0.17535
1346 0.189857
1347 0.20337
1348 0.180915
1349 0.18226
1350 0.145297
1351 0.18962
1352 0.178532
1353 0.166918
1354 0.18606
1355 0.174873
1356 0.188682
1357 0.191757
1358 0.168041
1359 0.181731
1360 0.17371
1361 0.171698
1362 0.172719
1363 0.163447
1364 0.193585
1365 0.172459
1366 0.173024
1367 0.162018
1368 0.164265
1369 0.198525
1370 0.179498
1371 0.192451
1372 0.186907
1373 0.174849
1374 0.201286
1375 0.186854
1376 0.203974
1377 0.179001
1378 0.188141
1379 0.170021
1380 0.162041
1381 0.182675
1382 0.183957
1383 0.196528
1384 0.174059
1385 0.166266
1386 0.157067
1387 0.182749
1388 0.221414
1389 0.212161
1390 0.206359
1391 0.191318
1392 0.176178
1393 0.179738
1394 0.181819
1395 0.187012
1396 0.2039
1397 0.175051
1398 0.187815
1399 0.174483
1400 0.17185
1401 0.178534
1402 0.204117
1403 0.210771
1404 0.201434
1405 0.197502
1406 0.184473
1407 0.166466
1408 0.184496
1409 0.202949
1410 0.199391
1411 0.183567
1412 0.190402
1413 0.18807
1414 0.197387
1415 0.174185
1416 0.162498
1417 0.183197
1418 0.159193
1419 0.166405
1420 0.184272
1421 0.203547
1422 0.174281
1423 0.159622
1424 0.172921
1425 0.15839
1426 0.19888
1427 0.179219
1428 0.165196
1429 0.196311
1430 0.166594
1431 0.174297
1432 0.15588
1433 0.184783
1434 0.154358
1435 0.18111
1436 0.177156
1437 0.164536
1438 0.162762
1439 0.165667
1440 0.203943
1441 0.201152
1442 0.148001
1443 0.16611
1444 0.155574
1445 0.181714
1446 0.177469
1447 0.187281
1448 0.191784
1449 0.196195
1450 0.161665
1451 0.197299
1452 0.218452
1453 0.216596
1454 0.205614
1455 0.181303
1456 0.176433
1457 0.147918
1458 0.186232
1459 0.180839
1460 0.151915
1461 0.161072
1462 0.172476
1463 0.188644
1464 0.172087
1465 0.180572
1466 0.204351
1467 0.189698
1468 0.201841
1469 0.192977
1470 0.183539
1471 0.202667
1472 0.165667
1473 0.173334
1474 0.183366
1475 0.181285
1476 0.174211
1477 0.190151
1478 0.181597
1479 0.203211
1480 0.185396
1481 0.17934
1482 0.19211
1483 0.192818
1484 0.19648
1485 0.1991
1486 0.19514
1487 0.194112
1488 0.16929
1489 0.20588
1490 0.1918
1491 0.174819
1492 0.156224
1493 0.144113
1494 0.202029
1495 0.193366
1496 0.179583
1497 0.178536
1498 0.146495
1499 0.17901
1500 0.168465
1501 0.192944
1502 0.180341
1503 0.178603
1504 0.151733
1505 0.175314
1506 0.177515
1507 0.167393
1508 0.16187
1509 0.168744
1510 0.189689
1511 0.176997
1512 0.158502
1513 0.173629
1514 0.189301
1515 0.205926
1516 0.199411
1517 0.172231
1518 0.175674
1519 0.193607
1520 0.188469
1521 0.22811
1522 0.14062
1523 0.173851
1524 0.178931
1525 0.187414
1526 0.155607
1527 0.162459
1528 0.171255
1529 0.143757
1530 0.189865
1531 0.190362
1532 0.165327
1533 0.172298
1534 0.182335
1535 0.168334
1536 0.182582
1537 0.182805
1538 0.161435
1539 0.169606
1540 0.186038
1541 0.194232
1542 0.173255
1543 0.158712
1544 0.147769
1545 0.159461
1546 0.18372
1547 0.156982
1548 0.172671
1549 0.165744
1550 0.163754
1551 0.169562
1552 0.139794
1553 0.19592
1554 0.167427
1555 0.21021
1556 0.191217
1557 0.167233
1558 0.175734
1559 0.205504
1560 0.18686
1561 0.163196
1562 0.17463
1563 0.191837
1564 0.206978
1565 0.183056
1566 0.190001
1567 0.162283
1568 0.183812
1569 0.164087
1570 0.183208
1571 0.186207
1572 0.18275
1573 0.159335
1574 0.161346
1575 0.192309
1576 0.200359
1577 0.177045
1578 0.154319
1579 0.160189
1580 0.179801
1581 0.202788
1582 0.172325
1583 0.13901
1584 0.190832
1585 0.206944
1586 0.171067
1587 0.16042
1588 0.148856
1589 0.188787
1590 0.189074
1591 0.189769
1592 0.180988
1593 0.140231
1594 0.175672
1595 0.165617
1596 0.182345
1597 0.18791
1598 0.198921
1599 0.191782
1600 0.173783
1601 0.179293
1602 0.183627
1603 0.197937
1604 0.185422
1605 0.160362
1606 0.178483
1607 0.184751
1608 0.215386
1609 0.2075
1610 0.215792
1611 0.202506
1612 0.189235
1613 0.204851
1614 0.194359
1615 0.192977
1616 0.201392
1617 0.192589
1618 0.171421
1619 0.18116
1620 0.171523
1621 0.177508
1622 0.195489
1623 0.180372
1624 0.184906
1625 0.215201
1626 0.194189
1627 0.15857
1628 0.158332
1629 0.169518
1630 0.179352
1631 0.177117
1632 0.170708
1633 0.186153
1634 0.190249
1635 0.185749
1636 0.198403
1637 0.209111
1638 0.173647
1639 0.214086
1640 0.185881
1641 0.174133
1642 0.192762
1643 0.176666
1644 0.178298
1645 0.185982
1646 0.190234
1647 0.176494
1648 0.181574
1649 0.161109
1650 0.156602
1651 0.153111
1652 0.169846
1653 0.175977
1654 0.182209
1655 0.147355
1656 0.141987
1657 0.16148
1658 0.175741
1659 0.168273
1660 0.156311
1661 0.154811
1662 0.152889
1663 0.162447
1664 0.156034
1665 0.156158
1666 0.147881
1667 0.163613
1668 0.186932
1669 0.162366
1670 0.14796
1671 0.17958
1672 0.187226
1673 0.183212
1674 0.161184
1675 0.178412
1676 0.174344
1677 0.161077
1678 0.194159
1679 0.153586
1680 0.175636
1681 0.188309
1682 0.186117
1683 0.195429
1684 0.178049
1685 0.198069
1686 0.155786
1687 0.16192
1688 0.169923
1689 0.176434
1690 0.190218
1691 0.155027
1692 0.160254
1693 0.157189
1694 0.164981
1695 0.189779
1696 0.196168
1697 0.186944
1698 0.172395
1699 0.175116
1700 0.180634
1701 0.180108
1702 0.174369
1703 0.171239
1704 0.165624
1705 0.188811
1706 0.17347
1707 0.190374
1708 0.171741
1709 0.187482
1710 0.192873
1711 0.189767
1712 0.174378
1713 0.158476
1714 0.174431
1715 0.17708
1716 0.189223
1717 0.17907
1718 0.186231
1719 0.188545
1720 0.122014
1721 0.198455
1722 0.184444
1723 0.196397
1724 0.184634
1725 0.186464
1726 0.165362
1727 0.16751
1728 0.167578
1729 0.187263
1730 0.177463
1731 0.139862
1732 0.185351
1733 0.183566
1734 0.185605
1735 0.153018
1736 0.163281
1737 0.187721
1738 0.192046
1739 0.178569
1740 0.157953
1741 0.174747
1742 0.176053
1743 0.147374
1744 0.180429
1745 0.166157
1746 0.213545
1747 0.182191
1748 0.167422
1749 0.192733
1750 0.135933
1751 0.189379
1752 0.202551
1753 0.188659
1754 0.170502
1755 0.140617
1756 0.183269
1757 0.188627
1758 0.236535
1759 0.187456
1760 0.187397
1761 0.166475
1762 0.149018
1763 0.150916
1764 0.176648
1765 0.197563
1766 0.190422
1767 0.19677
1768 0.17321
1769 0.126786
1770 0.202002
1771 0.156769
1772 0.170742
1773 0.178041
1774 0.171997
1775 0.238778
1776 0.205289
1777 0.142363
1778 0.223761
1779 0.20296
1780 0.186317
1781 0.181078
1782 0.190205
1783 0.193788
1784 0.195893
1785 0.191972
1786 0.199901
1787 0.179
1788 0.176801
1789 0.177001
1790 0.172945
1791 0.179189
1792 0.158487
1793 0.1736
1794 0.178349
1795 0.177201
1796 0.172412
1797 0.162567
1798 0.158511
1799 0.162463
1800 0.19288
1801 0.188287
1802 0.156254
1803 0.148239
1804 0.144464
1805 0.177354
1806 0.175502
1807 0.184717
1808 0.167345
1809 0.200582
1810 0.175862
1811 0.19825
1812 0.187154
1813 0.176026
1814 0.182076
1815 0.176526
1816 0.188816
1817 0.204727
1818 0.16361
1819 0.181728
1820 0.16481
1821 0.207154
1822 0.184153
1823 0.170531
1824 0.173353
1825 0.183358
1826 0.202087
1827 0.175276
1828 0.178177
1829 0.191994
1830 0.172889
1831 0.16485
1832 0.151599
1833 0.155367
1834 0.158994
1835 0.146849
1836 0.162309
1837 0.160659
1838 0.136717
1839 0.21236
1840 0.19207
1841 0.173644
1842 0.153761
1843 0.178182
1844 0.219306
1845 0.201828
1846 0.189041
1847 0.183096
1848 0.183435
1849 0.163952
1850 0.159103
1851 0.162159
1852 0.206739
1853 0.186252
1854 0.156748
1855 0.150085
1856 0.158775
1857 0.190393
1858 0.181728
1859 0.176682
1860 0.159621
1861 0.156251
1862 0.171035
1863 0.19222
1864 0.184224
1865 0.188594
1866 0.158943
1867 0.169487
1868 0.165894
1869 0.167298
1870 0.19445
1871 0.186972
1872 0.186502
1873 0.196558
1874 0.166611
1875 0.177142
1876 0.170939
1877 0.185489
1878 0.158535
1879 0.166399
1880 0.187153
1881 0.200132
1882 0.188574
1883 0.205105
1884 0.180563
1885 0.170265
1886 0.169195
1887 0.182872
1888 0.196226
1889 0.172097
1890 0.177483
1891 0.18573
1892 0.194295
1893 0.197029
1894 0.175433
1895 0.180868
1896 0.174794
1897 0.178623
1898 0.17915
1899 0.178648
1900 0.19643
1901 0.175615
1902 0.172809
1903 0.161227
1904 0.166801
1905 0.163731
1906 0.154442
1907 0.175655
1908 0.162274
1909 0.145831
1910 0.129355
1911 0.177524
1912 0.165727
1913 0.162899
1914 0.177272
1915 0.151959
1916 0.197496
1917 0.197414
1918 0.164199
1919 0.16223
1920 0.175211
1921 0.166763
1922 0.188696
1923 0.183971
1924 0.161857
1925 0.187876
1926 0.174154
1927 0.176176
1928 0.157234
1929 0.202535
1930 0.185965
1931 0.187457
1932 0.17271
1933 0.172951
1934 0.154145
1935 0.162295
1936 0.164174
1937 0.175608
1938 0.176073
1939 0.170415
1940 0.181972
1941 0.199182
1942 0.177644
1943 0.190805
1944 0.173974
1945 0.20874
1946 0.199748
1947 0.19859
1948 0.191671
1949 0.14144
1950 0.117748
1951 0.203561
1952 0.200682
1953 0.189313
1954 0.164815
1955 0.177696
1956 0.15793
1957 0.18304
1958 0.156663
1959 0.191998
1960 0.177709
1961 0.165354
1962 0.177737
1963 0.162317
1964 0.204457
1965 0.180226
1966 0.193779
1967 0.16422
1968 0.171296
1969 0.18386
1970 0.197793
1971 0.161922
1972 0.17619
1973 0.184393
1974 0.172631
1975 0.191185
1976 0.16887
1977 0.187723
1978 0.191481
1979 0.165426
1980 0.196421
1981 0.201617
1982 0.201136
1983 0.205029
1984 0.193865
1985 0.161482
1986 0.19487
1987 0.179257
1988 0.194891
1989 0.190032
1990 0.178412
1991 0.201882
1992 0.169956
1993 0.178941
1994 0.136669
1995 0.18891
1996 0.190369
1997 0.18269
1998 0.185981
1999 0.169276
2000 0.164902
2001 0.171484
2002 0.190652
2003 0.16688
2004 0.189022
2005 0.194025
2006 0.204714
2007 0.173352
2008 0.185468
2009 0.181068
2010 0.180257
2011 0.193047
2012 0.190874
2013 0.186465
2014 0.17009
2015 0.173846
2016 0.194171
2017 0.217982
2018 0.176774
2019 0.17767
2020 0.203419
2021 0.180771
2022 0.206348
2023 0.184087
2024 0.171166
2025 0.201661
2026 0.159481
2027 0.188072
2028 0.175055
2029 0.167996
2030 0.1659
2031 0.186332
2032 0.180309
2033 0.174462
2034 0.176143
2035 0.185198
2036 0.1842
2037 0.212091
2038 0.166206
2039 0.173312
2040 0.216467
2041 0.158819
2042 0.206861
2043 0.195938
2044 0.174751
2045 0.189582
2046 0.22016
2047 0.225551
2048 0.169153
2049 0.156297
2050 0.21064
2051 0.181705
2052 0.186062
2053 0.140292
2054 0.166368
2055 0.16694
2056 0.179625
2057 0.195206
2058 0.182
2059 0.164355
2060 0.214797
2061 0.183366
2062 0.186956
2063 0.190793
2064 0.195667
2065 0.204492
2066 0.174521
2067 0.202101
2068 0.19324
2069 0.199243
2070 0.193321
2071 0.171367
2072 0.148812
2073 0.15039
2074 0.167304
2075 0.188268
2076 0.191821
2077 0.1548
2078 0.167235
2079 0.177067
2080 0.181817
2081 0.18988
2082 0.192793
2083 0.193467
2084 0.193971
2085 0.186193
2086 0.168889
2087 0.18423
2088 0.183414
2089 0.189789
2090 0.169624
2091 0.147767
2092 0.168794
2093 0.144115
2094 0.161644
2095 0.165705
2096 0.155818
2097 0.149579
2098 0.189119
2099 0
