0 789.227
1 -0.415459
2 -8.54861
3 -0.994396
4 -0.0693592
5 0.134375
6 0.168652
7 0.181951
8 0.191013
9 0.190018
10 0.193081
11 0.191745
12 0.193736
13 0.194595
14 0.194701
15 0.196123
16 0.194252
17 0.19374
18 0.194233
19 0.194236
20 0.192193
21 0.193877
22 0.192757
23 0.191767
24 0.191763
25 0.19199
26 0.195357
27 0.193943
28 0.193222
29 0.192577
30 0.196709
31 0.19214
32 0.195562
33 0.19486
34 0.196287
35 0.192916
36 0.193281
37 0.191995
38 0.194193
39 0.192207
40 0.192595
41 0.191652
42 0.192259
43 0.19223
44 0.192737
45 0.191536
46 0.195316
47 0.194876
48 0.193088
49 0.193799
50 0.19195
51 0.193425
52 0.19332
53 0.193942
54 0.19264
55 0.195452
56 0.194401
57 0.195705
58 0.197211
59 0.197354
60 0.197213
61 0.19396
62 0.193585
63 0.19374
64 0.19311
65 0.193344
66 0.192365
67 0.192961
68 0.192764
69 0.19232
70 0.193348
71 0.195101
72 0.195731
73 0.196708
74 0.194652
75 0.195891
76 0.193792
77 0.193739
78 0.193056
79 0.193159
80 0.192646
81 0.192355
82 0.191482
83 0.19289
84 0.191588
85 0.193845
86 0.192842
87 0.192637
88 0.191967
89 0.197263
90 0.197141
91 0.195582
92 0.194929
93 0.196486
94 0.196684
95 0.19438
96 0.193395
97 0.194779
98 0.193362
99 0.191403
100 0.192031
101 0.193505
102 0.193896
103 0.196361
104 0.195732
105 0.196104
106 0.195906
107 0.193393
108 0.195034
109 0.197597
110 0.197742
111 0.197628
112 0.193932
113 0.193723
114 0.193346
115 0.191814
116 0.190964
117 0.190944
118 0.191237
119 0.192722
120 0.192508
121 0.192789
122 0.191376
123 0.192039
124 0.194109
125 0.194483
126 0.19192
127 0.191377
128 0.19329
129 0.19242
130 0.192225
131 0.191473
132 0.195204
133 0.195592
134 0.19802
135 0.195504
136 0.193365
137 0.192618
138 0.193179
139 0.193633
140 0.192304
141 0.195039
142 0.193113
143 0.192066
144 0.192821
145 0.194733
146 0.19224
147 0.196308
148 0.194808
149 0.195963
150 0.194451
151 0.195865
152 0.194211
153 0.197152
154 0.194264
155 0.193835
156 0.19627
157 0.193424
158 0.192488
159 0.192689
160 0.192524
161 0.191394
162 0.196725
163 0.196553
164 0.194031
165 0.19298
166 0.195243
167 0.193
168 0.193778
169 0.192603
170 0.19242
171 0.195092
172 0.193053
173 0.192124
174 0.193469
175 0.192603
176 0.192219
177 0.191381
178 0.192935
179 0.192353
180 0.191745
181 0.1972
182 0.196295
183 0.194418
184 0.192806
185 0.19258
186 0.191659
187 0.190859
188 0.192583
189 0.191434
190 0.192136
191 0.19383
192 0.19387
193 0.191951
194 0.193133
195 0.192065
196 0.191729
197 0.192068
198 0.191334
199 0.191291
200 0.193236
201 0.192311
202 0.192341
203 0.192415
204 0.19214
205 0.192007
206 0.192165
207 0.19341
208 0.195345
209 0.193471
210 0.192066
211 0.191339
212 0.19229
213 0.192096
214 0.194974
215 0.193927
216 0.192978
217 0.192057
218 0.194185
219 0.193285
220 0.192936
221 0.191195
222 0.192492
223 0.194029
224 0.192375
225 0.194679
226 0.195363
227 0.193551
228 0.192804
229 0.191864
230 0.192334
231 0.193962
232 0.193423
233 0.192933
234 0.195987
235 0.193337
236 0.194755
237 0.193639
238 0.194093
239 0.19389
240 0.191685
241 0.193823
242 0.192917
243 0.192616
244 0.192206
245 0.192421
246 0.192741
247 0.192327
248 0.191918
249 0.192529
250 0.196532
251 0.198292
252 0.195008
253 0.193143
254 0.194564
255 0.195541
256 0.196683
257 0.195638
258 0.193892
259 0.192514
260 0.196247
261 0.197211
262 0.195995
263 0.194559
264 0.194782
265 0.196295
266 0.194005
267 0.194784
268 0.196852
269 0.198025
270 0.196126
271 0.193293
272 0.193469
273 0.192088
274 0.192703
275 0.195656
276 0.194498
277 0.195901
278 0.194795
279 0.195165
280 0.193125
281 0.192729
282 0.195971
283 0.194626
284 0.192771
285 0.1922
286 0.192786
287 0.193151
288 0.194683
289 0.193512
290 0.19526
291 0.192451
292 0.194968
293 0.193945
294 0.195322
295 0.194353
296 0.193314
297 0.192596
298 0.192364
299 0.192265
300 0.195431
301 0.198626
302 0.194944
303 0.192498
304 0.192015
305 0.194542
306 0.193518
307 0.194857
308 0.196314
309 0.194687
310 0.195313
311 0.196624
312 0.194664
313 0.19319
314 0.193259
315 0.19356
316 0.191868
317 0.19276
318 0.192662
319 0.194188
320 0.19504
321 0.197612
322 0.196202
323 0.197695
324 0.196193
325 0.193934
326 0.1955
327 0.194948
328 0.19474
329 0.197514
330 0.198718
331 0.195121
332 0.196077
333 0.197566
334 0.194381
335 0.194293
336 0.193922
337 0.192738
338 0.191644
339 0.194526
340 0.192881
341 0.193944
342 0.196932
343 0.194585
344 0.196025
345 0.19413
346 0.192697
347 0.192033
348 0.190367
349 0.194882
350 0.193315
351 0.193227
352 0.1927
353 0.192376
354 0.19105
355 0.191957
356 0.19386
357 0.192328
358 0.192003
359 0.19366
360 0.192819
361 0.191256
362 0.193686
363 0.193225
364 0.196659
365 0.195384
366 0.196275
367 0.193853
368 0.19431
369 0.192549
370 0.19282
371 0.192862
372 0.190828
373 0.191884
374 0.191591
375 0.192114
376 0.191323
377 0.192918
378 0.192798
379 0.191884
380 0.193075
381 0.192053
382 0.192684
383 0.191063
384 0.192251
385 0.193001
386 0.191367
387 0.190975
388 0.193075
389 0.194626
390 0.193062
391 0.196724
392 0.197135
393 0.196467
394 0.194712
395 0.193063
396 0.192628
397 0.193275
398 0.191906
399 0.192324
400 0.192624
401 0.193895
402 0.195333
403 0.196566
404 0.197669
405 0.196759
406 0.194972
407 0.197355
408 0.193286
409 0.197097
410 0.199074
411 0.197637
412 0.197558
413 0.194544
414 0.192623
415 0.19508
416 0.19585
417 0.195366
418 0.193093
419 0.193669
420 0.193236
421 0.193841
422 0.192821
423 0.19711
424 0.194022
425 0.192326
426 0.191878
427 0.19184
428 0.191214
429 0.191729
430 0.192129
431 0.194428
432 0.195553
433 0.197216
434 0.194466
435 0.19395
436 0.192944
437 0.192784
438 0.193675
439 0.192727
440 0.196691
441 0.196674
442 0.194567
443 0.19296
444 0.192704
445 0.19121
446 0.19136
447 0.192042
448 0.195684
449 0.192671
450 0.191411
451 0.193111
452 0.1923
453 0.190338
454 0.192501
455 0.195162
456 0.192721
457 0.192639
458 0.195494
459 0.193297
460 0.193258
461 0.192376
462 0.192046
463 0.19279
464 0.195475
465 0.195753
466 0.195266
467 0.193501
468 0.194549
469 0.194169
470 0.197358
471 0.195976
472 0.193104
473 0.192852
474 0.193335
475 0.195223
476 0.193119
477 0.193057
478 0.192119
479 0.193831
480 0.192806
481 0.193971
482 0.194145
483 0.192722
484 0.192345
485 0.194656
486 0.19395
487 0.193311
488 0.194072
489 0.191969
490 0.193386
491 0.196086
492 0.198386
493 0.196101
494 0.193205
495 0.195376
496 0.195395
497 0.19591
498 0.194166
499 0.192664
500 0.192402
501 0.191416
502 0.192978
503 0.195878
504 0.193197
505 0.194044
506 0.193425
507 0.196503
508 0.193048
509 0.192433
510 0.191927
511 0.192737
512 0.19279
513 0.194606
514 0.193619
515 0.194516
516 0.196127
517 0.194552
518 0.194518
519 0.193327
520 0.193494
521 0.192654
522 0.192073
523 0.191595
524 0.194673
525 0.196539
526 0.195869
527 0.193243
528 0.192152
529 0.193078
530 0.191721
531 0.191776
532 0.191127
533 0.193339
534 0.192446
535 0.192006
536 0.193419
537 0.196609
538 0.193904
539 0.196619
540 0.194069
541 0.196129
542 0.194129
543 0.192144
544 0.194549
545 0.193145
546 0.192059
547 0.19173
548 0.191824
549 0.196542
550 0.193827
551 0.19271
552 0.19194
553 0.196757
554 0.193944
555 0.193771
556 0.192431
557 0.192443
558 0.193156
559 0.190521
560 0.194715
561 0.191418
562 0.195439
563 0.197003
564 0.194786
565 0.195348
566 0.19287
567 0.195173
568 0.194395
569 0.197087
570 0.194536
571 0.192923
572 0.193801
573 0.192894
574 0.196189
575 0.193925
576 0.19632
577 0.196442
578 0.197466
579 0.196172
580 0.193315
581 0.194027
582 0.193554
583 0.193124
584 0.19516
585 0.194144
586 0.193259
587 0.193832
588 0.193822
589 0.195381
590 0.194098
591 0.192675
592 0.192386
593 0.19159
594 0.192696
595 0.192082
596 0.19217
597 0.192102
598 0.191265
599 0.192654
600 0.192737
601 0.192553
602 0.192912
603 0.193235
604 0.192522
605 0.192033
606 0.191587
607 0.196057
608 0.193352
609 0.194079
610 0.192457
611 0.191755
612 0.192387
613 0.194266
614 0.194417
615 0.192333
616 0.192703
617 0.192607
618 0.1926
619 0.190976
620 0.191123
621 0.193605
622 0.193931
623 0.193856
624 0.193009
625 0.194015
626 0.19271
627 0.191541
628 0.192822
629 0.193228
630 0.195483
631 0.195613
632 0.1927
633 0.193325
634 0.192004
635 0.192123
636 0.190685
637 0.191682
638 0.192263
639 0.190711
640 0.192268
641 0.191806
642 0.191403
643 0.19126
644 0.191132
645 0.191038
646 0.192632
647 0.192249
648 0.191952
649 0.191532
650 0.193047
651 0.19328
652 0.195119
653 0.194922
654 0.195038
655 0.19326
656 0.197722
657 0.196172
658 0.194301
659 0.192271
660 0.191705
661 0.193266
662 0.192296
663 0.192333
664 0.192168
665 0.194624
666 0.191185
667 0.19292
668 0.193638
669 0.192534
670 0.195149
671 0.193766
672 0.192367
673 0.193268
674 0.196653
675 0.193214
676 0.193305
677 0.195368
678 0.196688
679 0.195661
680 0.194356
681 0.195204
682 0.192654
683 0.193001
684 0.194309
685 0.192931
686 0.192627
687 0.19481
688 0.198515
689 0.196362
690 0.194167
691 0.195438
692 0.19401
693 0.193816
694 0.193733
695 0.195222
696 0.194383
697 0.193556
698 0.195456
699 0.193285
700 0.194655
701 0.193363
702 0.193349
703 0.191839
704 0.192846
705 0.196021
706 0.194044
707 0.193544
708 0.192436
709 0.193587
710 0.191917
711 0.191423
712 0.194168
713 0.193772
714 0.191801
715 0.191888
716 0.191847
717 0.190331
718 0.192543
719 0.194302
720 0.192776
721 0.191964
722 0.191427
723 0.193792
724 0.192806
725 0.192444
726 0.191738
727 0.191454
728 0.194277
729 0.193929
730 0.196048
731 0.193587
732 0.193611
733 0.193606
734 0.195085
735 0.192062
736 0.195431
737 0.194171
738 0.195774
739 0.194498
740 0.19289
741 0.194442
742 0.193675
743 0.192145
744 0.19154
745 0.192347
746 0.194234
747 0.193823
748 0.195056
749 0.194045
750 0.195356
751 0.195713
752 0.196146
753 0.193838
754 0.192888
755 0.194299
756 0.196375
757 0.193764
758 0.196261
759 0.197142
760 0.197403
761 0.19528
762 0.196511
763 0.196022
764 0.195709
765 0.19364
766 0.193414
767 0.192773
768 0.194308
769 0.196443
770 0.197849
771 0.195548
772 0.192828
773 0.195912
774 0.196275
775 0.193248
776 0.19279
777 0.194732
778 0.191552
779 0.192217
780 0.194974
781 0.194924
782 0.193906
783 0.19236
784 0.19525
785 0.19526
786 0.194085
787 0.196183
788 0.194155
789 0.196266
790 0.193706
791 0.193525
792 0.193838
793 0.192149
794 0.192434
795 0.191076
796 0.191616
797 0.192257
798 0.196765
799 0.196645
800 0.195312
801 0.192945
802 0.19202
803 0.196083
804 0.193847
805 0.196841
806 0.193458
807 0.192512
808 0.193992
809 0.192969
810 0.191933
811 0.192159
812 0.193546
813 0.191797
814 0.193476
815 0.192272
816 0.191757
817 0.192407
818 0.194668
819 0.197282
820 0.193472
821 0.194516
822 0.19524
823 0.196558
824 0.193236
825 0.196006
826 0.195142
827 0.19284
828 0.193492
829 0.192405
830 0.191947
831 0.195042
832 0.19325
833 0.191351
834 0.19255
835 0.192414
836 0.191934
837 0.194433
838 0.195815
839 0.191892
840 0.193024
841 0.192473
842 0.194644
843 0.195217
844 0.195591
845 0.19275
846 0.192221
847 0.192131
848 0.192473
849 0.194865
850 0.193952
851 0.195331
852 0.192884
853 0.192534
854 0.191806
855 0.19237
856 0.194791
857 0.194715
858 0.19287
859 0.197142
860 0.194439
861 0.193622
862 0.192511
863 0.192381
864 0.196164
865 0.195048
866 0.197817
867 0.195099
868 0.193222
869 0.195617
870 0.193554
871 0.192632
872 0.191712
873 0.194253
874 0.191437
875 0.19335
876 0.191726
877 0.194909
878 0.192968
879 0.19322
880 0.19284
881 0.197918
882 0.198314
883 0.195246
884 0.194406
885 0.19244
886 0.196625
887 0.192905
888 0.193241
889 0.192332
890 0.194988
891 0.193185
892 0.19396
893 0.193144
894 0.191606
895 0.19664
896 0.195649
897 0.193719
898 0.192615
899 0.191849
900 0.192174
901 0.19404
902 0.197616
903 0.194465
904 0.195831
905 0.197514
906 0.198603
907 0.19519
908 0.193854
909 0.195422
910 0.194469
911 0.19383
912 0.197257
913 0.194757
914 0.19342
915 0.19337
916 0.192582
917 0.192448
918 0.194381
919 0.194479
920 0.193832
921 0.193247
922 0.192074
923 0.196232
924 0.194035
925 0.193175
926 0.191999
927 0.194312
928 0.193818
929 0.195521
930 0.194675
931 0.193575
932 0.194521
933 0.192985
934 0.192275
935 0.193504
936 0.193587
937 0.193151
938 0.195149
939 0.193677
940 0.193028
941 0.195348
942 0.191887
943 0.195686
944 0.194374
945 0.193605
946 0.193607
947 0.196766
948 0.19788
949 0.198293
950 0.19626
951 0.193662
952 0.193677
953 0.195776
954 0.193755
955 0.193416
956 0.194502
957 0.193106
958 0.193478
959 0.193167
960 0.194442
961 0.191912
962 0.193075
963 0.194798
964 0.192576
965 0.194889
966 0.197328
967 0.194286
968 0.194627
969 0.191979
970 0.191763
971 0.190752
972 0.192683
973 0.194223
974 0.192495
975 0.192656
976 0.195764
977 0.193761
978 0.19651
979 0.195129
980 0.193611
981 0.197272
982 0.193483
983 0.193119
984 0.192455
985 0.194544
986 0.193206
987 0.193565
988 0.195696
989 0.198203
990 0.197893
991 0.196393
992 0.190899
993 0.196626
994 0.194643
995 0.194318
996 0.193659
997 0.194217
998 0.192718
999 0.193072
1000 0.192168
1001 0.191927
1002 0.192228
1003 0.191518
1004 0.19176
1005 0.191877
1006 0.190404
1007 0.193251
1008 0.191613
1009 0.192655
1010 0.194712
1011 0.193953
1012 0.195999
1013 0.19754
1014 0.195844
1015 0.194125
1016 0.19415
1017 0.192287
1018 0.193322
1019 0.19339
1020 0.19373
1021 0.192115
1022 0.194509
1023 0.195349
1024 0.195138
1025 0.195452
1026 0.193495
1027 0.197056
1028 0.194055
1029 0.193346
1030 0.191956
1031 0.194064
1032 0.192186
1033 0.196344
1034 0.196196
1035 0.197457
1036 0.198913
1037 0.194373
1038 0.194879
1039 0.192365
1040 0.192839
1041 0.19472
1042 0.193162
1043 0.194976
1044 0.193596
1045 0.196683
1046 0.195453
1047 0.195014
1048 0.192738
1049 0.19271
1050 0.192013
1051 0.19156
1052 0.194468
1053 0.193146
1054 0.191736
1055 0.191467
1056 0.193036
1057 0.196105
1058 0.195155
1059 0.194001
1060 0.193834
1061 0.193109
1062 0.194924
1063 0.195229
1064 0.194351
1065 0.195468
1066 0.19382
1067 0.196381
1068 0.197147
1069 0.195023
1070 0.195488
1071 0.193674
1072 0.192596
1073 0.191378
1074 0.192814
1075 0.193413
1076 0.191166
1077 0.194332
1078 0.19455
1079 0.194262
1080 0.192998
1081 0.192872
1082 0.192535
1083 0.192346
1084 0.19506
1085 0.196262
1086 0.195901
1087 0.19702
1088 0.195901
1089 0.195617
1090 0.195257
1091 0.194266
1092 0.192637
1093 0.195482
1094 0.195348
1095 0.193822
1096 0.193008
1097 0.195719
1098 0.19569
1099 0.193123
1100 0.192769
1101 0.191991
1102 0.191971
1103 0.192064
1104 0.190781
1105 0.190981
1106 0.192426
1107 0.196642
1108 0.195631
1109 0.198754
1110 0.196678
1111 0.193176
1112 0.193573
1113 0.19295
1114 0.192918
1115 0.192271
1116 0.192473
1117 0.191285
1118 0.192397
1119 0.195147
1120 0.192748
1121 0.192326
1122 0.191716
1123 0.19437
1124 0.19404
1125 0.193653
1126 0.195497
1127 0.195988
1128 0.196323
1129 0.193808
1130 0.194313
1131 0.195789
1132 0.194082
1133 0.19618
1134 0.193539
1135 0.192777
1136 0.195531
1137 0.195404
1138 0.193799
1139 0.192811
1140 0.192564
1141 0.195196
1142 0.194118
1143 0.195817
1144 0.193073
1145 0.19354
1146 0.191622
1147 0.194436
1148 0.192247
1149 0.19101
1150 0.192255
1151 0.192146
1152 0.192056
1153 0.194262
1154 0.193642
1155 0.195432
1156 0.194193
1157 0.192249
1158 0.191785
1159 0.194668
1160 0.192536
1161 0.192456
1162 0.196019
1163 0.194508
1164 0.195183
1165 0.196601
1166 0.196598
1167 0.193944
1168 0.197636
1169 0.194019
1170 0.19383
1171 0.193459
1172 0.192952
1173 0.192492
1174 0.191927
1175 0.191938
1176 0.193934
1177 0.197516
1178 0.194809
1179 0.191694
1180 0.192302
1181 0.191881
1182 0.19192
1183 0.195549
1184 0.192514
1185 0.193977
1186 0.194755
1187 0.192954
1188 0.192451
1189 0.190682
1190 0.193423
1191 0.191926
1192 0.192988
1193 0.197055
1194 0.194431
1195 0.192813
1196 0.192482
1197 0.19179
1198 0.191681
1199 0.191916
1200 0.192561
1201 0.193431
1202 0.195831
1203 0.194017
1204 0.194277
1205 0.193432
1206 0.196323
1207 0.196177
1208 0.194014
1209 0.19344
1210 0.191619
1211 0.191822
1212 0.191398
1213 0.191218
1214 0.192866
1215 0.192856
1216 0.194749
1217 0.194437
1218 0.193945
1219 0.195974
1220 0.195947
1221 0.194376
1222 0.191692
1223 0.196602
1224 0.193686
1225 0.194278
1226 0.193483
1227 0.19333
1228 0.195901
1229 0.194054
1230 0.195541
1231 0.194587
1232 0.193704
1233 0.19508
1234 0.1946
1235 0.192381
1236 0.193293
1237 0.192831
1238 0.192251
1239 0.191651
1240 0.195207
1241 0.195254
1242 0.19725
1243 0.195247
1244 0.193307
1245 0.192898
1246 0.19657
1247 0.193335
1248 0.193349
1249 0.191472
1250 0.191688
1251 0.191369
1252 0.194218
1253 0.192347
1254 0.191705
1255 0.19291
1256 0.19268
1257 0.190536
1258 0.191576
1259 0.193678
1260 0.192558
1261 0.192598
1262 0.192881
1263 0.193933
1264 0.193331
1265 0.19583
1266 0.194476
1267 0.195534
1268 0.192876
1269 0.192871
1270 0.192704
1271 0.192386
1272 0.1956
1273 0.192618
1274 0.191995
1275 0.191173
1276 0.191885
1277 0.191589
1278 0.191899
1279 0.192814
1280 0.191475
1281 0.193557
1282 0.192236
1283 0.192239
1284 0.191124
1285 0.192589
1286 0.192063
1287 0.191373
1288 0.19173
1289 0.194818
1290 0.194241
1291 0.192969
1292 0.195564
1293 0.195863
1294 0.192845
1295 0.193962
1296 0.196576
1297 0.193852
1298 0.194945
1299 0.192281
1300 0.192811
1301 0.192305
1302 0.191375
1303 0.191602
1304 0.192318
1305 0.191933
1306 0.190877
1307 0.190654
1308 0.195958
1309 0.197851
1310 0.19565
1311 0.197849
1312 0.194674
1313 0.194842
1314 0.195524
1315 0.193929
1316 0.193694
1317 0.192946
1318 0.193341
1319 0.194441
1320 0.192352
1321 0.193838
1322 0.193378
1323 0.192855
1324 0.192608
1325 0.196232
1326 0.19406
1327 0.192794
1328 0.192282
1329 0.19637
1330 0.194253
1331 0.195725
1332 0.193914
1333 0.193783
1334 0.192619
1335 0.191751
1336 0.191894
1337 0.190364
1338 0.192599
1339 0.190743
1340 0.192379
1341 0.19278
1342 0.192944
1343 0.19257
1344 0.192361
1345 0.191845
1346 0.192458
1347 0.192103
1348 0.191566
1349 0.191751
1350 0.19238
1351 0.191953
1352 0.191834
1353 0.191213
1354 0.193108
1355 0.194712
1356 0.192724
1357 0.194285
1358 0.195295
1359 0.193762
1360 0.195545
1361 0.194341
1362 0.196122
1363 0.193583
1364 0.19332
1365 0.19358
1366 0.191708
1367 0.192557
1368 0.192178
1369 0.191874
1370 0.194927
1371 0.194696
1372 0.193796
1373 0.192313
1374 0.193515
1375 0.196429
1376 0.193649
1377 0.195361
1378 0.193731
1379 0.191656
1380 0.196406
1381 0.195906
1382 0.194267
1383 0.196337
1384 0.19844
1385 0.194756
1386 0.193929
1387 0.193235
1388 0.193118
1389 0.192868
1390 0.196425
1391 0.19618
1392 0.19312
1393 0.193946
1394 0.193147
1395 0.196208
1396 0.198144
1397 0.195261
1398 0.197457
1399 0.194696
1400 0.194029
1401 0.191926
1402 0.193495
1403 0.192448
1404 0.194722
1405 0.196552
1406 0.19454
1407 0.194982
1408 0.19374
1409 0.193098
1410 0.193127
1411 0.194093
1412 0.193161
1413 0.192977
1414 0.19214
1415 0.192716
1416 0.196765
1417 0.195969
1418 0.19419
1419 0.19267
1420 0.193427
1421 0.192863
1422 0.196407
1423 0.193617
1424 0.197102
1425 0.195817
1426 0.193068
1427 0.191915
1428 0.192235
1429 0.192302
1430 0.191979
1431 0.194677
1432 0.194311
1433 0.194143
1434 0.194003
1435 0.193812
1436 0.195153
1437 0.198089
1438 0.197932
1439 0.19749
1440 0.199347
1441 0.19583
1442 0.194072
1443 0.196392
1444 0.194414
1445 0.192202
1446 0.191254
1447 0.19261
1448 0.191733
1449 0.190389
1450 0.19203
1451 0.190951
1452 0.190515
1453 0.191478
1454 0.194937
1455 0.192952
1456 0.191163
1457 0.191877
1458 0.192258
1459 0.190738
1460 0.191986
1461 0.191067
1462 0.19022
1463 0.194342
1464 0.193923
1465 0.193023
1466 0.192211
1467 0.193105
1468 0.192476
1469 0.192039
1470 0.191437
1471 0.19326
1472 0.191148
1473 0.19211
1474 0.192009
1475 0.193889
1476 0.19285
1477 0.194523
1478 0.192868
1479 0.192804
1480 0.19182
1481 0.192107
1482 0.191993
1483 0.192105
1484 0.191667
1485 0.191588
1486 0.1917
1487 0.191452
1488 0.192519
1489 0.194206
1490 0.192944
1491 0.192008
1492 0.191776
1493 0.195703
1494 0.193103
1495 0.195479
1496 0.196625
1497 0.193851
1498 0.196777
1499 0.194576
1500 0.195639
1501 0.195191
1502 0.196497
1503 0.194014
1504 0.192725
1505 0.192547
1506 0.19241
1507 0.192276
1508 0.192736
1509 0.192735
1510 0.194426
1511 0.197689
1512 0.196168
1513 0.195599
1514 0.193556
1515 0.193297
1516 0.191379
1517 0.19599
1518 0.196572
1519 0.196059
1520 0.194737
1521 0.193642
1522 0.192361
1523 0.191323
1524 0.192862
1525 0.191456
1526 0.193611
1527 0.194137
1528 0.193591
1529 0.193621
1530 0.19494
1531 0.193547
1532 0.19263
1533 0.193014
1534 0.194246
1535 0.191902
1536 0.190876
1537 0.192381
1538 0.191108
1539 0.191663
1540 0.19223
1541 0.192106
1542 0.190752
1543 0.192947
1544 0.194534
1545 0.193962
1546 0.192648
1547 0.196396
1548 0.194193
1549 0.197521
1550 0.194528
1551 0.19327
1552 0.193988
1553 0.192587
1554 0.192736
1555 0.192629
1556 0.193228
1557 0.192091
1558 0.191668
1559 0.192096
1560 0.192034
1561 0.195473
1562 0.194344
1563 0.194304
1564 0.191793
1565 0.192727
1566 0.191298
1567 0.193118
1568 0.194575
1569 0.192424
1570 0.194669
1571 0.195745
1572 0.196422
1573 0.194239
1574 0.194451
1575 0.192887
1576 0.191123
1577 0.19312
1578 0.192477
1579 0.19174
1580 0.193095
1581 0.195056
1582 0.193648
1583 0.192214
1584 0.193083
1585 0.193043
1586 0.19295
1587 0.192772
1588 0.195293
1589 0.194909
1590 0.193148
1591 0.192842
1592 0.192597
1593 0.194274
1594 0.19579
1595 0.194283
1596 0.195507
1597 0.193318
1598 0.193426
1599 0.192082
1600 0.193948
1601 0.194326
1602 0.193946
1603 0.19216
1604 0.192676
1605 0.191394
1606 0.193559
1607 0.192376
1608 0.191956
1609 0.192098
1610 0.194371
1611 0.193693
1612 0.191859
1613 0.19166
1614 0.191782
1615 0.190865
1616 0.192601
1617 0.191645
1618 0.193207
1619 0.192969
1620 0.192469
1621 0.196
1622 0.193793
1623 0.196887
1624 0.195613
1625 0.194362
1626 0.194505
1627 0.192446
1628 0.193765
1629 0.191998
1630 0.193333
1631 0.192177
1632 0.191627
1633 0.192613
1634 0.192411
1635 0.192759
1636 0.191795
1637 0.195678
1638 0.193665
1639 0.192452
1640 0.19243
1641 0.193565
1642 0.194261
1643 0.194003
1644 0.193567
1645 0.195183
1646 0.195381
1647 0.194721
1648 0.19548
1649 0.19421
1650 0.194047
1651 0.192841
1652 0.195582
1653 0.194324
1654 0.191632
1655 0.192638
1656 0.19267
1657 0.190861
1658 0.192375
1659 0.193361
1660 0.19363
1661 0.194599
1662 0.192983
1663 0.192967
1664 0.192399
1665 0.19192
1666 0.190721
1667 0.192709
1668 0.191779
1669 0.192975
1670 0.195202
1671 0.192287
1672 0.19643
1673 0.194759
1674 0.191941
1675 0.192333
1676 0.192313
1677 0.195675
1678 0.194388
1679 0.19461
1680 0.19308
1681 0.197314
1682 0.194745
1683 0.193945
1684 0.194589
1685 0.193561
1686 0.192138
1687 0.191953
1688 0.194717
1689 0.195442
1690 0.191758
1691 0.192596
1692 0.191187
1693 0.191922
1694 0.191995
1695 0.195091
1696 0.192618
1697 0.191
1698 0.191938
1699 0.19173
1700 0.191226
1701 0.190952
1702 0.191794
1703 0.190903
1704 0.19026
1705 0.193913
1706 0.197584
1707 0.193545
1708 0.193595
1709 0.193259
1710 0.192848
1711 0.192208
1712 0.194293
1713 0.193961
1714 0.196817
1715 0.195665
1716 0.197548
1717 0.19514
1718 0.192839
1719 0.192806
1720 0.191503
1721 0.192266
1722 0.192615
1723 0.194777
1724 0.195663
1725 0.19401
1726 0.193143
1727 0.19571
1728 0.193759
1729 0.193565
1730 0.193885
1731 0.192218
1732 0.193158
1733 0.193442
1734 0.192262
1735 0.195892
1736 0.193087
1737 0.192422
1738 0.191829
1739 0.192308
1740 0.195174
1741 0.196564
1742 0.19696
1743 0.198994
1744 0.195141
1745 0.196197
1746 0.194846
1747 0.194396
1748 0.192082
1749 0.192915
1750 0.194029
1751 0.194659
1752 0.193673
1753 0.192419
1754 0.192137
1755 0.191627
1756 0.190741
1757 0.192635
1758 0.194794
1759 0.191695
1760 0.191625
1761 0.194999
1762 0.193839
1763 0.192191
1764 0.190868
1765 0.194433
1766 0.193673
1767 0.192916
1768 0.193579
1769 0.191572
1770 0.19088
1771 0.192511
1772 0.195443
1773 0.192744
1774 0.192625
1775 0.191652
1776 0.191848
1777 0.192053
1778 0.191814
1779 0.193509
1780 0.196823
1781 0.193746
1782 0.19306
1783 0.192749
1784 0.192364
1785 0.191943
1786 0.192759
1787 0.193299
1788 0.192921
1789 0.192491
1790 0.192475
1791 0.194905
1792 0.19746
1793 0.194341
1794 0.193693
1795 0.193562
1796 0.193364
1797 0.191935
1798 0.193547
1799 0.194326
1800 0.191919
1801 0.193304
1802 0.194694
1803 0.19326
1804 0.195072
1805 0.196682
1806 0.195983
1807 0.193688
1808 0.194757
1809 0.194844
1810 0.19391
1811 0.192308
1812 0.192809
1813 0.192369
1814 0.192078
1815 0.194404
1816 0.193291
1817 0.192258
1818 0.193477
1819 0.192953
1820 0.192343
1821 0.190953
1822 0.19199
1823 0.194529
1824 0.193263
1825 0.196031
1826 0.197577
1827 0.195556
1828 0.195432
1829 0.194184
1830 0.191883
1831 0.19456
1832 0.192332
1833 0.19575
1834 0.193071
1835 0.192635
1836 0.19444
1837 0.195707
1838 0.193701
1839 0.191296
1840 0.192921
1841 0.196971
1842 0.193983
1843 0.195093
1844 0.193381
1845 0.194067
1846 0.19373
1847 0.196213
1848 0.192909
1849 0.196441
1850 0.194749
1851 0.193678
1852 0.196688
1853 0.196637
1854 0.195781
1855 0.199134
1856 0.194635
1857 0.196019
1858 0.194513
1859 0.195926
1860 0.195424
1861 0.19358
1862 0.193072
1863 0.194287
1864 0.193069
1865 0.195078
1866 0.194316
1867 0.194551
1868 0.196375
1869 0.194248
1870 0.193947
1871 0.194615
1872 0.193024
1873 0.192545
1874 0.192438
1875 0.192113
1876 0.192138
1877 0.191601
1878 0.192469
1879 0.192086
1880 0.192757
1881 0.193617
1882 0.192752
1883 0.195246
1884 0.195963
1885 0.195025
1886 0.194481
1887 0.19681
1888 0.194505
1889 0.192414
1890 0.195388
1891 0.195758
1892 0.194291
1893 0.193359
1894 0.192038
1895 0.191713
1896 0.193332
1897 0.192646
1898 0.19178
1899 0.19189
1900 0.196153
1901 0.193267
1902 0.191986
1903 0.194274
1904 0.194692
1905 0.191633
1906 0.1924
1907 0.191769
1908 0.191261
1909 0.192437
1910 0.190744
1911 0.191974
1912 0.193648
1913 0.197622
1914 0.198279
1915 0.196978
1916 0.195818
1917 0.19384
1918 0.192247
1919 0.192563
1920 0.194435
1921 0.191674
1922 0.191804
1923 0.191672
1924 0.19125
1925 0.191859
1926 0.194954
1927 0.192368
1928 0.195507
1929 0.194188
1930 0.19299
1931 0.194511
1932 0.194235
1933 0.192924
1934 0.192619
1935 0.193403
1936 0.191712
1937 0.192317
1938 0.195702
1939 0.195622
1940 0.191179
1941 0.19468
1942 0.194179
1943 0.197293
1944 0.194183
1945 0.192899
1946 0.195306
1947 0.193572
1948 0.193454
1949 0.192693
1950 0.192214
1951 0.192737
1952 0.193278
1953 0.196067
1954 0.195601
1955 0.193594
1956 0.195048
1957 0.19161
1958 0.193543
1959 0.193177
1960 0.193002
1961 0.192692
1962 0.193704
1963 0.195362
1964 0.193651
1965 0.19365
1966 0.192536
1967 0.191573
1968 0.196027
1969 0.198101
1970 0.197128
1971 0.196275
1972 0.196047
1973 0.197674
1974 0.195447
1975 0.195837
1976 0.193532
1977 0.193446
1978 0.194257
1979 0.193825
1980 0.192226
1981 0.191498
1982 0.194816
1983 0.193143
1984 0.193083
1985 0.192144
1986 0.196101
1987 0.196231
1988 0.197468
1989 0.196064
1990 0.194153
1991 0.192974
1992 0.192411
1993 0.194891
1994 0.196891
1995 0.193782
1996 0.195442
1997 0.19304
1998 0.193559
1999 0.193223
2000 0.192792
2001 0.192532
2002 0.191406
2003 0.191415
2004 0.191436
2005 0.192991
2006 0.191665
2007 0.192483
2008 0.191605
2009 0.191958
2010 0.193209
2011 0.194906
2012 0.193304
2013 0.195082
2014 0.193628
2015 0.193094
2016 0.193311
2017 0.193281
2018 0.193214
2019 0.192711
2020 0.196347
2021 0.193505
2022 0.193082
2023 0.194775
2024 0.194241
2025 0.193025
2026 0.192936
2027 0.194513
2028 0.194501
2029 0.193838
2030 0.192231
2031 0.192395
2032 0.192369
2033 0.192345
2034 0.194756
2035 0.194838
2036 0.193696
2037 0.193146
2038 0.1927
2039 0.192306
2040 0.192216
2041 0.193549
2042 0.192457
2043 0.193873
2044 0.192679
2045 0.194339
2046 0.193041
2047 0.196674
2048 0.194486
2049 0.195066
2050 0.192324
2051 0.193613
2052 0.19254
2053 0.194131
2054 0.195225
2055 0.193285
2056 0.192416
2057 0.19377
2058 0.192984
2059 0.193806
2060 0.195908
2061 0.193676
2062 0.191904
2063 0.193993
2064 0.193303
2065 0.192699
2066 0.191131
2067 0.190953
2068 0.191426
2069 0.192059
2070 0.191863
2071 0.191405
2072 0.190937
2073 0.192689
2074 0.193938
2075 0.191504
2076 0.19214
2077 0.196812
2078 0.193022
2079 0.195106
2080 0.196145
2081 0.195024
2082 0.192776
2083 0.192776
2084 0.193321
2085 0.195363
2086 0.193792
2087 0.192899
2088 0.193576
2089 0.195443
2090 0.195653
2091 0.195456
2092 0.194228
2093 0.193279
2094 0.196729
2095 0.196663
2096 0.195354
2097 0.19562
2098 0.194171
2099 0
