0 -76961
1 171.112
2 1170.86
3 124.088
4 22.3939
5 3.69025
6 0.916859
7 0.564183
8 0.079691
9 0.306819
10 0.191573
11 0.240698
12 0.1973
13 0.27981
14 0.185705
15 0.208182
16 0.130236
17 0.15048
18 0.233329
19 0.151209
20 0.238948
21 0.153337
22 0.132786
23 0.179079
24 0.189127
25 0.12441
26 0.103464
27 0.189334
28 0.146148
29 0.156955
30 0.136776
31 0.27481
32 0.137816
33 0.0311269
34 0.157936
35 0.232693
36 0.155163
37 0.184001
38 0.159381
39 0.207349
40 0.146986
41 0.198872
42 0.101618
43 0.220158
44 0.0963424
45 0.178505
46 0.217842
47 0.237074
48 0.226501
49 0.189574
50 0.239333
51 0.141292
52 0.0941168
53 0.186835
54 0.226462
55 0.0754465
56 0.196542
57 0.211939
58 0.175441
59 0.186281
60 0.216387
61 0.226841
62 0.140539
63 0.164567
64 0.0925949
65 0.159438
66 0.174973
67 0.105189
68 0.179456
69 0.158135
70 0.115089
71 0.183976
72 0.154949
73 0.191248
74 0.14887
75 0.150556
76 0.208819
77 0.143495
78 0.137757
79 0.169889
80 0.168322
81 0.173285
82 0.205967
83 0.139793
84 0.158702
85 0.223459
86 0.159938
87 0.105247
88 0.256373
89 0.0381237
90 0.186969
91 0.0323639
92 0.189972
93 0.224223
94 0.235492
95 0.172323
96 0.115503
97 0.195375
98 0.139481
99 0.228224
100 0.160258
101 -0.00921888
102 0.213961
103 0.169001
104 -0.0160808
105 0.255704
106 0.206594
107 0.236133
108 0.192859
109 0.184995
110 0.205884
111 0.114116
112 0.213636
113 0.125821
114 0.121087
115 0.226074
116 0.23914
117 0.213285
118 0.275302
119 0.21031
120 0.176937
121 0.232572
122 0.260515
123 0.147728
124 0.130765
125 0.0757313
126 0.215663
127 0.187122
128 0.179926
129 0.199639
130 0.176498
131 0.295829
132 0.302685
133 0.221701
134 0.155153
135 0.176307
136 0.212901
137 0.155467
138 0.0597828
139 0.000912058
140 0.117596
141 0.19409
142 0.167764
143 0.187188
144 0.17917
145 0.179517
146 0.210097
147 0.0931834
148 0.195275
149 0.192735
150 0.199846
151 0.0781277
152 0.240484
153 0.198348
154 0.217466
155 0.112506
156 0.138984
157 0.163483
158 0.151011
159 0.204508
160 0.134953
161 0.158177
162 0.113873
163 0.177148
164 0.149991
165 0.185958
166 0.219402
167 0.202263
168 0.114361
169 0.163734
170 0.0942814
171 0.212215
172 0.197056
173 0.177178
174 0.182161
175 0.151007
176 0.189115
177 0.205485
178 0.252276
179 0.173601
180 0.264979
181 0.121081
182 0.246861
183 0.182429
184 0.195249
185 0.121772
186 0.153874
187 0.269819
188 0.1165
189 0.160086
190 0.213674
191 0.193279
192 0.139513
193 0.19495
194 0.277721
195 0.219923
196 0.253096
197 0.16549
198 0.231622
199 0.162453
200 0.160077
201 0.204961
202 0.164302
203 0.127261
204 0.154848
205 0.154013
206 0.123292
207 0.188543
208 0.120201
209 0.117262
210 0.213222
211 0.208136
212 0.194607
213 0.154994
214 0.193344
215 0.120265
216 0.144332
217 0.287086
218 0.177115
219 0.185204
220 0.192385
221 0.281509
222 0.148301
223 0.250063
224 0.191068
225 0.140663
226 0.225318
227 0.175172
228 0.222349
229 0.222082
230 0.14079
231 0.187401
232 0.16628
233 0.225295
234 0.207105
235 0.224131
236 0.158188
237 0.112191
238 0.103425
239 0.0528846
240 0.192401
241 0.166634
242 0.130429
243 0.151129
244 0.146403
245 0.146997
246 0.066121
247 0.0982181
248 0.170099
249 0.206112
250 0.18863
251 0.219993
252 0.168957
253 0.190626
254 0.234434
255 0.0960675
256 0.203391
257 0.14013
258 0.127344
259 0.24401
260 0.184397
261 0.0886618
262 0.171609
263 0.0794541
264 0.15415
265 0.194421
266 0.209993
267 0.227724
268 0.241827
269 0.251342
270 0.195834
271 0.276722
272 0.103073
273 0.189945
274 0.157625
275 0.0669421
276 0.176526
277 0.226021
278 0.0791281
279 0.153325
280 0.178623
281 0.139456
282 0.196186
283 0.0601041
284 0.111076
285 0.13829
286 0.135705
287 0.0168359
288 0.224589
289 0.150646
290 0.085374
291 0.257479
292 0.238401
293 0.219629
294 0.172491
295 0.128308
296 0.173369
297 0.168022
298 0.136138
299 0.0988178
300 0.122148
301 0.0769818
302 0.166794
303 0.266282
304 0.204691
305 0.16468
306 0.103961
307 0.0614567
308 0.236012
309 0.101972
310 0.149557
311 0.135852
312 0.143747
313 0.183392
314 0.132766
315 0.0772392
316 0.219632
317 0.190603
318 0.217495
319 0.216845
320 0.205872
321 0.134635
322 0.208652
323 0.245148
324 0.233255
325 0.185909
326 0.153351
327 0.276211
328 0.183199
329 0.190714
330 0.11628
331 0.222076
332 0.207576
333 0.283133
334 0.298682
335 0.283213
336 0.106039
337 0.171351
338 0.221359
339 0.130437
340 0.119375
341 0.179312
342 0.205162
343 0.137624
344 0.119727
345 0.11825
346 0.166734
347 0.196358
348 0.282773
349 0.260335
350 0.269891
351 0.163057
352 0.157569
353 0.157634
354 0.256571
355 0.135929
356 0.133747
357 0.163136
358 0.181901
359 0.153018
360 0.128425
361 0.215405
362 0.215819
363 0.110306
364 0.0980019
365 0.188305
366 0.154168
367 0.197591
368 0.196991
369 0.211735
370 0.127282
371 0.127858
372 0.257333
373 0.157121
374 0.167676
375 0.102885
376 0.149696
377 0.125445
378 0.193962
379 0.151427
380 0.175197
381 0.217503
382 0.101011
383 0.275237
384 0.100894
385 0.137692
386 0.239979
387 0.180662
388 0.169506
389 0.229504
390 0.173774
391 0.163491
392 0.167898
393 0.143141
394 0.140483
395 0.191703
396 0.153223
397 0.143523
398 0.183316
399 0.202323
400 0.122211
401 0.148768
402 0.170514
403 0.162814
404 0.146951
405 0.146999
406 0.277095
407 0.24286
408 0.340121
409 0.157565
410 0.154131
411 0.338913
412 0.188084
413 0.200722
414 0.229106
415 0.228763
416 0.119292
417 0.11117
418 0.189941
419 0.147421
420 0.200248
421 0.0605842
422 0.105015
423 0.124808
424 0.178831
425 0.269131
426 0.20764
427 0.180952
428 0.195456
429 0.191778
430 0.137048
431 0.187458
432 0.142341
433 0.184953
434 0.154069
435 0.230897
436 0.166693
437 0.0984896
438 0.174876
439 0.145611
440 0.148904
441 0.164879
442 0.198514
443 0.198804
444 0.113044
445 0.223501
446 0.178485
447 0.127108
448 0.0631652
449 0.178096
450 0.215754
451 0.209982
452 0.13639
453 0.273337
454 0.162286
455 0.166297
456 0.214855
457 0.194411
458 0.216417
459 0.181341
460 0.163458
461 0.197824
462 0.156283
463 0.16475
464 0.146481
465 0.265682
466 0.0965434
467 0.163272
468 0.30962
469 0.12076
470 0.078017
471 0.127162
472 0.194736
473 0.249549
474 0.0855741
475 0.21424
476 0.195157
477 0.12164
478 0.16736
479 0.181962
480 0.199984
481 0.230513
482 0.190534
483 0.209096
484 0.207563
485 0.289251
486 0.20225
487 0.139952
488 0.12035
489 0.24953
490 0.214086
491 0.218271
492 0.175879
493 0.0653382
494 0.212449
495 0.298112
496 0.232606
497 0.186747
498 0.128404
499 0.264688
500 0.142048
501 0.250061
502 0.0429319
503 0.161564
504 0.175246
505 0.163223
506 0.0853438
507 0.14227
508 0.226533
509 0.224678
510 0.168559
511 0.108451
512 0.0475102
513 0.248447
514 0.214315
515 0.193182
516 0.18903
517 0.2049
518 0.187184
519 0.182584
520 0.121736
521 0.185536
522 0.163344
523 0.168112
524 0.130969
525 0.135027
526 0.239062
527 0.221797
528 0.275312
529 0.0920576
530 0.218551
531 0.147698
532 0.173565
533 0.159552
534 0.258122
535 0.183476
536 0.198854
537 0.186256
538 0.141932
539 0.145189
540 0.123924
541 0.145588
542 0.113941
543 0.191004
544 0.214057
545 0.13725
546 0.189148
547 0.174333
548 0.144925
549 0.124191
550 0.168985
551 0.124381
552 0.203198
553 0.16847
554 0.166758
555 0.045895
556 0.185002
557 0.102848
558 0.121691
559 0.278094
560 0.139192
561 0.310258
562 0.146181
563 0.259662
564 0.186243
565 0.227215
566 0.235633
567 0.185651
568 0.186948
569 0.172516
570 0.159659
571 0.157191
572 0.208881
573 0.236235
574 0.156537
575 0.215459
576 0.221814
577 0.183352
578 0.251604
579 0.0328156
580 0.184038
581 0.121282
582 0.15803
583 0.137701
584 0.164997
585 0.0996417
586 0.143758
587 0.150383
588 0.190773
589 0.215656
590 0.142085
591 0.176649
592 0.224998
593 0.199596
594 0.191314
595 0.159403
596 0.152707
597 0.128121
598 0.173078
599 0.231035
600 0.175117
601 0.22629
602 0.225266
603 0.117492
604 0.167116
605 0.1698
606 0.13298
607 0.116056
608 0.123003
609 0.101885
610 0.149125
611 0.150236
612 0.196803
613 0.224621
614 0.153007
615 0.220339
616 0.116235
617 0.216459
618 0.102364
619 0.231926
620 0.191299
621 0.132251
622 0.0890283
623 0.158917
624 0.10451
625 0.175699
626 0.145267
627 0.199063
628 0.19936
629 0.125597
630 0.100986
631 0.0707935
632 0.205909
633 0.157661
634 0.233015
635 0.162921
636 0.255586
637 0.232729
638 0.0938386
639 0.226853
640 0.0806159
641 0.104688
642 0.21562
643 0.252943
644 0.221539
645 0.248839
646 0.254511
647 0.164895
648 0.176002
649 0.169378
650 0.176
651 0.0892828
652 0.0983924
653 0.147633
654 0.11541
655 0.176482
656 0.125767
657 0.301951
658 0.20604
659 0.226588
660 0.262555
661 0.193387
662 0.20209
663 0.115122
664 0.179908
665 0.143031
666 0.301434
667 0.114159
668 0.278249
669 0.185383
670 0.203795
671 0.232125
672 0.180107
673 0.193115
674 0.149081
675 0.206502
676 0.195355
677 0.231657
678 0.0656047
679 0.171794
680 0.0870611
681 0.114934
682 0.232816
683 0.108458
684 0.0902753
685 0.237274
686 0.180951
687 0.219221
688 0.0765216
689 0.187673
690 0.173742
691 0.0926512
692 0.221776
693 0.200953
694 0.113966
695 0.127819
696 0.180053
697 0.180116
698 0.203531
699 0.204197
700 0.146198
701 0.165884
702 0.1262
703 0.20562
704 0.0586306
705 0.179707
706 0.189038
707 0.0743224
708 0.183844
709 0.0507499
710 0.194158
711 0.19243
712 0.069612
713 0.135777
714 0.226215
715 0.161707
716 0.131421
717 0.242222
718 0.157242
719 0.181253
720 0.163485
721 0.195321
722 0.222184
723 0.172762
724 0.182261
725 0.196549
726 0.194092
727 0.166898
728 0.153103
729 0.139781
730 0.169841
731 0.159676
732 0.156702
733 0.110553
734 0.133969
735 0.246027
736 0.0980417
737 0.206876
738 0.173591
739 0.0884209
740 0.158323
741 0.123763
742 0.0882365
743 0.186843
744 0.187265
745 0.0558225
746 0.186194
747 0.184406
748 0.190217
749 0.123451
750 0.196796
751 0.210622
752 0.186263
753 0.212091
754 0.188152
755 0.196103
756 0.143048
757 0.226812
758 0.198419
759 0.2957
760 0.171081
761 0.160649
762 0.311246
763 0.279704
764 0.151488
765 0.148734
766 0.0660282
767 0.155203
768 0.140042
769 0.0205893
770 0.148859
771 0.118211
772 0.247713
773 0.171406
774 0.150226
775 0.219443
776 0.165386
777 0.163312
778 0.270147
779 0.161516
780 0.260078
781 0.219469
782 0.19949
783 0.185748
784 0.173225
785 0.241821
786 0.165677
787 0.16207
788 0.15172
789 0.191394
790 0.211579
791 0.126085
792 0.0780533
793 0.207917
794 0.115294
795 0.233339
796 0.155748
797 0.209167
798 0.100575
799 0.186164
800 0.0556561
801 0.188065
802 0.316285
803 0.235993
804 0.221107
805 0.148429
806 0.186239
807 0.189998
808 0.223032
809 0.148244
810 0.168779
811 0.195908
812 0.130324
813 0.219326
814 0.139874
815 0.167696
816 0.155916
817 0.234116
818 0.123881
819 0.113062
820 0.218417
821 0.164427
822 0.325744
823 0.142048
824 0.236569
825 0.202786
826 0.164828
827 0.21004
828 0.172326
829 0.171938
830 0.180956
831 0.19838
832 0.180135
833 0.227592
834 0.117321
835 0.0781894
836 0.0638858
837 0.254704
838 0.0916198
839 0.279931
840 0.227125
841 0.155019
842 0.237479
843 0.203652
844 0.141212
845 0.223316
846 0.196594
847 0.231176
848 0.188376
849 0.199175
850 0.109005
851 0.113044
852 0.186485
853 0.228737
854 0.171412
855 0.2553
856 0.108843
857 0.141588
858 0.237952
859 0.175893
860 0.144512
861 0.170561
862 0.225082
863 0.145914
864 0.187853
865 0.256148
866 0.19488
867 0.141324
868 0.210285
869 0.230505
870 0.163589
871 0.177202
872 0.206309
873 0.156987
874 0.268089
875 0.0656558
876 0.224065
877 0.181663
878 0.17938
879 0.125194
880 0.253813
881 0.0632807
882 0.250497
883 0.184384
884 0.204912
885 0.237056
886 0.152281
887 0.236649
888 0.0935321
889 0.0998435
890 0.16131
891 0.114734
892 0.155227
893 0.1483
894 0.191773
895 0.167996
896 0.255333
897 0.208459
898 0.149547
899 0.16098
900 0.0871221
901 0.181084
902 0.101758
903 0.118075
904 0.133091
905 0.244089
906 0.265652
907 0.207819
908 0.171696
909 0.156769
910 0.180436
911 0.17686
912 0.172455
913 0.106909
914 0.130722
915 0.198356
916 0.166799
917 0.148149
918 0.222049
919 0.147639
920 0.219808
921 0.118305
922 0.229214
923 0.229725
924 0.159206
925 0.114401
926 0.140252
927 0.181985
928 0.0969971
929 0.0921716
930 0.191395
931 0.14167
932 0.198477
933 0.157718
934 0.16917
935 0.182337
936 0.144571
937 0.17739
938 0.167004
939 0.108362
940 0.160318
941 0.141826
942 0.259922
943 0.141171
944 0.221677
945 0.237031
946 0.233026
947 0.155462
948 0.182705
949 0.203979
950 0.0769332
951 0.194538
952 0.203034
953 0.148504
954 0.144811
955 0.0922571
956 0.274662
957 0.171185
958 0.156929
959 0.21573
960 0.202139
961 0.256395
962 0.135528
963 0.136224
964 0.168454
965 0.201848
966 0.173626
967 0.165705
968 0.132139
969 0.253085
970 0.181333
971 0.255021
972 0.141468
973 0.164275
974 0.171032
975 0.221362
976 0.259037
977 0.202366
978 0.276639
979 0.234238
980 0.20279
981 0.179726
982 0.253261
983 0.165234
984 0.164462
985 0.179669
986 0.201078
987 0.166611
988 0.180899
989 0.139465
990 0.229804
991 0.0467288
992 0.410722
993 0.227832
994 0.203581
995 0.0792442
996 0.103423
997 0.199832
998 0.186372
999 0.148118
1000 0.258233
1001 0.204164
1002 0.159732
1003 0.21151
1004 0.151784
1005 0.110662
1006 0.217967
1007 0.0930124
1008 0.148195
1009 0.1882
1010 0.0923707
1011 0.175467
1012 0.182333
1013 0.138623
1014 0.197337
1015 0.187617
1016 0.109065
1017 0.203889
1018 0.116644
1019 0.175985
1020 0.0549686
1021 0.170163
1022 0.235618
1023 0.143341
1024 0.171237
1025 0.115331
1026 0.164437
1027 0.211594
1028 0.17217
1029 0.0940159
1030 0.192183
1031 0.155973
1032 0.188274
1033 0.168745
1034 0.187879
1035 0.212868
1036 0.030284
1037 0.28436
1038 0.177414
1039 0.235306
1040 0.0889086
1041 0.188998
1042 0.149305
1043 0.160023
1044 0.115702
1045 0.182884
1046 0.278123
1047 0.138502
1048 0.173031
1049 0.182969
1050 0.178314
1051 0.126526
1052 0.144275
1053 0.10657
1054 0.182524
1055 0.173731
1056 0.130522
1057 0.0654241
1058 0.118812
1059 0.134266
1060 0.161965
1061 0.210754
1062 0.343488
1063 0.189783
1064 0.209092
1065 0.224434
1066 0.18988
1067 0.184794
1068 0.16424
1069 0.0650391
1070 0.128267
1071 0.122227
1072 0.142789
1073 0.20527
1074 0.111626
1075 -0.00317832
1076 0.186099
1077 0.198865
1078 0.223196
1079 0.171722
1080 0.195666
1081 0.137718
1082 0.114947
1083 0.100325
1084 0.13093
1085 0.155648
1086 0.181515
1087 0.281226
1088 0.308314
1089 0.204383
1090 0.145737
1091 0.106185
1092 0.189179
1093 0.194011
1094 0.218428
1095 0.1727
1096 0.149278
1097 0.149203
1098 0.0665783
1099 0.171359
1100 0.156697
1101 0.170107
1102 0.201211
1103 0.140164
1104 0.240208
1105 0.200589
1106 0.196549
1107 0.108038
1108 0.220982
1109 0.127682
1110 0.20569
1111 0.278277
1112 0.111499
1113 0.164341
1114 0.112606
1115 0.148988
1116 0.138985
1117 0.193213
1118 0.0616591
1119 0.0786249
1120 0.144771
1121 0.221206
1122 0.190918
1123 0.0949416
1124 0.169995
1125 0.0507421
1126 0.203319
1127 0.169556
1128 0.18543
1129 0.177576
1130 0.196133
1131 0.271659
1132 0.160872
1133 0.250117
1134 0.217072
1135 0.14411
1136 0.30655
1137 0.21315
1138 0.160207
1139 0.167302
1140 0.130055
1141 0.274176
1142 0.225383
1143 0.158447
1144 0.204617
1145 0.108421
1146 0.236379
1147 0.134383
1148 0.209752
1149 0.249611
1150 0.164052
1151 0.140441
1152 0.102269
1153 0.0915457
1154 0.17013
1155 0.156124
1156 0.0893758
1157 0.257223
1158 0.23255
1159 0.20062
1160 0.212044
1161 0.15358
1162 0.223384
1163 0.143094
1164 0.161144
1165 0.162632
1166 0.187028
1167 0.264342
1168 0.219707
1169 0.28555
1170 0.171126
1171 0.110982
1172 0.129487
1173 0.266478
1174 0.204811
1175 0.161895
1176 0.187666
1177 0.0961761
1178 0.164738
1179 0.300522
1180 0.178412
1181 0.164177
1182 0.147078
1183 0.160178
1184 0.221316
1185 0.162137
1186 0.222938
1187 0.215982
1188 0.151538
1189 0.274088
1190 0.154146
1191 0.17995
1192 0.189419
1193 0.184644
1194 0.151181
1195 0.190756
1196 0.240939
1197 0.209588
1198 0.162204
1199 0.142979
1200 0.117826
1201 0.191146
1202 0.179979
1203 0.142479
1204 0.111803
1205 0.239841
1206 0.14655
1207 0.132116
1208 0.212778
1209 0.126158
1210 0.25873
1211 0.174393
1212 0.188862
1213 0.19643
1214 0.181825
1215 0.197868
1216 0.150207
1217 0.134702
1218 0.0592403
1219 0.179658
1220 0.26113
1221 0.157633
1222 0.276315
1223 0.214201
1224 0.236448
1225 0.125657
1226 0.1853
1227 0.217447
1228 0.200451
1229 0.115323
1230 0.13267
1231 0.212128
1232 0.0966313
1233 0.279885
1234 0.0935764
1235 0.169042
1236 0.191096
1237 0.121579
1238 0.128598
1239 0.208454
1240 0.245271
1241 0.199618
1242 0.0949032
1243 0.267493
1244 0.199156
1245 0.198568
1246 0.115966
1247 0.182528
1248 0.171626
1249 0.248667
1250 0.2361
1251 0.185721
1252 0.11388
1253 0.205644
1254 0.179943
1255 0.0640954
1256 0.0603913
1257 0.222268
1258 0.168716
1259 0.205785
1260 0.186072
1261 0.185436
1262 0.120906
1263 0.17986
1264 0.159449
1265 0.248198
1266 0.12064
1267 0.122455
1268 0.149907
1269 0.11772
1270 0.0958797
1271 0.0472625
1272 0.0916461
1273 0.181638
1274 0.141731
1275 0.169385
1276 0.146885
1277 0.140324
1278 0.112451
1279 0.108037
1280 0.166814
1281 0.162031
1282 0.176895
1283 0.126235
1284 0.256076
1285 0.158304
1286 0.161211
1287 0.206006
1288 0.168027
1289 0.104482
1290 0.174333
1291 0.219119
1292 0.230342
1293 0.16028
1294 0.272601
1295 0.194015
1296 0.201959
1297 0.171097
1298 0.0614418
1299 0.205931
1300 0.0893579
1301 0.119754
1302 0.215557
1303 0.216591
1304 0.147809
1305 0.196206
1306 0.252913
1307 0.237175
1308 0.174538
1309 0.153455
1310 0.175468
1311 0.0797907
1312 0.193799
1313 0.371674
1314 0.164455
1315 0.141038
1316 0.0874487
1317 0.095484
1318 0.178665
1319 0.194304
1320 0.232661
1321 0.084622
1322 0.288724
1323 0.15037
1324 0.112064
1325 0.219253
1326 0.130832
1327 0.147685
1328 0.147609
1329 0.148283
1330 0.229725
1331 0.171871
1332 0.162348
1333 0.0518721
1334 0.172417
1335 0.162615
1336 0.277382
1337 0.320833
1338 0.0725399
1339 0.227604
1340 0.183554
1341 0.160078
1342 0.163972
1343 0.213064
1344 0.174462
1345 0.180229
1346 0.246157
1347 0.163564
1348 0.170713
1349 0.136907
1350 0.167591
1351 0.13402
1352 0.231444
1353 0.234322
1354 0.191919
1355 0.201252
1356 0.214513
1357 0.167589
1358 0.0386058
1359 0.217753
1360 0.148088
1361 0.177738
1362 0.190456
1363 0.19187
1364 0.122359
1365 0.145824
1366 0.202343
1367 0.145163
1368 0.158993
1369 0.128055
1370 0.174456
1371 0.155707
1372 0.149373
1373 0.190459
1374 0.176009
1375 0.162672
1376 0.23124
1377 0.175268
1378 0.164083
1379 0.259576
1380 0.246002
1381 0.221488
1382 0.104334
1383 0.200574
1384 0.159966
1385 0.225405
1386 0.166169
1387 0.113812
1388 0.190713
1389 0.112154
1390 0.156975
1391 0.129555
1392 0.204833
1393 0.147894
1394 0.203775
1395 0.191432
1396 0.111358
1397 0.190705
1398 0.225019
1399 0.162176
1400 0.223517
1401 0.256748
1402 0.122991
1403 0.150668
1404 0.270267
1405 0.0718981
1406 0.241027
1407 0.153907
1408 0.142202
1409 0.219844
1410 0.124611
1411 0.169833
1412 0.20525
1413 0.104385
1414 0.18124
1415 0.166921
1416 0.0896467
1417 0.0994896
1418 0.178971
1419 0.193827
1420 0.159706
1421 0.177653
1422 0.221979
1423 0.275873
1424 0.0822868
1425 0.158212
1426 0.250239
1427 0.248027
1428 0.164444
1429 0.173796
1430 0.142066
1431 0.094649
1432 0.171306
1433 0.17345
1434 0.21441
1435 0.221477
1436 0.181242
1437 0.182047
1438 0.300829
1439 0.200292
1440 0.14942
1441 0.117257
1442 0.150751
1443 0.184469
1444 0.105121
1445 0.223849
1446 0.231592
1447 0.132927
1448 0.142628
1449 0.287334
1450 0.110285
1451 0.229947
1452 0.234109
1453 0.129411
1454 0.201531
1455 0.23341
1456 0.27613
1457 0.211982
1458 0.117872
1459 0.236879
1460 0.104835
1461 0.179176
1462 0.230184
1463 0.107244
1464 0.168546
1465 0.168071
1466 0.178981
1467 0.0687963
1468 0.0916496
1469 0.19652
1470 0.18137
1471 0.0135732
1472 0.235246
1473 0.102544
1474 0.204467
1475 0.112198
1476 0.0927747
1477 0.105664
1478 0.162261
1479 0.196576
1480 0.210748
1481 0.219268
1482 0.162407
1483 0.14202
1484 0.187805
1485 0.172601
1486 0.225004
1487 0.201603
1488 0.0768633
1489 0.236187
1490 0.146757
1491 0.190631
1492 0.188025
1493 0.136363
1494 0.189955
1495 0.282889
1496 0.121327
1497 0.185928
1498 0.258069
1499 0.272931
1500 0.372873
1501 0.239675
1502 0.147701
1503 0.21199
1504 0.229886
1505 0.302338
1506 0.181374
1507 0.13425
1508 0.160533
1509 0.118284
1510 0.158109
1511 0.145163
1512 0.000328395
1513 0.309077
1514 0.219459
1515 0.101328
1516 0.278005
1517 0.193946
1518 0.091202
1519 0.135145
1520 0.115246
1521 0.203483
1522 0.229593
1523 0.239525
1524 0.0822814
1525 0.174372
1526 0.0576192
1527 0.234262
1528 0.209051
1529 0.218741
1530 0.193432
1531 0.219553
1532 0.186351
1533 0.130953
1534 0.119526
1535 0.209914
1536 0.279852
1537 0.103245
1538 0.18824
1539 0.107499
1540 0.153956
1541 0.119803
1542 0.196849
1543 0.172223
1544 0.21015
1545 0.0887
1546 0.160373
1547 0.197589
1548 0.170499
1549 0.136211
1550 0.227807
1551 0.139812
1552 0.175657
1553 0.175227
1554 0.187204
1555 0.216862
1556 0.11573
1557 0.213622
1558 0.212583
1559 0.21077
1560 0.169938
1561 0.188685
1562 0.0759972
1563 0.00550366
1564 0.242065
1565 0.140199
1566 0.174266
1567 0.193507
1568 0.193131
1569 0.198087
1570 0.169116
1571 0.256433
1572 0.134303
1573 0.13018
1574 0.178348
1575 0.167516
1576 0.22907
1577 0.205645
1578 0.166287
1579 0.136094
1580 0.141593
1581 0.178352
1582 0.112681
1583 0.186502
1584 0.205465
1585 0.153898
1586 0.152417
1587 0.237292
1588 0.0860021
1589 0.146755
1590 0.195708
1591 0.141643
1592 0.153809
1593 0.178742
1594 0.223346
1595 0.110635
1596 0.10792
1597 0.228402
1598 0.144214
1599 0.214129
1600 0.168718
1601 0.0816579
1602 0.15918
1603 0.244034
1604 0.120655
1605 0.204798
1606 0.165816
1607 0.185229
1608 0.181201
1609 0.148717
1610 0.112574
1611 0.190205
1612 0.269872
1613 0.216477
1614 0.144007
1615 0.2052
1616 0.0454451
1617 0.111003
1618 0.132023
1619 0.195976
1620 0.19785
1621 0.222909
1622 0.245099
1623 0.171109
1624 0.170529
1625 0.10114
1626 0.0599756
1627 0.197612
1628 0.146333
1629 0.204209
1630 0.0456382
1631 0.123983
1632 0.140468
1633 0.182173
1634 0.15073
1635 0.11087
1636 0.188377
1637 0.189892
1638 0.158089
1639 0.178777
1640 0.167242
1641 -0.019689
1642 0.286347
1643 0.200719
1644 0.166084
1645 0.317539
1646 0.163521
1647 0.120566
1648 0.175079
1649 0.185461
1650 0.10094
1651 0.14744
1652 0.272567
1653 0.210021
1654 0.300766
1655 0.112399
1656 0.0844676
1657 0.22053
1658 0.195865
1659 0.23398
1660 0.173035
1661 0.125432
1662 0.239528
1663 0.138128
1664 0.150282
1665 0.178214
1666 0.237107
1667 0.0631006
1668 0.160729
1669 0.195295
1670 0.144368
1671 0.253134
1672 0.0734826
1673 0.196091
1674 0.287904
1675 0.173581
1676 0.151085
1677 0.163728
1678 0.134153
1679 0.132207
1680 0.155972
1681 0.124496
1682 0.244388
1683 0.147676
1684 0.276198
1685 0.143406
1686 0.221218
1687 0.191192
1688 0.184429
1689 0.102741
1690 0.285797
1691 0.186004
1692 0.230116
1693 0.214823
1694 0.138729
1695 0.200088
1696 0.223226
1697 0.281468
1698 0.152072
1699 0.143336
1700 0.175525
1701 0.184944
1702 0.115475
1703 0.191063
1704 0.247472
1705 0.168404
1706 0.104523
1707 0.216059
1708 0.141129
1709 0.242312
1710 0.154112
1711 0.161056
1712 0.126022
1713 0.159736
1714 0.0874135
1715 0.175794
1716 0.208496
1717 0.148325
1718 0.217411
1719 0.192104
1720 0.220415
1721 0.177969
1722 0.199132
1723 0.254976
1724 0.164212
1725 0.171598
1726 0.194284
1727 0.243724
1728 0.162916
1729 0.144548
1730 0.151814
1731 0.195198
1732 0.12469
1733 0.0597945
1734 0.122724
1735 0.172609
1736 0.219517
1737 0.221538
1738 0.19015
1739 0.090308
1740 0.112991
1741 0.156748
1742 0.17632
1743 0.0385989
1744 0.198469
1745 0.201616
1746 0.0846329
1747 0.0429064
1748 0.181412
1749 0.0151684
1750 0.241292
1751 0.209387
1752 0.158832
1753 0.192841
1754 0.158347
1755 0.161472
1756 0.211952
1757 0.241706
1758 0.0751785
1759 0.251384
1760 0.1816
1761 0.137475
1762 0.0747456
1763 0.174859
1764 0.258289
1765 0.118803
1766 0.202663
1767 0.159527
1768 0.0886778
1769 0.252877
1770 0.258977
1771 0.080997
1772 0.0948088
1773 0.167417
1774 0.0856896
1775 0.202337
1776 0.144498
1777 0.113859
1778 0.165337
1779 0.180147
1780 0.157814
1781 0.177881
1782 0.207486
1783 0.12574
1784 0.142493
1785 0.141937
1786 0.150694
1787 0.158052
1788 0.152647
1789 0.171185
1790 0.208132
1791 0.171417
1792 0.150552
1793 0.17369
1794 0.195742
1795 0.188979
1796 0.16066
1797 0.176258
1798 0.207334
1799 0.0841239
1800 0.210155
1801 0.156888
1802 0.183801
1803 0.150298
1804 0.145511
1805 0.182154
1806 0.171098
1807 0.216409
1808 0.207979
1809 0.23735
1810 0.165626
1811 0.213843
1812 0.0980185
1813 0.119463
1814 0.0933495
1815 0.177333
1816 0.118183
1817 0.127888
1818 0.183815
1819 0.155421
1820 0.212717
1821 0.264853
1822 0.151711
1823 0.100309
1824 0.0800819
1825 0.145958
1826 0.0510674
1827 0.184708
1828 0.229423
1829 0.225613
1830 0.296482
1831 -0.0238801
1832 0.200278
1833 0.0891735
1834 0.135011
1835 0.0749768
1836 0.213414
1837 0.128855
1838 0.121687
1839 0.250794
1840 0.214599
1841 0.0615138
1842 0.0641049
1843 0.11297
1844 0.140075
1845 0.176914
1846 0.117429
1847 0.165995
1848 0.295451
1849 0.135561
1850 0.212647
1851 0.170369
1852 0.182442
1853 0.363398
1854 0.247507
1855 0.135256
1856 0.233167
1857 0.115179
1858 0.221434
1859 0.160381
1860 0.156032
1861 0.173036
1862 0.130429
1863 0.152076
1864 0.108888
1865 0.0790402
1866 0.183547
1867 0.189569
1868 0.219565
1869 0.17047
1870 0.221206
1871 0.208537
1872 0.223289
1873 0.169128
1874 0.148786
1875 0.101052
1876 0.0851649
1877 0.206511
1878 0.190896
1879 0.176634
1880 0.134274
1881 0.160197
1882 0.151502
1883 0.18101
1884 0.326179
1885 0.207781
1886 0.094287
1887 0.197756
1888 0.105945
1889 0.153756
1890 0.301458
1891 0.174265
1892 0.143848
1893 0.145878
1894 0.200733
1895 0.179909
1896 0.173044
1897 0.118389
1898 0.167576
1899 0.11667
1900 0.0921623
1901 0.131248
1902 0.152945
1903 0.125602
1904 0.0821326
1905 0.259916
1906 0.134442
1907 0.190012
1908 0.182674
1909 0.127425
1910 0.239095
1911 0.134259
1912 0.174006
1913 0.0912499
1914 0.175497
1915 -0.0344541
1916 0.297344
1917 0.178592
1918 0.186616
1919 0.159625
1920 0.157998
1921 0.246095
1922 0.209071
1923 0.169429
1924 0.176012
1925 0.243738
1926 0.0840444
1927 0.153179
1928 0.0612021
1929 0.191155
1930 0.200916
1931 0.275752
1932 0.0891096
1933 0.137501
1934 0.190808
1935 0.0581489
1936 0.172066
1937 0.0770452
1938 0.151718
1939 0.0764625
1940 0.311778
1941 0.208347
1942 0.0737549
1943 0.146147
1944 0.15305
1945 0.143619
1946 0.212519
1947 0.14883
1948 0.161592
1949 0.246526
1950 0.178463
1951 0.210561
1952 0.189206
1953 0.222865
1954 0.283608
1955 0.222814
1956 -0.0255302
1957 0.266817
1958 0.17368
1959 0.196279
1960 0.268994
1961 0.133016
1962 0.190486
1963 0.15291
1964 0.147049
1965 0.117488
1966 0.161847
1967 0.282889
1968 0.20706
1969 0.166679
1970 0.150764
1971 0.383952
1972 0.200763
1973 0.218034
1974 0.128117
1975 0.181368
1976 0.184761
1977 0.116889
1978 0.220867
1979 0.0770485
1980 0.190176
1981 0.183925
1982 0.245621
1983 0.269395
1984 0.158295
1985 0.192472
1986 0.154232
1987 0.198786
1988 0.211472
1989 0.035032
1990 0.113303
1991 0.0996056
1992 0.10594
1993 0.123682
1994 0.148887
1995 0.19926
1996 0.078971
1997 0.200636
1998 0.162979
1999 0.303752
2000 0.166991
2001 0.148564
2002 0.201956
2003 0.177131
2004 0.106833
2005 0.0559384
2006 0.112243
2007 0.157047
2008 0.1923
2009 0.115848
2010 0.184116
2011 0.207168
2012 0.163147
2013 0.141091
2014 0.183887
2015 0.134895
2016 0.289073
2017 0.131983
2018 0.165657
2019 0.142724
2020 0.108867
2021 0.183235
2022 0.174016
2023 0.222883
2024 0.0884447
2025 0.225568
2026 0.164137
2027 0.204302
2028 0.225265
2029 0.144436
2030 0.274765
2031 0.163113
2032 0.122314
2033 0.218691
2034 0.111447
2035 0.138343
2036 0.154818
2037 0.21292
2038 0.160731
2039 0.121294
2040 0.172896
2041 0.0917282
2042 0.208909
2043 0.188124
2044 0.161493
2045 0.185142
2046 0.243474
2047 0.191528
2048 0.209604
2049 0.200769
2050 0.25775
2051 0.0629621
2052 0.145646
2053 0.153279
2054 0.128791
2055 0.208751
2056 0.166802
2057 0.176802
2058 0.123509
2059 0.147737
2060 0.217893
2061 0.195356
2062 0.228661
2063 0.204346
2064 0.0976256
2065 0.067925
2066 0.244299
2067 0.189642
2068 0.24127
2069 0.134981
2070 0.144343
2071 0.199047
2072 0.190616
2073 0.172302
2074 0.0981803
2075 0.225326
2076 0.254061
2077 0.155406
2078 0.2374
2079 0.17021
2080 0.280153
2081 0.0807411
2082 0.178077
2083 0.232729
2084 0.0567887
2085 0.174735
2086 0.176775
2087 0.141642
2088 0.235764
2089 0.122203
2090 0.112953
2091 0.141304
2092 0.15528
2093 0.249027
2094 0.238451
2095 0.2178
2096 0.252326
2097 0.14849
2098 0.1346
2099 0
