0 -1999.16
1 1032.68
2 -609.619
3 -27.8119
4 -6.35081
5 -0.55727
6 -0.236178
7 -0.2107
8 0.133438
9 0.1748
10 0.159383
11 0.179236
12 0.168835
13 0.196572
14 0.167177
15 0.208572
16 0.171833
17 0.180174
18 0.209771
19 0.184395
20 0.148958
21 0.187189
22 0.171203
23 0.165393
24 0.177753
25 0.149638
26 0.136813
27 0.168736
28 0.185276
29 0.173191
30 0.21165
31 0.17926
32 0.189304
33 0.237012
34 0.167069
35 0.196746
36 0.168302
37 0.176055
38 0.164564
39 0.166723
40 0.173866
41 0.164747
42 0.139933
43 0.15996
44 0.170472
45 0.160729
46 0.155949
47 0.192716
48 0.140284
49 0.177249
50 0.20531
51 0.174696
52 0.168935
53 0.161575
54 0.194716
55 0.161894
56 0.181505
57 0.197183
58 0.219529
59 0.210016
60 0.183302
61 0.185466
62 0.175782
63 0.195017
64 0.164522
65 0.169051
66 0.166501
67 0.14793
68 0.162909
69 0.129747
70 0.174663
71 0.177971
72 0.174389
73 0.172199
74 0.166809
75 0.182851
76 0.181839
77 0.191043
78 0.19766
79 0.173334
80 0.171136
81 0.178649
82 0.188169
83 0.167734
84 0.169931
85 0.159607
86 0.133587
87 0.131641
88 0.196866
89 0.182964
90 0.192868
91 0.155209
92 0.192444
93 0.240134
94 0.178476
95 0.151746
96 0.158299
97 0.194768
98 0.213064
99 0.175825
100 0.162746
101 0.133997
102 0.187461
103 0.171207
104 0.199482
105 0.18732
106 0.199978
107 0.181404
108 0.206982
109 0.232917
110 0.231639
111 0.19271
112 0.183346
113 0.177806
114 0.177225
115 0.176158
116 0.154882
117 0.188724
118 0.213007
119 0.151569
120 0.179221
121 0.165807
122 0.159853
123 0.186144
124 0.169766
125 0.139524
126 0.180241
127 0.164156
128 0.166376
129 0.160813
130 0.166472
131 0.169029
132 0.139091
133 0.186115
134 0.162144
135 0.210178
136 0.1769
137 0.176987
138 0.14784
139 0.162447
140 0.147035
141 0.156929
142 0.155907
143 0.174566
144 0.193462
145 0.195095
146 0.1665
147 0.14647
148 0.20596
149 0.155597
150 0.182143
151 0.195501
152 0.191343
153 0.182717
154 0.175419
155 0.179574
156 0.216915
157 0.186629
158 0.166137
159 0.18532
160 0.180264
161 0.149122
162 0.210329
163 0.179011
164 0.180024
165 0.175824
166 0.210912
167 0.14055
168 0.156824
169 0.194287
170 0.162577
171 0.168739
172 0.176505
173 0.187754
174 0.183959
175 0.159126
176 0.191598
177 0.156817
178 0.160939
179 0.142468
180 0.131237
181 0.21837
182 0.216547
183 0.146494
184 0.131403
185 0.137584
186 0.188466
187 0.2
188 0.120177
189 0.124789
190 0.159305
191 0.192862
192 0.14657
193 0.142526
194 0.201572
195 0.179927
196 0.162891
197 0.170782
198 0.176331
199 0.157274
200 0.151877
201 0.161235
202 0.181546
203 0.161572
204 0.153223
205 0.171554
206 0.155
207 0.149523
208 0.168251
209 0.174477
210 0.175509
211 0.219409
212 0.168807
213 0.136515
214 0.169828
215 0.18081
216 0.14744
217 0.224338
218 0.181496
219 0.168133
220 0.173817
221 0.175276
222 0.169177
223 0.182416
224 0.142088
225 0.190901
226 0.206964
227 0.196064
228 0.172201
229 0.191807
230 0.152726
231 0.204167
232 0.188755
233 0.143511
234 0.183071
235 0.192745
236 0.169379
237 0.135245
238 0.162642
239 0.149842
240 0.143233
241 0.195524
242 0.153953
243 0.168793
244 0.166193
245 0.169562
246 0.127333
247 0.151076
248 0.15605
249 0.137254
250 0.199156
251 0.152434
252 0.201375
253 0.167987
254 0.235428
255 0.166033
256 0.143339
257 0.214994
258 0.152323
259 0.209755
260 0.195962
261 0.204352
262 0.183429
263 0.167359
264 0.208626
265 0.17933
266 0.178025
267 0.180547
268 0.24093
269 0.183485
270 0.192358
271 0.169699
272 0.170712
273 0.19699
274 0.147399
275 0.14927
276 0.155791
277 0.161739
278 0.178364
279 0.17329
280 0.180235
281 0.171871
282 0.156464
283 0.174364
284 0.178151
285 0.136762
286 0.16184
287 0.164178
288 0.123039
289 0.156367
290 0.171664
291 0.156663
292 0.176036
293 0.187006
294 0.173872
295 0.177438
296 0.192874
297 0.160713
298 0.17145
299 0.173924
300 0.14229
301 0.158838
302 0.177018
303 0.185434
304 0.182051
305 0.186814
306 0.146623
307 0.158119
308 0.156062
309 0.169118
310 0.201376
311 0.194534
312 0.185762
313 0.175082
314 0.179008
315 0.167693
316 0.185397
317 0.182817
318 0.173578
319 0.174943
320 0.182327
321 0.206138
322 0.19475
323 0.168426
324 0.18464
325 0.154715
326 0.227812
327 0.222524
328 0.187215
329 0.219651
330 0.196519
331 0.181353
332 0.225993
333 0.210194
334 0.186126
335 0.198748
336 0.176917
337 0.162934
338 0.172051
339 0.155462
340 0.146933
341 0.16874
342 0.207765
343 0.155585
344 0.19173
345 0.202479
346 0.171765
347 0.187696
348 0.1662
349 0.186097
350 0.174246
351 0.174262
352 0.183209
353 0.14467
354 0.144637
355 0.158313
356 0.169502
357 0.162132
358 0.197845
359 0.178131
360 0.151436
361 0.119738
362 0.170043
363 0.151059
364 0.145433
365 0.196084
366 0.181792
367 0.174921
368 0.173969
369 0.187719
370 0.160667
371 0.174482
372 0.160616
373 0.186277
374 0.181931
375 0.157846
376 0.128408
377 0.14017
378 0.134046
379 0.142204
380 0.151263
381 0.155075
382 0.156786
383 0.158741
384 0.134244
385 0.175107
386 0.155093
387 0.152096
388 0.168062
389 0.175319
390 0.173607
391 0.204499
392 0.242042
393 0.179841
394 0.169126
395 0.159582
396 0.163239
397 0.184117
398 0.181758
399 0.172272
400 0.16746
401 0.185937
402 0.200557
403 0.194681
404 0.208009
405 0.217651
406 0.186378
407 0.181541
408 0.155914
409 0.216879
410 0.260898
411 0.201886
412 0.215772
413 0.178277
414 0.201235
415 0.19416
416 0.1854
417 0.177207
418 0.16436
419 0.169099
420 0.173268
421 0.159367
422 0.156524
423 0.190537
424 0.19814
425 0.192824
426 0.182534
427 0.136937
428 0.193336
429 0.146749
430 0.128669
431 0.14321
432 0.178274
433 0.187148
434 0.173933
435 0.193052
436 0.197025
437 0.176007
438 0.179737
439 0.146659
440 0.153122
441 0.171171
442 0.190867
443 0.179324
444 0.150062
445 0.0871182
446 0.193638
447 0.115784
448 0.167074
449 0.172668
450 0.167516
451 0.192056
452 0.144845
453 0.165401
454 0.158304
455 0.165123
456 0.164447
457 0.140287
458 0.190934
459 0.161405
460 0.166891
461 0.18717
462 0.191863
463 0.160469
464 0.199499
465 0.190607
466 0.170831
467 0.173502
468 0.176829
469 0.178338
470 0.146557
471 0.168098
472 0.153043
473 0.208607
474 0.198927
475 0.178497
476 0.152874
477 0.189464
478 0.165701
479 0.193163
480 0.165345
481 0.16991
482 0.192458
483 0.166396
484 0.174903
485 0.186989
486 0.182759
487 0.176828
488 0.19155
489 0.206923
490 0.155896
491 0.194612
492 0.170316
493 0.188563
494 0.19067
495 0.21157
496 0.170721
497 0.178715
498 0.14064
499 0.205879
500 0.177656
501 0.155028
502 0.153366
503 0.164565
504 0.158078
505 0.175508
506 0.213821
507 0.217649
508 0.170127
509 0.195123
510 0.181902
511 0.178353
512 0.165362
513 0.15867
514 0.17035
515 0.161988
516 0.178282
517 0.18805
518 0.191886
519 0.172149
520 0.176281
521 0.178276
522 0.161009
523 0.178033
524 0.199235
525 0.18114
526 0.190696
527 0.169613
528 0.154248
529 0.179173
530 0.171189
531 0.161091
532 0.16294
533 0.145212
534 0.156868
535 0.16801
536 0.179088
537 0.203026
538 0.200372
539 0.214339
540 0.235928
541 0.180624
542 0.206964
543 0.16291
544 0.185964
545 0.14427
546 0.122686
547 0.168707
548 0.0987674
549 0.152072
550 0.125727
551 0.164914
552 0.102696
553 0.171479
554 0.197927
555 0.149174
556 0.162353
557 0.161704
558 0.174137
559 0.133809
560 0.157968
561 0.157294
562 0.171687
563 0.205229
564 0.167468
565 0.203808
566 0.166131
567 0.164701
568 0.190125
569 0.173295
570 0.20998
571 0.156876
572 0.213585
573 0.14455
574 0.168998
575 0.163207
576 0.191944
577 0.217048
578 0.177431
579 0.179542
580 0.17828
581 0.196759
582 0.170856
583 0.162295
584 0.180065
585 0.185877
586 0.142801
587 0.223274
588 0.171533
589 0.161854
590 0.190377
591 0.170823
592 0.176842
593 0.180501
594 0.153699
595 0.153644
596 0.185038
597 0.157749
598 0.163184
599 0.199857
600 0.167318
601 0.17728
602 0.176772
603 0.172138
604 0.17774
605 0.115904
606 0.119675
607 0.188367
608 0.147601
609 0.178512
610 0.148458
611 0.175512
612 0.161686
613 0.195813
614 0.208231
615 0.178693
616 0.142967
617 0.179593
618 0.136304
619 0.163073
620 0.157675
621 0.153592
622 0.149793
623 0.179106
624 0.151831
625 0.168606
626 0.160778
627 0.161787
628 0.220427
629 0.130891
630 0.149424
631 0.19809
632 0.135855
633 0.172249
634 0.185159
635 0.179343
636 0.182676
637 0.14117
638 0.154631
639 0.138322
640 0.107254
641 0.124492
642 0.194906
643 0.139854
644 0.161112
645 0.20145
646 0.154729
647 0.143651
648 0.167651
649 0.185947
650 0.148609
651 0.140937
652 0.158281
653 0.185967
654 0.197696
655 0.184863
656 0.249541
657 0.245355
658 0.159168
659 0.158062
660 0.225852
661 0.179108
662 0.167406
663 0.130368
664 0.189954
665 0.189797
666 0.157592
667 0.162079
668 0.206197
669 0.169102
670 0.164306
671 0.195603
672 0.157041
673 0.183666
674 0.187413
675 0.151586
676 0.14652
677 0.204214
678 0.200741
679 0.170208
680 0.167212
681 0.189978
682 0.162373
683 0.118915
684 0.158098
685 0.170475
686 0.121475
687 0.18622
688 0.225937
689 0.206885
690 0.147263
691 0.221185
692 0.217163
693 0.172155
694 0.145796
695 0.172964
696 0.170756
697 0.151424
698 0.201856
699 0.192958
700 0.174141
701 0.180266
702 0.153713
703 0.169954
704 0.134387
705 0.190924
706 0.188088
707 0.159872
708 0.166621
709 0.167004
710 0.180609
711 0.156128
712 0.152137
713 0.151438
714 0.154638
715 0.167734
716 0.151517
717 0.161072
718 0.15774
719 0.141926
720 0.174193
721 0.16643
722 0.164621
723 0.171016
724 0.157937
725 0.195121
726 0.144523
727 0.150656
728 0.15937
729 0.132481
730 0.216479
731 0.13652
732 0.159353
733 0.189342
734 0.194269
735 0.149495
736 0.14459
737 0.196648
738 0.177209
739 0.167461
740 0.1713
741 0.186536
742 0.193576
743 0.171036
744 0.17169
745 0.193202
746 0.147328
747 0.135655
748 0.176581
749 0.181734
750 0.186843
751 0.207005
752 0.183929
753 0.173102
754 0.168522
755 0.219568
756 0.184552
757 0.13391
758 0.226356
759 0.20929
760 0.202703
761 0.203968
762 0.196552
763 0.234582
764 0.184915
765 0.174348
766 0.155464
767 0.199056
768 0.16027
769 0.169236
770 0.161477
771 0.22802
772 0.181397
773 0.212252
774 0.19792
775 0.178992
776 0.162437
777 0.228392
778 0.155045
779 0.150584
780 0.179968
781 0.194972
782 0.203441
783 0.185301
784 0.22785
785 0.202197
786 0.125674
787 0.198791
788 0.176409
789 0.316443
790 0.182752
791 0.173836
792 0.169483
793 0.165815
794 0.120844
795 0.164172
796 0.154123
797 0.161899
798 0.160162
799 0.164492
800 0.126148
801 0.176865
802 0.202831
803 0.176815
804 0.140271
805 0.202892
806 0.187572
807 0.144639
808 0.190947
809 0.162314
810 0.177257
811 0.204708
812 0.189348
813 0.132986
814 0.17067
815 0.194091
816 0.108233
817 0.201674
818 0.141217
819 0.186273
820 0.158969
821 0.171828
822 0.194132
823 0.18482
824 0.146605
825 0.174609
826 0.189362
827 0.127969
828 0.181748
829 0.166536
830 0.1624
831 0.173551
832 0.147527
833 0.151528
834 0.146083
835 0.157064
836 0.121939
837 0.14605
838 0.165862
839 0.130853
840 0.204051
841 0.196246
842 0.167015
843 0.204961
844 0.16875
845 0.163935
846 0.165982
847 0.246964
848 0.1273
849 0.150393
850 0.15949
851 0.166565
852 0.197047
853 0.204316
854 0.1623
855 0.193445
856 0.192136
857 0.159082
858 0.174433
859 0.215173
860 0.171595
861 0.157731
862 0.209088
863 0.130115
864 0.156408
865 0.194177
866 0.194492
867 0.212062
868 0.174348
869 0.203906
870 0.143654
871 0.154968
872 0.174589
873 0.175545
874 0.164259
875 0.166111
876 0.158718
877 0.171139
878 0.171856
879 0.153601
880 0.186586
881 0.217956
882 0.154481
883 0.149086
884 0.168826
885 0.217271
886 0.196109
887 0.147497
888 0.174114
889 0.17997
890 0.187413
891 0.133826
892 0.142547
893 0.179099
894 0.127748
895 0.184479
896 0.187973
897 0.165392
898 0.17367
899 0.139366
900 0.167025
901 0.152359
902 0.131934
903 0.149225
904 0.202381
905 0.2717
906 0.176153
907 0.190486
908 0.173989
909 0.225826
910 0.191139
911 0.158224
912 0.20923
913 0.175854
914 0.178641
915 0.179398
916 0.168265
917 0.159154
918 0.16892
919 0.186479
920 0.214579
921 0.16381
922 0.144579
923 0.174206
924 0.199132
925 0.159856
926 0.197234
927 0.176289
928 0.133361
929 0.173202
930 0.21482
931 0.15551
932 0.187897
933 0.173234
934 0.200169
935 0.191552
936 0.18339
937 0.162337
938 0.186484
939 0.172153
940 0.181556
941 0.21641
942 0.129525
943 0.141956
944 0.221669
945 0.183884
946 0.166126
947 0.202503
948 0.228849
949 0.227785
950 0.187908
951 0.163546
952 0.209463
953 0.187393
954 0.174147
955 0.172607
956 0.171145
957 0.186074
958 0.148833
959 0.177839
960 0.1778
961 0.154765
962 0.174694
963 0.194984
964 0.182934
965 0.176143
966 0.204594
967 0.131395
968 0.167771
969 0.177302
970 0.18522
971 0.191819
972 0.169048
973 0.178917
974 0.154422
975 0.17738
976 0.159138
977 0.198355
978 0.146469
979 0.218827
980 0.183548
981 0.211086
982 0.143532
983 0.1111
984 0.212085
985 0.217195
986 0.171058
987 0.161454
988 0.233285
989 0.213165
990 0.191726
991 0.202143
992 0.146835
993 0.213576
994 0.17965
995 0.190559
996 0.167448
997 0.18796
998 0.18587
999 0.189205
1000 0.181432
1001 0.167805
1002 0.158827
1003 0.173955
1004 0.172464
1005 0.143955
1006 0.166306
1007 0.155102
1008 0.145146
1009 0.180678
1010 0.185144
1011 0.149473
1012 0.195206
1013 0.20218
1014 0.190868
1015 0.172277
1016 0.188499
1017 0.205345
1018 0.175118
1019 0.16453
1020 0.156114
1021 0.181182
1022 0.196207
1023 0.204077
1024 0.167214
1025 0.156349
1026 0.223546
1027 0.220071
1028 0.179549
1029 0.182084
1030 0.182203
1031 0.159152
1032 0.144346
1033 0.152631
1034 0.212382
1035 0.188735
1036 0.198414
1037 0.177066
1038 0.188466
1039 0.161014
1040 0.160932
1041 0.178095
1042 0.155182
1043 0.195413
1044 0.192018
1045 0.165251
1046 0.223521
1047 0.132636
1048 0.166252
1049 0.174213
1050 0.179556
1051 0.152676
1052 0.183609
1053 0.175329
1054 0.188152
1055 0.167634
1056 0.146624
1057 0.141516
1058 0.166957
1059 0.173393
1060 0.196996
1061 0.19221
1062 0.166223
1063 0.199477
1064 0.185552
1065 0.213673
1066 0.159924
1067 0.192009
1068 0.203545
1069 0.159077
1070 0.185482
1071 0.195852
1072 0.163637
1073 0.177882
1074 0.155408
1075 0.151544
1076 0.164857
1077 0.14353
1078 0.191044
1079 0.185214
1080 0.183349
1081 0.167765
1082 0.150479
1083 0.176193
1084 0.191638
1085 0.163901
1086 0.17064
1087 0.188398
1088 0.190431
1089 0.191758
1090 0.19531
1091 0.176746
1092 0.182995
1093 0.172244
1094 0.189147
1095 0.177758
1096 0.202692
1097 0.178397
1098 0.185565
1099 0.165881
1100 0.180142
1101 0.174769
1102 0.173554
1103 0.155818
1104 0.176876
1105 0.170089
1106 0.163705
1107 0.140145
1108 0.186465
1109 0.208445
1110 0.185774
1111 0.169116
1112 0.15121
1113 0.186274
1114 0.170216
1115 0.160422
1116 0.165072
1117 0.131781
1118 0.2002
1119 0.167158
1120 0.158897
1121 0.166137
1122 0.181477
1123 0.161612
1124 0.141702
1125 0.143106
1126 0.173705
1127 0.209435
1128 0.213307
1129 0.16485
1130 0.175207
1131 0.185088
1132 0.187548
1133 0.199325
1134 0.170152
1135 0.116977
1136 0.205404
1137 0.181458
1138 0.211193
1139 0.186749
1140 0.138786
1141 0.173572
1142 0.174233
1143 0.216863
1144 0.17337
1145 0.170499
1146 0.172025
1147 0.164111
1148 0.151099
1149 0.154945
1150 0.19525
1151 0.144633
1152 0.171379
1153 0.158074
1154 0.136894
1155 0.191948
1156 0.160913
1157 0.137342
1158 0.202909
1159 0.162385
1160 0.145047
1161 0.142736
1162 0.205909
1163 0.154668
1164 0.179476
1165 0.216126
1166 0.195603
1167 0.204792
1168 0.210557
1169 0.198511
1170 0.196036
1171 0.178732
1172 0.176068
1173 0.178741
1174 0.166282
1175 0.144685
1176 0.196014
1177 0.146459
1178 0.119286
1179 0.135452
1180 0.141985
1181 0.190603
1182 0.145821
1183 0.152316
1184 0.181068
1185 0.182627
1186 0.19767
1187 0.156225
1188 0.171331
1189 0.212927
1190 0.158535
1191 0.172827
1192 0.129538
1193 0.205509
1194 0.199042
1195 0.202521
1196 0.182543
1197 0.175709
1198 0.170974
1199 0.164838
1200 0.151914
1201 0.167294
1202 0.191614
1203 0.148199
1204 0.202558
1205 0.200805
1206 0.201451
1207 0.194745
1208 0.179126
1209 0.165807
1210 0.163424
1211 0.174263
1212 0.161689
1213 0.19297
1214 0.155345
1215 0.143759
1216 0.156094
1217 0.13695
1218 0.188533
1219 0.23972
1220 0.196949
1221 0.158128
1222 0.201809
1223 0.21168
1224 0.204031
1225 0.171816
1226 0.193451
1227 0.166024
1228 0.196715
1229 0.152628
1230 0.205447
1231 0.176374
1232 0.167658
1233 0.152906
1234 0.205708
1235 0.187078
1236 0.176824
1237 0.181845
1238 0.170869
1239 0.150213
1240 0.150183
1241 0.179155
1242 0.200722
1243 0.191157
1244 0.15328
1245 0.191081
1246 0.21009
1247 0.135972
1248 0.143498
1249 0.210881
1250 0.173196
1251 0.153724
1252 0.159392
1253 0.149404
1254 0.187008
1255 0.116989
1256 0.142209
1257 0.182723
1258 0.146676
1259 0.161542
1260 0.159569
1261 0.166528
1262 0.171945
1263 0.184315
1264 0.158808
1265 0.153753
1266 0.185327
1267 0.186149
1268 0.174384
1269 0.0979182
1270 0.143343
1271 0.133156
1272 0.200057
1273 0.169083
1274 0.18124
1275 0.149096
1276 0.164715
1277 0.125865
1278 0.122801
1279 0.19158
1280 0.130519
1281 0.163108
1282 0.155444
1283 0.137446
1284 0.193539
1285 0.158676
1286 0.190837
1287 0.171846
1288 0.158842
1289 0.165828
1290 0.16118
1291 0.130663
1292 0.187025
1293 0.186052
1294 0.150523
1295 0.190396
1296 0.182299
1297 0.13558
1298 0.167134
1299 0.189278
1300 0.142093
1301 0.150338
1302 0.205416
1303 0.152003
1304 0.15242
1305 0.170397
1306 0.171044
1307 0.157074
1308 0.204448
1309 0.158487
1310 0.168656
1311 0.192147
1312 0.174802
1313 0.180874
1314 0.175707
1315 0.151102
1316 0.152132
1317 0.197815
1318 0.173052
1319 0.184284
1320 0.174126
1321 0.17692
1322 0.178749
1323 0.177118
1324 0.11523
1325 0.166213
1326 0.201839
1327 0.181022
1328 0.155029
1329 0.140784
1330 0.177361
1331 0.18873
1332 0.155732
1333 0.125171
1334 0.179787
1335 0.152533
1336 0.148207
1337 0.140448
1338 0.146353
1339 0.167136
1340 0.167709
1341 0.189186
1342 0.179972
1343 0.16742
1344 0.139459
1345 0.169194
1346 0.176575
1347 0.167928
1348 0.161826
1349 0.140438
1350 0.144831
1351 0.182913
1352 0.156879
1353 0.181042
1354 0.190642
1355 0.186686
1356 0.177906
1357 0.190756
1358 0.202726
1359 0.159614
1360 0.162131
1361 0.152962
1362 0.199768
1363 0.178834
1364 0.160845
1365 0.190138
1366 0.170041
1367 0.151061
1368 0.142192
1369 0.156713
1370 0.145396
1371 0.143944
1372 0.158618
1373 0.167803
1374 0.176845
1375 0.191232
1376 0.159039
1377 0.18023
1378 0.145959
1379 0.193636
1380 0.185113
1381 0.171539
1382 0.169708
1383 0.228134
1384 0.196848
1385 0.19072
1386 0.19959
1387 0.138378
1388 0.176078
1389 0.146496
1390 0.143372
1391 0.179788
1392 0.13968
1393 0.205361
1394 0.199591
1395 0.216592
1396 0.222056
1397 0.199276
1398 0.21578
1399 0.166766
1400 0.195188
1401 0.208271
1402 0.17145
1403 0.179875
1404 0.134611
1405 0.18285
1406 0.167117
1407 0.203102
1408 0.189573
1409 0.18196
1410 0.172078
1411 0.184613
1412 0.149047
1413 0.168434
1414 0.195983
1415 0.178302
1416 0.132628
1417 0.153995
1418 0.182577
1419 0.200559
1420 0.178895
1421 0.157393
1422 0.18839
1423 0.150324
1424 0.198662
1425 0.202834
1426 0.177038
1427 0.106958
1428 0.186616
1429 0.17886
1430 0.124401
1431 0.157227
1432 0.180091
1433 0.169762
1434 0.185695
1435 0.217148
1436 0.205453
1437 0.219994
1438 0.212598
1439 0.201897
1440 0.199741
1441 0.182495
1442 0.178118
1443 0.198836
1444 0.212069
1445 0.162791
1446 0.194699
1447 0.169231
1448 0.171001
1449 0.147703
1450 0.16656
1451 0.165832
1452 0.155104
1453 0.14415
1454 0.189417
1455 0.164165
1456 0.158636
1457 0.167574
1458 0.116505
1459 0.150242
1460 0.153277
1461 0.143168
1462 0.121606
1463 0.127868
1464 0.161635
1465 0.16569
1466 0.155556
1467 0.14166
1468 0.175751
1469 0.162308
1470 0.158489
1471 0.142523
1472 0.167026
1473 0.124524
1474 0.193072
1475 0.176814
1476 0.140308
1477 0.171931
1478 0.176395
1479 0.189048
1480 0.193241
1481 0.174977
1482 0.148881
1483 0.159245
1484 0.159625
1485 0.181306
1486 0.157891
1487 0.155016
1488 0.17626
1489 0.182766
1490 0.15487
1491 0.178908
1492 0.19263
1493 0.173651
1494 0.171552
1495 0.140235
1496 0.207559
1497 0.178227
1498 0.196643
1499 0.230138
1500 0.176496
1501 0.215903
1502 0.165589
1503 0.18634
1504 0.146263
1505 0.198148
1506 0.184781
1507 0.16116
1508 0.158795
1509 0.144707
1510 0.158294
1511 0.192381
1512 0.213279
1513 0.200681
1514 0.216357
1515 0.14618
1516 0.188236
1517 0.150216
1518 0.19714
1519 0.186743
1520 0.186607
1521 0.170855
1522 0.16698
1523 0.139626
1524 0.150197
1525 0.184726
1526 0.136364
1527 0.174278
1528 0.17387
1529 0.176751
1530 0.187924
1531 0.179339
1532 0.152652
1533 0.221185
1534 0.173506
1535 0.17343
1536 0.155151
1537 0.173596
1538 0.166087
1539 0.12679
1540 0.170228
1541 0.159689
1542 0.144751
1543 0.168271
1544 0.167604
1545 0.184817
1546 0.156554
1547 0.206269
1548 0.195821
1549 0.183506
1550 0.208553
1551 0.158754
1552 0.180706
1553 0.16183
1554 0.18935
1555 0.173483
1556 0.160734
1557 0.181601
1558 0.151175
1559 0.178217
1560 0.161358
1561 0.176221
1562 0.180859
1563 0.157144
1564 0.219908
1565 0.171754
1566 0.146319
1567 0.183858
1568 0.162862
1569 0.119811
1570 0.203992
1571 0.199373
1572 0.195735
1573 0.168407
1574 0.19527
1575 0.188415
1576 0.173769
1577 0.168749
1578 0.143135
1579 0.109569
1580 0.165006
1581 0.176199
1582 0.194401
1583 0.147607
1584 0.193235
1585 0.180217
1586 0.156896
1587 0.21658
1588 0.195981
1589 0.165687
1590 0.180989
1591 0.171849
1592 0.186384
1593 0.194979
1594 0.154662
1595 0.172673
1596 0.176015
1597 0.187583
1598 0.189851
1599 0.200099
1600 0.187573
1601 0.172766
1602 0.174116
1603 0.192271
1604 0.145435
1605 0.173525
1606 0.149357
1607 0.155738
1608 0.167588
1609 0.169342
1610 0.183126
1611 0.176771
1612 0.165895
1613 0.130623
1614 0.162269
1615 0.144703
1616 0.20248
1617 0.156318
1618 0.127509
1619 0.14793
1620 0.151684
1621 0.191895
1622 0.153289
1623 0.14895
1624 0.20766
1625 0.159782
1626 0.171767
1627 0.232582
1628 0.194093
1629 0.150126
1630 0.142056
1631 0.200818
1632 0.164461
1633 0.142383
1634 0.149258
1635 0.174048
1636 0.172999
1637 0.166717
1638 0.211809
1639 0.167691
1640 0.178929
1641 0.177222
1642 0.167702
1643 0.196382
1644 0.15335
1645 0.183163
1646 0.183725
1647 0.159735
1648 0.205635
1649 0.185718
1650 0.168293
1651 0.177254
1652 0.182878
1653 0.192939
1654 0.161714
1655 0.157554
1656 0.144208
1657 0.184344
1658 0.119015
1659 0.175201
1660 0.166874
1661 0.16478
1662 0.202703
1663 0.137834
1664 0.162971
1665 0.164667
1666 0.136114
1667 0.128853
1668 0.167642
1669 0.149317
1670 0.170348
1671 0.148054
1672 0.179111
1673 0.202888
1674 0.157993
1675 0.141375
1676 0.190223
1677 0.186945
1678 0.152744
1679 0.176041
1680 0.195266
1681 0.145189
1682 0.197723
1683 0.16748
1684 0.227898
1685 0.131868
1686 0.138633
1687 0.201116
1688 0.138822
1689 0.172492
1690 0.165036
1691 0.179183
1692 0.19254
1693 0.158807
1694 0.151425
1695 0.148461
1696 0.141486
1697 0.135613
1698 0.0984024
1699 0.126422
1700 0.144728
1701 0.145069
1702 0.139272
1703 0.143101
1704 0.129715
1705 0.165047
1706 0.157416
1707 0.171679
1708 0.212187
1709 0.194013
1710 0.173165
1711 0.181019
1712 0.173631
1713 0.162011
1714 0.186041
1715 0.184708
1716 0.214638
1717 0.130476
1718 0.139286
1719 0.201231
1720 0.215244
1721 0.149398
1722 0.140683
1723 0.14625
1724 0.187232
1725 0.169004
1726 0.197239
1727 0.180729
1728 0.17502
1729 0.196697
1730 0.211596
1731 0.169969
1732 0.16693
1733 0.169688
1734 0.170901
1735 0.165347
1736 0.172822
1737 0.179479
1738 0.164203
1739 0.180179
1740 0.200391
1741 0.200888
1742 0.19784
1743 0.198074
1744 0.190992
1745 0.191747
1746 0.160156
1747 0.159822
1748 0.176795
1749 0.179593
1750 0.136017
1751 0.17985
1752 0.184197
1753 0.165659
1754 0.148777
1755 0.178139
1756 0.161807
1757 0.176566
1758 0.148541
1759 0.194114
1760 0.160813
1761 0.182232
1762 0.186899
1763 0.19645
1764 0.153306
1765 0.190991
1766 0.146684
1767 0.168979
1768 0.169924
1769 0.163032
1770 0.136229
1771 0.196151
1772 0.178846
1773 0.179937
1774 0.161531
1775 0.157481
1776 0.148277
1777 0.15219
1778 0.148731
1779 0.173244
1780 0.189055
1781 0.160489
1782 0.168013
1783 0.174461
1784 0.159304
1785 0.19901
1786 0.147843
1787 0.165885
1788 0.177404
1789 0.157146
1790 0.158404
1791 0.187241
1792 0.187976
1793 0.166787
1794 0.175184
1795 0.213112
1796 0.165313
1797 0.144793
1798 0.184146
1799 0.208813
1800 0.137276
1801 0.204832
1802 0.179144
1803 0.150436
1804 0.189997
1805 0.222619
1806 0.189735
1807 0.188321
1808 0.204154
1809 0.198358
1810 0.194756
1811 0.135021
1812 0.163519
1813 0.1368
1814 0.165492
1815 0.175568
1816 0.184644
1817 0.165544
1818 0.18579
1819 0.155958
1820 0.20223
1821 0.163976
1822 0.158715
1823 0.202647
1824 0.148688
1825 0.160927
1826 0.236282
1827 0.172513
1828 0.196523
1829 0.194253
1830 0.151941
1831 0.157354
1832 0.174631
1833 0.197512
1834 0.172585
1835 0.148337
1836 0.247709
1837 0.15491
1838 0.193551
1839 0.146878
1840 0.220343
1841 0.174667
1842 0.155605
1843 0.16424
1844 0.224792
1845 0.159781
1846 0.142485
1847 0.175338
1848 0.157686
1849 0.151236
1850 0.192083
1851 0.144163
1852 0.235033
1853 0.174714
1854 0.203701
1855 0.179638
1856 0.226331
1857 0.175552
1858 0.214448
1859 0.169823
1860 0.185039
1861 0.170814
1862 0.180355
1863 0.186085
1864 0.156763
1865 0.174094
1866 0.202195
1867 0.160396
1868 0.195488
1869 0.159055
1870 0.217097
1871 0.202316
1872 0.180553
1873 0.184666
1874 0.0711206
1875 0.148982
1876 0.172306
1877 0.172147
1878 0.133622
1879 0.145913
1880 0.183385
1881 0.181155
1882 0.155309
1883 0.188915
1884 0.213307
1885 0.207992
1886 0.202415
1887 0.233558
1888 0.18129
1889 0.141604
1890 0.19601
1891 0.155955
1892 0.173604
1893 0.188865
1894 0.163713
1895 0.171366
1896 0.166496
1897 0.156357
1898 0.150998
1899 0.151015
1900 0.210254
1901 0.151932
1902 0.160953
1903 0.211671
1904 0.162403
1905 0.174363
1906 0.150636
1907 0.179058
1908 0.199469
1909 0.167722
1910 0.148061
1911 0.17583
1912 0.169994
1913 0.172111
1914 0.194253
1915 0.180367
1916 0.21005
1917 0.167006
1918 0.147292
1919 0.198217
1920 0.174369
1921 0.17954
1922 0.175801
1923 0.119151
1924 0.124754
1925 0.164462
1926 0.133911
1927 0.126711
1928 0.159468
1929 0.193625
1930 0.124367
1931 0.187523
1932 0.177509
1933 0.166508
1934 0.181488
1935 0.140677
1936 0.145487
1937 0.142252
1938 0.15611
1939 0.165191
1940 0.138193
1941 0.179805
1942 0.21057
1943 0.168311
1944 0.189755
1945 0.16976
1946 0.215136
1947 0.160944
1948 0.136333
1949 0.193895
1950 0.138951
1951 0.172099
1952 0.178172
1953 0.178432
1954 0.174428
1955 0.187094
1956 0.164885
1957 0.234416
1958 0.178149
1959 0.164524
1960 0.189616
1961 0.163725
1962 0.193274
1963 0.191575
1964 0.164695
1965 0.183606
1966 0.20292
1967 0.176373
1968 0.202726
1969 0.17913
1970 0.181387
1971 0.192391
1972 0.199249
1973 0.189117
1974 0.186209
1975 0.187416
1976 0.188935
1977 0.165575
1978 0.192319
1979 0.149088
1980 0.206487
1981 0.157091
1982 0.198495
1983 0.17587
1984 0.185843
1985 0.189125
1986 0.208718
1987 0.204977
1988 0.182876
1989 0.184161
1990 0.178151
1991 0.159138
1992 0.172888
1993 0.186846
1994 0.160309
1995 0.15497
1996 0.188702
1997 0.214904
1998 0.219173
1999 0.205982
2000 0.166535
2001 0.101489
2002 0.161355
2003 0.148585
2004 0.185748
2005 0.135762
2006 0.12754
2007 0.175702
2008 0.174607
2009 0.171104
2010 0.179858
2011 0.169067
2012 0.170883
2013 0.157832
2014 0.192169
2015 0.162855
2016 0.215121
2017 0.125424
2018 0.188542
2019 0.193564
2020 0.16463
2021 0.174302
2022 0.161001
2023 0.196948
2024 0.162697
2025 0.18011
2026 0.173033
2027 0.188589
2028 0.173202
2029 0.183813
2030 0.18883
2031 0.152984
2032 0.181145
2033 0.14731
2034 0.180143
2035 0.167481
2036 0.169565
2037 0.176816
2038 0.163226
2039 0.144814
2040 0.164767
2041 0.15188
2042 0.153621
2043 0.193154
2044 0.145732
2045 0.172656
2046 0.209772
2047 0.152112
2048 0.220796
2049 0.193347
2050 0.160573
2051 0.150497
2052 0.182664
2053 0.146164
2054 0.16002
2055 0.181873
2056 0.155058
2057 0.166357
2058 0.187429
2059 0.151075
2060 0.171151
2061 0.154552
2062 0.157893
2063 0.155029
2064 0.154082
2065 0.148811
2066 0.174554
2067 0.202821
2068 0.154251
2069 0.163984
2070 0.153595
2071 0.173681
2072 0.112104
2073 0.186256
2074 0.181115
2075 0.122076
2076 0.166665
2077 0.210502
2078 0.152687
2079 0.181189
2080 0.200071
2081 0.203543
2082 0.175364
2083 0.188524
2084 0.180318
2085 0.189189
2086 0.186885
2087 0.178455
2088 0.186735
2089 0.200587
2090 0.16541
2091 0.165497
2092 0.200005
2093 0.205022
2094 0.199194
2095 0.188977
2096 0.192521
2097 0.200954
2098 0.185574
2099 0
