0 -0.85428
1 -0.112122
2 0.0814187
3 0.148472
4 0.174837
5 0.161672
6 0.177121
7 0.163447
8 0.173492
9 0.172801
10 0.179383
11 0.188699
12 0.180254
13 0.188195
14 0.193372
15 0.18069
16 0.1704
17 0.174713
18 0.182387
19 0.177135
20 0.190896
21 0.173487
22 0.187043
23 0.192894
24 0.169841
25 0.173081
26 0.178744
27 0.17031
28 0.174505
29 0.16641
30 0.180718
31 0.169823
32 0.186347
33 0.18724
34 0.178196
35 0.174683
36 0.182849
37 0.18487
38 0.1867
39 0.186552
40 0.170439
41 0.179606
42 0.188361
43 0.170274
44 0.172303
45 0.182327
46 0.170809
47 0.183969
48 0.181686
49 0.186764
50 0.173712
51 0.164979
52 0.168714
53 0.183143
54 0.180594
55 0.183902
56 0.179927
57 0.190864
58 0.173913
59 0.186272
60 0.184179
61 0.191499
62 0.175496
63 0.179725
64 0.188059
65 0.170664
66 0.163131
67 0.181648
68 0.18107
69 0.170587
70 0.170871
71 0.184056
72 0.191956
73 0.173039
74 0.183746
75 0.18158
76 0.170799
77 0.176388
78 0.186111
79 0.176518
80 0.166594
81 0.175183
82 0.177256
83 0.185163
84 0.185149
85 0.185097
86 0.189723
87 0.188781
88 0.168759
89 0.180181
90 0.19238
91 0.172649
92 0.173173
93 0.183327
94 0.166927
95 0.179302
96 0.174948
97 0.1833
98 0.172905
99 0.184675
100 0.174691
101 0.171764
102 0.182704
103 0.171438
104 0.185887
105 0.194148
106 0.173361
107 0.173782
108 0.185225
109 0.19036
110 0.170403
111 0.170789
112 0.176677
113 0.168777
114 0.175403
115 0.188543
116 0.169022
117 0.178497
118 0.190254
119 0.184918
120 0.167669
121 0.170106
122 0.167517
123 0.166627
124 0.160198
125 0.185502
126 0.17926
127 0.176191
128 0.184375
129 0.180922
130 0.168578
131 0.183345
132 0.169802
133 0.181205
134 0.177293
135 0.165853
136 0.164961
137 0.174026
138 0.176832
139 0.185716
140 0.176598
141 0.170003
142 0.185313
143 0.186309
144 0.165861
145 0.182767
146 0.186982
147 0.177929
148 0.17067
149 0.184064
150 0.192668
151 0.180373
152 0.174817
153 0.185264
154 0.190816
155 0.178051
156 0.186884
157 0.192191
158 0.172727
159 0.17239
160 0.17143
161 0.172656
162 0.16586
163 0.169206
164 0.181602
165 0.16795
166 0.160754
167 0.187554
168 0.169512
169 0.175832
170 0.175197
171 0.185538
172 0.166938
173 0.186857
174 0.174518
175 0.163325
176 0.172739
177 0.172546
178 0.180912
179 0.174251
180 0.180482
181 0.177736
182 0.172067
183 0.176982
184 0.172006
185 0.162747
186 0.180521
187 0.169129
188 0.184636
189 0.168917
190 0.163396
191 0.185722
192 0.177035
193 0.165328
194 0.172428
195 0.172541
196 0.165556
197 0.177011
198 0.187611
199 0.190689
200 0.182446
201 0.181574
202 0.179943
203 0.166078
204 0.17826
205 0.182667
206 0.182198
207 0.17618
208 0.1833
209 0.177383
210 0.169954
211 0.172122
212 0.184702
213 0.166243
214 0.180736
215 0.166461
216 0.17214
217 0.184987
218 0.169315
219 0.186243
220 0.193191
221 0.176164
222 0.165105
223 0.188739
224 0.173404
225 0.161235
226 0.185279
227 0.184627
228 0.187219
229 0.183189
230 0.174807
231 0.164495
232 0.181077
233 0.182802
234 0.17702
235 0.174066
236 0.178534
237 0.174059
238 0.181431
239 0.179814
240 0.167536
241 0.170545
242 0.167256
243 0.182695
244 0.180518
245 0.178431
246 0.181929
247 0.165309
248 0.17477
249 0.181118
250 0.1885
251 0.187991
252 0.178347
253 0.190317
254 0.17561
255 0.179478
256 0.175223
257 0.168613
258 0.177177
259 0.167676
260 0.183185
261 0.176947
262 0.171475
263 0.173518
264 0.175392
265 0.183949
266 0.183147
267 0.190313
268 0.17732
269 0.181654
270 0.187731
271 0.18
272 0.184302
273 0.170716
274 0.173012
275 0.170819
276 0.183785
277 0.17591
278 0.166493
279 0.165261
280 0.162394
281 0.178837
282 0.17907
283 0.184918
284 0.186129
285 0.171402
286 0.182892
287 0.193189
288 0.171099
289 0.175496
290 0.164365
291 0.18326
292 0.176727
293 0.167833
294 0.169969
295 0.169099
296 0.167503
297 0.175908
298 0.182675
299 0.172658
300 0.175283
301 0.187297
302 0.174612
303 0.184649
304 0.165561
305 0.18483
306 0.182925
307 0.18448
308 0.172429
309 0.175538
310 0.167814
311 0.169906
312 0.178782
313 0.169254
314 0.16814
315 0.174504
316 0.185425
317 0.16957
318 0.173121
319 0.185027
320 0.181555
321 0.184212
322 0.179282
323 0.169094
324 0.18834
325 0.176641
326 0.17762
327 0.168566
328 0.163354
329 0.169359
330 0.161678
331 0.18657
332 0.172079
333 0.163899
334 0.178
335 0.165614
336 0.179049
337 0.180676
338 0.183735
339 0.191307
340 0.174918
341 0.177191
342 0.180835
343 0.183555
344 0.171848
345 0.164187
346 0.166628
347 0.176637
348 0.186814
349 0.17766
350 0.177622
351 0.169855
352 0.169462
353 0.181699
354 0.17649
355 0.184481
356 0.169554
357 0.187982
358 0.179528
359 0.184948
360 0.172427
361 0.185432
362 0.17018
363 0.167081
364 0.182053
365 0.186718
366 0.171179
367 0.164053
368 0.171373
369 0.167794
370 0.165238
371 0.18078
372 0.16908
373 0.164709
374 0.179705
375 0.183799
376 0.192681
377 0.174151
378 0.168575
379 0.169172
380 0.187289
381 0.169475
382 0.169792
383 0.181661
384 0.168844
385 0.178612
386 0.178448
387 0.182544
388 0.170771
389 0.167498
390 0.184208
391 0.16978
392 0.180493
393 0.192862
394 0.172657
395 0.164514
396 0.16379
397 0.186151
398 0.171903
399 0.162225
400 0.178791
401 0.173513
402 0.176335
403 0.174475
404 0.188283
405 0.186433
406 0.181027
407 0.178191
408 0.172006
409 0.166172
410 0.18655
411 0.173282
412 0.172618
413 0.166919
414 0.177534
415 0.173582
416 0.175596
417 0.167247
418 0.180659
419 0.184897
420 0.174224
421 0.188424
422 0.173623
423 0.188502
424 0.178716
425 0.170143
426 0.166027
427 0.176109
428 0.178502
429 0.187411
430 0.17802
431 0.183599
432 0.176475
433 0.188168
434 0.192048
435 0.179692
436 0.165475
437 0.184118
438 0.180582
439 0.182534
440 0.171977
441 0.167022
442 0.170785
443 0.172978
444 0.184305
445 0.16805
446 0.18101
447 0.181999
448 0.175599
449 0.166288
450 0.179025
451 0.188033
452 0.183484
453 0.171522
454 0.163702
455 0.185234
456 0.18564
457 0.16585
458 0.182573
459 0.17526
460 0.178112
461 0.171072
462 0.161892
463 0.180692
464 0.18285
465 0.173244
466 0.184524
467 0.165808
468 0.180338
469 0.174623
470 0.170042
471 0.173336
472 0.170895
473 0.188239
474 0.167774
475 0.178329
476 0.182987
477 0.188918
478 0.19107
479 0.176564
480 0.163142
481 0.186343
482 0.174632
483 0.175113
484 0.167975
485 0.161734
486 0.183908
487 0.168672
488 0.175398
489 0.167637
490 0.184477
491 0.183207
492 0.182021
493 0.165831
494 0.184899
495 0.174372
496 0.182989
497 0.18306
498 0.172776
499 0.184019
500 0.191237
501 0.168024
502 0.184931
503 0.169957
504 0.173767
505 0.16956
506 0.160469
507 0.186729
508 0.171538
509 0.164297
510 0.167642
511 0.17782
512 0.187231
513 0.17184
514 0.174723
515 0.181611
516 0.170643
517 0.1764
518 0.175766
519 0.181557
520 0.179295
521 0.184504
522 0.169672
523 0.181218
524 0.180756
525 0.165047
526 0.177613
527 0.178446
528 0.173332
529 0.163453
530 0.186161
531 0.178304
532 0.179349
533 0.165868
534 0.18349
535 0.193431
536 0.172405
537 0.163406
538 0.184806
539 0.180489
540 0.17531
541 0.177396
542 0.17954
543 0.163296
544 0.185719
545 0.187752
546 0.177158
547 0.177577
548 0.187883
549 0.1937
550 0.175312
551 0.165975
552 0.184215
553 0.168272
554 0.18672
555 0.186172
556 0.177896
557 0.177552
558 0.186079
559 0.178998
560 0.180629
561 0.16531
562 0.186542
563 0.178487
564 0.178103
565 0.189391
566 0.191291
567 0.190316
568 0.176087
569 0.165775
570 0.179528
571 0.189632
572 0.191971
573 0.17276
574 0.175935
575 0.168374
576 0.172927
577 0.17706
578 0.187214
579 0.188864
580 0.174016
581 0.165758
582 0.184204
583 0.191727
584 0.181799
585 0.177507
586 0.176992
587 0.191347
588 0.175001
589 0.172516
590 0.168352
591 0.175807
592 0.182931
593 0.175995
594 0.168315
595 0.171254
596 0.1887
597 0.181092
598 0.176757
599 0.177316
600 0.164851
601 0.17202
602 0.168567
603 0.165191
604 0.17979
605 0.172652
606 0.185752
607 0.178657
608 0.176194
609 0.182121
610 0.182576
611 0.179944
612 0.177692
613 0.169352
614 0.18922
615 0.172045
616 0.172308
617 0.182612
618 0.169854
619 0.173818
620 0.179362
621 0.176002
622 0.184176
623 0.173856
624 0.164913
625 0.174108
626 0.175427
627 0.172225
628 0.180788
629 0.184446
630 0.165317
631 0.18041
632 0.168989
633 0.162046
634 0.170211
635 0.175035
636 0.16553
637 0.173765
638 0.178007
639 0.179782
640 0.176445
641 0.185311
642 0.180355
643 0.175385
644 0.17101
645 0.167138
646 0.172257
647 0.184577
648 0.169978
649 0.175218
650 0.170426
651 0.179956
652 0.178226
653 0.184903
654 0.177326
655 0.18696
656 0.172141
657 0.187832
658 0.17295
659 0.186142
660 0.18419
661 0.183746
662 0.188806
663 0.170543
664 0.179642
665 0.176576
666 0.187596
667 0.168879
668 0.184979
669 0.186818
670 0.189248
671 0.18398
672 0.173464
673 0.181306
674 0.183756
675 0.173356
676 0.186544
677 0.17013
678 0.169633
679 0.167331
680 0.165565
681 0.184899
682 0.171634
683 0.17207
684 0.187843
685 0.177325
686 0.181724
687 0.173028
688 0.165574
689 0.186448
690 0.181948
691 0.178727
692 0.170822
693 0.169551
694 0.166332
695 0.170576
696 0.185957
697 0.179965
698 0.179738
699 0.175527
700 0.178036
701 0.176033
702 0.18736
703 0.166687
704 0.179204
705 0.181238
706 0.174392
707 0.174956
708 0.166143
709 0.183834
710 0.169532
711 0.187161
712 0.183037
713 0.187097
714 0.17683
715 0.166269
716 0.178394
717 0.188079
718 0.185218
719 0.170498
720 0.17413
721 0.168164
722 0.16818
723 0.173694
724 0.166605
725 0.171678
726 0.183968
727 0.190103
728 0.174605
729 0.16778
730 0.184417
731 0.186861
732 0.178496
733 0.176779
734 0.189092
735 0.185881
736 0.188751
737 0.17514
738 0.180022
739 0.1871
740 0.183595
741 0.179732
742 0.182098
743 0.178601
744 0.192318
745 0.16914
746 0.183021
747 0.181467
748 0.174037
749 0.163888
750 0.182534
751 0.174903
752 0.17137
753 0.173828
754 0.177288
755 0.169127
756 0.184101
757 0.177938
758 0.170092
759 0.170027
760 0.176067
761 0.185823
762 0.169781
763 0.167815
764 0.17
765 0.175161
766 0.179148
767 0.186896
768 0.171569
769 0.17068
770 0.180287
771 0.167814
772 0.175053
773 0.181443
774 0.185295
775 0.186036
776 0.180484
777 0.175896
778 0.175722
779 0.170026
780 0.176816
781 0.187079
782 0.180155
783 0.184854
784 0.170011
785 0.162055
786 0.17757
787 0.18015
788 0.176836
789 0.186104
790 0.178877
791 0.191301
792 0.179471
793 0.166333
794 0.166074
795 0.168612
796 0.178242
797 0.188237
798 0.168386
799 0.169878
800 0.185237
801 0.173606
802 0.176596
803 0.176823
804 0.176543
805 0.177223
806 0.174762
807 0.164623
808 0.187116
809 0.173521
810 0.18429
811 0.191913
812 0.17874
813 0.167701
814 0.186562
815 0.186482
816 0.188587
817 0.18282
818 0.174013
819 0.170599
820 0.185811
821 0.180198
822 0.188931
823 0.174831
824 0.169735
825 0.165166
826 0.165013
827 0.167871
828 0.170339
829 0.18019
830 0.180485
831 0.180079
832 0.185926
833 0.182753
834 0.191154
835 0.182691
836 0.188486
837 0.179015
838 0.16699
839 0.170084
840 0.162405
841 0.18353
842 0.190839
843 0.191774
844 0.171908
845 0.183715
846 0.167532
847 0.182425
848 0.168793
849 0.165471
850 0.167066
851 0.177222
852 0.181587
853 0.181629
854 0.167082
855 0.184781
856 0.170985
857 0.170873
858 0.163244
859 0.176081
860 0.172466
861 0.181455
862 0.176938
863 0.185623
864 0.184118
865 0.176909
866 0.170987
867 0.164472
868 0.173609
869 0.182661
870 0.182493
871 0.192315
872 0.176691
873 0.173865
874 0.1889
875 0.187561
876 0.17461
877 0.169051
878 0.180232
879 0.16843
880 0.185334
881 0.173201
882 0.167003
883 0.181999
884 0.169766
885 0.17545
886 0.181773
887 0.177538
888 0.183289
889 0.19326
890 0.168091
891 0.184803
892 0.171859
893 0.185098
894 0.182575
895 0.182624
896 0.175514
897 0.169107
898 0.185843
899 0.19129
900 0.17295
901 0.182524
902 0.182248
903 0.17503
904 0.169517
905 0.165034
906 0.167655
907 0.167068
908 0.162999
909 0.183848
910 0.16701
911 0.18462
912 0.166823
913 0.187165
914 0.170419
915 0.164512
916 0.174048
917 0.183582
918 0.179776
919 0.167045
920 0.168615
921 0.175858
922 0.173798
923 0.167334
924 0.165714
925 0.161309
926 0.179995
927 0.187845
928 0.177703
929 0.181379
930 0.17609
931 0.183917
932 0.18495
933 0.18032
934 0.189272
935 0.16935
936 0.178905
937 0.166598
938 0.176503
939 0.187437
940 0.186657
941 0.187641
942 0.172372
943 0.188831
944 0.171663
945 0.184065
946 0.193049
947 0.179056
948 0.173466
949 0.184419
950 0.181726
951 0.18216
952 0.164668
953 0.187482
954 0.169601
955 0.172201
956 0.168878
957 0.181039
958 0.179342
959 0.177008
960 0.17478
961 0.181393
962 0.180992
963 0.178321
964 0.170653
965 0.185865
966 0.180686
967 0.1705
968 0.173055
969 0.165167
970 0.162855
971 0.184032
972 0.190796
973 0.171864
974 0.177182
975 0.172163
976 0.174862
977 0.188336
978 0.188458
979 0.17823
980 0.174668
981 0.173749
982 0.168592
983 0.16969
984 0.187433
985 0.182034
986 0.188535
987 0.187414
988 0.182054
989 0.174749
990 0.17091
991 0.18833
992 0.184666
993 0.187968
994 0.177541
995 0.165161
996 0.182028
997 0.170408
998 0.18627
999 0.183757
1000 0.174369
1001 0.166726
1002 0.181439
1003 0.186129
1004 0.191315
1005 0.185169
1006 0.177131
1007 0.16554
1008 0.180631
1009 0.177073
1010 0.187151
1011 0.192662
1012 0.17525
1013 0.183824
1014 0.167534
1015 0.170297
1016 0.175785
1017 0.168336
1018 0.171275
1019 0.176714
1020 0.186003
1021 0.182593
1022 0.165859
1023 0.17065
1024 0.179106
1025 0.188956
1026 0.188447
1027 0.181873
1028 0.165784
1029 0.178956
1030 0.176044
1031 0.178905
1032 0.184044
1033 0.187845
1034 0.186435
1035 0.187525
1036 0.168556
1037 0.186371
1038 0.187032
1039 0.178451
1040 0.174222
1041 0.190894
1042 0.167589
1043 0.184986
1044 0.17417
1045 0.165811
1046 0.165962
1047 0.165751
1048 0.166057
1049 0.183023
1050 0.185434
1051 0.169429
1052 0.165481
1053 0.16737
1054 0.176232
1055 0.170967
1056 0.181103
1057 0.182096
1058 0.170294
1059 0.176462
1060 0.173872
1061 0.175357
1062 0.169471
1063 0.176495
1064 0.178153
1065 0.189274
1066 0.185203
1067 0.171627
1068 0.179125
1069 0.179311
1070 0.167598
1071 0.178811
1072 0.184183
1073 0.179144
1074 0.17629
1075 0.17122
1076 0.165764
1077 0.184744
1078 0.166482
1079 0.180254
1080 0.169048
1081 0.165928
1082 0.164306
1083 0.186431
1084 0.16723
1085 0.182966
1086 0.178433
1087 0.178366
1088 0.184404
1089 0.188402
1090 0.166529
1091 0.183246
1092 0.16788
1093 0.182413
1094 0.181255
1095 0.172138
1096 0.182211
1097 0.181519
1098 0.173453
1099 0.170079
1100 0.166451
1101 0.16761
1102 0.165316
1103 0.162761
1104 0.172679
1105 0.187574
1106 0.186739
1107 0.171725
1108 0.172547
1109 0.171738
1110 0.180674
1111 0.189977
1112 0.18826
1113 0.165666
1114 0.185236
1115 0.18967
1116 0.186401
1117 0.173259
1118 0.18571
1119 0.185602
1120 0.176613
1121 0.18939
1122 0.175425
1123 0.183985
1124 0.188506
1125 0.187311
1126 0.194079
1127 0.173181
1128 0.1885
1129 0.180683
1130 0.184878
1131 0.171736
1132 0.182753
1133 0.184314
1134 0.169805
1135 0.165719
1136 0.161324
1137 0.180062
1138 0.16457
1139 0.1778
1140 0.180212
1141 0.18675
1142 0.180186
1143 0.174571
1144 0.178232
1145 0.180205
1146 0.190178
1147 0.177247
1148 0.191336
1149 0.173602
1150 0.16392
1151 0.179323
1152 0.189018
1153 0.186658
1154 0.190732
1155 0.183499
1156 0.18991
1157 0.194646
1158 0.177004
1159 0.176908
1160 0.165544
1161 0.172533
1162 0.168004
1163 0.162108
1164 0.175232
1165 0.16738
1166 0.172595
1167 0.181656
1168 0.189618
1169 0.179083
1170 0.181716
1171 0.170183
1172 0.164532
1173 0.183615
1174 0.185305
1175 0.183378
1176 0.173045
1177 0.183872
1178 0.19199
1179 0.184435
1180 0.182937
1181 0.174506
1182 0.178018
1183 0.177231
1184 0.166108
1185 0.176279
1186 0.173665
1187 0.186797
1188 0.181385
1189 0.189826
1190 0.18457
1191 0.18041
1192 0.183938
1193 0.179793
1194 0.171529
1195 0.181391
1196 0.193085
1197 0.171222
1198 0.181042
1199 0.173438
1200 0.180908
1201 0.182177
1202 0.176256
1203 0.176533
1204 0.168777
1205 0.161199
1206 0.180496
1207 0.173525
1208 0.183357
1209 0.182419
1210 0.171531
1211 0.170379
1212 0.184021
1213 0.194285
1214 0.168428
1215 0.175097
1216 0.180633
1217 0.176742
1218 0.166169
1219 0.164677
1220 0.172344
1221 0.174925
1222 0.181584
1223 0.176748
1224 0.1678
1225 0.162075
1226 0.178343
1227 0.168056
1228 0.170886
1229 0.17044
1230 0.174021
1231 0.184977
1232 0.178971
1233 0.183753
1234 0.183018
1235 0.167006
1236 0.178154
1237 0.172981
1238 0.168079
1239 0.179742
1240 0.180182
1241 0.176258
1242 0.170116
1243 0.1729
1244 0.186426
1245 0.190296
1246 0.181614
1247 0.178389
1248 0.184131
1249 0.177887
1250 0.190328
1251 0.181364
1252 0.185989
1253 0.172382
1254 0.183987
1255 0.173739
1256 0.183636
1257 0.174062
1258 0.177235
1259 0.178288
1260 0.165883
1261 0.167869
1262 0.185771
1263 0.168724
1264 0.173257
1265 0.173702
1266 0.184229
1267 0.18418
1268 0.173211
1269 0.171265
1270 0.172934
1271 0.165139
1272 0.184183
1273 0.178073
1274 0.169435
1275 0.189062
1276 0.167509
1277 0.177937
1278 0.188538
1279 0.184749
1280 0.176071
1281 0.18569
1282 0.186248
1283 0.179856
1284 0.172333
1285 0.173645
1286 0.171639
1287 0.170192
1288 0.184664
1289 0.181972
1290 0.171703
1291 0.170121
1292 0.182897
1293 0.16949
1294 0.18255
1295 0.170696
1296 0.185101
1297 0.173737
1298 0.184085
1299 0.189488
1300 0.174581
1301 0.186079
1302 0.17467
1303 0.172957
1304 0.168137
1305 0.172133
1306 0.17921
1307 0.171717
1308 0.187797
1309 0.178377
1310 0.172567
1311 0.164035
1312 0.17535
1313 0.170879
1314 0.166323
1315 0.170339
1316 0.187658
1317 0.184358
1318 0.173006
1319 0.169893
1320 0.167659
1321 0.184406
1322 0.186455
1323 0.186244
1324 0.177005
1325 0.166616
1326 0.16941
1327 0.17428
1328 0.177394
1329 0.186172
1330 0.181849
1331 0.183765
1332 0.190773
1333 0.179514
1334 0.178144
1335 0.188963
1336 0.194779
1337 0.170202
1338 0.171437
1339 0.171525
1340 0.17926
1341 0.190262
1342 0.179681
1343 0.170399
1344 0.179673
1345 0.174544
1346 0.178123
1347 0.172412
1348 0.175788
1349 0.184663
1350 0.169261
1351 0.179466
1352 0.173657
1353 0.175393
1354 0.189811
1355 0.177989
1356 0.186308
1357 0.188267
1358 0.182596
1359 0.177908
1360 0.173738
1361 0.178891
1362 0.184358
1363 0.174507
1364 0.179844
1365 0.169597
1366 0.176328
1367 0.175749
1368 0.164926
1369 0.187365
1370 0.168443
1371 0.184331
1372 0.176319
1373 0.187541
1374 0.179293
1375 0.18257
1376 0.173422
1377 0.166519
1378 0.16369
1379 0.176359
1380 0.17837
1381 0.173039
1382 0.185037
1383 0.169091
1384 0.163605
1385 0.178177
1386 0.18983
1387 0.1756
1388 0.183556
1389 0.167169
1390 0.175328
1391 0.17305
1392 0.186348
1393 0.189012
1394 0.176052
1395 0.169294
1396 0.171668
1397 0.18121
1398 0.179608
1399 0.183362
1400 0.166441
1401 0.182343
1402 0.167951
1403 0.167493
1404 0.166197
1405 0.173092
1406 0.164818
1407 0.170207
1408 0.184141
1409 0.187964
1410 0.179746
1411 0.186804
1412 0.170598
1413 0.18761
1414 0.171675
1415 0.185795
1416 0.190481
1417 0.179478
1418 0.188109
1419 0.174262
1420 0.168267
1421 0.185643
1422 0.186485
1423 0.17435
1424 0.165098
1425 0.168733
1426 0.186663
1427 0.18023
1428 0.173454
1429 0.187703
1430 0.174377
1431 0.170915
1432 0.165856
1433 0.17562
1434 0.182848
1435 0.180689
1436 0.188851
1437 0.182986
1438 0.17999
1439 0.170164
1440 0.174406
1441 0.173581
1442 0.18202
1443 0.184815
1444 0.172628
1445 0.164176
1446 0.185912
1447 0.188511
1448 0.176118
1449 0.174167
1450 0.169512
1451 0.183345
1452 0.188392
1453 0.183464
1454 0.181597
1455 0.167698
1456 0.167425
1457 0.174078
1458 0.170471
1459 0.17535
1460 0.181208
1461 0.183351
1462 0.181483
1463 0.184947
1464 0.181228
1465 0.180012
1466 0.16452
1467 0.18073
1468 0.190625
1469 0.174901
1470 0.168812
1471 0.177779
1472 0.169302
1473 0.185309
1474 0.169111
1475 0.169601
1476 0.171572
1477 0.177182
1478 0.187259
1479 0.191015
1480 0.167873
1481 0.181431
1482 0.171998
1483 0.172113
1484 0.183685
1485 0.169629
1486 0.182178
1487 0.168287
1488 0.186749
1489 0.172398
1490 0.162455
1491 0.175057
1492 0.175294
1493 0.167524
1494 0.174614
1495 0.169971
1496 0.1817
1497 0.193153
1498 0.171305
1499 0.167887
1500 0.165035
1501 0.185885
1502 0.179406
1503 0.169019
1504 0.175913
1505 0.184269
1506 0.177167
1507 0.183812
1508 0.192202
1509 0.171161
1510 0.184329
1511 0.18628
1512 0.183527
1513 0.18436
1514 0.185743
1515 0.178773
1516 0.173171
1517 0.182769
1518 0.188142
1519 0.174892
1520 0.164044
1521 0.179564
1522 0.168618
1523 0.168084
1524 0.188022
1525 0.167006
1526 0.177357
1527 0.185988
1528 0.173117
1529 0.174439
1530 0.176875
1531 0.177573
1532 0.167423
1533 0.173669
1534 0.17966
1535 0.174228
1536 0.172211
1537 0.187712
1538 0.187576
1539 0.173618
1540 0.178436
1541 0.186566
1542 0.170453
1543 0.174604
1544 0.186198
1545 0.169046
1546 0.171975
1547 0.185865
1548 0.171602
1549 0.172736
1550 0.180716
1551 0.177375
1552 0.16805
1553 0.164352
1554 0.183832
1555 0.175351
1556 0.171237
1557 0.170002
1558 0.171804
1559 0.184105
1560 0.177971
1561 0.171496
1562 0.162763
1563 0.175259
1564 0.172453
1565 0.1702
1566 0.181874
1567 0.187642
1568 0.174144
1569 0.168028
1570 0.187988
1571 0.16844
1572 0.175965
1573 0.186661
1574 0.185289
1575 0.181835
1576 0.1789
1577 0.182644
1578 0.178463
1579 0.185621
1580 0.183864
1581 0.170231
1582 0.180059
1583 0.17432
1584 0.185013
1585 0.174806
1586 0.188475
1587 0.177613
1588 0.176995
1589 0.180213
1590 0.183701
1591 0.174814
1592 0.170325
1593 0.182941
1594 0.174472
1595 0.18514
1596 0.17244
1597 0.18769
1598 0.17442
1599 0.165526
1600 0.18218
1601 0.164068
1602 0.186908
1603 0.170145
1604 0.171734
1605 0.166433
1606 0.165391
1607 0.171152
1608 0.171388
1609 0.178383
1610 0.168603
1611 0.164527
1612 0.185366
1613 0.180065
1614 0.173985
1615 0.1872
1616 0.17749
1617 0.179207
1618 0.16785
1619 0.176464
1620 0.172048
1621 0.163092
1622 0.172199
1623 0.168959
1624 0.182053
1625 0.177365
1626 0.178662
1627 0.191425
1628 0.16863
1629 0.174003
1630 0.184755
1631 0.190107
1632 0.184289
1633 0.188873
1634 0.175469
1635 0.167836
1636 0.166025
1637 0.165776
1638 0.168494
1639 0.178803
1640 0.176037
1641 0.175451
1642 0.187153
1643 0.191039
1644 0.185515
1645 0.173356
1646 0.176488
1647 0.182208
1648 0.174164
1649 0.167062
1650 0.179525
1651 0.187066
1652 0.178726
1653 0.188052
1654 0.194044
1655 0.174185
1656 0.182633
1657 0.188183
1658 0.187347
1659 0.189889
1660 0.175015
1661 0.181684
1662 0.168354
1663 0.187585
1664 0.182537
1665 0.176937
1666 0.169882
1667 0.181008
1668 0.185752
1669 0.177434
1670 0.184469
1671 0.175892
1672 0.185229
1673 0.177162
1674 0.180804
1675 0.191202
1676 0.179323
1677 0.167492
1678 0.164573
1679 0.184772
1680 0.185667
1681 0.167529
1682 0.167483
1683 0.16702
1684 0.183777
1685 0.187959
1686 0.181467
1687 0.185157
1688 0.180395
1689 0.181649
1690 0.185916
1691 0.174202
1692 0.179231
1693 0.186545
1694 0.178235
1695 0.187769
1696 0.190129
1697 0.171303
1698 0.181797
1699 0.184224
1700 0.170532
1701 0.177001
1702 0.185985
1703 0.184031
1704 0.182126
1705 0.169527
1706 0.160891
1707 0.185474
1708 0.175464
1709 0.185026
1710 0.19043
1711 0.169581
1712 0.175056
1713 0.184865
1714 0.1781
1715 0.180335
1716 0.18609
1717 0.190585
1718 0.169025
1719 0.186593
1720 0.177076
1721 0.166729
1722 0.164804
1723 0.179108
1724 0.187461
1725 0.184759
1726 0.175512
1727 0.185478
1728 0.183898
1729 0.176536
1730 0.178463
1731 0.188928
1732 0.17612
1733 0.176754
1734 0.172387
1735 0.186541
1736 0.188721
1737 0.178258
1738 0.188626
1739 0.183063
1740 0.172293
1741 0.164152
1742 0.176031
1743 0.179181
1744 0.16306
1745 0.183696
1746 0.173423
1747 0.18702
1748 0.185493
1749 0.173802
1750 0.174943
1751 0.174894
1752 0.171636
1753 0.185342
1754 0.187704
1755 0.189578
1756 0.176253
1757 0.163098
1758 0.184808
1759 0.177604
1760 0.169965
1761 0.1796
1762 0.171606
1763 0.165508
1764 0.176902
1765 0.170603
1766 0.163324
1767 0.184323
1768 0.173214
1769 0.187638
1770 0.172124
1771 0.183627
1772 0.168884
1773 0.176119
1774 0.168163
1775 0.163741
1776 0.176992
1777 0.180586
1778 0.165973
1779 0.171342
1780 0.18641
1781 0.182076
1782 0.170059
1783 0.179614
1784 0.180721
1785 0.176036
1786 0.18473
1787 0.188574
1788 0.189885
1789 0.184007
1790 0.169982
1791 0.181081
1792 0.176076
1793 0.167507
1794 0.178812
1795 0.175089
1796 0.168138
1797 0.179329
1798 0.176561
1799 0.181861
1800 0.177556
1801 0.172678
1802 0.180345
1803 0.166191
1804 0.169836
1805 0.1657
1806 0.177405
1807 0.173476
1808 0.172284
1809 0.188211
1810 0.180546
1811 0.180321
1812 0.172671
1813 0.176551
1814 0.185813
1815 0.189011
1816 0.174002
1817 0.183415
1818 0.192247
1819 0.183135
1820 0.17992
1821 0.180266
1822 0.176012
1823 0.171403
1824 0.170123
1825 0.179927
1826 0.186582
1827 0.191857
1828 0.178547
1829 0.166257
1830 0.183263
1831 0.185476
1832 0.165918
1833 0.183659
1834 0.183583
1835 0.169668
1836 0.16498
1837 0.17074
1838 0.177151
1839 0.184359
1840 0.170088
1841 0.170424
1842 0.164504
1843 0.165778
1844 0.180155
1845 0.165651
1846 0.175182
1847 0.169131
1848 0.169347
1849 0.176813
1850 0.182605
1851 0.16575
1852 0.172782
1853 0.184589
1854 0.192788
1855 0.17702
1856 0.176746
1857 0.174764
1858 0.177038
1859 0.188883
1860 0.18051
1861 0.183515
1862 0.191977
1863 0.17616
1864 0.164151
1865 0.178201
1866 0.167211
1867 0.178058
1868 0.187905
1869 0.17512
1870 0.172252
1871 0.171308
1872 0.1748
1873 0.172749
1874 0.167233
1875 0.17885
1876 0.169865
1877 0.168501
1878 0.166785
1879 0.16409
1880 0.160565
1881 0.177637
1882 0.188622
1883 0.168236
1884 0.185152
1885 0.174917
1886 0.17649
1887 0.179163
1888 0.174222
1889 0.187317
1890 0.178449
1891 0.179622
1892 0.181227
1893 0.181866
1894 0.174069
1895 0.175093
1896 0.189213
1897 0.173111
1898 0.189044
1899 0.174336
1900 0.177392
1901 0.175432
1902 0.186195
1903 0.1809
1904 0.17772
1905 0.177143
1906 0.17326
1907 0.188014
1908 0.191023
1909 0.177282
1910 0.164727
1911 0.183869
1912 0.174013
1913 0.169321
1914 0.175855
1915 0.178246
1916 0.186686
1917 0.169131
1918 0.173004
1919 0.164556
1920 0.176697
1921 0.171183
1922 0.184059
1923 0.180831
1924 0.188615
1925 0.182644
1926 0.184065
1927 0.176026
1928 0.168771
1929 0.182185
1930 0.191448
1931 0.177156
1932 0.187485
1933 0.186096
1934 0.172508
1935 0.190069
1936 0.173448
1937 0.176276
1938 0.184964
1939 0.17679
1940 0.190076
1941 0.180242
1942 0.164088
1943 0.181214
1944 0.18552
1945 0.180765
1946 0.184664
1947 0.167014
1948 0.173604
1949 0.168404
1950 0.169362
1951 0.171946
1952 0.17195
1953 0.189526
1954 0.168179
1955 0.173671
1956 0.174161
1957 0.171391
1958 0.188189
1959 0.173324
1960 0.175217
1961 0.167115
1962 0.17996
1963 0.188034
1964 0.17004
1965 0.18943
1966 0.174657
1967 0.171488
1968 0.164671
1969 0.165669
1970 0.177056
1971 0.185759
1972 0.184982
1973 0.190614
1974 0.177984
1975 0.188742
1976 0.191838
1977 0.18411
1978 0.192003
1979 0.167091
1980 0.186491
1981 0.177428
1982 0.185661
1983 0.176098
1984 0.166084
1985 0.170365
1986 0.169298
1987 0.178885
1988 0.164897
1989 0.181991
1990 0.191082
1991 0.17149
1992 0.183324
1993 0.168856
1994 0.181566
1995 0.170508
1996 0.175853
1997 0.177401
1998 0.191081
1999 0.172058
2000 0.180075
2001 0.185238
2002 0.191986
2003 0.170679
2004 0.187398
2005 0.182223
2006 0.186975
2007 0.171216
2008 0.168058
2009 0.171664
2010 0.179826
2011 0.18238
2012 0.183644
2013 0.17226
2014 0.163572
2015 0.181784
2016 0.182366
2017 0.187176
2018 0.182273
2019 0.167346
2020 0.173244
2021 0.164012
2022 0.171297
2023 0.17476
2024 0.169596
2025 0.186154
2026 0.192348
2027 0.179227
2028 0.185015
2029 0.189515
2030 0.168841
2031 0.16646
2032 0.176269
2033 0.185544
2034 0.193784
2035 0.170965
2036 0.172821
2037 0.178018
2038 0.169299
2039 0.168004
2040 0.162613
2041 0.18355
2042 0.173444
2043 0.161526
2044 0.183269
2045 0.181019
2046 0.172627
2047 0.184699
2048 0.185488
2049 0.166403
2050 0.171681
2051 0.188235
2052 0.190733
2053 0.171737
2054 0.173633
2055 0.173593
2056 0.166176
2057 0.17813
2058 0.187793
2059 0.171405
2060 0.188844
2061 0.173993
2062 0.178062
2063 0.182811
2064 0.190116
2065 0.172787
2066 0.171382
2067 0.178934
2068 0.187009
2069 0.178691
2070 0.172442
2071 0.163895
2072 0.172805
2073 0.166095
2074 0.162753
2075 0.164461
2076 0.162365
2077 0.164849
2078 0.176166
2079 0.187637
2080 0.172593
2081 0.17243
2082 0.163908
2083 0.176437
2084 0.187109
2085 0.180323
2086 0.17529
2087 0.184959
2088 0.17978
2089 0.173501
2090 0.177265
2091 0.168934
2092 0.161062
2093 0.183651
2094 0.176944
2095 0.167144
2096 0.182411
2097 0.187737
2098 0.181414
2099 0
