0 -12.768
1 5.14744
2 -5.16273
3 -5.88934
4 -7.64586
5 -8.00886
6 -7.62738
7 -7.76838
8 -6.58117
9 -7.86656
10 -6.77983
11 -7.04993
12 -5.99968
13 -3.92414
14 -4.94118
15 -0.16096
16 -1.17597
17 -0.112691
18 0.113157
19 0.0633579
20 0.101773
21 0.172729
22 0.141371
23 0.155951
24 0.178227
25 0.171743
26 0.176773
27 0.175254
28 0.172905
29 0.176913
30 0.174642
31 0.181198
32 0.171597
33 0.161219
34 0.164742
35 0.161981
36 0.156873
37 0.17272
38 0.162086
39 0.174052
40 0.197459
41 0.181796
42 0.181519
43 0.199256
44 0.20108
45 0.204418
46 0.208572
47 0.191314
48 0.169031
49 0.173209
50 0.194708
51 0.156387
52 0.159498
53 0.184014
54 0.15634
55 0.172357
56 0.178293
57 0.153038
58 0.178175
59 0.158656
60 0.151322
61 0.148945
62 0.153283
63 0.141735
64 0.150887
65 0.173132
66 0.150668
67 0.162126
68 0.166103
69 0.173396
70 0.156818
71 0.165574
72 0.187446
73 0.176891
74 0.159611
75 0.159154
76 0.162331
77 0.1603
78 0.151095
79 0.146455
80 0.157894
81 0.173495
82 0.162473
83 0.187935
84 0.179865
85 0.186529
86 0.178766
87 0.163973
88 0.168692
89 0.151024
90 0.157678
91 0.150035
92 0.147211
93 0.159065
94 0.148602
95 0.168087
96 0.156902
97 0.146726
98 0.152153
99 0.159707
100 0.147
101 0.138764
102 0.163296
103 0.162006
104 0.14776
105 0.146091
106 0.179511
107 0.161319
108 0.144373
109 0.14531
110 0.156751
111 0.152469
112 0.134662
113 0.146466
114 0.152683
115 0.158635
116 0.169539
117 0.173907
118 0.179586
119 0.17656
120 0.193473
121 0.168615
122 0.175827
123 0.180712
124 0.165695
125 0.179907
126 0.177712
127 0.168898
128 0.179625
129 0.185064
130 0.174276
131 0.178359
132 0.176682
133 0.167861
134 0.175758
135 0.164086
136 0.159613
137 0.185711
138 0.17912
139 0.17121
140 0.18843
141 0.201098
142 0.184723
143 0.166465
144 0.172355
145 0.165391
146 0.152571
147 0.171295
148 0.161262
149 0.166325
150 0.166827
151 0.171464
152 0.173416
153 0.167389
154 0.163107
155 0.171577
156 0.179237
157 0.161994
158 0.179387
159 0.184701
160 0.174787
161 0.164434
162 0.170659
163 0.160725
164 0.154749
165 0.16308
166 0.176235
167 0.185409
168 0.181744
169 0.179572
170 0.188893
171 0.182292
172 0.166663
173 0.170637
174 0.178632
175 0.160367
176 0.177294
177 0.162134
178 0.167109
179 0.207188
180 0.177169
181 0.175277
182 0.162552
183 0.203507
184 0.16691
185 0.17505
186 0.168253
187 0.167225
188 0.194566
189 0.16495
190 0.1809
191 0.205825
192 0.183113
193 0.18942
194 0.19557
195 0.181376
196 0.191046
197 0.173852
198 0.156048
199 0.154233
200 0.144475
201 0.159964
202 0.154467
203 0.160079
204 0.176118
205 0.189073
206 0.175149
207 0.16058
208 0.162837
209 0.168956
210 0.164794
211 0.153219
212 0.194899
213 0.192699
214 0.166151
215 0.172911
216 0.192391
217 0.16431
218 0.177194
219 0.201605
220 0.16323
221 0.19128
222 0.19393
223 0.156737
224 0.200341
225 0.185172
226 0.160955
227 0.191654
228 0.179355
229 0.159464
230 0.188288
231 0.18771
232 0.153882
233 0.186216
234 0.194123
235 0.173931
236 0.193266
237 0.203267
238 0.181118
239 0.187485
240 0.207454
241 0.16967
242 0.174448
243 0.171235
244 0.161561
245 0.165338
246 0.14751
247 0.173301
248 0.167797
249 0.155508
250 0.194484
251 0.178838
252 0.176943
253 0.176298
254 0.171961
255 0.172664
256 0.160635
257 0.169474
258 0.161483
259 0.160814
260 0.184438
261 0.191849
262 0.177732
263 0.165284
264 0.179315
265 0.179319
266 0.15328
267 0.177728
268 0.195736
269 0.162971
270 0.188933
271 0.191919
272 0.166326
273 0.171744
274 0.181967
275 0.177726
276 0.181394
277 0.177003
278 0.162588
279 0.206697
280 0.164839
281 0.160328
282 0.204013
283 0.162153
284 0.198211
285 0.178639
286 0.165748
287 0.190524
288 0.171929
289 0.182909
290 0.175963
291 0.200819
292 0.203576
293 0.18827
294 0.17796
295 0.198906
296 0.188442
297 0.178276
298 0.176484
299 0.170938
300 0.196565
301 0.173562
302 0.180893
303 0.185485
304 0.1804
305 0.164013
306 0.178686
307 0.183008
308 0.15887
309 0.175299
310 0.210352
311 0.193269
312 0.172238
313 0.167058
314 0.16947
315 0.164491
316 0.152313
317 0.154989
318 0.173909
319 0.164689
320 0.183947
321 0.190616
322 0.167864
323 0.199528
324 0.174398
325 0.17732
326 0.187736
327 0.175703
328 0.184217
329 0.179805
330 0.176307
331 0.1794
332 0.17654
333 0.170922
334 0.16718
335 0.169421
336 0.158383
337 0.161542
338 0.176963
339 0.155369
340 0.166924
341 0.173849
342 0.167994
343 0.171166
344 0.170593
345 0.167985
346 0.164207
347 0.169029
348 0.16916
349 0.154462
350 0.169698
351 0.177088
352 0.172106
353 0.203611
354 0.166229
355 0.199053
356 0.173746
357 0.160254
358 0.189924
359 0.175031
360 0.173103
361 0.188551
362 0.202031
363 0.17274
364 0.17045
365 0.187528
366 0.158885
367 0.165816
368 0.160776
369 0.160235
370 0.174875
371 0.156077
372 0.174297
373 0.16232
374 0.155364
375 0.16251
376 0.152273
377 0.153945
378 0.160177
379 0.184204
380 0.191146
381 0.189825
382 0.191212
383 0.189646
384 0.161672
385 0.174018
386 0.162745
387 0.146666
388 0.162368
389 0.169867
390 0.167148
391 0.171844
392 0.157226
393 0.167912
394 0.183632
395 0.170825
396 0.163119
397 0.154847
398 0.17106
399 0.168932
400 0.162219
401 0.166048
402 0.181678
403 0.190057
404 0.167194
405 0.186001
406 0.194018
407 0.164426
408 0.186098
409 0.195386
410 0.178211
411 0.189464
412 0.187745
413 0.207958
414 0.188043
415 0.182457
416 0.19857
417 0.184091
418 0.194056
419 0.198953
420 0.186603
421 0.177677
422 0.162757
423 0.194385
424 0.158522
425 0.146299
426 0.173468
427 0.152936
428 0.166248
429 0.174793
430 0.172148
431 0.175045
432 0.161649
433 0.181079
434 0.174607
435 0.166277
436 0.164151
437 0.204963
438 0.203189
439 0.168912
440 0.183743
441 0.1968
442 0.18178
443 0.186625
444 0.194931
445 0.202381
446 0.187168
447 0.178338
448 0.17512
449 0.177042
450 0.157133
451 0.163654
452 0.180322
453 0.170472
454 0.157075
455 0.159657
456 0.164439
457 0.151251
458 0.146417
459 0.154645
460 0.172804
461 0.173215
462 0.15805
463 0.194428
464 0.204016
465 0.16784
466 0.19771
467 0.21632
468 0.184635
469 0.192899
470 0.196993
471 0.170009
472 0.185194
473 0.176485
474 0.174862
475 0.194754
476 0.183573
477 0.201637
478 0.1926
479 0.210832
480 0.171947
481 0.185464
482 0.21136
483 0.177294
484 0.185063
485 0.175145
486 0.199332
487 0.193458
488 0.174092
489 0.172043
490 0.168897
491 0.195069
492 0.167255
493 0.14567
494 0.183558
495 0.166685
496 0.164028
497 0.172689
498 0.156794
499 0.1647
500 0.164124
501 0.159274
502 0.168009
503 0.165367
504 0.157256
505 0.184872
506 0.20091
507 0.166413
508 0.168608
509 0.181062
510 0.170019
511 0.156843
512 0.175438
513 0.156428
514 0.17043
515 0.184883
516 0.186788
517 0.195115
518 0.184322
519 0.196179
520 0.202997
521 0.178654
522 0.173063
523 0.18381
524 0.180485
525 0.164443
526 0.163787
527 0.197617
528 0.174388
529 0.175598
530 0.188036
531 0.193619
532 0.194708
533 0.194876
534 0.198714
535 0.190014
536 0.181361
537 0.18763
538 0.179047
539 0.17106
540 0.187584
541 0.193677
542 0.171564
543 0.17631
544 0.19696
545 0.193528
546 0.16569
547 0.165085
548 0.185485
549 0.170587
550 0.166166
551 0.167993
552 0.170677
553 0.176004
554 0.169948
555 0.173698
556 0.175074
557 0.16687
558 0.19433
559 0.195913
560 0.173259
561 0.179921
562 0.167604
563 0.182308
564 0.178871
565 0.16295
566 0.165567
567 0.178521
568 0.166593
569 0.160224
570 0.181615
571 0.17701
572 0.163127
573 0.170134
574 0.172211
575 0.151325
576 0.169414
577 0.170767
578 0.166159
579 0.162974
580 0.173413
581 0.186631
582 0.157886
583 0.166122
584 0.175939
585 0.166403
586 0.194169
587 0.194864
588 0.211047
589 0.190481
590 0.204928
591 0.186367
592 0.188835
593 0.174967
594 0.183015
595 0.182362
596 0.159451
597 0.190783
598 0.170205
599 0.174098
600 0.187319
601 0.164736
602 0.180998
603 0.188063
604 0.168544
605 0.180587
606 0.178167
607 0.175591
608 0.158666
609 0.172437
610 0.165599
611 0.145761
612 0.185887
613 0.158792
614 0.153631
615 0.172757
616 0.156554
617 0.148806
618 0.156078
619 0.16718
620 0.149429
621 0.153121
622 0.156126
623 0.15449
624 0.153899
625 0.155506
626 0.168483
627 0.179835
628 0.179552
629 0.162001
630 0.174159
631 0.182042
632 0.163173
633 0.159897
634 0.185919
635 0.180715
636 0.162907
637 0.163046
638 0.188422
639 0.162159
640 0.16671
641 0.175949
642 0.166354
643 0.185978
644 0.187657
645 0.179793
646 0.196947
647 0.197704
648 0.197375
649 0.173219
650 0.175172
651 0.177263
652 0.167748
653 0.174065
654 0.166535
655 0.188701
656 0.167696
657 0.179613
658 0.186623
659 0.162103
660 0.173054
661 0.162841
662 0.164113
663 0.165334
664 0.145249
665 0.160156
666 0.170029
667 0.156486
668 0.168811
669 0.18383
670 0.164389
671 0.160303
672 0.166277
673 0.158597
674 0.155501
675 0.153299
676 0.15189
677 0.190099
678 0.185018
679 0.160748
680 0.181024
681 0.199342
682 0.16281
683 0.191787
684 0.171139
685 0.161014
686 0.171181
687 0.162385
688 0.154582
689 0.153604
690 0.159427
691 0.154083
692 0.148728
693 0.157978
694 0.150147
695 0.147458
696 0.162189
697 0.161885
698 0.165324
699 0.162796
700 0.164095
701 0.176967
702 0.178552
703 0.179991
704 0.177612
705 0.176766
706 0.191968
707 0.191034
708 0.180077
709 0.183945
710 0.162631
711 0.160993
712 0.179938
713 0.153657
714 0.161897
715 0.166908
716 0.162192
717 0.186504
718 0.178138
719 0.184012
720 0.205487
721 0.200813
722 0.172434
723 0.17624
724 0.161658
725 0.171487
726 0.177972
727 0.160255
728 0.175957
729 0.206455
730 0.175825
731 0.157464
732 0.177963
733 0.162992
734 0.16552
735 0.165377
736 0.163517
737 0.184596
738 0.16767
739 0.185792
740 0.18604
741 0.173092
742 0.158647
743 0.185755
744 0.162109
745 0.154092
746 0.181256
747 0.154402
748 0.153775
749 0.165646
750 0.160239
751 0.144638
752 0.15082
753 0.175272
754 0.14846
755 0.165466
756 0.172631
757 0.158981
758 0.163379
759 0.173124
760 0.165769
761 0.164414
762 0.193882
763 0.195736
764 0.179663
765 0.168031
766 0.169292
767 0.166817
768 0.145077
769 0.15905
770 0.175967
771 0.158896
772 0.181353
773 0.175238
774 0.161011
775 0.160911
776 0.170897
777 0.150513
778 0.148168
779 0.156229
780 0.154933
781 0.15351
782 0.15876
783 0.158599
784 0.194614
785 0.187869
786 0.162902
787 0.175499
788 0.164912
789 0.164173
790 0.159853
791 0.15972
792 0.183423
793 0.172471
794 0.179415
795 0.176708
796 0.185068
797 0.17187
798 0.168558
799 0.166292
800 0.152704
801 0.153604
802 0.165506
803 0.15793
804 0.151735
805 0.161441
806 0.160147
807 0.150336
808 0.161437
809 0.157171
810 0.161709
811 0.171669
812 0.167834
813 0.178376
814 0.162504
815 0.165915
816 0.180124
817 0.152581
818 0.176018
819 0.190367
820 0.172329
821 0.178002
822 0.181126
823 0.163971
824 0.165969
825 0.152957
826 0.149648
827 0.151044
828 0.146537
829 0.156321
830 0.154864
831 0.154855
832 0.170639
833 0.158424
834 0.180581
835 0.162654
836 0.152972
837 0.160214
838 0.162085
839 0.165255
840 0.158459
841 0.154202
842 0.181441
843 0.163878
844 0.158927
845 0.18191
846 0.166893
847 0.15731
848 0.176977
849 0.172084
850 0.165216
851 0.164121
852 0.152967
853 0.157752
854 0.163061
855 0.158343
856 0.151499
857 0.180163
858 0.180864
859 0.180652
860 0.178334
861 0.163934
862 0.16988
863 0.164568
864 0.163693
865 0.150705
866 0.184408
867 0.1699
868 0.166595
869 0.182003
870 0.173293
871 0.181137
872 0.182047
873 0.172732
874 0.169576
875 0.167566
876 0.160612
877 0.167712
878 0.166229
879 0.159635
880 0.183623
881 0.189313
882 0.17006
883 0.175724
884 0.168885
885 0.167162
886 0.17251
887 0.153802
888 0.160703
889 0.176502
890 0.166204
891 0.160144
892 0.182149
893 0.178761
894 0.174649
895 0.184359
896 0.182049
897 0.18284
898 0.171277
899 0.174758
900 0.16971
901 0.161008
902 0.159207
903 0.154581
904 0.17202
905 0.16327
906 0.174899
907 0.178453
908 0.200873
909 0.20199
910 0.202786
911 0.18984
912 0.190374
913 0.211698
914 0.169209
915 0.202708
916 0.186609
917 0.163522
918 0.186859
919 0.166521
920 0.190415
921 0.17079
922 0.17453
923 0.163021
924 0.158888
925 0.170333
926 0.150095
927 0.161552
928 0.169975
929 0.172268
930 0.173624
931 0.169738
932 0.166297
933 0.16044
934 0.179358
935 0.160777
936 0.154738
937 0.166024
938 0.156992
939 0.163968
940 0.158483
941 0.148696
942 0.18121
943 0.156244
944 0.153328
945 0.167887
946 0.159826
947 0.157661
948 0.150806
949 0.151484
950 0.169532
951 0.15673
952 0.151677
953 0.154248
954 0.19815
955 0.158045
956 0.163724
957 0.170301
958 0.146248
959 0.165526
960 0.165283
961 0.15611
962 0.18311
963 0.18348
964 0.172039
965 0.174066
966 0.163119
967 0.175386
968 0.17907
969 0.171317
970 0.177441
971 0.201258
972 0.19634
973 0.173565
974 0.165893
975 0.166513
976 0.170389
977 0.161151
978 0.159485
979 0.176174
980 0.177745
981 0.170894
982 0.183883
983 0.162891
984 0.184822
985 0.179
986 0.174942
987 0.17842
988 0.168746
989 0.165455
990 0.161552
991 0.164153
992 0.154394
993 0.153688
994 0.159946
995 0.157186
996 0.169092
997 0.156365
998 0.161176
999 0.160559
1000 0.192164
1001 0.176439
1002 0.165327
1003 0.173061
1004 0.167038
1005 0.199679
1006 0.177476
1007 0.167347
1008 0.185778
1009 0.165948
1010 0.172656
1011 0.17604
1012 0.159149
1013 0.176661
1014 0.169826
1015 0.159599
1016 0.188494
1017 0.172479
1018 0.186594
1019 0.181752
1020 0.176863
1021 0.168327
1022 0.176109
1023 0.163517
1024 0.156347
1025 0.159975
1026 0.15373
1027 0.148276
1028 0.160121
1029 0.155086
1030 0.161558
1031 0.159403
1032 0.157868
1033 0.165617
1034 0.153928
1035 0.157196
1036 0.1526
1037 0.167716
1038 0.167334
1039 0.168761
1040 0.182752
1041 0.181853
1042 0.184633
1043 0.168783
1044 0.18414
1045 0.171836
1046 0.155437
1047 0.159658
1048 0.175118
1049 0.165576
1050 0.160071
1051 0.17488
1052 0.169971
1053 0.174924
1054 0.186258
1055 0.175376
1056 0.176295
1057 0.194378
1058 0.206441
1059 0.175128
1060 0.184364
1061 0.179841
1062 0.150932
1063 0.179877
1064 0.16924
1065 0.158325
1066 0.186244
1067 0.173867
1068 0.152038
1069 0.184093
1070 0.163536
1071 0.160972
1072 0.199913
1073 0.172441
1074 0.19598
1075 0.179193
1076 0.164593
1077 0.18789
1078 0.173686
1079 0.180229
1080 0.167897
1081 0.165122
1082 0.192738
1083 0.169858
1084 0.165749
1085 0.191303
1086 0.188363
1087 0.185358
1088 0.167473
1089 0.188765
1090 0.190135
1091 0.162677
1092 0.170055
1093 0.165627
1094 0.187671
1095 0.165756
1096 0.15317
1097 0.174845
1098 0.171402
1099 0.168484
1100 0.181707
1101 0.172004
1102 0.162918
1103 0.202454
1104 0.167432
1105 0.15685
1106 0.174728
1107 0.184206
1108 0.171073
1109 0.17713
1110 0.195013
1111 0.170738
1112 0.186313
1113 0.18766
1114 0.164269
1115 0.164148
1116 0.160264
1117 0.176781
1118 0.16936
1119 0.160222
1120 0.154422
1121 0.15162
1122 0.162823
1123 0.152212
1124 0.15345
1125 0.197071
1126 0.172861
1127 0.194022
1128 0.191119
1129 0.184276
1130 0.206546
1131 0.183232
1132 0.184265
1133 0.181358
1134 0.183419
1135 0.17493
1136 0.159802
1137 0.190621
1138 0.166381
1139 0.170725
1140 0.204275
1141 0.174323
1142 0.197359
1143 0.197863
1144 0.182785
1145 0.174071
1146 0.201544
1147 0.179088
1148 0.174677
1149 0.165169
1150 0.169868
1151 0.199162
1152 0.168696
1153 0.194811
1154 0.187804
1155 0.174809
1156 0.21059
1157 0.180974
1158 0.171333
1159 0.179061
1160 0.183699
1161 0.173789
1162 0.168206
1163 0.184305
1164 0.18535
1165 0.175778
1166 0.1616
1167 0.184323
1168 0.169998
1169 0.164815
1170 0.165704
1171 0.160931
1172 0.179263
1173 0.169655
1174 0.173177
1175 0.176537
1176 0.203409
1177 0.176607
1178 0.171194
1179 0.176889
1180 0.169061
1181 0.167035
1182 0.158999
1183 0.152998
1184 0.17066
1185 0.164674
1186 0.166699
1187 0.163148
1188 0.161145
1189 0.181108
1190 0.170892
1191 0.161411
1192 0.206673
1193 0.171334
1194 0.1541
1195 0.188191
1196 0.172583
1197 0.157918
1198 0.190258
1199 0.177296
1200 0.19078
1201 0.210707
1202 0.179608
1203 0.163893
1204 0.185358
1205 0.171833
1206 0.156367
1207 0.150675
1208 0.169037
1209 0.165405
1210 0.151983
1211 0.162139
1212 0.168552
1213 0.148113
1214 0.162785
1215 0.152854
1216 0.156139
1217 0.162962
1218 0.155479
1219 0.17277
1220 0.16355
1221 0.178742
1222 0.19204
1223 0.18553
1224 0.172471
1225 0.169791
1226 0.163698
1227 0.169596
1228 0.15847
1229 0.155685
1230 0.171574
1231 0.157977
1232 0.164724
1233 0.179591
1234 0.159978
1235 0.181978
1236 0.199151
1237 0.177815
1238 0.212638
1239 0.205518
1240 0.209429
1241 0.184584
1242 0.176741
1243 0.196907
1244 0.162373
1245 0.159348
1246 0.161649
1247 0.160417
1248 0.16863
1249 0.158627
1250 0.157428
1251 0.162128
1252 0.15202
1253 0.160406
1254 0.157635
1255 0.183374
1256 0.189135
1257 0.185144
1258 0.191712
1259 0.167547
1260 0.158729
1261 0.178012
1262 0.163051
1263 0.149452
1264 0.177096
1265 0.17849
1266 0.163576
1267 0.193974
1268 0.182654
1269 0.167713
1270 0.164134
1271 0.169496
1272 0.160222
1273 0.166794
1274 0.183934
1275 0.171819
1276 0.182388
1277 0.210159
1278 0.172672
1279 0.189685
1280 0.200977
1281 0.185457
1282 0.181582
1283 0.172402
1284 0.178
1285 0.161055
1286 0.163064
1287 0.181007
1288 0.171416
1289 0.177684
1290 0.177503
1291 0.189555
1292 0.168279
1293 0.180006
1294 0.167598
1295 0.158373
1296 0.172554
1297 0.173346
1298 0.168891
1299 0.177412
1300 0.187213
1301 0.166852
1302 0.191925
1303 0.172206
1304 0.160884
1305 0.200441
1306 0.176513
1307 0.171923
1308 0.175846
1309 0.160123
1310 0.152939
1311 0.153015
1312 0.145002
1313 0.140375
1314 0.142141
1315 0.175919
1316 0.167952
1317 0.156388
1318 0.167508
1319 0.186509
1320 0.162162
1321 0.152398
1322 0.166084
1323 0.152899
1324 0.154097
1325 0.153285
1326 0.159763
1327 0.172773
1328 0.165817
1329 0.160711
1330 0.166779
1331 0.168101
1332 0.162983
1333 0.149471
1334 0.1751
1335 0.164719
1336 0.168694
1337 0.15753
1338 0.158509
1339 0.169377
1340 0.155901
1341 0.150793
1342 0.167023
1343 0.192393
1344 0.166708
1345 0.170202
1346 0.207104
1347 0.174975
1348 0.154863
1349 0.193707
1350 0.165298
1351 0.169404
1352 0.178884
1353 0.157054
1354 0.177647
1355 0.173275
1356 0.180246
1357 0.184975
1358 0.172007
1359 0.187312
1360 0.179983
1361 0.157446
1362 0.163933
1363 0.156981
1364 0.156704
1365 0.151494
1366 0.162104
1367 0.163254
1368 0.15665
1369 0.189633
1370 0.162353
1371 0.174268
1372 0.191606
1373 0.180945
1374 0.180907
1375 0.191351
1376 0.187239
1377 0.168614
1378 0.178748
1379 0.172058
1380 0.152664
1381 0.172975
1382 0.172256
1383 0.165198
1384 0.174563
1385 0.2067
1386 0.191635
1387 0.17641
1388 0.209333
1389 0.17714
1390 0.184055
1391 0.205699
1392 0.183008
1393 0.189759
1394 0.173283
1395 0.184869
1396 0.191555
1397 0.163203
1398 0.183548
1399 0.184812
1400 0.170005
1401 0.179562
1402 0.171328
1403 0.152408
1404 0.178688
1405 0.185182
1406 0.16345
1407 0.170769
1408 0.202105
1409 0.174509
1410 0.173127
1411 0.182611
1412 0.185743
1413 0.167028
1414 0.174376
1415 0.179446
1416 0.162743
1417 0.176781
1418 0.169507
1419 0.153851
1420 0.16347
1421 0.172715
1422 0.151902
1423 0.162895
1424 0.188579
1425 0.160807
1426 0.167969
1427 0.170223
1428 0.160356
1429 0.173355
1430 0.155205
1431 0.158566
1432 0.158687
1433 0.171952
1434 0.150159
1435 0.168962
1436 0.188604
1437 0.151304
1438 0.172967
1439 0.176659
1440 0.154039
1441 0.164506
1442 0.156879
1443 0.162882
1444 0.176274
1445 0.162811
1446 0.15889
1447 0.197478
1448 0.184688
1449 0.179224
1450 0.186691
1451 0.207213
1452 0.181874
1453 0.196537
1454 0.192725
1455 0.169865
1456 0.179843
1457 0.16165
1458 0.183829
1459 0.160135
1460 0.152324
1461 0.195329
1462 0.161172
1463 0.176253
1464 0.18619
1465 0.191685
1466 0.196344
1467 0.183385
1468 0.199741
1469 0.181621
1470 0.186365
1471 0.193384
1472 0.164024
1473 0.163219
1474 0.193565
1475 0.164141
1476 0.157249
1477 0.1989
1478 0.193373
1479 0.184204
1480 0.209089
1481 0.202721
1482 0.188319
1483 0.199385
1484 0.19414
1485 0.183009
1486 0.193027
1487 0.186439
1488 0.161086
1489 0.189947
1490 0.188084
1491 0.157169
1492 0.163236
1493 0.16909
1494 0.170867
1495 0.155189
1496 0.158708
1497 0.177544
1498 0.164601
1499 0.16947
1500 0.169369
1501 0.170177
1502 0.168102
1503 0.169478
1504 0.166621
1505 0.173779
1506 0.164557
1507 0.168924
1508 0.165419
1509 0.170844
1510 0.172547
1511 0.159616
1512 0.163473
1513 0.181539
1514 0.189414
1515 0.183689
1516 0.187403
1517 0.176343
1518 0.198642
1519 0.179309
1520 0.171623
1521 0.176894
1522 0.158079
1523 0.151456
1524 0.157251
1525 0.150867
1526 0.139361
1527 0.148541
1528 0.16476
1529 0.156458
1530 0.165923
1531 0.183847
1532 0.167838
1533 0.186071
1534 0.194148
1535 0.179999
1536 0.191958
1537 0.175008
1538 0.167451
1539 0.164573
1540 0.166799
1541 0.169464
1542 0.162964
1543 0.163103
1544 0.166348
1545 0.160671
1546 0.155899
1547 0.146985
1548 0.158798
1549 0.175813
1550 0.173773
1551 0.167814
1552 0.162664
1553 0.180258
1554 0.165727
1555 0.174107
1556 0.156144
1557 0.193178
1558 0.197872
1559 0.179336
1560 0.17668
1561 0.169492
1562 0.168663
1563 0.163716
1564 0.173966
1565 0.172812
1566 0.18096
1567 0.188617
1568 0.182724
1569 0.158614
1570 0.187829
1571 0.169899
1572 0.154095
1573 0.165633
1574 0.162762
1575 0.159229
1576 0.165097
1577 0.163926
1578 0.156297
1579 0.177654
1580 0.181491
1581 0.172572
1582 0.164224
1583 0.156021
1584 0.183123
1585 0.18358
1586 0.145822
1587 0.160025
1588 0.169658
1589 0.157409
1590 0.155331
1591 0.158323
1592 0.183781
1593 0.177699
1594 0.203361
1595 0.180353
1596 0.182175
1597 0.189379
1598 0.184524
1599 0.164958
1600 0.154989
1601 0.181158
1602 0.168456
1603 0.151472
1604 0.179509
1605 0.176116
1606 0.178209
1607 0.191531
1608 0.191162
1609 0.19107
1610 0.200027
1611 0.19583
1612 0.194053
1613 0.181672
1614 0.185376
1615 0.200393
1616 0.179749
1617 0.171575
1618 0.201796
1619 0.187653
1620 0.166066
1621 0.164291
1622 0.155792
1623 0.152828
1624 0.150435
1625 0.168257
1626 0.174147
1627 0.173674
1628 0.193751
1629 0.177633
1630 0.174824
1631 0.188844
1632 0.162369
1633 0.183025
1634 0.190384
1635 0.161234
1636 0.167428
1637 0.195941
1638 0.169003
1639 0.179407
1640 0.185796
1641 0.1923
1642 0.17895
1643 0.176073
1644 0.1711
1645 0.174831
1646 0.168676
1647 0.162972
1648 0.17307
1649 0.151668
1650 0.154506
1651 0.162025
1652 0.157263
1653 0.157519
1654 0.172511
1655 0.155203
1656 0.15432
1657 0.160383
1658 0.147514
1659 0.139165
1660 0.140871
1661 0.138496
1662 0.140329
1663 0.150539
1664 0.150975
1665 0.14822
1666 0.165836
1667 0.163772
1668 0.157932
1669 0.165594
1670 0.156163
1671 0.17962
1672 0.178902
1673 0.168715
1674 0.17671
1675 0.185685
1676 0.194218
1677 0.163677
1678 0.187408
1679 0.182754
1680 0.158812
1681 0.164638
1682 0.17733
1683 0.170748
1684 0.180738
1685 0.187923
1686 0.170209
1687 0.181876
1688 0.163616
1689 0.175814
1690 0.170598
1691 0.160156
1692 0.177201
1693 0.174929
1694 0.170794
1695 0.193421
1696 0.175579
1697 0.182876
1698 0.169683
1699 0.18204
1700 0.186567
1701 0.162959
1702 0.163671
1703 0.170116
1704 0.166446
1705 0.174508
1706 0.171365
1707 0.186214
1708 0.174525
1709 0.169439
1710 0.186377
1711 0.171348
1712 0.165049
1713 0.160427
1714 0.198337
1715 0.157865
1716 0.168176
1717 0.204196
1718 0.155754
1719 0.178004
1720 0.169016
1721 0.180583
1722 0.171473
1723 0.159083
1724 0.188396
1725 0.185561
1726 0.166233
1727 0.169901
1728 0.183793
1729 0.170954
1730 0.148327
1731 0.160861
1732 0.192888
1733 0.170188
1734 0.175627
1735 0.162052
1736 0.184194
1737 0.179679
1738 0.151836
1739 0.156439
1740 0.168478
1741 0.170567
1742 0.173638
1743 0.172345
1744 0.189525
1745 0.177159
1746 0.16342
1747 0.196135
1748 0.155759
1749 0.155798
1750 0.179148
1751 0.172869
1752 0.167382
1753 0.179746
1754 0.172725
1755 0.172889
1756 0.196188
1757 0.173482
1758 0.189056
1759 0.176078
1760 0.194674
1761 0.174805
1762 0.157085
1763 0.158998
1764 0.170528
1765 0.166676
1766 0.16381
1767 0.183056
1768 0.180379
1769 0.173459
1770 0.188855
1771 0.174357
1772 0.156311
1773 0.182035
1774 0.19445
1775 0.169856
1776 0.190781
1777 0.182521
1778 0.209871
1779 0.217046
1780 0.181252
1781 0.206508
1782 0.198504
1783 0.172048
1784 0.196604
1785 0.163785
1786 0.169293
1787 0.164206
1788 0.162625
1789 0.178717
1790 0.165633
1791 0.155596
1792 0.192677
1793 0.165074
1794 0.161083
1795 0.178101
1796 0.163547
1797 0.159847
1798 0.156779
1799 0.168904
1800 0.166868
1801 0.160111
1802 0.154244
1803 0.17463
1804 0.175233
1805 0.149432
1806 0.170472
1807 0.169155
1808 0.143386
1809 0.178094
1810 0.173104
1811 0.153515
1812 0.181212
1813 0.167875
1814 0.180439
1815 0.189364
1816 0.176529
1817 0.187944
1818 0.1719
1819 0.185518
1820 0.18968
1821 0.173012
1822 0.163724
1823 0.172698
1824 0.194064
1825 0.156876
1826 0.176915
1827 0.187847
1828 0.176618
1829 0.173531
1830 0.177949
1831 0.176229
1832 0.14859
1833 0.15518
1834 0.162619
1835 0.148808
1836 0.143894
1837 0.181288
1838 0.167318
1839 0.169439
1840 0.202308
1841 0.181061
1842 0.183151
1843 0.182019
1844 0.171405
1845 0.174228
1846 0.172675
1847 0.177244
1848 0.189294
1849 0.168393
1850 0.160264
1851 0.179391
1852 0.176498
1853 0.162045
1854 0.163568
1855 0.182774
1856 0.169913
1857 0.181365
1858 0.181076
1859 0.165943
1860 0.168526
1861 0.175802
1862 0.164977
1863 0.14965
1864 0.171865
1865 0.164139
1866 0.163894
1867 0.183256
1868 0.190457
1869 0.183566
1870 0.18116
1871 0.187058
1872 0.20323
1873 0.183922
1874 0.161399
1875 0.189627
1876 0.185308
1877 0.162419
1878 0.189576
1879 0.205996
1880 0.175219
1881 0.169174
1882 0.18583
1883 0.17504
1884 0.167276
1885 0.170052
1886 0.168012
1887 0.169087
1888 0.184168
1889 0.16031
1890 0.155673
1891 0.185878
1892 0.164766
1893 0.16572
1894 0.168841
1895 0.174635
1896 0.1897
1897 0.169587
1898 0.167918
1899 0.180273
1900 0.153471
1901 0.156273
1902 0.171482
1903 0.160126
1904 0.159699
1905 0.165831
1906 0.169031
1907 0.176381
1908 0.153916
1909 0.158817
1910 0.157124
1911 0.15865
1912 0.157623
1913 0.151371
1914 0.168729
1915 0.169549
1916 0.18429
1917 0.176684
1918 0.169075
1919 0.17453
1920 0.183062
1921 0.156862
1922 0.161471
1923 0.17913
1924 0.166347
1925 0.16755
1926 0.181794
1927 0.182568
1928 0.177105
1929 0.179493
1930 0.17123
1931 0.181554
1932 0.168621
1933 0.157575
1934 0.172799
1935 0.163956
1936 0.167686
1937 0.186671
1938 0.182966
1939 0.184345
1940 0.179397
1941 0.189711
1942 0.167181
1943 0.17571
1944 0.162006
1945 0.145298
1946 0.167587
1947 0.162036
1948 0.160524
1949 0.178537
1950 0.160555
1951 0.163594
1952 0.173589
1953 0.158851
1954 0.163955
1955 0.180707
1956 0.161261
1957 0.17961
1958 0.163963
1959 0.172011
1960 0.175531
1961 0.17106
1962 0.17749
1963 0.183995
1964 0.185008
1965 0.176345
1966 0.172936
1967 0.174349
1968 0.187033
1969 0.171255
1970 0.174942
1971 0.166519
1972 0.169037
1973 0.167356
1974 0.155556
1975 0.168452
1976 0.177887
1977 0.168813
1978 0.184443
1979 0.162672
1980 0.181159
1981 0.209739
1982 0.177073
1983 0.194408
1984 0.208197
1985 0.184444
1986 0.201062
1987 0.180537
1988 0.171682
1989 0.173625
1990 0.165355
1991 0.166827
1992 0.165498
1993 0.176379
1994 0.164845
1995 0.157822
1996 0.174538
1997 0.168293
1998 0.153643
1999 0.183549
2000 0.19147
2001 0.154464
2002 0.168332
2003 0.155795
2004 0.164942
2005 0.180446
2006 0.172213
2007 0.182046
2008 0.20158
2009 0.190808
2010 0.170316
2011 0.178244
2012 0.168888
2013 0.163256
2014 0.152472
2015 0.168605
2016 0.170782
2017 0.16443
2018 0.184355
2019 0.182149
2020 0.196417
2021 0.167425
2022 0.18209
2023 0.174987
2024 0.150836
2025 0.178752
2026 0.170732
2027 0.155977
2028 0.173513
2029 0.179761
2030 0.160872
2031 0.175485
2032 0.192896
2033 0.163373
2034 0.181773
2035 0.187783
2036 0.168159
2037 0.185066
2038 0.173261
2039 0.161023
2040 0.186811
2041 0.178043
2042 0.187609
2043 0.184438
2044 0.182185
2045 0.20351
2046 0.199115
2047 0.195523
2048 0.179803
2049 0.159281
2050 0.189121
2051 0.164482
2052 0.141871
2053 0.148122
2054 0.153803
2055 0.163143
2056 0.164903
2057 0.191643
2058 0.188073
2059 0.187118
2060 0.213541
2061 0.211178
2062 0.186
2063 0.188595
2064 0.201236
2065 0.196727
2066 0.186266
2067 0.181438
2068 0.1829
2069 0.190485
2070 0.173582
2071 0.159716
2072 0.151322
2073 0.17659
2074 0.155949
2075 0.160144
2076 0.18728
2077 0.172723
2078 0.180151
2079 0.186189
2080 0.17615
2081 0.175567
2082 0.177002
2083 0.185371
2084 0.190775
2085 0.170812
2086 0.178265
2087 0.193455
2088 0.1714
2089 0.162972
2090 0.169348
2091 0.155372
2092 0.145747
2093 0.150561
2094 0.143297
2095 0.154096
2096 0.149489
2097 0.176328
2098 0.195235
2099 0
