0 -8.45167
1 -8.13761
2 -2.70484
3 4.23291
4 13.3373
5 23.7604
6 29.4771
7 23.9002
8 16.4522
9 13.4321
10 -6.76812
11 4.47124
12 -17.8728
13 4.21905
14 2.04052
15 -1.7752
16 -0.422776
17 0.441001
18 -1.35056
19 -0.0202951
20 0.252775
21 0.212052
22 0.16939
23 0.179539
24 0.196085
25 0.175263
26 0.189524
27 0.168208
28 0.163445
29 0.153951
30 0.174489
31 0.160621
32 0.177577
33 0.170451
34 0.179931
35 0.165878
36 0.193272
37 0.195859
38 0.183062
39 0.183802
40 0.168269
41 0.190201
42 0.196412
43 0.177039
44 0.16487
45 0.173956
46 0.175804
47 0.17524
48 0.173676
49 0.179602
50 0.162106
51 0.173751
52 0.175585
53 0.18976
54 0.179148
55 0.170457
56 0.174163
57 0.196941
58 0.181465
59 0.194887
60 0.181622
61 0.210611
62 0.181236
63 0.188516
64 0.194124
65 0.179149
66 0.149401
67 0.176328
68 0.181908
69 0.156086
70 0.150322
71 0.172812
72 0.191371
73 0.169358
74 0.177952
75 0.185064
76 0.181872
77 0.167838
78 0.186945
79 0.178884
80 0.160549
81 0.173753
82 0.182537
83 0.181956
84 0.179684
85 0.183613
86 0.192735
87 0.20407
88 0.17947
89 0.192813
90 0.205051
91 0.180953
92 0.162104
93 0.177772
94 0.177197
95 0.171973
96 0.169443
97 0.175316
98 0.162114
99 0.185867
100 0.169343
101 0.175529
102 0.179134
103 0.176573
104 0.176009
105 0.195139
106 0.169556
107 0.169682
108 0.192684
109 0.206488
110 0.166811
111 0.166648
112 0.175759
113 0.179647
114 0.169944
115 0.178404
116 0.169682
117 0.166885
118 0.196148
119 0.186781
120 0.155237
121 0.167675
122 0.172937
123 0.162691
124 0.145637
125 0.176828
126 0.161983
127 0.156103
128 0.177132
129 0.189054
130 0.172626
131 0.177383
132 0.176658
133 0.181922
134 0.162022
135 0.156551
136 0.143435
137 0.165378
138 0.173662
139 0.170681
140 0.156683
141 0.168736
142 0.185974
143 0.1925
144 0.159551
145 0.186445
146 0.203445
147 0.185699
148 0.158297
149 0.197385
150 0.198188
151 0.185717
152 0.170021
153 0.198898
154 0.202056
155 0.181164
156 0.189361
157 0.204396
158 0.184873
159 0.183706
160 0.173582
161 0.180889
162 0.149964
163 0.165836
164 0.172097
165 0.152891
166 0.131486
167 0.176671
168 0.174
169 0.164612
170 0.153772
171 0.187747
172 0.168258
173 0.181046
174 0.166387
175 0.168539
176 0.173301
177 0.177268
178 0.168032
179 0.152194
180 0.169253
181 0.171308
182 0.172955
183 0.169125
184 0.168422
185 0.156985
186 0.165031
187 0.156568
188 0.170661
189 0.154664
190 0.159921
191 0.183107
192 0.185998
193 0.145011
194 0.153209
195 0.162318
196 0.162683
197 0.161093
198 0.181
199 0.18902
200 0.171392
201 0.188411
202 0.180356
203 0.178679
204 0.18476
205 0.185131
206 0.182804
207 0.165741
208 0.182239
209 0.181512
210 0.176506
211 0.170574
212 0.184884
213 0.158482
214 0.161802
215 0.158397
216 0.1708
217 0.171361
218 0.169886
219 0.171305
220 0.186758
221 0.182868
222 0.158256
223 0.203338
224 0.178202
225 0.156976
226 0.172569
227 0.198962
228 0.180205
229 0.164569
230 0.175576
231 0.168555
232 0.194506
233 0.187487
234 0.170567
235 0.158826
236 0.178418
237 0.169524
238 0.181081
239 0.172694
240 0.162879
241 0.162623
242 0.16425
243 0.184359
244 0.164794
245 0.163947
246 0.165092
247 0.169429
248 0.178253
249 0.185304
250 0.184676
251 0.174268
252 0.177776
253 0.19767
254 0.18892
255 0.200806
256 0.16886
257 0.174631
258 0.168341
259 0.168043
260 0.173374
261 0.161162
262 0.164804
263 0.159882
264 0.179486
265 0.183057
266 0.178355
267 0.186101
268 0.177343
269 0.190455
270 0.193771
271 0.19642
272 0.187508
273 0.171717
274 0.176601
275 0.169287
276 0.18797
277 0.166414
278 0.152643
279 0.152501
280 0.160807
281 0.166617
282 0.154477
283 0.161753
284 0.164734
285 0.167908
286 0.193606
287 0.206359
288 0.178931
289 0.16289
290 0.161463
291 0.200402
292 0.166854
293 0.152606
294 0.158926
295 0.169895
296 0.161414
297 0.15761
298 0.169369
299 0.159023
300 0.159788
301 0.182139
302 0.182602
303 0.188735
304 0.162201
305 0.196438
306 0.186112
307 0.188869
308 0.160124
309 0.18162
310 0.170056
311 0.178464
312 0.163315
313 0.157766
314 0.14983
315 0.162232
316 0.170636
317 0.158195
318 0.16204
319 0.185377
320 0.183318
321 0.176089
322 0.173363
323 0.175631
324 0.196181
325 0.184938
326 0.169322
327 0.153357
328 0.17216
329 0.161044
330 0.152715
331 0.173568
332 0.155058
333 0.153361
334 0.159293
335 0.166205
336 0.163984
337 0.163933
338 0.179781
339 0.179065
340 0.176355
341 0.184078
342 0.192123
343 0.198568
344 0.165254
345 0.154923
346 0.161294
347 0.182407
348 0.175203
349 0.15977
350 0.159742
351 0.163352
352 0.175383
353 0.179126
354 0.172587
355 0.173486
356 0.155661
357 0.190051
358 0.181882
359 0.191683
360 0.166485
361 0.196253
362 0.167781
363 0.175052
364 0.173735
365 0.189735
366 0.15774
367 0.153171
368 0.170856
369 0.167783
370 0.157558
371 0.161679
372 0.154165
373 0.150559
374 0.167795
375 0.188162
376 0.179708
377 0.159701
378 0.164611
379 0.174481
380 0.20619
381 0.169894
382 0.152854
383 0.16682
384 0.171398
385 0.161531
386 0.169155
387 0.183338
388 0.157131
389 0.163058
390 0.181601
391 0.173162
392 0.170073
393 0.179034
394 0.167199
395 0.155207
396 0.163519
397 0.197956
398 0.168388
399 0.150197
400 0.162873
401 0.180387
402 0.15975
403 0.168999
404 0.185794
405 0.184367
406 0.182206
407 0.169771
408 0.17477
409 0.175783
410 0.192114
411 0.173756
412 0.164697
413 0.149804
414 0.183987
415 0.164174
416 0.167952
417 0.153891
418 0.180426
419 0.178952
420 0.173405
421 0.176037
422 0.175556
423 0.197513
424 0.178671
425 0.169306
426 0.156955
427 0.182544
428 0.178805
429 0.178988
430 0.162141
431 0.180942
432 0.183203
433 0.205231
434 0.207335
435 0.192757
436 0.164202
437 0.205955
438 0.191674
439 0.183177
440 0.160004
441 0.16541
442 0.166923
443 0.173333
444 0.170975
445 0.153725
446 0.178673
447 0.178859
448 0.18398
449 0.159382
450 0.185692
451 0.186397
452 0.17872
453 0.159836
454 0.159454
455 0.200707
456 0.196322
457 0.159509
458 0.166885
459 0.182147
460 0.185986
461 0.157858
462 0.16175
463 0.171279
464 0.18251
465 0.161116
466 0.165597
467 0.159903
468 0.177501
469 0.172582
470 0.172153
471 0.158472
472 0.167143
473 0.184723
474 0.163857
475 0.173443
476 0.176073
477 0.200016
478 0.182951
479 0.177631
480 0.168794
481 0.204731
482 0.190709
483 0.167938
484 0.148418
485 0.158715
486 0.168049
487 0.16543
488 0.15611
489 0.145092
490 0.190628
491 0.183919
492 0.177181
493 0.152404
494 0.196762
495 0.187466
496 0.188254
497 0.169384
498 0.172525
499 0.182364
500 0.195744
501 0.178805
502 0.17509
503 0.171471
504 0.183104
505 0.152485
506 0.155328
507 0.168203
508 0.162521
509 0.148767
510 0.154519
511 0.185349
512 0.17462
513 0.153306
514 0.161613
515 0.179182
516 0.175377
517 0.178514
518 0.164429
519 0.177583
520 0.167829
521 0.176434
522 0.161824
523 0.184376
524 0.184216
525 0.161056
526 0.169433
527 0.170259
528 0.168947
529 0.14406
530 0.174811
531 0.173395
532 0.170436
533 0.152862
534 0.196664
535 0.202334
536 0.177131
537 0.150104
538 0.203441
539 0.201941
540 0.173325
541 0.160724
542 0.177575
543 0.156337
544 0.182264
545 0.181357
546 0.172769
547 0.170335
548 0.206122
549 0.207766
550 0.174444
551 0.16386
552 0.188984
553 0.181122
554 0.181165
555 0.173707
556 0.179895
557 0.172953
558 0.197007
559 0.188872
560 0.181878
561 0.163702
562 0.194511
563 0.177617
564 0.181146
565 0.187856
566 0.204517
567 0.19231
568 0.178908
569 0.179086
570 0.198015
571 0.202403
572 0.190066
573 0.15737
574 0.178538
575 0.176917
576 0.185647
577 0.1683
578 0.180441
579 0.177018
580 0.166011
581 0.165795
582 0.200979
583 0.21161
584 0.179939
585 0.166754
586 0.182138
587 0.207723
588 0.188145
589 0.170398
590 0.171791
591 0.180479
592 0.177695
593 0.164356
594 0.14988
595 0.169851
596 0.193178
597 0.17853
598 0.164641
599 0.167345
600 0.163928
601 0.172246
602 0.161189
603 0.159996
604 0.1639
605 0.161277
606 0.173596
607 0.162201
608 0.175666
609 0.180379
610 0.19247
611 0.18194
612 0.178157
613 0.16727
614 0.189984
615 0.170172
616 0.168808
617 0.17535
618 0.172369
619 0.162714
620 0.167301
621 0.174381
622 0.180158
623 0.163562
624 0.163603
625 0.169757
626 0.173398
627 0.163992
628 0.163486
629 0.171851
630 0.154673
631 0.174986
632 0.168348
633 0.157815
634 0.14805
635 0.159452
636 0.148521
637 0.151672
638 0.163296
639 0.173002
640 0.166196
641 0.179415
642 0.180416
643 0.175064
644 0.167558
645 0.16552
646 0.167552
647 0.176133
648 0.152497
649 0.161511
650 0.164719
651 0.18338
652 0.17502
653 0.180608
654 0.168622
655 0.193641
656 0.17675
657 0.190622
658 0.171363
659 0.197776
660 0.177789
661 0.191624
662 0.185307
663 0.17846
664 0.190165
665 0.186827
666 0.196949
667 0.163021
668 0.188651
669 0.185519
670 0.202211
671 0.17943
672 0.180637
673 0.197746
674 0.190587
675 0.178158
676 0.185009
677 0.168919
678 0.168499
679 0.157939
680 0.169485
681 0.166268
682 0.158523
683 0.158191
684 0.173667
685 0.182749
686 0.170552
687 0.166498
688 0.170635
689 0.187258
690 0.184192
691 0.167164
692 0.153427
693 0.174096
694 0.169021
695 0.166402
696 0.175848
697 0.163393
698 0.161211
699 0.16657
700 0.182315
701 0.185252
702 0.190647
703 0.160127
704 0.175409
705 0.178082
706 0.183339
707 0.160759
708 0.162499
709 0.182073
710 0.168224
711 0.183529
712 0.170845
713 0.188752
714 0.168179
715 0.173524
716 0.184773
717 0.202468
718 0.176946
719 0.152566
720 0.175905
721 0.176805
722 0.165059
723 0.160128
724 0.152164
725 0.15011
726 0.172099
727 0.174275
728 0.165937
729 0.162517
730 0.194917
731 0.194683
732 0.177781
733 0.168778
734 0.201727
735 0.197785
736 0.19595
737 0.177201
738 0.199365
739 0.200314
740 0.199868
741 0.176966
742 0.186797
743 0.188839
744 0.194238
745 0.170442
746 0.18318
747 0.182221
748 0.1844
749 0.157691
750 0.189603
751 0.175282
752 0.16231
753 0.163363
754 0.173203
755 0.160358
756 0.174568
757 0.171805
758 0.160802
759 0.155147
760 0.177232
761 0.181176
762 0.157184
763 0.153736
764 0.167359
765 0.177525
766 0.175074
767 0.172383
768 0.159099
769 0.165436
770 0.180118
771 0.173367
772 0.161795
773 0.166712
774 0.184779
775 0.178013
776 0.177986
777 0.181808
778 0.182339
779 0.170787
780 0.178484
781 0.182762
782 0.175044
783 0.174708
784 0.160706
785 0.169687
786 0.17994
787 0.187384
788 0.169713
789 0.165685
790 0.174153
791 0.19952
792 0.179624
793 0.17048
794 0.167372
795 0.182075
796 0.174895
797 0.167285
798 0.149787
799 0.157744
800 0.189279
801 0.176709
802 0.164547
803 0.164868
804 0.18052
805 0.16824
806 0.170114
807 0.162885
808 0.179284
809 0.173428
810 0.18516
811 0.176179
812 0.186252
813 0.164461
814 0.20393
815 0.210553
816 0.188676
817 0.174144
818 0.181457
819 0.186892
820 0.203986
821 0.18472
822 0.180474
823 0.169435
824 0.173977
825 0.165457
826 0.169537
827 0.157664
828 0.154121
829 0.154866
830 0.158353
831 0.162711
832 0.180062
833 0.191997
834 0.202237
835 0.192015
836 0.202042
837 0.188225
838 0.180036
839 0.170553
840 0.168169
841 0.178204
842 0.17772
843 0.182172
844 0.15133
845 0.196381
846 0.182686
847 0.198681
848 0.166906
849 0.166644
850 0.152291
851 0.176696
852 0.164677
853 0.162042
854 0.150665
855 0.183561
856 0.170598
857 0.170707
858 0.155558
859 0.180315
860 0.15575
861 0.167252
862 0.160255
863 0.185417
864 0.17603
865 0.181473
866 0.164397
867 0.164917
868 0.173208
869 0.172493
870 0.165707
871 0.174905
872 0.169151
873 0.179819
874 0.202607
875 0.212737
876 0.17794
877 0.168432
878 0.19146
879 0.176988
880 0.189378
881 0.158262
882 0.167498
883 0.171801
884 0.170198
885 0.169282
886 0.16573
887 0.180161
888 0.172509
889 0.188651
890 0.173396
891 0.186998
892 0.183779
893 0.20004
894 0.170372
895 0.182436
896 0.160748
897 0.177239
898 0.197779
899 0.196639
900 0.171192
901 0.174881
902 0.180221
903 0.191713
904 0.164433
905 0.161194
906 0.161574
907 0.157355
908 0.148949
909 0.155765
910 0.151
911 0.169537
912 0.148722
913 0.196165
914 0.163069
915 0.170984
916 0.165433
917 0.195937
918 0.160034
919 0.158645
920 0.162204
921 0.179417
922 0.16744
923 0.147051
924 0.14341
925 0.150892
926 0.170716
927 0.174227
928 0.158431
929 0.160019
930 0.178033
931 0.197971
932 0.192888
933 0.183373
934 0.190157
935 0.17375
936 0.190322
937 0.170804
938 0.183939
939 0.169331
940 0.183329
941 0.177158
942 0.170718
943 0.201882
944 0.188674
945 0.200147
946 0.192333
947 0.188883
948 0.171905
949 0.199235
950 0.194328
951 0.185393
952 0.160487
953 0.196506
954 0.178139
955 0.176483
956 0.150392
957 0.187545
958 0.169929
959 0.170698
960 0.163845
961 0.188474
962 0.18079
963 0.183194
964 0.168566
965 0.187635
966 0.180725
967 0.168116
968 0.163903
969 0.164744
970 0.158956
971 0.17252
972 0.176769
973 0.159436
974 0.162071
975 0.179568
976 0.179107
977 0.182421
978 0.187303
979 0.168713
980 0.167703
981 0.176723
982 0.172256
983 0.166303
984 0.178132
985 0.175072
986 0.178503
987 0.18112
988 0.192253
989 0.181119
990 0.182861
991 0.20243
992 0.190067
993 0.185276
994 0.168384
995 0.170203
996 0.190625
997 0.18315
998 0.191269
999 0.165487
1000 0.171707
1001 0.15736
1002 0.193785
1003 0.203935
1004 0.194713
1005 0.173568
1006 0.181153
1007 0.172631
1008 0.196014
1009 0.182142
1010 0.181944
1011 0.179212
1012 0.173958
1013 0.184718
1014 0.176118
1015 0.181388
1016 0.169598
1017 0.164067
1018 0.152767
1019 0.164449
1020 0.178175
1021 0.172263
1022 0.153436
1023 0.173832
1024 0.185523
1025 0.198869
1026 0.172859
1027 0.167795
1028 0.16063
1029 0.194249
1030 0.186873
1031 0.181339
1032 0.171323
1033 0.186325
1034 0.187055
1035 0.19209
1036 0.17485
1037 0.209073
1038 0.206173
1039 0.186952
1040 0.164676
1041 0.208722
1042 0.180759
1043 0.182973
1044 0.166629
1045 0.166273
1046 0.150611
1047 0.165875
1048 0.153662
1049 0.15923
1050 0.160663
1051 0.145015
1052 0.146359
1053 0.166578
1054 0.18047
1055 0.163797
1056 0.162055
1057 0.165495
1058 0.158366
1059 0.171614
1060 0.177141
1061 0.175295
1062 0.154544
1063 0.171582
1064 0.176732
1065 0.184989
1066 0.175118
1067 0.16929
1068 0.191364
1069 0.194282
1070 0.175329
1071 0.174838
1072 0.185759
1073 0.177945
1074 0.161484
1075 0.169709
1076 0.165725
1077 0.180128
1078 0.159226
1079 0.170534
1080 0.148262
1081 0.158692
1082 0.148482
1083 0.189027
1084 0.157017
1085 0.177485
1086 0.168661
1087 0.187507
1088 0.173934
1089 0.188874
1090 0.168412
1091 0.183277
1092 0.172242
1093 0.192698
1094 0.173553
1095 0.173041
1096 0.168764
1097 0.183042
1098 0.171953
1099 0.162454
1100 0.164341
1101 0.164441
1102 0.151225
1103 0.139606
1104 0.152384
1105 0.168581
1106 0.165852
1107 0.151968
1108 0.168841
1109 0.176377
1110 0.194692
1111 0.185216
1112 0.179886
1113 0.161112
1114 0.195983
1115 0.211355
1116 0.19947
1117 0.16525
1118 0.194852
1119 0.203239
1120 0.194887
1121 0.18099
1122 0.18159
1123 0.195113
1124 0.189409
1125 0.196583
1126 0.195111
1127 0.185219
1128 0.2136
1129 0.202383
1130 0.20673
1131 0.169563
1132 0.195867
1133 0.183432
1134 0.166242
1135 0.152805
1136 0.158073
1137 0.181383
1138 0.155957
1139 0.158946
1140 0.156598
1141 0.185862
1142 0.1716
1143 0.176566
1144 0.181471
1145 0.194075
1146 0.194676
1147 0.179868
1148 0.185379
1149 0.172971
1150 0.177047
1151 0.184466
1152 0.21124
1153 0.181159
1154 0.179228
1155 0.191733
1156 0.212574
1157 0.212869
1158 0.194687
1159 0.180323
1160 0.170475
1161 0.183029
1162 0.159365
1163 0.149228
1164 0.15588
1165 0.152925
1166 0.154098
1167 0.159558
1168 0.182761
1169 0.167137
1170 0.176196
1171 0.173514
1172 0.172118
1173 0.185833
1174 0.183832
1175 0.172781
1176 0.157863
1177 0.19308
1178 0.206024
1179 0.194472
1180 0.180681
1181 0.185127
1182 0.190476
1183 0.18585
1184 0.168775
1185 0.169529
1186 0.172622
1187 0.186805
1188 0.169528
1189 0.193352
1190 0.183207
1191 0.196239
1192 0.192399
1193 0.191539
1194 0.182787
1195 0.191839
1196 0.201482
1197 0.177687
1198 0.179899
1199 0.182568
1200 0.198864
1201 0.174324
1202 0.180135
1203 0.169532
1204 0.160878
1205 0.164682
1206 0.181307
1207 0.171144
1208 0.172223
1209 0.165716
1210 0.170599
1211 0.166718
1212 0.196355
1213 0.200057
1214 0.165756
1215 0.168855
1216 0.188183
1217 0.181634
1218 0.155528
1219 0.158447
1220 0.167815
1221 0.1683
1222 0.165566
1223 0.158199
1224 0.147094
1225 0.14988
1226 0.173971
1227 0.158177
1228 0.150769
1229 0.145856
1230 0.15784
1231 0.167959
1232 0.170078
1233 0.171959
1234 0.175834
1235 0.171108
1236 0.17509
1237 0.170384
1238 0.161983
1239 0.168333
1240 0.176454
1241 0.16774
1242 0.15355
1243 0.170979
1244 0.188376
1245 0.191429
1246 0.174093
1247 0.176579
1248 0.191359
1249 0.195009
1250 0.197427
1251 0.186746
1252 0.191935
1253 0.171024
1254 0.196862
1255 0.179578
1256 0.191005
1257 0.165852
1258 0.181455
1259 0.164815
1260 0.164283
1261 0.160539
1262 0.18194
1263 0.160018
1264 0.150597
1265 0.166425
1266 0.191395
1267 0.169663
1268 0.16356
1269 0.159625
1270 0.176891
1271 0.1691
1272 0.171294
1273 0.164039
1274 0.161049
1275 0.173014
1276 0.166327
1277 0.177712
1278 0.182875
1279 0.191123
1280 0.16713
1281 0.190987
1282 0.203662
1283 0.193839
1284 0.172193
1285 0.181654
1286 0.178489
1287 0.163149
1288 0.172623
1289 0.173591
1290 0.158117
1291 0.164698
1292 0.191555
1293 0.1716
1294 0.179007
1295 0.160915
1296 0.190837
1297 0.163862
1298 0.192097
1299 0.182246
1300 0.178942
1301 0.18077
1302 0.180526
1303 0.174268
1304 0.162516
1305 0.172156
1306 0.16592
1307 0.159934
1308 0.166097
1309 0.166149
1310 0.168546
1311 0.158838
1312 0.181182
1313 0.16614
1314 0.15617
1315 0.153407
1316 0.184012
1317 0.168768
1318 0.155821
1319 0.152429
1320 0.170768
1321 0.188777
1322 0.184307
1323 0.176883
1324 0.163729
1325 0.167816
1326 0.169529
1327 0.181706
1328 0.171349
1329 0.168954
1330 0.170709
1331 0.183197
1332 0.193624
1333 0.190641
1334 0.188497
1335 0.203757
1336 0.214195
1337 0.174245
1338 0.173349
1339 0.179691
1340 0.198787
1341 0.18139
1342 0.171067
1343 0.159936
1344 0.179897
1345 0.183745
1346 0.176284
1347 0.160146
1348 0.176032
1349 0.178672
1350 0.165526
1351 0.17568
1352 0.171092
1353 0.18317
1354 0.182383
1355 0.182587
1356 0.191873
1357 0.192617
1358 0.198232
1359 0.182782
1360 0.187979
1361 0.189101
1362 0.189516
1363 0.169397
1364 0.173614
1365 0.168857
1366 0.183864
1367 0.166719
1368 0.163069
1369 0.176299
1370 0.167929
1371 0.172004
1372 0.16333
1373 0.197911
1374 0.173577
1375 0.187113
1376 0.165564
1377 0.165787
1378 0.153535
1379 0.169428
1380 0.165854
1381 0.155332
1382 0.161269
1383 0.155188
1384 0.162753
1385 0.175983
1386 0.203322
1387 0.166056
1388 0.163184
1389 0.159056
1390 0.188478
1391 0.171662
1392 0.187192
1393 0.176516
1394 0.1705
1395 0.157964
1396 0.174758
1397 0.191747
1398 0.176428
1399 0.168901
1400 0.154706
1401 0.173881
1402 0.164557
1403 0.168227
1404 0.141254
1405 0.153506
1406 0.146929
1407 0.151997
1408 0.171924
1409 0.180234
1410 0.166535
1411 0.183218
1412 0.178127
1413 0.205697
1414 0.189348
1415 0.192049
1416 0.176605
1417 0.187935
1418 0.18972
1419 0.18036
1420 0.181422
1421 0.195364
1422 0.203013
1423 0.170747
1424 0.155607
1425 0.181076
1426 0.196449
1427 0.181639
1428 0.159671
1429 0.17876
1430 0.188646
1431 0.169424
1432 0.162959
1433 0.178676
1434 0.177099
1435 0.170641
1436 0.181277
1437 0.183764
1438 0.188135
1439 0.176693
1440 0.183707
1441 0.173544
1442 0.1795
1443 0.167764
1444 0.161155
1445 0.156989
1446 0.191741
1447 0.19408
1448 0.165522
1449 0.162451
1450 0.176941
1451 0.194972
1452 0.189498
1453 0.181279
1454 0.172086
1455 0.171639
1456 0.176804
1457 0.180604
1458 0.164042
1459 0.156678
1460 0.161569
1461 0.174075
1462 0.17726
1463 0.1843
1464 0.181957
1465 0.185516
1466 0.163781
1467 0.189491
1468 0.189586
1469 0.17318
1470 0.150997
1471 0.168177
1472 0.177526
1473 0.183737
1474 0.154737
1475 0.170411
1476 0.159977
1477 0.177373
1478 0.181609
1479 0.188266
1480 0.154094
1481 0.185888
1482 0.184479
1483 0.186344
1484 0.179121
1485 0.172364
1486 0.170715
1487 0.163227
1488 0.190739
1489 0.156808
1490 0.163694
1491 0.165386
1492 0.179578
1493 0.157988
1494 0.156825
1495 0.167469
1496 0.18035
1497 0.190426
1498 0.176487
1499 0.160569
1500 0.179285
1501 0.190361
1502 0.168161
1503 0.158405
1504 0.159239
1505 0.19448
1506 0.185237
1507 0.18023
1508 0.192085
1509 0.180293
1510 0.19905
1511 0.186386
1512 0.194704
1513 0.176337
1514 0.194467
1515 0.187358
1516 0.175842
1517 0.189266
1518 0.204964
1519 0.166143
1520 0.154771
1521 0.191585
1522 0.178409
1523 0.17007
1524 0.163111
1525 0.164245
1526 0.161149
1527 0.169515
1528 0.17413
1529 0.159314
1530 0.171792
1531 0.181501
1532 0.158752
1533 0.165783
1534 0.177386
1535 0.165542
1536 0.168721
1537 0.182191
1538 0.189634
1539 0.168604
1540 0.176865
1541 0.185113
1542 0.183133
1543 0.172069
1544 0.191864
1545 0.165671
1546 0.158986
1547 0.182633
1548 0.177049
1549 0.165244
1550 0.173076
1551 0.173843
1552 0.151882
1553 0.150377
1554 0.174683
1555 0.169717
1556 0.155949
1557 0.147828
1558 0.169001
1559 0.183125
1560 0.164057
1561 0.153448
1562 0.146645
1563 0.176499
1564 0.162436
1565 0.156013
1566 0.161168
1567 0.174543
1568 0.16692
1569 0.160072
1570 0.199747
1571 0.180886
1572 0.169246
1573 0.171347
1574 0.194741
1575 0.173415
1576 0.178658
1577 0.191007
1578 0.191192
1579 0.196886
1580 0.187634
1581 0.176686
1582 0.181633
1583 0.186064
1584 0.18917
1585 0.171966
1586 0.187204
1587 0.171385
1588 0.180956
1589 0.181054
1590 0.196964
1591 0.173297
1592 0.166939
1593 0.182949
1594 0.180024
1595 0.17758
1596 0.163394
1597 0.197082
1598 0.175789
1599 0.169064
1600 0.175361
1601 0.175385
1602 0.195559
1603 0.149175
1604 0.169527
1605 0.143446
1606 0.160833
1607 0.15607
1608 0.16043
1609 0.151153
1610 0.145904
1611 0.151314
1612 0.176382
1613 0.176223
1614 0.159215
1615 0.175722
1616 0.18583
1617 0.183763
1618 0.163256
1619 0.180343
1620 0.169531
1621 0.159836
1622 0.153786
1623 0.160512
1624 0.166037
1625 0.154126
1626 0.172016
1627 0.183425
1628 0.162946
1629 0.167497
1630 0.186239
1631 0.203487
1632 0.181917
1633 0.184826
1634 0.18056
1635 0.177654
1636 0.167907
1637 0.157933
1638 0.153847
1639 0.158616
1640 0.149638
1641 0.164714
1642 0.177633
1643 0.186706
1644 0.186485
1645 0.173059
1646 0.187231
1647 0.191985
1648 0.180951
1649 0.158458
1650 0.170065
1651 0.186168
1652 0.170373
1653 0.18022
1654 0.18518
1655 0.187088
1656 0.183648
1657 0.202231
1658 0.208097
1659 0.19725
1660 0.181153
1661 0.196687
1662 0.179774
1663 0.199761
1664 0.174473
1665 0.171074
1666 0.157772
1667 0.195167
1668 0.197309
1669 0.175725
1670 0.176293
1671 0.183537
1672 0.19482
1673 0.179604
1674 0.187661
1675 0.192098
1676 0.178875
1677 0.164368
1678 0.172053
1679 0.196717
1680 0.183592
1681 0.146162
1682 0.14158
1683 0.164765
1684 0.186256
1685 0.182729
1686 0.168998
1687 0.173167
1688 0.189242
1689 0.191425
1690 0.193887
1691 0.181504
1692 0.18464
1693 0.19094
1694 0.187064
1695 0.187542
1696 0.190694
1697 0.181428
1698 0.196893
1699 0.198932
1700 0.182589
1701 0.173614
1702 0.197226
1703 0.193103
1704 0.17412
1705 0.16472
1706 0.163536
1707 0.182489
1708 0.168737
1709 0.166185
1710 0.169429
1711 0.167884
1712 0.17574
1713 0.188532
1714 0.191045
1715 0.167534
1716 0.181275
1717 0.199732
1718 0.172966
1719 0.196688
1720 0.183975
1721 0.176402
1722 0.158237
1723 0.182051
1724 0.185267
1725 0.168387
1726 0.159603
1727 0.185824
1728 0.201108
1729 0.186768
1730 0.171841
1731 0.194463
1732 0.181315
1733 0.175332
1734 0.172495
1735 0.199603
1736 0.186802
1737 0.179624
1738 0.194686
1739 0.194686
1740 0.179142
1741 0.167392
1742 0.190922
1743 0.179501
1744 0.1572
1745 0.171854
1746 0.173861
1747 0.196971
1748 0.168661
1749 0.185306
1750 0.173888
1751 0.180226
1752 0.179979
1753 0.182198
1754 0.184131
1755 0.180324
1756 0.169852
1757 0.174192
1758 0.202076
1759 0.203456
1760 0.176754
1761 0.160605
1762 0.174884
1763 0.158624
1764 0.171531
1765 0.166505
1766 0.148448
1767 0.16793
1768 0.17443
1769 0.177306
1770 0.152175
1771 0.188812
1772 0.163866
1773 0.189686
1774 0.15246
1775 0.16416
1776 0.161483
1777 0.172187
1778 0.151751
1779 0.156921
1780 0.185901
1781 0.180844
1782 0.157822
1783 0.165159
1784 0.184078
1785 0.179739
1786 0.188009
1787 0.190063
1788 0.195988
1789 0.182087
1790 0.175718
1791 0.193483
1792 0.186552
1793 0.168533
1794 0.171225
1795 0.165199
1796 0.162404
1797 0.165418
1798 0.175544
1799 0.175844
1800 0.167996
1801 0.171155
1802 0.177804
1803 0.159064
1804 0.163797
1805 0.152461
1806 0.172278
1807 0.15301
1808 0.156084
1809 0.173526
1810 0.175551
1811 0.170983
1812 0.172992
1813 0.184806
1814 0.184883
1815 0.19397
1816 0.169993
1817 0.188582
1818 0.198905
1819 0.202046
1820 0.185422
1821 0.187893
1822 0.190005
1823 0.179505
1824 0.174354
1825 0.179815
1826 0.186682
1827 0.183682
1828 0.169907
1829 0.163302
1830 0.1948
1831 0.195054
1832 0.166402
1833 0.181767
1834 0.183192
1835 0.176169
1836 0.153301
1837 0.180692
1838 0.174208
1839 0.17269
1840 0.154207
1841 0.156232
1842 0.155765
1843 0.163185
1844 0.166499
1845 0.151441
1846 0.154927
1847 0.149446
1848 0.166061
1849 0.160768
1850 0.175079
1851 0.147521
1852 0.161491
1853 0.175369
1854 0.194705
1855 0.163465
1856 0.179332
1857 0.182131
1858 0.194419
1859 0.190905
1860 0.183667
1861 0.18214
1862 0.19308
1863 0.185923
1864 0.164231
1865 0.172473
1866 0.173654
1867 0.174582
1868 0.166414
1869 0.154772
1870 0.156346
1871 0.173089
1872 0.181886
1873 0.164525
1874 0.156472
1875 0.167381
1876 0.159681
1877 0.154603
1878 0.144126
1879 0.152426
1880 0.14059
1881 0.16169
1882 0.166771
1883 0.151665
1884 0.170062
1885 0.179578
1886 0.180566
1887 0.172399
1888 0.17948
1889 0.181516
1890 0.175331
1891 0.182348
1892 0.174162
1893 0.188701
1894 0.173032
1895 0.189835
1896 0.193744
1897 0.174851
1898 0.19198
1899 0.175634
1900 0.191966
1901 0.171153
1902 0.200145
1903 0.178589
1904 0.183262
1905 0.17263
1906 0.182522
1907 0.191595
1908 0.190201
1909 0.173282
1910 0.163599
1911 0.198263
1912 0.197946
1913 0.175278
1914 0.160094
1915 0.183483
1916 0.17494
1917 0.158889
1918 0.159447
1919 0.162485
1920 0.177817
1921 0.161607
1922 0.174505
1923 0.15921
1924 0.18823
1925 0.178791
1926 0.191105
1927 0.181445
1928 0.182433
1929 0.196548
1930 0.195235
1931 0.174402
1932 0.181146
1933 0.196001
1934 0.190838
1935 0.189993
1936 0.181431
1937 0.18636
1938 0.177009
1939 0.182954
1940 0.184957
1941 0.172858
1942 0.16359
1943 0.189812
1944 0.201712
1945 0.182416
1946 0.160937
1947 0.160938
1948 0.182443
1949 0.165626
1950 0.16988
1951 0.149024
1952 0.164184
1953 0.179685
1954 0.157153
1955 0.165693
1956 0.165015
1957 0.181391
1958 0.177917
1959 0.169456
1960 0.168085
1961 0.161301
1962 0.1913
1963 0.175024
1964 0.162858
1965 0.191464
1966 0.172107
1967 0.176556
1968 0.155917
1969 0.169325
1970 0.174095
1971 0.177065
1972 0.170235
1973 0.179827
1974 0.175733
1975 0.202818
1976 0.198172
1977 0.203121
1978 0.198048
1979 0.180799
1980 0.199525
1981 0.183348
1982 0.193739
1983 0.164233
1984 0.1681
1985 0.169997
1986 0.172485
1987 0.174123
1988 0.152176
1989 0.172257
1990 0.183913
1991 0.167628
1992 0.167924
1993 0.166384
1994 0.197201
1995 0.163168
1996 0.178854
1997 0.163318
1998 0.197029
1999 0.163869
2000 0.19453
2001 0.189943
2002 0.213917
2003 0.162325
2004 0.201507
2005 0.202637
2006 0.200779
2007 0.164433
2008 0.181619
2009 0.178344
2010 0.186323
2011 0.166918
2012 0.168007
2013 0.152603
2014 0.159596
2015 0.190362
2016 0.191621
2017 0.181584
2018 0.166432
2019 0.168544
2020 0.17931
2021 0.177961
2022 0.176991
2023 0.156225
2024 0.155269
2025 0.173266
2026 0.193442
2027 0.182529
2028 0.18407
2029 0.202749
2030 0.18916
2031 0.176669
2032 0.178879
2033 0.185327
2034 0.177529
2035 0.160345
2036 0.167542
2037 0.183577
2038 0.183247
2039 0.151165
2040 0.145322
2041 0.179159
2042 0.154919
2043 0.138755
2044 0.164236
2045 0.17823
2046 0.160678
2047 0.169287
2048 0.182544
2049 0.161912
2050 0.169425
2051 0.190126
2052 0.207605
2053 0.158498
2054 0.164383
2055 0.188038
2056 0.174899
2057 0.175581
2058 0.171036
2059 0.166699
2060 0.175195
2061 0.170882
2062 0.186168
2063 0.175981
2064 0.200633
2065 0.165651
2066 0.184499
2067 0.182679
2068 0.197738
2069 0.168786
2070 0.170382
2071 0.159532
2072 0.181648
2073 0.157812
2074 0.147351
2075 0.131436
2076 0.141161
2077 0.140335
2078 0.149981
2079 0.159312
2080 0.155135
2081 0.15642
2082 0.159796
2083 0.177095
2084 0.178731
2085 0.173711
2086 0.157407
2087 0.182918
2088 0.18476
2089 0.176622
2090 0.173413
2091 0.176036
2092 0.163302
2093 0.178774
2094 0.168919
2095 0.140042
2096 0.176045
2097 0.192138
2098 0.181631
2099 0
