0 0.18632
1 0.177873
2 0.173828
3 0.174306
4 0.170256
5 0.164276
6 0.158671
7 0.152907
8 0.149364
9 0.14647
10 0.144371
11 0.140177
12 0.140779
13 0.140762
14 0.139791
15 0.142469
16 0.138167
17 0.141636
18 0.138283
19 0.142699
20 0.143651
21 0.143485
22 0.146803
23 0.149331
24 0.153315
25 0.155944
26 0.161064
27 0.162555
28 0.161152
29 0.169963
30 0.166837
31 0.169179
32 0.171711
33 0.167624
34 0.174441
35 0.171487
36 0.174703
37 0.176389
38 0.167358
39 0.178564
40 0.179722
41 0.168383
42 0.181366
43 0.175737
44 0.169733
45 0.181888
46 0.172823
47 0.169501
48 0.179433
49 0.171647
50 0.173418
51 0.178769
52 0.170228
53 0.175572
54 0.175597
55 0.171582
56 0.178266
57 0.170452
58 0.172932
59 0.176304
60 0.165489
61 0.179414
62 0.174112
63 0.168082
64 0.179847
65 0.171511
66 0.169224
67 0.18084
68 0.172348
69 0.172494
70 0.17833
71 0.169733
72 0.177079
73 0.175103
74 0.168742
75 0.176854
76 0.170537
77 0.173846
78 0.176836
79 0.168813
80 0.17865
81 0.177601
82 0.168776
83 0.178854
84 0.175973
85 0.167833
86 0.179898
87 0.169495
88 0.16993
89 0.180586
90 0.168319
91 0.175291
92 0.17556
93 0.16828
94 0.178402
95 0.172115
96 0.17105
97 0.177296
98 0.169604
99 0.174163
100 0.175852
101 0.166932
102 0.180998
103 0.173149
104 0.166464
105 0.182073
106 0.17119
107 0.168937
108 0.178861
109 0.168439
110 0.174039
111 0.1756
112 0.16848
113 0.176383
114 0.175542
115 0.173738
116 0.180405
117 0.169816
118 0.1739
119 0.18011
120 0.166293
121 0.179279
122 0.175948
123 0.16716
124 0.180047
125 0.174101
126 0.16954
127 0.182379
128 0.171221
129 0.172242
130 0.180011
131 0.168294
132 0.175172
133 0.177855
134 0.168978
135 0.176797
136 0.175046
137 0.174954
138 0.17923
139 0.169919
140 0.177393
141 0.17925
142 0.165243
143 0.178003
144 0.174087
145 0.166433
146 0.182179
147 0.17244
148 0.170857
149 0.179358
150 0.169946
151 0.173654
152 0.180287
153 0.167691
154 0.176696
155 0.176215
156 0.170751
157 0.179353
158 0.173761
159 0.173154
160 0.176996
161 0.167233
162 0.175611
163 0.178164
164 0.168853
165 0.181651
166 0.176107
167 0.168064
168 0.180015
169 0.172516
170 0.172301
171 0.179325
172 0.169196
173 0.174433
174 0.177613
175 0.170862
176 0.175577
177 0.176928
178 0.172692
179 0.181195
180 0.169996
181 0.173577
182 0.18104
183 0.165924
184 0.17813
185 0.174822
186 0.168418
187 0.1816
188 0.17428
189 0.168838
190 0.183321
191 0.171497
192 0.173008
193 0.181495
194 0.168848
195 0.175501
196 0.176283
197 0.167974
198 0.175385
199 0.17249
200 0.172923
201 0.180118
202 0.170983
203 0.175127
204 0.180164
205 0.166315
206 0.175893
207 0.174597
208 0.169547
209 0.182251
210 0.170901
211 0.171368
212 0.181853
213 0.169594
214 0.171978
215 0.182475
216 0.167251
217 0.17632
218 0.178992
219 0.168091
220 0.179722
221 0.17406
222 0.170732
223 0.180852
224 0.169693
225 0.175169
226 0.179452
227 0.167067
228 0.176437
229 0.177767
230 0.16951
231 0.178524
232 0.173341
233 0.170855
234 0.182664
235 0.170853
236 0.175239
237 0.17861
238 0.16982
239 0.177981
240 0.176348
241 0.169582
242 0.176531
243 0.171682
244 0.172431
245 0.17726
246 0.171377
247 0.177127
248 0.176311
249 0.168981
250 0.17904
251 0.177732
252 0.16718
253 0.18031
254 0.170426
255 0.170355
256 0.181157
257 0.169637
258 0.173771
259 0.180083
260 0.170699
261 0.176769
262 0.173408
263 0.170876
264 0.179243
265 0.169167
266 0.176132
267 0.181658
268 0.166771
269 0.178204
270 0.178056
271 0.165953
272 0.178977
273 0.175902
274 0.170091
275 0.182841
276 0.170706
277 0.169339
278 0.183273
279 0.16727
280 0.175788
281 0.180405
282 0.167425
283 0.179301
284 0.172755
285 0.172476
286 0.178629
287 0.172953
288 0.174945
289 0.178745
290 0.170405
291 0.179178
292 0.179342
293 0.16622
294 0.180673
295 0.174275
296 0.169323
297 0.179795
298 0.171693
299 0.173231
300 0.181077
301 0.170322
302 0.17428
303 0.178778
304 0.166989
305 0.177813
306 0.177123
307 0.170978
308 0.179348
309 0.173603
310 0.176053
311 0.178398
312 0.165752
313 0.175869
314 0.176096
315 0.168203
316 0.180319
317 0.176949
318 0.167531
319 0.182326
320 0.170796
321 0.171195
322 0.182711
323 0.167916
324 0.175583
325 0.178145
326 0.17001
327 0.178008
328 0.175067
329 0.170863
330 0.179416
331 0.170314
332 0.174607
333 0.177541
334 0.167879
335 0.175985
336 0.177057
337 0.168723
338 0.179186
339 0.172229
340 0.169235
341 0.181574
342 0.17067
343 0.173242
344 0.178178
345 0.167422
346 0.175542
347 0.178761
348 0.169533
349 0.179571
350 0.170993
351 0.173932
352 0.181409
353 0.166883
354 0.177903
355 0.175871
356 0.167211
357 0.180073
358 0.178345
359 0.167747
360 0.181192
361 0.173827
362 0.169003
363 0.179959
364 0.170359
365 0.17216
366 0.178962
367 0.167349
368 0.177759
369 0.177018
370 0.169472
371 0.178823
372 0.168765
373 0.172366
374 0.177641
375 0.1684
376 0.177354
377 0.177733
378 0.169123
379 0.181833
380 0.174964
381 0.169384
382 0.180309
383 0.168398
384 0.171733
385 0.180764
386 0.167477
387 0.174976
388 0.17711
389 0.171491
390 0.178467
391 0.172341
392 0.170938
393 0.179802
394 0.170431
395 0.174738
396 0.176273
397 0.167477
398 0.178795
399 0.176893
400 0.167347
401 0.181738
402 0.174234
403 0.168984
404 0.181626
405 0.171266
406 0.171506
407 0.181613
408 0.170362
409 0.17789
410 0.176644
411 0.170519
412 0.180108
413 0.174117
414 0.173277
415 0.180553
416 0.168729
417 0.177638
418 0.179745
419 0.16966
420 0.177115
421 0.174267
422 0.168722
423 0.178169
424 0.171178
425 0.170393
426 0.179339
427 0.171878
428 0.173483
429 0.182301
430 0.167734
431 0.174794
432 0.175297
433 0.172676
434 0.179848
435 0.170685
436 0.175574
437 0.180987
438 0.167558
439 0.1762
440 0.179739
441 0.16921
442 0.179735
443 0.177686
444 0.169305
445 0.180298
446 0.170991
447 0.169392
448 0.181773
449 0.168071
450 0.173805
451 0.180436
452 0.170153
453 0.174455
454 0.173905
455 0.169472
456 0.178158
457 0.169888
458 0.175031
459 0.181459
460 0.169481
461 0.175361
462 0.179177
463 0.16942
464 0.179411
465 0.176825
466 0.17089
467 0.180828
468 0.171529
469 0.17205
470 0.179518
471 0.17051
472 0.173713
473 0.181345
474 0.170667
475 0.179242
476 0.177082
477 0.171452
478 0.181162
479 0.169105
480 0.174622
481 0.18108
482 0.170453
483 0.17706
484 0.176742
485 0.168807
486 0.180653
487 0.176921
488 0.166915
489 0.179195
490 0.173883
491 0.171156
492 0.178392
493 0.170459
494 0.173082
495 0.179915
496 0.169103
497 0.175577
498 0.173723
499 0.170371
500 0.179426
501 0.170914
502 0.175412
503 0.17682
504 0.169945
505 0.180021
506 0.178327
507 0.165591
508 0.179669
509 0.17187
510 0.168295
511 0.182683
512 0.170222
513 0.174077
514 0.180778
515 0.171155
516 0.176141
517 0.178668
518 0.170154
519 0.179236
520 0.173467
521 0.171187
522 0.178524
523 0.172311
524 0.173527
525 0.178566
526 0.169766
527 0.178418
528 0.177436
529 0.167491
530 0.181309
531 0.175912
532 0.171279
533 0.182242
534 0.17073
535 0.17103
536 0.181322
537 0.169859
538 0.174528
539 0.180619
540 0.170571
541 0.177651
542 0.172843
543 0.173344
544 0.181043
545 0.168572
546 0.173372
547 0.179514
548 0.168673
549 0.178731
550 0.17648
551 0.166558
552 0.180036
553 0.17319
554 0.171194
555 0.181373
556 0.169431
557 0.173819
558 0.183029
559 0.169844
560 0.174826
561 0.175792
562 0.170281
563 0.178411
564 0.174346
565 0.171223
566 0.179769
567 0.169011
568 0.174635
569 0.180069
570 0.168771
571 0.176784
572 0.175412
573 0.167022
574 0.178004
575 0.172877
576 0.172035
577 0.182743
578 0.168266
579 0.173213
580 0.179843
581 0.167174
582 0.176281
583 0.176823
584 0.172727
585 0.180738
586 0.175254
587 0.174245
588 0.178324
589 0.170304
590 0.175357
591 0.180859
592 0.165584
593 0.180947
594 0.175147
595 0.166589
596 0.182109
597 0.171631
598 0.17134
599 0.181456
600 0.169282
601 0.173594
602 0.181504
603 0.168256
604 0.177046
605 0.175757
606 0.170361
607 0.176331
608 0.174303
609 0.172591
610 0.176803
611 0.170219
612 0.174829
613 0.176537
614 0.166997
615 0.179136
616 0.172325
617 0.167583
618 0.181396
619 0.169478
620 0.170726
621 0.178031
622 0.168868
623 0.175127
624 0.178587
625 0.1695
626 0.180113
627 0.173163
628 0.17087
629 0.177944
630 0.171628
631 0.175571
632 0.177532
633 0.168613
634 0.178978
635 0.174518
636 0.166511
637 0.18229
638 0.171585
639 0.170707
640 0.180309
641 0.169415
642 0.17523
643 0.181957
644 0.169882
645 0.177104
646 0.177738
647 0.171236
648 0.176456
649 0.172479
650 0.171916
651 0.180765
652 0.170442
653 0.177257
654 0.179181
655 0.165509
656 0.178894
657 0.17708
658 0.167232
659 0.180558
660 0.170289
661 0.169945
662 0.179732
663 0.168075
664 0.173166
665 0.180416
666 0.167936
667 0.177672
668 0.176646
669 0.170254
670 0.176463
671 0.16982
672 0.172629
673 0.180013
674 0.167377
675 0.176423
676 0.179232
677 0.169517
678 0.177606
679 0.174263
680 0.169974
681 0.181269
682 0.173114
683 0.170922
684 0.178807
685 0.167875
686 0.175958
687 0.176342
688 0.169198
689 0.176836
690 0.171001
691 0.170893
692 0.17952
693 0.168646
694 0.17462
695 0.176872
696 0.166855
697 0.180321
698 0.174694
699 0.168031
700 0.180792
701 0.172354
702 0.171869
703 0.181172
704 0.169694
705 0.175178
706 0.181805
707 0.169142
708 0.176148
709 0.173495
710 0.169428
711 0.180471
712 0.169132
713 0.174394
714 0.17736
715 0.168889
716 0.179139
717 0.18022
718 0.167741
719 0.181405
720 0.175171
721 0.166935
722 0.179542
723 0.169969
724 0.172878
725 0.182914
726 0.168315
727 0.174282
728 0.181569
729 0.169035
730 0.174986
731 0.17472
732 0.169389
733 0.180176
734 0.16986
735 0.176359
736 0.17956
737 0.167527
738 0.178122
739 0.178496
740 0.166812
741 0.177567
742 0.175232
743 0.167122
744 0.180048
745 0.171624
746 0.170815
747 0.177512
748 0.167797
749 0.176819
750 0.174268
751 0.169122
752 0.179278
753 0.170208
754 0.173931
755 0.178721
756 0.16664
757 0.175244
758 0.178938
759 0.16952
760 0.179033
761 0.177994
762 0.168435
763 0.180949
764 0.169398
765 0.169735
766 0.180343
767 0.167005
768 0.174846
769 0.181393
770 0.17035
771 0.177734
772 0.174181
773 0.168902
774 0.176356
775 0.172672
776 0.173552
777 0.17657
778 0.16551
779 0.176817
780 0.178439
781 0.169573
782 0.17836
783 0.175142
784 0.168818
785 0.179498
786 0.169281
787 0.172678
788 0.180583
789 0.167954
790 0.175265
791 0.178572
792 0.171066
793 0.179243
794 0.171967
795 0.173133
796 0.177539
797 0.168319
798 0.175216
799 0.17651
800 0.165715
801 0.180093
802 0.174318
803 0.166423
804 0.179184
805 0.17065
806 0.169793
807 0.181511
808 0.168192
809 0.175076
810 0.177434
811 0.169673
812 0.179013
813 0.172308
814 0.170776
815 0.179133
816 0.169775
817 0.176948
818 0.181048
819 0.166958
820 0.177662
821 0.175841
822 0.166393
823 0.179869
824 0.171476
825 0.168233
826 0.179561
827 0.168019
828 0.17474
829 0.179231
830 0.169163
831 0.175422
832 0.174478
833 0.17187
834 0.17766
835 0.170488
836 0.172192
837 0.178586
838 0.170414
839 0.176057
840 0.176995
841 0.167768
842 0.178237
843 0.173406
844 0.169981
845 0.180832
846 0.170306
847 0.17162
848 0.180132
849 0.169364
850 0.173555
851 0.175897
852 0.167536
853 0.178654
854 0.174947
855 0.171949
856 0.180547
857 0.169487
858 0.175773
859 0.17715
860 0.16713
861 0.176822
862 0.177759
863 0.16684
864 0.178195
865 0.174745
866 0.170411
867 0.183121
868 0.17006
869 0.172504
870 0.179698
871 0.169723
872 0.17552
873 0.176008
874 0.169359
875 0.177283
876 0.173036
877 0.173375
878 0.177725
879 0.170308
880 0.178046
881 0.178194
882 0.166972
883 0.177717
884 0.175017
885 0.168431
886 0.179469
887 0.170651
888 0.172734
889 0.180914
890 0.16877
891 0.174981
892 0.180017
893 0.169177
894 0.178148
895 0.175587
896 0.171633
897 0.176697
898 0.171657
899 0.172879
900 0.180024
901 0.165794
902 0.176559
903 0.177556
904 0.169775
905 0.181374
906 0.174542
907 0.170054
908 0.181983
909 0.17345
910 0.171218
911 0.18236
912 0.171706
913 0.172792
914 0.180947
915 0.167923
916 0.17785
917 0.174628
918 0.171222
919 0.181052
920 0.168953
921 0.174684
922 0.176477
923 0.166497
924 0.178066
925 0.175581
926 0.168394
927 0.179705
928 0.175399
929 0.168319
930 0.181543
931 0.168271
932 0.171512
933 0.180765
934 0.16867
935 0.174634
936 0.176342
937 0.168177
938 0.179268
939 0.16985
940 0.172451
941 0.180132
942 0.167549
943 0.174432
944 0.177255
945 0.166388
946 0.17895
947 0.171943
948 0.166916
949 0.18177
950 0.172762
951 0.170469
952 0.178791
953 0.17114
954 0.173021
955 0.177365
956 0.168403
957 0.175702
958 0.174081
959 0.17316
960 0.179312
961 0.171003
962 0.176316
963 0.177701
964 0.166303
965 0.177179
966 0.178317
967 0.170245
968 0.181103
969 0.172042
970 0.171756
971 0.183026
972 0.169346
973 0.170998
974 0.177828
975 0.169459
976 0.177298
977 0.176215
978 0.171612
979 0.177426
980 0.172871
981 0.17338
982 0.178598
983 0.169989
984 0.176782
985 0.178734
986 0.166842
987 0.178187
988 0.17367
989 0.167546
990 0.18214
991 0.169211
992 0.170681
993 0.178317
994 0.170031
995 0.175805
996 0.179588
997 0.167777
998 0.17552
999 0.176739
1000 0.172839
1001 0.17991
1002 0.171194
1003 0.173068
1004 0.181566
1005 0.166355
1006 0.178584
1007 0.176548
1008 0.166821
1009 0.179162
1010 0.174278
1011 0.16708
1012 0.182893
1013 0.169613
1014 0.172669
1015 0.181226
1016 0.168691
1017 0.176457
1018 0.177165
1019 0.169541
1020 0.176477
1021 0.174621
1022 0.170889
1023 0.177606
1024 0.167664
1025 0.175323
1026 0.176681
1027 0.168478
1028 0.177575
1029 0.175425
1030 0.166066
1031 0.179971
1032 0.17126
1033 0.170512
1034 0.178832
1035 0.166905
1036 0.176421
1037 0.17933
1038 0.17119
1039 0.177154
1040 0.175578
1041 0.170808
1042 0.176873
1043 0.172504
1044 0.174959
1045 0.177211
1046 0.165858
1047 0.178397
1048 0.178729
1049 0.16843
1050 0.180076
1051 0.172533
1052 0.16821
1053 0.18304
1054 0.172049
1055 0.173951
1056 0.181818
1057 0.170963
1058 0.173103
1059 0.177973
1060 0.168544
1061 0.176558
1062 0.175685
1063 0.1724
1064 0.177758
1065 0.170323
1066 0.174619
1067 0.176642
1068 0.168828
1069 0.178052
1070 0.176562
1071 0.169818
1072 0.17944
1073 0.175194
1074 0.168889
1075 0.180393
1076 0.17005
1077 0.174286
1078 0.181609
1079 0.168015
1080 0.175155
1081 0.177796
1082 0.170116
1083 0.178973
1084 0.172811
1085 0.175475
1086 0.179346
1087 0.16634
1088 0.176787
1089 0.179566
1090 0.167984
1091 0.178307
1092 0.17342
1093 0.169778
1094 0.179039
1095 0.171188
1096 0.170741
1097 0.182827
1098 0.169118
1099 0.176204
1100 0.176834
1101 0.167921
1102 0.178599
1103 0.176501
1104 0.169553
1105 0.178693
1106 0.17199
1107 0.175049
1108 0.180124
1109 0.170891
1110 0.175087
1111 0.177987
1112 0.166675
1113 0.179596
1114 0.17319
1115 0.166925
1116 0.182314
1117 0.171002
1118 0.170722
1119 0.177845
1120 0.166667
1121 0.177303
1122 0.175397
1123 0.17026
1124 0.180031
1125 0.174981
1126 0.173806
1127 0.179181
1128 0.170466
1129 0.176761
1130 0.178772
1131 0.168839
1132 0.177308
1133 0.177979
1134 0.166692
1135 0.178879
1136 0.175647
1137 0.168312
1138 0.183081
1139 0.172578
1140 0.172813
1141 0.181435
1142 0.170338
1143 0.174791
1144 0.176097
1145 0.17188
1146 0.177417
1147 0.175964
1148 0.170206
1149 0.179746
1150 0.171902
1151 0.175877
1152 0.180929
1153 0.16697
1154 0.177672
1155 0.178728
1156 0.167023
1157 0.179484
1158 0.172097
1159 0.171333
1160 0.181157
1161 0.169761
1162 0.173172
1163 0.18158
1164 0.168877
1165 0.173837
1166 0.178152
1167 0.168855
1168 0.178485
1169 0.170478
1170 0.173152
1171 0.179381
1172 0.171238
1173 0.175824
1174 0.179424
1175 0.168611
1176 0.179419
1177 0.173892
1178 0.167491
1179 0.179185
1180 0.172517
1181 0.170019
1182 0.179462
1183 0.169296
1184 0.174707
1185 0.179043
1186 0.168181
1187 0.175927
1188 0.177475
1189 0.170635
1190 0.179003
1191 0.173245
1192 0.17351
1193 0.176461
1194 0.168499
1195 0.177612
1196 0.17796
1197 0.169798
1198 0.179987
1199 0.175181
1200 0.171045
1201 0.180627
1202 0.168665
1203 0.172357
1204 0.179819
1205 0.168616
1206 0.173297
1207 0.179269
1208 0.17051
1209 0.175755
1210 0.171515
1211 0.17204
1212 0.177405
1213 0.170599
1214 0.174188
1215 0.178283
1216 0.165244
1217 0.180442
1218 0.175305
1219 0.169184
1220 0.180635
1221 0.174253
1222 0.170977
1223 0.180269
1224 0.167658
1225 0.172575
1226 0.179381
1227 0.169597
1228 0.176963
1229 0.175367
1230 0.169414
1231 0.178413
1232 0.171647
1233 0.172871
1234 0.181067
1235 0.170208
1236 0.17961
1237 0.17944
1238 0.168174
1239 0.181191
1240 0.172641
1241 0.167683
1242 0.182283
1243 0.168833
1244 0.170889
1245 0.178224
1246 0.171589
1247 0.176288
1248 0.175933
1249 0.167771
1250 0.176279
1251 0.174182
1252 0.173611
1253 0.178399
1254 0.172056
1255 0.17538
1256 0.18121
1257 0.168091
1258 0.176165
1259 0.174098
1260 0.167415
1261 0.180433
1262 0.170202
1263 0.172146
1264 0.18158
1265 0.171818
1266 0.173731
1267 0.180481
1268 0.166923
1269 0.174516
1270 0.176588
1271 0.171232
1272 0.179062
1273 0.175529
1274 0.170949
1275 0.179778
1276 0.170924
1277 0.177464
1278 0.179301
1279 0.168858
1280 0.178028
1281 0.175839
1282 0.166202
1283 0.182148
1284 0.169869
1285 0.171565
1286 0.180985
1287 0.172229
1288 0.172929
1289 0.180007
1290 0.169357
1291 0.175209
1292 0.177139
1293 0.16912
1294 0.178212
1295 0.171633
1296 0.175816
1297 0.178976
1298 0.169413
1299 0.176909
1300 0.175801
1301 0.169119
1302 0.178076
1303 0.175425
1304 0.170366
1305 0.180839
1306 0.170356
1307 0.170739
1308 0.178429
1309 0.166706
1310 0.172987
1311 0.179211
1312 0.168503
1313 0.17627
1314 0.175177
1315 0.172568
1316 0.178447
1317 0.167766
1318 0.177265
1319 0.176291
1320 0.165464
1321 0.17724
1322 0.175903
1323 0.168054
1324 0.17992
1325 0.170599
1326 0.17109
1327 0.179993
1328 0.169959
1329 0.173211
1330 0.180413
1331 0.167665
1332 0.174504
1333 0.17569
1334 0.171659
1335 0.180825
1336 0.169088
1337 0.172097
1338 0.177822
1339 0.168556
1340 0.176668
1341 0.179088
1342 0.169722
1343 0.178599
1344 0.172192
1345 0.170917
1346 0.181607
1347 0.169351
1348 0.173198
1349 0.178646
1350 0.16981
1351 0.174889
1352 0.177963
1353 0.170218
1354 0.17792
1355 0.175043
1356 0.173216
1357 0.178081
1358 0.171856
1359 0.174085
1360 0.176928
1361 0.166366
1362 0.176608
1363 0.177391
1364 0.166271
1365 0.181986
1366 0.170352
1367 0.169783
1368 0.182732
1369 0.169946
1370 0.173865
1371 0.181217
1372 0.169139
1373 0.176171
1374 0.177444
1375 0.170934
1376 0.17662
1377 0.173105
1378 0.172319
1379 0.176904
1380 0.169424
1381 0.178285
1382 0.179755
1383 0.167223
1384 0.181329
1385 0.175546
1386 0.16713
1387 0.182723
1388 0.171914
1389 0.172299
1390 0.182769
1391 0.17068
1392 0.173499
1393 0.177517
1394 0.16997
1395 0.177839
1396 0.17744
1397 0.171324
1398 0.178317
1399 0.171768
1400 0.172823
1401 0.179011
1402 0.166804
1403 0.178103
1404 0.180523
1405 0.166221
1406 0.178423
1407 0.177916
1408 0.168403
1409 0.180169
1410 0.171596
1411 0.171671
1412 0.179734
1413 0.171801
1414 0.17278
1415 0.17936
1416 0.168912
1417 0.176154
1418 0.173462
1419 0.170818
1420 0.180111
1421 0.170688
1422 0.173323
1423 0.180857
1424 0.167084
1425 0.176876
1426 0.175875
1427 0.167087
1428 0.179956
1429 0.173133
1430 0.167081
1431 0.179491
1432 0.173355
1433 0.170329
1434 0.182705
1435 0.169876
1436 0.172976
1437 0.177185
1438 0.169154
1439 0.177941
1440 0.173182
1441 0.170933
1442 0.179132
1443 0.171748
1444 0.174187
1445 0.177532
1446 0.169592
1447 0.180407
1448 0.177932
1449 0.167871
1450 0.182697
1451 0.171696
1452 0.171413
1453 0.180745
1454 0.170501
1455 0.171989
1456 0.178291
1457 0.170937
1458 0.17403
1459 0.176194
1460 0.171975
1461 0.178687
1462 0.174421
1463 0.172794
1464 0.181108
1465 0.170339
1466 0.176032
1467 0.18026
1468 0.166528
1469 0.179164
1470 0.177098
1471 0.16608
1472 0.179374
1473 0.174929
1474 0.170518
1475 0.17989
1476 0.172038
1477 0.174737
1478 0.181873
1479 0.170972
1480 0.177234
1481 0.177778
1482 0.17065
1483 0.178725
1484 0.17385
1485 0.173808
1486 0.178785
1487 0.167451
1488 0.176721
1489 0.180815
1490 0.165559
1491 0.176947
1492 0.17398
1493 0.169586
1494 0.179011
1495 0.173372
1496 0.169587
1497 0.181876
1498 0.168422
1499 0.17444
1500 0.178636
1501 0.168761
1502 0.175652
1503 0.17638
1504 0.171463
1505 0.178238
1506 0.170744
1507 0.172722
1508 0.179308
1509 0.168942
1510 0.176063
1511 0.176783
1512 0.168658
1513 0.181444
1514 0.176718
1515 0.169057
1516 0.180599
1517 0.17294
1518 0.170502
1519 0.180477
1520 0.168702
1521 0.17265
1522 0.175698
1523 0.168641
1524 0.177553
1525 0.171763
1526 0.171481
1527 0.17898
1528 0.169172
1529 0.175642
1530 0.180832
1531 0.167185
1532 0.179842
1533 0.176951
1534 0.167696
1535 0.181021
1536 0.17179
1537 0.168395
1538 0.1789
1539 0.171235
1540 0.174287
1541 0.179844
1542 0.167258
1543 0.174734
1544 0.174462
1545 0.17045
1546 0.177036
1547 0.173933
1548 0.173544
1549 0.181321
1550 0.166662
1551 0.175456
1552 0.176901
1553 0.168986
1554 0.181036
1555 0.173909
1556 0.170221
1557 0.181518
1558 0.172998
1559 0.169176
1560 0.179939
1561 0.16815
1562 0.175609
1563 0.180585
1564 0.170238
1565 0.176684
1566 0.176997
1567 0.170308
1568 0.17662
1569 0.173312
1570 0.173718
1571 0.177569
1572 0.166342
1573 0.176622
1574 0.176896
1575 0.169078
1576 0.179952
1577 0.172253
1578 0.168951
1579 0.182502
1580 0.171467
1581 0.171156
1582 0.17792
1583 0.171304
1584 0.176671
1585 0.176017
1586 0.167872
1587 0.176471
1588 0.173737
1589 0.17145
1590 0.180737
1591 0.171592
1592 0.176329
1593 0.180863
1594 0.166047
1595 0.17887
1596 0.176261
1597 0.169359
1598 0.179315
1599 0.17049
1600 0.170537
1601 0.180937
1602 0.169355
1603 0.174065
1604 0.180227
1605 0.169924
1606 0.176681
1607 0.179794
1608 0.170474
1609 0.180051
1610 0.173767
1611 0.173779
1612 0.177704
1613 0.17095
1614 0.177692
1615 0.179953
1616 0.166004
1617 0.180428
1618 0.17752
1619 0.166305
1620 0.177878
1621 0.171071
1622 0.168473
1623 0.181602
1624 0.172122
1625 0.175118
1626 0.178988
1627 0.170267
1628 0.174778
1629 0.178868
1630 0.17118
1631 0.177372
1632 0.172979
1633 0.174753
1634 0.17758
1635 0.168344
1636 0.178203
1637 0.179025
1638 0.169324
1639 0.178723
1640 0.177976
1641 0.166768
1642 0.180101
1643 0.170364
1644 0.172168
1645 0.178873
1646 0.170906
1647 0.172775
1648 0.177824
1649 0.166922
1650 0.177633
1651 0.173629
1652 0.172301
1653 0.17839
1654 0.169608
1655 0.172332
1656 0.177704
1657 0.165531
1658 0.176296
1659 0.174323
1660 0.165832
1661 0.179105
1662 0.173722
1663 0.168991
1664 0.17992
1665 0.169739
1666 0.173181
1667 0.178495
1668 0.169358
1669 0.174484
1670 0.178755
1671 0.169955
1672 0.179913
1673 0.170946
1674 0.175361
1675 0.180398
1676 0.166433
1677 0.177762
1678 0.177969
1679 0.166983
1680 0.178137
1681 0.177008
1682 0.167142
1683 0.182554
1684 0.171893
1685 0.171115
1686 0.18019
1687 0.16736
1688 0.173988
1689 0.180271
1690 0.169223
1691 0.178057
1692 0.17441
1693 0.170637
1694 0.180093
1695 0.173213
1696 0.174762
1697 0.177204
1698 0.168151
1699 0.177858
1700 0.176457
1701 0.166475
1702 0.179353
1703 0.17435
1704 0.170437
1705 0.180278
1706 0.173049
1707 0.169916
1708 0.181425
1709 0.168653
1710 0.176047
1711 0.176161
1712 0.168637
1713 0.17949
1714 0.171928
1715 0.172967
1716 0.181146
1717 0.170751
1718 0.173772
1719 0.176821
1720 0.169572
1721 0.177565
1722 0.177547
1723 0.168319
1724 0.181638
1725 0.171907
1726 0.168143
1727 0.181097
1728 0.172886
1729 0.170312
1730 0.179166
1731 0.170987
1732 0.176843
1733 0.178738
1734 0.167744
1735 0.177995
1736 0.172133
1737 0.171894
1738 0.177685
1739 0.170586
1740 0.176358
1741 0.179936
1742 0.166502
1743 0.18071
1744 0.173614
1745 0.166822
1746 0.182185
1747 0.171192
1748 0.169254
1749 0.180253
1750 0.17228
1751 0.173031
1752 0.181596
1753 0.167332
1754 0.176862
1755 0.177192
1756 0.171395
1757 0.179446
1758 0.170915
1759 0.17392
1760 0.177837
1761 0.167655
1762 0.174446
1763 0.179702
1764 0.168694
1765 0.180413
1766 0.175492
1767 0.167704
1768 0.179263
1769 0.174113
1770 0.171653
1771 0.178234
1772 0.170156
1773 0.175618
1774 0.181708
1775 0.171082
1776 0.175828
1777 0.178454
1778 0.173086
1779 0.17897
1780 0.173831
1781 0.173316
1782 0.178692
1783 0.169481
1784 0.175876
1785 0.177409
1786 0.165584
1787 0.179562
1788 0.177013
1789 0.16933
1790 0.179169
1791 0.172585
1792 0.169893
1793 0.179902
1794 0.169083
1795 0.175362
1796 0.176285
1797 0.167708
1798 0.177351
1799 0.175309
1800 0.17217
1801 0.176869
1802 0.169435
1803 0.176007
1804 0.176855
1805 0.168453
1806 0.177994
1807 0.17372
1808 0.16904
1809 0.180158
1810 0.173705
1811 0.171836
1812 0.180119
1813 0.170092
1814 0.173887
1815 0.180547
1816 0.17028
1817 0.174947
1818 0.17796
1819 0.170892
1820 0.179115
1821 0.169989
1822 0.172841
1823 0.180908
1824 0.167922
1825 0.178328
1826 0.178258
1827 0.168103
1828 0.177435
1829 0.175613
1830 0.167294
1831 0.178232
1832 0.169782
1833 0.171575
1834 0.180543
1835 0.166937
1836 0.176534
1837 0.178409
1838 0.171172
1839 0.178811
1840 0.174642
1841 0.170459
1842 0.178512
1843 0.170681
1844 0.175292
1845 0.179108
1846 0.169855
1847 0.178728
1848 0.176232
1849 0.165268
1850 0.179538
1851 0.176999
1852 0.167784
1853 0.17958
1854 0.171414
1855 0.170629
1856 0.182457
1857 0.169302
1858 0.174378
1859 0.175762
1860 0.169677
1861 0.176428
1862 0.172825
1863 0.173477
1864 0.179472
1865 0.168799
1866 0.17639
1867 0.179841
1868 0.169914
1869 0.178566
1870 0.177484
1871 0.169135
1872 0.17953
1873 0.170803
1874 0.170534
1875 0.183486
1876 0.169976
1877 0.173657
1878 0.181983
1879 0.167716
1880 0.17462
1881 0.178831
1882 0.170406
1883 0.177268
1884 0.173157
1885 0.17145
1886 0.180308
1887 0.171962
1888 0.174061
1889 0.176613
1890 0.168015
1891 0.179204
1892 0.177451
1893 0.168496
1894 0.180479
1895 0.173417
1896 0.169113
1897 0.180319
1898 0.169936
1899 0.171831
1900 0.177979
1901 0.169089
1902 0.177293
1903 0.175408
1904 0.170378
1905 0.177765
1906 0.171599
1907 0.172104
1908 0.177555
1909 0.165766
1910 0.179318
1911 0.176667
1912 0.16719
1913 0.178712
1914 0.17375
1915 0.170864
1916 0.181579
1917 0.168882
1918 0.171943
1919 0.181395
1920 0.167463
1921 0.174743
1922 0.178044
1923 0.170631
1924 0.177906
1925 0.175462
1926 0.172096
1927 0.179666
1928 0.169514
1929 0.174572
1930 0.179206
1931 0.166283
1932 0.176888
1933 0.176294
1934 0.167224
1935 0.18162
1936 0.173021
1937 0.172229
1938 0.181301
1939 0.170324
1940 0.173808
1941 0.178178
1942 0.169114
1943 0.174382
1944 0.174012
1945 0.171964
1946 0.179392
1947 0.172975
1948 0.172837
1949 0.177241
1950 0.167029
1951 0.178722
1952 0.176483
1953 0.167764
1954 0.179393
1955 0.173398
1956 0.169022
1957 0.179239
1958 0.173883
1959 0.17148
1960 0.180983
1961 0.168401
1962 0.175389
1963 0.179721
1964 0.170299
1965 0.176269
1966 0.174785
1967 0.172098
1968 0.178578
1969 0.171312
1970 0.173397
1971 0.178924
1972 0.167115
1973 0.176406
1974 0.177399
1975 0.168785
1976 0.181009
1977 0.17529
1978 0.167534
1979 0.181711
1980 0.172708
1981 0.173615
1982 0.181363
1983 0.171104
1984 0.174455
1985 0.179869
1986 0.167605
1987 0.17676
1988 0.172294
1989 0.173151
1990 0.17935
1991 0.169584
1992 0.175697
1993 0.176573
1994 0.165166
1995 0.179137
1996 0.178468
1997 0.16576
1998 0.182021
1999 0.172182
2000 0.168543
2001 0.180051
2002 0.167619
2003 0.175293
2004 0.182009
2005 0.170881
2006 0.175813
2007 0.17916
2008 0.16968
2009 0.177787
2010 0.171976
2011 0.172675
2012 0.177747
2013 0.166632
2014 0.177101
2015 0.179397
2016 0.169492
2017 0.180218
2018 0.175535
2019 0.169261
2020 0.178642
2021 0.173002
2022 0.17013
2023 0.179626
2024 0.170729
2025 0.17422
2026 0.17785
2027 0.168595
2028 0.178527
2029 0.173912
2030 0.172301
2031 0.18072
2032 0.170256
2033 0.174539
2034 0.179472
2035 0.168179
2036 0.177815
2037 0.176939
2038 0.166596
2039 0.181258
2040 0.176503
2041 0.170572
2042 0.181302
2043 0.171552
2044 0.171854
2045 0.183211
2046 0.171571
2047 0.173017
2048 0.176961
2049 0.169469
2050 0.175416
2051 0.172774
2052 0.169369
2053 0.179222
2054 0.171308
2055 0.176548
2056 0.18147
2057 0.169417
2058 0.177165
2059 0.179867
2060 0.169576
2061 0.179706
2062 0.174734
2063 0.169956
2064 0.183332
2065 0.172757
2066 0.170511
2067 0.179909
2068 0.17044
2069 0.174891
2070 0.176771
2071 0.167144
2072 0.177771
2073 0.175205
2074 0.172454
2075 0.180156
2076 0.170841
2077 0.17411
2078 0.179467
2079 0.168934
2080 0.177851
2081 0.177357
2082 0.168183
2083 0.181523
2084 0.17418
2085 0.168664
2086 0.181986
2087 0.170906
2088 0.169958
2089 0.179664
2090 0.1669
2091 0.173208
2092 0.175889
2093 0.169504
2094 0.178361
2095 0.172481
2096 0.174053
2097 0.181491
2098 0.170302
2099 0
