0 472.035
1 182.515
2 83.2959
3 17.5504
4 5.08059
5 1.25876
6 0.583138
7 0.371007
8 0.239574
9 0.308175
10 0.366173
11 0.471043
12 0.332994
13 0.4019
14 0.460484
15 0.39121
16 0.530949
17 0.319641
18 0.461392
19 0.292816
20 0.369892
21 0.443263
22 0.391267
23 0.336104
24 0.385676
25 0.398468
26 0.48272
27 0.463476
28 0.414784
29 0.370399
30 0.331705
31 0.43049
32 0.369898
33 0.288206
34 0.275883
35 0.266619
36 0.392544
37 0.48982
38 0.338854
39 0.359671
40 0.468255
41 0.55967
42 0.547075
43 0.619411
44 0.549611
45 0.564706
46 0.540379
47 0.536076
48 0.337918
49 0.300266
50 0.48144
51 0.330634
52 0.39548
53 0.440955
54 0.28154
55 0.419635
56 0.382791
57 0.350652
58 0.386527
59 0.241144
60 0.187038
61 0.190306
62 0.377606
63 0.26022
64 0.37539
65 0.331001
66 0.288394
67 0.296842
68 0.353814
69 0.509627
70 0.364608
71 0.312205
72 0.403542
73 0.423106
74 0.345383
75 0.25219
76 0.226313
77 0.263353
78 0.328751
79 0.240336
80 0.37616
81 0.447494
82 0.411987
83 0.507653
84 0.377741
85 0.475073
86 0.361214
87 0.330855
88 0.28315
89 0.206282
90 0.320386
91 0.304346
92 0.358965
93 0.261742
94 0.241012
95 0.352007
96 0.304655
97 0.254699
98 0.237588
99 0.344736
100 0.233513
101 0.214187
102 0.289945
103 0.455724
104 0.30112
105 0.242685
106 0.394272
107 0.344259
108 0.232955
109 0.241357
110 0.268763
111 0.296693
112 0.216895
113 0.25375
114 0.25064
115 0.419622
116 0.500871
117 0.534678
118 0.434791
119 0.326043
120 0.441127
121 0.320587
122 0.486186
123 0.382101
124 0.368271
125 0.364583
126 0.41668
127 0.400493
128 0.497471
129 0.472445
130 0.407967
131 0.387539
132 0.347071
133 0.339171
134 0.408258
135 0.322645
136 0.282821
137 0.459494
138 0.549284
139 0.468562
140 0.481032
141 0.527608
142 0.477888
143 0.298726
144 0.328489
145 0.249263
146 0.234153
147 0.433119
148 0.38735
149 0.433492
150 0.303693
151 0.372358
152 0.373486
153 0.43811
154 0.316367
155 0.37863
156 0.383251
157 0.391708
158 0.451576
159 0.511329
160 0.413489
161 0.2749
162 0.280723
163 0.247287
164 0.370436
165 0.45425
166 0.563561
167 0.536636
168 0.432283
169 0.352797
170 0.441602
171 0.479136
172 0.347407
173 0.37808
174 0.356961
175 0.308912
176 0.462112
177 0.294955
178 0.492347
179 0.483281
180 0.589518
181 0.431092
182 0.346674
183 0.483707
184 0.297387
185 0.43285
186 0.278456
187 0.421965
188 0.486201
189 0.431518
190 0.413369
191 0.548422
192 0.471331
193 0.545516
194 0.495885
195 0.415621
196 0.470156
197 0.280545
198 0.269464
199 0.20195
200 0.212528
201 0.374919
202 0.437893
203 0.445096
204 0.417062
205 0.469484
206 0.335316
207 0.240245
208 0.226705
209 0.432077
210 0.524473
211 0.299852
212 0.502659
213 0.440614
214 0.363423
215 0.355447
216 0.497838
217 0.313554
218 0.432696
219 0.475505
220 0.300361
221 0.498145
222 0.445702
223 0.306788
224 0.491172
225 0.413071
226 0.391049
227 0.452808
228 0.380927
229 0.255217
230 0.441047
231 0.488145
232 0.315323
233 0.428475
234 0.425864
235 0.505829
236 0.501046
237 0.591105
238 0.386766
239 0.47187
240 0.534091
241 0.394436
242 0.38045
243 0.269192
244 0.269712
245 0.294372
246 0.242625
247 0.465895
248 0.440017
249 0.291468
250 0.474986
251 0.395648
252 0.540768
253 0.380003
254 0.380882
255 0.301652
256 0.315493
257 0.375211
258 0.388698
259 0.360225
260 0.443166
261 0.500912
262 0.423876
263 0.303377
264 0.348328
265 0.383051
266 0.278758
267 0.484212
268 0.551244
269 0.359687
270 0.474518
271 0.429992
272 0.322194
273 0.342567
274 0.433822
275 0.490255
276 0.565965
277 0.416964
278 0.261127
279 0.485307
280 0.295948
281 0.483889
282 0.511481
283 0.308676
284 0.526067
285 0.311533
286 0.480301
287 0.401947
288 0.501445
289 0.484556
290 0.412461
291 0.5481
292 0.5702
293 0.569327
294 0.40196
295 0.488658
296 0.388541
297 0.460952
298 0.347488
299 0.384386
300 0.512541
301 0.438622
302 0.487865
303 0.419423
304 0.379355
305 0.246436
306 0.389865
307 0.466962
308 0.404518
309 0.447276
310 0.542775
311 0.595069
312 0.440344
313 0.269083
314 0.243709
315 0.249709
316 0.376572
317 0.423104
318 0.549459
319 0.348634
320 0.479633
321 0.412597
322 0.369863
323 0.525403
324 0.357863
325 0.453048
326 0.409494
327 0.445146
328 0.448793
329 0.442054
330 0.365128
331 0.416908
332 0.390591
333 0.377416
334 0.312226
335 0.367148
336 0.237851
337 0.363828
338 0.425812
339 0.337924
340 0.335913
341 0.31826
342 0.386366
343 0.4194
344 0.420199
345 0.299276
346 0.264183
347 0.285849
348 0.462273
349 0.350443
350 0.492586
351 0.347818
352 0.43434
353 0.529349
354 0.320095
355 0.519082
356 0.297049
357 0.366608
358 0.43525
359 0.540557
360 0.436801
361 0.461854
362 0.499524
363 0.338324
364 0.324953
365 0.398905
366 0.275589
367 0.34229
368 0.253003
369 0.397358
370 0.464556
371 0.310827
372 0.38715
373 0.254833
374 0.214622
375 0.253354
376 0.352893
377 0.355042
378 0.424165
379 0.500816
380 0.564751
381 0.520372
382 0.493007
383 0.393649
384 0.253194
385 0.324638
386 0.36632
387 0.272707
388 0.32607
389 0.31689
390 0.473826
391 0.460178
392 0.334707
393 0.283833
394 0.380184
395 0.406757
396 0.355319
397 0.25075
398 0.339322
399 0.36196
400 0.425715
401 0.370262
402 0.476206
403 0.499194
404 0.364205
405 0.43688
406 0.476856
407 0.307597
408 0.499384
409 0.490076
410 0.570226
411 0.47113
412 0.464441
413 0.538189
414 0.511956
415 0.504201
416 0.532509
417 0.404071
418 0.552434
419 0.507113
420 0.586358
421 0.386137
422 0.259072
423 0.404239
424 0.243753
425 0.259596
426 0.326329
427 0.247886
428 0.468365
429 0.389447
430 0.558155
431 0.371692
432 0.278118
433 0.310344
434 0.475469
435 0.510231
436 0.362762
437 0.547096
438 0.522498
439 0.370757
440 0.388855
441 0.459563
442 0.528579
443 0.516363
444 0.564829
445 0.555279
446 0.440551
447 0.336007
448 0.299544
449 0.397693
450 0.286063
451 0.36251
452 0.420837
453 0.460699
454 0.273769
455 0.240285
456 0.23416
457 0.298907
458 0.280931
459 0.400599
460 0.516423
461 0.509052
462 0.309661
463 0.47579
464 0.535003
465 0.457107
466 0.585918
467 0.619003
468 0.47673
469 0.456242
470 0.467941
471 0.334472
472 0.456727
473 0.347594
474 0.525723
475 0.51368
476 0.609238
477 0.580743
478 0.511798
479 0.61618
480 0.336841
481 0.464108
482 0.509984
483 0.538239
484 0.495754
485 0.348316
486 0.48521
487 0.505319
488 0.531365
489 0.363615
490 0.282854
491 0.447781
492 0.410599
493 0.262843
494 0.416204
495 0.294529
496 0.418527
497 0.380809
498 0.286533
499 0.295162
500 0.264037
501 0.375818
502 0.403172
503 0.441328
504 0.282005
505 0.497291
506 0.550356
507 0.53329
508 0.340068
509 0.357402
510 0.271077
511 0.272598
512 0.452656
513 0.37371
514 0.531539
515 0.449669
516 0.562737
517 0.527667
518 0.486033
519 0.488898
520 0.54381
521 0.38924
522 0.368769
523 0.344197
524 0.47026
525 0.321134
526 0.364656
527 0.483784
528 0.442147
529 0.465117
530 0.417642
531 0.487608
532 0.555959
533 0.614197
534 0.574503
535 0.469076
536 0.360781
537 0.423447
538 0.439077
539 0.378469
540 0.539711
541 0.503035
542 0.454795
543 0.344819
544 0.48178
545 0.533483
546 0.339307
547 0.271292
548 0.360411
549 0.416094
550 0.469514
551 0.406524
552 0.336312
553 0.356262
554 0.358521
555 0.49565
556 0.453483
557 0.346735
558 0.476165
559 0.553932
560 0.510672
561 0.427219
562 0.281266
563 0.393295
564 0.414681
565 0.426386
566 0.340377
567 0.407297
568 0.339796
569 0.322637
570 0.452701
571 0.470464
572 0.323334
573 0.329544
574 0.313099
575 0.2027
576 0.353334
577 0.455755
578 0.518608
579 0.3468
580 0.36676
581 0.37265
582 0.271949
583 0.358432
584 0.399505
585 0.540017
586 0.599094
587 0.645016
588 0.613242
589 0.428167
590 0.491683
591 0.383239
592 0.547354
593 0.327501
594 0.552129
595 0.395369
596 0.311715
597 0.454218
598 0.348633
599 0.478776
600 0.443971
601 0.37228
602 0.410805
603 0.480185
604 0.380721
605 0.464175
606 0.358234
607 0.397093
608 0.254171
609 0.45051
610 0.351851
611 0.240005
612 0.427387
613 0.251139
614 0.266348
615 0.318473
616 0.329296
617 0.247649
618 0.246967
619 0.356661
620 0.284886
621 0.271116
622 0.215157
623 0.308989
624 0.325965
625 0.431085
626 0.378852
627 0.548116
628 0.416034
629 0.320276
630 0.297585
631 0.45365
632 0.408346
633 0.357006
634 0.449719
635 0.4262
636 0.31087
637 0.280546
638 0.453221
639 0.341982
640 0.434214
641 0.355363
642 0.346292
643 0.504847
644 0.544875
645 0.523328
646 0.534095
647 0.47068
648 0.526406
649 0.337664
650 0.348408
651 0.301141
652 0.4538
653 0.47041
654 0.514091
655 0.480995
656 0.314049
657 0.384314
658 0.442369
659 0.362637
660 0.41009
661 0.26631
662 0.314435
663 0.281755
664 0.251867
665 0.296483
666 0.407591
667 0.31334
668 0.436792
669 0.448166
670 0.376994
671 0.248684
672 0.258515
673 0.233215
674 0.396016
675 0.336905
676 0.298331
677 0.472344
678 0.538719
679 0.302367
680 0.403136
681 0.431321
682 0.426005
683 0.561527
684 0.36736
685 0.288908
686 0.277772
687 0.371382
688 0.315042
689 0.323282
690 0.279377
691 0.22566
692 0.198179
693 0.347546
694 0.32893
695 0.260826
696 0.272166
697 0.308194
698 0.43817
699 0.387489
700 0.379608
701 0.38797
702 0.415283
703 0.471212
704 0.447234
705 0.428226
706 0.488004
707 0.568023
708 0.468895
709 0.402348
710 0.262586
711 0.245887
712 0.433242
713 0.259928
714 0.386942
715 0.273226
716 0.387497
717 0.505948
718 0.58876
719 0.511541
720 0.589955
721 0.473119
722 0.344564
723 0.303613
724 0.26324
725 0.447672
726 0.522553
727 0.368868
728 0.385132
729 0.515356
730 0.427932
731 0.292329
732 0.339644
733 0.23248
734 0.424676
735 0.342455
736 0.513425
737 0.456454
738 0.394781
739 0.445495
740 0.468625
741 0.392637
742 0.257479
743 0.406013
744 0.245875
745 0.306801
746 0.406028
747 0.272479
748 0.196783
749 0.246737
750 0.381471
751 0.238198
752 0.27513
753 0.391032
754 0.243318
755 0.419832
756 0.363614
757 0.236169
758 0.255891
759 0.376331
760 0.498818
761 0.434729
762 0.582271
763 0.479854
764 0.456314
765 0.279041
766 0.276054
767 0.307363
768 0.206999
769 0.367982
770 0.487553
771 0.499069
772 0.512318
773 0.354652
774 0.255925
775 0.190008
776 0.398209
777 0.322592
778 0.234407
779 0.186729
780 0.223794
781 0.411948
782 0.506392
783 0.327819
784 0.487631
785 0.367309
786 0.295214
787 0.314529
788 0.334885
789 0.400141
790 0.324752
791 0.315916
792 0.455573
793 0.467148
794 0.508208
795 0.398305
796 0.416669
797 0.294483
798 0.32293
799 0.285482
800 0.255941
801 0.23684
802 0.379662
803 0.331812
804 0.228639
805 0.228704
806 0.280479
807 0.230753
808 0.403637
809 0.318272
810 0.382699
811 0.348644
812 0.38868
813 0.483081
814 0.315743
815 0.306282
816 0.356334
817 0.347748
818 0.513848
819 0.565436
820 0.410855
821 0.395917
822 0.326551
823 0.300918
824 0.351668
825 0.260427
826 0.238307
827 0.241802
828 0.205223
829 0.427007
830 0.349969
831 0.400328
832 0.336798
833 0.235962
834 0.439925
835 0.355251
836 0.266396
837 0.256434
838 0.292496
839 0.444714
840 0.358862
841 0.335791
842 0.39547
843 0.305536
844 0.291809
845 0.435333
846 0.392828
847 0.33527
848 0.371998
849 0.334818
850 0.38368
851 0.301428
852 0.221101
853 0.196416
854 0.366683
855 0.40768
856 0.403564
857 0.494655
858 0.384322
859 0.462777
860 0.322672
861 0.343899
862 0.285313
863 0.411405
864 0.332837
865 0.242113
866 0.433253
867 0.411225
868 0.553314
869 0.454642
870 0.396593
871 0.373746
872 0.432691
873 0.380542
874 0.352984
875 0.313556
876 0.283281
877 0.383042
878 0.388247
879 0.305711
880 0.452612
881 0.498322
882 0.438871
883 0.402333
884 0.298707
885 0.342617
886 0.370726
887 0.311985
888 0.305379
889 0.449222
890 0.39791
891 0.367428
892 0.42277
893 0.447382
894 0.416514
895 0.494119
896 0.43355
897 0.465744
898 0.283807
899 0.380515
900 0.287857
901 0.421768
902 0.261243
903 0.275116
904 0.358621
905 0.509343
906 0.547027
907 0.484512
908 0.530204
909 0.500174
910 0.583576
911 0.455095
912 0.536542
913 0.59781
914 0.342755
915 0.540151
916 0.346857
917 0.4327
918 0.410024
919 0.376409
920 0.520009
921 0.332713
922 0.397545
923 0.246883
924 0.260045
925 0.349219
926 0.29675
927 0.412157
928 0.357925
929 0.47824
930 0.343428
931 0.425984
932 0.278069
933 0.27119
934 0.381922
935 0.352657
936 0.298419
937 0.332798
938 0.233288
939 0.393504
940 0.252332
941 0.293063
942 0.401233
943 0.307614
944 0.225484
945 0.29977
946 0.281353
947 0.336015
948 0.228725
949 0.206488
950 0.359247
951 0.451728
952 0.330425
953 0.28108
954 0.462238
955 0.267076
956 0.346902
957 0.282141
958 0.209035
959 0.369876
960 0.397959
961 0.415595
962 0.498709
963 0.46185
964 0.37343
965 0.326488
966 0.271967
967 0.474291
968 0.549258
969 0.514032
970 0.413789
971 0.521506
972 0.541217
973 0.415316
974 0.262396
975 0.22547
976 0.340242
977 0.423722
978 0.387822
979 0.479876
980 0.339183
981 0.407158
982 0.39957
983 0.365753
984 0.457476
985 0.421724
986 0.435117
987 0.380392
988 0.324576
989 0.284185
990 0.290293
991 0.433618
992 0.259188
993 0.312281
994 0.211429
995 0.365113
996 0.438903
997 0.466632
998 0.317159
999 0.241948
1000 0.431922
1001 0.476542
1002 0.521888
1003 0.480846
1004 0.30588
1005 0.519376
1006 0.33795
1007 0.479529
1008 0.39394
1009 0.359221
1010 0.326539
1011 0.386921
1012 0.240932
1013 0.477818
1014 0.351492
1015 0.409929
1016 0.450227
1017 0.387257
1018 0.477158
1019 0.399611
1020 0.394086
1021 0.302393
1022 0.416816
1023 0.290728
1024 0.27465
1025 0.248702
1026 0.281725
1027 0.258223
1028 0.404047
1029 0.296778
1030 0.357538
1031 0.231995
1032 0.288845
1033 0.32476
1034 0.312615
1035 0.258104
1036 0.198319
1037 0.421486
1038 0.426659
1039 0.543374
1040 0.448284
1041 0.44238
1042 0.390117
1043 0.270682
1044 0.44621
1045 0.412745
1046 0.29187
1047 0.241453
1048 0.350022
1049 0.450566
1050 0.475818
1051 0.446414
1052 0.340169
1053 0.300588
1054 0.474153
1055 0.489655
1056 0.577753
1057 0.551328
1058 0.585737
1059 0.332107
1060 0.382061
1061 0.316564
1062 0.293904
1063 0.459678
1064 0.409495
1065 0.31073
1066 0.407334
1067 0.318306
1068 0.256102
1069 0.42098
1070 0.355203
1071 0.416285
1072 0.519775
1073 0.364499
1074 0.557059
1075 0.353726
1076 0.359491
1077 0.388917
1078 0.431998
1079 0.527474
1080 0.379446
1081 0.304288
1082 0.434513
1083 0.374813
1084 0.448768
1085 0.451234
1086 0.563919
1087 0.461423
1088 0.277771
1089 0.375223
1090 0.443177
1091 0.44796
1092 0.375144
1093 0.272927
1094 0.44388
1095 0.287378
1096 0.331099
1097 0.328239
1098 0.469564
1099 0.39896
1100 0.552613
1101 0.314719
1102 0.298427
1103 0.437514
1104 0.446789
1105 0.320077
1106 0.376539
1107 0.405799
1108 0.465973
1109 0.491917
1110 0.594506
1111 0.323766
1112 0.405142
1113 0.34702
1114 0.382962
1115 0.333829
1116 0.225719
1117 0.40336
1118 0.386307
1119 0.306481
1120 0.223065
1121 0.183158
1122 0.419311
1123 0.277328
1124 0.399266
1125 0.506707
1126 0.479238
1127 0.589355
1128 0.481336
1129 0.453828
1130 0.536517
1131 0.437363
1132 0.492415
1133 0.384859
1134 0.439067
1135 0.3526
1136 0.305682
1137 0.476001
1138 0.325591
1139 0.52552
1140 0.554184
1141 0.489665
1142 0.515218
1143 0.524496
1144 0.418626
1145 0.323998
1146 0.508269
1147 0.39347
1148 0.530941
1149 0.296966
1150 0.410005
1151 0.49806
1152 0.456838
1153 0.582542
1154 0.426264
1155 0.379964
1156 0.516787
1157 0.394268
1158 0.37215
1159 0.333679
1160 0.465517
1161 0.417071
1162 0.385535
1163 0.404932
1164 0.473791
1165 0.413916
1166 0.265339
1167 0.415554
1168 0.2988
1169 0.392426
1170 0.280604
1171 0.351968
1172 0.372718
1173 0.517919
1174 0.403954
1175 0.492841
1176 0.505036
1177 0.472669
1178 0.340977
1179 0.336054
1180 0.267989
1181 0.375826
1182 0.313174
1183 0.282348
1184 0.343754
1185 0.375845
1186 0.393433
1187 0.323393
1188 0.280983
1189 0.481186
1190 0.363294
1191 0.424192
1192 0.541035
1193 0.370228
1194 0.237911
1195 0.379595
1196 0.356663
1197 0.45133
1198 0.55678
1199 0.449978
1200 0.509749
1201 0.566244
1202 0.438429
1203 0.301138
1204 0.358649
1205 0.323924
1206 0.340037
1207 0.222765
1208 0.412949
1209 0.418204
1210 0.258918
1211 0.263237
1212 0.277399
1213 0.23656
1214 0.42008
1215 0.251728
1216 0.357463
1217 0.240871
1218 0.428501
1219 0.406461
1220 0.468854
1221 0.413567
1222 0.548049
1223 0.464143
1224 0.399687
1225 0.293844
1226 0.237078
1227 0.354494
1228 0.378302
1229 0.389397
1230 0.405183
1231 0.262392
1232 0.316301
1233 0.404105
1234 0.26942
1235 0.510364
1236 0.541386
1237 0.613359
1238 0.632491
1239 0.56843
1240 0.58651
1241 0.375985
1242 0.33192
1243 0.44156
1244 0.264895
1245 0.298787
1246 0.211111
1247 0.455955
1248 0.476564
1249 0.282563
1250 0.243306
1251 0.232497
1252 0.331497
1253 0.453891
1254 0.383329
1255 0.523068
1256 0.429394
1257 0.557495
1258 0.487833
1259 0.301614
1260 0.2341
1261 0.304853
1262 0.352135
1263 0.224001
1264 0.476844
1265 0.417713
1266 0.516916
1267 0.500129
1268 0.453893
1269 0.290409
1270 0.256985
1271 0.32211
1272 0.412646
1273 0.452905
1274 0.575185
1275 0.308498
1276 0.416083
1277 0.491421
1278 0.531801
1279 0.534287
1280 0.552187
1281 0.404401
1282 0.401844
1283 0.28329
1284 0.463756
1285 0.274822
1286 0.445838
1287 0.386666
1288 0.541233
1289 0.407874
1290 0.435175
1291 0.427245
1292 0.319224
1293 0.427746
1294 0.292408
1295 0.345923
1296 0.365997
1297 0.516136
1298 0.425118
1299 0.477812
1300 0.429831
1301 0.275032
1302 0.477755
1303 0.324537
1304 0.404006
1305 0.500028
1306 0.420504
1307 0.346088
1308 0.327889
1309 0.219241
1310 0.177704
1311 0.18195
1312 0.362779
1313 0.287626
1314 0.27018
1315 0.415512
1316 0.410166
1317 0.371076
1318 0.278919
1319 0.466394
1320 0.278805
1321 0.230471
1322 0.240428
1323 0.309479
1324 0.361292
1325 0.349826
1326 0.265997
1327 0.381811
1328 0.315703
1329 0.384096
1330 0.344701
1331 0.429917
1332 0.308328
1333 0.216475
1334 0.329022
1335 0.391428
1336 0.53705
1337 0.32093
1338 0.217919
1339 0.238196
1340 0.351018
1341 0.333616
1342 0.491007
1343 0.558982
1344 0.367773
1345 0.290713
1346 0.469325
1347 0.446478
1348 0.327409
1349 0.463138
1350 0.281601
1351 0.410051
1352 0.365584
1353 0.367669
1354 0.418578
1355 0.410315
1356 0.448004
1357 0.502775
1358 0.367907
1359 0.497296
1360 0.350414
1361 0.267653
1362 0.269096
1363 0.226924
1364 0.388816
1365 0.27073
1366 0.470391
1367 0.283326
1368 0.337589
1369 0.45873
1370 0.404865
1371 0.472609
1372 0.509155
1373 0.447053
1374 0.433728
1375 0.444343
1376 0.469005
1377 0.319278
1378 0.400149
1379 0.327662
1380 0.229887
1381 0.371179
1382 0.469147
1383 0.511197
1384 0.438713
1385 0.575441
1386 0.447207
1387 0.379662
1388 0.531555
1389 0.405847
1390 0.569331
1391 0.552638
1392 0.50112
1393 0.473953
1394 0.282573
1395 0.423558
1396 0.482824
1397 0.450147
1398 0.510716
1399 0.428298
1400 0.335785
1401 0.370541
1402 0.370063
1403 0.244406
1404 0.46969
1405 0.510779
1406 0.359154
1407 0.367303
1408 0.480337
1409 0.454923
1410 0.41821
1411 0.355251
1412 0.466439
1413 0.332377
1414 0.506172
1415 0.372273
1416 0.37025
1417 0.372792
1418 0.353064
1419 0.238227
1420 0.331699
1421 0.439308
1422 0.33833
1423 0.351805
1424 0.465655
1425 0.323415
1426 0.38521
1427 0.2865
1428 0.341469
1429 0.388885
1430 0.301245
1431 0.243745
1432 0.242522
1433 0.447898
1434 0.296238
1435 0.526939
1436 0.461675
1437 0.269318
1438 0.319275
1439 0.328264
1440 0.388551
1441 0.367802
1442 0.288117
1443 0.349443
1444 0.477032
1445 0.330808
1446 0.334704
1447 0.489055
1448 0.54289
1449 0.569936
1450 0.485676
1451 0.598806
1452 0.390904
1453 0.554888
1454 0.430687
1455 0.412989
1456 0.358545
1457 0.260154
1458 0.454086
1459 0.276429
1460 0.303292
1461 0.451357
1462 0.429014
1463 0.507065
1464 0.432706
1465 0.530787
1466 0.500779
1467 0.468339
1468 0.532722
1469 0.386916
1470 0.450123
1471 0.463106
1472 0.311107
1473 0.300694
1474 0.465734
1475 0.427719
1476 0.35958
1477 0.514399
1478 0.518981
1479 0.56967
1480 0.609142
1481 0.583433
1482 0.509384
1483 0.501846
1484 0.483116
1485 0.458884
1486 0.51508
1487 0.411568
1488 0.274481
1489 0.414809
1490 0.492015
1491 0.30365
1492 0.268605
1493 0.222026
1494 0.423209
1495 0.306639
1496 0.425663
1497 0.331947
1498 0.419582
1499 0.32636
1500 0.433375
1501 0.350876
1502 0.366834
1503 0.316726
1504 0.375609
1505 0.43318
1506 0.388234
1507 0.335583
1508 0.293584
1509 0.357071
1510 0.40384
1511 0.327299
1512 0.328296
1513 0.442179
1514 0.51981
1515 0.570684
1516 0.507217
1517 0.419074
1518 0.490686
1519 0.379951
1520 0.38993
1521 0.354419
1522 0.230511
1523 0.188886
1524 0.252343
1525 0.322022
1526 0.237381
1527 0.287569
1528 0.329846
1529 0.327676
1530 0.383891
1531 0.515006
1532 0.409787
1533 0.534285
1534 0.465746
1535 0.445171
1536 0.477254
1537 0.335248
1538 0.293814
1539 0.227711
1540 0.378974
1541 0.45211
1542 0.4066
1543 0.287492
1544 0.249333
1545 0.216419
1546 0.327404
1547 0.285854
1548 0.448639
1549 0.400348
1550 0.533347
1551 0.32434
1552 0.303117
1553 0.298669
1554 0.450737
1555 0.536064
1556 0.377654
1557 0.546292
1558 0.467716
1559 0.489046
1560 0.330421
1561 0.31691
1562 0.278874
1563 0.433195
1564 0.47759
1565 0.499921
1566 0.421186
1567 0.47228
1568 0.392784
1569 0.269921
1570 0.458622
1571 0.373055
1572 0.298029
1573 0.256762
1574 0.266449
1575 0.321418
1576 0.455089
1577 0.420781
1578 0.303487
1579 0.349973
1580 0.44569
1581 0.446144
1582 0.353972
1583 0.235675
1584 0.460697
1585 0.475936
1586 0.320877
1587 0.250022
1588 0.23365
1589 0.334806
1590 0.288333
1591 0.475787
1592 0.51494
1593 0.490029
1594 0.580296
1595 0.38021
1596 0.450376
1597 0.414611
1598 0.517508
1599 0.373234
1600 0.239629
1601 0.369507
1602 0.352476
1603 0.340559
1604 0.430915
1605 0.403917
1606 0.464769
1607 0.449396
1608 0.581466
1609 0.498451
1610 0.592682
1611 0.501225
1612 0.54645
1613 0.357566
1614 0.479303
1615 0.551148
1616 0.527617
1617 0.358129
1618 0.525019
1619 0.468256
1620 0.346009
1621 0.231925
1622 0.211941
1623 0.210577
1624 0.369679
1625 0.484804
1626 0.559599
1627 0.394185
1628 0.502349
1629 0.335673
1630 0.503753
1631 0.482367
1632 0.386266
1633 0.42172
1634 0.500091
1635 0.320846
1636 0.350182
1637 0.482186
1638 0.442406
1639 0.557638
1640 0.444118
1641 0.532933
1642 0.371272
1643 0.371567
1644 0.276313
1645 0.45618
1646 0.279098
1647 0.444134
1648 0.32355
1649 0.265471
1650 0.207445
1651 0.366411
1652 0.270922
1653 0.440695
1654 0.368788
1655 0.278727
1656 0.218576
1657 0.247281
1658 0.187015
1659 0.228284
1660 0.19296
1661 0.197173
1662 0.245558
1663 0.366505
1664 0.312165
1665 0.30622
1666 0.343476
1667 0.362317
1668 0.31809
1669 0.391589
1670 0.25599
1671 0.492588
1672 0.370522
1673 0.511772
1674 0.381941
1675 0.535695
1676 0.504372
1677 0.295753
1678 0.468648
1679 0.394265
1680 0.384044
1681 0.320696
1682 0.448595
1683 0.332135
1684 0.518625
1685 0.424124
1686 0.437351
1687 0.364122
1688 0.255546
1689 0.336203
1690 0.426516
1691 0.402124
1692 0.488379
1693 0.356461
1694 0.366856
1695 0.455724
1696 0.504604
1697 0.518652
1698 0.323948
1699 0.363498
1700 0.414776
1701 0.324964
1702 0.318846
1703 0.341067
1704 0.347409
1705 0.486136
1706 0.382415
1707 0.508862
1708 0.309466
1709 0.416682
1710 0.363374
1711 0.470706
1712 0.303694
1713 0.310842
1714 0.462532
1715 0.266529
1716 0.465348
1717 0.522302
1718 0.431843
1719 0.361723
1720 0.252639
1721 0.44273
1722 0.38026
1723 0.432204
1724 0.453271
1725 0.510364
1726 0.331539
1727 0.307165
1728 0.353967
1729 0.488285
1730 0.290646
1731 0.309124
1732 0.458128
1733 0.480433
1734 0.516221
1735 0.303825
1736 0.368649
1737 0.310304
1738 0.323971
1739 0.292602
1740 0.416537
1741 0.416603
1742 0.494274
1743 0.374131
1744 0.542047
1745 0.316559
1746 0.318269
1747 0.455157
1748 0.315264
1749 0.316198
1750 0.314387
1751 0.48751
1752 0.392052
1753 0.531516
1754 0.333457
1755 0.41096
1756 0.44403
1757 0.482797
1758 0.510596
1759 0.35222
1760 0.442775
1761 0.320582
1762 0.300754
1763 0.211212
1764 0.412885
1765 0.451339
1766 0.509828
1767 0.458839
1768 0.384401
1769 0.287445
1770 0.49053
1771 0.453104
1772 0.266621
1773 0.403867
1774 0.444142
1775 0.565321
1776 0.597629
1777 0.403557
1778 0.577311
1779 0.611107
1780 0.525975
1781 0.594786
1782 0.437339
1783 0.376481
1784 0.447403
1785 0.339006
1786 0.35389
1787 0.265194
1788 0.346423
1789 0.490877
1790 0.463472
1791 0.315815
1792 0.453549
1793 0.284364
1794 0.329043
1795 0.361505
1796 0.394913
1797 0.288439
1798 0.229098
1799 0.29647
1800 0.416679
1801 0.40208
1802 0.272106
1803 0.337454
1804 0.377837
1805 0.289385
1806 0.425251
1807 0.351987
1808 0.232533
1809 0.409969
1810 0.356418
1811 0.44953
1812 0.515301
1813 0.373715
1814 0.417956
1815 0.424729
1816 0.440176
1817 0.497802
1818 0.339754
1819 0.457231
1820 0.43706
1821 0.471446
1822 0.291692
1823 0.324127
1824 0.43969
1825 0.347882
1826 0.54101
1827 0.440031
1828 0.475387
1829 0.315345
1830 0.370632
1831 0.31853
1832 0.215832
1833 0.225684
1834 0.327255
1835 0.338349
1836 0.226695
1837 0.46319
1838 0.374988
1839 0.536465
1840 0.553094
1841 0.406437
1842 0.37619
1843 0.359026
1844 0.350647
1845 0.449417
1846 0.413427
1847 0.505702
1848 0.525725
1849 0.351937
1850 0.264981
1851 0.328885
1852 0.484674
1853 0.345054
1854 0.315293
1855 0.378586
1856 0.284529
1857 0.48459
1858 0.418231
1859 0.362395
1860 0.273017
1861 0.350938
1862 0.273866
1863 0.315772
1864 0.425623
1865 0.414107
1866 0.349771
1867 0.430985
1868 0.458851
1869 0.579175
1870 0.48845
1871 0.496534
1872 0.537119
1873 0.399226
1874 0.261258
1875 0.397
1876 0.508487
1877 0.409505
1878 0.491339
1879 0.507679
1880 0.361732
1881 0.322336
1882 0.434824
1883 0.429372
1884 0.377204
1885 0.380031
1886 0.305881
1887 0.430197
1888 0.529356
1889 0.332844
1890 0.268579
1891 0.37644
1892 0.403397
1893 0.50201
1894 0.471555
1895 0.424023
1896 0.459017
1897 0.333537
1898 0.349727
1899 0.384503
1900 0.255631
1901 0.272924
1902 0.330164
1903 0.393272
1904 0.380114
1905 0.354243
1906 0.313748
1907 0.375745
1908 0.242763
1909 0.262828
1910 0.208266
1911 0.433259
1912 0.371334
1913 0.382741
1914 0.299013
1915 0.34961
1916 0.475159
1917 0.467904
1918 0.314851
1919 0.336611
1920 0.408922
1921 0.293101
1922 0.328924
1923 0.379522
1924 0.432963
1925 0.41068
1926 0.509524
1927 0.421948
1928 0.455226
1929 0.404147
1930 0.330739
1931 0.412511
1932 0.315876
1933 0.260293
1934 0.354533
1935 0.320827
1936 0.451273
1937 0.437737
1938 0.563524
1939 0.467559
1940 0.465075
1941 0.471453
1942 0.323321
1943 0.387343
1944 0.252455
1945 0.203871
1946 0.391489
1947 0.427153
1948 0.451576
1949 0.365951
1950 0.245599
1951 0.252527
1952 0.452568
1953 0.327537
1954 0.418645
1955 0.376284
1956 0.283535
1957 0.396228
1958 0.289186
1959 0.50272
1960 0.410491
1961 0.422884
1962 0.351964
1963 0.422011
1964 0.456521
1965 0.488674
1966 0.371752
1967 0.375214
1968 0.431464
1969 0.386345
1970 0.42445
1971 0.313581
1972 0.35655
1973 0.327059
1974 0.271957
1975 0.379431
1976 0.448298
1977 0.483355
1978 0.52958
1979 0.321071
1980 0.423516
1981 0.511888
1982 0.540747
1983 0.534806
1984 0.593562
1985 0.414354
1986 0.526341
1987 0.322047
1988 0.322177
1989 0.286576
1990 0.40167
1991 0.403028
1992 0.382552
1993 0.408413
1994 0.264336
1995 0.209999
1996 0.355988
1997 0.48128
1998 0.278793
1999 0.491091
2000 0.378769
2001 0.285966
2002 0.311617
2003 0.229143
2004 0.455039
2005 0.533573
2006 0.576621
2007 0.44592
2008 0.557074
2009 0.435068
2010 0.40478
2011 0.372471
2012 0.344108
2013 0.283603
2014 0.221912
2015 0.356125
2016 0.438813
2017 0.543761
2018 0.533509
2019 0.449765
2020 0.513079
2021 0.306016
2022 0.434785
2023 0.347283
2024 0.30028
2025 0.432271
2026 0.386455
2027 0.313114
2028 0.325269
2029 0.448734
2030 0.328591
2031 0.468228
2032 0.524073
2033 0.366648
2034 0.44253
2035 0.423959
2036 0.393374
2037 0.448766
2038 0.363945
2039 0.341699
2040 0.473621
2041 0.502846
2042 0.604427
2043 0.506398
2044 0.43188
2045 0.477329
2046 0.556509
2047 0.588071
2048 0.414224
2049 0.257086
2050 0.362092
2051 0.267088
2052 0.210455
2053 0.181754
2054 0.317941
2055 0.377384
2056 0.520775
2057 0.590152
2058 0.56202
2059 0.463429
2060 0.569672
2061 0.617464
2062 0.518119
2063 0.458236
2064 0.518746
2065 0.5902
2066 0.541976
2067 0.431472
2068 0.343484
2069 0.431225
2070 0.444072
2071 0.283787
2072 0.216225
2073 0.340911
2074 0.360132
2075 0.464173
2076 0.50346
2077 0.414132
2078 0.402441
2079 0.413936
2080 0.448657
2081 0.461414
2082 0.411544
2083 0.459003
2084 0.533011
2085 0.417505
2086 0.420239
2087 0.461502
2088 0.381047
2089 0.297709
2090 0.296761
2091 0.211042
2092 0.200883
2093 0.209749
2094 0.297015
2095 0.385664
2096 0.30499
2097 0.497891
2098 0.559731
2099 0
