0 -1.1195
1 -0.112535
2 0.143056
3 0.184274
4 0.187768
5 0.180216
6 0.17608
7 0.176479
8 0.171541
9 0.172606
10 0.178758
11 0.186074
12 0.174621
13 0.177538
14 0.183894
15 0.176654
16 0.187325
17 0.170964
18 0.182154
19 0.170282
20 0.175615
21 0.183279
22 0.17964
23 0.173642
24 0.177569
25 0.178557
26 0.18439
27 0.182647
28 0.178399
29 0.176112
30 0.172919
31 0.181912
32 0.178209
33 0.171738
34 0.171673
35 0.170274
36 0.179058
37 0.188254
38 0.175162
39 0.174153
40 0.183274
41 0.189454
42 0.185534
43 0.18915
44 0.18399
45 0.184876
46 0.18385
47 0.185404
48 0.172388
49 0.168853
50 0.186607
51 0.174899
52 0.177226
53 0.183317
54 0.169771
55 0.179853
56 0.179003
57 0.175443
58 0.179579
59 0.169292
60 0.165935
61 0.165211
62 0.182286
63 0.171385
64 0.17829
65 0.176135
66 0.172248
67 0.172504
68 0.175755
69 0.188962
70 0.177531
71 0.171615
72 0.179317
73 0.181971
74 0.17629
75 0.169505
76 0.16804
77 0.171146
78 0.177689
79 0.16926
80 0.177649
81 0.184728
82 0.178896
83 0.185969
84 0.175523
85 0.182957
86 0.175661
87 0.174059
88 0.172442
89 0.165701
90 0.176224
91 0.174548
92 0.178698
93 0.171496
94 0.168609
95 0.178429
96 0.174967
97 0.171166
98 0.168757
99 0.178663
100 0.170232
101 0.167463
102 0.172617
103 0.187394
104 0.174325
105 0.167257
106 0.181228
107 0.178351
108 0.168972
109 0.169469
110 0.17237
111 0.175157
112 0.168177
113 0.171485
114 0.169786
115 0.181325
116 0.187571
117 0.187984
118 0.179826
119 0.171069
120 0.181906
121 0.172438
122 0.184185
123 0.177828
124 0.175853
125 0.17587
126 0.180381
127 0.178071
128 0.184434
129 0.183521
130 0.177572
131 0.177094
132 0.174943
133 0.174343
134 0.180867
135 0.174773
136 0.169853
137 0.183597
138 0.190705
139 0.18195
140 0.180482
141 0.185356
142 0.183164
143 0.170164
144 0.174174
145 0.169991
146 0.167499
147 0.183998
148 0.179638
149 0.181996
150 0.171542
151 0.176791
152 0.177732
153 0.182747
154 0.173096
155 0.176872
156 0.178548
157 0.178121
158 0.181478
159 0.186684
160 0.179781
161 0.169373
162 0.171518
163 0.169149
164 0.177888
165 0.1838
166 0.189625
167 0.186668
168 0.178658
169 0.172599
170 0.180383
171 0.185198
172 0.174499
173 0.176553
174 0.17659
175 0.171704
176 0.185113
177 0.170926
178 0.183427
179 0.184141
180 0.190568
181 0.178874
182 0.171497
183 0.185418
184 0.170497
185 0.181268
186 0.169544
187 0.17914
188 0.186592
189 0.180544
190 0.177014
191 0.187733
192 0.181102
193 0.185405
194 0.183581
195 0.176615
196 0.183026
197 0.170349
198 0.170618
199 0.167163
200 0.166638
201 0.179845
202 0.184303
203 0.182422
204 0.178642
205 0.183465
206 0.174855
207 0.168302
208 0.166701
209 0.182835
210 0.191524
211 0.170727
212 0.184187
213 0.182098
214 0.175456
215 0.173741
216 0.187426
217 0.171925
218 0.178895
219 0.186022
220 0.170431
221 0.184317
222 0.183616
223 0.17036
224 0.184427
225 0.179913
226 0.176542
227 0.182683
228 0.17842
229 0.167396
230 0.181705
231 0.18846
232 0.172256
233 0.179322
234 0.18022
235 0.184777
236 0.183267
237 0.190582
238 0.174118
239 0.179358
240 0.188421
241 0.177167
242 0.176688
243 0.16986
244 0.170728
245 0.174346
246 0.168362
247 0.18569
248 0.184741
249 0.170197
250 0.184028
251 0.177593
252 0.187467
253 0.176219
254 0.176514
255 0.172267
256 0.172775
257 0.178498
258 0.179567
259 0.175797
260 0.18116
261 0.186204
262 0.180577
263 0.170918
264 0.174411
265 0.180113
266 0.169814
267 0.183879
268 0.191883
269 0.174258
270 0.181576
271 0.181018
272 0.172864
273 0.173727
274 0.181639
275 0.18472
276 0.189579
277 0.179429
278 0.165882
279 0.186328
280 0.17095
281 0.182143
282 0.189055
283 0.170319
284 0.187058
285 0.170882
286 0.182524
287 0.178086
288 0.184088
289 0.184065
290 0.176565
291 0.185959
292 0.188655
293 0.187383
294 0.174779
295 0.182338
296 0.175947
297 0.182192
298 0.174669
299 0.175761
300 0.187192
301 0.180656
302 0.18276
303 0.178677
304 0.177275
305 0.166996
306 0.177729
307 0.186482
308 0.178918
309 0.179641
310 0.186832
311 0.190846
312 0.180043
313 0.168652
314 0.168479
315 0.169349
316 0.179391
317 0.181233
318 0.190524
319 0.173543
320 0.182103
321 0.179328
322 0.174157
323 0.187994
324 0.174623
325 0.180551
326 0.178522
327 0.1804
328 0.181314
329 0.181319
330 0.174883
331 0.179253
332 0.177969
333 0.177631
334 0.172469
335 0.178544
336 0.167961
337 0.176589
338 0.183722
339 0.175774
340 0.174578
341 0.17329
342 0.178592
343 0.18131
344 0.181406
345 0.172499
346 0.169676
347 0.171102
348 0.186379
349 0.175851
350 0.184625
351 0.174071
352 0.178777
353 0.18989
354 0.171168
355 0.186202
356 0.170445
357 0.174601
358 0.181426
359 0.189538
360 0.179706
361 0.180126
362 0.185124
363 0.173138
364 0.172228
365 0.180946
366 0.170698
367 0.176583
368 0.16881
369 0.179085
370 0.186725
371 0.172886
372 0.17871
373 0.169875
374 0.167035
375 0.170721
376 0.178454
377 0.177428
378 0.180349
379 0.185479
380 0.188602
381 0.184245
382 0.182422
383 0.177014
384 0.167104
385 0.173428
386 0.179811
387 0.171441
388 0.174974
389 0.173414
390 0.185069
391 0.184644
392 0.174231
393 0.170098
394 0.178245
395 0.181481
396 0.177346
397 0.168255
398 0.175191
399 0.178032
400 0.182213
401 0.176247
402 0.182763
403 0.186182
404 0.174498
405 0.179263
406 0.185275
407 0.170435
408 0.183646
409 0.184669
410 0.188617
411 0.180523
412 0.178976
413 0.185761
414 0.183974
415 0.182186
416 0.185875
417 0.174861
418 0.1861
419 0.183584
420 0.189388
421 0.176246
422 0.166385
423 0.18123
424 0.169794
425 0.169127
426 0.177191
427 0.168877
428 0.184935
429 0.178172
430 0.18921
431 0.176608
432 0.169391
433 0.171774
434 0.185699
435 0.188473
436 0.17379
437 0.186148
438 0.187471
439 0.174807
440 0.175521
441 0.182217
442 0.186873
443 0.183652
444 0.186043
445 0.186688
446 0.178871
447 0.17268
448 0.170645
449 0.18057
450 0.171805
451 0.176272
452 0.181276
453 0.185323
454 0.170721
455 0.168894
456 0.168928
457 0.17448
458 0.172145
459 0.179262
460 0.188332
461 0.187472
462 0.170394
463 0.181307
464 0.188774
465 0.179817
466 0.187033
467 0.191271
468 0.179856
469 0.17836
470 0.182318
471 0.172079
472 0.182414
473 0.173596
474 0.185648
475 0.185464
476 0.189321
477 0.187257
478 0.180973
479 0.190785
480 0.170217
481 0.178918
482 0.185953
483 0.186946
484 0.183471
485 0.172138
486 0.182267
487 0.185135
488 0.186803
489 0.175193
490 0.168032
491 0.183319
492 0.18233
493 0.16863
494 0.181092
495 0.171155
496 0.180108
497 0.179509
498 0.171722
499 0.172991
500 0.170346
501 0.178515
502 0.180359
503 0.183329
504 0.169235
505 0.183936
506 0.190189
507 0.187216
508 0.172353
509 0.175199
510 0.169793
511 0.169786
512 0.185403
513 0.177336
514 0.186489
515 0.180323
516 0.186966
517 0.185102
518 0.180873
519 0.180954
520 0.18713
521 0.176141
522 0.174915
523 0.173578
524 0.185231
525 0.173499
526 0.174632
527 0.18589
528 0.181666
529 0.181572
530 0.178163
531 0.18219
532 0.187216
533 0.190098
534 0.186585
535 0.179771
536 0.17258
537 0.178914
538 0.182147
539 0.175278
540 0.186957
541 0.185185
542 0.180574
543 0.17222
544 0.182595
545 0.18961
546 0.174301
547 0.168624
548 0.176952
549 0.181095
550 0.184274
551 0.179113
552 0.173664
553 0.175676
554 0.175323
555 0.186172
556 0.183252
557 0.173338
558 0.181984
559 0.189105
560 0.184835
561 0.179163
562 0.168144
563 0.177805
564 0.181081
565 0.181286
566 0.173876
567 0.179717
568 0.175283
569 0.172619
570 0.182742
571 0.185568
572 0.173297
573 0.173591
574 0.174839
575 0.165969
576 0.176128
577 0.18529
578 0.188999
579 0.174419
580 0.175261
581 0.178332
582 0.169901
583 0.176181
584 0.179103
585 0.187862
586 0.190283
587 0.190611
588 0.188475
589 0.175025
590 0.182148
591 0.174226
592 0.188407
593 0.171132
594 0.186792
595 0.178649
596 0.170533
597 0.183829
598 0.174997
599 0.182996
600 0.182382
601 0.175523
602 0.177734
603 0.185501
604 0.176049
605 0.1824
606 0.175251
607 0.178901
608 0.167694
609 0.183235
610 0.177935
611 0.167107
612 0.183727
613 0.170079
614 0.170537
615 0.175189
616 0.177211
617 0.170749
618 0.169358
619 0.178895
620 0.173498
621 0.172252
622 0.167316
623 0.174596
624 0.175611
625 0.18255
626 0.17675
627 0.188617
628 0.180172
629 0.172184
630 0.170314
631 0.184253
632 0.181282
633 0.174685
634 0.181963
635 0.181526
636 0.172769
637 0.169419
638 0.185254
639 0.175306
640 0.180702
641 0.175988
642 0.173405
643 0.18581
644 0.188752
645 0.184134
646 0.184318
647 0.179903
648 0.185799
649 0.172708
650 0.174236
651 0.171328
652 0.182801
653 0.183837
654 0.185404
655 0.183521
656 0.170597
657 0.17607
658 0.183207
659 0.17633
660 0.179875
661 0.1697
662 0.173896
663 0.172933
664 0.170363
665 0.172411
666 0.182696
667 0.173347
668 0.18089
669 0.1835
670 0.178192
671 0.168855
672 0.170712
673 0.167743
674 0.181434
675 0.177197
676 0.171416
677 0.18396
678 0.191081
679 0.171302
680 0.177479
681 0.181652
682 0.178943
683 0.190003
684 0.175931
685 0.16988
686 0.170615
687 0.179189
688 0.174927
689 0.17481
690 0.172713
691 0.168906
692 0.166066
693 0.178173
694 0.177777
695 0.170834
696 0.171742
697 0.173599
698 0.183692
699 0.178959
700 0.177189
701 0.177392
702 0.179404
703 0.183468
704 0.181338
705 0.178914
706 0.182286
707 0.189067
708 0.181706
709 0.177662
710 0.1689
711 0.167136
712 0.185451
713 0.170544
714 0.179095
715 0.170377
716 0.177178
717 0.187038
718 0.190999
719 0.182329
720 0.18781
721 0.181189
722 0.172704
723 0.171904
724 0.168709
725 0.182505
726 0.190054
727 0.176282
728 0.175119
729 0.18723
730 0.181416
731 0.170302
732 0.175649
733 0.166819
734 0.182059
735 0.175202
736 0.186248
737 0.183077
738 0.176429
739 0.180377
740 0.183568
741 0.178653
742 0.16743
743 0.18101
744 0.169333
745 0.171887
746 0.182947
747 0.172582
748 0.166193
749 0.169199
750 0.182294
751 0.170185
752 0.170336
753 0.182349
754 0.168558
755 0.180716
756 0.179409
757 0.168838
758 0.169359
759 0.178439
760 0.188271
761 0.180106
762 0.188612
763 0.182046
764 0.181051
765 0.169274
766 0.170209
767 0.175478
768 0.166382
769 0.177099
770 0.187874
771 0.185576
772 0.185013
773 0.175102
774 0.168364
775 0.163529
776 0.182051
777 0.177189
778 0.169765
779 0.166468
780 0.167935
781 0.182001
782 0.190272
783 0.173412
784 0.183967
785 0.176778
786 0.171137
787 0.173589
788 0.175225
789 0.180862
790 0.174767
791 0.172286
792 0.183572
793 0.183361
794 0.185453
795 0.176896
796 0.179425
797 0.170999
798 0.17402
799 0.172927
800 0.171168
801 0.168342
802 0.18034
803 0.177524
804 0.169149
805 0.16883
806 0.174007
807 0.168085
808 0.181756
809 0.174973
810 0.178422
811 0.175842
812 0.177509
813 0.186747
814 0.173279
815 0.17149
816 0.177088
817 0.17476
818 0.18621
819 0.191058
820 0.17763
821 0.176606
822 0.173363
823 0.171792
824 0.177625
825 0.171352
826 0.169792
827 0.170683
828 0.166245
829 0.184089
830 0.178017
831 0.179229
832 0.175901
833 0.166643
834 0.183513
835 0.178499
836 0.170886
837 0.170228
838 0.171892
839 0.184744
840 0.177856
841 0.17384
842 0.179891
843 0.173311
844 0.1708
845 0.182987
846 0.180317
847 0.174157
848 0.17774
849 0.174617
850 0.178752
851 0.173928
852 0.168049
853 0.165241
854 0.179412
855 0.182746
856 0.17862
857 0.185716
858 0.176297
859 0.182388
860 0.172959
861 0.175084
862 0.170631
863 0.18132
864 0.176588
865 0.167403
866 0.182718
867 0.180269
868 0.188526
869 0.181648
870 0.176274
871 0.175384
872 0.181126
873 0.177867
874 0.175445
875 0.173646
876 0.171248
877 0.179005
878 0.180192
879 0.171959
880 0.182196
881 0.186717
882 0.18038
883 0.178382
884 0.170911
885 0.174568
886 0.178638
887 0.173996
888 0.171985
889 0.183799
890 0.179935
891 0.175612
892 0.179963
893 0.182196
894 0.178532
895 0.184104
896 0.179287
897 0.182845
898 0.169355
899 0.177833
900 0.170717
901 0.182162
902 0.170303
903 0.170471
904 0.176987
905 0.187795
906 0.188843
907 0.181724
908 0.184097
909 0.181727
910 0.188681
911 0.178439
912 0.183393
913 0.191477
914 0.170682
915 0.186128
916 0.173088
917 0.179293
918 0.179775
919 0.17533
920 0.188038
921 0.173358
922 0.178851
923 0.16871
924 0.169282
925 0.17837
926 0.172698
927 0.181189
928 0.176094
929 0.185035
930 0.174213
931 0.180801
932 0.171154
933 0.169441
934 0.179665
935 0.177881
936 0.172821
937 0.176285
938 0.167055
939 0.181551
940 0.17017
941 0.171438
942 0.182252
943 0.175277
944 0.167558
945 0.174253
946 0.173041
947 0.177177
948 0.169401
949 0.166067
950 0.178259
951 0.186684
952 0.175835
953 0.169376
954 0.186296
955 0.170222
956 0.175354
957 0.172833
958 0.166098
959 0.178688
960 0.181318
961 0.179635
962 0.18506
963 0.183005
964 0.175764
965 0.173729
966 0.168659
967 0.184379
968 0.190673
969 0.185389
970 0.176027
971 0.183974
972 0.18771
973 0.179244
974 0.169005
975 0.166191
976 0.176162
977 0.183454
978 0.178128
979 0.184597
980 0.173625
981 0.178281
982 0.179381
983 0.175734
984 0.182592
985 0.179885
986 0.180619
987 0.177335
988 0.173826
989 0.171481
990 0.171302
991 0.184702
992 0.170621
993 0.174581
994 0.166131
995 0.177319
996 0.184368
997 0.185018
998 0.174014
999 0.166212
1000 0.182339
1001 0.185673
1002 0.186213
1003 0.183335
1004 0.169104
1005 0.186725
1006 0.173231
1007 0.182769
1008 0.178579
1009 0.17547
1010 0.173112
1011 0.180202
1012 0.166857
1013 0.185226
1014 0.176471
1015 0.178313
1016 0.182881
1017 0.176887
1018 0.183671
1019 0.177953
1020 0.178159
1021 0.170888
1022 0.180984
1023 0.172583
1024 0.171522
1025 0.169994
1026 0.173209
1027 0.169929
1028 0.182123
1029 0.17326
1030 0.177893
1031 0.168147
1032 0.172566
1033 0.176416
1034 0.175611
1035 0.171371
1036 0.164897
1037 0.18309
1038 0.182485
1039 0.188455
1040 0.180495
1041 0.179654
1042 0.177586
1043 0.168167
1044 0.182758
1045 0.182357
1046 0.172667
1047 0.167812
1048 0.176259
1049 0.184569
1050 0.18449
1051 0.181486
1052 0.174001
1053 0.170057
1054 0.184542
1055 0.185182
1056 0.188527
1057 0.184962
1058 0.189026
1059 0.170567
1060 0.175685
1061 0.173266
1062 0.170813
1063 0.184593
1064 0.181447
1065 0.172197
1066 0.179982
1067 0.174705
1068 0.168254
1069 0.182503
1070 0.17679
1071 0.178604
1072 0.188423
1073 0.174253
1074 0.188227
1075 0.174444
1076 0.173769
1077 0.178316
1078 0.180635
1079 0.187893
1080 0.17689
1081 0.170321
1082 0.182463
1083 0.177187
1084 0.180965
1085 0.180961
1086 0.188993
1087 0.182733
1088 0.168442
1089 0.175722
1090 0.183123
1091 0.182961
1092 0.177339
1093 0.168427
1094 0.183779
1095 0.172084
1096 0.174279
1097 0.173991
1098 0.185338
1099 0.177897
1100 0.189105
1101 0.172238
1102 0.16933
1103 0.182821
1104 0.184323
1105 0.172906
1106 0.176328
1107 0.179411
1108 0.182708
1109 0.18343
1110 0.19186
1111 0.171035
1112 0.177103
1113 0.174851
1114 0.178371
1115 0.176099
1116 0.16635
1117 0.180776
1118 0.180546
1119 0.174519
1120 0.168345
1121 0.163409
1122 0.185014
1123 0.172171
1124 0.17765
1125 0.187703
1126 0.182912
1127 0.188758
1128 0.181517
1129 0.178086
1130 0.18679
1131 0.178801
1132 0.183217
1133 0.175468
1134 0.180543
1135 0.175697
1136 0.170752
1137 0.185988
1138 0.17274
1139 0.184918
1140 0.189313
1141 0.182121
1142 0.182782
1143 0.185457
1144 0.178098
1145 0.170246
1146 0.186581
1147 0.177292
1148 0.187608
1149 0.16992
1150 0.176741
1151 0.187031
1152 0.181317
1153 0.18932
1154 0.178511
1155 0.173394
1156 0.186881
1157 0.177973
1158 0.17574
1159 0.173108
1160 0.183841
1161 0.180479
1162 0.176782
1163 0.17811
1164 0.183829
1165 0.180671
1166 0.167985
1167 0.180914
1168 0.172268
1169 0.179394
1170 0.171276
1171 0.175551
1172 0.177215
1173 0.188152
1174 0.178205
1175 0.18236
1176 0.184795
1177 0.182761
1178 0.173222
1179 0.174496
1180 0.169583
1181 0.178994
1182 0.174767
1183 0.171646
1184 0.17597
1185 0.178721
1186 0.180017
1187 0.174623
1188 0.169791
1189 0.18683
1190 0.17702
1191 0.178081
1192 0.189545
1193 0.177176
1194 0.166399
1195 0.178504
1196 0.177042
1197 0.181337
1198 0.189996
1199 0.180104
1200 0.182243
1201 0.188782
1202 0.179991
1203 0.169512
1204 0.176509
1205 0.174611
1206 0.176671
1207 0.166427
1208 0.180833
1209 0.183845
1210 0.170557
1211 0.170183
1212 0.173094
1213 0.168142
1214 0.184132
1215 0.169849
1216 0.177378
1217 0.167838
1218 0.181816
1219 0.180769
1220 0.183294
1221 0.177826
1222 0.187102
1223 0.182219
1224 0.177634
1225 0.171219
1226 0.167304
1227 0.177147
1228 0.179842
1229 0.17888
1230 0.180597
1231 0.16949
1232 0.172835
1233 0.182344
1234 0.169809
1235 0.185028
1236 0.188716
1237 0.189849
1238 0.189888
1239 0.184015
1240 0.187344
1241 0.173478
1242 0.170849
1243 0.184011
1244 0.169983
1245 0.173246
1246 0.165639
1247 0.184362
1248 0.188354
1249 0.172244
1250 0.169015
1251 0.167484
1252 0.175284
1253 0.186066
1254 0.17769
1255 0.186115
1256 0.178664
1257 0.187136
1258 0.184196
1259 0.171558
1260 0.16624
1261 0.173334
1262 0.179739
1263 0.166877
1264 0.185345
1265 0.180876
1266 0.185035
1267 0.184141
1268 0.181544
1269 0.170608
1270 0.168447
1271 0.174062
1272 0.181517
1273 0.182394
1274 0.191655
1275 0.170967
1276 0.176794
1277 0.185255
1278 0.186731
1279 0.184405
1280 0.186581
1281 0.175941
1282 0.177711
1283 0.168648
1284 0.185207
1285 0.169719
1286 0.181047
1287 0.177362
1288 0.188137
1289 0.178337
1290 0.178974
1291 0.180812
1292 0.171765
1293 0.181361
1294 0.171727
1295 0.175055
1296 0.176308
1297 0.188198
1298 0.179801
1299 0.181997
1300 0.180795
1301 0.167849
1302 0.184949
1303 0.173878
1304 0.177132
1305 0.186882
1306 0.180677
1307 0.174074
1308 0.174845
1309 0.167767
1310 0.165595
1311 0.165044
1312 0.180254
1313 0.174709
1314 0.170328
1315 0.181828
1316 0.181761
1317 0.177986
1318 0.169147
1319 0.185997
1320 0.17154
1321 0.168306
1322 0.169532
1323 0.174694
1324 0.178592
1325 0.177879
1326 0.170014
1327 0.179315
1328 0.173925
1329 0.17877
1330 0.175425
1331 0.182186
1332 0.174318
1333 0.165943
1334 0.175534
1335 0.17951
1336 0.190873
1337 0.17399
1338 0.166742
1339 0.168675
1340 0.178346
1341 0.175236
1342 0.184798
1343 0.19141
1344 0.17626
1345 0.168364
1346 0.184389
1347 0.183887
1348 0.172496
1349 0.183849
1350 0.169472
1351 0.178902
1352 0.177359
1353 0.176224
1354 0.180617
1355 0.179169
1356 0.180823
1357 0.185862
1358 0.17454
1359 0.184504
1360 0.175602
1361 0.16941
1362 0.171781
1363 0.167327
1364 0.181301
1365 0.170578
1366 0.185484
1367 0.171702
1368 0.173076
1369 0.184763
1370 0.179514
1371 0.181884
1372 0.185348
1373 0.18034
1374 0.17854
1375 0.180175
1376 0.183539
1377 0.171737
1378 0.178592
1379 0.175515
1380 0.166899
1381 0.177319
1382 0.185746
1383 0.186923
1384 0.178648
1385 0.188692
1386 0.180521
1387 0.173275
1388 0.187246
1389 0.176924
1390 0.186761
1391 0.187706
1392 0.182456
1393 0.18212
1394 0.167721
1395 0.178546
1396 0.186285
1397 0.181219
1398 0.184498
1399 0.179627
1400 0.172822
1401 0.176332
1402 0.178601
1403 0.167108
1404 0.18343
1405 0.189339
1406 0.175805
1407 0.174247
1408 0.184659
1409 0.182503
1410 0.179044
1411 0.173979
1412 0.183962
1413 0.172467
1414 0.185775
1415 0.17664
1416 0.175709
1417 0.177323
1418 0.177116
1419 0.167606
1420 0.174482
1421 0.184965
1422 0.175856
1423 0.174283
1424 0.185274
1425 0.17377
1426 0.178239
1427 0.171221
1428 0.17475
1429 0.180648
1430 0.173874
1431 0.169827
1432 0.168251
1433 0.18619
1434 0.171993
1435 0.186214
1436 0.185423
1437 0.169501
1438 0.173417
1439 0.174516
1440 0.179316
1441 0.178339
1442 0.171347
1443 0.175001
1444 0.187069
1445 0.174882
1446 0.17232
1447 0.185013
1448 0.188542
1449 0.187805
1450 0.18016
1451 0.18972
1452 0.173422
1453 0.186101
1454 0.178932
1455 0.178042
1456 0.176008
1457 0.167686
1458 0.185284
1459 0.171534
1460 0.170878
1461 0.184932
1462 0.181234
1463 0.18492
1464 0.178539
1465 0.185202
1466 0.183961
1467 0.179742
1468 0.186234
1469 0.175313
1470 0.179812
1471 0.18382
1472 0.171959
1473 0.17038
1474 0.185315
1475 0.182747
1476 0.173863
1477 0.185335
1478 0.185792
1479 0.186784
1480 0.188866
1481 0.186474
1482 0.180999
1483 0.181675
1484 0.181585
1485 0.179723
1486 0.185306
1487 0.179184
1488 0.168072
1489 0.17883
1490 0.188625
1491 0.173078
1492 0.170295
1493 0.165901
1494 0.183987
1495 0.17362
1496 0.180759
1497 0.174273
1498 0.180776
1499 0.173248
1500 0.181354
1501 0.175845
1502 0.176633
1503 0.173071
1504 0.177576
1505 0.182248
1506 0.178785
1507 0.174822
1508 0.171101
1509 0.176477
1510 0.181266
1511 0.174909
1512 0.173313
1513 0.181763
1514 0.187039
1515 0.188901
1516 0.183668
1517 0.176363
1518 0.183858
1519 0.175855
1520 0.17694
1521 0.17678
1522 0.16863
1523 0.16521
1524 0.170582
1525 0.177935
1526 0.170134
1527 0.17283
1528 0.176653
1529 0.174962
1530 0.177671
1531 0.188326
1532 0.178034
1533 0.185674
1534 0.181812
1535 0.179102
1536 0.183204
1537 0.173679
1538 0.171967
1539 0.166599
1540 0.17866
1541 0.185465
1542 0.18088
1543 0.171725
1544 0.169667
1545 0.166683
1546 0.176691
1547 0.17221
1548 0.183553
1549 0.178965
1550 0.188692
1551 0.173223
1552 0.17105
1553 0.171338
1554 0.182878
1555 0.190275
1556 0.175056
1557 0.186212
1558 0.181725
1559 0.183445
1560 0.172341
1561 0.172876
1562 0.170063
1563 0.182081
1564 0.185434
1565 0.185093
1566 0.177899
1567 0.182519
1568 0.178137
1569 0.167907
1570 0.183906
1571 0.178722
1572 0.172691
1573 0.169963
1574 0.171202
1575 0.174337
1576 0.185035
1577 0.182402
1578 0.17192
1579 0.174387
1580 0.183136
1581 0.183327
1582 0.176693
1583 0.165471
1584 0.183805
1585 0.187567
1586 0.174539
1587 0.169087
1588 0.167395
1589 0.177125
1590 0.172087
1591 0.184444
1592 0.188132
1593 0.182262
1594 0.189381
1595 0.174214
1596 0.179396
1597 0.178136
1598 0.186642
1599 0.177527
1600 0.166581
1601 0.177582
1602 0.177865
1603 0.174762
1604 0.181548
1605 0.179098
1606 0.182129
1607 0.180556
1608 0.189167
1609 0.181985
1610 0.187749
1611 0.181821
1612 0.186036
1613 0.172373
1614 0.18046
1615 0.188621
1616 0.186816
1617 0.172093
1618 0.185051
1619 0.183665
1620 0.175046
1621 0.167427
1622 0.167604
1623 0.166981
1624 0.178237
1625 0.186727
1626 0.190635
1627 0.176115
1628 0.184256
1629 0.171432
1630 0.183659
1631 0.185387
1632 0.17621
1633 0.177816
1634 0.186994
1635 0.17289
1636 0.172909
1637 0.185791
1638 0.181096
1639 0.187964
1640 0.178696
1641 0.185579
1642 0.174851
1643 0.176308
1644 0.168799
1645 0.184929
1646 0.170162
1647 0.181556
1648 0.174898
1649 0.171137
1650 0.165768
1651 0.179711
1652 0.170852
1653 0.182624
1654 0.178955
1655 0.171984
1656 0.167673
1657 0.171374
1658 0.166871
1659 0.170293
1660 0.167757
1661 0.167631
1662 0.1705
1663 0.180172
1664 0.175323
1665 0.173602
1666 0.17643
1667 0.178076
1668 0.173544
1669 0.180079
1670 0.168301
1671 0.185963
1672 0.176743
1673 0.185704
1674 0.175346
1675 0.185648
1676 0.186788
1677 0.169206
1678 0.182425
1679 0.178663
1680 0.177213
1681 0.172611
1682 0.183427
1683 0.173011
1684 0.185761
1685 0.18043
1686 0.180227
1687 0.176503
1688 0.168182
1689 0.174314
1690 0.183066
1691 0.178983
1692 0.184886
1693 0.175143
1694 0.174619
1695 0.182613
1696 0.185591
1697 0.186398
1698 0.171786
1699 0.174679
1700 0.181453
1701 0.174401
1702 0.173485
1703 0.1757
1704 0.175153
1705 0.186136
1706 0.176834
1707 0.185942
1708 0.170928
1709 0.178967
1710 0.175775
1711 0.184707
1712 0.172088
1713 0.171013
1714 0.186793
1715 0.169343
1716 0.181082
1717 0.189247
1718 0.180856
1719 0.175802
1720 0.166813
1721 0.182704
1722 0.178463
1723 0.180097
1724 0.181514
1725 0.186963
1726 0.173262
1727 0.170955
1728 0.175144
1729 0.188275
1730 0.171786
1731 0.170819
1732 0.184222
1733 0.185076
1734 0.186708
1735 0.170387
1736 0.17586
1737 0.173398
1738 0.174752
1739 0.171568
1740 0.181065
1741 0.180546
1742 0.18562
1743 0.174786
1744 0.188398
1745 0.171737
1746 0.170471
1747 0.185182
1748 0.174204
1749 0.173027
1750 0.172646
1751 0.186858
1752 0.177806
1753 0.187485
1754 0.172517
1755 0.177672
1756 0.181572
1757 0.183188
1758 0.18592
1759 0.17324
1760 0.180969
1761 0.173224
1762 0.173058
1763 0.165491
1764 0.18123
1765 0.184402
1766 0.185908
1767 0.181968
1768 0.177008
1769 0.168498
1770 0.185426
1771 0.185477
1772 0.168788
1773 0.178289
1774 0.181965
1775 0.18859
1776 0.191042
1777 0.174497
1778 0.185811
1779 0.190927
1780 0.18212
1781 0.187842
1782 0.178316
1783 0.173706
1784 0.18209
1785 0.174357
1786 0.176451
1787 0.169406
1788 0.174507
1789 0.187424
1790 0.185078
1791 0.171511
1792 0.18293
1793 0.170879
1794 0.173357
1795 0.177055
1796 0.180823
1797 0.172866
1798 0.167808
1799 0.172632
1800 0.182968
1801 0.181695
1802 0.17025
1803 0.174394
1804 0.180075
1805 0.171039
1806 0.181471
1807 0.177888
1808 0.166822
1809 0.181088
1810 0.177018
1811 0.181243
1812 0.187601
1813 0.175698
1814 0.177911
1815 0.179606
1816 0.180373
1817 0.185661
1818 0.172706
1819 0.181024
1820 0.180945
1821 0.183827
1822 0.170673
1823 0.172024
1824 0.184221
1825 0.174577
1826 0.187333
1827 0.180536
1828 0.182996
1829 0.171233
1830 0.176567
1831 0.175104
1832 0.167789
1833 0.16762
1834 0.176635
1835 0.178484
1836 0.166858
1837 0.185075
1838 0.177565
1839 0.186044
1840 0.189391
1841 0.177191
1842 0.174933
1843 0.17586
1844 0.17452
1845 0.182695
1846 0.178999
1847 0.184227
1848 0.187493
1849 0.174986
1850 0.1679
1851 0.173092
1852 0.188065
1853 0.1767
1854 0.172008
1855 0.179099
1856 0.170121
1857 0.185031
1858 0.181863
1859 0.176763
1860 0.169163
1861 0.176607
1862 0.171929
1863 0.173113
1864 0.182528
1865 0.181673
1866 0.174716
1867 0.180302
1868 0.181839
1869 0.189489
1870 0.182513
1871 0.180978
1872 0.186626
1873 0.17801
1874 0.167115
1875 0.177472
1876 0.188955
1877 0.1787
1878 0.182327
1879 0.185954
1880 0.174556
1881 0.171595
1882 0.181715
1883 0.182293
1884 0.176617
1885 0.177526
1886 0.171338
1887 0.179998
1888 0.190669
1889 0.174398
1890 0.168595
1891 0.178096
1892 0.179742
1893 0.185821
1894 0.183004
1895 0.177989
1896 0.182293
1897 0.173579
1898 0.174148
1899 0.179571
1900 0.169902
1901 0.170589
1902 0.175747
1903 0.180389
1904 0.178845
1905 0.176167
1906 0.172662
1907 0.179458
1908 0.169191
1909 0.171576
1910 0.166012
1911 0.183785
1912 0.179232
1913 0.178147
1914 0.172115
1915 0.174769
1916 0.185405
1917 0.185123
1918 0.172488
1919 0.173602
1920 0.181279
1921 0.17246
1922 0.173556
1923 0.1787
1924 0.182198
1925 0.178453
1926 0.185921
1927 0.178866
1928 0.180601
1929 0.178804
1930 0.172871
1931 0.180183
1932 0.174301
1933 0.169213
1934 0.178169
1935 0.173998
1936 0.182672
1937 0.181049
1938 0.188714
1939 0.181452
1940 0.17986
1941 0.18269
1942 0.171752
1943 0.178247
1944 0.170083
1945 0.164841
1946 0.18094
1947 0.183201
1948 0.183164
1949 0.177205
1950 0.168799
1951 0.168197
1952 0.186204
1953 0.175198
1954 0.179429
1955 0.178684
1956 0.170377
1957 0.179881
1958 0.170714
1959 0.18594
1960 0.18056
1961 0.179604
1962 0.174443
1963 0.179625
1964 0.182218
1965 0.18471
1966 0.175655
1967 0.175553
1968 0.181143
1969 0.177411
1970 0.180939
1971 0.172605
1972 0.176145
1973 0.175438
1974 0.170422
1975 0.178076
1976 0.183409
1977 0.183658
1978 0.187691
1979 0.171212
1980 0.177432
1981 0.186752
1982 0.187052
1983 0.183881
1984 0.188868
1985 0.175358
1986 0.185373
1987 0.171323
1988 0.172788
1989 0.17105
1990 0.180257
1991 0.180485
1992 0.177501
1993 0.180354
1994 0.17063
1995 0.165468
1996 0.177038
1997 0.18928
1998 0.170323
1999 0.18408
2000 0.178696
2001 0.170808
2002 0.174311
2003 0.166513
2004 0.183425
2005 0.189877
2006 0.189891
2007 0.177607
2008 0.186622
2009 0.178368
2010 0.176662
2011 0.176382
2012 0.175625
2013 0.172236
2014 0.167224
2015 0.176994
2016 0.183015
2017 0.188622
2018 0.186328
2019 0.17894
2020 0.185333
2021 0.169505
2022 0.180044
2023 0.17591
2024 0.17123
2025 0.182163
2026 0.179407
2027 0.173374
2028 0.173153
2029 0.184555
2030 0.173665
2031 0.181635
2032 0.188813
2033 0.175
2034 0.179772
2035 0.179948
2036 0.177005
2037 0.182305
2038 0.176212
2039 0.17302
2040 0.183922
2041 0.185137
2042 0.190093
2043 0.183202
2044 0.177004
2045 0.180458
2046 0.187295
2047 0.189979
2048 0.177901
2049 0.166776
2050 0.17736
2051 0.17196
2052 0.167819
2053 0.165366
2054 0.176023
2055 0.179003
2056 0.187412
2057 0.190839
2058 0.186939
2059 0.177888
2060 0.185636
2061 0.190498
2062 0.182913
2063 0.178142
2064 0.183017
2065 0.189127
2066 0.18581
2067 0.177864
2068 0.171804
2069 0.180157
2070 0.183377
2071 0.171959
2072 0.165921
2073 0.176785
2074 0.177588
2075 0.183379
2076 0.186656
2077 0.178387
2078 0.17694
2079 0.178701
2080 0.181223
2081 0.182462
2082 0.177902
2083 0.180634
2084 0.187721
2085 0.178417
2086 0.177706
2087 0.182777
2088 0.17768
2089 0.17122
2090 0.173364
2091 0.167542
2092 0.16785
2093 0.167754
2094 0.174373
2095 0.181545
2096 0.172762
2097 0.184975
2098 0.190749
2099 0
