0 6.77127
1 -2.27237
2 1.40849
3 1.5717
4 3.06342
5 3.92676
6 3.10158
7 2.41028
8 2.35346
9 2.10592
10 10.115
11 -3.03162
12 0.28149
13 -14.2672
14 -7.68374
15 -1.94174
16 -1.59778
17 -1.26937
18 -0.837307
19 -0.236611
20 -0.00136438
21 -0.0523796
22 0.114204
23 0.157051
24 0.180829
25 0.183537
26 0.1782
27 0.17698
28 0.177317
29 0.182789
30 0.171547
31 0.181842
32 0.169652
33 0.150722
34 0.161833
35 0.160488
36 0.165721
37 0.177482
38 0.159051
39 0.168047
40 0.191355
41 0.186291
42 0.186323
43 0.203637
44 0.20305
45 0.197799
46 0.200282
47 0.200334
48 0.186039
49 0.172683
50 0.19362
51 0.159046
52 0.156224
53 0.188113
54 0.159952
55 0.176874
56 0.176035
57 0.15764
58 0.17671
59 0.160162
60 0.151379
61 0.153444
62 0.153406
63 0.141753
64 0.149516
65 0.171496
66 0.14947
67 0.163434
68 0.166996
69 0.175497
70 0.160234
71 0.166044
72 0.186473
73 0.180057
74 0.157633
75 0.163816
76 0.161705
77 0.153571
78 0.158013
79 0.144167
80 0.159739
81 0.174264
82 0.161011
83 0.190316
84 0.180374
85 0.181926
86 0.174974
87 0.1665
88 0.166355
89 0.148392
90 0.16225
91 0.157089
92 0.152452
93 0.157501
94 0.154748
95 0.171256
96 0.153993
97 0.14248
98 0.150533
99 0.168424
100 0.14819
101 0.140085
102 0.162354
103 0.174649
104 0.142382
105 0.152484
106 0.184725
107 0.169973
108 0.144441
109 0.159818
110 0.155927
111 0.15126
112 0.142795
113 0.151456
114 0.15184
115 0.161914
116 0.166629
117 0.179308
118 0.180694
119 0.180369
120 0.193264
121 0.168441
122 0.174448
123 0.176529
124 0.161439
125 0.177554
126 0.176248
127 0.170884
128 0.17929
129 0.186291
130 0.171613
131 0.179944
132 0.172806
133 0.168593
134 0.172419
135 0.163368
136 0.158539
137 0.185617
138 0.18646
139 0.170063
140 0.182195
141 0.199057
142 0.186967
143 0.172796
144 0.181218
145 0.162558
146 0.148861
147 0.17735
148 0.159675
149 0.16231
150 0.170138
151 0.176129
152 0.175303
153 0.16852
154 0.162074
155 0.171079
156 0.175446
157 0.167372
158 0.179567
159 0.186384
160 0.174055
161 0.163031
162 0.17213
163 0.160065
164 0.157868
165 0.168019
166 0.182392
167 0.188546
168 0.190598
169 0.183681
170 0.191846
171 0.183989
172 0.161511
173 0.17576
174 0.181413
175 0.16457
176 0.182266
177 0.157392
178 0.173339
179 0.189695
180 0.184617
181 0.185019
182 0.176837
183 0.202994
184 0.165874
185 0.170924
186 0.168466
187 0.163105
188 0.178445
189 0.166678
190 0.175155
191 0.196666
192 0.181356
193 0.186522
194 0.196654
195 0.180742
196 0.195408
197 0.174784
198 0.165685
199 0.161508
200 0.147291
201 0.159418
202 0.162542
203 0.15478
204 0.177628
205 0.190906
206 0.175167
207 0.161571
208 0.163236
209 0.169967
210 0.169627
211 0.150415
212 0.192112
213 0.189897
214 0.163179
215 0.178524
216 0.187673
217 0.161426
218 0.171743
219 0.198079
220 0.161483
221 0.18394
222 0.18941
223 0.161225
224 0.198976
225 0.180931
226 0.166969
227 0.187893
228 0.177861
229 0.161631
230 0.18598
231 0.183519
232 0.15321
233 0.18385
234 0.189098
235 0.178073
236 0.185356
237 0.197057
238 0.181365
239 0.18664
240 0.206199
241 0.171792
242 0.172075
243 0.171241
244 0.161563
245 0.158883
246 0.151577
247 0.169267
248 0.169395
249 0.147575
250 0.202439
251 0.185528
252 0.181959
253 0.177787
254 0.170179
255 0.174816
256 0.160764
257 0.170159
258 0.163949
259 0.160111
260 0.17746
261 0.186872
262 0.173706
263 0.169954
264 0.181649
265 0.178424
266 0.153745
267 0.177383
268 0.190302
269 0.156985
270 0.187907
271 0.196831
272 0.168686
273 0.175661
274 0.183182
275 0.172305
276 0.18475
277 0.178231
278 0.169425
279 0.204016
280 0.167481
281 0.158712
282 0.193336
283 0.162429
284 0.202416
285 0.180113
286 0.170495
287 0.184775
288 0.175453
289 0.189287
290 0.176287
291 0.201562
292 0.200668
293 0.186181
294 0.179057
295 0.196397
296 0.182937
297 0.17462
298 0.171651
299 0.167645
300 0.194316
301 0.176917
302 0.180063
303 0.182328
304 0.177939
305 0.162532
306 0.173841
307 0.182906
308 0.160774
309 0.180882
310 0.201673
311 0.190648
312 0.182716
313 0.171561
314 0.1715
315 0.161826
316 0.162711
317 0.157744
318 0.174177
319 0.169266
320 0.181843
321 0.189284
322 0.160951
323 0.19448
324 0.177578
325 0.174831
326 0.186864
327 0.173052
328 0.18161
329 0.17669
330 0.174997
331 0.181845
332 0.177938
333 0.16799
334 0.164848
335 0.169282
336 0.158195
337 0.163708
338 0.177327
339 0.155328
340 0.168324
341 0.171397
342 0.169699
343 0.169669
344 0.17186
345 0.167476
346 0.159834
347 0.16677
348 0.172196
349 0.159939
350 0.171853
351 0.176365
352 0.174772
353 0.197544
354 0.160873
355 0.184026
356 0.174538
357 0.156088
358 0.18431
359 0.175627
360 0.1711
361 0.188735
362 0.201102
363 0.166184
364 0.168264
365 0.181548
366 0.155841
367 0.159557
368 0.157873
369 0.160583
370 0.177931
371 0.154833
372 0.177365
373 0.168501
374 0.149036
375 0.160626
376 0.160946
377 0.15175
378 0.169661
379 0.183907
380 0.187713
381 0.189223
382 0.196485
383 0.189507
384 0.165945
385 0.173741
386 0.174264
387 0.14863
388 0.1603
389 0.164463
390 0.172625
391 0.176411
392 0.16171
393 0.169317
394 0.183291
395 0.170388
396 0.160051
397 0.155777
398 0.170538
399 0.170726
400 0.162785
401 0.165167
402 0.180365
403 0.188633
404 0.165898
405 0.18786
406 0.195716
407 0.164133
408 0.187573
409 0.194019
410 0.181471
411 0.186436
412 0.190171
413 0.200529
414 0.189264
415 0.182708
416 0.198895
417 0.179374
418 0.200222
419 0.193359
420 0.190728
421 0.183745
422 0.164073
423 0.193528
424 0.160775
425 0.150281
426 0.172012
427 0.149415
428 0.166465
429 0.168109
430 0.168307
431 0.173577
432 0.159867
433 0.178332
434 0.179867
435 0.169176
436 0.160922
437 0.200914
438 0.205542
439 0.169977
440 0.18832
441 0.198521
442 0.18057
443 0.183879
444 0.196337
445 0.201095
446 0.185086
447 0.182848
448 0.175151
449 0.180032
450 0.155011
451 0.158035
452 0.175024
453 0.16649
454 0.152637
455 0.16527
456 0.163678
457 0.153169
458 0.148257
459 0.159018
460 0.176483
461 0.17512
462 0.164244
463 0.199204
464 0.205634
465 0.175047
466 0.199573
467 0.211994
468 0.177831
469 0.191915
470 0.199301
471 0.172332
472 0.180503
473 0.173705
474 0.176565
475 0.182959
476 0.187105
477 0.205668
478 0.200433
479 0.220157
480 0.17965
481 0.181929
482 0.205389
483 0.179741
484 0.18295
485 0.180466
486 0.194936
487 0.191876
488 0.177444
489 0.176682
490 0.174679
491 0.195602
492 0.172635
493 0.148599
494 0.185925
495 0.16259
496 0.16197
497 0.176253
498 0.155294
499 0.16985
500 0.1615
501 0.164153
502 0.165351
503 0.16181
504 0.159231
505 0.184178
506 0.195374
507 0.173635
508 0.172276
509 0.184088
510 0.170182
511 0.150665
512 0.170896
513 0.164007
514 0.177154
515 0.189944
516 0.190759
517 0.198011
518 0.183851
519 0.193139
520 0.194986
521 0.174639
522 0.173933
523 0.179646
524 0.176097
525 0.16184
526 0.162858
527 0.196162
528 0.174614
529 0.176955
530 0.183829
531 0.18897
532 0.196058
533 0.19323
534 0.195024
535 0.191934
536 0.188536
537 0.189052
538 0.178317
539 0.165302
540 0.191499
541 0.190172
542 0.177445
543 0.179648
544 0.191952
545 0.189502
546 0.165118
547 0.163949
548 0.184736
549 0.165977
550 0.164405
551 0.172255
552 0.1689
553 0.17818
554 0.169711
555 0.18019
556 0.172963
557 0.167211
558 0.196032
559 0.195671
560 0.177871
561 0.18218
562 0.177356
563 0.182488
564 0.177261
565 0.164139
566 0.16646
567 0.17555
568 0.17251
569 0.162539
570 0.182816
571 0.178469
572 0.161555
573 0.173028
574 0.176276
575 0.147905
576 0.162344
577 0.176073
578 0.165026
579 0.163982
580 0.183935
581 0.188587
582 0.161097
583 0.168581
584 0.171915
585 0.176088
586 0.193108
587 0.201543
588 0.208205
589 0.191788
590 0.200403
591 0.187796
592 0.184068
593 0.172226
594 0.179576
595 0.180208
596 0.16027
597 0.19808
598 0.173762
599 0.171811
600 0.184654
601 0.164751
602 0.182373
603 0.188612
604 0.16791
605 0.178747
606 0.177449
607 0.171899
608 0.158085
609 0.176265
610 0.171865
611 0.150488
612 0.191259
613 0.156454
614 0.147172
615 0.171857
616 0.160646
617 0.150026
618 0.15568
619 0.167028
620 0.150009
621 0.147028
622 0.154231
623 0.154092
624 0.158022
625 0.160702
626 0.16572
627 0.180853
628 0.179572
629 0.165593
630 0.176718
631 0.181178
632 0.165614
633 0.160763
634 0.188953
635 0.181402
636 0.162575
637 0.168433
638 0.186138
639 0.162525
640 0.164126
641 0.17891
642 0.16881
643 0.190188
644 0.186267
645 0.18076
646 0.200039
647 0.199628
648 0.195325
649 0.173178
650 0.169833
651 0.176314
652 0.172367
653 0.172106
654 0.177879
655 0.188427
656 0.17129
657 0.187461
658 0.187536
659 0.16209
660 0.173928
661 0.165691
662 0.160327
663 0.164965
664 0.149385
665 0.156574
666 0.165306
667 0.157197
668 0.167171
669 0.183905
670 0.167226
671 0.159944
672 0.165516
673 0.157608
674 0.157672
675 0.158731
676 0.152053
677 0.189606
678 0.185755
679 0.158523
680 0.179676
681 0.19839
682 0.166586
683 0.195378
684 0.172056
685 0.165215
686 0.175633
687 0.166135
688 0.155376
689 0.156349
690 0.159138
691 0.150537
692 0.147973
693 0.158189
694 0.155602
695 0.144778
696 0.162518
697 0.162422
698 0.167391
699 0.1647
700 0.163883
701 0.181264
702 0.180222
703 0.178752
704 0.177987
705 0.179251
706 0.191089
707 0.195399
708 0.179391
709 0.177853
710 0.172231
711 0.163894
712 0.174681
713 0.149314
714 0.157226
715 0.169196
716 0.161984
717 0.18909
718 0.180348
719 0.178551
720 0.198776
721 0.195913
722 0.176548
723 0.172357
724 0.163908
725 0.170554
726 0.171443
727 0.156278
728 0.179109
729 0.206156
730 0.175559
731 0.155985
732 0.182641
733 0.162146
734 0.163049
735 0.166494
736 0.172992
737 0.183341
738 0.165272
739 0.190638
740 0.188303
741 0.174205
742 0.163471
743 0.183414
744 0.159993
745 0.152432
746 0.183146
747 0.153552
748 0.142612
749 0.159505
750 0.161481
751 0.144087
752 0.149056
753 0.177793
754 0.147934
755 0.163054
756 0.178882
757 0.15258
758 0.160197
759 0.173668
760 0.166802
761 0.1654
762 0.192252
763 0.193042
764 0.183141
765 0.172161
766 0.166889
767 0.167112
768 0.144135
769 0.157234
770 0.179563
771 0.160586
772 0.179261
773 0.178115
774 0.168317
775 0.158611
776 0.166563
777 0.15136
778 0.140705
779 0.154117
780 0.151678
781 0.16033
782 0.16273
783 0.150458
784 0.186576
785 0.185184
786 0.155665
787 0.174366
788 0.166174
789 0.162726
790 0.160548
791 0.161604
792 0.186284
793 0.171202
794 0.171777
795 0.180242
796 0.184141
797 0.169907
798 0.166432
799 0.166443
800 0.150805
801 0.149716
802 0.160524
803 0.155623
804 0.146833
805 0.154598
806 0.156952
807 0.143364
808 0.162644
809 0.157079
810 0.156497
811 0.172636
812 0.166102
813 0.183257
814 0.160678
815 0.164216
816 0.182212
817 0.163643
818 0.170168
819 0.191392
820 0.171137
821 0.184716
822 0.182418
823 0.166858
824 0.169717
825 0.156383
826 0.149958
827 0.158753
828 0.147249
829 0.16139
830 0.159256
831 0.155391
832 0.173987
833 0.156514
834 0.179281
835 0.165611
836 0.147348
837 0.165439
838 0.164956
839 0.166975
840 0.156833
841 0.155715
842 0.180971
843 0.163375
844 0.158137
845 0.182821
846 0.169395
847 0.160459
848 0.181838
849 0.171305
850 0.166882
851 0.161441
852 0.153839
853 0.15318
854 0.166113
855 0.159646
856 0.154871
857 0.182523
858 0.174876
859 0.18285
860 0.176023
861 0.165985
862 0.166079
863 0.16602
864 0.159396
865 0.154506
866 0.180615
867 0.173203
868 0.170535
869 0.180708
870 0.176094
871 0.181971
872 0.182424
873 0.169778
874 0.168809
875 0.168466
876 0.15774
877 0.172044
878 0.169917
879 0.153158
880 0.176673
881 0.186583
882 0.170762
883 0.18176
884 0.177252
885 0.171615
886 0.168652
887 0.150305
888 0.15731
889 0.178252
890 0.168083
891 0.163026
892 0.185245
893 0.180628
894 0.173107
895 0.190791
896 0.182459
897 0.178617
898 0.165989
899 0.172007
900 0.166764
901 0.164412
902 0.152675
903 0.150813
904 0.177766
905 0.171977
906 0.172548
907 0.183522
908 0.20217
909 0.19859
910 0.198108
911 0.184794
912 0.194672
913 0.213749
914 0.174337
915 0.1988
916 0.187968
917 0.167778
918 0.186995
919 0.170681
920 0.190689
921 0.168499
922 0.168596
923 0.167966
924 0.15455
925 0.167828
926 0.152802
927 0.164245
928 0.165418
929 0.172788
930 0.171658
931 0.172662
932 0.170011
933 0.15106
934 0.177839
935 0.161067
936 0.152259
937 0.170598
938 0.154314
939 0.164085
940 0.154727
941 0.149085
942 0.183416
943 0.157106
944 0.147294
945 0.167603
946 0.153459
947 0.153521
948 0.150683
949 0.146045
950 0.169547
951 0.165257
952 0.150584
953 0.159711
954 0.196303
955 0.161576
956 0.155698
957 0.172591
958 0.147918
959 0.167973
960 0.168186
961 0.159416
962 0.181517
963 0.182675
964 0.176377
965 0.178175
966 0.162285
967 0.178287
968 0.184589
969 0.170491
970 0.184736
971 0.203996
972 0.194478
973 0.165509
974 0.166686
975 0.170352
976 0.172835
977 0.162321
978 0.163638
979 0.17996
980 0.175568
981 0.173931
982 0.183084
983 0.163398
984 0.179389
985 0.17559
986 0.172278
987 0.173518
988 0.169614
989 0.166404
990 0.162065
991 0.168805
992 0.147303
993 0.156523
994 0.159732
995 0.158758
996 0.173593
997 0.161255
998 0.166173
999 0.160799
1000 0.187376
1001 0.174054
1002 0.165171
1003 0.182155
1004 0.169896
1005 0.201714
1006 0.177192
1007 0.166323
1008 0.17992
1009 0.167386
1010 0.171506
1011 0.179765
1012 0.155291
1013 0.172752
1014 0.170222
1015 0.154014
1016 0.18247
1017 0.166454
1018 0.18351
1019 0.178387
1020 0.169221
1021 0.168534
1022 0.177225
1023 0.163071
1024 0.154317
1025 0.159369
1026 0.154721
1027 0.148114
1028 0.162325
1029 0.155009
1030 0.155345
1031 0.157123
1032 0.155192
1033 0.169927
1034 0.154249
1035 0.147772
1036 0.151942
1037 0.176101
1038 0.162415
1039 0.173238
1040 0.183283
1041 0.182259
1042 0.183574
1043 0.167312
1044 0.181397
1045 0.175533
1046 0.152243
1047 0.157239
1048 0.171667
1049 0.171688
1050 0.165909
1051 0.175985
1052 0.175157
1053 0.1721
1054 0.189046
1055 0.17471
1056 0.179149
1057 0.199473
1058 0.210742
1059 0.180293
1060 0.178812
1061 0.175011
1062 0.15827
1063 0.175896
1064 0.161392
1065 0.155505
1066 0.183696
1067 0.169424
1068 0.1551
1069 0.181317
1070 0.163184
1071 0.160668
1072 0.19082
1073 0.171879
1074 0.188564
1075 0.179176
1076 0.16476
1077 0.188632
1078 0.173796
1079 0.178304
1080 0.172918
1081 0.169389
1082 0.195984
1083 0.168838
1084 0.165997
1085 0.183477
1086 0.193026
1087 0.181125
1088 0.1648
1089 0.183693
1090 0.186604
1091 0.164708
1092 0.170049
1093 0.167088
1094 0.186257
1095 0.156937
1096 0.149879
1097 0.174632
1098 0.172173
1099 0.17013
1100 0.18105
1101 0.168058
1102 0.159097
1103 0.196268
1104 0.170528
1105 0.157755
1106 0.179875
1107 0.186541
1108 0.16852
1109 0.182135
1110 0.188665
1111 0.166931
1112 0.183073
1113 0.188345
1114 0.158059
1115 0.165671
1116 0.154087
1117 0.175136
1118 0.16863
1119 0.148336
1120 0.157341
1121 0.154192
1122 0.175245
1123 0.145863
1124 0.14874
1125 0.195481
1126 0.17263
1127 0.187414
1128 0.188736
1129 0.18804
1130 0.208326
1131 0.184762
1132 0.187554
1133 0.184446
1134 0.17621
1135 0.176653
1136 0.163201
1137 0.185276
1138 0.169036
1139 0.176663
1140 0.196807
1141 0.176771
1142 0.193716
1143 0.207819
1144 0.185182
1145 0.171971
1146 0.199456
1147 0.17319
1148 0.16945
1149 0.17111
1150 0.173248
1151 0.204986
1152 0.169931
1153 0.187781
1154 0.186337
1155 0.176904
1156 0.206299
1157 0.174651
1158 0.167497
1159 0.177512
1160 0.177657
1161 0.170505
1162 0.164519
1163 0.182512
1164 0.187062
1165 0.177254
1166 0.165571
1167 0.181062
1168 0.166671
1169 0.158551
1170 0.163025
1171 0.159311
1172 0.174738
1173 0.174072
1174 0.16851
1175 0.179834
1176 0.194143
1177 0.179503
1178 0.172923
1179 0.175976
1180 0.167964
1181 0.163307
1182 0.160828
1183 0.149494
1184 0.166286
1185 0.165491
1186 0.165524
1187 0.16327
1188 0.161194
1189 0.185011
1190 0.164305
1191 0.172291
1192 0.203364
1193 0.170298
1194 0.160784
1195 0.189608
1196 0.167668
1197 0.165006
1198 0.190457
1199 0.176834
1200 0.185738
1201 0.204633
1202 0.181509
1203 0.170949
1204 0.183929
1205 0.167361
1206 0.161099
1207 0.154484
1208 0.172461
1209 0.175964
1210 0.152337
1211 0.166998
1212 0.168679
1213 0.147387
1214 0.162072
1215 0.153573
1216 0.15078
1217 0.16626
1218 0.165657
1219 0.177993
1220 0.165607
1221 0.175892
1222 0.190955
1223 0.188661
1224 0.174521
1225 0.17338
1226 0.156018
1227 0.168978
1228 0.16375
1229 0.159137
1230 0.172787
1231 0.165542
1232 0.167172
1233 0.178276
1234 0.155169
1235 0.176275
1236 0.192352
1237 0.173555
1238 0.204594
1239 0.204056
1240 0.209177
1241 0.187314
1242 0.173035
1243 0.196965
1244 0.158882
1245 0.164876
1246 0.162732
1247 0.162926
1248 0.174872
1249 0.15742
1250 0.16561
1251 0.165626
1252 0.163197
1253 0.171014
1254 0.157685
1255 0.178369
1256 0.178857
1257 0.18965
1258 0.196646
1259 0.172695
1260 0.167507
1261 0.170396
1262 0.15973
1263 0.145838
1264 0.176278
1265 0.172378
1266 0.168882
1267 0.192042
1268 0.183158
1269 0.172583
1270 0.167313
1271 0.172117
1272 0.164103
1273 0.166149
1274 0.186434
1275 0.166515
1276 0.182993
1277 0.199935
1278 0.174999
1279 0.182421
1280 0.196594
1281 0.185822
1282 0.182252
1283 0.170921
1284 0.178669
1285 0.166495
1286 0.162846
1287 0.183597
1288 0.178006
1289 0.17604
1290 0.172484
1291 0.193894
1292 0.168629
1293 0.179973
1294 0.167141
1295 0.160751
1296 0.170526
1297 0.17264
1298 0.170982
1299 0.178654
1300 0.190623
1301 0.164636
1302 0.190474
1303 0.167709
1304 0.163728
1305 0.199902
1306 0.173888
1307 0.169105
1308 0.179606
1309 0.158092
1310 0.146244
1311 0.150223
1312 0.155978
1313 0.144614
1314 0.147909
1315 0.177655
1316 0.17134
1317 0.162663
1318 0.165372
1319 0.18184
1320 0.154373
1321 0.143092
1322 0.163845
1323 0.155814
1324 0.155459
1325 0.158047
1326 0.154889
1327 0.171821
1328 0.165662
1329 0.162736
1330 0.167072
1331 0.165989
1332 0.159902
1333 0.14751
1334 0.170658
1335 0.167397
1336 0.164062
1337 0.158999
1338 0.159007
1339 0.176274
1340 0.160666
1341 0.157008
1342 0.169218
1343 0.193169
1344 0.170583
1345 0.171861
1346 0.204903
1347 0.180848
1348 0.161894
1349 0.188506
1350 0.169446
1351 0.16789
1352 0.182456
1353 0.158971
1354 0.176115
1355 0.177166
1356 0.175749
1357 0.190753
1358 0.171301
1359 0.184666
1360 0.175199
1361 0.161164
1362 0.172361
1363 0.1549
1364 0.158153
1365 0.151716
1366 0.162713
1367 0.159785
1368 0.15598
1369 0.191261
1370 0.16274
1371 0.169702
1372 0.19028
1373 0.180193
1374 0.183595
1375 0.188347
1376 0.186911
1377 0.167908
1378 0.173481
1379 0.16994
1380 0.147796
1381 0.172606
1382 0.176572
1383 0.164534
1384 0.170699
1385 0.201005
1386 0.191806
1387 0.175726
1388 0.204333
1389 0.181291
1390 0.182111
1391 0.200597
1392 0.18484
1393 0.196424
1394 0.172604
1395 0.182795
1396 0.188422
1397 0.167524
1398 0.18699
1399 0.190303
1400 0.17641
1401 0.178549
1402 0.172513
1403 0.154231
1404 0.179116
1405 0.18422
1406 0.150259
1407 0.176627
1408 0.197914
1409 0.176702
1410 0.170021
1411 0.182264
1412 0.185692
1413 0.171027
1414 0.18028
1415 0.174848
1416 0.163984
1417 0.180537
1418 0.167768
1419 0.155417
1420 0.162842
1421 0.173975
1422 0.153969
1423 0.16115
1424 0.190355
1425 0.161201
1426 0.170183
1427 0.169195
1428 0.162993
1429 0.171804
1430 0.147297
1431 0.151983
1432 0.163016
1433 0.176251
1434 0.156524
1435 0.172398
1436 0.188817
1437 0.162072
1438 0.175364
1439 0.175043
1440 0.163181
1441 0.164901
1442 0.159352
1443 0.167296
1444 0.183582
1445 0.159358
1446 0.161498
1447 0.193309
1448 0.184384
1449 0.180051
1450 0.199028
1451 0.21073
1452 0.188274
1453 0.194833
1454 0.193512
1455 0.170397
1456 0.182528
1457 0.165827
1458 0.185837
1459 0.162457
1460 0.150222
1461 0.185096
1462 0.174272
1463 0.174962
1464 0.185828
1465 0.187252
1466 0.191999
1467 0.180545
1468 0.195186
1469 0.18021
1470 0.18251
1471 0.195647
1472 0.162351
1473 0.171193
1474 0.187071
1475 0.171253
1476 0.156888
1477 0.195963
1478 0.188844
1479 0.179509
1480 0.200929
1481 0.199564
1482 0.193968
1483 0.19571
1484 0.193583
1485 0.184077
1486 0.191481
1487 0.183569
1488 0.166303
1489 0.184966
1490 0.187663
1491 0.149675
1492 0.163667
1493 0.169183
1494 0.17053
1495 0.150335
1496 0.159409
1497 0.170625
1498 0.163858
1499 0.165551
1500 0.171609
1501 0.172137
1502 0.165239
1503 0.168927
1504 0.169463
1505 0.172287
1506 0.166842
1507 0.167898
1508 0.166622
1509 0.170813
1510 0.168817
1511 0.158269
1512 0.166042
1513 0.184848
1514 0.18573
1515 0.183948
1516 0.188553
1517 0.184316
1518 0.202068
1519 0.179577
1520 0.170059
1521 0.179623
1522 0.155979
1523 0.14565
1524 0.155392
1525 0.156996
1526 0.140433
1527 0.152764
1528 0.163095
1529 0.156685
1530 0.161313
1531 0.184756
1532 0.166202
1533 0.188812
1534 0.193583
1535 0.178752
1536 0.190121
1537 0.166231
1538 0.165197
1539 0.164978
1540 0.168444
1541 0.171482
1542 0.158105
1543 0.161454
1544 0.166993
1545 0.158895
1546 0.159292
1547 0.149708
1548 0.1622
1549 0.170117
1550 0.169202
1551 0.165459
1552 0.163045
1553 0.178223
1554 0.172291
1555 0.176952
1556 0.16185
1557 0.19466
1558 0.196031
1559 0.179266
1560 0.17626
1561 0.169223
1562 0.172367
1563 0.171177
1564 0.169522
1565 0.177837
1566 0.179036
1567 0.190403
1568 0.182026
1569 0.162508
1570 0.186124
1571 0.173859
1572 0.148549
1573 0.165344
1574 0.159923
1575 0.157706
1576 0.167899
1577 0.168415
1578 0.15529
1579 0.183166
1580 0.190127
1581 0.173193
1582 0.164638
1583 0.159641
1584 0.190782
1585 0.179157
1586 0.158855
1587 0.170815
1588 0.170654
1589 0.160247
1590 0.146316
1591 0.165493
1592 0.179386
1593 0.176981
1594 0.207985
1595 0.1832
1596 0.183162
1597 0.188679
1598 0.188623
1599 0.178803
1600 0.16004
1601 0.181378
1602 0.16603
1603 0.149485
1604 0.174751
1605 0.171886
1606 0.176226
1607 0.183267
1608 0.19242
1609 0.187731
1610 0.191003
1611 0.18896
1612 0.196822
1613 0.18174
1614 0.188369
1615 0.202029
1616 0.179051
1617 0.182633
1618 0.198518
1619 0.192435
1620 0.160875
1621 0.165125
1622 0.167343
1623 0.152359
1624 0.16106
1625 0.166329
1626 0.168538
1627 0.170617
1628 0.193846
1629 0.185588
1630 0.183324
1631 0.194555
1632 0.160808
1633 0.183996
1634 0.19257
1635 0.163309
1636 0.161311
1637 0.187949
1638 0.168795
1639 0.18265
1640 0.185301
1641 0.192727
1642 0.183859
1643 0.172229
1644 0.170523
1645 0.183582
1646 0.159385
1647 0.173951
1648 0.172467
1649 0.153558
1650 0.148734
1651 0.162526
1652 0.147148
1653 0.156686
1654 0.167766
1655 0.153499
1656 0.163979
1657 0.161371
1658 0.149492
1659 0.140939
1660 0.140568
1661 0.135708
1662 0.140498
1663 0.157867
1664 0.150623
1665 0.153116
1666 0.166862
1667 0.165395
1668 0.156988
1669 0.170222
1670 0.158325
1671 0.174482
1672 0.166323
1673 0.167313
1674 0.18061
1675 0.181986
1676 0.194916
1677 0.15915
1678 0.193125
1679 0.180049
1680 0.164396
1681 0.171961
1682 0.179301
1683 0.167132
1684 0.178096
1685 0.181542
1686 0.164733
1687 0.173534
1688 0.157946
1689 0.170222
1690 0.174993
1691 0.157381
1692 0.178478
1693 0.175285
1694 0.175216
1695 0.188291
1696 0.18254
1697 0.178036
1698 0.177682
1699 0.181622
1700 0.183518
1701 0.156565
1702 0.161654
1703 0.17235
1704 0.160095
1705 0.178462
1706 0.167238
1707 0.186031
1708 0.175297
1709 0.17084
1710 0.180717
1711 0.17143
1712 0.162936
1713 0.164006
1714 0.193737
1715 0.155822
1716 0.173936
1717 0.19928
1718 0.172118
1719 0.17847
1720 0.17412
1721 0.182381
1722 0.164827
1723 0.162514
1724 0.185195
1725 0.190344
1726 0.165516
1727 0.166557
1728 0.181426
1729 0.179491
1730 0.15171
1731 0.159696
1732 0.194542
1733 0.169557
1734 0.173484
1735 0.171707
1736 0.180141
1737 0.175972
1738 0.149472
1739 0.156639
1740 0.169929
1741 0.174061
1742 0.178499
1743 0.179312
1744 0.193294
1745 0.173247
1746 0.165737
1747 0.189855
1748 0.151396
1749 0.156658
1750 0.178042
1751 0.173923
1752 0.160706
1753 0.181792
1754 0.178012
1755 0.177889
1756 0.191798
1757 0.179024
1758 0.185646
1759 0.173989
1760 0.184384
1761 0.173745
1762 0.159097
1763 0.167087
1764 0.170611
1765 0.166927
1766 0.1704
1767 0.185354
1768 0.180739
1769 0.171049
1770 0.18889
1771 0.180836
1772 0.149344
1773 0.182157
1774 0.190551
1775 0.175957
1776 0.19417
1777 0.178115
1778 0.205297
1779 0.213606
1780 0.17301
1781 0.199265
1782 0.193737
1783 0.179154
1784 0.195186
1785 0.166457
1786 0.165097
1787 0.168115
1788 0.163028
1789 0.179121
1790 0.166993
1791 0.158302
1792 0.190467
1793 0.171289
1794 0.158177
1795 0.175711
1796 0.166133
1797 0.157124
1798 0.155159
1799 0.164883
1800 0.166903
1801 0.160576
1802 0.154946
1803 0.170894
1804 0.178958
1805 0.153641
1806 0.169071
1807 0.171611
1808 0.147828
1809 0.177142
1810 0.168424
1811 0.16285
1812 0.181059
1813 0.172613
1814 0.17962
1815 0.187177
1816 0.174645
1817 0.181524
1818 0.169987
1819 0.182899
1820 0.185049
1821 0.173615
1822 0.165027
1823 0.173934
1824 0.188159
1825 0.161301
1826 0.180901
1827 0.190359
1828 0.176914
1829 0.17749
1830 0.177676
1831 0.17473
1832 0.140108
1833 0.150259
1834 0.162644
1835 0.149769
1836 0.146923
1837 0.173154
1838 0.175278
1839 0.168759
1840 0.196467
1841 0.171893
1842 0.184853
1843 0.185289
1844 0.169335
1845 0.174276
1846 0.170108
1847 0.179881
1848 0.195762
1849 0.175701
1850 0.167395
1851 0.177111
1852 0.177278
1853 0.159232
1854 0.157229
1855 0.183499
1856 0.162618
1857 0.172236
1858 0.180022
1859 0.166611
1860 0.166897
1861 0.177435
1862 0.158843
1863 0.148853
1864 0.177478
1865 0.167666
1866 0.160788
1867 0.179016
1868 0.18239
1869 0.184521
1870 0.183593
1871 0.187099
1872 0.200926
1873 0.180053
1874 0.168409
1875 0.196242
1876 0.18636
1877 0.162006
1878 0.184479
1879 0.197885
1880 0.166721
1881 0.174897
1882 0.191021
1883 0.174856
1884 0.162418
1885 0.176004
1886 0.166642
1887 0.176225
1888 0.178443
1889 0.151303
1890 0.160888
1891 0.18614
1892 0.167598
1893 0.172805
1894 0.179041
1895 0.180288
1896 0.192596
1897 0.176621
1898 0.166081
1899 0.177897
1900 0.155201
1901 0.154401
1902 0.169423
1903 0.163504
1904 0.162572
1905 0.166183
1906 0.165668
1907 0.175387
1908 0.158445
1909 0.150251
1910 0.148366
1911 0.16608
1912 0.163865
1913 0.151428
1914 0.164972
1915 0.167642
1916 0.183357
1917 0.176192
1918 0.162252
1919 0.174574
1920 0.180376
1921 0.153848
1922 0.1582
1923 0.172845
1924 0.170877
1925 0.167516
1926 0.186475
1927 0.176426
1928 0.181586
1929 0.187325
1930 0.171225
1931 0.180167
1932 0.166466
1933 0.156
1934 0.169093
1935 0.160882
1936 0.16723
1937 0.177208
1938 0.179755
1939 0.183186
1940 0.180939
1941 0.194876
1942 0.168846
1943 0.176742
1944 0.160747
1945 0.144699
1946 0.171948
1947 0.170696
1948 0.158957
1949 0.172682
1950 0.163419
1951 0.174081
1952 0.180533
1953 0.154315
1954 0.161523
1955 0.190741
1956 0.166187
1957 0.181134
1958 0.165708
1959 0.174815
1960 0.177087
1961 0.16425
1962 0.18133
1963 0.180842
1964 0.177889
1965 0.17876
1966 0.171132
1967 0.177095
1968 0.187773
1969 0.171235
1970 0.177556
1971 0.167877
1972 0.1661
1973 0.171173
1974 0.156298
1975 0.171183
1976 0.179441
1977 0.173185
1978 0.183132
1979 0.170381
1980 0.181579
1981 0.201669
1982 0.182098
1983 0.187696
1984 0.204202
1985 0.184255
1986 0.188387
1987 0.177376
1988 0.165133
1989 0.172747
1990 0.1644
1991 0.165313
1992 0.161815
1993 0.176042
1994 0.163018
1995 0.15445
1996 0.178132
1997 0.174238
1998 0.145602
1999 0.175592
2000 0.180875
2001 0.149296
2002 0.18534
2003 0.163258
2004 0.161866
2005 0.188754
2006 0.172068
2007 0.18415
2008 0.200681
2009 0.19379
2010 0.178138
2011 0.181007
2012 0.171368
2013 0.162436
2014 0.150625
2015 0.167287
2016 0.177229
2017 0.175831
2018 0.185636
2019 0.184474
2020 0.196645
2021 0.172588
2022 0.181276
2023 0.177209
2024 0.155292
2025 0.177853
2026 0.172944
2027 0.158411
2028 0.172262
2029 0.176067
2030 0.158498
2031 0.173523
2032 0.190021
2033 0.159406
2034 0.178309
2035 0.186681
2036 0.169348
2037 0.179308
2038 0.173891
2039 0.16651
2040 0.184306
2041 0.185438
2042 0.188448
2043 0.187521
2044 0.18459
2045 0.198484
2046 0.194165
2047 0.194979
2048 0.19032
2049 0.171936
2050 0.189614
2051 0.153139
2052 0.135601
2053 0.149041
2054 0.154537
2055 0.161252
2056 0.167167
2057 0.186953
2058 0.188525
2059 0.187277
2060 0.20361
2061 0.208053
2062 0.180824
2063 0.187766
2064 0.201542
2065 0.204468
2066 0.189907
2067 0.183167
2068 0.178704
2069 0.190684
2070 0.176813
2071 0.15783
2072 0.154528
2073 0.173975
2074 0.156812
2075 0.160326
2076 0.178555
2077 0.17269
2078 0.183856
2079 0.189624
2080 0.180022
2081 0.177658
2082 0.17659
2083 0.184744
2084 0.194127
2085 0.177302
2086 0.1785
2087 0.193712
2088 0.170867
2089 0.159554
2090 0.170078
2091 0.154738
2092 0.146982
2093 0.148816
2094 0.151784
2095 0.155075
2096 0.147272
2097 0.176517
2098 0.191615
2099 0
