0 -9.00101
1 -3.80809
2 -3.00226
3 -3.38077
4 2.41558
5 7.15903
6 9.69076
7 5.83601
8 -1.53696
9 -9.29722
10 -20.2397
11 -7.21234
12 -13.2157
13 -20.3548
14 -7.5399
15 -7.91855
16 -4.13547
17 0.0500908
18 -2.65823
19 -0.582893
20 -0.39952
21 -0.00220008
22 -0.00878597
23 0.127007
24 0.132109
25 0.168427
26 0.171368
27 0.173119
28 0.172819
29 0.173054
30 0.178197
31 0.189552
32 0.175379
33 0.161514
34 0.162059
35 0.166009
36 0.17421
37 0.177662
38 0.159677
39 0.158782
40 0.185786
41 0.202766
42 0.188898
43 0.19425
44 0.193885
45 0.207079
46 0.199078
47 0.203695
48 0.177014
49 0.179529
50 0.202541
51 0.189999
52 0.162041
53 0.160036
54 0.180365
55 0.173725
56 0.17621
57 0.172033
58 0.16234
59 0.161783
60 0.156772
61 0.155321
62 0.179106
63 0.149686
64 0.151951
65 0.16132
66 0.172026
67 0.15925
68 0.171523
69 0.179455
70 0.164112
71 0.158935
72 0.173428
73 0.191553
74 0.172619
75 0.151206
76 0.156264
77 0.169059
78 0.165925
79 0.142103
80 0.156023
81 0.175359
82 0.167477
83 0.1703
84 0.170579
85 0.190916
86 0.185256
87 0.18001
88 0.164035
89 0.16001
90 0.164714
91 0.158017
92 0.163199
93 0.147115
94 0.15992
95 0.174578
96 0.167521
97 0.151691
98 0.146853
99 0.163632
100 0.157927
101 0.151009
102 0.159281
103 0.176235
104 0.161006
105 0.148197
106 0.172357
107 0.186675
108 0.169251
109 0.147553
110 0.165257
111 0.161728
112 0.142947
113 0.146972
114 0.149631
115 0.174403
116 0.178048
117 0.179953
118 0.165964
119 0.173912
120 0.183926
121 0.181903
122 0.178708
123 0.167692
124 0.171527
125 0.175274
126 0.187554
127 0.179739
128 0.184842
129 0.181877
130 0.177192
131 0.178104
132 0.18513
133 0.171907
134 0.175619
135 0.170717
136 0.156899
137 0.189207
138 0.196065
139 0.179649
140 0.168079
141 0.196453
142 0.193866
143 0.17084
144 0.172285
145 0.173525
146 0.160598
147 0.171474
148 0.171632
149 0.167433
150 0.165974
151 0.181863
152 0.180172
153 0.179991
154 0.163317
155 0.174034
156 0.173768
157 0.182319
158 0.172231
159 0.184012
160 0.180555
161 0.162984
162 0.173421
163 0.165063
164 0.177739
165 0.163006
166 0.177477
167 0.173802
168 0.179898
169 0.17973
170 0.19634
171 0.194131
172 0.170076
173 0.163869
174 0.175186
175 0.175758
176 0.184574
177 0.163267
178 0.1803
179 0.174955
180 0.183961
181 0.17102
182 0.176936
183 0.198845
184 0.177851
185 0.181665
186 0.15745
187 0.186669
188 0.176619
189 0.173453
190 0.159077
191 0.192312
192 0.199911
193 0.188868
194 0.18138
195 0.187655
196 0.190061
197 0.170456
198 0.171836
199 0.154018
200 0.165781
201 0.164412
202 0.168816
203 0.159922
204 0.159364
205 0.183969
206 0.173422
207 0.162807
208 0.156542
209 0.186274
210 0.179365
211 0.157725
212 0.170988
213 0.187672
214 0.179604
215 0.165391
216 0.200654
217 0.175318
218 0.172356
219 0.18104
220 0.176583
221 0.172948
222 0.180425
223 0.165289
224 0.17015
225 0.182877
226 0.182099
227 0.173831
228 0.176989
229 0.168762
230 0.180091
231 0.194935
232 0.168303
233 0.160833
234 0.183978
235 0.200783
236 0.17949
237 0.193638
238 0.177161
239 0.19337
240 0.198304
241 0.192092
242 0.16539
243 0.168164
244 0.170611
245 0.17036
246 0.162577
247 0.16887
248 0.167222
249 0.157476
250 0.169867
251 0.186583
252 0.198636
253 0.175383
254 0.178042
255 0.169467
256 0.178872
257 0.167143
258 0.169279
259 0.162158
260 0.173863
261 0.184254
262 0.179006
263 0.161557
264 0.172383
265 0.190091
266 0.158724
267 0.175294
268 0.186202
269 0.174165
270 0.18031
271 0.182942
272 0.183651
273 0.172123
274 0.186201
275 0.185529
276 0.183456
277 0.168658
278 0.160846
279 0.195643
280 0.176479
281 0.17528
282 0.167292
283 0.160224
284 0.173345
285 0.165158
286 0.19574
287 0.177167
288 0.19325
289 0.171068
290 0.177095
291 0.188176
292 0.198674
293 0.202788
294 0.172953
295 0.195546
296 0.185071
297 0.193065
298 0.167296
299 0.175689
300 0.182688
301 0.184638
302 0.172819
303 0.176682
304 0.177648
305 0.16672
306 0.182752
307 0.185933
308 0.174109
309 0.170605
310 0.191941
311 0.209205
312 0.181992
313 0.170018
314 0.169986
315 0.172595
316 0.177789
317 0.169086
318 0.172897
319 0.163473
320 0.18939
321 0.18325
322 0.178011
323 0.181375
324 0.175146
325 0.181385
326 0.179882
327 0.193422
328 0.178017
329 0.184623
330 0.172688
331 0.180339
332 0.180761
333 0.176373
334 0.167444
335 0.171777
336 0.161566
337 0.168731
338 0.171362
339 0.163252
340 0.156081
341 0.165466
342 0.18444
343 0.173984
344 0.17168
345 0.159125
346 0.168082
347 0.164677
348 0.184682
349 0.165046
350 0.169177
351 0.168189
352 0.192015
353 0.185765
354 0.17549
355 0.182161
356 0.165924
357 0.186637
358 0.171503
359 0.206159
360 0.1726
361 0.175547
362 0.191114
363 0.185249
364 0.170938
365 0.176797
366 0.170743
367 0.163018
368 0.156182
369 0.176502
370 0.176395
371 0.163667
372 0.15622
373 0.15483
374 0.163738
375 0.159047
376 0.170264
377 0.161955
378 0.161698
379 0.175677
380 0.190777
381 0.184618
382 0.185136
383 0.186031
384 0.174484
385 0.176309
386 0.174482
387 0.160626
388 0.154272
389 0.161768
390 0.174301
391 0.174225
392 0.165912
393 0.161184
394 0.180713
395 0.189592
396 0.167245
397 0.150774
398 0.175524
399 0.179435
400 0.176445
401 0.154931
402 0.178545
403 0.186522
404 0.178105
405 0.177656
406 0.191704
407 0.170118
408 0.179502
409 0.186259
410 0.200204
411 0.174325
412 0.185493
413 0.198245
414 0.200785
415 0.189317
416 0.183879
417 0.187334
418 0.199601
419 0.192752
420 0.199343
421 0.173617
422 0.170126
423 0.187406
424 0.1712
425 0.161348
426 0.155859
427 0.162349
428 0.160884
429 0.16154
430 0.185882
431 0.162445
432 0.168665
433 0.170595
434 0.205053
435 0.184858
436 0.156593
437 0.183652
438 0.205219
439 0.185578
440 0.173259
441 0.191754
442 0.199051
443 0.182025
444 0.182085
445 0.197612
446 0.191834
447 0.17723
448 0.181071
449 0.187399
450 0.168448
451 0.161611
452 0.168121
453 0.189516
454 0.153663
455 0.156355
456 0.162254
457 0.175355
458 0.156006
459 0.156466
460 0.173036
461 0.181717
462 0.156503
463 0.183651
464 0.211857
465 0.195628
466 0.178279
467 0.199719
468 0.196821
469 0.180999
470 0.199678
471 0.177515
472 0.184525
473 0.173894
474 0.190862
475 0.178495
476 0.189913
477 0.181171
478 0.195113
479 0.206006
480 0.180187
481 0.189118
482 0.192591
483 0.201935
484 0.174653
485 0.168807
486 0.19465
487 0.198532
488 0.193904
489 0.162588
490 0.173944
491 0.199456
492 0.2035
493 0.162585
494 0.162239
495 0.170366
496 0.179407
497 0.172192
498 0.166928
499 0.15744
500 0.169028
501 0.172221
502 0.170972
503 0.1739
504 0.157252
505 0.186157
506 0.199554
507 0.204502
508 0.159445
509 0.181282
510 0.170522
511 0.183642
512 0.174873
513 0.167557
514 0.160837
515 0.165436
516 0.196679
517 0.190222
518 0.192975
519 0.187999
520 0.204189
521 0.186955
522 0.180317
523 0.170469
524 0.19872
525 0.166903
526 0.165734
527 0.182026
528 0.191233
529 0.170097
530 0.172999
531 0.193413
532 0.199884
533 0.200549
534 0.192756
535 0.188857
536 0.181148
537 0.194621
538 0.19404
539 0.173534
540 0.183758
541 0.18807
542 0.186785
543 0.166871
544 0.20021
545 0.203755
546 0.178112
547 0.160508
548 0.187163
549 0.189164
550 0.172736
551 0.158001
552 0.16583
553 0.175506
554 0.183845
555 0.185928
556 0.178587
557 0.170219
558 0.176956
559 0.207197
560 0.195195
561 0.174636
562 0.164557
563 0.191812
564 0.191343
565 0.18162
566 0.16168
567 0.175604
568 0.174998
569 0.173204
570 0.178447
571 0.185829
572 0.163165
573 0.163422
574 0.176588
575 0.172297
576 0.166121
577 0.176184
578 0.180931
579 0.161446
580 0.170892
581 0.185925
582 0.177328
583 0.171523
584 0.171216
585 0.185189
586 0.180388
587 0.187378
588 0.195352
589 0.18819
590 0.202745
591 0.187078
592 0.203852
593 0.167702
594 0.191621
595 0.167871
596 0.172247
597 0.169914
598 0.18246
599 0.183035
600 0.18087
601 0.177203
602 0.172587
603 0.194654
604 0.17747
605 0.18001
606 0.170435
607 0.185107
608 0.158716
609 0.182945
610 0.167818
611 0.161882
612 0.159319
613 0.156628
614 0.158835
615 0.157353
616 0.177042
617 0.153846
618 0.149997
619 0.169133
620 0.165321
621 0.151897
622 0.146322
623 0.171109
624 0.166781
625 0.168644
626 0.157344
627 0.186413
628 0.174663
629 0.174079
630 0.167473
631 0.2015
632 0.179323
633 0.159947
634 0.178354
635 0.190729
636 0.170875
637 0.158921
638 0.192081
639 0.176001
640 0.167005
641 0.154585
642 0.17546
643 0.185406
644 0.195546
645 0.18202
646 0.178361
647 0.189019
648 0.207111
649 0.178385
650 0.174605
651 0.173138
652 0.185918
653 0.173975
654 0.180437
655 0.174374
656 0.168807
657 0.181109
658 0.192008
659 0.182774
660 0.174324
661 0.156215
662 0.172229
663 0.165661
664 0.161064
665 0.15326
666 0.172808
667 0.160975
668 0.16668
669 0.171279
670 0.178157
671 0.157481
672 0.166092
673 0.16447
674 0.172188
675 0.162429
676 0.154729
677 0.171151
678 0.204266
679 0.172014
680 0.170635
681 0.187912
682 0.195978
683 0.180519
684 0.17457
685 0.159338
686 0.171202
687 0.188217
688 0.16732
689 0.157024
690 0.153649
691 0.159681
692 0.154577
693 0.167236
694 0.163537
695 0.147664
696 0.149251
697 0.169483
698 0.17421
699 0.164534
700 0.161603
701 0.168078
702 0.181782
703 0.184808
704 0.178975
705 0.175589
706 0.187378
707 0.198477
708 0.18912
709 0.17484
710 0.169801
711 0.165657
712 0.1903
713 0.162156
714 0.156998
715 0.161974
716 0.187295
717 0.172074
718 0.191815
719 0.179514
720 0.196255
721 0.193854
722 0.188996
723 0.175883
724 0.164501
725 0.189266
726 0.181653
727 0.164775
728 0.176316
729 0.199751
730 0.197159
731 0.160721
732 0.171508
733 0.169236
734 0.181026
735 0.158886
736 0.175861
737 0.171283
738 0.17812
739 0.176001
740 0.197558
741 0.180558
742 0.154018
743 0.180742
744 0.170132
745 0.16334
746 0.157098
747 0.161141
748 0.145558
749 0.159748
750 0.175172
751 0.152734
752 0.148871
753 0.173433
754 0.161869
755 0.159688
756 0.159022
757 0.1625
758 0.162435
759 0.184902
760 0.187383
761 0.163843
762 0.186682
763 0.185165
764 0.192898
765 0.17328
766 0.171056
767 0.174634
768 0.161314
769 0.165661
770 0.172859
771 0.177017
772 0.165156
773 0.164646
774 0.170851
775 0.16017
776 0.182356
777 0.164951
778 0.145028
779 0.14841
780 0.169363
781 0.174167
782 0.171694
783 0.154474
784 0.175706
785 0.174438
786 0.179174
787 0.161004
788 0.164828
789 0.170587
790 0.161822
791 0.163523
792 0.177695
793 0.186068
794 0.179457
795 0.166718
796 0.17785
797 0.17546
798 0.17899
799 0.17095
800 0.155308
801 0.151851
802 0.168624
803 0.161523
804 0.148923
805 0.156287
806 0.168761
807 0.160381
808 0.162425
809 0.155915
810 0.167531
811 0.159793
812 0.179647
813 0.180298
814 0.169665
815 0.160273
816 0.173607
817 0.176476
818 0.184485
819 0.18445
820 0.17151
821 0.17106
822 0.176407
823 0.182928
824 0.173325
825 0.15757
826 0.160363
827 0.150674
828 0.158758
829 0.166468
830 0.166217
831 0.167171
832 0.159707
833 0.165794
834 0.177834
835 0.172093
836 0.157245
837 0.15161
838 0.174947
839 0.189733
840 0.159348
841 0.154387
842 0.165738
843 0.165505
844 0.162438
845 0.176419
846 0.178488
847 0.164866
848 0.158997
849 0.173331
850 0.175294
851 0.165147
852 0.158617
853 0.15935
854 0.175174
855 0.171228
856 0.161016
857 0.166745
858 0.175655
859 0.191035
860 0.175546
861 0.179248
862 0.164595
863 0.183019
864 0.16382
865 0.154066
866 0.170059
867 0.181686
868 0.18564
869 0.166835
870 0.181001
871 0.176878
872 0.196568
873 0.178641
874 0.166915
875 0.163175
876 0.170727
877 0.173701
878 0.175522
879 0.160764
880 0.174655
881 0.18367
882 0.18304
883 0.167999
884 0.17321
885 0.183877
886 0.180755
887 0.163337
888 0.156754
889 0.178594
890 0.175298
891 0.165983
892 0.171451
893 0.190186
894 0.174394
895 0.177657
896 0.176262
897 0.181243
898 0.174072
899 0.183279
900 0.169649
901 0.182082
902 0.14873
903 0.15835
904 0.169979
905 0.192992
906 0.181187
907 0.175203
908 0.182313
909 0.195979
910 0.211182
911 0.183996
912 0.192245
913 0.195054
914 0.17883
915 0.190615
916 0.172798
917 0.194103
918 0.169415
919 0.178763
920 0.190789
921 0.171264
922 0.178457
923 0.160539
924 0.163092
925 0.166575
926 0.165986
927 0.165763
928 0.169498
929 0.184015
930 0.163997
931 0.181103
932 0.163524
933 0.16962
934 0.169979
935 0.171354
936 0.152258
937 0.159164
938 0.158222
939 0.172289
940 0.156464
941 0.161633
942 0.158182
943 0.167783
944 0.148913
945 0.1652
946 0.170584
947 0.163392
948 0.147106
949 0.1535
950 0.171007
951 0.179052
952 0.160476
953 0.147647
954 0.183231
955 0.177346
956 0.167305
957 0.143418
958 0.151472
959 0.168483
960 0.178084
961 0.169189
962 0.175683
963 0.182301
964 0.178711
965 0.171807
966 0.172383
967 0.193939
968 0.188888
969 0.177466
970 0.161525
971 0.192905
972 0.210851
973 0.187364
974 0.160681
975 0.168881
976 0.187771
977 0.177274
978 0.15841
979 0.169913
980 0.164925
981 0.183954
982 0.179159
983 0.178776
984 0.179731
985 0.179163
986 0.181894
987 0.173361
988 0.172723
989 0.166501
990 0.171737
991 0.178519
992 0.157981
993 0.157399
994 0.148419
995 0.176871
996 0.175248
997 0.174651
998 0.153079
999 0.154064
1000 0.189235
1001 0.192808
1002 0.176027
1003 0.16376
1004 0.164846
1005 0.203319
1006 0.180765
1007 0.18589
1008 0.16533
1009 0.171113
1010 0.166126
1011 0.185232
1012 0.158571
1013 0.173021
1014 0.165803
1015 0.173163
1016 0.167416
1017 0.183334
1018 0.190618
1019 0.177667
1020 0.177731
1021 0.168632
1022 0.171805
1023 0.165522
1024 0.163591
1025 0.153236
1026 0.167157
1027 0.158304
1028 0.166873
1029 0.158342
1030 0.161814
1031 0.151084
1032 0.168637
1033 0.162954
1034 0.166364
1035 0.154874
1036 0.154032
1037 0.180064
1038 0.179796
1039 0.178887
1040 0.160371
1041 0.185761
1042 0.186251
1043 0.17264
1044 0.181302
1045 0.181324
1046 0.161643
1047 0.154997
1048 0.179012
1049 0.18733
1050 0.175451
1051 0.165677
1052 0.165619
1053 0.176912
1054 0.194418
1055 0.189086
1056 0.182849
1057 0.171744
1058 0.206409
1059 0.182548
1060 0.188565
1061 0.174209
1062 0.180363
1063 0.17149
1064 0.176231
1065 0.163759
1066 0.167607
1067 0.177087
1068 0.166798
1069 0.171791
1070 0.173793
1071 0.166794
1072 0.170127
1073 0.171919
1074 0.191401
1075 0.167679
1076 0.180312
1077 0.178531
1078 0.184553
1079 0.178765
1080 0.165341
1081 0.168176
1082 0.185462
1083 0.188844
1084 0.176172
1085 0.166025
1086 0.187952
1087 0.188924
1088 0.16753
1089 0.184643
1090 0.190676
1091 0.185748
1092 0.160721
1093 0.157637
1094 0.18628
1095 0.173912
1096 0.1626
1097 0.155187
1098 0.192027
1099 0.172852
1100 0.188134
1101 0.160888
1102 0.17446
1103 0.181918
1104 0.195678
1105 0.154015
1106 0.164947
1107 0.189711
1108 0.191893
1109 0.175915
1110 0.192822
1111 0.166825
1112 0.189921
1113 0.181602
1114 0.193147
1115 0.159713
1116 0.1552
1117 0.171668
1118 0.174858
1119 0.161646
1120 0.149705
1121 0.157759
1122 0.184096
1123 0.161146
1124 0.168356
1125 0.168891
1126 0.194525
1127 0.183881
1128 0.184956
1129 0.185185
1130 0.197227
1131 0.195132
1132 0.190124
1133 0.179844
1134 0.18929
1135 0.173157
1136 0.170629
1137 0.178801
1138 0.166276
1139 0.17661
1140 0.175601
1141 0.189709
1142 0.184088
1143 0.199215
1144 0.195175
1145 0.17012
1146 0.198996
1147 0.18149
1148 0.183998
1149 0.155492
1150 0.186427
1151 0.189107
1152 0.195414
1153 0.178037
1154 0.182143
1155 0.183721
1156 0.195743
1157 0.189803
1158 0.172781
1159 0.163608
1160 0.194803
1161 0.180216
1162 0.17162
1163 0.174533
1164 0.191474
1165 0.180557
1166 0.160946
1167 0.180043
1168 0.172761
1169 0.173237
1170 0.155291
1171 0.171646
1172 0.168732
1173 0.191006
1174 0.16977
1175 0.183903
1176 0.187401
1177 0.199974
1178 0.173648
1179 0.178623
1180 0.169911
1181 0.179392
1182 0.163417
1183 0.157802
1184 0.166029
1185 0.174041
1186 0.16958
1187 0.157262
1188 0.159476
1189 0.187098
1190 0.174053
1191 0.170522
1192 0.174924
1193 0.170681
1194 0.153118
1195 0.180494
1196 0.188052
1197 0.170872
1198 0.170768
1199 0.182519
1200 0.187439
1201 0.198789
1202 0.190132
1203 0.165649
1204 0.1754
1205 0.186985
1206 0.171496
1207 0.145221
1208 0.172451
1209 0.175805
1210 0.155491
1211 0.143082
1212 0.169805
1213 0.168225
1214 0.158426
1215 0.148746
1216 0.163533
1217 0.155881
1218 0.189233
1219 0.176452
1220 0.182618
1221 0.16396
1222 0.195107
1223 0.188868
1224 0.184442
1225 0.165828
1226 0.179351
1227 0.17428
1228 0.173027
1229 0.165724
1230 0.164158
1231 0.158923
1232 0.173726
1233 0.181657
1234 0.164086
1235 0.1696
1236 0.182406
1237 0.197116
1238 0.183839
1239 0.19948
1240 0.213985
1241 0.191004
1242 0.181403
1243 0.19007
1244 0.169506
1245 0.159692
1246 0.157876
1247 0.191057
1248 0.175388
1249 0.159257
1250 0.150373
1251 0.166313
1252 0.177588
1253 0.177154
1254 0.157705
1255 0.164286
1256 0.176185
1257 0.18715
1258 0.183519
1259 0.176273
1260 0.168715
1261 0.180555
1262 0.17838
1263 0.156753
1264 0.166585
1265 0.175162
1266 0.194615
1267 0.167948
1268 0.189905
1269 0.170475
1270 0.171311
1271 0.177821
1272 0.181186
1273 0.167115
1274 0.17946
1275 0.157554
1276 0.178074
1277 0.196724
1278 0.1966
1279 0.177829
1280 0.189182
1281 0.182091
1282 0.189336
1283 0.166401
1284 0.200942
1285 0.164542
1286 0.177249
1287 0.174879
1288 0.205481
1289 0.172365
1290 0.179082
1291 0.176511
1292 0.181686
1293 0.17841
1294 0.16772
1295 0.172519
1296 0.169287
1297 0.191727
1298 0.173542
1299 0.180923
1300 0.180878
1301 0.174323
1302 0.185314
1303 0.175241
1304 0.170556
1305 0.167824
1306 0.185773
1307 0.165425
1308 0.173192
1309 0.168874
1310 0.158695
1311 0.156697
1312 0.171892
1313 0.156451
1314 0.152193
1315 0.161348
1316 0.17799
1317 0.175797
1318 0.151432
1319 0.193301
1320 0.178123
1321 0.159179
1322 0.146718
1323 0.173702
1324 0.166514
1325 0.159118
1326 0.151219
1327 0.171947
1328 0.1726
1329 0.171968
1330 0.162629
1331 0.180287
1332 0.15897
1333 0.158453
1334 0.166873
1335 0.184384
1336 0.175811
1337 0.153503
1338 0.159056
1339 0.1666
1340 0.190163
1341 0.162962
1342 0.163894
1343 0.173454
1344 0.176309
1345 0.165427
1346 0.198669
1347 0.201928
1348 0.170455
1349 0.16403
1350 0.166362
1351 0.183471
1352 0.160581
1353 0.178227
1354 0.163842
1355 0.172956
1356 0.180154
1357 0.182193
1358 0.172668
1359 0.185515
1360 0.17581
1361 0.170853
1362 0.15962
1363 0.169577
1364 0.174358
1365 0.15322
1366 0.169074
1367 0.148167
1368 0.165727
1369 0.176701
1370 0.184805
1371 0.175659
1372 0.184448
1373 0.189432
1374 0.182783
1375 0.187024
1376 0.190118
1377 0.167834
1378 0.175751
1379 0.171437
1380 0.160509
1381 0.166625
1382 0.186489
1383 0.181727
1384 0.166109
1385 0.187572
1386 0.194952
1387 0.179051
1388 0.189045
1389 0.186603
1390 0.197766
1391 0.18469
1392 0.192893
1393 0.177537
1394 0.166618
1395 0.191463
1396 0.194632
1397 0.184014
1398 0.17901
1399 0.178594
1400 0.182836
1401 0.181212
1402 0.179789
1403 0.161372
1404 0.176843
1405 0.192075
1406 0.169951
1407 0.173805
1408 0.194964
1409 0.206035
1410 0.176935
1411 0.167804
1412 0.192923
1413 0.179363
1414 0.18741
1415 0.176611
1416 0.180683
1417 0.168699
1418 0.182989
1419 0.155509
1420 0.163687
1421 0.178994
1422 0.17017
1423 0.156779
1424 0.175653
1425 0.177852
1426 0.1701
1427 0.157204
1428 0.167768
1429 0.169686
1430 0.163528
1431 0.151602
1432 0.161768
1433 0.186458
1434 0.153867
1435 0.174345
1436 0.180071
1437 0.178151
1438 0.165478
1439 0.178727
1440 0.179496
1441 0.167801
1442 0.158983
1443 0.167634
1444 0.185253
1445 0.169211
1446 0.161809
1447 0.183273
1448 0.20666
1449 0.176102
1450 0.167941
1451 0.197855
1452 0.188025
1453 0.201039
1454 0.182905
1455 0.193946
1456 0.167773
1457 0.169702
1458 0.188439
1459 0.163543
1460 0.162454
1461 0.164894
1462 0.174403
1463 0.180643
1464 0.168858
1465 0.193214
1466 0.190893
1467 0.185372
1468 0.186358
1469 0.17909
1470 0.191963
1471 0.185381
1472 0.179964
1473 0.167761
1474 0.186079
1475 0.183301
1476 0.15775
1477 0.176329
1478 0.199376
1479 0.187958
1480 0.187413
1481 0.20122
1482 0.193298
1483 0.198296
1484 0.189203
1485 0.191655
1486 0.192019
1487 0.182753
1488 0.171419
1489 0.18392
1490 0.203895
1491 0.164971
1492 0.158666
1493 0.155961
1494 0.196947
1495 0.165724
1496 0.163205
1497 0.153251
1498 0.185454
1499 0.170324
1500 0.183284
1501 0.168007
1502 0.177654
1503 0.162149
1504 0.179932
1505 0.176259
1506 0.173345
1507 0.162266
1508 0.16728
1509 0.17149
1510 0.178076
1511 0.164287
1512 0.161734
1513 0.180321
1514 0.193924
1515 0.188404
1516 0.180701
1517 0.184145
1518 0.196864
1519 0.186889
1520 0.182953
1521 0.167077
1522 0.153629
1523 0.148475
1524 0.160923
1525 0.170012
1526 0.145234
1527 0.1472
1528 0.16018
1529 0.171601
1530 0.161153
1531 0.181606
1532 0.172918
1533 0.179064
1534 0.183234
1535 0.185698
1536 0.182846
1537 0.176306
1538 0.169996
1539 0.165889
1540 0.179214
1541 0.174651
1542 0.160495
1543 0.157085
1544 0.164446
1545 0.170472
1546 0.174056
1547 0.15242
1548 0.166313
1549 0.161416
1550 0.18003
1551 0.159418
1552 0.174705
1553 0.167694
1554 0.195025
1555 0.186431
1556 0.164566
1557 0.180198
1558 0.185491
1559 0.19786
1560 0.172316
1561 0.17555
1562 0.174337
1563 0.190719
1564 0.176136
1565 0.177983
1566 0.160245
1567 0.190924
1568 0.190721
1569 0.168404
1570 0.178542
1571 0.180738
1572 0.162698
1573 0.15364
1574 0.166792
1575 0.170702
1576 0.173558
1577 0.165148
1578 0.158152
1579 0.168493
1580 0.191422
1581 0.192891
1582 0.166821
1583 0.148496
1584 0.195382
1585 0.198056
1586 0.162
1587 0.143048
1588 0.172948
1589 0.186623
1590 0.157417
1591 0.173305
1592 0.173811
1593 0.183017
1594 0.185179
1595 0.173896
1596 0.190691
1597 0.184872
1598 0.198863
1599 0.170765
1600 0.168612
1601 0.179535
1602 0.190797
1603 0.164438
1604 0.161329
1605 0.179928
1606 0.18085
1607 0.176388
1608 0.195133
1609 0.184402
1610 0.192738
1611 0.190267
1612 0.190045
1613 0.178676
1614 0.192579
1615 0.199284
1616 0.18402
1617 0.158721
1618 0.193727
1619 0.200801
1620 0.173881
1621 0.158811
1622 0.16504
1623 0.170428
1624 0.169934
1625 0.173784
1626 0.174218
1627 0.162889
1628 0.18672
1629 0.179929
1630 0.205389
1631 0.176844
1632 0.173619
1633 0.176453
1634 0.190816
1635 0.176704
1636 0.166997
1637 0.187225
1638 0.180533
1639 0.177766
1640 0.170116
1641 0.199267
1642 0.180501
1643 0.185645
1644 0.160994
1645 0.187348
1646 0.160049
1647 0.171766
1648 0.152977
1649 0.1688
1650 0.150682
1651 0.174767
1652 0.154459
1653 0.162036
1654 0.1555
1655 0.156047
1656 0.146699
1657 0.16606
1658 0.154742
1659 0.149885
1660 0.136664
1661 0.146894
1662 0.143914
1663 0.1599
1664 0.155623
1665 0.154153
1666 0.165678
1667 0.17348
1668 0.167757
1669 0.167508
1670 0.150361
1671 0.182885
1672 0.16948
1673 0.187664
1674 0.163257
1675 0.19651
1676 0.196285
1677 0.171308
1678 0.184818
1679 0.191362
1680 0.166731
1681 0.15562
1682 0.1892
1683 0.169078
1684 0.179898
1685 0.171602
1686 0.182617
1687 0.164647
1688 0.17376
1689 0.17135
1690 0.182868
1691 0.173994
1692 0.170451
1693 0.171663
1694 0.184696
1695 0.185317
1696 0.195938
1697 0.179484
1698 0.159044
1699 0.18061
1700 0.192196
1701 0.176661
1702 0.165777
1703 0.166254
1704 0.173014
1705 0.17979
1706 0.168196
1707 0.179626
1708 0.159082
1709 0.188476
1710 0.176137
1711 0.189878
1712 0.157251
1713 0.165546
1714 0.186563
1715 0.164184
1716 0.169218
1717 0.177481
1718 0.185756
1719 0.177625
1720 0.16614
1721 0.203911
1722 0.18955
1723 0.168962
1724 0.162146
1725 0.193093
1726 0.174018
1727 0.170093
1728 0.173746
1729 0.201193
1730 0.160703
1731 0.155066
1732 0.180768
1733 0.200898
1734 0.179311
1735 0.150895
1736 0.180155
1737 0.17999
1738 0.175736
1739 0.156611
1740 0.172384
1741 0.170634
1742 0.180327
1743 0.16165
1744 0.186755
1745 0.1723
1746 0.178682
1747 0.182713
1748 0.179761
1749 0.171241
1750 0.166754
1751 0.191295
1752 0.1666
1753 0.180227
1754 0.159397
1755 0.189635
1756 0.18323
1757 0.180194
1758 0.176216
1759 0.172775
1760 0.187235
1761 0.177079
1762 0.177976
1763 0.15903
1764 0.183701
1765 0.171013
1766 0.177603
1767 0.156734
1768 0.178513
1769 0.172364
1770 0.187895
1771 0.191053
1772 0.167363
1773 0.16793
1774 0.193751
1775 0.200825
1776 0.183896
1777 0.165011
1778 0.198644
1779 0.206933
1780 0.201582
1781 0.186692
1782 0.19118
1783 0.185098
1784 0.189489
1785 0.183008
1786 0.16665
1787 0.164916
1788 0.171997
1789 0.182948
1790 0.179789
1791 0.154709
1792 0.180593
1793 0.173561
1794 0.177416
1795 0.162848
1796 0.169762
1797 0.153644
1798 0.15078
1799 0.170067
1800 0.175612
1801 0.17035
1802 0.148809
1803 0.163394
1804 0.180039
1805 0.174628
1806 0.166947
1807 0.170219
1808 0.155336
1809 0.178254
1810 0.177283
1811 0.18386
1812 0.17357
1813 0.168689
1814 0.169685
1815 0.1856
1816 0.193979
1817 0.181397
1818 0.164217
1819 0.179107
1820 0.186601
1821 0.182989
1822 0.160317
1823 0.172847
1824 0.185529
1825 0.171994
1826 0.186171
1827 0.170525
1828 0.192042
1829 0.158791
1830 0.182583
1831 0.175149
1832 0.162145
1833 0.152871
1834 0.16659
1835 0.165387
1836 0.146759
1837 0.166812
1838 0.175514
1839 0.196192
1840 0.173789
1841 0.181256
1842 0.168459
1843 0.173497
1844 0.184953
1845 0.177503
1846 0.172881
1847 0.176976
1848 0.183949
1849 0.17663
1850 0.170621
1851 0.171851
1852 0.192545
1853 0.166415
1854 0.151487
1855 0.177397
1856 0.173276
1857 0.177533
1858 0.170368
1859 0.170774
1860 0.16251
1861 0.184976
1862 0.170986
1863 0.165239
1864 0.172504
1865 0.177909
1866 0.161447
1867 0.175855
1868 0.18202
1869 0.197198
1870 0.178834
1871 0.184472
1872 0.196299
1873 0.18122
1874 0.16706
1875 0.181097
1876 0.206513
1877 0.178623
1878 0.164395
1879 0.190583
1880 0.185941
1881 0.173896
1882 0.180857
1883 0.189287
1884 0.168215
1885 0.172158
1886 0.168308
1887 0.184917
1888 0.190178
1889 0.168506
1890 0.168353
1891 0.18361
1892 0.193814
1893 0.181146
1894 0.178455
1895 0.177807
1896 0.187219
1897 0.18527
1898 0.178128
1899 0.169447
1900 0.166498
1901 0.159766
1902 0.163693
1903 0.173852
1904 0.163457
1905 0.162045
1906 0.167225
1907 0.179514
1908 0.161194
1909 0.160625
1910 0.14839
1911 0.170634
1912 0.162448
1913 0.166983
1914 0.155801
1915 0.175216
1916 0.187953
1917 0.186408
1918 0.160339
1919 0.170661
1920 0.186991
1921 0.169281
1922 0.159596
1923 0.169628
1924 0.176793
1925 0.167035
1926 0.177703
1927 0.180932
1928 0.178811
1929 0.174162
1930 0.17482
1931 0.176652
1932 0.175909
1933 0.166074
1934 0.168957
1935 0.171036
1936 0.174064
1937 0.165546
1938 0.192328
1939 0.178712
1940 0.191465
1941 0.187385
1942 0.187482
1943 0.184505
1944 0.169934
1945 0.155394
1946 0.168647
1947 0.175084
1948 0.166924
1949 0.162922
1950 0.166802
1951 0.176875
1952 0.189232
1953 0.162252
1954 0.172864
1955 0.160809
1956 0.175692
1957 0.165675
1958 0.16515
1959 0.18674
1960 0.173769
1961 0.175885
1962 0.169661
1963 0.186158
1964 0.183386
1965 0.18499
1966 0.170921
1967 0.176701
1968 0.18503
1969 0.183395
1970 0.173295
1971 0.16055
1972 0.17267
1973 0.169537
1974 0.167261
1975 0.16868
1976 0.177735
1977 0.173504
1978 0.167478
1979 0.175288
1980 0.191827
1981 0.199129
1982 0.201662
1983 0.17854
1984 0.193134
1985 0.186316
1986 0.191649
1987 0.173826
1988 0.170566
1989 0.158435
1990 0.185378
1991 0.167782
1992 0.165596
1993 0.165587
1994 0.164552
1995 0.163705
1996 0.179503
1997 0.187388
1998 0.160486
1999 0.163672
2000 0.170423
2001 0.175437
2002 0.1561
2003 0.167026
2004 0.179382
2005 0.183563
2006 0.189954
2007 0.16774
2008 0.199853
2009 0.185629
2010 0.191803
2011 0.16838
2012 0.181427
2013 0.165037
2014 0.156483
2015 0.172753
2016 0.174485
2017 0.181264
2018 0.186191
2019 0.177039
2020 0.193409
2021 0.1813
2022 0.177719
2023 0.165125
2024 0.175201
2025 0.167785
2026 0.184292
2027 0.170544
2028 0.162749
2029 0.187947
2030 0.169194
2031 0.180805
2032 0.181656
2033 0.18016
2034 0.180048
2035 0.182726
2036 0.195278
2037 0.176955
2038 0.175034
2039 0.163291
2040 0.181811
2041 0.194374
2042 0.189787
2043 0.183665
2044 0.18397
2045 0.196552
2046 0.206461
2047 0.199797
2048 0.174747
2049 0.168842
2050 0.196239
2051 0.191799
2052 0.149527
2053 0.133793
2054 0.168213
2055 0.170603
2056 0.176083
2057 0.183001
2058 0.191561
2059 0.18317
2060 0.208499
2061 0.206674
2062 0.193799
2063 0.180406
2064 0.193085
2065 0.194173
2066 0.196865
2067 0.175197
2068 0.174639
2069 0.194342
2070 0.193134
2071 0.166725
2072 0.149792
2073 0.180068
2074 0.177717
2075 0.170658
2076 0.166348
2077 0.173033
2078 0.182895
2079 0.190517
2080 0.194154
2081 0.181843
2082 0.175931
2083 0.17937
2084 0.196633
2085 0.186049
2086 0.176965
2087 0.183834
2088 0.184997
2089 0.165083
2090 0.162355
2091 0.151403
2092 0.151892
2093 0.147667
2094 0.16051
2095 0.162608
2096 0.158264
2097 0.166589
2098 0.187369
2099 0
