0 -53.7347
1 25.2148
2 -35.0135
3 -37.8844
4 -39.6441
5 -39.3816
6 -38.7585
7 -39.5305
8 -39.9132
9 -40.1456
10 -40.9563
11 -39.6613
12 -40.2386
13 -37.7138
14 -35.2108
15 -29.4682
16 -15.7696
17 -13.3815
18 -5.89056
19 -3.43334
20 -1.36781
21 -0.563743
22 -0.24921
23 0.0312411
24 0.0721795
25 0.108516
26 0.14646
27 0.152377
28 0.162008
29 0.158011
30 0.190033
31 0.175449
32 0.180162
33 0.153158
34 0.199708
35 0.168637
36 0.18206
37 0.155193
38 0.183008
39 0.166843
40 0.166937
41 0.157349
42 0.169326
43 0.16947
44 0.163538
45 0.160234
46 0.171224
47 0.1821
48 0.171598
49 0.167919
50 0.178201
51 0.188695
52 0.170629
53 0.189653
54 0.172857
55 0.183516
56 0.182749
57 0.199259
58 0.195832
59 0.202425
60 0.201267
61 0.188581
62 0.174242
63 0.191605
64 0.179405
65 0.174662
66 0.16104
67 0.17523
68 0.172703
69 0.165573
70 0.164504
71 0.177752
72 0.192361
73 0.180685
74 0.16792
75 0.195875
76 0.189981
77 0.195171
78 0.173702
79 0.18622
80 0.179597
81 0.177793
82 0.165319
83 0.172386
84 0.16727
85 0.180088
86 0.161603
87 0.168436
88 0.16474
89 0.196
90 0.182465
91 0.16166
92 0.179514
93 0.212314
94 0.210297
95 0.166896
96 0.160909
97 0.195567
98 0.187141
99 0.160825
100 0.157759
101 0.180267
102 0.179661
103 0.180922
104 0.164787
105 0.177778
106 0.201248
107 0.195185
108 0.173283
109 0.204991
110 0.212059
111 0.194844
112 0.186886
113 0.184297
114 0.191104
115 0.185629
116 0.158242
117 0.154239
118 0.166684
119 0.176084
120 0.162845
121 0.165066
122 0.164331
123 0.166945
124 0.177802
125 0.180819
126 0.154713
127 0.14442
128 0.18054
129 0.180859
130 0.166927
131 0.157158
132 0.193499
133 0.190645
134 0.197189
135 0.1861
136 0.188416
137 0.173559
138 0.1754
139 0.18195
140 0.17501
141 0.172798
142 0.158725
143 0.163309
144 0.172449
145 0.195006
146 0.170596
147 0.167113
148 0.186185
149 0.198135
150 0.176556
151 0.195344
152 0.197072
153 0.209802
154 0.187017
155 0.168841
156 0.197114
157 0.179041
158 0.169183
159 0.165625
160 0.176266
161 0.147765
162 0.176596
163 0.192131
164 0.168748
165 0.153738
166 0.198697
167 0.178838
168 0.172362
169 0.168981
170 0.169433
171 0.168491
172 0.167425
173 0.167092
174 0.164099
175 0.17345
176 0.164816
177 0.153731
178 0.176181
179 0.155394
180 0.164744
181 0.180534
182 0.197132
183 0.175555
184 0.163691
185 0.173715
186 0.176891
187 0.175479
188 0.156848
189 0.152285
190 0.155362
191 0.175747
192 0.178651
193 0.15049
194 0.182792
195 0.173523
196 0.177038
197 0.155188
198 0.172959
199 0.148461
200 0.17214
201 0.166132
202 0.171928
203 0.153652
204 0.170601
205 0.169105
206 0.165952
207 0.170287
208 0.179405
209 0.166479
210 0.158132
211 0.166022
212 0.183771
213 0.161611
214 0.176417
215 0.164851
216 0.170964
217 0.171579
218 0.196979
219 0.180039
220 0.172699
221 0.169682
222 0.177858
223 0.188823
224 0.166401
225 0.169708
226 0.180182
227 0.179061
228 0.16756
229 0.172611
230 0.182214
231 0.177624
232 0.1792
233 0.174445
234 0.178014
235 0.183077
236 0.189275
237 0.16495
238 0.189903
239 0.172974
240 0.169645
241 0.162815
242 0.169413
243 0.168324
244 0.156191
245 0.176881
246 0.165581
247 0.158368
248 0.163862
249 0.174732
250 0.184999
251 0.179999
252 0.166036
253 0.169369
254 0.202532
255 0.200544
256 0.190208
257 0.169379
258 0.170316
259 0.183616
260 0.213454
261 0.197296
262 0.180467
263 0.162314
264 0.19637
265 0.203998
266 0.195474
267 0.176959
268 0.203967
269 0.214726
270 0.198052
271 0.190172
272 0.173907
273 0.188346
274 0.187616
275 0.184641
276 0.169467
277 0.180718
278 0.171955
279 0.194496
280 0.178789
281 0.177596
282 0.183433
283 0.169414
284 0.157003
285 0.15305
286 0.187624
287 0.158939
288 0.16319
289 0.155555
290 0.177765
291 0.159149
292 0.198675
293 0.18085
294 0.193434
295 0.177856
296 0.186788
297 0.171152
298 0.17463
299 0.16176
300 0.183849
301 0.178372
302 0.174943
303 0.159314
304 0.170943
305 0.197591
306 0.174975
307 0.170251
308 0.183167
309 0.180242
310 0.172775
311 0.202306
312 0.200473
313 0.170476
314 0.184582
315 0.185832
316 0.179763
317 0.175511
318 0.177059
319 0.17811
320 0.185656
321 0.197419
322 0.197852
323 0.20855
324 0.204166
325 0.182443
326 0.194426
327 0.21045
328 0.198676
329 0.181735
330 0.203056
331 0.196681
332 0.192111
333 0.221646
334 0.198056
335 0.191468
336 0.176741
337 0.192982
338 0.172108
339 0.190371
340 0.159264
341 0.179199
342 0.174217
343 0.179402
344 0.171692
345 0.183806
346 0.180668
347 0.1672
348 0.163006
349 0.189465
350 0.173296
351 0.166446
352 0.160254
353 0.180466
354 0.168391
355 0.169767
356 0.1794
357 0.168976
358 0.161429
359 0.160887
360 0.159251
361 0.151898
362 0.174949
363 0.178595
364 0.169943
365 0.168807
366 0.187599
367 0.175299
368 0.1952
369 0.180456
370 0.18775
371 0.176397
372 0.171356
373 0.168604
374 0.15811
375 0.157824
376 0.150231
377 0.166263
378 0.16178
379 0.151805
380 0.158484
381 0.169241
382 0.16392
383 0.162153
384 0.157279
385 0.171656
386 0.151118
387 0.153571
388 0.15749
389 0.181425
390 0.172002
391 0.165832
392 0.192003
393 0.200562
394 0.174672
395 0.184308
396 0.183054
397 0.191685
398 0.176897
399 0.171993
400 0.160455
401 0.179164
402 0.181563
403 0.19036
404 0.188146
405 0.194739
406 0.197916
407 0.214322
408 0.194059
409 0.199583
410 0.210302
411 0.224148
412 0.1997
413 0.185603
414 0.181819
415 0.205546
416 0.205813
417 0.183724
418 0.160968
419 0.179709
420 0.196184
421 0.182075
422 0.162608
423 0.185962
424 0.18448
425 0.179029
426 0.156947
427 0.176392
428 0.167915
429 0.171748
430 0.16253
431 0.170238
432 0.170678
433 0.186376
434 0.161671
435 0.190249
436 0.17714
437 0.181254
438 0.17011
439 0.171009
440 0.17038
441 0.175335
442 0.18583
443 0.161933
444 0.168648
445 0.167786
446 0.169383
447 0.164309
448 0.162158
449 0.147554
450 0.141621
451 0.1751
452 0.183264
453 0.158124
454 0.156647
455 0.191865
456 0.168819
457 0.160506
458 0.181532
459 0.184646
460 0.170672
461 0.167204
462 0.169871
463 0.164357
464 0.189095
465 0.18353
466 0.167806
467 0.165645
468 0.198414
469 0.192234
470 0.201418
471 0.187239
472 0.18059
473 0.17475
474 0.174628
475 0.198866
476 0.161031
477 0.168483
478 0.157262
479 0.192579
480 0.174704
481 0.177084
482 0.178625
483 0.182028
484 0.171859
485 0.197457
486 0.18747
487 0.172832
488 0.169234
489 0.185908
490 0.186222
491 0.188539
492 0.195587
493 0.178916
494 0.16823
495 0.208898
496 0.208126
497 0.186184
498 0.169455
499 0.185996
500 0.174677
501 0.181678
502 0.160097
503 0.18308
504 0.155196
505 0.171167
506 0.151312
507 0.195497
508 0.167332
509 0.180508
510 0.149308
511 0.182453
512 0.164235
513 0.178076
514 0.169537
515 0.179965
516 0.175393
517 0.189621
518 0.185881
519 0.182859
520 0.187223
521 0.177285
522 0.176266
523 0.16266
524 0.180325
525 0.18627
526 0.179
527 0.160645
528 0.175785
529 0.179924
530 0.188693
531 0.162222
532 0.155838
533 0.169245
534 0.176727
535 0.165256
536 0.158714
537 0.184752
538 0.165087
539 0.177814
540 0.16668
541 0.19681
542 0.172126
543 0.173131
544 0.169096
545 0.171404
546 0.16265
547 0.148613
548 0.175269
549 0.173427
550 0.164503
551 0.148427
552 0.159924
553 0.207714
554 0.178806
555 0.151977
556 0.162053
557 0.180448
558 0.169911
559 0.155283
560 0.176341
561 0.167645
562 0.18125
563 0.18517
564 0.187591
565 0.181689
566 0.174285
567 0.204705
568 0.191528
569 0.204086
570 0.176922
571 0.171009
572 0.182773
573 0.193802
574 0.188457
575 0.171064
576 0.189798
577 0.197136
578 0.212017
579 0.178952
580 0.18518
581 0.189698
582 0.198779
583 0.170468
584 0.173684
585 0.177022
586 0.176621
587 0.181066
588 0.193461
589 0.189605
590 0.168617
591 0.170502
592 0.18316
593 0.18397
594 0.171225
595 0.155314
596 0.171579
597 0.160648
598 0.163504
599 0.168382
600 0.177505
601 0.170858
602 0.164013
603 0.175632
604 0.172132
605 0.160057
606 0.160701
607 0.177099
608 0.162459
609 0.157846
610 0.149175
611 0.172034
612 0.162228
613 0.188875
614 0.16646
615 0.156317
616 0.154337
617 0.189068
618 0.173323
619 0.157818
620 0.150334
621 0.175386
622 0.169964
623 0.164395
624 0.149361
625 0.179237
626 0.169867
627 0.168621
628 0.169225
629 0.181332
630 0.17325
631 0.172383
632 0.169423
633 0.174619
634 0.183338
635 0.173632
636 0.157286
637 0.172718
638 0.161122
639 0.149357
640 0.150581
641 0.160018
642 0.156896
643 0.159938
644 0.152604
645 0.153839
646 0.181187
647 0.165254
648 0.157068
649 0.158127
650 0.181223
651 0.16441
652 0.175858
653 0.166792
654 0.184581
655 0.166522
656 0.201679
657 0.203909
658 0.186406
659 0.154587
660 0.183015
661 0.198856
662 0.172558
663 0.142744
664 0.162601
665 0.188115
666 0.164147
667 0.153093
668 0.180729
669 0.172571
670 0.175812
671 0.175253
672 0.169912
673 0.165189
674 0.202546
675 0.178135
676 0.165556
677 0.189266
678 0.201802
679 0.18568
680 0.167926
681 0.19455
682 0.192229
683 0.168384
684 0.17072
685 0.182944
686 0.178169
687 0.17107
688 0.196044
689 0.189248
690 0.168158
691 0.188164
692 0.204297
693 0.196575
694 0.162522
695 0.187744
696 0.185969
697 0.184391
698 0.187509
699 0.180365
700 0.186229
701 0.181636
702 0.188479
703 0.166585
704 0.170222
705 0.179658
706 0.172739
707 0.159263
708 0.159655
709 0.181109
710 0.176629
711 0.153047
712 0.174563
713 0.178347
714 0.158418
715 0.149624
716 0.163348
717 0.164932
718 0.157081
719 0.164471
720 0.155107
721 0.14973
722 0.161262
723 0.186569
724 0.17702
725 0.168512
726 0.149093
727 0.16326
728 0.180747
729 0.177244
730 0.174692
731 0.160309
732 0.178679
733 0.180853
734 0.200118
735 0.15403
736 0.17699
737 0.180566
738 0.196175
739 0.162308
740 0.171276
741 0.18376
742 0.188411
743 0.167345
744 0.15437
745 0.160988
746 0.178107
747 0.171554
748 0.171125
749 0.155267
750 0.192505
751 0.196247
752 0.203498
753 0.17863
754 0.169998
755 0.191392
756 0.200834
757 0.18259
758 0.177805
759 0.201575
760 0.210007
761 0.183743
762 0.210181
763 0.212615
764 0.202028
765 0.176782
766 0.176961
767 0.185289
768 0.193078
769 0.174423
770 0.175578
771 0.17093
772 0.173436
773 0.200373
774 0.210652
775 0.173956
776 0.15677
777 0.195863
778 0.182239
779 0.16293
780 0.17259
781 0.189866
782 0.172388
783 0.156846
784 0.195432
785 0.197728
786 0.178511
787 0.179122
788 0.180255
789 0.201625
790 0.17826
791 0.184894
792 0.169933
793 0.187436
794 0.172921
795 0.157368
796 0.15995
797 0.171545
798 0.179891
799 0.173745
800 0.16005
801 0.169126
802 0.190555
803 0.207291
804 0.173784
805 0.184938
806 0.167061
807 0.174466
808 0.18205
809 0.178848
810 0.160113
811 0.160259
812 0.179504
813 0.165555
814 0.174051
815 0.164428
816 0.160192
817 0.162356
818 0.1846
819 0.173745
820 0.156419
821 0.180579
822 0.204703
823 0.209074
824 0.166662
825 0.191496
826 0.200403
827 0.182735
828 0.170337
829 0.173704
830 0.176557
831 0.171879
832 0.16921
833 0.156589
834 0.16225
835 0.167487
836 0.16109
837 0.1644
838 0.174915
839 0.163402
840 0.158744
841 0.160775
842 0.188286
843 0.182785
844 0.184195
845 0.157206
846 0.163758
847 0.186375
848 0.188701
849 0.17389
850 0.162082
851 0.180326
852 0.172701
853 0.18621
854 0.156907
855 0.184981
856 0.178703
857 0.182806
858 0.160057
859 0.198336
860 0.171025
861 0.182861
862 0.179358
863 0.187231
864 0.171968
865 0.1842
866 0.189345
867 0.168219
868 0.175857
869 0.197945
870 0.183867
871 0.166889
872 0.156576
873 0.197129
874 0.167655
875 0.167226
876 0.162642
877 0.190584
878 0.172375
879 0.168866
880 0.17267
881 0.202152
882 0.195472
883 0.169547
884 0.183942
885 0.186845
886 0.208949
887 0.171159
888 0.166673
889 0.147892
890 0.19108
891 0.161363
892 0.161107
893 0.163356
894 0.164472
895 0.164941
896 0.186567
897 0.18084
898 0.149916
899 0.163471
900 0.160774
901 0.170664
902 0.170385
903 0.162795
904 0.158636
905 0.201187
906 0.214523
907 0.177561
908 0.172193
909 0.20693
910 0.20916
911 0.178706
912 0.181354
913 0.176896
914 0.179917
915 0.184617
916 0.189796
917 0.169249
918 0.173966
919 0.183216
920 0.17891
921 0.157062
922 0.173168
923 0.195758
924 0.179741
925 0.157606
926 0.148543
927 0.190883
928 0.170836
929 0.16284
930 0.169375
931 0.180344
932 0.188698
933 0.176019
934 0.175037
935 0.175271
936 0.186358
937 0.170692
938 0.177468
939 0.163729
940 0.173929
941 0.18673
942 0.17805
943 0.167235
944 0.176926
945 0.188927
946 0.173055
947 0.198529
948 0.200097
949 0.205874
950 0.184639
951 0.188896
952 0.198417
953 0.205646
954 0.179234
955 0.158805
956 0.188995
957 0.181097
958 0.175525
959 0.174274
960 0.19536
961 0.168337
962 0.168755
963 0.186305
964 0.175063
965 0.169836
966 0.183502
967 0.169857
968 0.161233
969 0.178443
970 0.172742
971 0.153135
972 0.171753
973 0.176714
974 0.156935
975 0.165632
976 0.189213
977 0.179825
978 0.182439
979 0.184065
980 0.193009
981 0.189792
982 0.185895
983 0.167171
984 0.164949
985 0.205226
986 0.179451
987 0.170078
988 0.175403
989 0.206496
990 0.200683
991 0.172277
992 0.164588
993 0.214566
994 0.204675
995 0.169617
996 0.158945
997 0.196046
998 0.178946
999 0.172306
1000 0.173426
1001 0.182043
1002 0.166906
1003 0.167838
1004 0.169545
1005 0.161845
1006 0.153547
1007 0.167338
1008 0.153643
1009 0.161436
1010 0.160547
1011 0.181811
1012 0.174439
1013 0.191491
1014 0.195566
1015 0.185495
1016 0.189084
1017 0.187208
1018 0.185806
1019 0.178273
1020 0.168803
1021 0.160487
1022 0.182726
1023 0.189045
1024 0.181581
1025 0.172612
1026 0.167433
1027 0.204407
1028 0.17694
1029 0.170913
1030 0.153329
1031 0.191126
1032 0.166304
1033 0.171352
1034 0.180992
1035 0.200953
1036 0.189086
1037 0.196613
1038 0.199526
1039 0.184402
1040 0.169115
1041 0.192872
1042 0.179261
1043 0.16997
1044 0.152981
1045 0.197482
1046 0.193414
1047 0.193495
1048 0.154244
1049 0.184255
1050 0.180727
1051 0.165613
1052 0.160853
1053 0.158075
1054 0.156895
1055 0.151025
1056 0.180464
1057 0.17416
1058 0.175064
1059 0.166744
1060 0.180646
1061 0.191382
1062 0.197592
1063 0.187906
1064 0.18566
1065 0.190205
1066 0.190187
1067 0.195657
1068 0.199888
1069 0.178674
1070 0.178624
1071 0.184775
1072 0.18084
1073 0.159928
1074 0.179843
1075 0.168306
1076 0.156963
1077 0.163164
1078 0.180246
1079 0.175813
1080 0.16341
1081 0.170535
1082 0.176922
1083 0.16755
1084 0.180594
1085 0.17901
1086 0.181786
1087 0.176277
1088 0.20057
1089 0.200035
1090 0.194338
1091 0.195941
1092 0.17881
1093 0.196514
1094 0.18986
1095 0.177778
1096 0.153929
1097 0.201423
1098 0.194612
1099 0.175874
1100 0.159832
1101 0.168687
1102 0.180438
1103 0.162603
1104 0.154693
1105 0.148765
1106 0.171084
1107 0.17917
1108 0.173863
1109 0.177352
1110 0.189822
1111 0.185592
1112 0.177701
1113 0.198671
1114 0.185993
1115 0.170262
1116 0.163616
1117 0.161378
1118 0.159606
1119 0.178881
1120 0.16396
1121 0.160547
1122 0.14996
1123 0.184476
1124 0.168169
1125 0.172125
1126 0.173291
1127 0.1922
1128 0.196359
1129 0.16099
1130 0.18996
1131 0.205693
1132 0.189429
1133 0.176036
1134 0.166096
1135 0.175951
1136 0.186329
1137 0.199863
1138 0.166347
1139 0.15443
1140 0.178141
1141 0.199923
1142 0.180139
1143 0.175087
1144 0.16065
1145 0.185159
1146 0.170274
1147 0.195504
1148 0.17263
1149 0.157502
1150 0.158539
1151 0.165734
1152 0.161607
1153 0.158505
1154 0.174716
1155 0.171646
1156 0.15751
1157 0.170125
1158 0.170438
1159 0.198925
1160 0.165893
1161 0.164948
1162 0.175528
1163 0.185465
1164 0.179141
1165 0.18392
1166 0.2009
1167 0.181916
1168 0.204199
1169 0.19254
1170 0.18909
1171 0.172285
1172 0.191163
1173 0.18499
1174 0.165809
1175 0.160906
1176 0.175234
1177 0.194418
1178 0.167868
1179 0.148248
1180 0.161885
1181 0.169521
1182 0.177628
1183 0.168502
1184 0.153849
1185 0.165808
1186 0.185124
1187 0.186449
1188 0.164171
1189 0.159214
1190 0.186981
1191 0.169549
1192 0.160159
1193 0.165528
1194 0.173566
1195 0.164896
1196 0.181043
1197 0.183795
1198 0.157864
1199 0.16101
1200 0.173345
1201 0.171155
1202 0.165199
1203 0.160977
1204 0.172641
1205 0.192136
1206 0.203303
1207 0.187193
1208 0.182125
1209 0.173479
1210 0.180403
1211 0.175521
1212 0.167882
1213 0.16191
1214 0.171604
1215 0.169543
1216 0.175295
1217 0.173336
1218 0.165328
1219 0.193035
1220 0.20778
1221 0.184591
1222 0.144359
1223 0.20029
1224 0.195128
1225 0.183149
1226 0.163591
1227 0.191117
1228 0.192916
1229 0.165783
1230 0.183021
1231 0.192879
1232 0.176998
1233 0.17039
1234 0.177708
1235 0.176206
1236 0.173974
1237 0.180597
1238 0.163458
1239 0.159961
1240 0.194384
1241 0.18498
1242 0.182599
1243 0.186699
1244 0.178527
1245 0.179879
1246 0.207768
1247 0.178627
1248 0.165571
1249 0.159768
1250 0.183583
1251 0.152346
1252 0.177265
1253 0.164727
1254 0.157353
1255 0.142908
1256 0.167038
1257 0.162691
1258 0.158757
1259 0.163758
1260 0.166172
1261 0.159286
1262 0.165023
1263 0.192314
1264 0.180607
1265 0.190396
1266 0.167548
1267 0.187732
1268 0.159732
1269 0.165361
1270 0.15727
1271 0.166966
1272 0.165953
1273 0.15136
1274 0.146114
1275 0.148097
1276 0.171233
1277 0.155353
1278 0.15342
1279 0.153106
1280 0.159084
1281 0.162138
1282 0.155735
1283 0.159898
1284 0.165586
1285 0.182956
1286 0.167592
1287 0.151198
1288 0.162668
1289 0.182684
1290 0.179407
1291 0.165564
1292 0.172669
1293 0.196988
1294 0.180137
1295 0.182461
1296 0.209107
1297 0.181037
1298 0.17465
1299 0.169444
1300 0.166136
1301 0.163301
1302 0.166172
1303 0.166562
1304 0.155135
1305 0.165107
1306 0.163602
1307 0.150462
1308 0.18299
1309 0.189631
1310 0.1857
1311 0.172317
1312 0.192765
1313 0.204701
1314 0.197057
1315 0.181161
1316 0.171873
1317 0.178052
1318 0.187159
1319 0.175224
1320 0.16796
1321 0.161379
1322 0.191972
1323 0.175772
1324 0.165718
1325 0.183128
1326 0.178704
1327 0.165085
1328 0.156458
1329 0.201745
1330 0.174604
1331 0.178475
1332 0.16498
1333 0.163927
1334 0.179465
1335 0.165744
1336 0.170237
1337 0.150621
1338 0.161029
1339 0.146275
1340 0.176331
1341 0.166163
1342 0.169552
1343 0.162962
1344 0.164473
1345 0.170531
1346 0.180184
1347 0.168764
1348 0.149896
1349 0.148721
1350 0.175724
1351 0.163107
1352 0.16374
1353 0.159482
1354 0.176668
1355 0.185348
1356 0.173967
1357 0.174018
1358 0.186564
1359 0.196686
1360 0.184093
1361 0.187275
1362 0.194471
1363 0.1722
1364 0.165359
1365 0.18108
1366 0.170607
1367 0.158432
1368 0.161673
1369 0.161642
1370 0.162342
1371 0.176694
1372 0.176846
1373 0.15579
1374 0.185569
1375 0.201278
1376 0.184217
1377 0.180395
1378 0.177834
1379 0.17049
1380 0.191283
1381 0.20178
1382 0.171165
1383 0.166465
1384 0.209442
1385 0.199143
1386 0.171872
1387 0.166854
1388 0.195415
1389 0.177915
1390 0.182321
1391 0.172331
1392 0.168335
1393 0.170537
1394 0.19241
1395 0.202763
1396 0.194794
1397 0.187662
1398 0.197938
1399 0.18121
1400 0.192578
1401 0.167114
1402 0.189329
1403 0.161766
1404 0.187525
1405 0.171459
1406 0.183216
1407 0.176127
1408 0.187679
1409 0.190228
1410 0.180591
1411 0.190396
1412 0.183628
1413 0.169945
1414 0.163052
1415 0.181993
1416 0.192459
1417 0.173611
1418 0.173878
1419 0.173861
1420 0.193292
1421 0.187446
1422 0.196205
1423 0.176209
1424 0.198035
1425 0.191486
1426 0.191915
1427 0.168604
1428 0.177471
1429 0.187781
1430 0.170229
1431 0.165007
1432 0.172079
1433 0.179951
1434 0.176146
1435 0.18586
1436 0.188639
1437 0.203328
1438 0.203157
1439 0.204414
1440 0.205159
1441 0.19701
1442 0.187241
1443 0.200023
1444 0.193474
1445 0.165853
1446 0.158708
1447 0.179094
1448 0.162272
1449 0.156681
1450 0.151109
1451 0.165593
1452 0.152229
1453 0.152206
1454 0.166079
1455 0.168426
1456 0.159928
1457 0.161623
1458 0.168354
1459 0.166873
1460 0.150776
1461 0.156285
1462 0.153414
1463 0.162271
1464 0.165037
1465 0.168043
1466 0.153368
1467 0.171003
1468 0.178475
1469 0.175809
1470 0.160065
1471 0.150472
1472 0.157051
1473 0.171264
1474 0.163043
1475 0.170749
1476 0.165434
1477 0.164584
1478 0.171623
1479 0.182192
1480 0.166004
1481 0.176883
1482 0.162341
1483 0.167559
1484 0.162935
1485 0.168642
1486 0.163504
1487 0.152884
1488 0.161507
1489 0.177093
1490 0.169146
1491 0.15971
1492 0.151181
1493 0.188065
1494 0.168305
1495 0.187181
1496 0.181328
1497 0.176428
1498 0.190474
1499 0.199108
1500 0.20448
1501 0.182822
1502 0.20207
1503 0.187133
1504 0.189748
1505 0.185117
1506 0.178589
1507 0.162377
1508 0.171359
1509 0.172235
1510 0.169106
1511 0.174386
1512 0.163485
1513 0.183061
1514 0.173055
1515 0.182062
1516 0.161167
1517 0.199553
1518 0.183877
1519 0.172608
1520 0.173648
1521 0.192171
1522 0.1874
1523 0.16834
1524 0.166996
1525 0.166898
1526 0.168965
1527 0.167632
1528 0.163588
1529 0.167094
1530 0.18782
1531 0.189888
1532 0.174698
1533 0.175882
1534 0.192912
1535 0.168671
1536 0.153549
1537 0.153461
1538 0.165362
1539 0.157315
1540 0.160324
1541 0.157487
1542 0.145515
1543 0.167152
1544 0.184481
1545 0.172595
1546 0.152425
1547 0.184694
1548 0.187318
1549 0.184145
1550 0.172762
1551 0.174392
1552 0.184082
1553 0.181159
1554 0.182531
1555 0.164144
1556 0.176536
1557 0.166359
1558 0.169077
1559 0.174581
1560 0.173454
1561 0.188244
1562 0.163178
1563 0.169428
1564 0.166867
1565 0.185651
1566 0.157234
1567 0.165697
1568 0.17888
1569 0.161954
1570 0.168306
1571 0.198589
1572 0.199966
1573 0.171779
1574 0.188217
1575 0.177543
1576 0.170614
1577 0.173519
1578 0.173305
1579 0.152258
1580 0.154598
1581 0.182223
1582 0.164181
1583 0.151809
1584 0.178537
1585 0.187499
1586 0.175972
1587 0.170348
1588 0.184818
1589 0.192607
1590 0.171813
1591 0.174559
1592 0.18099
1593 0.200371
1594 0.181141
1595 0.165447
1596 0.174571
1597 0.184596
1598 0.190232
1599 0.168128
1600 0.191412
1601 0.185889
1602 0.181983
1603 0.171467
1604 0.173482
1605 0.15992
1606 0.183088
1607 0.167641
1608 0.163246
1609 0.150948
1610 0.182754
1611 0.180685
1612 0.168609
1613 0.145694
1614 0.169594
1615 0.171718
1616 0.160463
1617 0.148955
1618 0.16252
1619 0.162085
1620 0.169073
1621 0.169823
1622 0.186597
1623 0.198091
1624 0.188063
1625 0.180236
1626 0.176189
1627 0.189769
1628 0.188377
1629 0.164763
1630 0.157441
1631 0.168187
1632 0.169863
1633 0.167264
1634 0.160303
1635 0.166817
1636 0.154035
1637 0.18754
1638 0.170569
1639 0.167531
1640 0.170128
1641 0.168797
1642 0.179417
1643 0.172792
1644 0.174326
1645 0.174792
1646 0.189625
1647 0.177546
1648 0.189754
1649 0.192493
1650 0.18698
1651 0.163951
1652 0.20064
1653 0.18008
1654 0.16015
1655 0.15048
1656 0.165858
1657 0.174813
1658 0.165454
1659 0.170819
1660 0.165328
1661 0.17546
1662 0.184736
1663 0.172894
1664 0.170932
1665 0.176917
1666 0.161581
1667 0.1532
1668 0.158762
1669 0.174453
1670 0.171494
1671 0.159774
1672 0.182677
1673 0.194934
1674 0.175751
1675 0.160411
1676 0.173563
1677 0.197351
1678 0.169462
1679 0.172179
1680 0.159358
1681 0.197827
1682 0.189798
1683 0.184228
1684 0.183207
1685 0.17367
1686 0.175425
1687 0.163522
1688 0.191141
1689 0.171255
1690 0.159565
1691 0.156002
1692 0.163497
1693 0.179581
1694 0.161961
1695 0.178341
1696 0.158958
1697 0.157374
1698 0.15371
1699 0.169464
1700 0.163562
1701 0.149969
1702 0.152772
1703 0.14732
1704 0.161165
1705 0.16925
1706 0.176395
1707 0.16561
1708 0.160662
1709 0.194158
1710 0.189908
1711 0.169907
1712 0.18131
1713 0.190012
1714 0.185977
1715 0.18445
1716 0.198739
1717 0.186415
1718 0.172556
1719 0.183891
1720 0.181682
1721 0.170797
1722 0.169278
1723 0.185298
1724 0.182583
1725 0.179068
1726 0.17222
1727 0.2034
1728 0.182277
1729 0.171783
1730 0.177993
1731 0.180004
1732 0.165331
1733 0.172955
1734 0.169796
1735 0.175909
1736 0.171747
1737 0.17251
1738 0.158151
1739 0.171196
1740 0.1722
1741 0.190219
1742 0.18236
1743 0.182964
1744 0.189632
1745 0.200842
1746 0.18122
1747 0.178209
1748 0.177745
1749 0.168068
1750 0.177222
1751 0.178968
1752 0.171053
1753 0.159255
1754 0.174207
1755 0.174275
1756 0.15894
1757 0.168906
1758 0.167803
1759 0.155547
1760 0.146826
1761 0.182959
1762 0.1752
1763 0.160472
1764 0.146973
1765 0.183255
1766 0.183276
1767 0.169251
1768 0.158021
1769 0.177888
1770 0.165209
1771 0.165341
1772 0.178472
1773 0.165568
1774 0.156638
1775 0.154589
1776 0.172537
1777 0.155233
1778 0.159999
1779 0.173512
1780 0.184431
1781 0.162891
1782 0.165069
1783 0.171087
1784 0.184924
1785 0.160275
1786 0.170311
1787 0.167051
1788 0.17332
1789 0.168833
1790 0.179785
1791 0.191792
1792 0.193647
1793 0.166492
1794 0.17387
1795 0.194301
1796 0.190917
1797 0.157575
1798 0.181574
1799 0.18561
1800 0.170077
1801 0.162983
1802 0.192622
1803 0.176016
1804 0.177971
1805 0.189855
1806 0.198251
1807 0.172882
1808 0.19153
1809 0.203349
1810 0.184601
1811 0.163769
1812 0.166029
1813 0.177316
1814 0.166325
1815 0.166596
1816 0.154798
1817 0.160962
1818 0.16839
1819 0.184423
1820 0.171291
1821 0.152563
1822 0.175714
1823 0.18517
1824 0.167593
1825 0.167679
1826 0.175065
1827 0.187557
1828 0.181831
1829 0.185588
1830 0.177456
1831 0.171514
1832 0.186347
1833 0.192518
1834 0.151729
1835 0.139141
1836 0.171654
1837 0.190534
1838 0.15759
1839 0.130191
1840 0.182814
1841 0.185557
1842 0.157559
1843 0.160699
1844 0.17073
1845 0.196366
1846 0.168652
1847 0.190027
1848 0.175471
1849 0.197079
1850 0.183867
1851 0.186998
1852 0.189025
1853 0.209511
1854 0.195357
1855 0.201903
1856 0.189056
1857 0.20251
1858 0.197109
1859 0.206312
1860 0.187529
1861 0.184013
1862 0.170755
1863 0.189497
1864 0.169216
1865 0.17914
1866 0.1776
1867 0.189131
1868 0.186983
1869 0.176068
1870 0.185636
1871 0.200592
1872 0.19571
1873 0.15612
1874 0.160529
1875 0.171297
1876 0.164397
1877 0.156125
1878 0.155266
1879 0.156613
1880 0.15846
1881 0.176927
1882 0.171906
1883 0.177788
1884 0.197116
1885 0.18763
1886 0.161168
1887 0.198729
1888 0.188896
1889 0.176677
1890 0.174144
1891 0.196465
1892 0.174023
1893 0.162342
1894 0.173712
1895 0.170285
1896 0.182329
1897 0.165038
1898 0.151857
1899 0.144148
1900 0.182075
1901 0.164806
1902 0.154522
1903 0.161832
1904 0.186981
1905 0.162161
1906 0.151371
1907 0.172602
1908 0.173186
1909 0.16382
1910 0.154591
1911 0.164332
1912 0.167136
1913 0.18564
1914 0.17916
1915 0.162621
1916 0.185809
1917 0.178805
1918 0.172127
1919 0.163921
1920 0.194929
1921 0.161262
1922 0.155005
1923 0.148261
1924 0.16468
1925 0.169822
1926 0.172735
1927 0.154015
1928 0.164474
1929 0.185585
1930 0.188981
1931 0.174369
1932 0.176344
1933 0.177365
1934 0.175156
1935 0.185083
1936 0.160924
1937 0.1573
1938 0.177197
1939 0.175947
1940 0.161298
1941 0.16955
1942 0.168993
1943 0.197287
1944 0.162952
1945 0.173909
1946 0.176869
1947 0.175408
1948 0.171287
1949 0.169964
1950 0.177415
1951 0.166884
1952 0.177335
1953 0.188449
1954 0.186989
1955 0.171695
1956 0.16841
1957 0.189751
1958 0.195125
1959 0.1741
1960 0.17033
1961 0.163182
1962 0.180996
1963 0.187379
1964 0.185485
1965 0.165331
1966 0.175978
1967 0.18303
1968 0.184315
1969 0.192278
1970 0.182897
1971 0.198527
1972 0.199333
1973 0.214363
1974 0.18677
1975 0.200471
1976 0.182442
1977 0.184087
1978 0.187608
1979 0.178021
1980 0.160243
1981 0.142559
1982 0.193253
1983 0.17872
1984 0.16225
1985 0.150743
1986 0.19751
1987 0.19661
1988 0.196562
1989 0.164502
1990 0.180535
1991 0.181661
1992 0.182229
1993 0.171582
1994 0.179881
1995 0.168257
1996 0.166304
1997 0.183776
1998 0.194401
1999 0.18628
2000 0.171195
2001 0.159316
2002 0.168754
2003 0.170153
2004 0.160029
2005 0.155197
2006 0.144407
2007 0.158803
2008 0.154107
2009 0.160544
2010 0.161142
2011 0.181976
2012 0.167529
2013 0.170936
2014 0.181879
2015 0.18157
2016 0.188561
2017 0.169521
2018 0.175303
2019 0.164368
2020 0.190123
2021 0.167261
2022 0.176596
2023 0.1754
2024 0.182283
2025 0.177467
2026 0.175989
2027 0.195093
2028 0.185856
2029 0.178506
2030 0.174717
2031 0.171807
2032 0.179522
2033 0.175292
2034 0.182829
2035 0.174262
2036 0.167814
2037 0.176037
2038 0.168023
2039 0.16764
2040 0.169689
2041 0.176768
2042 0.169563
2043 0.163711
2044 0.159453
2045 0.181817
2046 0.18295
2047 0.201183
2048 0.175258
2049 0.192739
2050 0.166891
2051 0.180282
2052 0.178807
2053 0.188908
2054 0.177081
2055 0.168621
2056 0.150649
2057 0.184596
2058 0.181808
2059 0.185346
2060 0.183416
2061 0.178528
2062 0.154644
2063 0.187781
2064 0.186932
2065 0.163565
2066 0.153687
2067 0.16553
2068 0.160783
2069 0.15077
2070 0.156097
2071 0.153508
2072 0.154496
2073 0.16833
2074 0.165631
2075 0.158459
2076 0.162714
2077 0.185495
2078 0.178809
2079 0.182888
2080 0.202048
2081 0.190545
2082 0.162586
2083 0.187166
2084 0.178249
2085 0.183358
2086 0.168033
2087 0.174704
2088 0.17114
2089 0.19435
2090 0.188605
2091 0.186532
2092 0.184159
2093 0.188614
2094 0.20314
2095 0.199775
2096 0.193694
2097 0.18926
2098 0.191257
2099 0
