0 -16.7491
1 -8.95408
2 -20.8421
3 -31.4731
4 -36.9451
5 -39.5599
6 -40.8181
7 -40.3653
8 -38.3271
9 -34.3769
10 -30.57
11 -32.8534
12 -29.4209
13 -25.2544
14 -26.6232
15 -22.7806
16 -15.0375
17 -4.42073
18 -6.56017
19 -0.236707
20 -0.784504
21 -0.397578
22 -0.240093
23 0.00291526
24 0.182712
25 0.23905
26 0.401632
27 0.420545
28 0.384522
29 0.364228
30 0.328416
31 0.429112
32 0.368659
33 0.286345
34 0.283661
35 0.267225
36 0.388363
37 0.49086
38 0.346134
39 0.367758
40 0.476509
41 0.55902
42 0.539824
43 0.600958
44 0.536523
45 0.552938
46 0.532658
47 0.527806
48 0.334944
49 0.300076
50 0.480554
51 0.337714
52 0.401488
53 0.439459
54 0.282074
55 0.420112
56 0.381248
57 0.357663
58 0.393104
59 0.2412
60 0.182759
61 0.17829
62 0.369765
63 0.25422
64 0.373387
65 0.324537
66 0.283931
67 0.295709
68 0.350939
69 0.511908
70 0.373447
71 0.317413
72 0.408747
73 0.424075
74 0.35396
75 0.254211
76 0.224839
77 0.250279
78 0.315388
79 0.232569
80 0.366784
81 0.450446
82 0.40761
83 0.505892
84 0.378963
85 0.473695
86 0.354896
87 0.33533
88 0.283719
89 0.196252
90 0.32511
91 0.293224
92 0.354707
93 0.259643
94 0.242297
95 0.353127
96 0.304935
97 0.255116
98 0.232049
99 0.341023
100 0.225883
101 0.208134
102 0.276041
103 0.448547
104 0.294361
105 0.236991
106 0.407803
107 0.347402
108 0.234224
109 0.241439
110 0.266091
111 0.282035
112 0.203284
113 0.250078
114 0.242418
115 0.410535
116 0.503848
117 0.53848
118 0.434693
119 0.332456
120 0.447455
121 0.31901
122 0.477996
123 0.373359
124 0.370267
125 0.366196
126 0.42073
127 0.401778
128 0.495489
129 0.480006
130 0.40274
131 0.391689
132 0.347615
133 0.340133
134 0.408465
135 0.325598
136 0.287339
137 0.470322
138 0.5551
139 0.476332
140 0.479149
141 0.521968
142 0.474477
143 0.301124
144 0.32697
145 0.245932
146 0.233793
147 0.426463
148 0.390437
149 0.440973
150 0.307
151 0.378341
152 0.37714
153 0.438217
154 0.322809
155 0.380307
156 0.388335
157 0.398733
158 0.455944
159 0.517375
160 0.42092
161 0.281727
162 0.286603
163 0.241862
164 0.36099
165 0.455572
166 0.570178
167 0.527921
168 0.432311
169 0.352832
170 0.447921
171 0.485287
172 0.35514
173 0.381183
174 0.355514
175 0.307286
176 0.46434
177 0.293828
178 0.480122
179 0.484225
180 0.589201
181 0.41714
182 0.353898
183 0.481469
184 0.292639
185 0.429226
186 0.265325
187 0.419198
188 0.491343
189 0.431807
190 0.419052
191 0.546687
192 0.471066
193 0.540305
194 0.494196
195 0.415343
196 0.464667
197 0.283219
198 0.267291
199 0.192415
200 0.200101
201 0.373497
202 0.435355
203 0.446513
204 0.420713
205 0.4707
206 0.341111
207 0.243413
208 0.226213
209 0.431429
210 0.521916
211 0.29971
212 0.507252
213 0.438379
214 0.368135
215 0.354758
216 0.49419
217 0.308705
218 0.42828
219 0.475544
220 0.299042
221 0.495715
222 0.447969
223 0.313058
224 0.489848
225 0.41557
226 0.400053
227 0.46132
228 0.386461
229 0.26663
230 0.449372
231 0.495289
232 0.327398
233 0.430553
234 0.426258
235 0.504337
236 0.503261
237 0.587698
238 0.380974
239 0.469164
240 0.53616
241 0.398652
242 0.379798
243 0.270441
244 0.274538
245 0.292661
246 0.24335
247 0.469505
248 0.445127
249 0.300551
250 0.479903
251 0.400467
252 0.5325
253 0.37827
254 0.384283
255 0.304411
256 0.307722
257 0.375482
258 0.392953
259 0.361142
260 0.449355
261 0.506393
262 0.426668
263 0.314185
264 0.350329
265 0.385683
266 0.27966
267 0.48567
268 0.551507
269 0.363064
270 0.47717
271 0.434183
272 0.324847
273 0.343943
274 0.435301
275 0.489485
276 0.565088
277 0.412932
278 0.265042
279 0.48426
280 0.293147
281 0.475542
282 0.514674
283 0.312146
284 0.528596
285 0.30813
286 0.472225
287 0.396404
288 0.495491
289 0.485184
290 0.413646
291 0.544694
292 0.569594
293 0.556358
294 0.399802
295 0.481613
296 0.382448
297 0.458402
298 0.344159
299 0.38628
300 0.516717
301 0.443585
302 0.481992
303 0.416434
304 0.378583
305 0.24733
306 0.38371
307 0.479682
308 0.407338
309 0.446771
310 0.543752
311 0.594471
312 0.446242
313 0.278084
314 0.257557
315 0.249789
316 0.37432
317 0.423795
318 0.549928
319 0.351227
320 0.478558
321 0.410871
322 0.371162
323 0.519908
324 0.35825
325 0.452817
326 0.407244
327 0.445238
328 0.447234
329 0.442905
330 0.364744
331 0.415411
332 0.387667
333 0.376739
334 0.313611
335 0.371639
336 0.22997
337 0.363372
338 0.427761
339 0.340741
340 0.336406
341 0.317435
342 0.38808
343 0.425985
344 0.423564
345 0.309989
346 0.267211
347 0.28711
348 0.460644
349 0.349634
350 0.480842
351 0.344083
352 0.432535
353 0.536089
354 0.323031
355 0.51204
356 0.288347
357 0.360461
358 0.436717
359 0.543727
360 0.433567
361 0.463308
362 0.492901
363 0.332503
364 0.328651
365 0.404729
366 0.271005
367 0.345616
368 0.246077
369 0.39972
370 0.466408
371 0.315462
372 0.391967
373 0.246969
374 0.214995
375 0.249675
376 0.347713
377 0.352681
378 0.425003
379 0.507038
380 0.561479
381 0.520554
382 0.489947
383 0.390908
384 0.253921
385 0.327217
386 0.368985
387 0.276421
388 0.326511
389 0.315965
390 0.470957
391 0.462072
392 0.335721
393 0.28879
394 0.383778
395 0.409953
396 0.358302
397 0.24694
398 0.333126
399 0.365557
400 0.426769
401 0.373124
402 0.472562
403 0.501837
404 0.365758
405 0.440935
406 0.475741
407 0.307132
408 0.494666
409 0.49592
410 0.563916
411 0.457494
412 0.458044
413 0.530682
414 0.507649
415 0.496152
416 0.526239
417 0.397447
418 0.547203
419 0.500091
420 0.573979
421 0.380428
422 0.253373
423 0.411395
424 0.24178
425 0.249287
426 0.323301
427 0.243414
428 0.461551
429 0.389126
430 0.552251
431 0.366071
432 0.28093
433 0.313712
434 0.47522
435 0.515676
436 0.362589
437 0.544371
438 0.524882
439 0.380463
440 0.393577
441 0.469762
442 0.53035
443 0.511541
444 0.561016
445 0.552465
446 0.439966
447 0.34313
448 0.302693
449 0.399801
450 0.283748
451 0.366054
452 0.42615
453 0.46756
454 0.276049
455 0.251421
456 0.236455
457 0.295968
458 0.274439
459 0.396486
460 0.515167
461 0.510992
462 0.313516
463 0.481763
464 0.545504
465 0.460403
466 0.580394
467 0.611621
468 0.471664
469 0.454345
470 0.46923
471 0.338632
472 0.45422
473 0.340687
474 0.519313
475 0.517678
476 0.601853
477 0.572629
478 0.513633
479 0.604309
480 0.326972
481 0.454368
482 0.510476
483 0.537879
484 0.490624
485 0.352791
486 0.478921
487 0.501861
488 0.53361
489 0.358264
490 0.286709
491 0.45659
492 0.414893
493 0.267678
494 0.420352
495 0.282685
496 0.412808
497 0.376399
498 0.290151
499 0.297389
500 0.268748
501 0.374812
502 0.403549
503 0.441719
504 0.288992
505 0.499701
506 0.556408
507 0.533692
508 0.34067
509 0.359956
510 0.260275
511 0.276383
512 0.456134
513 0.376837
514 0.52138
515 0.452641
516 0.559592
517 0.523971
518 0.478647
519 0.485776
520 0.541379
521 0.388795
522 0.371292
523 0.344191
524 0.466205
525 0.320826
526 0.367162
527 0.494683
528 0.444765
529 0.460112
530 0.421316
531 0.486588
532 0.556507
533 0.610308
534 0.561208
535 0.459807
536 0.359525
537 0.422219
538 0.440978
539 0.37703
540 0.541278
541 0.501694
542 0.452778
543 0.348232
544 0.48626
545 0.541877
546 0.342384
547 0.278461
548 0.368543
549 0.420403
550 0.474821
551 0.408338
552 0.341785
553 0.35637
554 0.360497
555 0.498619
556 0.455364
557 0.35237
558 0.484647
559 0.553095
560 0.512916
561 0.424759
562 0.280188
563 0.391417
564 0.41629
565 0.4321
566 0.339569
567 0.412148
568 0.339548
569 0.325142
570 0.449611
571 0.475299
572 0.327348
573 0.330013
574 0.313138
575 0.204042
576 0.35273
577 0.466574
578 0.526737
579 0.352452
580 0.375863
581 0.375846
582 0.271931
583 0.364325
584 0.404914
585 0.539723
586 0.597487
587 0.636831
588 0.59585
589 0.421582
590 0.487864
591 0.371229
592 0.540026
593 0.321259
594 0.538626
595 0.387882
596 0.316117
597 0.459159
598 0.353408
599 0.474996
600 0.441739
601 0.370508
602 0.411595
603 0.490069
604 0.381169
605 0.468546
606 0.35836
607 0.392878
608 0.251843
609 0.448379
610 0.348629
611 0.245328
612 0.432997
613 0.252061
614 0.271072
615 0.311513
616 0.325971
617 0.248702
618 0.249035
619 0.356416
620 0.281265
621 0.267989
622 0.203921
623 0.298619
624 0.322165
625 0.421102
626 0.374184
627 0.545907
628 0.414736
629 0.325739
630 0.298042
631 0.45559
632 0.414754
633 0.362931
634 0.455933
635 0.428291
636 0.312557
637 0.288335
638 0.461212
639 0.34134
640 0.427276
641 0.350943
642 0.349553
643 0.506645
644 0.545783
645 0.519794
646 0.529609
647 0.469909
648 0.520428
649 0.336023
650 0.347481
651 0.302199
652 0.4518
653 0.468202
654 0.517296
655 0.480178
656 0.316497
657 0.39003
658 0.443973
659 0.367573
660 0.40605
661 0.26729
662 0.316916
663 0.277721
664 0.253372
665 0.29043
666 0.411455
667 0.315612
668 0.435787
669 0.452161
670 0.380137
671 0.255032
672 0.264364
673 0.222074
674 0.39102
675 0.33648
676 0.296572
677 0.478256
678 0.537778
679 0.309106
680 0.412293
681 0.437874
682 0.425814
683 0.560437
684 0.361408
685 0.287514
686 0.286334
687 0.369749
688 0.316194
689 0.318205
690 0.274642
691 0.218557
692 0.193072
693 0.339638
694 0.323839
695 0.258659
696 0.275135
697 0.307113
698 0.436685
699 0.384768
700 0.380389
701 0.385694
702 0.419626
703 0.470491
704 0.451796
705 0.430714
706 0.482917
707 0.565412
708 0.465771
709 0.403654
710 0.266234
711 0.24877
712 0.443181
713 0.260205
714 0.387482
715 0.268553
716 0.388563
717 0.516961
718 0.583429
719 0.495213
720 0.579238
721 0.462912
722 0.340474
723 0.306865
724 0.264612
725 0.44455
726 0.521153
727 0.373188
728 0.389686
729 0.521406
730 0.430601
731 0.292254
732 0.338078
733 0.227225
734 0.413785
735 0.338795
736 0.511715
737 0.460254
738 0.40028
739 0.449709
740 0.472494
741 0.398108
742 0.258939
743 0.401503
744 0.241422
745 0.299824
746 0.409485
747 0.272313
748 0.195204
749 0.24678
750 0.38772
751 0.238494
752 0.270354
753 0.396095
754 0.244464
755 0.415241
756 0.367979
757 0.243687
758 0.261228
759 0.377871
760 0.506024
761 0.436677
762 0.575313
763 0.475905
764 0.453283
765 0.278536
766 0.27879
767 0.309342
768 0.197597
769 0.366853
770 0.493634
771 0.505117
772 0.508419
773 0.357342
774 0.250199
775 0.184329
776 0.394652
777 0.314974
778 0.234493
779 0.189639
780 0.219491
781 0.402309
782 0.51097
783 0.344504
784 0.495444
785 0.363748
786 0.304851
787 0.314574
788 0.332628
789 0.39699
790 0.325441
791 0.319008
792 0.463148
793 0.465361
794 0.508259
795 0.399862
796 0.417693
797 0.294013
798 0.321628
799 0.282037
800 0.255831
801 0.226086
802 0.373523
803 0.325339
804 0.229447
805 0.229376
806 0.277586
807 0.21803
808 0.395496
809 0.314788
810 0.386075
811 0.348434
812 0.394148
813 0.488941
814 0.312966
815 0.304742
816 0.356211
817 0.344208
818 0.513557
819 0.565529
820 0.408767
821 0.395383
822 0.328315
823 0.301627
824 0.350015
825 0.255474
826 0.237205
827 0.229649
828 0.201526
829 0.422575
830 0.35678
831 0.396255
832 0.338942
833 0.234545
834 0.435885
835 0.35295
836 0.277592
837 0.260869
838 0.291302
839 0.438826
840 0.357424
841 0.33576
842 0.400169
843 0.307389
844 0.29077
845 0.432424
846 0.39507
847 0.340743
848 0.37422
849 0.336193
850 0.379342
851 0.299659
852 0.218927
853 0.194104
854 0.362289
855 0.420877
856 0.40575
857 0.503314
858 0.385986
859 0.457802
860 0.317453
861 0.339648
862 0.281163
863 0.409592
864 0.335628
865 0.248446
866 0.436922
867 0.410673
868 0.553285
869 0.454417
870 0.394383
871 0.374601
872 0.432581
873 0.379309
874 0.350744
875 0.317855
876 0.287877
877 0.383466
878 0.389802
879 0.313195
880 0.456826
881 0.498611
882 0.438359
883 0.402252
884 0.296241
885 0.342167
886 0.372539
887 0.313914
888 0.303789
889 0.447707
890 0.40064
891 0.370256
892 0.424084
893 0.448144
894 0.421359
895 0.488436
896 0.429597
897 0.458244
898 0.282532
899 0.380018
900 0.273769
901 0.412815
902 0.247101
903 0.27801
904 0.362587
905 0.51643
906 0.543247
907 0.487386
908 0.528674
909 0.494598
910 0.576479
911 0.447493
912 0.533958
913 0.595919
914 0.34324
915 0.536861
916 0.337692
917 0.432196
918 0.411138
919 0.372661
920 0.518939
921 0.33058
922 0.396919
923 0.247832
924 0.26075
925 0.350171
926 0.291466
927 0.411606
928 0.357723
929 0.481624
930 0.346339
931 0.425206
932 0.27569
933 0.270392
934 0.376519
935 0.351316
936 0.304984
937 0.330514
938 0.225148
939 0.396463
940 0.241343
941 0.29281
942 0.40123
943 0.308697
944 0.22476
945 0.305305
946 0.283224
947 0.335888
948 0.226199
949 0.202605
950 0.35507
951 0.458558
952 0.339574
953 0.289209
954 0.471237
955 0.26495
956 0.337968
957 0.278089
958 0.209252
959 0.370404
960 0.398748
961 0.413796
962 0.497688
963 0.466585
964 0.374224
965 0.332815
966 0.263534
967 0.478528
968 0.559537
969 0.518474
970 0.417546
971 0.528189
972 0.540892
973 0.41691
974 0.261079
975 0.228363
976 0.337102
977 0.432482
978 0.39377
979 0.478362
980 0.335732
981 0.410896
982 0.39921
983 0.367504
984 0.453416
985 0.418981
986 0.43773
987 0.381245
988 0.324905
989 0.287512
990 0.287303
991 0.437029
992 0.262905
993 0.312309
994 0.201074
995 0.36355
996 0.443817
997 0.470649
998 0.326277
999 0.241727
1000 0.439642
1001 0.487784
1002 0.526399
1003 0.478422
1004 0.30363
1005 0.514178
1006 0.338761
1007 0.476957
1008 0.389495
1009 0.356661
1010 0.322819
1011 0.387165
1012 0.231123
1013 0.469933
1014 0.350288
1015 0.409498
1016 0.453702
1017 0.392438
1018 0.482755
1019 0.396945
1020 0.395014
1021 0.29858
1022 0.407249
1023 0.287753
1024 0.277557
1025 0.244444
1026 0.276126
1027 0.2473
1028 0.400436
1029 0.297186
1030 0.356522
1031 0.230026
1032 0.285176
1033 0.321533
1034 0.31201
1035 0.251412
1036 0.196211
1037 0.420654
1038 0.430281
1039 0.544584
1040 0.45021
1041 0.442575
1042 0.389219
1043 0.27412
1044 0.450697
1045 0.42708
1046 0.311357
1047 0.249936
1048 0.351369
1049 0.457729
1050 0.478429
1051 0.445453
1052 0.339606
1053 0.305699
1054 0.476567
1055 0.49911
1056 0.575295
1057 0.541406
1058 0.576254
1059 0.321186
1060 0.378917
1061 0.305812
1062 0.293967
1063 0.457481
1064 0.408085
1065 0.322543
1066 0.41007
1067 0.32006
1068 0.25999
1069 0.426371
1070 0.352788
1071 0.41403
1072 0.525251
1073 0.36566
1074 0.547784
1075 0.347483
1076 0.357165
1077 0.395264
1078 0.432342
1079 0.523661
1080 0.383108
1081 0.312867
1082 0.443825
1083 0.37898
1084 0.449459
1085 0.454641
1086 0.559912
1087 0.467204
1088 0.282819
1089 0.380651
1090 0.444487
1091 0.45174
1092 0.379495
1093 0.276689
1094 0.450264
1095 0.289467
1096 0.335711
1097 0.323766
1098 0.468619
1099 0.396614
1100 0.543781
1101 0.310491
1102 0.295191
1103 0.44503
1104 0.45259
1105 0.325573
1106 0.381614
1107 0.410365
1108 0.46456
1109 0.496523
1110 0.594637
1111 0.319017
1112 0.405935
1113 0.347819
1114 0.388246
1115 0.333738
1116 0.225299
1117 0.405975
1118 0.388751
1119 0.315752
1120 0.226489
1121 0.178034
1122 0.414107
1123 0.276991
1124 0.398866
1125 0.51401
1126 0.485035
1127 0.58081
1128 0.477445
1129 0.455728
1130 0.54101
1131 0.43757
1132 0.485958
1133 0.382068
1134 0.438589
1135 0.35426
1136 0.309014
1137 0.474373
1138 0.326682
1139 0.523464
1140 0.551662
1141 0.487107
1142 0.517626
1143 0.531642
1144 0.413968
1145 0.32898
1146 0.51314
1147 0.386451
1148 0.528951
1149 0.291068
1150 0.411188
1151 0.507608
1152 0.46396
1153 0.581324
1154 0.424598
1155 0.37642
1156 0.517807
1157 0.392513
1158 0.375287
1159 0.341245
1160 0.466846
1161 0.419318
1162 0.386925
1163 0.407795
1164 0.472065
1165 0.420109
1166 0.264919
1167 0.413879
1168 0.294761
1169 0.392548
1170 0.270946
1171 0.349057
1172 0.374507
1173 0.517416
1174 0.406634
1175 0.488578
1176 0.510944
1177 0.474373
1178 0.346282
1179 0.339708
1180 0.263845
1181 0.372499
1182 0.309521
1183 0.285956
1184 0.342614
1185 0.374073
1186 0.397952
1187 0.324822
1188 0.288741
1189 0.483485
1190 0.365242
1191 0.425202
1192 0.538202
1193 0.368275
1194 0.24012
1195 0.390988
1196 0.359016
1197 0.449197
1198 0.562881
1199 0.456117
1200 0.508739
1201 0.568987
1202 0.442061
1203 0.301413
1204 0.370133
1205 0.322095
1206 0.340025
1207 0.218316
1208 0.412466
1209 0.416331
1210 0.263612
1211 0.261937
1212 0.277229
1213 0.23055
1214 0.418322
1215 0.245982
1216 0.344883
1217 0.230665
1218 0.42495
1219 0.41205
1220 0.476088
1221 0.415264
1222 0.537899
1223 0.466824
1224 0.402495
1225 0.295973
1226 0.239238
1227 0.352023
1228 0.379182
1229 0.38761
1230 0.403782
1231 0.266952
1232 0.322035
1233 0.412249
1234 0.275848
1235 0.502269
1236 0.543399
1237 0.605024
1238 0.619606
1239 0.549986
1240 0.575741
1241 0.36283
1242 0.32862
1243 0.449026
1244 0.265238
1245 0.297115
1246 0.215058
1247 0.447692
1248 0.482403
1249 0.300719
1250 0.253067
1251 0.222142
1252 0.325527
1253 0.459027
1254 0.38363
1255 0.520514
1256 0.43262
1257 0.55623
1258 0.485403
1259 0.307968
1260 0.232345
1261 0.299646
1262 0.352834
1263 0.224429
1264 0.479481
1265 0.417425
1266 0.51662
1267 0.500426
1268 0.456108
1269 0.297822
1270 0.260332
1271 0.321716
1272 0.411344
1273 0.44976
1274 0.568279
1275 0.313068
1276 0.42168
1277 0.496745
1278 0.533708
1279 0.526242
1280 0.54548
1281 0.400899
1282 0.398186
1283 0.279124
1284 0.468541
1285 0.271102
1286 0.437828
1287 0.383334
1288 0.539501
1289 0.410026
1290 0.438562
1291 0.43377
1292 0.321812
1293 0.42042
1294 0.287182
1295 0.343706
1296 0.365573
1297 0.525274
1298 0.42238
1299 0.476808
1300 0.431261
1301 0.285717
1302 0.480398
1303 0.327264
1304 0.402202
1305 0.500865
1306 0.42588
1307 0.347289
1308 0.327478
1309 0.214206
1310 0.165838
1311 0.169727
1312 0.347366
1313 0.281097
1314 0.268181
1315 0.421515
1316 0.414768
1317 0.376599
1318 0.283984
1319 0.473809
1320 0.269041
1321 0.234417
1322 0.244706
1323 0.30444
1324 0.357454
1325 0.349034
1326 0.265338
1327 0.381974
1328 0.312136
1329 0.388705
1330 0.34539
1331 0.429707
1332 0.311717
1333 0.214494
1334 0.337061
1335 0.390935
1336 0.533066
1337 0.3138
1338 0.2309
1339 0.246024
1340 0.346171
1341 0.327768
1342 0.479865
1343 0.563942
1344 0.375241
1345 0.300266
1346 0.479863
1347 0.448258
1348 0.332455
1349 0.466154
1350 0.279237
1351 0.405966
1352 0.360294
1353 0.366105
1354 0.423793
1355 0.409859
1356 0.448427
1357 0.500194
1358 0.368845
1359 0.49866
1360 0.346852
1361 0.26994
1362 0.269912
1363 0.217632
1364 0.384345
1365 0.265967
1366 0.460942
1367 0.280086
1368 0.337092
1369 0.464465
1370 0.412341
1371 0.471895
1372 0.505054
1373 0.447063
1374 0.429685
1375 0.444696
1376 0.467741
1377 0.315835
1378 0.400543
1379 0.325649
1380 0.226506
1381 0.364986
1382 0.474972
1383 0.513555
1384 0.439994
1385 0.572433
1386 0.450397
1387 0.377992
1388 0.528695
1389 0.402497
1390 0.557887
1391 0.55605
1392 0.502761
1393 0.473155
1394 0.28386
1395 0.429533
1396 0.493152
1397 0.455099
1398 0.509382
1399 0.429175
1400 0.339256
1401 0.37154
1402 0.369086
1403 0.236537
1404 0.457325
1405 0.516717
1406 0.371312
1407 0.370711
1408 0.485026
1409 0.456472
1410 0.414558
1411 0.363177
1412 0.46815
1413 0.326834
1414 0.505197
1415 0.365975
1416 0.371921
1417 0.374761
1418 0.351182
1419 0.239383
1420 0.330749
1421 0.436306
1422 0.342887
1423 0.351538
1424 0.47139
1425 0.325372
1426 0.389373
1427 0.281895
1428 0.340822
1429 0.388629
1430 0.304259
1431 0.253523
1432 0.248263
1433 0.44565
1434 0.29728
1435 0.520175
1436 0.472033
1437 0.282879
1438 0.333482
1439 0.328864
1440 0.385819
1441 0.364385
1442 0.291478
1443 0.354872
1444 0.484784
1445 0.342906
1446 0.336503
1447 0.491713
1448 0.550446
1449 0.557657
1450 0.479003
1451 0.586396
1452 0.386126
1453 0.547513
1454 0.416628
1455 0.410991
1456 0.355499
1457 0.259225
1458 0.462867
1459 0.267627
1460 0.309032
1461 0.459866
1462 0.436462
1463 0.500941
1464 0.433386
1465 0.528222
1466 0.503792
1467 0.463726
1468 0.532172
1469 0.38183
1470 0.451635
1471 0.458901
1472 0.306066
1473 0.306109
1474 0.475276
1475 0.441924
1476 0.353223
1477 0.516197
1478 0.514745
1479 0.564432
1480 0.600773
1481 0.562817
1482 0.491938
1483 0.493261
1484 0.475121
1485 0.452049
1486 0.515061
1487 0.414122
1488 0.273954
1489 0.420268
1490 0.497021
1491 0.309064
1492 0.271211
1493 0.219973
1494 0.416166
1495 0.299042
1496 0.40995
1497 0.332226
1498 0.415644
1499 0.323952
1500 0.428293
1501 0.349936
1502 0.367323
1503 0.317447
1504 0.380349
1505 0.431507
1506 0.389327
1507 0.340795
1508 0.290807
1509 0.357649
1510 0.407586
1511 0.335043
1512 0.332536
1513 0.440498
1514 0.52562
1515 0.567071
1516 0.501725
1517 0.421151
1518 0.496501
1519 0.378047
1520 0.384591
1521 0.356749
1522 0.235503
1523 0.179404
1524 0.238778
1525 0.321263
1526 0.237824
1527 0.291653
1528 0.329032
1529 0.319939
1530 0.381741
1531 0.523473
1532 0.413892
1533 0.529458
1534 0.469348
1535 0.447725
1536 0.473317
1537 0.330616
1538 0.290935
1539 0.224705
1540 0.373717
1541 0.461236
1542 0.412711
1543 0.292643
1544 0.249736
1545 0.206577
1546 0.319388
1547 0.271094
1548 0.445793
1549 0.401909
1550 0.537925
1551 0.329128
1552 0.303146
1553 0.294812
1554 0.444651
1555 0.537193
1556 0.38048
1557 0.546661
1558 0.463664
1559 0.483618
1560 0.323091
1561 0.319519
1562 0.2763
1563 0.433041
1564 0.484742
1565 0.504537
1566 0.422972
1567 0.478148
1568 0.393657
1569 0.274568
1570 0.464834
1571 0.374114
1572 0.302499
1573 0.260711
1574 0.268115
1575 0.315474
1576 0.461343
1577 0.429797
1578 0.311954
1579 0.354712
1580 0.448423
1581 0.453936
1582 0.361024
1583 0.238484
1584 0.474013
1585 0.486972
1586 0.339116
1587 0.260484
1588 0.224858
1589 0.320208
1590 0.288276
1591 0.467145
1592 0.525034
1593 0.492597
1594 0.571146
1595 0.379172
1596 0.451934
1597 0.4134
1598 0.517476
1599 0.378702
1600 0.24158
1601 0.374889
1602 0.360907
1603 0.343174
1604 0.437252
1605 0.404817
1606 0.462706
1607 0.459271
1608 0.582068
1609 0.496667
1610 0.578653
1611 0.500642
1612 0.545395
1613 0.353108
1614 0.471354
1615 0.548368
1616 0.526079
1617 0.366731
1618 0.533791
1619 0.467529
1620 0.349445
1621 0.230992
1622 0.212403
1623 0.198434
1624 0.349424
1625 0.49159
1626 0.556399
1627 0.397689
1628 0.510424
1629 0.333402
1630 0.499958
1631 0.493672
1632 0.395828
1633 0.428336
1634 0.51627
1635 0.327037
1636 0.350792
1637 0.48965
1638 0.454607
1639 0.555028
1640 0.443412
1641 0.523471
1642 0.368014
1643 0.374158
1644 0.275636
1645 0.464418
1646 0.265352
1647 0.434815
1648 0.322635
1649 0.267598
1650 0.202926
1651 0.36206
1652 0.261398
1653 0.430302
1654 0.36928
1655 0.28852
1656 0.221729
1657 0.254937
1658 0.179371
1659 0.211449
1660 0.170968
1661 0.176781
1662 0.23458
1663 0.355592
1664 0.305472
1665 0.304358
1666 0.351547
1667 0.364474
1668 0.316502
1669 0.386922
1670 0.253016
1671 0.480438
1672 0.368763
1673 0.504582
1674 0.372386
1675 0.524095
1676 0.50995
1677 0.294603
1678 0.473591
1679 0.388404
1680 0.382803
1681 0.327297
1682 0.449028
1683 0.329102
1684 0.510893
1685 0.425948
1686 0.436445
1687 0.363079
1688 0.256905
1689 0.336871
1690 0.431922
1691 0.40701
1692 0.484951
1693 0.353477
1694 0.371912
1695 0.46142
1696 0.509875
1697 0.509043
1698 0.323227
1699 0.372518
1700 0.424744
1701 0.33069
1702 0.325224
1703 0.34035
1704 0.348017
1705 0.483213
1706 0.381093
1707 0.502332
1708 0.301933
1709 0.412053
1710 0.359256
1711 0.466994
1712 0.294869
1713 0.310706
1714 0.467283
1715 0.264756
1716 0.458094
1717 0.524245
1718 0.441279
1719 0.366241
1720 0.249506
1721 0.438787
1722 0.379426
1723 0.43463
1724 0.459571
1725 0.515503
1726 0.324266
1727 0.31208
1728 0.354823
1729 0.494405
1730 0.288728
1731 0.310496
1732 0.471244
1733 0.488738
1734 0.518676
1735 0.307086
1736 0.365673
1737 0.30785
1738 0.315534
1739 0.292283
1740 0.416848
1741 0.414132
1742 0.495438
1743 0.373127
1744 0.53697
1745 0.300682
1746 0.312559
1747 0.457214
1748 0.310709
1749 0.31369
1750 0.321093
1751 0.49145
1752 0.391815
1753 0.528645
1754 0.330589
1755 0.410746
1756 0.441328
1757 0.479286
1758 0.505005
1759 0.348063
1760 0.439345
1761 0.319283
1762 0.301611
1763 0.205427
1764 0.404314
1765 0.444807
1766 0.508654
1767 0.46264
1768 0.388823
1769 0.279559
1770 0.481881
1771 0.459495
1772 0.274649
1773 0.412628
1774 0.44538
1775 0.562469
1776 0.596549
1777 0.395741
1778 0.574797
1779 0.60203
1780 0.51264
1781 0.577738
1782 0.426888
1783 0.369741
1784 0.449279
1785 0.339581
1786 0.35704
1787 0.262214
1788 0.34001
1789 0.498202
1790 0.470496
1791 0.321347
1792 0.461461
1793 0.286823
1794 0.329243
1795 0.357958
1796 0.399846
1797 0.29113
1798 0.233747
1799 0.297894
1800 0.420903
1801 0.403159
1802 0.273538
1803 0.337237
1804 0.38011
1805 0.290914
1806 0.424636
1807 0.354077
1808 0.232795
1809 0.407811
1810 0.361953
1811 0.449594
1812 0.518079
1813 0.375067
1814 0.418414
1815 0.419043
1816 0.444714
1817 0.493286
1818 0.340832
1819 0.453645
1820 0.43349
1821 0.468796
1822 0.294707
1823 0.325503
1824 0.446667
1825 0.354199
1826 0.530323
1827 0.441807
1828 0.473676
1829 0.316655
1830 0.370095
1831 0.311652
1832 0.214944
1833 0.210357
1834 0.319161
1835 0.329153
1836 0.221527
1837 0.470685
1838 0.371494
1839 0.536444
1840 0.557681
1841 0.405354
1842 0.371269
1843 0.366058
1844 0.345399
1845 0.448473
1846 0.408574
1847 0.502032
1848 0.523477
1849 0.352848
1850 0.2635
1851 0.323036
1852 0.487012
1853 0.354777
1854 0.317051
1855 0.380277
1856 0.280661
1857 0.478358
1858 0.420526
1859 0.366059
1860 0.270499
1861 0.347358
1862 0.276006
1863 0.310021
1864 0.431041
1865 0.423638
1866 0.359846
1867 0.442487
1868 0.457659
1869 0.566442
1870 0.482162
1871 0.485894
1872 0.532772
1873 0.404608
1874 0.271873
1875 0.398272
1876 0.520893
1877 0.423385
1878 0.492967
1879 0.518177
1880 0.360832
1881 0.332895
1882 0.439612
1883 0.435225
1884 0.378338
1885 0.383928
1886 0.304333
1887 0.422268
1888 0.533697
1889 0.336209
1890 0.278949
1891 0.386814
1892 0.409029
1893 0.506101
1894 0.467731
1895 0.421827
1896 0.46319
1897 0.336942
1898 0.344503
1899 0.380244
1900 0.252225
1901 0.270217
1902 0.329301
1903 0.393629
1904 0.386831
1905 0.349193
1906 0.311813
1907 0.379702
1908 0.237198
1909 0.261739
1910 0.189619
1911 0.422637
1912 0.365525
1913 0.373427
1914 0.298916
1915 0.354515
1916 0.484599
1917 0.473395
1918 0.326111
1919 0.342338
1920 0.410905
1921 0.302463
1922 0.326029
1923 0.387676
1924 0.432241
1925 0.410069
1926 0.509279
1927 0.423204
1928 0.448657
1929 0.41115
1930 0.33267
1931 0.410809
1932 0.317013
1933 0.262521
1934 0.366061
1935 0.315263
1936 0.44989
1937 0.443355
1938 0.560485
1939 0.463803
1940 0.462715
1941 0.463516
1942 0.323441
1943 0.380064
1944 0.25499
1945 0.204033
1946 0.387242
1947 0.435608
1948 0.455111
1949 0.36198
1950 0.264361
1951 0.265514
1952 0.455218
1953 0.331976
1954 0.412572
1955 0.385168
1956 0.290777
1957 0.395761
1958 0.28551
1959 0.488637
1960 0.41225
1961 0.423549
1962 0.362174
1963 0.430985
1964 0.460467
1965 0.489942
1966 0.37739
1967 0.382022
1968 0.432744
1969 0.386858
1970 0.424769
1971 0.309162
1972 0.358472
1973 0.327076
1974 0.27647
1975 0.379549
1976 0.448605
1977 0.486019
1978 0.5294
1979 0.320374
1980 0.424877
1981 0.52344
1982 0.542007
1983 0.527918
1984 0.58172
1985 0.402064
1986 0.513307
1987 0.304441
1988 0.316405
1989 0.281124
1990 0.398927
1991 0.40484
1992 0.387938
1993 0.403768
1994 0.267426
1995 0.215759
1996 0.357779
1997 0.499149
1998 0.298206
1999 0.484883
2000 0.380389
2001 0.299781
2002 0.31245
2003 0.224382
2004 0.450817
2005 0.545629
2006 0.571397
2007 0.433547
2008 0.548333
2009 0.418186
2010 0.396911
2011 0.370545
2012 0.349495
2013 0.283918
2014 0.229015
2015 0.350674
2016 0.439072
2017 0.544052
2018 0.532968
2019 0.454721
2020 0.508769
2021 0.298871
2022 0.432936
2023 0.341314
2024 0.301309
2025 0.433011
2026 0.382842
2027 0.323017
2028 0.335963
2029 0.455846
2030 0.327662
2031 0.463035
2032 0.526697
2033 0.37415
2034 0.442882
2035 0.419408
2036 0.39761
2037 0.447996
2038 0.362262
2039 0.344446
2040 0.483045
2041 0.510929
2042 0.592973
2043 0.507172
2044 0.432387
2045 0.472189
2046 0.554511
2047 0.577058
2048 0.397775
2049 0.28157
2050 0.373091
2051 0.261095
2052 0.204333
2053 0.171808
2054 0.311236
2055 0.372777
2056 0.517676
2057 0.58877
2058 0.556297
2059 0.459903
2060 0.566419
2061 0.603248
2062 0.508162
2063 0.457949
2064 0.50953
2065 0.584244
2066 0.535812
2067 0.422069
2068 0.338374
2069 0.433049
2070 0.4421
2071 0.294318
2072 0.230749
2073 0.343602
2074 0.360723
2075 0.464485
2076 0.515479
2077 0.414133
2078 0.403569
2079 0.416001
2080 0.448076
2081 0.458075
2082 0.412182
2083 0.463496
2084 0.538949
2085 0.423089
2086 0.424232
2087 0.47009
2088 0.38646
2089 0.297113
2090 0.294348
2091 0.207583
2092 0.192667
2093 0.184766
2094 0.288691
2095 0.376995
2096 0.301821
2097 0.49564
2098 0.559808
2099 0
