0 -0.18602
1 -0.25503
2 -0.15252
3 -0.107669
4 -0.104028
5 -0.106519
6 -0.0933481
7 -0.0926227
8 -0.0701852
9 -0.0502346
10 -0.038969
11 0.0690764
12 0.100986
13 0.1441
14 0.193697
15 0.186099
16 0.182698
17 0.167582
18 0.180328
19 0.169506
20 0.172402
21 0.177188
22 0.174892
23 0.168093
24 0.174509
25 0.175091
26 0.179415
27 0.178516
28 0.176539
29 0.175144
30 0.170732
31 0.179428
32 0.174204
33 0.166645
34 0.166618
35 0.166167
36 0.174738
37 0.180783
38 0.171325
39 0.170113
40 0.184916
41 0.188137
42 0.182397
43 0.186014
44 0.180106
45 0.181424
46 0.180911
47 0.177376
48 0.169649
49 0.165211
50 0.185963
51 0.172359
52 0.173622
53 0.182245
54 0.168686
55 0.176452
56 0.177002
57 0.170808
58 0.174207
59 0.167196
60 0.161727
61 0.160063
62 0.178489
63 0.167546
64 0.174751
65 0.173436
66 0.170475
67 0.169753
68 0.175064
69 0.18912
70 0.171334
71 0.167609
72 0.177953
73 0.177372
74 0.173303
75 0.165305
76 0.167657
77 0.168482
78 0.173577
79 0.164866
80 0.173957
81 0.180778
82 0.172865
83 0.178667
84 0.170964
85 0.181478
86 0.169965
87 0.172001
88 0.169186
89 0.165702
90 0.173636
91 0.172867
92 0.176107
93 0.169689
94 0.169432
95 0.178704
96 0.171425
97 0.167052
98 0.164327
99 0.172921
100 0.166301
101 0.162283
102 0.173242
103 0.187266
104 0.170141
105 0.1635
106 0.180006
107 0.177354
108 0.162987
109 0.16625
110 0.170351
111 0.173325
112 0.162519
113 0.166939
114 0.165876
115 0.180603
116 0.183047
117 0.181994
118 0.174304
119 0.168759
120 0.180161
121 0.167995
122 0.17895
123 0.172436
124 0.172019
125 0.171201
126 0.177022
127 0.173344
128 0.181462
129 0.18159
130 0.175339
131 0.175243
132 0.174132
133 0.174102
134 0.179657
135 0.170385
136 0.16591
137 0.180918
138 0.184562
139 0.177225
140 0.175176
141 0.184939
142 0.183883
143 0.169825
144 0.173669
145 0.1701
146 0.167937
147 0.183266
148 0.174478
149 0.176634
150 0.167052
151 0.174817
152 0.17416
153 0.177831
154 0.168874
155 0.174181
156 0.177559
157 0.175499
158 0.177745
159 0.181653
160 0.176316
161 0.16393
162 0.168666
163 0.166721
164 0.176532
165 0.178029
166 0.183924
167 0.181488
168 0.177481
169 0.17441
170 0.18076
171 0.18162
172 0.170478
173 0.172925
174 0.171901
175 0.167202
176 0.181345
177 0.169005
178 0.179732
179 0.181899
180 0.188945
181 0.176573
182 0.173083
183 0.188521
184 0.167975
185 0.176584
186 0.164853
187 0.177432
188 0.182773
189 0.176007
190 0.174281
191 0.186535
192 0.1814
193 0.182791
194 0.181009
195 0.175536
196 0.182565
197 0.165775
198 0.167839
199 0.165243
200 0.167266
201 0.174978
202 0.179428
203 0.177407
204 0.175027
205 0.181038
206 0.172342
207 0.166347
208 0.166122
209 0.181626
210 0.181705
211 0.163421
212 0.179933
213 0.178887
214 0.173621
215 0.17012
216 0.187684
217 0.16954
218 0.17676
219 0.186645
220 0.167805
221 0.178796
222 0.183299
223 0.167318
224 0.180467
225 0.178099
226 0.174454
227 0.180077
228 0.176284
229 0.16382
230 0.17874
231 0.183952
232 0.163544
233 0.173198
234 0.175742
235 0.181697
236 0.178122
237 0.189616
238 0.171239
239 0.179896
240 0.18833
241 0.176962
242 0.173168
243 0.169017
244 0.17072
245 0.172617
246 0.16565
247 0.179651
248 0.182378
249 0.166956
250 0.181589
251 0.177191
252 0.185723
253 0.173626
254 0.175624
255 0.170307
256 0.171081
257 0.174234
258 0.176331
259 0.170515
260 0.1759
261 0.183271
262 0.174089
263 0.167511
264 0.172736
265 0.180428
266 0.165936
267 0.180209
268 0.192251
269 0.169363
270 0.176484
271 0.181498
272 0.168744
273 0.16856
274 0.178487
275 0.183506
276 0.187655
277 0.175657
278 0.16186
279 0.185297
280 0.171762
281 0.177761
282 0.181081
283 0.166268
284 0.18513
285 0.169434
286 0.180941
287 0.174587
288 0.183358
289 0.181731
290 0.177518
291 0.185049
292 0.185732
293 0.182492
294 0.168162
295 0.176904
296 0.172109
297 0.178334
298 0.17066
299 0.171124
300 0.182757
301 0.177238
302 0.1799
303 0.176785
304 0.176267
305 0.1641
306 0.17371
307 0.185559
308 0.172548
309 0.173796
310 0.183492
311 0.18779
312 0.179098
313 0.168128
314 0.169318
315 0.168479
316 0.176044
317 0.175169
318 0.181489
319 0.167698
320 0.179449
321 0.17516
322 0.169692
323 0.181769
324 0.171541
325 0.177777
326 0.177525
327 0.178858
328 0.177832
329 0.177574
330 0.169951
331 0.173922
332 0.173644
333 0.174294
334 0.169184
335 0.177864
336 0.166384
337 0.176782
338 0.182495
339 0.174619
340 0.170715
341 0.171532
342 0.175943
343 0.177785
344 0.173186
345 0.168315
346 0.166689
347 0.172729
348 0.185163
349 0.172654
350 0.181528
351 0.171869
352 0.179354
353 0.191042
354 0.167702
355 0.180823
356 0.167031
357 0.172121
358 0.175411
359 0.185591
360 0.173794
361 0.176382
362 0.182024
363 0.169951
364 0.169142
365 0.177542
366 0.165982
367 0.170402
368 0.164217
369 0.175924
370 0.178085
371 0.168216
372 0.173244
373 0.167287
374 0.165048
375 0.168819
376 0.178256
377 0.174341
378 0.177055
379 0.182133
380 0.182616
381 0.178808
382 0.179632
383 0.170538
384 0.164629
385 0.170136
386 0.178061
387 0.16831
388 0.171471
389 0.171378
390 0.182808
391 0.179074
392 0.168435
393 0.166126
394 0.174604
395 0.179516
396 0.168809
397 0.163804
398 0.172079
399 0.178152
400 0.179923
401 0.174614
402 0.181293
403 0.184167
404 0.172936
405 0.1755
406 0.178825
407 0.165584
408 0.178981
409 0.182867
410 0.186958
411 0.176138
412 0.177907
413 0.184344
414 0.182583
415 0.177362
416 0.180536
417 0.171502
418 0.184047
419 0.179952
420 0.188136
421 0.171981
422 0.166387
423 0.18147
424 0.170446
425 0.165839
426 0.17545
427 0.170306
428 0.183812
429 0.173791
430 0.184168
431 0.173075
432 0.166072
433 0.167
434 0.182525
435 0.183103
436 0.167868
437 0.182989
438 0.187739
439 0.172141
440 0.172399
441 0.181017
442 0.181255
443 0.177278
444 0.18141
445 0.182336
446 0.17805
447 0.170472
448 0.170796
449 0.180185
450 0.171593
451 0.172498
452 0.177543
453 0.180312
454 0.165131
455 0.16387
456 0.165782
457 0.171977
458 0.169674
459 0.173523
460 0.18372
461 0.183164
462 0.166595
463 0.180096
464 0.189978
465 0.174596
466 0.180216
467 0.190633
468 0.174406
469 0.174829
470 0.179718
471 0.17121
472 0.180424
473 0.174849
474 0.185181
475 0.181834
476 0.184765
477 0.183244
478 0.177081
479 0.189308
480 0.166947
481 0.179375
482 0.18311
483 0.183958
484 0.1781
485 0.16984
486 0.181033
487 0.183129
488 0.178784
489 0.169963
490 0.163371
491 0.181137
492 0.181215
493 0.163548
494 0.178476
495 0.169163
496 0.177281
497 0.17658
498 0.170241
499 0.17045
500 0.16702
501 0.17401
502 0.173875
503 0.180329
504 0.166783
505 0.180203
506 0.186692
507 0.18151
508 0.169019
509 0.174748
510 0.169571
511 0.167191
512 0.17905
513 0.170693
514 0.178187
515 0.173945
516 0.183255
517 0.180444
518 0.17822
519 0.178734
520 0.186817
521 0.174826
522 0.173765
523 0.170546
524 0.180699
525 0.168562
526 0.168795
527 0.180835
528 0.178163
529 0.175499
530 0.175947
531 0.179278
532 0.185187
533 0.187327
534 0.183113
535 0.177053
536 0.168686
537 0.175482
538 0.177782
539 0.169182
540 0.183213
541 0.183205
542 0.176207
543 0.169381
544 0.180651
545 0.185196
546 0.167684
547 0.164558
548 0.174037
549 0.179089
550 0.175753
551 0.174417
552 0.170081
553 0.174695
554 0.171095
555 0.181652
556 0.17919
557 0.170089
558 0.179697
559 0.188835
560 0.177586
561 0.174025
562 0.164428
563 0.176894
564 0.177963
565 0.175778
566 0.169711
567 0.178464
568 0.174849
569 0.169441
570 0.179749
571 0.180791
572 0.166685
573 0.168008
574 0.171774
575 0.161805
576 0.174308
577 0.180796
578 0.182597
579 0.167681
580 0.172905
581 0.177514
582 0.166711
583 0.172576
584 0.175544
585 0.184192
586 0.182888
587 0.185515
588 0.184795
589 0.172742
590 0.181622
591 0.175122
592 0.188536
593 0.167526
594 0.182772
595 0.175779
596 0.167246
597 0.178106
598 0.171523
599 0.177332
600 0.178859
601 0.17197
602 0.176737
603 0.185017
604 0.175911
605 0.180524
606 0.173709
607 0.17647
608 0.16099
609 0.177422
610 0.172628
611 0.160254
612 0.17607
613 0.167867
614 0.165341
615 0.173517
616 0.177059
617 0.168435
618 0.166558
619 0.177721
620 0.17169
621 0.168258
622 0.163921
623 0.170832
624 0.171604
625 0.175961
626 0.170247
627 0.183245
628 0.174929
629 0.170343
630 0.171036
631 0.186666
632 0.179284
633 0.172042
634 0.179961
635 0.176379
636 0.168963
637 0.163926
638 0.181104
639 0.171148
640 0.174115
641 0.1726
642 0.169769
643 0.18292
644 0.186514
645 0.179513
646 0.179518
647 0.176676
648 0.1782
649 0.16866
650 0.170798
651 0.171655
652 0.179983
653 0.179805
654 0.181858
655 0.182259
656 0.172216
657 0.174791
658 0.179879
659 0.172115
660 0.17688
661 0.165548
662 0.171591
663 0.170254
664 0.168293
665 0.167261
666 0.178138
667 0.169514
668 0.177401
669 0.180176
670 0.175313
671 0.164908
672 0.168489
673 0.164054
674 0.175352
675 0.171724
676 0.165215
677 0.183213
678 0.192109
679 0.169419
680 0.176001
681 0.18157
682 0.179014
683 0.188581
684 0.17066
685 0.167677
686 0.168315
687 0.17566
688 0.170551
689 0.169555
690 0.16904
691 0.167824
692 0.165421
693 0.178753
694 0.176728
695 0.169158
696 0.168658
697 0.17142
698 0.178508
699 0.17428
700 0.17086
701 0.173364
702 0.176053
703 0.180914
704 0.178581
705 0.177261
706 0.180855
707 0.187304
708 0.178409
709 0.174287
710 0.16525
711 0.164373
712 0.185774
713 0.16625
714 0.176209
715 0.167863
716 0.179125
717 0.182829
718 0.186903
719 0.175443
720 0.184501
721 0.178661
722 0.168924
723 0.166866
724 0.164459
725 0.178358
726 0.182628
727 0.172275
728 0.171604
729 0.188875
730 0.181813
731 0.169617
732 0.17543
733 0.166165
734 0.177627
735 0.168852
736 0.179305
737 0.177894
738 0.172032
739 0.178525
740 0.182777
741 0.174896
742 0.163607
743 0.180339
744 0.170544
745 0.167559
746 0.178301
747 0.169325
748 0.160369
749 0.167125
750 0.179534
751 0.165501
752 0.167879
753 0.181806
754 0.168358
755 0.1794
756 0.179129
757 0.169728
758 0.16595
759 0.176481
760 0.18243
761 0.172085
762 0.18037
763 0.178434
764 0.177546
765 0.165547
766 0.16816
767 0.172596
768 0.163929
769 0.172337
770 0.183511
771 0.180513
772 0.177526
773 0.171639
774 0.166892
775 0.163728
776 0.17918
777 0.173606
778 0.163152
779 0.163284
780 0.168436
781 0.183219
782 0.188602
783 0.172057
784 0.183118
785 0.174354
786 0.169606
787 0.17044
788 0.172674
789 0.177234
790 0.170285
791 0.171381
792 0.180738
793 0.181332
794 0.181901
795 0.174512
796 0.177637
797 0.16774
798 0.170067
799 0.168627
800 0.168392
801 0.165498
802 0.176869
803 0.173968
804 0.164268
805 0.165408
806 0.172053
807 0.166209
808 0.179064
809 0.173472
810 0.175476
811 0.17186
812 0.17402
813 0.186124
814 0.166666
815 0.167595
816 0.174778
817 0.175723
818 0.181308
819 0.185299
820 0.171747
821 0.174476
822 0.173799
823 0.169453
824 0.172565
825 0.167158
826 0.166153
827 0.165429
828 0.160798
829 0.179463
830 0.17371
831 0.176426
832 0.172113
833 0.165526
834 0.18159
835 0.176092
836 0.165329
837 0.166661
838 0.169727
839 0.183846
840 0.170036
841 0.168776
842 0.177148
843 0.170932
844 0.165628
845 0.17867
846 0.177789
847 0.171064
848 0.175227
849 0.172469
850 0.174655
851 0.169596
852 0.164581
853 0.16343
854 0.174877
855 0.178688
856 0.174253
857 0.183468
858 0.175762
859 0.181593
860 0.171609
861 0.174298
862 0.166641
863 0.177354
864 0.171422
865 0.160171
866 0.17747
867 0.174973
868 0.182208
869 0.175077
870 0.17445
871 0.17475
872 0.181638
873 0.1762
874 0.173112
875 0.170966
876 0.168416
877 0.174187
878 0.177856
879 0.168366
880 0.177793
881 0.183253
882 0.175889
883 0.17647
884 0.171854
885 0.17474
886 0.177159
887 0.171841
888 0.166004
889 0.178586
890 0.174785
891 0.169869
892 0.176121
893 0.180181
894 0.174425
895 0.181624
896 0.177086
897 0.179289
898 0.164452
899 0.175685
900 0.169213
901 0.181702
902 0.164498
903 0.166356
904 0.173079
905 0.185982
906 0.185136
907 0.177165
908 0.182647
909 0.179894
910 0.18551
911 0.172432
912 0.178966
913 0.185847
914 0.163544
915 0.177544
916 0.169076
917 0.174683
918 0.175941
919 0.171317
920 0.181778
921 0.168514
922 0.176897
923 0.168271
924 0.166464
925 0.173589
926 0.167908
927 0.177593
928 0.172342
929 0.183232
930 0.170368
931 0.177738
932 0.169544
933 0.169811
934 0.179976
935 0.17704
936 0.170652
937 0.174631
938 0.165009
939 0.177066
940 0.166321
941 0.168585
942 0.179053
943 0.172333
944 0.164157
945 0.171905
946 0.172838
947 0.175092
948 0.167769
949 0.167266
950 0.177337
951 0.181675
952 0.170185
953 0.162243
954 0.179385
955 0.166624
956 0.16935
957 0.168537
958 0.162466
959 0.174255
960 0.179659
961 0.176042
962 0.180446
963 0.180802
964 0.171068
965 0.170429
966 0.164234
967 0.182328
968 0.186392
969 0.178926
970 0.172065
971 0.18199
972 0.185576
973 0.174632
974 0.166852
975 0.167437
976 0.175457
977 0.177486
978 0.171026
979 0.181257
980 0.170339
981 0.17606
982 0.176086
983 0.174366
984 0.179774
985 0.178838
986 0.178148
987 0.174715
988 0.172014
989 0.168464
990 0.168694
991 0.180261
992 0.166115
993 0.168039
994 0.161638
995 0.173963
996 0.182642
997 0.183764
998 0.171162
999 0.162413
1000 0.180478
1001 0.181027
1002 0.18049
1003 0.173275
1004 0.164751
1005 0.185046
1006 0.171738
1007 0.180389
1008 0.175189
1009 0.173694
1010 0.170164
1011 0.177511
1012 0.160391
1013 0.180348
1014 0.17177
1015 0.173331
1016 0.175495
1017 0.172656
1018 0.179119
1019 0.174297
1020 0.177058
1021 0.169912
1022 0.181407
1023 0.17163
1024 0.170415
1025 0.167492
1026 0.171028
1027 0.166455
1028 0.180766
1029 0.167875
1030 0.174441
1031 0.164933
1032 0.171895
1033 0.173785
1034 0.171807
1035 0.167233
1036 0.160629
1037 0.180331
1038 0.178591
1039 0.18239
1040 0.174647
1041 0.177435
1042 0.171221
1043 0.163921
1044 0.17887
1045 0.1772
1046 0.17055
1047 0.165535
1048 0.178496
1049 0.182759
1050 0.180101
1051 0.176942
1052 0.170452
1053 0.168224
1054 0.183518
1055 0.180753
1056 0.183865
1057 0.179977
1058 0.184772
1059 0.168444
1060 0.174067
1061 0.172878
1062 0.168508
1063 0.178941
1064 0.178345
1065 0.166709
1066 0.175223
1067 0.173853
1068 0.166882
1069 0.179674
1070 0.174192
1071 0.176736
1072 0.187081
1073 0.176241
1074 0.188601
1075 0.172883
1076 0.173113
1077 0.175728
1078 0.177555
1079 0.182953
1080 0.172802
1081 0.169296
1082 0.181251
1083 0.176014
1084 0.178373
1085 0.177414
1086 0.185771
1087 0.179424
1088 0.164794
1089 0.172586
1090 0.182826
1091 0.175336
1092 0.173152
1093 0.164805
1094 0.182528
1095 0.169898
1096 0.170658
1097 0.171915
1098 0.184363
1099 0.175631
1100 0.188452
1101 0.167414
1102 0.167064
1103 0.181961
1104 0.177968
1105 0.16782
1106 0.171669
1107 0.180229
1108 0.179886
1109 0.180897
1110 0.190904
1111 0.168824
1112 0.175301
1113 0.173186
1114 0.173487
1115 0.170671
1116 0.161134
1117 0.177957
1118 0.178655
1119 0.169272
1120 0.163881
1121 0.159155
1122 0.180111
1123 0.166484
1124 0.172612
1125 0.181342
1126 0.177919
1127 0.179772
1128 0.176535
1129 0.173973
1130 0.183173
1131 0.175701
1132 0.178118
1133 0.172642
1134 0.179686
1135 0.17441
1136 0.165902
1137 0.181445
1138 0.169151
1139 0.18065
1140 0.182075
1141 0.178291
1142 0.17722
1143 0.182964
1144 0.177579
1145 0.170768
1146 0.18867
1147 0.175457
1148 0.181659
1149 0.162701
1150 0.173569
1151 0.181353
1152 0.176164
1153 0.180638
1154 0.176153
1155 0.171352
1156 0.187138
1157 0.177399
1158 0.173711
1159 0.169713
1160 0.181679
1161 0.175844
1162 0.171294
1163 0.173602
1164 0.180516
1165 0.177303
1166 0.165583
1167 0.179973
1168 0.172151
1169 0.177658
1170 0.168672
1171 0.175184
1172 0.173766
1173 0.183533
1174 0.172722
1175 0.178276
1176 0.179321
1177 0.180861
1178 0.168812
1179 0.172073
1180 0.166558
1181 0.175325
1182 0.171489
1183 0.169089
1184 0.173915
1185 0.176837
1186 0.174832
1187 0.169956
1188 0.164077
1189 0.180742
1190 0.172307
1191 0.171532
1192 0.185337
1193 0.177633
1194 0.165991
1195 0.180164
1196 0.176415
1197 0.178079
1198 0.187676
1199 0.174786
1200 0.177321
1201 0.187722
1202 0.173209
1203 0.165697
1204 0.173617
1205 0.174567
1206 0.175432
1207 0.16721
1208 0.181583
1209 0.182119
1210 0.168559
1211 0.165955
1212 0.169954
1213 0.164081
1214 0.182089
1215 0.165327
1216 0.175484
1217 0.165324
1218 0.182772
1219 0.177158
1220 0.17991
1221 0.172761
1222 0.184819
1223 0.178602
1224 0.173945
1225 0.165669
1226 0.164294
1227 0.174646
1228 0.1758
1229 0.174628
1230 0.175118
1231 0.166975
1232 0.169507
1233 0.178866
1234 0.163755
1235 0.180159
1236 0.182919
1237 0.185012
1238 0.18082
1239 0.180127
1240 0.184588
1241 0.169538
1242 0.166834
1243 0.179616
1244 0.166602
1245 0.17076
1246 0.167567
1247 0.185629
1248 0.182814
1249 0.168019
1250 0.164956
1251 0.166963
1252 0.171062
1253 0.181461
1254 0.173428
1255 0.183409
1256 0.178031
1257 0.187142
1258 0.183149
1259 0.171351
1260 0.162787
1261 0.171649
1262 0.17521
1263 0.158046
1264 0.178468
1265 0.175526
1266 0.179114
1267 0.17902
1268 0.181903
1269 0.169596
1270 0.167749
1271 0.172349
1272 0.17869
1273 0.176066
1274 0.182541
1275 0.166344
1276 0.172694
1277 0.183435
1278 0.183881
1279 0.178103
1280 0.182933
1281 0.174715
1282 0.176044
1283 0.165112
1284 0.182714
1285 0.1675
1286 0.178272
1287 0.173404
1288 0.184502
1289 0.173395
1290 0.175898
1291 0.179815
1292 0.170904
1293 0.180153
1294 0.170217
1295 0.174303
1296 0.172834
1297 0.184349
1298 0.174322
1299 0.178183
1300 0.173116
1301 0.163602
1302 0.181368
1303 0.171435
1304 0.172079
1305 0.181821
1306 0.177594
1307 0.171443
1308 0.173006
1309 0.166457
1310 0.163232
1311 0.16244
1312 0.17983
1313 0.167832
1314 0.164132
1315 0.178242
1316 0.178613
1317 0.176003
1318 0.167426
1319 0.187279
1320 0.171498
1321 0.167664
1322 0.16787
1323 0.1734
1324 0.173476
1325 0.173978
1326 0.165627
1327 0.175693
1328 0.170923
1329 0.174983
1330 0.170854
1331 0.177666
1332 0.170176
1333 0.163093
1334 0.174557
1335 0.177452
1336 0.185227
1337 0.168709
1338 0.162094
1339 0.167199
1340 0.175087
1341 0.169154
1342 0.181728
1343 0.190572
1344 0.172917
1345 0.165976
1346 0.183532
1347 0.181879
1348 0.164048
1349 0.178232
1350 0.167571
1351 0.176528
1352 0.171668
1353 0.172111
1354 0.175828
1355 0.177054
1356 0.176946
1357 0.181203
1358 0.170441
1359 0.182629
1360 0.174193
1361 0.16555
1362 0.168035
1363 0.164896
1364 0.180307
1365 0.166997
1366 0.182629
1367 0.168277
1368 0.173459
1369 0.182408
1370 0.178548
1371 0.178345
1372 0.183482
1373 0.179052
1374 0.174352
1375 0.175834
1376 0.179399
1377 0.166694
1378 0.173375
1379 0.174097
1380 0.163638
1381 0.177645
1382 0.183306
1383 0.18262
1384 0.171721
1385 0.185976
1386 0.178055
1387 0.166524
1388 0.180247
1389 0.171663
1390 0.181193
1391 0.182501
1392 0.180408
1393 0.176925
1394 0.165656
1395 0.175796
1396 0.183199
1397 0.17537
1398 0.177881
1399 0.175539
1400 0.169376
1401 0.171932
1402 0.17636
1403 0.162298
1404 0.183242
1405 0.188975
1406 0.173231
1407 0.170553
1408 0.184178
1409 0.180627
1410 0.173762
1411 0.169786
1412 0.180345
1413 0.167262
1414 0.179129
1415 0.173089
1416 0.171601
1417 0.175127
1418 0.17739
1419 0.167922
1420 0.173376
1421 0.183444
1422 0.173044
1423 0.167566
1424 0.179073
1425 0.169692
1426 0.174471
1427 0.167754
1428 0.171887
1429 0.176153
1430 0.16975
1431 0.167226
1432 0.169698
1433 0.188662
1434 0.168696
1435 0.180682
1436 0.184253
1437 0.164922
1438 0.169239
1439 0.173425
1440 0.175898
1441 0.175143
1442 0.167909
1443 0.175337
1444 0.186844
1445 0.17378
1446 0.167238
1447 0.182551
1448 0.184394
1449 0.182558
1450 0.174595
1451 0.188114
1452 0.169954
1453 0.183619
1454 0.176545
1455 0.175489
1456 0.173244
1457 0.165498
1458 0.180309
1459 0.166523
1460 0.166401
1461 0.178405
1462 0.177816
1463 0.176534
1464 0.173168
1465 0.181439
1466 0.181178
1467 0.176307
1468 0.182055
1469 0.171406
1470 0.176939
1471 0.179256
1472 0.167073
1473 0.166596
1474 0.180488
1475 0.180087
1476 0.16997
1477 0.181669
1478 0.184015
1479 0.184183
1480 0.185923
1481 0.18462
1482 0.177136
1483 0.177559
1484 0.177813
1485 0.175705
1486 0.178495
1487 0.177152
1488 0.164292
1489 0.180348
1490 0.189475
1491 0.170675
1492 0.166353
1493 0.164455
1494 0.180904
1495 0.166727
1496 0.173542
1497 0.168498
1498 0.179459
1499 0.169505
1500 0.179162
1501 0.172375
1502 0.174122
1503 0.169707
1504 0.176622
1505 0.180807
1506 0.1767
1507 0.172202
1508 0.167466
1509 0.172978
1510 0.176094
1511 0.170421
1512 0.170347
1513 0.177716
1514 0.183028
1515 0.184638
1516 0.181623
1517 0.177336
1518 0.184969
1519 0.173977
1520 0.173957
1521 0.175133
1522 0.163772
1523 0.161448
1524 0.167858
1525 0.173257
1526 0.165835
1527 0.167841
1528 0.175575
1529 0.172459
1530 0.176122
1531 0.187945
1532 0.174739
1533 0.180903
1534 0.179004
1535 0.174622
1536 0.179658
1537 0.17117
1538 0.167971
1539 0.162185
1540 0.17583
1541 0.183622
1542 0.179227
1543 0.169875
1544 0.168749
1545 0.165805
1546 0.17294
1547 0.165972
1548 0.176463
1549 0.172141
1550 0.184975
1551 0.166991
1552 0.169099
1553 0.170637
1554 0.184624
1555 0.188431
1556 0.174094
1557 0.185187
1558 0.178809
1559 0.180071
1560 0.167871
1561 0.168694
1562 0.165504
1563 0.177726
1564 0.18201
1565 0.182579
1566 0.176019
1567 0.182306
1568 0.177773
1569 0.169103
1570 0.184489
1571 0.17405
1572 0.168662
1573 0.166517
1574 0.16971
1575 0.169402
1576 0.179577
1577 0.176324
1578 0.168594
1579 0.173929
1580 0.18438
1581 0.181308
1582 0.172518
1583 0.158229
1584 0.180208
1585 0.182143
1586 0.168695
1587 0.16245
1588 0.164927
1589 0.174241
1590 0.170286
1591 0.179798
1592 0.1842
1593 0.177071
1594 0.185685
1595 0.17327
1596 0.177257
1597 0.174727
1598 0.183107
1599 0.173743
1600 0.164571
1601 0.175436
1602 0.175974
1603 0.171855
1604 0.178411
1605 0.178744
1606 0.179595
1607 0.176591
1608 0.184174
1609 0.176631
1610 0.180828
1611 0.17743
1612 0.182206
1613 0.169928
1614 0.176678
1615 0.185867
1616 0.183461
1617 0.16787
1618 0.181899
1619 0.183384
1620 0.168122
1621 0.163363
1622 0.166958
1623 0.167127
1624 0.17254
1625 0.181102
1626 0.184673
1627 0.17174
1628 0.180693
1629 0.168208
1630 0.180747
1631 0.179612
1632 0.170213
1633 0.172606
1634 0.183731
1635 0.169109
1636 0.171624
1637 0.18377
1638 0.179385
1639 0.184555
1640 0.175899
1641 0.182983
1642 0.170858
1643 0.172571
1644 0.165572
1645 0.185908
1646 0.166022
1647 0.178401
1648 0.172211
1649 0.167879
1650 0.160616
1651 0.175932
1652 0.168055
1653 0.179615
1654 0.175444
1655 0.168352
1656 0.164739
1657 0.169266
1658 0.163624
1659 0.164369
1660 0.162863
1661 0.164001
1662 0.168783
1663 0.177458
1664 0.170895
1665 0.170482
1666 0.174007
1667 0.176699
1668 0.169615
1669 0.177431
1670 0.167583
1671 0.186006
1672 0.172265
1673 0.181574
1674 0.170163
1675 0.184173
1676 0.186474
1677 0.168081
1678 0.182485
1679 0.178685
1680 0.175961
1681 0.167282
1682 0.180311
1683 0.169532
1684 0.183534
1685 0.174241
1686 0.177378
1687 0.173068
1688 0.167431
1689 0.170241
1690 0.179759
1691 0.175168
1692 0.182279
1693 0.174258
1694 0.171243
1695 0.178737
1696 0.180337
1697 0.183273
1698 0.165927
1699 0.17184
1700 0.179236
1701 0.171372
1702 0.169614
1703 0.174058
1704 0.173692
1705 0.183676
1706 0.174647
1707 0.185002
1708 0.166994
1709 0.175934
1710 0.172265
1711 0.177911
1712 0.168099
1713 0.167185
1714 0.185132
1715 0.165811
1716 0.177621
1717 0.188965
1718 0.178788
1719 0.171718
1720 0.161822
1721 0.178552
1722 0.172563
1723 0.174243
1724 0.177669
1725 0.187124
1726 0.170081
1727 0.169597
1728 0.1722
1729 0.183791
1730 0.164488
1731 0.166679
1732 0.179581
1733 0.182288
1734 0.175028
1735 0.165223
1736 0.173664
1737 0.172271
1738 0.172909
1739 0.168594
1740 0.180824
1741 0.177768
1742 0.181305
1743 0.167906
1744 0.183293
1745 0.168637
1746 0.164808
1747 0.178154
1748 0.170628
1749 0.166967
1750 0.172606
1751 0.186276
1752 0.175539
1753 0.184968
1754 0.170622
1755 0.177696
1756 0.179717
1757 0.178734
1758 0.179708
1759 0.168161
1760 0.175129
1761 0.170899
1762 0.169213
1763 0.165057
1764 0.178087
1765 0.181656
1766 0.181609
1767 0.178865
1768 0.175492
1769 0.162942
1770 0.18072
1771 0.179967
1772 0.161389
1773 0.175062
1774 0.178442
1775 0.183543
1776 0.184878
1777 0.170734
1778 0.184463
1779 0.191467
1780 0.177269
1781 0.181765
1782 0.17629
1783 0.171057
1784 0.179701
1785 0.171688
1786 0.172187
1787 0.165826
1788 0.173985
1789 0.187523
1790 0.18354
1791 0.170368
1792 0.183904
1793 0.16868
1794 0.170159
1795 0.174069
1796 0.17472
1797 0.169453
1798 0.163864
1799 0.174094
1800 0.181022
1801 0.176654
1802 0.164334
1803 0.172118
1804 0.178011
1805 0.164836
1806 0.175027
1807 0.172879
1808 0.160552
1809 0.175409
1810 0.172749
1811 0.175281
1812 0.182366
1813 0.173444
1814 0.175876
1815 0.178892
1816 0.178336
1817 0.180143
1818 0.165904
1819 0.175672
1820 0.175797
1821 0.181405
1822 0.164885
1823 0.167893
1824 0.180683
1825 0.172445
1826 0.184108
1827 0.17928
1828 0.1816
1829 0.168599
1830 0.174839
1831 0.17389
1832 0.1631
1833 0.16268
1834 0.174559
1835 0.172104
1836 0.159764
1837 0.178924
1838 0.176003
1839 0.18231
1840 0.183796
1841 0.172437
1842 0.171649
1843 0.17392
1844 0.17084
1845 0.176114
1846 0.172892
1847 0.179259
1848 0.181072
1849 0.174149
1850 0.166133
1851 0.175092
1852 0.187911
1853 0.173879
1854 0.16584
1855 0.176171
1856 0.168685
1857 0.182779
1858 0.174382
1859 0.173607
1860 0.165014
1861 0.175431
1862 0.169546
1863 0.170198
1864 0.181534
1865 0.180624
1866 0.173606
1867 0.178121
1868 0.178819
1869 0.183995
1870 0.177557
1871 0.177001
1872 0.185328
1873 0.17507
1874 0.165395
1875 0.173301
1876 0.185822
1877 0.172135
1878 0.177854
1879 0.181712
1880 0.170515
1881 0.167219
1882 0.177193
1883 0.179981
1884 0.170594
1885 0.175195
1886 0.170024
1887 0.18115
1888 0.190211
1889 0.17275
1890 0.163677
1891 0.17674
1892 0.177353
1893 0.181346
1894 0.174891
1895 0.173753
1896 0.179733
1897 0.170894
1898 0.170959
1899 0.175567
1900 0.16706
1901 0.167292
1902 0.174856
1903 0.178921
1904 0.17444
1905 0.171932
1906 0.16882
1907 0.172934
1908 0.165037
1909 0.168017
1910 0.166545
1911 0.181827
1912 0.175159
1913 0.173581
1914 0.16931
1915 0.176335
1916 0.185317
1917 0.180812
1918 0.168868
1919 0.170046
1920 0.176306
1921 0.168404
1922 0.168044
1923 0.177229
1924 0.180092
1925 0.175044
1926 0.184183
1927 0.177217
1928 0.178875
1929 0.176709
1930 0.169914
1931 0.175765
1932 0.17202
1933 0.165626
1934 0.174511
1935 0.170685
1936 0.180204
1937 0.175985
1938 0.184359
1939 0.177057
1940 0.177659
1941 0.179385
1942 0.16713
1943 0.172235
1944 0.166375
1945 0.159253
1946 0.177475
1947 0.17906
1948 0.176469
1949 0.170588
1950 0.167718
1951 0.169981
1952 0.188633
1953 0.172847
1954 0.175237
1955 0.176818
1956 0.167671
1957 0.175299
1958 0.165844
1959 0.180933
1960 0.176418
1961 0.174636
1962 0.171869
1963 0.177687
1964 0.180774
1965 0.1823
1966 0.172602
1967 0.173613
1968 0.180328
1969 0.172722
1970 0.176367
1971 0.169017
1972 0.173343
1973 0.173697
1974 0.168072
1975 0.177615
1976 0.181224
1977 0.181297
1978 0.185537
1979 0.168178
1980 0.174958
1981 0.18596
1982 0.180943
1983 0.177883
1984 0.184738
1985 0.173776
1986 0.185474
1987 0.171607
1988 0.171831
1989 0.168759
1990 0.178247
1991 0.176536
1992 0.171882
1993 0.175416
1994 0.168492
1995 0.164107
1996 0.172176
1997 0.1851
1998 0.165177
1999 0.18107
2000 0.177614
2001 0.168006
2002 0.172028
2003 0.168506
2004 0.181672
2005 0.183764
2006 0.183599
2007 0.170809
2008 0.182281
2009 0.176962
2010 0.172762
2011 0.174186
2012 0.175151
2013 0.170746
2014 0.163869
2015 0.174419
2016 0.1786
2017 0.184192
2018 0.177355
2019 0.174225
2020 0.183751
2021 0.168213
2022 0.178575
2023 0.173586
2024 0.169783
2025 0.179429
2026 0.177852
2027 0.168694
2028 0.169807
2029 0.180286
2030 0.167397
2031 0.17618
2032 0.184944
2033 0.17064
2034 0.176453
2035 0.178442
2036 0.175927
2037 0.180283
2038 0.175141
2039 0.173359
2040 0.182752
2041 0.180824
2042 0.183901
2043 0.179157
2044 0.173847
2045 0.176923
2046 0.184131
2047 0.185784
2048 0.17683
2049 0.168888
2050 0.1802
2051 0.171724
2052 0.165745
2053 0.160217
2054 0.172837
2055 0.172136
2056 0.181449
2057 0.184368
2058 0.184974
2059 0.175596
2060 0.186834
2061 0.18993
2062 0.180703
2063 0.172799
2064 0.180023
2065 0.184616
2066 0.182124
2067 0.170007
2068 0.16839
2069 0.177539
2070 0.179895
2071 0.170246
2072 0.165642
2073 0.178762
2074 0.175926
2075 0.178757
2076 0.183323
2077 0.172693
2078 0.172936
2079 0.17648
2080 0.178447
2081 0.179473
2082 0.174093
2083 0.179949
2084 0.186922
2085 0.177645
2086 0.174084
2087 0.180277
2088 0.175082
2089 0.166316
2090 0.167605
2091 0.16446
2092 0.164661
2093 0.165702
2094 0.169983
2095 0.176181
2096 0.169398
2097 0.180671
2098 0.186966
2099 0
