0 38.3147
1 -35.1587
2 -6.81385
3 -0.30832
4 2.26575
5 1.99608
6 1.26822
7 0.674658
8 0.326513
9 0.416233
10 0.388946
11 0.104848
12 -0.0181286
13 0.214808
14 0.202476
15 0.0120825
16 0.0451823
17 -0.100248
18 -0.0333023
19 -0.0162812
20 0.0557391
21 0.384484
22 -0.415513
23 0.32613
24 -0.159784
25 0.407217
26 0.176759
27 -0.230153
28 0.515376
29 -0.785321
30 0.80274
31 -0.560844
32 -0.183362
33 0.349779
34 -0.858824
35 1.34627
36 -1.28441
37 0.874433
38 -0.242536
39 -0.406984
40 1.35693
41 -0.822441
42 1.03847
43 -0.0666192
44 0.241436
45 0.551992
46 0.261127
47 0.55797
48 0.189608
49 0.318026
50 0.488186
51 0.297841
52 0.413698
53 0.432942
54 0.276526
55 0.42007
56 0.383451
57 0.35935
58 0.390111
59 0.23949
60 0.195016
61 0.184123
62 0.374796
63 0.260187
64 0.376149
65 0.320391
66 0.281437
67 0.294207
68 0.351442
69 0.515604
70 0.376345
71 0.313482
72 0.407877
73 0.429332
74 0.34909
75 0.244825
76 0.21641
77 0.262653
78 0.318358
79 0.240684
80 0.375814
81 0.457703
82 0.405373
83 0.500402
84 0.38252
85 0.463819
86 0.352267
87 0.331815
88 0.283593
89 0.203125
90 0.31466
91 0.317289
92 0.359065
93 0.268195
94 0.239737
95 0.349068
96 0.301045
97 0.252735
98 0.235658
99 0.339301
100 0.2313
101 0.209464
102 0.305285
103 0.469123
104 0.28797
105 0.251005
106 0.40841
107 0.358121
108 0.241067
109 0.243393
110 0.26475
111 0.289985
112 0.219041
113 0.257401
114 0.253604
115 0.409717
116 0.508449
117 0.52912
118 0.433215
119 0.318072
120 0.444009
121 0.312359
122 0.486738
123 0.372303
124 0.379726
125 0.364337
126 0.424516
127 0.407823
128 0.494345
129 0.482212
130 0.408059
131 0.391269
132 0.341962
133 0.347011
134 0.40036
135 0.322403
136 0.285938
137 0.463316
138 0.550154
139 0.47292
140 0.482159
141 0.520262
142 0.473026
143 0.300471
144 0.325227
145 0.258549
146 0.223672
147 0.437695
148 0.388426
149 0.442277
150 0.298484
151 0.373681
152 0.371122
153 0.436254
154 0.313152
155 0.37557
156 0.385013
157 0.391851
158 0.448386
159 0.521556
160 0.409928
161 0.27923
162 0.265027
163 0.239097
164 0.358015
165 0.460487
166 0.567527
167 0.535461
168 0.427
169 0.347631
170 0.446931
171 0.487208
172 0.360316
173 0.374046
174 0.348521
175 0.313472
176 0.46449
177 0.298139
178 0.483651
179 0.488407
180 0.600777
181 0.42403
182 0.339696
183 0.485493
184 0.293616
185 0.428349
186 0.281351
187 0.41923
188 0.482029
189 0.430364
190 0.416988
191 0.54184
192 0.457265
193 0.548893
194 0.492768
195 0.41279
196 0.465947
197 0.293051
198 0.273905
199 0.203428
200 0.201639
201 0.37918
202 0.438134
203 0.438868
204 0.415368
205 0.470497
206 0.340797
207 0.241229
208 0.215899
209 0.42318
210 0.525554
211 0.291036
212 0.503434
213 0.435615
214 0.360923
215 0.353713
216 0.502995
217 0.3075
218 0.415994
219 0.479006
220 0.311419
221 0.500362
222 0.460329
223 0.319251
224 0.495895
225 0.407179
226 0.398124
227 0.457456
228 0.383367
229 0.261071
230 0.451261
231 0.492476
232 0.327507
233 0.42852
234 0.425971
235 0.509516
236 0.495568
237 0.596958
238 0.379546
239 0.464801
240 0.533818
241 0.409012
242 0.372827
243 0.26507
244 0.26928
245 0.294669
246 0.251918
247 0.467982
248 0.437457
249 0.289342
250 0.463832
251 0.396418
252 0.530524
253 0.378201
254 0.38276
255 0.297739
256 0.312602
257 0.37095
258 0.38848
259 0.356221
260 0.448741
261 0.51088
262 0.426339
263 0.311369
264 0.355127
265 0.38343
266 0.285065
267 0.472159
268 0.563855
269 0.361261
270 0.476179
271 0.434308
272 0.329546
273 0.347313
274 0.43547
275 0.492227
276 0.572035
277 0.42157
278 0.244692
279 0.49106
280 0.296285
281 0.482693
282 0.515443
283 0.309584
284 0.533419
285 0.299432
286 0.47636
287 0.395562
288 0.504298
289 0.493791
290 0.42166
291 0.534643
292 0.581595
293 0.573264
294 0.40178
295 0.493016
296 0.389431
297 0.459581
298 0.351567
299 0.393503
300 0.501606
301 0.446165
302 0.500755
303 0.422416
304 0.38262
305 0.256359
306 0.38721
307 0.473859
308 0.409728
309 0.454697
310 0.550104
311 0.582586
312 0.443845
313 0.26157
314 0.260809
315 0.240785
316 0.37252
317 0.421285
318 0.546939
319 0.346266
320 0.483215
321 0.408212
322 0.374295
323 0.525483
324 0.361713
325 0.45428
326 0.40083
327 0.448414
328 0.448536
329 0.44303
330 0.370459
331 0.423521
332 0.393759
333 0.373423
334 0.321231
335 0.374377
336 0.238133
337 0.358521
338 0.431802
339 0.342172
340 0.344351
341 0.315997
342 0.385036
343 0.415871
344 0.426621
345 0.299343
346 0.257254
347 0.284151
348 0.469163
349 0.351035
350 0.473644
351 0.343556
352 0.431052
353 0.525614
354 0.3262
355 0.507594
356 0.290763
357 0.358364
358 0.438226
359 0.552855
360 0.441717
361 0.474447
362 0.497102
363 0.341516
364 0.334419
365 0.39405
366 0.265775
367 0.337067
368 0.237353
369 0.388747
370 0.464038
371 0.306165
372 0.386165
373 0.242806
374 0.206598
375 0.250082
376 0.357146
377 0.353741
378 0.419716
379 0.515135
380 0.5581
381 0.51173
382 0.48626
383 0.389888
384 0.238446
385 0.320157
386 0.352328
387 0.27696
388 0.3243
389 0.317857
390 0.482242
391 0.461223
392 0.332351
393 0.291491
394 0.384157
395 0.405053
396 0.357806
397 0.246789
398 0.334081
399 0.372167
400 0.430234
401 0.360607
402 0.482128
403 0.489485
404 0.369513
405 0.43702
406 0.473476
407 0.301084
408 0.486286
409 0.493853
410 0.570199
411 0.465084
412 0.462886
413 0.529879
414 0.512545
415 0.500933
416 0.536031
417 0.410359
418 0.548782
419 0.501856
420 0.579994
421 0.386597
422 0.252507
423 0.41145
424 0.241877
425 0.252369
426 0.324434
427 0.238739
428 0.453877
429 0.385082
430 0.544802
431 0.36404
432 0.28677
433 0.313662
434 0.4818
435 0.51757
436 0.3711
437 0.548665
438 0.521291
439 0.381529
440 0.402371
441 0.459715
442 0.533239
443 0.508841
444 0.551093
445 0.553629
446 0.451753
447 0.339969
448 0.307994
449 0.394064
450 0.279645
451 0.37035
452 0.413941
453 0.463177
454 0.274598
455 0.248022
456 0.243233
457 0.294264
458 0.284848
459 0.402098
460 0.51888
461 0.515488
462 0.312546
463 0.488702
464 0.536749
465 0.461556
466 0.585793
467 0.596405
468 0.464153
469 0.452741
470 0.463735
471 0.343105
472 0.461078
473 0.34562
474 0.519292
475 0.512115
476 0.601352
477 0.579716
478 0.521954
479 0.612182
480 0.326945
481 0.455449
482 0.510345
483 0.55135
484 0.506163
485 0.358327
486 0.490943
487 0.500879
488 0.535054
489 0.367435
490 0.2822
491 0.447698
492 0.413511
493 0.27235
494 0.421457
495 0.287867
496 0.410133
497 0.3802
498 0.291925
499 0.294479
500 0.264116
501 0.366506
502 0.405451
503 0.444052
504 0.286002
505 0.505784
506 0.554786
507 0.538863
508 0.346547
509 0.352946
510 0.263835
511 0.28059
512 0.445332
513 0.371581
514 0.523468
515 0.446202
516 0.564085
517 0.521868
518 0.481687
519 0.480215
520 0.536209
521 0.383287
522 0.360066
523 0.335945
524 0.479819
525 0.321681
526 0.358985
527 0.486966
528 0.446879
529 0.454697
530 0.420735
531 0.483546
532 0.542823
533 0.607491
534 0.56452
535 0.465288
536 0.363184
537 0.427484
538 0.44337
539 0.377283
540 0.544247
541 0.509387
542 0.452421
543 0.340572
544 0.484413
545 0.528668
546 0.334038
547 0.275349
548 0.370343
549 0.417612
550 0.475385
551 0.411994
552 0.334416
553 0.364203
554 0.364094
555 0.49116
556 0.455856
557 0.356606
558 0.471813
559 0.554119
560 0.519779
561 0.425057
562 0.275296
563 0.402489
564 0.413418
565 0.426655
566 0.338255
567 0.403149
568 0.333076
569 0.315345
570 0.445401
571 0.465662
572 0.309617
573 0.332378
574 0.313071
575 0.204184
576 0.347581
577 0.461708
578 0.52648
579 0.355583
580 0.377631
581 0.375197
582 0.273474
583 0.360128
584 0.396473
585 0.535086
586 0.606063
587 0.631288
588 0.600491
589 0.413837
590 0.494046
591 0.383871
592 0.548094
593 0.320401
594 0.537519
595 0.388056
596 0.308855
597 0.459755
598 0.348638
599 0.487185
600 0.440286
601 0.381104
602 0.411341
603 0.491727
604 0.376458
605 0.468107
606 0.363412
607 0.390324
608 0.260336
609 0.454828
610 0.349186
611 0.239479
612 0.436702
613 0.248595
614 0.279718
615 0.323926
616 0.332754
617 0.266724
618 0.243938
619 0.358606
620 0.28611
621 0.261122
622 0.205572
623 0.309119
624 0.32522
625 0.434653
626 0.377963
627 0.55157
628 0.414471
629 0.304334
630 0.295725
631 0.46165
632 0.406248
633 0.362845
634 0.462411
635 0.424388
636 0.304453
637 0.281812
638 0.458227
639 0.336844
640 0.437641
641 0.359052
642 0.345518
643 0.504761
644 0.542682
645 0.51031
646 0.523104
647 0.466418
648 0.51801
649 0.347157
650 0.346788
651 0.298594
652 0.447825
653 0.472126
654 0.523335
655 0.485173
656 0.30249
657 0.39577
658 0.44571
659 0.376468
660 0.40383
661 0.263906
662 0.318699
663 0.280755
664 0.249262
665 0.284824
666 0.403639
667 0.305946
668 0.436325
669 0.441565
670 0.380563
671 0.255067
672 0.275557
673 0.230613
674 0.388325
675 0.328997
676 0.294521
677 0.488517
678 0.550867
679 0.307514
680 0.414015
681 0.443404
682 0.441995
683 0.557732
684 0.381624
685 0.275429
686 0.292582
687 0.378024
688 0.320608
689 0.327828
690 0.278979
691 0.219298
692 0.204683
693 0.341604
694 0.336865
695 0.254007
696 0.28038
697 0.309101
698 0.437043
699 0.386448
700 0.388079
701 0.380857
702 0.415335
703 0.472182
704 0.442211
705 0.433333
706 0.485003
707 0.563449
708 0.473803
709 0.400508
710 0.272285
711 0.248349
712 0.427993
713 0.264278
714 0.38232
715 0.265708
716 0.39086
717 0.507093
718 0.578523
719 0.497926
720 0.588102
721 0.470182
722 0.354319
723 0.306532
724 0.254903
725 0.436672
726 0.520036
727 0.36188
728 0.384836
729 0.527859
730 0.439234
731 0.305783
732 0.329831
733 0.228023
734 0.415331
735 0.335052
736 0.51791
737 0.454345
738 0.395558
739 0.449148
740 0.467056
741 0.392942
742 0.273666
743 0.419414
744 0.247893
745 0.304373
746 0.404507
747 0.271774
748 0.183643
749 0.242875
750 0.376667
751 0.246333
752 0.274453
753 0.385282
754 0.237472
755 0.413011
756 0.358978
757 0.244897
758 0.261805
759 0.381017
760 0.505126
761 0.451803
762 0.5725
763 0.472885
764 0.449455
765 0.279733
766 0.289412
767 0.310748
768 0.217146
769 0.370328
770 0.499309
771 0.499113
772 0.48901
773 0.367837
774 0.251028
775 0.18826
776 0.375418
777 0.329758
778 0.228554
779 0.199653
780 0.209311
781 0.420295
782 0.501072
783 0.339778
784 0.484591
785 0.362762
786 0.287216
787 0.326461
788 0.341526
789 0.400691
790 0.317433
791 0.319335
792 0.451262
793 0.466585
794 0.508039
795 0.397538
796 0.414537
797 0.300706
798 0.321225
799 0.28091
800 0.251258
801 0.245351
802 0.376886
803 0.326552
804 0.222386
805 0.235591
806 0.268355
807 0.213301
808 0.392987
809 0.310146
810 0.38505
811 0.345769
812 0.387067
813 0.495233
814 0.316843
815 0.309509
816 0.358202
817 0.342863
818 0.513801
819 0.565147
820 0.407469
821 0.390867
822 0.329256
823 0.301473
824 0.345753
825 0.261797
826 0.240692
827 0.24215
828 0.201867
829 0.42175
830 0.341615
831 0.399083
832 0.32462
833 0.238582
834 0.437793
835 0.354487
836 0.280761
837 0.26095
838 0.286105
839 0.440794
840 0.362012
841 0.336436
842 0.391858
843 0.300967
844 0.295019
845 0.432654
846 0.39168
847 0.338314
848 0.377621
849 0.332011
850 0.37392
851 0.30039
852 0.223252
853 0.190647
854 0.359767
855 0.411545
856 0.404789
857 0.491031
858 0.381342
859 0.45646
860 0.322308
861 0.348467
862 0.278323
863 0.410925
864 0.340085
865 0.241561
866 0.445088
867 0.412367
868 0.540331
869 0.45479
870 0.398373
871 0.373586
872 0.444353
873 0.383621
874 0.351587
875 0.315672
876 0.278618
877 0.394176
878 0.387254
879 0.31616
880 0.455551
881 0.500667
882 0.435409
883 0.395469
884 0.296987
885 0.340273
886 0.353875
887 0.31254
888 0.301736
889 0.444738
890 0.379114
891 0.37063
892 0.430751
893 0.446286
894 0.414105
895 0.496472
896 0.434558
897 0.459572
898 0.2873
899 0.373896
900 0.276518
901 0.4068
902 0.256755
903 0.278663
904 0.366032
905 0.502294
906 0.551529
907 0.487772
908 0.531486
909 0.507166
910 0.585567
911 0.451681
912 0.53193
913 0.591593
914 0.350048
915 0.546415
916 0.332543
917 0.425372
918 0.400624
919 0.376841
920 0.521219
921 0.335033
922 0.404005
923 0.245024
924 0.257292
925 0.347546
926 0.294805
927 0.415573
928 0.349463
929 0.475066
930 0.340183
931 0.417887
932 0.285891
933 0.266832
934 0.379312
935 0.362585
936 0.299212
937 0.331008
938 0.226978
939 0.393493
940 0.24333
941 0.297019
942 0.40357
943 0.308026
944 0.224055
945 0.30789
946 0.286076
947 0.336561
948 0.218315
949 0.192753
950 0.355103
951 0.445019
952 0.330317
953 0.291682
954 0.477075
955 0.262121
956 0.334564
957 0.280609
958 0.199937
959 0.368904
960 0.392689
961 0.420338
962 0.501928
963 0.46203
964 0.369538
965 0.338223
966 0.273527
967 0.479625
968 0.547694
969 0.514844
970 0.417287
971 0.510969
972 0.54527
973 0.419605
974 0.264143
975 0.216694
976 0.340251
977 0.424489
978 0.388381
979 0.479667
980 0.345029
981 0.407501
982 0.406283
983 0.377221
984 0.455361
985 0.426873
986 0.434697
987 0.380688
988 0.336206
989 0.287806
990 0.294105
991 0.445256
992 0.266497
993 0.306851
994 0.206877
995 0.359154
996 0.442184
997 0.455719
998 0.326307
999 0.235819
1000 0.433915
1001 0.488071
1002 0.527913
1003 0.476595
1004 0.312068
1005 0.520993
1006 0.335974
1007 0.463157
1008 0.38989
1009 0.350651
1010 0.331287
1011 0.382809
1012 0.226612
1013 0.484977
1014 0.35556
1015 0.412961
1016 0.448733
1017 0.39261
1018 0.483832
1019 0.398612
1020 0.388427
1021 0.310053
1022 0.410417
1023 0.279393
1024 0.273042
1025 0.250208
1026 0.276585
1027 0.249606
1028 0.390025
1029 0.290663
1030 0.360813
1031 0.22849
1032 0.298209
1033 0.337594
1034 0.318815
1035 0.250777
1036 0.194385
1037 0.419299
1038 0.419155
1039 0.535315
1040 0.457929
1041 0.447945
1042 0.391268
1043 0.275859
1044 0.451145
1045 0.416352
1046 0.292561
1047 0.243452
1048 0.35083
1049 0.453333
1050 0.480511
1051 0.441613
1052 0.334038
1053 0.30595
1054 0.479713
1055 0.485186
1056 0.570608
1057 0.539322
1058 0.594371
1059 0.324267
1060 0.371794
1061 0.287485
1062 0.301432
1063 0.454306
1064 0.408739
1065 0.313763
1066 0.415309
1067 0.323753
1068 0.252435
1069 0.425706
1070 0.348262
1071 0.417643
1072 0.523457
1073 0.360299
1074 0.541228
1075 0.361849
1076 0.356156
1077 0.386258
1078 0.437836
1079 0.528348
1080 0.378092
1081 0.306501
1082 0.433025
1083 0.377032
1084 0.444409
1085 0.451038
1086 0.576269
1087 0.461903
1088 0.278098
1089 0.379159
1090 0.43681
1091 0.448616
1092 0.384579
1093 0.265412
1094 0.444595
1095 0.293679
1096 0.336399
1097 0.329027
1098 0.478074
1099 0.402019
1100 0.537345
1101 0.318435
1102 0.297241
1103 0.435687
1104 0.444797
1105 0.314005
1106 0.381706
1107 0.397697
1108 0.467045
1109 0.494226
1110 0.600769
1111 0.32394
1112 0.40857
1113 0.345664
1114 0.388472
1115 0.329627
1116 0.225964
1117 0.412904
1118 0.379144
1119 0.310132
1120 0.22567
1121 0.178774
1122 0.423673
1123 0.274999
1124 0.41335
1125 0.508606
1126 0.490286
1127 0.587468
1128 0.469446
1129 0.436452
1130 0.539731
1131 0.43592
1132 0.494301
1133 0.377111
1134 0.437056
1135 0.343493
1136 0.300881
1137 0.487956
1138 0.329758
1139 0.518474
1140 0.555794
1141 0.488891
1142 0.513359
1143 0.528251
1144 0.420806
1145 0.337182
1146 0.513286
1147 0.3943
1148 0.529107
1149 0.299041
1150 0.412428
1151 0.496957
1152 0.473791
1153 0.577716
1154 0.424494
1155 0.385618
1156 0.511981
1157 0.392396
1158 0.378795
1159 0.336506
1160 0.461436
1161 0.419865
1162 0.391997
1163 0.408864
1164 0.47956
1165 0.408452
1166 0.274992
1167 0.415313
1168 0.301632
1169 0.380456
1170 0.283024
1171 0.345106
1172 0.364331
1173 0.517775
1174 0.404529
1175 0.48569
1176 0.50318
1177 0.466761
1178 0.339913
1179 0.342302
1180 0.27025
1181 0.376904
1182 0.311545
1183 0.282683
1184 0.34699
1185 0.380283
1186 0.396176
1187 0.322155
1188 0.291071
1189 0.488682
1190 0.359219
1191 0.42391
1192 0.55028
1193 0.372769
1194 0.239318
1195 0.38536
1196 0.361133
1197 0.454783
1198 0.562707
1199 0.45862
1200 0.504063
1201 0.565534
1202 0.440709
1203 0.307316
1204 0.356012
1205 0.313298
1206 0.342687
1207 0.229104
1208 0.41331
1209 0.430854
1210 0.265855
1211 0.266032
1212 0.280776
1213 0.226746
1214 0.420285
1215 0.250358
1216 0.341807
1217 0.240908
1218 0.437822
1219 0.409876
1220 0.479316
1221 0.412097
1222 0.541535
1223 0.458653
1224 0.392074
1225 0.286908
1226 0.234839
1227 0.348423
1228 0.379729
1229 0.394868
1230 0.403979
1231 0.263569
1232 0.319538
1233 0.399389
1234 0.287695
1235 0.517621
1236 0.542868
1237 0.600232
1238 0.629372
1239 0.550501
1240 0.590622
1241 0.364334
1242 0.338823
1243 0.460074
1244 0.262091
1245 0.291271
1246 0.210755
1247 0.448524
1248 0.478732
1249 0.287956
1250 0.249427
1251 0.2252
1252 0.329719
1253 0.457452
1254 0.37991
1255 0.516886
1256 0.427589
1257 0.559977
1258 0.494762
1259 0.294065
1260 0.234576
1261 0.304691
1262 0.360067
1263 0.226003
1264 0.480422
1265 0.413789
1266 0.520492
1267 0.503296
1268 0.451538
1269 0.28609
1270 0.254186
1271 0.327613
1272 0.411281
1273 0.449716
1274 0.574935
1275 0.305778
1276 0.418237
1277 0.477845
1278 0.543312
1279 0.526387
1280 0.55631
1281 0.397085
1282 0.404275
1283 0.285439
1284 0.456284
1285 0.276057
1286 0.439544
1287 0.384476
1288 0.539775
1289 0.412078
1290 0.438628
1291 0.427545
1292 0.323888
1293 0.43118
1294 0.288523
1295 0.349975
1296 0.355598
1297 0.523233
1298 0.42727
1299 0.483292
1300 0.434078
1301 0.266563
1302 0.477922
1303 0.329285
1304 0.398926
1305 0.510701
1306 0.431294
1307 0.346854
1308 0.328338
1309 0.230895
1310 0.164951
1311 0.175241
1312 0.353052
1313 0.283154
1314 0.282498
1315 0.4232
1316 0.410801
1317 0.372412
1318 0.283938
1319 0.473685
1320 0.290044
1321 0.239901
1322 0.237102
1323 0.311866
1324 0.35739
1325 0.351237
1326 0.266611
1327 0.390558
1328 0.316732
1329 0.38993
1330 0.346983
1331 0.433728
1332 0.300257
1333 0.208038
1334 0.344069
1335 0.379692
1336 0.543846
1337 0.305422
1338 0.216764
1339 0.245333
1340 0.355722
1341 0.325098
1342 0.500143
1343 0.555908
1344 0.374467
1345 0.289095
1346 0.476125
1347 0.435721
1348 0.33599
1349 0.464799
1350 0.27541
1351 0.3985
1352 0.359844
1353 0.364085
1354 0.419414
1355 0.418305
1356 0.450989
1357 0.501816
1358 0.363349
1359 0.498292
1360 0.359093
1361 0.269262
1362 0.277808
1363 0.22276
1364 0.390868
1365 0.26417
1366 0.468841
1367 0.280051
1368 0.332594
1369 0.45488
1370 0.412846
1371 0.45781
1372 0.509629
1373 0.452811
1374 0.436373
1375 0.44992
1376 0.462552
1377 0.32358
1378 0.402658
1379 0.333053
1380 0.235067
1381 0.372068
1382 0.478427
1383 0.515818
1384 0.436049
1385 0.575553
1386 0.460285
1387 0.379444
1388 0.519751
1389 0.407208
1390 0.558401
1391 0.549498
1392 0.497771
1393 0.476107
1394 0.276731
1395 0.421854
1396 0.478351
1397 0.460067
1398 0.502733
1399 0.416404
1400 0.335881
1401 0.387577
1402 0.365437
1403 0.238015
1404 0.465947
1405 0.512321
1406 0.379943
1407 0.375773
1408 0.485484
1409 0.460457
1410 0.419394
1411 0.352434
1412 0.467718
1413 0.336466
1414 0.502888
1415 0.373232
1416 0.363863
1417 0.379594
1418 0.360587
1419 0.239782
1420 0.316882
1421 0.444428
1422 0.347665
1423 0.356428
1424 0.478898
1425 0.328211
1426 0.368917
1427 0.287309
1428 0.340332
1429 0.386733
1430 0.3069
1431 0.249501
1432 0.242852
1433 0.435164
1434 0.291513
1435 0.517142
1436 0.46886
1437 0.278475
1438 0.338944
1439 0.31762
1440 0.391878
1441 0.360607
1442 0.28873
1443 0.354882
1444 0.472835
1445 0.328447
1446 0.348241
1447 0.485827
1448 0.554758
1449 0.570232
1450 0.484754
1451 0.597282
1452 0.383815
1453 0.555159
1454 0.428115
1455 0.417362
1456 0.365536
1457 0.274041
1458 0.446282
1459 0.262835
1460 0.309253
1461 0.461405
1462 0.435976
1463 0.504987
1464 0.429766
1465 0.535978
1466 0.496411
1467 0.461341
1468 0.529365
1469 0.389101
1470 0.449515
1471 0.456639
1472 0.311186
1473 0.297794
1474 0.471574
1475 0.444409
1476 0.366595
1477 0.50393
1478 0.529412
1479 0.561207
1480 0.60453
1481 0.569998
1482 0.514773
1483 0.497008
1484 0.485101
1485 0.459661
1486 0.509715
1487 0.418534
1488 0.270359
1489 0.407543
1490 0.501471
1491 0.292611
1492 0.264093
1493 0.211546
1494 0.413055
1495 0.301511
1496 0.410163
1497 0.332424
1498 0.412825
1499 0.321606
1500 0.429607
1501 0.351622
1502 0.362176
1503 0.320393
1504 0.385663
1505 0.438417
1506 0.386458
1507 0.333432
1508 0.289503
1509 0.35331
1510 0.404767
1511 0.340198
1512 0.33024
1513 0.452013
1514 0.512519
1515 0.575563
1516 0.509838
1517 0.417408
1518 0.496575
1519 0.375759
1520 0.38014
1521 0.348013
1522 0.220759
1523 0.190858
1524 0.230741
1525 0.315664
1526 0.246296
1527 0.287769
1528 0.335734
1529 0.331397
1530 0.385449
1531 0.523535
1532 0.400036
1533 0.523352
1534 0.462698
1535 0.43964
1536 0.471893
1537 0.336862
1538 0.29895
1539 0.228206
1540 0.382008
1541 0.443888
1542 0.418088
1543 0.283582
1544 0.24296
1545 0.211987
1546 0.318908
1547 0.267269
1548 0.443212
1549 0.408854
1550 0.519456
1551 0.331233
1552 0.305217
1553 0.30302
1554 0.457705
1555 0.537575
1556 0.392573
1557 0.549405
1558 0.46822
1559 0.485508
1560 0.336309
1561 0.314541
1562 0.27768
1563 0.424531
1564 0.477396
1565 0.492611
1566 0.415436
1567 0.48269
1568 0.39824
1569 0.272043
1570 0.464763
1571 0.375298
1572 0.303535
1573 0.261293
1574 0.267006
1575 0.316652
1576 0.461431
1577 0.43214
1578 0.300511
1579 0.354955
1580 0.453871
1581 0.452954
1582 0.359292
1583 0.220972
1584 0.464946
1585 0.484788
1586 0.310873
1587 0.241031
1588 0.22884
1589 0.328204
1590 0.283437
1591 0.479502
1592 0.515107
1593 0.485645
1594 0.569044
1595 0.379991
1596 0.439338
1597 0.409847
1598 0.5093
1599 0.378311
1600 0.258386
1601 0.378235
1602 0.36199
1603 0.33925
1604 0.43591
1605 0.415086
1606 0.450543
1607 0.456397
1608 0.578792
1609 0.493016
1610 0.584363
1611 0.48213
1612 0.546926
1613 0.357578
1614 0.469155
1615 0.535462
1616 0.540482
1617 0.360552
1618 0.514541
1619 0.469218
1620 0.358346
1621 0.239057
1622 0.211899
1623 0.207116
1624 0.362681
1625 0.484902
1626 0.540318
1627 0.394472
1628 0.506769
1629 0.302138
1630 0.498784
1631 0.486387
1632 0.394026
1633 0.419786
1634 0.510907
1635 0.332884
1636 0.343349
1637 0.485318
1638 0.458396
1639 0.562857
1640 0.442676
1641 0.527624
1642 0.370451
1643 0.373325
1644 0.272642
1645 0.45745
1646 0.273084
1647 0.429971
1648 0.317628
1649 0.246229
1650 0.196798
1651 0.359933
1652 0.248266
1653 0.449391
1654 0.376552
1655 0.274645
1656 0.237223
1657 0.260037
1658 0.176403
1659 0.214732
1660 0.181632
1661 0.188727
1662 0.243909
1663 0.36508
1664 0.305857
1665 0.307293
1666 0.342319
1667 0.365003
1668 0.322275
1669 0.400237
1670 0.250544
1671 0.482771
1672 0.348251
1673 0.495182
1674 0.386919
1675 0.537266
1676 0.52289
1677 0.289774
1678 0.469733
1679 0.389785
1680 0.375459
1681 0.314716
1682 0.458944
1683 0.326371
1684 0.50787
1685 0.421803
1686 0.43855
1687 0.358106
1688 0.265557
1689 0.337683
1690 0.408525
1691 0.410799
1692 0.490494
1693 0.361085
1694 0.373539
1695 0.449762
1696 0.499584
1697 0.514683
1698 0.329876
1699 0.368186
1700 0.417087
1701 0.341022
1702 0.317179
1703 0.337659
1704 0.350387
1705 0.488608
1706 0.380805
1707 0.502721
1708 0.31087
1709 0.418359
1710 0.35133
1711 0.467901
1712 0.294039
1713 0.316305
1714 0.477557
1715 0.271146
1716 0.467711
1717 0.51584
1718 0.440665
1719 0.368022
1720 0.256515
1721 0.456373
1722 0.38751
1723 0.435046
1724 0.457206
1725 0.524341
1726 0.33164
1727 0.314204
1728 0.356938
1729 0.50126
1730 0.293498
1731 0.30092
1732 0.470221
1733 0.47887
1734 0.507464
1735 0.29044
1736 0.359026
1737 0.313068
1738 0.327153
1739 0.290991
1740 0.410158
1741 0.414689
1742 0.501064
1743 0.365407
1744 0.535993
1745 0.298777
1746 0.308725
1747 0.452232
1748 0.322153
1749 0.320599
1750 0.308094
1751 0.471866
1752 0.398277
1753 0.538757
1754 0.317739
1755 0.422299
1756 0.431252
1757 0.470801
1758 0.504701
1759 0.351299
1760 0.44708
1761 0.317928
1762 0.298596
1763 0.208947
1764 0.424749
1765 0.466916
1766 0.513796
1767 0.463502
1768 0.390125
1769 0.282828
1770 0.489268
1771 0.471543
1772 0.27238
1773 0.409147
1774 0.448616
1775 0.5747
1776 0.603432
1777 0.410982
1778 0.560951
1779 0.584253
1780 0.514238
1781 0.591643
1782 0.430553
1783 0.378062
1784 0.451088
1785 0.332569
1786 0.345044
1787 0.258954
1788 0.332658
1789 0.485379
1790 0.471784
1791 0.325516
1792 0.452022
1793 0.28615
1794 0.321746
1795 0.34621
1796 0.401585
1797 0.286361
1798 0.241375
1799 0.297863
1800 0.418505
1801 0.408411
1802 0.276404
1803 0.331012
1804 0.374035
1805 0.287432
1806 0.423951
1807 0.343864
1808 0.232085
1809 0.417627
1810 0.352369
1811 0.446738
1812 0.513317
1813 0.383497
1814 0.422806
1815 0.416381
1816 0.455508
1817 0.490424
1818 0.339158
1819 0.455775
1820 0.429976
1821 0.473678
1822 0.288974
1823 0.317366
1824 0.444523
1825 0.347127
1826 0.533328
1827 0.431173
1828 0.473355
1829 0.309008
1830 0.370392
1831 0.323796
1832 0.217596
1833 0.222926
1834 0.31868
1835 0.330149
1836 0.231327
1837 0.478675
1838 0.375752
1839 0.527537
1840 0.554565
1841 0.414887
1842 0.374856
1843 0.36774
1844 0.354681
1845 0.437378
1846 0.410161
1847 0.505849
1848 0.524147
1849 0.359899
1850 0.253858
1851 0.329919
1852 0.480684
1853 0.347542
1854 0.316927
1855 0.386553
1856 0.282803
1857 0.478082
1858 0.427652
1859 0.3611
1860 0.267962
1861 0.341881
1862 0.281706
1863 0.307324
1864 0.433841
1865 0.420821
1866 0.357177
1867 0.438309
1868 0.471246
1869 0.572147
1870 0.488522
1871 0.486459
1872 0.537791
1873 0.399572
1874 0.255128
1875 0.385397
1876 0.520463
1877 0.408419
1878 0.490584
1879 0.494004
1880 0.362792
1881 0.320564
1882 0.434111
1883 0.434067
1884 0.380098
1885 0.385637
1886 0.302889
1887 0.434656
1888 0.537104
1889 0.348306
1890 0.26561
1891 0.379181
1892 0.413049
1893 0.50052
1894 0.464143
1895 0.417546
1896 0.46722
1897 0.342224
1898 0.34777
1899 0.373375
1900 0.245006
1901 0.275567
1902 0.323922
1903 0.392137
1904 0.385323
1905 0.345217
1906 0.323573
1907 0.386047
1908 0.236309
1909 0.250591
1910 0.212733
1911 0.403862
1912 0.391394
1913 0.369631
1914 0.304842
1915 0.351721
1916 0.464994
1917 0.46769
1918 0.314347
1919 0.341295
1920 0.406497
1921 0.295517
1922 0.327102
1923 0.393348
1924 0.438671
1925 0.404428
1926 0.515401
1927 0.411536
1928 0.458741
1929 0.41083
1930 0.336016
1931 0.410646
1932 0.314434
1933 0.255638
1934 0.359704
1935 0.307903
1936 0.453882
1937 0.441788
1938 0.556274
1939 0.469074
1940 0.458514
1941 0.471818
1942 0.331728
1943 0.376398
1944 0.263793
1945 0.202119
1946 0.386773
1947 0.417142
1948 0.443903
1949 0.374737
1950 0.244063
1951 0.267939
1952 0.456611
1953 0.326397
1954 0.418458
1955 0.386412
1956 0.280618
1957 0.397668
1958 0.297641
1959 0.498225
1960 0.406171
1961 0.420791
1962 0.358717
1963 0.423576
1964 0.453358
1965 0.496777
1966 0.370532
1967 0.384426
1968 0.436802
1969 0.386957
1970 0.422922
1971 0.30837
1972 0.350007
1973 0.313229
1974 0.273928
1975 0.374194
1976 0.461567
1977 0.470754
1978 0.538678
1979 0.318018
1980 0.419731
1981 0.518321
1982 0.540946
1983 0.520938
1984 0.572882
1985 0.405146
1986 0.511785
1987 0.326168
1988 0.31923
1989 0.270736
1990 0.401788
1991 0.407424
1992 0.38534
1993 0.401798
1994 0.273558
1995 0.209531
1996 0.354094
1997 0.473347
1998 0.291773
1999 0.484037
2000 0.376314
2001 0.300183
2002 0.305558
2003 0.222877
2004 0.431396
2005 0.510037
2006 0.564414
2007 0.442862
2008 0.557479
2009 0.419115
2010 0.385535
2011 0.367677
2012 0.345756
2013 0.287136
2014 0.226538
2015 0.36308
2016 0.436924
2017 0.54772
2018 0.540887
2019 0.448258
2020 0.507043
2021 0.301133
2022 0.429103
2023 0.343482
2024 0.301569
2025 0.442333
2026 0.384321
2027 0.316943
2028 0.340601
2029 0.455189
2030 0.333654
2031 0.461557
2032 0.526512
2033 0.372338
2034 0.445435
2035 0.422808
2036 0.397919
2037 0.448052
2038 0.372455
2039 0.344093
2040 0.475137
2041 0.51784
2042 0.58638
2043 0.501381
2044 0.429287
2045 0.476714
2046 0.550164
2047 0.572082
2048 0.421806
2049 0.270688
2050 0.357319
2051 0.254716
2052 0.20467
2053 0.188979
2054 0.30848
2055 0.365722
2056 0.539287
2057 0.5795
2058 0.559409
2059 0.448456
2060 0.563869
2061 0.601663
2062 0.520088
2063 0.459673
2064 0.521852
2065 0.586857
2066 0.527091
2067 0.412481
2068 0.337781
2069 0.436563
2070 0.444251
2071 0.301307
2072 0.218601
2073 0.337069
2074 0.358077
2075 0.468
2076 0.507644
2077 0.414798
2078 0.397562
2079 0.419746
2080 0.448693
2081 0.475598
2082 0.409743
2083 0.455199
2084 0.521522
2085 0.42545
2086 0.426233
2087 0.466632
2088 0.384781
2089 0.290972
2090 0.292087
2091 0.192982
2092 0.201181
2093 0.184897
2094 0.296645
2095 0.374381
2096 0.304045
2097 0.516265
2098 0.54992
2099 0
