0 447.247
1 -232.407
2 -24.34
3 -13.3437
4 0.204649
5 -0.474579
6 -3.98645
7 -6.87181
8 -8.25679
9 -8.18632
10 -9.15416
11 -10.3063
12 -9.70419
13 -9.5047
14 -9.60209
15 -10.2757
16 -10.5164
17 -10.1117
18 -10.8307
19 -9.65204
20 -10.4788
21 -8.66017
22 -12.4501
23 -7.52493
24 -11.6842
25 -8.18224
26 -9.91083
27 -11.45
28 -6.08342
29 -14.2518
30 -3.95908
31 -13.8559
32 -9.40873
33 -6.38496
34 -12.1317
35 1.01345
36 -15.6408
37 -2.49046
38 -7.18428
39 -6.69022
40 3.80226
41 -9.1597
42 1.81598
43 -3.95913
44 -1.34054
45 0.951028
46 -1.41981
47 0.439243
48 -0.443101
49 0.362546
50 0.389695
51 -0.168789
52 0.18454
53 0.265001
54 0.123326
55 0.200975
56 0.168924
57 0.174239
58 0.19844
59 0.175511
60 0.227054
61 0.114023
62 0.172595
63 0.18282
64 0.165718
65 0.120124
66 0.124038
67 0.177585
68 0.161714
69 0.215555
70 0.226163
71 0.126064
72 0.181887
73 0.195162
74 0.21405
75 0.107503
76 0.132073
77 0.221675
78 0.120215
79 0.173098
80 0.151621
81 0.233258
82 0.142517
83 0.142978
84 0.171161
85 0.102373
86 0.159084
87 0.149723
88 0.1651
89 0.168059
90 0.127637
91 0.257869
92 0.131224
93 0.215881
94 0.138586
95 0.138571
96 0.165783
97 0.0901273
98 0.12006
99 0.149021
100 0.121637
101 0.0626752
102 0.232214
103 0.199356
104 0.0891486
105 0.179727
106 0.240602
107 0.166909
108 0.176048
109 0.151383
110 0.167031
111 0.125398
112 0.206578
113 0.179746
114 0.179733
115 0.159825
116 0.202239
117 0.134516
118 0.20387
119 0.0891626
120 0.237788
121 0.150957
122 0.222508
123 0.162941
124 0.245888
125 0.186729
126 0.178584
127 0.20125
128 0.203937
129 0.221046
130 0.209002
131 0.152091
132 0.127395
133 0.172213
134 0.120447
135 0.136515
136 0.130943
137 0.210171
138 0.206312
139 0.232925
140 0.249274
141 0.153407
142 0.200735
143 0.146619
144 0.151335
145 0.181232
146 0.00283462
147 0.189504
148 0.161933
149 0.177231
150 0.124534
151 0.185666
152 0.147039
153 0.151246
154 0.128249
155 0.155787
156 0.172482
157 0.108083
158 0.166487
159 0.205317
160 0.112494
161 0.152933
162 0.0483184
163 0.13339
164 0.0667242
165 0.192869
166 0.23318
167 0.219251
168 0.194687
169 0.171354
170 0.216785
171 0.234188
172 0.236444
173 0.145477
174 0.10428
175 0.17894
176 0.174078
177 0.187339
178 0.157024
179 0.289264
180 0.299463
181 0.204599
182 0.118339
183 0.167841
184 0.18502
185 0.152795
186 0.248791
187 0.170395
188 0.151897
189 0.140113
190 0.170553
191 0.192408
192 0.106013
193 0.209596
194 0.178304
195 0.175896
196 0.218937
197 0.233116
198 0.22338
199 0.203096
200 0.125429
201 0.202565
202 0.199962
203 0.142772
204 0.143104
205 0.179609
206 0.164845
207 0.162033
208 0.0584491
209 0.117329
210 0.178752
211 0.0959191
212 0.20679
213 0.183812
214 0.115519
215 0.184386
216 0.179514
217 0.167786
218 0.0112717
219 0.168969
220 0.265845
221 0.197132
222 0.275589
223 0.211178
224 0.226595
225 0.169266
226 0.183379
227 0.185968
228 0.18115
229 0.153297
230 0.234054
231 0.164016
232 0.172953
233 0.179513
234 0.211629
235 0.197752
236 0.146429
237 0.219637
238 0.156369
239 0.183457
240 0.218426
241 0.252697
242 0.136901
243 0.131628
244 0.136197
245 0.152935
246 0.219661
247 0.133563
248 0.160905
249 0.109162
250 0.0736715
251 0.211953
252 0.166856
253 0.188962
254 0.171466
255 0.11327
256 0.180292
257 0.140978
258 0.129678
259 0.118184
260 0.190502
261 0.244318
262 0.195035
263 0.220806
264 0.233207
265 0.127874
266 0.200096
267 0.0685622
268 0.293382
269 0.163931
270 0.163557
271 0.220302
272 0.139352
273 0.179882
274 0.182059
275 0.163769
276 0.209476
277 0.171941
278 0.064342
279 0.231109
280 0.170765
281 0.229963
282 0.192027
283 0.159337
284 0.237327
285 0.115589
286 0.208951
287 0.158106
288 0.180164
289 0.237508
290 0.191992
291 0.151047
292 0.258894
293 0.247432
294 0.138053
295 0.230535
296 0.204207
297 0.169173
298 0.158746
299 0.238773
300 0.110871
301 0.194848
302 0.288738
303 0.238396
304 0.220409
305 0.280959
306 0.177705
307 0.189478
308 0.143261
309 0.193122
310 0.269205
311 0.117928
312 0.179274
313 0.108635
314 0.246066
315 0.126043
316 0.101105
317 0.165766
318 0.134841
319 0.146203
320 0.223425
321 0.160606
322 0.191487
323 0.190325
324 0.206946
325 0.19059
326 0.131124
327 0.207326
328 0.166265
329 0.151717
330 0.206013
331 0.225761
332 0.206213
333 0.148823
334 0.212419
335 0.214225
336 0.14501
337 0.10422
338 0.238217
339 0.161043
340 0.218138
341 0.178175
342 0.129704
343 0.127993
344 0.214235
345 0.158935
346 0.129255
347 0.162249
348 0.219446
349 0.154591
350 0.117998
351 0.151517
352 0.154567
353 0.128732
354 0.211527
355 0.155661
356 0.148728
357 0.101577
358 0.18993
359 0.255103
360 0.186381
361 0.246848
362 0.185721
363 0.186187
364 0.19146
365 0.138233
366 0.088662
367 0.159094
368 0.0743079
369 0.104438
370 0.163116
371 0.093085
372 0.182759
373 0.145057
374 0.11003
375 0.123016
376 0.212011
377 0.145964
378 0.159783
379 0.23426
380 0.18906
381 0.124426
382 0.168605
383 0.187237
384 0.0976402
385 0.191772
386 0.0311223
387 0.154128
388 0.124632
389 0.167277
390 0.228832
391 0.168981
392 0.147327
393 0.189788
394 0.187496
395 0.142269
396 0.135999
397 0.146071
398 0.149165
399 0.240812
400 0.14332
401 0.0845536
402 0.236847
403 0.151523
404 0.206172
405 0.158604
406 0.132128
407 0.096423
408 0.0487489
409 0.227701
410 0.196077
411 0.201527
412 0.195904
413 0.17072
414 0.201768
415 0.182475
416 0.206756
417 0.243159
418 0.215766
419 0.1612
420 0.150785
421 0.178968
422 0.139232
423 0.198343
424 0.120819
425 0.164961
426 0.176948
427 0.0668916
428 0.0975213
429 0.151719
430 0.0762346
431 0.204067
432 0.230494
433 0.215675
434 0.185014
435 0.201276
436 0.179442
437 0.216132
438 0.14344
439 0.226067
440 0.259816
441 0.200838
442 0.212826
443 0.188765
444 0.169503
445 0.143883
446 0.263178
447 0.184688
448 0.205357
449 0.216513
450 0.0812417
451 0.213714
452 0.137496
453 0.146978
454 0.115487
455 0.161174
456 0.229948
457 0.172014
458 0.190743
459 0.173568
460 0.224301
461 0.233468
462 0.139114
463 0.279055
464 0.212837
465 0.164637
466 0.262807
467 0.110169
468 0.169837
469 0.207213
470 0.196375
471 0.204037
472 0.218619
473 0.212497
474 0.142007
475 0.167692
476 0.159798
477 0.208632
478 0.2442
479 0.236634
480 0.169031
481 0.142196
482 0.195071
483 0.234757
484 0.252815
485 0.175527
486 0.267633
487 0.132607
488 0.16449
489 0.163851
490 0.155774
491 0.157222
492 0.191423
493 0.180852
494 0.229497
495 0.1677
496 0.137917
497 0.159986
498 0.176827
499 0.186957
500 0.162547
501 0.127624
502 0.188275
503 0.215183
504 0.20377
505 0.237
506 0.202782
507 0.222393
508 0.2056
509 0.157619
510 0.202608
511 0.144444
512 0.129792
513 0.169663
514 0.153106
515 0.212011
516 0.221959
517 0.180836
518 0.178908
519 0.160828
520 0.152818
521 0.164439
522 0.141493
523 0.156185
524 0.251598
525 0.168518
526 0.12602
527 0.186908
528 0.179827
529 0.147085
530 0.109634
531 0.166615
532 0.0893633
533 0.158375
534 0.154573
535 0.185494
536 0.190035
537 0.170923
538 0.171507
539 0.169967
540 0.238276
541 0.229181
542 0.198284
543 0.150004
544 0.205042
545 0.112913
546 0.0912924
547 0.116526
548 0.19291
549 0.152093
550 0.186151
551 0.177939
552 0.135523
553 0.205937
554 0.232428
555 0.115499
556 0.194633
557 0.167541
558 0.12111
559 0.175672
560 0.249633
561 0.159991
562 0.147496
563 0.260319
564 0.179502
565 0.156986
566 0.13852
567 0.143332
568 0.139655
569 0.0602714
570 0.139164
571 0.116738
572 0.0866942
573 0.182396
574 0.200972
575 0.119473
576 0.120232
577 0.213907
578 0.193828
579 0.217716
580 0.204714
581 0.166243
582 0.14971
583 0.151815
584 0.149341
585 0.128414
586 0.271624
587 0.182228
588 0.205411
589 0.0997647
590 0.220039
591 0.254586
592 0.191379
593 0.12084
594 0.194461
595 0.135507
596 0.135115
597 0.189028
598 0.145835
599 0.21159
600 0.117099
601 0.200466
602 0.187773
603 0.22298
604 0.103285
605 0.192041
606 0.202769
607 0.159507
608 0.209204
609 0.209084
610 0.170566
611 0.114808
612 0.218492
613 0.130907
614 0.217015
615 0.230407
616 0.153817
617 0.244965
618 0.116026
619 0.178806
620 0.143177
621 0.0876404
622 0.10978
623 0.170252
624 0.176556
625 0.207306
626 0.193451
627 0.253313
628 0.175414
629 0.108482
630 0.18709
631 0.200374
632 0.137364
633 0.198608
634 0.233513
635 0.162986
636 0.112962
637 0.170924
638 0.218172
639 0.131464
640 0.211907
641 0.239473
642 0.150982
643 0.192521
644 0.173499
645 0.114975
646 0.178916
647 0.160363
648 0.116081
649 0.226288
650 0.187832
651 0.18825
652 0.174771
653 0.179253
654 0.225197
655 0.259977
656 0.101104
657 0.246987
658 0.23098
659 0.208965
660 0.130577
661 0.103102
662 0.186853
663 0.166383
664 0.126593
665 0.104244
666 0.136488
667 0.10902
668 0.149772
669 0.11433
670 0.153284
671 0.208311
672 0.282324
673 0.194691
674 0.15303
675 0.164529
676 0.088857
677 0.274569
678 0.239797
679 0.122405
680 0.201574
681 0.254512
682 0.272391
683 0.168454
684 0.29072
685 0.129416
686 0.229833
687 0.200669
688 0.194019
689 0.211731
690 0.159738
691 0.170434
692 0.202308
693 0.169024
694 0.222364
695 0.154506
696 0.200821
697 0.208052
698 0.192792
699 0.143443
700 0.180633
701 0.148241
702 0.182699
703 0.166635
704 0.105065
705 0.178433
706 0.16581
707 0.197686
708 0.180067
709 0.120562
710 0.197976
711 0.207523
712 0.122662
713 0.138548
714 0.119338
715 0.124137
716 0.165778
717 0.179076
718 0.1518
719 0.156563
720 0.193034
721 0.19564
722 0.234144
723 0.165562
724 0.121088
725 0.12582
726 0.163718
727 0.0787689
728 0.134175
729 0.27206
730 0.189863
731 0.205772
732 0.090373
733 0.188716
734 0.177872
735 0.165336
736 0.186754
737 0.141895
738 0.156651
739 0.20293
740 0.142534
741 0.205307
742 0.255771
743 0.298158
744 0.181666
745 0.173905
746 0.141456
747 0.169784
748 0.0912815
749 0.153056
750 0.0807669
751 0.177303
752 0.149972
753 0.141483
754 0.112492
755 0.148493
756 0.131882
757 0.199328
758 0.171553
759 0.199448
760 0.157105
761 0.237153
762 0.213369
763 0.203633
764 0.140126
765 0.173697
766 0.226348
767 0.169725
768 0.194668
769 0.187752
770 0.260587
771 0.147514
772 0.0787945
773 0.257669
774 0.199633
775 0.162045
776 0.0625567
777 0.223084
778 0.118532
779 0.220834
780 0.0848815
781 0.183524
782 0.129951
783 0.161062
784 0.178014
785 0.198789
786 0.0924633
787 0.251034
788 0.171662
789 0.143465
790 0.113643
791 0.198539
792 0.104549
793 0.21224
794 0.171844
795 0.169393
796 0.149289
797 0.209913
798 0.187146
799 0.132079
800 0.103993
801 0.239042
802 0.157052
803 0.0825638
804 0.0821692
805 0.182634
806 0.0960601
807 0.0928627
808 0.170836
809 0.138843
810 0.204806
811 0.173247
812 0.16537
813 0.216869
814 0.154007
815 0.185976
816 0.22525
817 0.173025
818 0.188996
819 0.19713
820 0.196847
821 0.185531
822 0.183449
823 0.173831
824 0.135693
825 0.135752
826 0.143276
827 0.158554
828 0.143222
829 0.170711
830 0.0881708
831 0.19568
832 0.105684
833 0.165047
834 0.153499
835 0.163776
836 0.242137
837 0.163515
838 0.124156
839 0.179048
840 0.155735
841 0.179431
842 0.158797
843 0.116567
844 0.165474
845 0.170599
846 0.12662
847 0.147267
848 0.194913
849 0.15356
850 0.137659
851 0.164198
852 0.203248
853 0.134765
854 0.131874
855 0.187819
856 0.138175
857 0.151609
858 0.197584
859 0.15998
860 0.184521
861 0.195267
862 0.128708
863 0.125613
864 0.250188
865 0.11039
866 0.243103
867 0.214566
868 0.10838
869 0.148251
870 0.202701
871 0.152338
872 0.276583
873 0.19144
874 0.166768
875 0.171005
876 0.108254
877 0.291732
878 0.169969
879 0.207423
880 0.164883
881 0.187698
882 0.167232
883 0.116361
884 0.146808
885 0.151864
886 0.0762251
887 0.146912
888 0.138787
889 0.152531
890 0.0665085
891 0.191078
892 0.202167
893 0.152111
894 0.120139
895 0.216584
896 0.236364
897 0.192729
898 0.204833
899 0.116618
900 0.137499
901 0.0704671
902 0.18147
903 0.16036
904 0.180288
905 0.0789351
906 0.21012
907 0.208269
908 0.203729
909 0.299784
910 0.244889
911 0.203154
912 0.15106
913 0.22158
914 0.254014
915 0.266018
916 0.128442
917 0.110634
918 0.129081
919 0.192456
920 0.17595
921 0.1486
922 0.20689
923 0.142651
924 0.114575
925 0.165654
926 0.160279
927 0.191868
928 0.137829
929 0.136324
930 0.172514
931 0.140753
932 0.224895
933 0.119191
934 0.209474
935 0.235876
936 0.142889
937 0.163006
938 0.142081
939 0.1494
940 0.116237
941 0.163047
942 0.174931
943 0.122574
944 0.112031
945 0.188391
946 0.188936
947 0.164447
948 0.0979292
949 0.0335642
950 0.117495
951 0.107127
952 0.158714
953 0.182896
954 0.239796
955 0.130963
956 0.146894
957 0.237043
958 0.0732218
959 0.150061
960 0.120693
961 0.16395
962 0.227068
963 0.174286
964 0.162258
965 0.222549
966 0.210444
967 0.17515
968 0.158779
969 0.152124
970 0.181519
971 0.103786
972 0.203358
973 0.222555
974 0.127186
975 0.126984
976 0.168896
977 0.152197
978 0.185057
979 0.203307
980 0.22482
981 0.177737
982 0.20979
983 0.216962
984 0.153881
985 0.212801
986 0.168112
987 0.156151
988 0.257284
989 0.182766
990 0.201047
991 0.255542
992 0.204525
993 0.106142
994 0.147579
995 0.12978
996 0.178694
997 0.0918538
998 0.210597
999 0.110524
1000 0.138525
1001 0.262006
1002 0.183736
1003 0.204812
1004 0.212474
1005 0.266512
1006 0.173829
1007 0.131185
1008 0.162699
1009 0.138158
1010 0.215915
1011 0.125127
1012 0.090071
1013 0.287183
1014 0.194866
1015 0.147559
1016 0.161092
1017 0.166337
1018 0.232985
1019 0.196289
1020 0.126653
1021 0.222137
1022 0.194017
1023 0.108868
1024 0.15145
1025 0.18666
1026 0.16343
1027 0.119001
1028 0.088544
1029 0.133366
1030 0.172288
1031 0.148334
1032 0.198255
1033 0.227026
1034 0.183523
1035 0.12601
1036 0.118095
1037 0.112315
1038 0.0960977
1039 0.125162
1040 0.265369
1041 0.232347
1042 0.180677
1043 0.186292
1044 0.158106
1045 0.175572
1046 0.102545
1047 0.123562
1048 0.172207
1049 0.214843
1050 0.172168
1051 0.138684
1052 0.133036
1053 0.192212
1054 0.215925
1055 0.172652
1056 0.173948
1057 0.166816
1058 0.335738
1059 0.24294
1060 0.143464
1061 0.0481133
1062 0.214683
1063 0.163036
1064 0.146245
1065 0.106079
1066 0.215762
1067 0.1871
1068 0.104729
1069 0.199791
1070 0.122643
1071 0.160326
1072 0.16896
1073 0.0592097
1074 0.127027
1075 0.250601
1076 0.191015
1077 0.168916
1078 0.180539
1079 0.192692
1080 0.180347
1081 0.145456
1082 0.11316
1083 0.179363
1084 0.140588
1085 0.189096
1086 0.250822
1087 0.149412
1088 0.0931103
1089 0.189395
1090 0.119598
1091 0.146402
1092 0.209564
1093 0.127937
1094 0.141635
1095 0.198614
1096 0.202759
1097 0.185312
1098 0.238271
1099 0.218853
1100 0.113756
1101 0.237268
1102 0.146187
1103 0.111135
1104 0.160836
1105 0.109492
1106 0.227226
1107 0.133579
1108 0.209907
1109 0.186223
1110 0.258668
1111 0.202175
1112 0.19746
1113 0.182601
1114 0.180641
1115 0.167062
1116 0.178223
1117 0.229877
1118 0.112222
1119 0.119472
1120 0.198547
1121 0.178496
1122 0.198156
1123 0.130617
1124 0.244174
1125 0.185775
1126 0.244247
1127 0.251704
1128 0.159871
1129 0.0693346
1130 0.184978
1131 0.175409
1132 0.202543
1133 0.15104
1134 0.16288
1135 0.125588
1136 0.116352
1137 0.263613
1138 0.20206
1139 0.121537
1140 0.250622
1141 0.192929
1142 0.167271
1143 0.185126
1144 0.188181
1145 0.222846
1146 0.249527
1147 0.193942
1148 0.120087
1149 0.184364
1150 0.215271
1151 0.158249
1152 0.236407
1153 0.174414
1154 0.221129
1155 0.216846
1156 0.128672
1157 0.114883
1158 0.214604
1159 0.202538
1160 0.150686
1161 0.173077
1162 0.193871
1163 0.141403
1164 0.252308
1165 0.104062
1166 0.21134
1167 0.178172
1168 0.223862
1169 0.097343
1170 0.200766
1171 0.160817
1172 0.144888
1173 0.208174
1174 0.159474
1175 0.132669
1176 0.164675
1177 0.138615
1178 0.148483
1179 0.210839
1180 0.187621
1181 0.187974
1182 0.197023
1183 0.118102
1184 0.204356
1185 0.170652
1186 0.177976
1187 0.178394
1188 0.140416
1189 0.144413
1190 0.122246
1191 0.151105
1192 0.208456
1193 0.180159
1194 0.11831
1195 0.195523
1196 0.141514
1197 0.16391
1198 0.219225
1199 0.239709
1200 0.170761
1201 0.208608
1202 0.179576
1203 0.192226
1204 0.103954
1205 0.103406
1206 0.22496
1207 0.204466
1208 0.158628
1209 0.262471
1210 0.177272
1211 0.168918
1212 0.18712
1213 0.115182
1214 0.177961
1215 0.181382
1216 0.102261
1217 0.234242
1218 0.223509
1219 0.163639
1220 0.275094
1221 0.184615
1222 0.170014
1223 0.141903
1224 0.117653
1225 0.123724
1226 0.14342
1227 0.180984
1228 0.152505
1229 0.168495
1230 0.175287
1231 0.152121
1232 0.190755
1233 0.14081
1234 0.261733
1235 0.234412
1236 0.244892
1237 0.144931
1238 0.227337
1239 0.123219
1240 0.283678
1241 0.154805
1242 0.217885
1243 0.286264
1244 0.149455
1245 0.143147
1246 0.199214
1247 0.129623
1248 0.11786
1249 0.11927
1250 0.166785
1251 0.180392
1252 0.155707
1253 0.187939
1254 0.105814
1255 0.153155
1256 0.182684
1257 0.224981
1258 0.212622
1259 0.0821859
1260 0.169461
1261 0.213836
1262 0.15717
1263 0.128835
1264 0.20119
1265 0.18515
1266 0.162402
1267 0.251174
1268 0.192077
1269 0.16351
1270 0.127948
1271 0.236809
1272 0.117969
1273 0.131431
1274 0.192168
1275 0.148802
1276 0.158575
1277 0.101503
1278 0.220837
1279 0.160222
1280 0.237074
1281 0.166262
1282 0.176995
1283 0.184291
1284 0.103729
1285 0.20751
1286 0.211749
1287 0.202915
1288 0.176466
1289 0.197374
1290 0.181174
1291 0.143406
1292 0.152148
1293 0.276532
1294 0.172946
1295 0.204329
1296 0.118617
1297 0.185541
1298 0.219634
1299 0.209551
1300 0.227189
1301 0.0851681
1302 0.186328
1303 0.197558
1304 0.124447
1305 0.248371
1306 0.210365
1307 0.16932
1308 0.168299
1309 0.284075
1310 0.0908937
1311 0.19161
1312 0.154542
1313 0.107179
1314 0.205516
1315 0.185853
1316 0.118358
1317 0.166974
1318 0.185106
1319 0.221172
1320 0.319672
1321 0.194425
1322 0.133024
1323 0.176328
1324 0.152304
1325 0.135649
1326 0.149839
1327 0.216637
1328 0.154313
1329 0.200626
1330 0.199165
1331 0.240147
1332 0.0849764
1333 0.115432
1334 0.272614
1335 0.144321
1336 0.234605
1337 0.108664
1338 0.0636801
1339 0.201066
1340 0.207476
1341 0.0923735
1342 0.245892
1343 0.133995
1344 0.18386
1345 0.181639
1346 0.217441
1347 0.0846561
1348 0.2122
1349 0.198916
1350 0.16157
1351 0.105727
1352 0.16027
1353 0.120149
1354 0.161846
1355 0.239946
1356 0.190818
1357 0.186278
1358 0.12732
1359 0.182936
1360 0.235371
1361 0.193363
1362 0.219044
1363 0.156007
1364 0.251939
1365 0.127485
1366 0.201154
1367 0.1592
1368 0.133004
1369 0.165874
1370 0.179929
1371 0.0770904
1372 0.209825
1373 0.197253
1374 0.210295
1375 0.228744
1376 0.122647
1377 0.189166
1378 0.161894
1379 0.223707
1380 0.162737
1381 0.182713
1382 0.204537
1383 0.157713
1384 0.148917
1385 0.219179
1386 0.281168
1387 0.200922
1388 0.11553
1389 0.202161
1390 0.112906
1391 0.14669
1392 0.136603
1393 0.189468
1394 0.163225
1395 0.182459
1396 0.123235
1397 0.218217
1398 0.168056
1399 0.0871945
1400 0.152056
1401 0.24979
1402 0.156775
1403 0.127448
1404 0.14545
1405 0.168645
1406 0.234162
1407 0.163134
1408 0.180349
1409 0.228728
1410 0.203644
1411 0.145189
1412 0.204001
1413 0.193812
1414 0.176641
1415 0.184436
1416 0.10296
1417 0.208715
1418 0.231628
1419 0.204431
1420 0.0554928
1421 0.226903
1422 0.159338
1423 0.158957
1424 0.250318
1425 0.128473
1426 0.0545761
1427 0.208168
1428 0.162041
1429 0.17288
1430 0.171079
1431 0.14758
1432 0.127672
1433 0.0121507
1434 0.206716
1435 0.185114
1436 0.206469
1437 0.164588
1438 0.268185
1439 0.125873
1440 0.185856
1441 0.162895
1442 0.159222
1443 0.178372
1444 0.175145
1445 0.100658
1446 0.238934
1447 0.128956
1448 0.22594
1449 0.210032
1450 0.209585
1451 0.188457
1452 0.163761
1453 0.252046
1454 0.240651
1455 0.187973
1456 0.206594
1457 0.212371
1458 0.156655
1459 0.10697
1460 0.201849
1461 0.1689
1462 0.18855
1463 0.208657
1464 0.186376
1465 0.214731
1466 0.187464
1467 0.141017
1468 0.147899
1469 0.201084
1470 0.187461
1471 0.142504
1472 0.195889
1473 0.120181
1474 0.185313
1475 0.226414
1476 0.1752
1477 0.109342
1478 0.239394
1479 0.120648
1480 0.192573
1481 0.151502
1482 0.266991
1483 0.175707
1484 0.193485
1485 0.186331
1486 0.13945
1487 0.224004
1488 0.0738322
1489 0.151923
1490 0.150791
1491 0.0751021
1492 0.139715
1493 0.158227
1494 0.108774
1495 0.126842
1496 0.112219
1497 0.170052
1498 0.132141
1499 0.178653
1500 0.151338
1501 0.17726
1502 0.157485
1503 0.198347
1504 0.182607
1505 0.209775
1506 0.12404
1507 0.126931
1508 0.174927
1509 0.152571
1510 0.16708
1511 0.210339
1512 0.156527
1513 0.237561
1514 0.15781
1515 0.223693
1516 0.192732
1517 0.154892
1518 0.203562
1519 0.156422
1520 0.1232
1521 0.126494
1522 0.0751527
1523 0.198252
1524 0.0639323
1525 0.142027
1526 0.230049
1527 0.147224
1528 0.221082
1529 0.200608
1530 0.170416
1531 0.249106
1532 0.0813064
1533 0.134722
1534 0.154137
1535 0.102613
1536 0.146528
1537 0.21477
1538 0.224874
1539 0.183082
1540 0.184473
1541 0.0918001
1542 0.220415
1543 0.13297
1544 0.122094
1545 0.181098
1546 0.131192
1547 0.0690358
1548 0.172762
1549 0.19637
1550 0.0533027
1551 0.218037
1552 0.233542
1553 0.225667
1554 0.255205
1555 0.167424
1556 0.269655
1557 0.220805
1558 0.21955
1559 0.196228
1560 0.266688
1561 0.141095
1562 0.179981
1563 0.130301
1564 0.183943
1565 0.0924161
1566 0.0936918
1567 0.213048
1568 0.172277
1569 0.145748
1570 0.193559
1571 0.185618
1572 0.163595
1573 0.232644
1574 0.150161
1575 0.168306
1576 0.199691
1577 0.210865
1578 0.0962667
1579 0.188981
1580 0.179654
1581 0.180999
1582 0.152253
1583 0.0627243
1584 0.189068
1585 0.146394
1586 0.0278755
1587 0.0359972
1588 0.153123
1589 0.186442
1590 0.112203
1591 0.149061
1592 0.148168
1593 0.152533
1594 0.153434
1595 0.205074
1596 0.0917419
1597 0.190069
1598 0.124795
1599 0.238932
1600 0.257525
1601 0.240934
1602 0.168525
1603 0.146122
1604 0.176877
1605 0.24242
1606 0.0606662
1607 0.186564
1608 0.210186
1609 0.133039
1610 0.170761
1611 0.0623621
1612 0.203409
1613 0.208954
1614 0.19385
1615 0.104921
1616 0.208353
1617 0.212641
1618 0.120288
1619 0.161248
1620 0.21012
1621 0.238084
1622 0.129268
1623 0.184891
1624 0.18792
1625 0.189734
1626 0.0695847
1627 0.116486
1628 0.19727
1629 -0.00476033
1630 0.198643
1631 0.176762
1632 0.191237
1633 0.162597
1634 0.196737
1635 0.230274
1636 0.0900406
1637 0.222823
1638 0.237222
1639 0.250175
1640 0.210185
1641 0.195893
1642 0.162285
1643 0.124034
1644 0.163602
1645 0.190192
1646 0.214905
1647 0.201825
1648 0.21366
1649 0.0313569
1650 0.115424
1651 0.175852
1652 0.0735969
1653 0.269989
1654 0.206706
1655 0.145251
1656 0.264031
1657 0.299152
1658 0.106449
1659 0.123952
1660 0.168532
1661 0.150052
1662 0.157884
1663 0.205636
1664 0.111265
1665 0.119313
1666 0.106577
1667 0.166959
1668 0.157837
1669 0.257273
1670 0.157618
1671 0.174535
1672 0.0469297
1673 0.0953061
1674 0.24424
1675 0.231203
1676 0.287519
1677 0.062315
1678 0.228345
1679 0.0992085
1680 0.139897
1681 0.107263
1682 0.270287
1683 0.19612
1684 0.205959
1685 0.187562
1686 0.201568
1687 0.114832
1688 0.20201
1689 0.166098
1690 0.0856021
1691 0.241928
1692 0.1976
1693 0.194211
1694 0.212059
1695 0.10016
1696 0.150681
1697 0.214176
1698 0.197309
1699 0.168678
1700 0.164744
1701 0.24499
1702 0.120236
1703 0.159068
1704 0.178201
1705 0.194725
1706 0.129066
1707 0.187028
1708 0.212372
1709 0.195134
1710 0.105992
1711 0.1532
1712 0.132112
1713 0.188895
1714 0.209454
1715 0.132362
1716 0.196217
1717 0.124127
1718 0.179553
1719 0.177135
1720 0.170455
1721 0.267721
1722 0.210118
1723 0.170713
1724 0.219747
1725 0.236102
1726 0.19365
1727 0.19975
1728 0.205938
1729 0.193724
1730 0.214725
1731 0.119532
1732 0.28608
1733 0.110557
1734 0.12297
1735 0.119038
1736 0.112459
1737 0.19591
1738 0.174201
1739 0.180881
1740 0.12551
1741 0.158528
1742 0.234901
1743 0.122429
1744 0.160108
1745 0.107781
1746 0.114509
1747 0.165374
1748 0.165553
1749 0.189859
1750 0.100864
1751 0.0916229
1752 0.235819
1753 0.185067
1754 0.13236
1755 0.203261
1756 0.104872
1757 0.153975
1758 0.164817
1759 0.138857
1760 0.201144
1761 0.151008
1762 0.127469
1763 0.149299
1764 0.261881
1765 0.25777
1766 0.216488
1767 0.222624
1768 0.183998
1769 0.0322597
1770 0.136043
1771 0.215343
1772 0.102081
1773 0.204847
1774 0.272342
1775 0.308986
1776 0.269044
1777 0.247838
1778 0.106261
1779 0.145166
1780 0.195173
1781 0.251197
1782 0.140873
1783 0.230696
1784 0.189563
1785 0.138153
1786 0.100209
1787 0.120327
1788 0.129285
1789 0.128366
1790 0.201569
1791 0.1594
1792 0.160699
1793 0.201105
1794 0.132464
1795 0.113948
1796 0.161581
1797 0.137519
1798 0.224731
1799 0.193898
1800 0.153544
1801 0.227574
1802 0.188008
1803 0.124429
1804 0.126178
1805 0.14739
1806 0.171843
1807 0.116925
1808 0.12586
1809 0.203468
1810 0.147848
1811 0.147824
1812 0.205496
1813 0.237907
1814 0.233579
1815 0.144603
1816 0.231239
1817 0.158912
1818 0.216842
1819 0.166449
1820 0.1523
1821 0.208744
1822 0.135384
1823 0.112944
1824 0.161427
1825 0.156058
1826 0.199171
1827 0.143219
1828 0.184878
1829 0.132772
1830 0.174546
1831 0.211006
1832 0.145055
1833 0.188936
1834 0.0899359
1835 0.103028
1836 0.132994
1837 0.310377
1838 0.235499
1839 0.191686
1840 0.231749
1841 0.246349
1842 0.213993
1843 0.196091
1844 0.21161
1845 0.1084
1846 0.184742
1847 0.183083
1848 0.212817
1849 0.207853
1850 0.0717938
1851 0.197239
1852 0.120915
1853 0.14797
1854 0.137106
1855 0.204547
1856 0.163658
1857 0.142471
1858 0.180533
1859 0.123235
1860 0.154153
1861 0.137936
1862 0.196674
1863 0.0601498
1864 0.201405
1865 0.185472
1866 0.169809
1867 0.196413
1868 0.295277
1869 0.228686
1870 0.194617
1871 0.188173
1872 0.174
1873 0.166019
1874 0.0592992
1875 0.106667
1876 0.219694
1877 0.11894
1878 0.165769
1879 0.0645622
1880 0.227067
1881 0.0716413
1882 0.195351
1883 0.16908
1884 0.17476
1885 0.233569
1886 0.183375
1887 0.251734
1888 0.177575
1889 0.283272
1890 0.121169
1891 0.176414
1892 0.193643
1893 0.127663
1894 0.14994
1895 0.15624
1896 0.23035
1897 0.224247
1898 0.180538
1899 0.146019
1900 0.0749353
1901 0.187239
1902 0.127944
1903 0.146889
1904 0.190768
1905 0.139875
1906 0.212424
1907 0.248138
1908 0.130151
1909 0.0586863
1910 0.1569
1911 0.0499056
1912 0.338759
1913 0.0978712
1914 0.182705
1915 0.174337
1916 0.0502403
1917 0.174423
1918 0.119551
1919 0.147651
1920 0.179664
1921 0.12328
1922 0.143917
1923 0.203458
1924 0.197172
1925 0.134799
1926 0.232948
1927 0.136494
1928 0.204038
1929 0.189194
1930 0.176468
1931 0.174187
1932 0.180475
1933 0.107923
1934 0.182404
1935 0.110758
1936 0.198186
1937 0.228248
1938 0.190313
1939 0.196743
1940 0.140842
1941 0.238529
1942 0.208629
1943 0.138205
1944 0.219263
1945 0.167535
1946 0.110704
1947 0.104009
1948 0.097377
1949 0.242537
1950 0.0656755
1951 0.249834
1952 0.174021
1953 0.0769749
1954 0.179208
1955 0.229288
1956 0.0848832
1957 0.167937
1958 0.238336
1959 0.203881
1960 0.151032
1961 0.136136
1962 0.189432
1963 0.149225
1964 0.13794
1965 0.21063
1966 0.119792
1967 0.214932
1968 0.248812
1969 0.1354
1970 0.154156
1971 0.11161
1972 0.139984
1973 0.0845319
1974 0.133102
1975 0.115759
1976 0.262976
1977 0.098851
1978 0.227519
1979 0.145653
1980 0.145654
1981 0.231921
1982 0.177401
1983 0.14334
1984 0.15142
1985 0.13729
1986 0.0763951
1987 0.255972
1988 0.172599
1989 0.131832
1990 0.179214
1991 0.197813
1992 0.169989
1993 0.203322
1994 0.224887
1995 0.149706
1996 0.14454
1997 0.0704227
1998 0.213866
1999 0.172505
2000 0.169927
2001 0.219642
2002 0.147792
2003 0.155852
2004 -0.00382509
2005 0.0685879
2006 0.16866
2007 0.206832
2008 0.20595
2009 0.157259
2010 0.0729188
2011 0.146194
2012 0.169492
2013 0.203198
2014 0.160309
2015 0.200027
2016 0.147687
2017 0.19957
2018 0.24839
2019 0.161348
2020 0.146899
2021 0.196232
2022 0.141349
2023 0.195594
2024 0.125259
2025 0.272921
2026 0.18593
2027 0.134651
2028 0.235921
2029 0.19284
2030 0.169522
2031 0.147045
2032 0.16634
2033 0.191471
2034 0.143632
2035 0.237343
2036 0.175975
2037 0.163486
2038 0.223939
2039 0.177319
2040 0.134059
2041 0.301396
2042 0.116434
2043 0.191449
2044 0.150772
2045 0.213196
2046 0.211592
2047 0.0760417
2048 0.241066
2049 0.236075
2050 0.120664
2051 0.0605381
2052 0.143611
2053 0.22602
2054 0.0984662
2055 0.104567
2056 0.275429
2057 0.194379
2058 0.28358
2059 0.181298
2060 0.199464
2061 0.208994
2062 0.233383
2063 0.230291
2064 0.303616
2065 0.221677
2066 0.127595
2067 0.0387255
2068 0.157936
2069 0.1924
2070 0.188687
2071 0.238377
2072 0.107346
2073 0.13034
2074 0.15619
2075 0.205077
2076 0.206035
2077 0.193863
2078 0.155664
2079 0.211637
2080 0.176309
2081 0.296558
2082 0.150314
2083 0.161299
2084 0.123238
2085 0.199823
2086 0.171228
2087 0.196331
2088 0.154237
2089 0.146993
2090 0.134019
2091 0.0414341
2092 0.152348
2093 0.0361192
2094 0.152295
2095 0.12848
2096 0.122972
2097 0.315152
2098 0.123438
2099 0
