0 -42.776
1 -14.285
2 -8.88839
3 -12.1423
4 -12.3441
5 -11.3407
6 -10.4187
7 -9.85368
8 -9.85889
9 -9.81595
10 -9.96322
11 -9.86832
12 -10.3547
13 -10.0722
14 -9.95626
15 -10.2235
16 -9.57542
17 -10.8591
18 -9.3382
19 -9.97515
20 -9.78334
21 -10.2563
22 -9.4315
23 -8.78261
24 -10.6422
25 -7.47952
26 -7.67257
27 -4.72869
28 -6.50212
29 -3.65538
30 -0.495736
31 -2.85935
32 -0.907104
33 -0.528243
34 -0.260339
35 0.0906473
36 0.141271
37 0.423624
38 0.207738
39 0.331882
40 0.446805
41 0.545493
42 0.534659
43 0.568102
44 0.535537
45 0.550295
46 0.515995
47 0.525359
48 0.331101
49 0.292713
50 0.478993
51 0.338641
52 0.395936
53 0.44091
54 0.280588
55 0.411462
56 0.3837
57 0.354654
58 0.389188
59 0.228899
60 0.188809
61 0.183952
62 0.371038
63 0.244705
64 0.362663
65 0.321537
66 0.292322
67 0.292759
68 0.352023
69 0.509592
70 0.360747
71 0.316578
72 0.411342
73 0.429525
74 0.355959
75 0.243221
76 0.22339
77 0.256022
78 0.322994
79 0.231312
80 0.371944
81 0.454757
82 0.415115
83 0.508132
84 0.374799
85 0.470163
86 0.348827
87 0.331882
88 0.282196
89 0.1955
90 0.325063
91 0.306717
92 0.361981
93 0.261338
94 0.2421
95 0.354035
96 0.299051
97 0.259383
98 0.232861
99 0.338352
100 0.22095
101 0.207501
102 0.282583
103 0.456772
104 0.291959
105 0.243708
106 0.412714
107 0.34939
108 0.238366
109 0.244468
110 0.265753
111 0.282893
112 0.205204
113 0.246013
114 0.239276
115 0.407829
116 0.509542
117 0.536111
118 0.435678
119 0.333598
120 0.444709
121 0.314604
122 0.469151
123 0.379876
124 0.36589
125 0.364591
126 0.421962
127 0.403715
128 0.495803
129 0.470924
130 0.406237
131 0.393058
132 0.344144
133 0.341054
134 0.408793
135 0.318859
136 0.288395
137 0.466778
138 0.556191
139 0.473168
140 0.479916
141 0.523303
142 0.477211
143 0.300679
144 0.32779
145 0.242536
146 0.227742
147 0.431605
148 0.384424
149 0.43585
150 0.301378
151 0.372371
152 0.384321
153 0.437144
154 0.318079
155 0.375442
156 0.383876
157 0.397795
158 0.453616
159 0.518046
160 0.418013
161 0.27918
162 0.282247
163 0.246788
164 0.372429
165 0.455718
166 0.56348
167 0.539505
168 0.432984
169 0.364153
170 0.441742
171 0.478813
172 0.345424
173 0.373521
174 0.355768
175 0.309264
176 0.461216
177 0.291772
178 0.481234
179 0.484457
180 0.58799
181 0.429186
182 0.347615
183 0.482477
184 0.29369
185 0.421465
186 0.258753
187 0.415299
188 0.48724
189 0.432579
190 0.417726
191 0.550532
192 0.46728
193 0.543384
194 0.502677
195 0.414086
196 0.476403
197 0.278287
198 0.262938
199 0.189748
200 0.198335
201 0.372437
202 0.440456
203 0.446658
204 0.422197
205 0.474043
206 0.336368
207 0.246847
208 0.228643
209 0.435115
210 0.532363
211 0.303298
212 0.509291
213 0.439207
214 0.371917
215 0.358266
216 0.497511
217 0.311779
218 0.429292
219 0.479064
220 0.307848
221 0.497491
222 0.44789
223 0.316141
224 0.488147
225 0.409404
226 0.393265
227 0.460385
228 0.383828
229 0.263194
230 0.44457
231 0.500763
232 0.321405
233 0.431652
234 0.428054
235 0.505945
236 0.500264
237 0.591238
238 0.375891
239 0.469089
240 0.541526
241 0.400174
242 0.381842
243 0.264957
244 0.269868
245 0.293215
246 0.243131
247 0.472268
248 0.443357
249 0.302917
250 0.482468
251 0.404746
252 0.53779
253 0.380494
254 0.383637
255 0.306627
256 0.308606
257 0.378609
258 0.390032
259 0.359821
260 0.446816
261 0.502588
262 0.431737
263 0.309491
264 0.348172
265 0.387754
266 0.280094
267 0.485171
268 0.554821
269 0.366478
270 0.476142
271 0.431877
272 0.326187
273 0.342312
274 0.437782
275 0.490967
276 0.560628
277 0.421328
278 0.265388
279 0.482631
280 0.289935
281 0.467586
282 0.514042
283 0.309988
284 0.516263
285 0.300315
286 0.47201
287 0.399516
288 0.497172
289 0.487227
290 0.408704
291 0.540864
292 0.572392
293 0.559258
294 0.406105
295 0.487522
296 0.38162
297 0.458452
298 0.348409
299 0.381028
300 0.515471
301 0.440404
302 0.483192
303 0.419091
304 0.378845
305 0.24661
306 0.387405
307 0.478587
308 0.40822
309 0.446398
310 0.54278
311 0.590533
312 0.442249
313 0.281624
314 0.245972
315 0.250912
316 0.37837
317 0.426904
318 0.550063
319 0.341207
320 0.480153
321 0.413418
322 0.370524
323 0.523036
324 0.358768
325 0.454303
326 0.404856
327 0.442397
328 0.449669
329 0.446752
330 0.368836
331 0.420358
332 0.388184
333 0.382522
334 0.314918
335 0.370328
336 0.237942
337 0.368303
338 0.430228
339 0.342548
340 0.337098
341 0.317531
342 0.38652
343 0.424781
344 0.423024
345 0.303693
346 0.260831
347 0.287406
348 0.463047
349 0.354613
350 0.478486
351 0.342177
352 0.433602
353 0.536504
354 0.317365
355 0.512935
356 0.285949
357 0.363056
358 0.437453
359 0.54418
360 0.436207
361 0.463441
362 0.498775
363 0.336582
364 0.32895
365 0.402145
366 0.269239
367 0.347882
368 0.249139
369 0.402764
370 0.470724
371 0.314467
372 0.387464
373 0.245119
374 0.208852
375 0.252072
376 0.349657
377 0.356221
378 0.425117
379 0.502344
380 0.562407
381 0.520718
382 0.496004
383 0.393755
384 0.249985
385 0.319055
386 0.367211
387 0.272867
388 0.327687
389 0.318152
390 0.478999
391 0.46206
392 0.337451
393 0.29414
394 0.383851
395 0.415131
396 0.357404
397 0.250188
398 0.331009
399 0.364556
400 0.429477
401 0.374064
402 0.471952
403 0.500032
404 0.366783
405 0.441078
406 0.478494
407 0.310138
408 0.494118
409 0.489987
410 0.564416
411 0.458514
412 0.459082
413 0.530499
414 0.506553
415 0.497571
416 0.533402
417 0.394628
418 0.535551
419 0.499088
420 0.574353
421 0.378197
422 0.267134
423 0.404707
424 0.241475
425 0.24451
426 0.323221
427 0.245471
428 0.468876
429 0.388287
430 0.551561
431 0.367669
432 0.287693
433 0.307219
434 0.482404
435 0.513923
436 0.364595
437 0.541658
438 0.526945
439 0.372962
440 0.393138
441 0.464212
442 0.527806
443 0.507988
444 0.556596
445 0.556371
446 0.440325
447 0.342469
448 0.297512
449 0.39653
450 0.281695
451 0.362886
452 0.422715
453 0.471321
454 0.276472
455 0.249329
456 0.235675
457 0.29108
458 0.275919
459 0.396442
460 0.522579
461 0.508781
462 0.320918
463 0.480475
464 0.544282
465 0.455103
466 0.574803
467 0.604129
468 0.469767
469 0.452373
470 0.466626
471 0.331682
472 0.455199
473 0.34501
474 0.513101
475 0.516088
476 0.601659
477 0.5762
478 0.50933
479 0.608123
480 0.33492
481 0.45451
482 0.509065
483 0.540096
484 0.492965
485 0.358409
486 0.484793
487 0.502164
488 0.525742
489 0.367535
490 0.287408
491 0.454759
492 0.412915
493 0.271612
494 0.41368
495 0.285506
496 0.414046
497 0.380107
498 0.289394
499 0.300673
500 0.268294
501 0.374937
502 0.404784
503 0.439638
504 0.286193
505 0.493038
506 0.556562
507 0.535141
508 0.344763
509 0.360157
510 0.261022
511 0.277175
512 0.460827
513 0.369381
514 0.521023
515 0.450873
516 0.565229
517 0.526238
518 0.479948
519 0.48164
520 0.541488
521 0.388025
522 0.36829
523 0.341285
524 0.471406
525 0.321842
526 0.360438
527 0.492023
528 0.447601
529 0.464396
530 0.421473
531 0.484771
532 0.558225
533 0.603874
534 0.567176
535 0.46799
536 0.361349
537 0.421352
538 0.439937
539 0.376309
540 0.538561
541 0.500752
542 0.448363
543 0.34769
544 0.480327
545 0.539111
546 0.335607
547 0.278968
548 0.371428
549 0.424287
550 0.472523
551 0.409439
552 0.346259
553 0.35882
554 0.361105
555 0.503529
556 0.452064
557 0.354783
558 0.474529
559 0.556336
560 0.506727
561 0.427729
562 0.28488
563 0.39454
564 0.417967
565 0.424984
566 0.33623
567 0.410456
568 0.338538
569 0.323151
570 0.452774
571 0.470085
572 0.328695
573 0.333559
574 0.312063
575 0.203467
576 0.351271
577 0.461325
578 0.523669
579 0.355527
580 0.373588
581 0.378573
582 0.266848
583 0.359428
584 0.404583
585 0.541672
586 0.601455
587 0.636257
588 0.600643
589 0.420718
590 0.489779
591 0.379328
592 0.541623
593 0.321819
594 0.535906
595 0.38587
596 0.321254
597 0.463563
598 0.352801
599 0.47487
600 0.443252
601 0.368827
602 0.412987
603 0.488976
604 0.385473
605 0.467646
606 0.358552
607 0.39255
608 0.252346
609 0.443103
610 0.349529
611 0.247947
612 0.431507
613 0.249859
614 0.26991
615 0.31173
616 0.335647
617 0.251364
618 0.250288
619 0.348238
620 0.278971
621 0.26601
622 0.20349
623 0.303527
624 0.327394
625 0.426538
626 0.381701
627 0.543786
628 0.41795
629 0.317081
630 0.300234
631 0.46216
632 0.412902
633 0.361006
634 0.453654
635 0.4296
636 0.313287
637 0.284838
638 0.458141
639 0.342015
640 0.429032
641 0.353879
642 0.351934
643 0.506015
644 0.553807
645 0.519758
646 0.53323
647 0.46992
648 0.526031
649 0.337676
650 0.343743
651 0.30261
652 0.453317
653 0.470751
654 0.514568
655 0.478271
656 0.316156
657 0.383323
658 0.44505
659 0.369819
660 0.404817
661 0.266364
662 0.315179
663 0.274901
664 0.2471
665 0.291848
666 0.411173
667 0.314995
668 0.436177
669 0.452651
670 0.385641
671 0.255994
672 0.257535
673 0.224407
674 0.396054
675 0.332821
676 0.305525
677 0.471922
678 0.541952
679 0.313455
680 0.413481
681 0.435467
682 0.430283
683 0.555642
684 0.361398
685 0.290186
686 0.281866
687 0.368654
688 0.319903
689 0.321011
690 0.27801
691 0.2237
692 0.194109
693 0.339794
694 0.32625
695 0.250133
696 0.27027
697 0.307409
698 0.440838
699 0.388694
700 0.38197
701 0.389136
702 0.417739
703 0.471607
704 0.450781
705 0.433105
706 0.484092
707 0.569545
708 0.468443
709 0.403843
710 0.268663
711 0.248625
712 0.437394
713 0.258946
714 0.377076
715 0.274322
716 0.38269
717 0.510734
718 0.581232
719 0.502644
720 0.578595
721 0.46558
722 0.346296
723 0.304136
724 0.261063
725 0.436512
726 0.520261
727 0.373926
728 0.392052
729 0.519367
730 0.433424
731 0.297542
732 0.338304
733 0.229772
734 0.413558
735 0.342321
736 0.507736
737 0.45452
738 0.393843
739 0.454088
740 0.473121
741 0.398972
742 0.255882
743 0.399495
744 0.241535
745 0.301519
746 0.409979
747 0.268506
748 0.197193
749 0.240319
750 0.378633
751 0.234761
752 0.277178
753 0.395749
754 0.236757
755 0.41138
756 0.359407
757 0.243947
758 0.254612
759 0.37006
760 0.505551
761 0.433085
762 0.567837
763 0.477822
764 0.460942
765 0.276585
766 0.273015
767 0.304665
768 0.213332
769 0.361977
770 0.500551
771 0.502038
772 0.513096
773 0.364216
774 0.251475
775 0.189165
776 0.395596
777 0.319775
778 0.238162
779 0.187414
780 0.220058
781 0.40899
782 0.505137
783 0.332164
784 0.488511
785 0.3635
786 0.298448
787 0.318129
788 0.331222
789 0.400859
790 0.321355
791 0.315034
792 0.456854
793 0.461974
794 0.509978
795 0.39889
796 0.423135
797 0.290276
798 0.317675
799 0.279395
800 0.259251
801 0.230218
802 0.383351
803 0.331787
804 0.233193
805 0.228964
806 0.273111
807 0.222333
808 0.396604
809 0.314885
810 0.383346
811 0.34847
812 0.391144
813 0.490024
814 0.31392
815 0.305347
816 0.355133
817 0.348217
818 0.51314
819 0.565562
820 0.409776
821 0.396572
822 0.326896
823 0.296639
824 0.349563
825 0.256233
826 0.237505
827 0.236113
828 0.203177
829 0.428217
830 0.353319
831 0.395433
832 0.335838
833 0.234788
834 0.444723
835 0.360285
836 0.268846
837 0.259392
838 0.291242
839 0.44515
840 0.357864
841 0.337672
842 0.400294
843 0.307836
844 0.29571
845 0.437641
846 0.397505
847 0.340192
848 0.379564
849 0.335779
850 0.382091
851 0.30408
852 0.216563
853 0.195175
854 0.363008
855 0.415298
856 0.400609
857 0.500665
858 0.383204
859 0.462148
860 0.322672
861 0.342373
862 0.283819
863 0.408565
864 0.328483
865 0.242685
866 0.437612
867 0.414828
868 0.550046
869 0.459341
870 0.397828
871 0.380181
872 0.429503
873 0.384102
874 0.346112
875 0.312541
876 0.289941
877 0.387843
878 0.390605
879 0.311123
880 0.459914
881 0.502261
882 0.435001
883 0.407781
884 0.302443
885 0.338884
886 0.371281
887 0.310942
888 0.308075
889 0.449533
890 0.397453
891 0.367787
892 0.431093
893 0.449514
894 0.42267
895 0.488759
896 0.4281
897 0.462328
898 0.277722
899 0.380408
900 0.280171
901 0.419685
902 0.246931
903 0.274271
904 0.366602
905 0.510599
906 0.549997
907 0.48873
908 0.530149
909 0.498162
910 0.579509
911 0.446742
912 0.531577
913 0.587921
914 0.333077
915 0.528906
916 0.336491
917 0.430224
918 0.408505
919 0.374715
920 0.523123
921 0.326704
922 0.402429
923 0.238648
924 0.257761
925 0.342055
926 0.283833
927 0.412959
928 0.359217
929 0.475755
930 0.337934
931 0.423107
932 0.276968
933 0.271764
934 0.383018
935 0.350311
936 0.299203
937 0.335878
938 0.229045
939 0.396272
940 0.239816
941 0.290673
942 0.408845
943 0.308264
944 0.224542
945 0.304474
946 0.284946
947 0.333534
948 0.217465
949 0.203886
950 0.361422
951 0.458016
952 0.335137
953 0.285668
954 0.466284
955 0.258301
956 0.342206
957 0.265831
958 0.207514
959 0.37073
960 0.397002
961 0.415961
962 0.49953
963 0.466036
964 0.379555
965 0.33241
966 0.272027
967 0.477641
968 0.551294
969 0.508405
970 0.415829
971 0.521105
972 0.542803
973 0.418303
974 0.273558
975 0.225903
976 0.342267
977 0.426783
978 0.389438
979 0.482568
980 0.343877
981 0.411346
982 0.405038
983 0.373358
984 0.457523
985 0.42341
986 0.442471
987 0.382593
988 0.329133
989 0.286322
990 0.291321
991 0.436824
992 0.260477
993 0.315552
994 0.203481
995 0.362885
996 0.452722
997 0.468625
998 0.32659
999 0.248996
1000 0.441204
1001 0.482262
1002 0.52298
1003 0.478456
1004 0.3121
1005 0.512721
1006 0.333815
1007 0.472717
1008 0.3838
1009 0.355199
1010 0.325656
1011 0.388583
1012 0.23184
1013 0.466593
1014 0.346356
1015 0.409029
1016 0.450224
1017 0.386664
1018 0.475716
1019 0.391879
1020 0.394745
1021 0.296874
1022 0.411871
1023 0.286866
1024 0.272018
1025 0.242671
1026 0.276297
1027 0.25253
1028 0.397378
1029 0.293462
1030 0.35741
1031 0.219974
1032 0.293886
1033 0.325354
1034 0.313501
1035 0.246959
1036 0.194716
1037 0.427217
1038 0.43384
1039 0.540227
1040 0.451107
1041 0.44398
1042 0.389666
1043 0.272854
1044 0.456182
1045 0.415939
1046 0.29965
1047 0.24742
1048 0.355327
1049 0.457491
1050 0.475492
1051 0.447435
1052 0.34526
1053 0.303597
1054 0.480421
1055 0.496593
1056 0.57158
1057 0.546946
1058 0.575645
1059 0.324368
1060 0.374397
1061 0.309095
1062 0.297425
1063 0.460189
1064 0.411367
1065 0.324731
1066 0.409593
1067 0.320209
1068 0.261574
1069 0.421251
1070 0.353329
1071 0.411237
1072 0.51967
1073 0.360607
1074 0.552623
1075 0.34419
1076 0.353173
1077 0.397864
1078 0.435
1079 0.522999
1080 0.374088
1081 0.313934
1082 0.449731
1083 0.376068
1084 0.446865
1085 0.453704
1086 0.562014
1087 0.459813
1088 0.287728
1089 0.375415
1090 0.450505
1091 0.448827
1092 0.378397
1093 0.279179
1094 0.447235
1095 0.277922
1096 0.328177
1097 0.328389
1098 0.477106
1099 0.398708
1100 0.545379
1101 0.311402
1102 0.303514
1103 0.444683
1104 0.449176
1105 0.32416
1106 0.376889
1107 0.414576
1108 0.465413
1109 0.492816
1110 0.586128
1111 0.327437
1112 0.399473
1113 0.340593
1114 0.382518
1115 0.331795
1116 0.225585
1117 0.408379
1118 0.387558
1119 0.314122
1120 0.223738
1121 0.176769
1122 0.419402
1123 0.270163
1124 0.393336
1125 0.511836
1126 0.48277
1127 0.576502
1128 0.476274
1129 0.450771
1130 0.533967
1131 0.432207
1132 0.489694
1133 0.382332
1134 0.442713
1135 0.356236
1136 0.305102
1137 0.47501
1138 0.315468
1139 0.513022
1140 0.546683
1141 0.490538
1142 0.513904
1143 0.528741
1144 0.416623
1145 0.323198
1146 0.506661
1147 0.392954
1148 0.536837
1149 0.296834
1150 0.406997
1151 0.505551
1152 0.464949
1153 0.584137
1154 0.422864
1155 0.380374
1156 0.521594
1157 0.388827
1158 0.376234
1159 0.33271
1160 0.463158
1161 0.417633
1162 0.39112
1163 0.40562
1164 0.476678
1165 0.417758
1166 0.269837
1167 0.414713
1168 0.293544
1169 0.386501
1170 0.279201
1171 0.344845
1172 0.375524
1173 0.515936
1174 0.41021
1175 0.491641
1176 0.510823
1177 0.474283
1178 0.343974
1179 0.344454
1180 0.267943
1181 0.37676
1182 0.307704
1183 0.285395
1184 0.340334
1185 0.378696
1186 0.396137
1187 0.325397
1188 0.287602
1189 0.489885
1190 0.364782
1191 0.423828
1192 0.545162
1193 0.367996
1194 0.250581
1195 0.383364
1196 0.363972
1197 0.451621
1198 0.557952
1199 0.448649
1200 0.498573
1201 0.567022
1202 0.438033
1203 0.306233
1204 0.367408
1205 0.320608
1206 0.33956
1207 0.219259
1208 0.409396
1209 0.417506
1210 0.268421
1211 0.265823
1212 0.279082
1213 0.232974
1214 0.422185
1215 0.255689
1216 0.353469
1217 0.228278
1218 0.424003
1219 0.408914
1220 0.466666
1221 0.414805
1222 0.53803
1223 0.466222
1224 0.401341
1225 0.294773
1226 0.240562
1227 0.350254
1228 0.386601
1229 0.389588
1230 0.404316
1231 0.267699
1232 0.318577
1233 0.4071
1234 0.279089
1235 0.50042
1236 0.541754
1237 0.606903
1238 0.6255
1239 0.560984
1240 0.580689
1241 0.367814
1242 0.335951
1243 0.448222
1244 0.262011
1245 0.29239
1246 0.208485
1247 0.464652
1248 0.486756
1249 0.29926
1250 0.253267
1251 0.220652
1252 0.328439
1253 0.457314
1254 0.385047
1255 0.522249
1256 0.429249
1257 0.551705
1258 0.48028
1259 0.307886
1260 0.232615
1261 0.301298
1262 0.352961
1263 0.222006
1264 0.474134
1265 0.418256
1266 0.51641
1267 0.50287
1268 0.452451
1269 0.293368
1270 0.256787
1271 0.324058
1272 0.416654
1273 0.455332
1274 0.577311
1275 0.309761
1276 0.412204
1277 0.493459
1278 0.532819
1279 0.526963
1280 0.545463
1281 0.399615
1282 0.403319
1283 0.277816
1284 0.461957
1285 0.271021
1286 0.430631
1287 0.379685
1288 0.537299
1289 0.407041
1290 0.435091
1291 0.432641
1292 0.325093
1293 0.422936
1294 0.286663
1295 0.344975
1296 0.359984
1297 0.518084
1298 0.427171
1299 0.473616
1300 0.429171
1301 0.279808
1302 0.47398
1303 0.320285
1304 0.404653
1305 0.501422
1306 0.425268
1307 0.346138
1308 0.325184
1309 0.215167
1310 0.169944
1311 0.165339
1312 0.349946
1313 0.27619
1314 0.26837
1315 0.415694
1316 0.414641
1317 0.370778
1318 0.284254
1319 0.472195
1320 0.267133
1321 0.242093
1322 0.238893
1323 0.30575
1324 0.360553
1325 0.348272
1326 0.272093
1327 0.38791
1328 0.313839
1329 0.39087
1330 0.345762
1331 0.426092
1332 0.309455
1333 0.212017
1334 0.335559
1335 0.393525
1336 0.53604
1337 0.315251
1338 0.233814
1339 0.242666
1340 0.355125
1341 0.332991
1342 0.491299
1343 0.560144
1344 0.374291
1345 0.301632
1346 0.474764
1347 0.44996
1348 0.333543
1349 0.463085
1350 0.268594
1351 0.403707
1352 0.362624
1353 0.368836
1354 0.425796
1355 0.410587
1356 0.45422
1357 0.504475
1358 0.369937
1359 0.493525
1360 0.346345
1361 0.266535
1362 0.269637
1363 0.225124
1364 0.381256
1365 0.26473
1366 0.469043
1367 0.272547
1368 0.329125
1369 0.46793
1370 0.416018
1371 0.469281
1372 0.506204
1373 0.448766
1374 0.431107
1375 0.447075
1376 0.476891
1377 0.325699
1378 0.39809
1379 0.326988
1380 0.231787
1381 0.371065
1382 0.47867
1383 0.511384
1384 0.434977
1385 0.574731
1386 0.447487
1387 0.376407
1388 0.52933
1389 0.402658
1390 0.567217
1391 0.555894
1392 0.502964
1393 0.48034
1394 0.282678
1395 0.423304
1396 0.491335
1397 0.457033
1398 0.511097
1399 0.429236
1400 0.345133
1401 0.367956
1402 0.36991
1403 0.243477
1404 0.466108
1405 0.517537
1406 0.375859
1407 0.37351
1408 0.488387
1409 0.455628
1410 0.415859
1411 0.358165
1412 0.467929
1413 0.331847
1414 0.499878
1415 0.365885
1416 0.372928
1417 0.369915
1418 0.352344
1419 0.232722
1420 0.333943
1421 0.446416
1422 0.350209
1423 0.353641
1424 0.470871
1425 0.330832
1426 0.391585
1427 0.285846
1428 0.334827
1429 0.393021
1430 0.30147
1431 0.251997
1432 0.2471
1433 0.449441
1434 0.29319
1435 0.508662
1436 0.462755
1437 0.281696
1438 0.323787
1439 0.329321
1440 0.394725
1441 0.360789
1442 0.286328
1443 0.355268
1444 0.483466
1445 0.33296
1446 0.339181
1447 0.494034
1448 0.552539
1449 0.562034
1450 0.48417
1451 0.586919
1452 0.371791
1453 0.535478
1454 0.414705
1455 0.409737
1456 0.356918
1457 0.261442
1458 0.455043
1459 0.266405
1460 0.30161
1461 0.462544
1462 0.431926
1463 0.505877
1464 0.430898
1465 0.535048
1466 0.501318
1467 0.461903
1468 0.531221
1469 0.381439
1470 0.452772
1471 0.46079
1472 0.303914
1473 0.30175
1474 0.481457
1475 0.442193
1476 0.362114
1477 0.509404
1478 0.521938
1479 0.566243
1480 0.596409
1481 0.574976
1482 0.50258
1483 0.496191
1484 0.483625
1485 0.456098
1486 0.507045
1487 0.411728
1488 0.279434
1489 0.417066
1490 0.504554
1491 0.307243
1492 0.264762
1493 0.217249
1494 0.414775
1495 0.30508
1496 0.418848
1497 0.329636
1498 0.415417
1499 0.320591
1500 0.427812
1501 0.345259
1502 0.365823
1503 0.31316
1504 0.380011
1505 0.435012
1506 0.386657
1507 0.335481
1508 0.287325
1509 0.361719
1510 0.41204
1511 0.327408
1512 0.330704
1513 0.447723
1514 0.52545
1515 0.572416
1516 0.511078
1517 0.424603
1518 0.493181
1519 0.378712
1520 0.390004
1521 0.350731
1522 0.228624
1523 0.177568
1524 0.238917
1525 0.320275
1526 0.231364
1527 0.285603
1528 0.329488
1529 0.325899
1530 0.383582
1531 0.517314
1532 0.404987
1533 0.530421
1534 0.474484
1535 0.449312
1536 0.479189
1537 0.330421
1538 0.299407
1539 0.223131
1540 0.381452
1541 0.463483
1542 0.407914
1543 0.294728
1544 0.252079
1545 0.215093
1546 0.316745
1547 0.278235
1548 0.44223
1549 0.407587
1550 0.529353
1551 0.3189
1552 0.299356
1553 0.295632
1554 0.452231
1555 0.540374
1556 0.385919
1557 0.540094
1558 0.471786
1559 0.491462
1560 0.32438
1561 0.320163
1562 0.279539
1563 0.438969
1564 0.483253
1565 0.501896
1566 0.421676
1567 0.480803
1568 0.396293
1569 0.277527
1570 0.460637
1571 0.365586
1572 0.308654
1573 0.251611
1574 0.264591
1575 0.321418
1576 0.459993
1577 0.422437
1578 0.313795
1579 0.35374
1580 0.449742
1581 0.452923
1582 0.359529
1583 0.240949
1584 0.465014
1585 0.487036
1586 0.333583
1587 0.261811
1588 0.222736
1589 0.336007
1590 0.28652
1591 0.471466
1592 0.519151
1593 0.48532
1594 0.57857
1595 0.382046
1596 0.447047
1597 0.408406
1598 0.510224
1599 0.374873
1600 0.248431
1601 0.372881
1602 0.359659
1603 0.345119
1604 0.427563
1605 0.409219
1606 0.463233
1607 0.460496
1608 0.573732
1609 0.494012
1610 0.581721
1611 0.491132
1612 0.535029
1613 0.353581
1614 0.461519
1615 0.547547
1616 0.525253
1617 0.359316
1618 0.522073
1619 0.46565
1620 0.345086
1621 0.228991
1622 0.203059
1623 0.200631
1624 0.358781
1625 0.488414
1626 0.549809
1627 0.393808
1628 0.501869
1629 0.327604
1630 0.490605
1631 0.485586
1632 0.3913
1633 0.420837
1634 0.504556
1635 0.322794
1636 0.345672
1637 0.493577
1638 0.445999
1639 0.547716
1640 0.431551
1641 0.521385
1642 0.36422
1643 0.378061
1644 0.27116
1645 0.449707
1646 0.265426
1647 0.420767
1648 0.317916
1649 0.263898
1650 0.208444
1651 0.363617
1652 0.263673
1653 0.430556
1654 0.363418
1655 0.284816
1656 0.220578
1657 0.240609
1658 0.176972
1659 0.208465
1660 0.170461
1661 0.17754
1662 0.235057
1663 0.352569
1664 0.313074
1665 0.309223
1666 0.347367
1667 0.365553
1668 0.322257
1669 0.386504
1670 0.257277
1671 0.488886
1672 0.357778
1673 0.50513
1674 0.375697
1675 0.529507
1676 0.503445
1677 0.307416
1678 0.465657
1679 0.387015
1680 0.383493
1681 0.330024
1682 0.449351
1683 0.332447
1684 0.500612
1685 0.421968
1686 0.440075
1687 0.362154
1688 0.254014
1689 0.332653
1690 0.428653
1691 0.400139
1692 0.489096
1693 0.355898
1694 0.371806
1695 0.464407
1696 0.510927
1697 0.514992
1698 0.326895
1699 0.374354
1700 0.422268
1701 0.331292
1702 0.318615
1703 0.338353
1704 0.353263
1705 0.4843
1706 0.38477
1707 0.506418
1708 0.299425
1709 0.410319
1710 0.357644
1711 0.463646
1712 0.297647
1713 0.308714
1714 0.476969
1715 0.267151
1716 0.44955
1717 0.530808
1718 0.444673
1719 0.37146
1720 0.256828
1721 0.440435
1722 0.379799
1723 0.432867
1724 0.457434
1725 0.510574
1726 0.333821
1727 0.311609
1728 0.359749
1729 0.497083
1730 0.285748
1731 0.30547
1732 0.466014
1733 0.488479
1734 0.509941
1735 0.311089
1736 0.36559
1737 0.310695
1738 0.322874
1739 0.290357
1740 0.411482
1741 0.41904
1742 0.498804
1743 0.372458
1744 0.534397
1745 0.300874
1746 0.315855
1747 0.461079
1748 0.313134
1749 0.30848
1750 0.313222
1751 0.491719
1752 0.389469
1753 0.525915
1754 0.327069
1755 0.409911
1756 0.439025
1757 0.483133
1758 0.516991
1759 0.357284
1760 0.441438
1761 0.317026
1762 0.300993
1763 0.206816
1764 0.411324
1765 0.456781
1766 0.505729
1767 0.462274
1768 0.394534
1769 0.290375
1770 0.493967
1771 0.462582
1772 0.275919
1773 0.409151
1774 0.45157
1775 0.567393
1776 0.585566
1777 0.397042
1778 0.56363
1779 0.596965
1780 0.506539
1781 0.586814
1782 0.431054
1783 0.37489
1784 0.447946
1785 0.341405
1786 0.356377
1787 0.255429
1788 0.345473
1789 0.501199
1790 0.467452
1791 0.329955
1792 0.450054
1793 0.286069
1794 0.326262
1795 0.356014
1796 0.398427
1797 0.290227
1798 0.233881
1799 0.295745
1800 0.419869
1801 0.400536
1802 0.275047
1803 0.340934
1804 0.384293
1805 0.290203
1806 0.423381
1807 0.348778
1808 0.234807
1809 0.408851
1810 0.354364
1811 0.44545
1812 0.514505
1813 0.368168
1814 0.414184
1815 0.419971
1816 0.439704
1817 0.4931
1818 0.333238
1819 0.448777
1820 0.435961
1821 0.464892
1822 0.299374
1823 0.323665
1824 0.446992
1825 0.347977
1826 0.527443
1827 0.44418
1828 0.481788
1829 0.319926
1830 0.371501
1831 0.316066
1832 0.219499
1833 0.215862
1834 0.317972
1835 0.330917
1836 0.221913
1837 0.460304
1838 0.373275
1839 0.535059
1840 0.554482
1841 0.403607
1842 0.383172
1843 0.356433
1844 0.348972
1845 0.447423
1846 0.41204
1847 0.506817
1848 0.532171
1849 0.352004
1850 0.274488
1851 0.328984
1852 0.494836
1853 0.35018
1854 0.313183
1855 0.384554
1856 0.281722
1857 0.476175
1858 0.420164
1859 0.36607
1860 0.272759
1861 0.338343
1862 0.272373
1863 0.308297
1864 0.429417
1865 0.422607
1866 0.3554
1867 0.438478
1868 0.469113
1869 0.566472
1870 0.492958
1871 0.493342
1872 0.54157
1873 0.402265
1874 0.266483
1875 0.394376
1876 0.514242
1877 0.412193
1878 0.481509
1879 0.513269
1880 0.362211
1881 0.329586
1882 0.44337
1883 0.435042
1884 0.378171
1885 0.380362
1886 0.300448
1887 0.429414
1888 0.539887
1889 0.3326
1890 0.277706
1891 0.384869
1892 0.410881
1893 0.506728
1894 0.468404
1895 0.423141
1896 0.464934
1897 0.339035
1898 0.349746
1899 0.38392
1900 0.254133
1901 0.272202
1902 0.331798
1903 0.394493
1904 0.378161
1905 0.347659
1906 0.316208
1907 0.380362
1908 0.242226
1909 0.253773
1910 0.197342
1911 0.423757
1912 0.368005
1913 0.373469
1914 0.302606
1915 0.349023
1916 0.483311
1917 0.464798
1918 0.323898
1919 0.347617
1920 0.405319
1921 0.292178
1922 0.319678
1923 0.384534
1924 0.4372
1925 0.412586
1926 0.512135
1927 0.419922
1928 0.454923
1929 0.405344
1930 0.338163
1931 0.40748
1932 0.313512
1933 0.262826
1934 0.364832
1935 0.320615
1936 0.452919
1937 0.442158
1938 0.558126
1939 0.461768
1940 0.456769
1941 0.463245
1942 0.32418
1943 0.383751
1944 0.240037
1945 0.199362
1946 0.393688
1947 0.432384
1948 0.451256
1949 0.371891
1950 0.256047
1951 0.258454
1952 0.452889
1953 0.32656
1954 0.408562
1955 0.368731
1956 0.284552
1957 0.392035
1958 0.284327
1959 0.490121
1960 0.416245
1961 0.420077
1962 0.356142
1963 0.425139
1964 0.455812
1965 0.491419
1966 0.376001
1967 0.381504
1968 0.43219
1969 0.386521
1970 0.426087
1971 0.310577
1972 0.356687
1973 0.325625
1974 0.272139
1975 0.378724
1976 0.453942
1977 0.484554
1978 0.531893
1979 0.320562
1980 0.422692
1981 0.525173
1982 0.537454
1983 0.526078
1984 0.585447
1985 0.404186
1986 0.51494
1987 0.302792
1988 0.32259
1989 0.287496
1990 0.399402
1991 0.395594
1992 0.384122
1993 0.407942
1994 0.270865
1995 0.202118
1996 0.359988
1997 0.489845
1998 0.290421
1999 0.480562
2000 0.379602
2001 0.294023
2002 0.31363
2003 0.227511
2004 0.45931
2005 0.542285
2006 0.576019
2007 0.445464
2008 0.559324
2009 0.417772
2010 0.401666
2011 0.371397
2012 0.341912
2013 0.287056
2014 0.223629
2015 0.359229
2016 0.44037
2017 0.545093
2018 0.528656
2019 0.455416
2020 0.516879
2021 0.298023
2022 0.431527
2023 0.33591
2024 0.307128
2025 0.430168
2026 0.382877
2027 0.321269
2028 0.333097
2029 0.45818
2030 0.330811
2031 0.460838
2032 0.531903
2033 0.37306
2034 0.444599
2035 0.425845
2036 0.394739
2037 0.451433
2038 0.362535
2039 0.341685
2040 0.479055
2041 0.50435
2042 0.588058
2043 0.499988
2044 0.430583
2045 0.46889
2046 0.553543
2047 0.579814
2048 0.406625
2049 0.270976
2050 0.363513
2051 0.268462
2052 0.199204
2053 0.170714
2054 0.313013
2055 0.373065
2056 0.519931
2057 0.579345
2058 0.556719
2059 0.461847
2060 0.555933
2061 0.606275
2062 0.508449
2063 0.456683
2064 0.510222
2065 0.585783
2066 0.5304
2067 0.417765
2068 0.349754
2069 0.426075
2070 0.446342
2071 0.296028
2072 0.222143
2073 0.346219
2074 0.358429
2075 0.463642
2076 0.504959
2077 0.414296
2078 0.407277
2079 0.414585
2080 0.4446
2081 0.460806
2082 0.412059
2083 0.459325
2084 0.537704
2085 0.416896
2086 0.425347
2087 0.463562
2088 0.383513
2089 0.296289
2090 0.294156
2091 0.202263
2092 0.199569
2093 0.197556
2094 0.294462
2095 0.382177
2096 0.304194
2097 0.502645
2098 0.570283
2099 0
