0 -1557.33
1 -151.532
2 83.1749
3 18.6894
4 5.13613
5 0.0542232
6 0.0367016
7 0.279579
8 0.278541
9 0.312438
10 0.431932
11 0.398321
12 0.462245
13 0.53302
14 0.477636
15 0.517367
16 0.383959
17 0.413874
18 0.452699
19 0.46431
20 0.374647
21 0.44036
22 0.297852
23 0.303275
24 0.319434
25 0.275136
26 0.459058
27 0.455932
28 0.389408
29 0.337959
30 0.498631
31 0.272861
32 0.485825
33 0.282604
34 0.491762
35 0.357092
36 0.406819
37 0.295504
38 0.441756
39 0.342033
40 0.347738
41 0.306294
42 0.293536
43 0.397536
44 0.335796
45 0.301473
46 0.48199
47 0.491744
48 0.390719
49 0.446172
50 0.346537
51 0.413749
52 0.364678
53 0.467143
54 0.427077
55 0.490069
56 0.476617
57 0.553041
58 0.587173
59 0.596854
60 0.581725
61 0.438744
62 0.318134
63 0.40289
64 0.3184
65 0.408609
66 0.32929
67 0.352585
68 0.40509
69 0.241356
70 0.375352
71 0.472562
72 0.522683
73 0.561203
74 0.391262
75 0.511612
76 0.442508
77 0.433347
78 0.38524
79 0.412839
80 0.377528
81 0.361391
82 0.292562
83 0.393046
84 0.232089
85 0.438788
86 0.317411
87 0.248889
88 0.360691
89 0.492442
90 0.5561
91 0.357238
92 0.483021
93 0.530558
94 0.563936
95 0.371091
96 0.23492
97 0.426996
98 0.323665
99 0.287715
100 0.312967
101 0.322928
102 0.461167
103 0.524325
104 0.2875
105 0.50616
106 0.490152
107 0.457988
108 0.509069
109 0.587652
110 0.595669
111 0.573951
112 0.399865
113 0.368642
114 0.358234
115 0.378735
116 0.241763
117 0.231299
118 0.357107
119 0.419211
120 0.406448
121 0.423206
122 0.296177
123 0.25958
124 0.40269
125 0.409781
126 0.287068
127 0.201809
128 0.370795
129 0.348473
130 0.369646
131 0.391378
132 0.524436
133 0.529634
134 0.603386
135 0.506447
136 0.42638
137 0.305982
138 0.236765
139 0.287217
140 0.305808
141 0.480373
142 0.364148
143 0.270906
144 0.36385
145 0.452724
146 0.279735
147 0.479241
148 0.461373
149 0.542772
150 0.481442
151 0.492195
152 0.507694
153 0.584101
154 0.460254
155 0.281927
156 0.466708
157 0.268543
158 0.2894
159 0.378854
160 0.341089
161 0.237118
162 0.477627
163 0.501387
164 0.366606
165 0.345729
166 0.478541
167 0.296209
168 0.382295
169 0.353152
170 0.251496
171 0.474034
172 0.36244
173 0.331182
174 0.430072
175 0.319478
176 0.369111
177 0.250936
178 0.401026
179 0.27153
180 0.380617
181 0.511422
182 0.545993
183 0.415636
184 0.272364
185 0.239663
186 0.201343
187 0.299871
188 0.344135
189 0.263454
190 0.399323
191 0.456934
192 0.434837
193 0.253577
194 0.417745
195 0.275032
196 0.364634
197 0.302665
198 0.35149
199 0.236309
200 0.392652
201 0.362206
202 0.361866
203 0.307458
204 0.339042
205 0.338042
206 0.310545
207 0.424738
208 0.474645
209 0.332417
210 0.321457
211 0.265149
212 0.369164
213 0.329231
214 0.479724
215 0.401811
216 0.378156
217 0.428998
218 0.470815
219 0.427136
220 0.406365
221 0.32569
222 0.350665
223 0.459368
224 0.294534
225 0.453837
226 0.496471
227 0.370246
228 0.401056
229 0.333176
230 0.322959
231 0.436129
232 0.425174
233 0.44453
234 0.547815
235 0.415181
236 0.481501
237 0.290666
238 0.399948
239 0.354646
240 0.275374
241 0.42453
242 0.306942
243 0.359241
244 0.31025
245 0.355881
246 0.323702
247 0.275613
248 0.325581
249 0.390427
250 0.535143
251 0.612169
252 0.42351
253 0.285723
254 0.439986
255 0.453838
256 0.562553
257 0.506543
258 0.317057
259 0.369293
260 0.497597
261 0.526223
262 0.535471
263 0.361428
264 0.466903
265 0.517099
266 0.465278
267 0.524281
268 0.574966
269 0.62499
270 0.537233
271 0.423576
272 0.277407
273 0.293562
274 0.345756
275 0.467924
276 0.483966
277 0.547944
278 0.389687
279 0.484742
280 0.359198
281 0.344508
282 0.495818
283 0.331028
284 0.266567
285 0.197213
286 0.329269
287 0.214094
288 0.469645
289 0.326932
290 0.461286
291 0.3782
292 0.525215
293 0.466572
294 0.523954
295 0.423559
296 0.435215
297 0.31739
298 0.289759
299 0.252974
300 0.453827
301 0.535622
302 0.461612
303 0.333998
304 0.286071
305 0.437426
306 0.31778
307 0.466105
308 0.530202
309 0.374946
310 0.480385
311 0.524154
312 0.45429
313 0.364118
314 0.360655
315 0.357643
316 0.37421
317 0.415937
318 0.438103
319 0.489562
320 0.525966
321 0.584121
322 0.560157
323 0.610465
324 0.565415
325 0.359709
326 0.466947
327 0.499973
328 0.481362
329 0.605363
330 0.602874
331 0.518873
332 0.539813
333 0.618474
334 0.481611
335 0.516358
336 0.329384
337 0.371811
338 0.269656
339 0.417697
340 0.292374
341 0.451441
342 0.529813
343 0.38577
344 0.498021
345 0.417868
346 0.3331
347 0.313691
348 0.222357
349 0.446249
350 0.418263
351 0.411495
352 0.378925
353 0.369923
354 0.267427
355 0.265534
356 0.406734
357 0.312436
358 0.368334
359 0.422348
360 0.258504
361 0.214913
362 0.386901
363 0.346095
364 0.517937
365 0.506014
366 0.543392
367 0.433646
368 0.472834
369 0.372861
370 0.33957
371 0.360345
372 0.286196
373 0.321307
374 0.26065
375 0.238161
376 0.231986
377 0.359011
378 0.389355
379 0.273829
380 0.411362
381 0.360075
382 0.250639
383 0.333046
384 0.23776
385 0.385584
386 0.303368
387 0.205596
388 0.3842
389 0.468521
390 0.364279
391 0.551127
392 0.545633
393 0.548105
394 0.460441
395 0.3687
396 0.322286
397 0.392648
398 0.310562
399 0.381694
400 0.318037
401 0.43974
402 0.501021
403 0.569608
404 0.57938
405 0.550036
406 0.550505
407 0.589217
408 0.416051
409 0.54087
410 0.577372
411 0.628463
412 0.592542
413 0.452187
414 0.327951
415 0.465511
416 0.477461
417 0.477572
418 0.36684
419 0.392777
420 0.431529
421 0.393808
422 0.292564
423 0.49358
424 0.384373
425 0.410338
426 0.284078
427 0.30522
428 0.269063
429 0.346892
430 0.338763
431 0.479233
432 0.503745
433 0.576006
434 0.331904
435 0.457796
436 0.307494
437 0.309153
438 0.422189
439 0.341836
440 0.535669
441 0.529964
442 0.490544
443 0.308413
444 0.231151
445 0.206378
446 0.226688
447 0.311712
448 0.496768
449 0.271912
450 0.226344
451 0.3882
452 0.313137
453 0.243276
454 0.344084
455 0.473898
456 0.338755
457 0.370772
458 0.492512
459 0.366522
460 0.40933
461 0.372354
462 0.243297
463 0.361035
464 0.462815
465 0.535072
466 0.442269
467 0.361244
468 0.490874
469 0.36455
470 0.527639
471 0.493613
472 0.340497
473 0.435951
474 0.276931
475 0.471176
476 0.334948
477 0.32194
478 0.313109
479 0.436001
480 0.418604
481 0.491187
482 0.481701
483 0.383195
484 0.345454
485 0.487743
486 0.456556
487 0.390372
488 0.418671
489 0.406481
490 0.470509
491 0.544948
492 0.599397
493 0.41084
494 0.355667
495 0.490603
496 0.497593
497 0.525486
498 0.357563
499 0.423864
500 0.281178
501 0.340627
502 0.275314
503 0.47943
504 0.337183
505 0.436553
506 0.296928
507 0.495315
508 0.327465
509 0.386874
510 0.246162
511 0.337626
512 0.252473
513 0.466973
514 0.43521
515 0.497842
516 0.54367
517 0.492066
518 0.488597
519 0.423396
520 0.380885
521 0.368951
522 0.345043
523 0.259111
524 0.441899
525 0.499659
526 0.525725
527 0.343051
528 0.360885
529 0.302913
530 0.350808
531 0.299899
532 0.226194
533 0.387309
534 0.418933
535 0.357405
536 0.450899
537 0.550542
538 0.288891
539 0.490271
540 0.279109
541 0.480553
542 0.367859
543 0.329219
544 0.456077
545 0.314044
546 0.263055
547 0.270526
548 0.299622
549 0.47921
550 0.395494
551 0.235793
552 0.321667
553 0.486919
554 0.367054
555 0.269063
556 0.346003
557 0.295485
558 0.389202
559 0.288142
560 0.446718
561 0.33865
562 0.486242
563 0.564946
564 0.449869
565 0.54898
566 0.3393
567 0.476732
568 0.449598
569 0.563969
570 0.437711
571 0.27857
572 0.406088
573 0.40361
574 0.531471
575 0.456874
576 0.563721
577 0.550593
578 0.618922
579 0.367322
580 0.329983
581 0.3703
582 0.421243
583 0.39693
584 0.493615
585 0.423793
586 0.395986
587 0.433367
588 0.461717
589 0.518384
590 0.379385
591 0.3235
592 0.380836
593 0.328687
594 0.400072
595 0.286448
596 0.345791
597 0.266006
598 0.245277
599 0.387969
600 0.384086
601 0.431697
602 0.447588
603 0.371297
604 0.350491
605 0.225663
606 0.218614
607 0.441379
608 0.289447
609 0.4197
610 0.250613
611 0.258172
612 0.35241
613 0.467676
614 0.450114
615 0.297189
616 0.242913
617 0.370084
618 0.293594
619 0.240174
620 0.233597
621 0.392622
622 0.403821
623 0.445217
624 0.306104
625 0.442096
626 0.291031
627 0.25637
628 0.368276
629 0.377687
630 0.495561
631 0.485982
632 0.347786
633 0.398396
634 0.365523
635 0.317357
636 0.261095
637 0.341902
638 0.250054
639 0.205674
640 0.213169
641 0.208615
642 0.3285
643 0.374634
644 0.318417
645 0.348947
646 0.422596
647 0.279917
648 0.321987
649 0.23207
650 0.387778
651 0.339352
652 0.478782
653 0.485332
654 0.479313
655 0.367791
656 0.547932
657 0.539788
658 0.426322
659 0.252644
660 0.318307
661 0.409124
662 0.331972
663 0.217914
664 0.313382
665 0.429809
666 0.320951
667 0.352454
668 0.456227
669 0.290184
670 0.489737
671 0.426298
672 0.287429
673 0.421644
674 0.498657
675 0.345892
676 0.40163
677 0.488541
678 0.511034
679 0.527271
680 0.361381
681 0.459822
682 0.418213
683 0.259532
684 0.370722
685 0.418413
686 0.379304
687 0.50553
688 0.565258
689 0.55361
690 0.356927
691 0.426345
692 0.449517
693 0.47626
694 0.366808
695 0.477034
696 0.480018
697 0.438756
698 0.528459
699 0.405785
700 0.465199
701 0.387035
702 0.4107
703 0.298616
704 0.291672
705 0.4731
706 0.421708
707 0.279611
708 0.341217
709 0.334583
710 0.352167
711 0.309551
712 0.415969
713 0.425043
714 0.262964
715 0.266775
716 0.190583
717 0.180391
718 0.340838
719 0.43488
720 0.384838
721 0.340736
722 0.26363
723 0.419556
724 0.372685
725 0.384205
726 0.265654
727 0.241997
728 0.413572
729 0.418253
730 0.525446
731 0.360088
732 0.407008
733 0.363743
734 0.468608
735 0.267716
736 0.438514
737 0.438348
738 0.528526
739 0.406431
740 0.306418
741 0.42365
742 0.379824
743 0.314614
744 0.296008
745 0.210511
746 0.40744
747 0.422857
748 0.510559
749 0.391167
750 0.512393
751 0.518212
752 0.551513
753 0.447
754 0.305139
755 0.445965
756 0.496984
757 0.441945
758 0.543325
759 0.597397
760 0.57719
761 0.459297
762 0.573699
763 0.539504
764 0.530445
765 0.343649
766 0.272059
767 0.319237
768 0.420595
769 0.481697
770 0.603975
771 0.47086
772 0.350401
773 0.491066
774 0.500364
775 0.313427
776 0.262728
777 0.422264
778 0.296756
779 0.335617
780 0.484912
781 0.494778
782 0.463549
783 0.277809
784 0.450554
785 0.480452
786 0.424136
787 0.529767
788 0.397287
789 0.539725
790 0.429028
791 0.354803
792 0.364866
793 0.3746
794 0.332161
795 0.268462
796 0.277901
797 0.363765
798 0.506889
799 0.541048
800 0.307231
801 0.318395
802 0.361075
803 0.509021
804 0.423669
805 0.548177
806 0.310743
807 0.263102
808 0.413716
809 0.336717
810 0.32514
811 0.377829
812 0.429383
813 0.332097
814 0.418025
815 0.247056
816 0.184635
817 0.327166
818 0.418583
819 0.54565
820 0.370328
821 0.462971
822 0.51496
823 0.527206
824 0.345721
825 0.50391
826 0.473791
827 0.333931
828 0.417167
829 0.292836
830 0.311565
831 0.478225
832 0.370559
833 0.232172
834 0.303556
835 0.234509
836 0.210281
837 0.420774
838 0.453209
839 0.333328
840 0.433636
841 0.276135
842 0.465587
843 0.478497
844 0.500869
845 0.305046
846 0.273884
847 0.343395
848 0.378053
849 0.498581
850 0.350442
851 0.474998
852 0.351936
853 0.406573
854 0.265629
855 0.414301
856 0.449789
857 0.482881
858 0.420221
859 0.56291
860 0.318028
861 0.375157
862 0.376262
863 0.330299
864 0.511414
865 0.491481
866 0.590006
867 0.420571
868 0.350681
869 0.485523
870 0.330058
871 0.332634
872 0.301609
873 0.440743
874 0.335858
875 0.33911
876 0.334541
877 0.471716
878 0.386375
879 0.376452
880 0.420012
881 0.542572
882 0.620872
883 0.427075
884 0.456961
885 0.353326
886 0.516705
887 0.349921
888 0.25632
889 0.194847
890 0.41143
891 0.262299
892 0.426987
893 0.359351
894 0.258449
895 0.491648
896 0.495685
897 0.409974
898 0.252982
899 0.20897
900 0.173763
901 0.408699
902 0.501354
903 0.385706
904 0.50587
905 0.576312
906 0.641269
907 0.382828
908 0.295073
909 0.445529
910 0.454815
911 0.461547
912 0.561188
913 0.381228
914 0.350195
915 0.413873
916 0.370339
917 0.367004
918 0.476012
919 0.462797
920 0.485823
921 0.301528
922 0.343958
923 0.496999
924 0.370538
925 0.26886
926 0.213439
927 0.403758
928 0.359654
929 0.497038
930 0.50481
931 0.392133
932 0.484943
933 0.332437
934 0.312394
935 0.405222
936 0.42879
937 0.432851
938 0.503682
939 0.288977
940 0.353131
941 0.448217
942 0.321186
943 0.491235
944 0.468056
945 0.46982
946 0.477132
947 0.560989
948 0.603827
949 0.614584
950 0.454735
951 0.384158
952 0.423495
953 0.490272
954 0.389048
955 0.290775
956 0.466076
957 0.327322
958 0.398846
959 0.435969
960 0.487625
961 0.319189
962 0.350938
963 0.444529
964 0.271481
965 0.478797
966 0.557696
967 0.296296
968 0.417618
969 0.35354
970 0.24717
971 0.266532
972 0.346205
973 0.4547
974 0.334442
975 0.418754
976 0.523044
977 0.383368
978 0.567129
979 0.494874
980 0.440412
981 0.569095
982 0.417628
983 0.274916
984 0.274805
985 0.424093
986 0.410256
987 0.441861
988 0.513665
989 0.601059
990 0.594117
991 0.352456
992 0.275727
993 0.460587
994 0.434194
995 0.403704
996 0.355816
997 0.468557
998 0.355813
999 0.397614
1000 0.402257
1001 0.354262
1002 0.326801
1003 0.309303
1004 0.266398
1005 0.237424
1006 0.205416
1007 0.337787
1008 0.228123
1009 0.402116
1010 0.441822
1011 0.474974
1012 0.561965
1013 0.57142
1014 0.544414
1015 0.420642
1016 0.386119
1017 0.357467
1018 0.390878
1019 0.432298
1020 0.383781
1021 0.298409
1022 0.465886
1023 0.478518
1024 0.505546
1025 0.496917
1026 0.298066
1027 0.516768
1028 0.339326
1029 0.251715
1030 0.272985
1031 0.423884
1032 0.336646
1033 0.531647
1034 0.515744
1035 0.614721
1036 0.593581
1037 0.496056
1038 0.498501
1039 0.338483
1040 0.23789
1041 0.432172
1042 0.334092
1043 0.475836
1044 0.335003
1045 0.527787
1046 0.520497
1047 0.451698
1048 0.253806
1049 0.342228
1050 0.30388
1051 0.201974
1052 0.414711
1053 0.287169
1054 0.291375
1055 0.287203
1056 0.395858
1057 0.487055
1058 0.486519
1059 0.417411
1060 0.450284
1061 0.437585
1062 0.549463
1063 0.502414
1064 0.487365
1065 0.542177
1066 0.402907
1067 0.543233
1068 0.545008
1069 0.376766
1070 0.470367
1071 0.362329
1072 0.327498
1073 0.259011
1074 0.344691
1075 0.311
1076 0.261128
1077 0.437188
1078 0.47661
1079 0.476327
1080 0.392937
1081 0.302214
1082 0.318751
1083 0.257881
1084 0.447967
1085 0.494133
1086 0.541437
1087 0.614432
1088 0.570306
1089 0.543235
1090 0.499035
1091 0.435628
1092 0.330252
1093 0.477391
1094 0.496367
1095 0.411338
1096 0.300816
1097 0.466612
1098 0.450002
1099 0.338368
1100 0.35688
1101 0.297244
1102 0.36529
1103 0.31995
1104 0.23367
1105 0.23215
1106 0.367469
1107 0.498981
1108 0.522696
1109 0.618679
1110 0.588748
1111 0.378488
1112 0.304311
1113 0.353126
1114 0.340802
1115 0.352256
1116 0.339308
1117 0.206104
1118 0.223128
1119 0.413729
1120 0.251191
1121 0.368968
1122 0.267721
1123 0.432768
1124 0.435727
1125 0.296446
1126 0.481775
1127 0.493769
1128 0.549216
1129 0.342826
1130 0.454288
1131 0.507034
1132 0.377918
1133 0.546802
1134 0.349845
1135 0.287047
1136 0.469733
1137 0.480845
1138 0.389409
1139 0.325224
1140 0.305837
1141 0.481115
1142 0.446603
1143 0.511932
1144 0.364994
1145 0.386774
1146 0.277904
1147 0.428979
1148 0.324312
1149 0.204761
1150 0.338612
1151 0.267443
1152 0.305997
1153 0.435322
1154 0.446027
1155 0.515725
1156 0.314149
1157 0.35918
1158 0.304253
1159 0.466894
1160 0.37789
1161 0.342967
1162 0.502103
1163 0.402715
1164 0.504709
1165 0.544467
1166 0.570741
1167 0.466462
1168 0.587606
1169 0.469583
1170 0.442363
1171 0.333516
1172 0.354045
1173 0.406438
1174 0.276539
1175 0.263343
1176 0.410468
1177 0.511077
1178 0.460195
1179 0.267303
1180 0.254994
1181 0.23608
1182 0.30903
1183 0.481678
1184 0.357927
1185 0.447143
1186 0.496148
1187 0.377321
1188 0.243242
1189 0.198579
1190 0.364778
1191 0.333197
1192 0.4252
1193 0.556193
1194 0.402562
1195 0.337251
1196 0.380725
1197 0.325043
1198 0.229583
1199 0.260879
1200 0.323463
1201 0.431102
1202 0.519788
1203 0.394247
1204 0.423753
1205 0.453964
1206 0.529669
1207 0.531555
1208 0.477679
1209 0.309069
1210 0.328852
1211 0.290063
1212 0.287486
1213 0.324146
1214 0.412517
1215 0.438434
1216 0.506947
1217 0.454742
1218 0.260695
1219 0.485397
1220 0.497169
1221 0.404894
1222 0.256248
1223 0.475856
1224 0.38502
1225 0.451003
1226 0.43215
1227 0.456528
1228 0.545101
1229 0.298795
1230 0.457274
1231 0.455261
1232 0.307792
1233 0.498417
1234 0.352802
1235 0.30486
1236 0.406441
1237 0.331446
1238 0.309386
1239 0.322807
1240 0.489406
1241 0.507818
1242 0.564025
1243 0.542993
1244 0.342467
1245 0.347193
1246 0.483116
1247 0.279408
1248 0.384355
1249 0.311739
1250 0.366451
1251 0.263116
1252 0.41985
1253 0.380766
1254 0.254783
1255 0.194077
1256 0.274225
1257 0.222658
1258 0.327329
1259 0.453436
1260 0.351957
1261 0.37759
1262 0.338409
1263 0.456169
1264 0.41305
1265 0.544838
1266 0.383472
1267 0.48976
1268 0.277191
1269 0.210269
1270 0.214484
1271 0.205659
1272 0.441872
1273 0.301803
1274 0.267486
1275 0.218444
1276 0.287662
1277 0.201579
1278 0.278568
1279 0.359387
1280 0.278992
1281 0.430797
1282 0.321771
1283 0.229408
1284 0.310892
1285 0.373073
1286 0.336594
1287 0.293046
1288 0.300731
1289 0.448463
1290 0.459778
1291 0.419923
1292 0.539406
1293 0.519755
1294 0.398107
1295 0.457847
1296 0.530655
1297 0.35811
1298 0.408677
1299 0.332528
1300 0.222686
1301 0.290912
1302 0.316651
1303 0.357041
1304 0.358094
1305 0.362151
1306 0.321167
1307 0.227468
1308 0.448459
1309 0.504049
1310 0.514458
1311 0.58074
1312 0.474827
1313 0.572296
1314 0.508793
1315 0.349831
1316 0.33729
1317 0.304508
1318 0.408975
1319 0.48862
1320 0.376679
1321 0.36038
1322 0.459976
1323 0.306899
1324 0.302731
1325 0.48534
1326 0.359244
1327 0.329978
1328 0.298559
1329 0.48163
1330 0.458375
1331 0.520728
1332 0.358034
1333 0.237985
1334 0.344532
1335 0.232251
1336 0.366379
1337 0.253124
1338 0.297845
1339 0.251615
1340 0.377225
1341 0.40132
1342 0.428352
1343 0.435978
1344 0.2745
1345 0.281473
1346 0.369509
1347 0.253337
1348 0.254971
1349 0.242057
1350 0.35953
1351 0.335995
1352 0.392843
1353 0.334329
1354 0.429374
1355 0.492034
1356 0.380216
1357 0.454255
1358 0.442766
1359 0.481975
1360 0.522879
1361 0.462254
1362 0.551934
1363 0.329323
1364 0.290133
1365 0.381274
1366 0.236727
1367 0.352711
1368 0.331604
1369 0.254396
1370 0.453061
1371 0.458288
1372 0.428934
1373 0.323416
1374 0.434527
1375 0.51014
1376 0.45095
1377 0.517084
1378 0.420707
1379 0.270315
1380 0.477151
1381 0.494386
1382 0.326652
1383 0.523035
1384 0.557891
1385 0.494424
1386 0.398519
1387 0.267685
1388 0.394157
1389 0.303671
1390 0.506711
1391 0.505007
1392 0.349861
1393 0.421377
1394 0.416689
1395 0.54383
1396 0.577972
1397 0.500758
1398 0.602534
1399 0.357568
1400 0.468254
1401 0.278039
1402 0.376715
1403 0.33428
1404 0.499499
1405 0.501785
1406 0.515011
1407 0.501673
1408 0.413095
1409 0.429759
1410 0.343181
1411 0.453959
1412 0.414473
1413 0.297726
1414 0.326618
1415 0.377853
1416 0.510938
1417 0.502397
1418 0.465448
1419 0.372056
1420 0.412929
1421 0.377419
1422 0.532399
1423 0.424904
1424 0.553348
1425 0.519505
1426 0.426518
1427 0.284199
1428 0.265123
1429 0.355308
1430 0.313001
1431 0.461394
1432 0.469148
1433 0.47523
1434 0.484556
1435 0.483072
1436 0.499346
1437 0.592644
1438 0.621987
1439 0.605908
1440 0.636091
1441 0.48914
1442 0.347432
1443 0.493345
1444 0.379865
1445 0.316808
1446 0.275308
1447 0.363594
1448 0.226343
1449 0.282501
1450 0.257171
1451 0.323223
1452 0.277682
1453 0.274476
1454 0.46438
1455 0.420129
1456 0.254333
1457 0.314925
1458 0.218722
1459 0.220627
1460 0.241977
1461 0.280916
1462 0.25729
1463 0.43822
1464 0.449195
1465 0.395909
1466 0.300519
1467 0.253685
1468 0.291136
1469 0.357686
1470 0.240957
1471 0.280258
1472 0.317103
1473 0.221635
1474 0.378695
1475 0.422772
1476 0.308189
1477 0.440441
1478 0.370061
1479 0.423181
1480 0.330004
1481 0.403881
1482 0.246344
1483 0.301737
1484 0.314315
1485 0.33058
1486 0.396896
1487 0.245518
1488 0.272567
1489 0.430588
1490 0.273246
1491 0.337432
1492 0.275131
1493 0.462853
1494 0.370837
1495 0.53965
1496 0.522698
1497 0.394124
1498 0.553774
1499 0.469581
1500 0.585726
1501 0.514277
1502 0.546996
1503 0.483807
1504 0.393252
1505 0.438187
1506 0.291819
1507 0.189213
1508 0.32936
1509 0.331835
1510 0.455865
1511 0.587713
1512 0.305984
1513 0.547041
1514 0.328872
1515 0.290863
1516 0.3313
1517 0.49372
1518 0.50942
1519 0.541253
1520 0.459493
1521 0.457493
1522 0.353675
1523 0.23866
1524 0.2448
1525 0.225891
1526 0.370598
1527 0.468257
1528 0.451899
1529 0.478075
1530 0.521682
1531 0.483593
1532 0.288859
1533 0.323881
1534 0.416094
1535 0.256925
1536 0.291134
1537 0.248758
1538 0.235039
1539 0.25938
1540 0.360258
1541 0.292073
1542 0.230022
1543 0.383878
1544 0.457508
1545 0.388265
1546 0.341787
1547 0.50058
1548 0.40911
1549 0.573357
1550 0.481234
1551 0.309168
1552 0.431598
1553 0.296789
1554 0.385591
1555 0.407952
1556 0.375631
1557 0.38794
1558 0.337665
1559 0.374038
1560 0.341835
1561 0.498538
1562 0.320862
1563 0.317919
1564 0.337405
1565 0.373723
1566 0.232395
1567 0.392648
1568 0.442907
1569 0.294164
1570 0.471721
1571 0.50457
1572 0.533586
1573 0.391193
1574 0.471329
1575 0.270287
1576 0.211909
1577 0.365304
1578 0.328527
1579 0.214705
1580 0.36606
1581 0.455491
1582 0.371916
1583 0.302715
1584 0.395628
1585 0.389556
1586 0.395521
1587 0.44629
1588 0.483957
1589 0.488696
1590 0.374283
1591 0.315923
1592 0.342705
1593 0.44786
1594 0.520679
1595 0.384985
1596 0.480569
1597 0.441678
1598 0.412495
1599 0.364551
1600 0.451335
1601 0.424389
1602 0.464413
1603 0.349043
1604 0.304207
1605 0.245462
1606 0.401636
1607 0.360525
1608 0.335514
1609 0.305879
1610 0.447526
1611 0.46335
1612 0.354285
1613 0.2399
1614 0.235247
1615 0.207895
1616 0.292468
1617 0.251596
1618 0.408522
1619 0.43139
1620 0.415637
1621 0.54608
1622 0.442789
1623 0.570786
1624 0.515009
1625 0.322118
1626 0.37182
1627 0.375044
1628 0.435941
1629 0.319946
1630 0.265146
1631 0.292834
1632 0.261783
1633 0.393343
1634 0.349534
1635 0.351267
1636 0.339415
1637 0.503815
1638 0.378916
1639 0.310265
1640 0.342646
1641 0.224615
1642 0.451879
1643 0.427526
1644 0.445208
1645 0.556793
1646 0.506914
1647 0.430105
1648 0.517422
1649 0.462163
1650 0.428922
1651 0.311602
1652 0.498547
1653 0.44937
1654 0.292262
1655 0.265159
1656 0.21777
1657 0.269989
1658 0.371412
1659 0.464764
1660 0.452287
1661 0.482351
1662 0.455611
1663 0.299005
1664 0.293211
1665 0.321004
1666 0.229907
1667 0.290692
1668 0.347064
1669 0.430629
1670 0.49386
1671 0.347169
1672 0.498431
1673 0.472497
1674 0.316376
1675 0.2762
1676 0.304723
1677 0.467507
1678 0.427249
1679 0.453587
1680 0.340341
1681 0.519964
1682 0.48409
1683 0.390975
1684 0.515853
1685 0.317805
1686 0.32844
1687 0.286598
1688 0.445931
1689 0.462433
1690 0.291242
1691 0.342147
1692 0.241402
1693 0.354098
1694 0.311084
1695 0.490363
1696 0.341453
1697 0.232764
1698 0.226079
1699 0.226785
1700 0.286517
1701 0.268144
1702 0.261312
1703 0.294627
1704 0.279253
1705 0.431719
1706 0.536283
1707 0.361034
1708 0.372377
1709 0.433085
1710 0.359926
1711 0.347769
1712 0.43631
1713 0.453113
1714 0.545637
1715 0.527125
1716 0.590274
1717 0.4329
1718 0.269896
1719 0.365298
1720 0.283296
1721 0.362136
1722 0.406789
1723 0.509113
1724 0.526512
1725 0.403545
1726 0.397544
1727 0.514452
1728 0.338919
1729 0.383591
1730 0.428575
1731 0.331037
1732 0.380077
1733 0.35924
1734 0.286144
1735 0.494561
1736 0.36142
1737 0.373016
1738 0.32092
1739 0.25346
1740 0.436058
1741 0.492279
1742 0.584717
1743 0.603632
1744 0.49479
1745 0.557408
1746 0.326545
1747 0.305615
1748 0.302702
1749 0.231019
1750 0.426557
1751 0.468418
1752 0.422433
1753 0.352204
1754 0.317465
1755 0.257361
1756 0.191237
1757 0.371888
1758 0.421123
1759 0.310544
1760 0.272491
1761 0.43231
1762 0.365617
1763 0.339813
1764 0.236006
1765 0.410966
1766 0.428384
1767 0.392574
1768 0.361168
1769 0.378518
1770 0.239498
1771 0.25617
1772 0.413709
1773 0.283856
1774 0.274046
1775 0.326591
1776 0.287883
1777 0.295213
1778 0.36292
1779 0.430188
1780 0.558538
1781 0.315508
1782 0.369337
1783 0.265661
1784 0.333263
1785 0.334101
1786 0.38824
1787 0.43308
1788 0.412981
1789 0.371395
1790 0.39083
1791 0.48707
1792 0.562314
1793 0.389283
1794 0.415524
1795 0.429931
1796 0.419432
1797 0.253407
1798 0.402915
1799 0.400938
1800 0.314696
1801 0.400415
1802 0.474052
1803 0.342432
1804 0.500428
1805 0.529448
1806 0.530894
1807 0.445382
1808 0.492403
1809 0.511903
1810 0.43293
1811 0.291785
1812 0.262378
1813 0.299498
1814 0.23525
1815 0.442411
1816 0.308021
1817 0.287169
1818 0.413484
1819 0.370278
1820 0.385828
1821 0.263296
1822 0.280768
1823 0.412183
1824 0.305653
1825 0.509352
1826 0.517449
1827 0.528432
1828 0.545644
1829 0.504878
1830 0.318151
1831 0.289462
1832 0.313958
1833 0.485423
1834 0.259116
1835 0.193475
1836 0.38766
1837 0.492886
1838 0.262643
1839 0.213673
1840 0.368539
1841 0.533547
1842 0.283422
1843 0.41533
1844 0.338555
1845 0.458689
1846 0.386504
1847 0.521386
1848 0.399287
1849 0.539904
1850 0.501125
1851 0.401923
1852 0.531609
1853 0.574971
1854 0.539529
1855 0.616485
1856 0.464328
1857 0.510731
1858 0.484987
1859 0.532217
1860 0.51437
1861 0.406952
1862 0.30361
1863 0.425715
1864 0.300763
1865 0.458527
1866 0.465388
1867 0.508509
1868 0.579023
1869 0.36636
1870 0.456569
1871 0.474191
1872 0.440994
1873 0.262904
1874 0.194671
1875 0.203702
1876 0.174281
1877 0.340694
1878 0.393531
1879 0.355246
1880 0.390363
1881 0.442461
1882 0.339528
1883 0.498447
1884 0.535313
1885 0.505066
1886 0.30458
1887 0.506191
1888 0.34128
1889 0.260999
1890 0.452965
1891 0.472077
1892 0.462634
1893 0.400413
1894 0.308991
1895 0.263104
1896 0.406034
1897 0.335978
1898 0.245762
1899 0.224523
1900 0.437053
1901 0.300951
1902 0.253451
1903 0.406118
1904 0.424926
1905 0.318635
1906 0.272853
1907 0.312247
1908 0.29134
1909 0.357533
1910 0.28168
1911 0.336518
1912 0.417005
1913 0.539091
1914 0.599445
1915 0.363276
1916 0.564504
1917 0.319698
1918 0.241456
1919 0.291815
1920 0.432639
1921 0.341164
1922 0.325429
1923 0.205498
1924 0.201489
1925 0.335989
1926 0.423081
1927 0.29507
1928 0.460415
1929 0.45151
1930 0.404725
1931 0.520078
1932 0.332452
1933 0.318211
1934 0.361595
1935 0.359934
1936 0.26836
1937 0.233897
1938 0.437487
1939 0.45094
1940 0.316542
1941 0.471209
1942 0.315613
1943 0.526998
1944 0.377886
1945 0.29833
1946 0.471649
1947 0.285277
1948 0.378416
1949 0.4184
1950 0.346708
1951 0.415562
1952 0.429346
1953 0.545308
1954 0.541022
1955 0.339891
1956 0.309073
1957 0.359237
1958 0.418162
1959 0.436939
1960 0.447905
1961 0.292995
1962 0.427083
1963 0.470206
1964 0.383117
1965 0.391836
1966 0.361065
1967 0.392428
1968 0.51957
1969 0.575233
1970 0.575367
1971 0.613798
1972 0.536565
1973 0.595795
1974 0.441882
1975 0.524107
1976 0.390627
1977 0.360033
1978 0.461399
1979 0.375653
1980 0.278423
1981 0.205707
1982 0.434073
1983 0.407275
1984 0.400374
1985 0.321948
1986 0.50977
1987 0.506136
1988 0.595744
1989 0.37816
1990 0.344326
1991 0.310808
1992 0.264965
1993 0.441848
1994 0.508543
1995 0.406993
1996 0.462527
1997 0.429096
1998 0.446709
1999 0.470414
2000 0.286568
2001 0.220621
2002 0.210248
2003 0.226968
2004 0.233796
2005 0.332916
2006 0.259627
2007 0.383428
2008 0.274085
2009 0.271979
2010 0.407361
2011 0.469745
2012 0.405799
2013 0.491603
2014 0.450727
2015 0.35135
2016 0.464988
2017 0.29969
2018 0.403244
2019 0.292367
2020 0.481906
2021 0.374756
2022 0.406421
2023 0.494125
2024 0.412927
2025 0.430104
2026 0.360058
2027 0.485624
2028 0.50197
2029 0.391193
2030 0.421659
2031 0.282651
2032 0.30377
2033 0.375122
2034 0.460874
2035 0.489508
2036 0.42614
2037 0.449505
2038 0.278698
2039 0.250207
2040 0.301161
2041 0.386629
2042 0.430882
2043 0.466682
2044 0.281629
2045 0.445526
2046 0.398111
2047 0.554785
2048 0.476414
2049 0.526707
2050 0.350081
2051 0.288961
2052 0.304178
2053 0.418601
2054 0.473656
2055 0.454331
2056 0.271079
2057 0.408406
2058 0.326719
2059 0.453131
2060 0.522142
2061 0.388514
2062 0.237678
2063 0.405176
2064 0.282836
2065 0.248635
2066 0.316077
2067 0.261568
2068 0.374733
2069 0.312786
2070 0.283083
2071 0.306762
2072 0.203467
2073 0.362921
2074 0.410072
2075 0.305203
2076 0.397558
2077 0.548127
2078 0.280193
2079 0.490948
2080 0.513916
2081 0.384799
2082 0.336595
2083 0.423505
2084 0.269968
2085 0.474374
2086 0.410794
2087 0.371282
2088 0.471187
2089 0.496261
2090 0.507315
2091 0.514492
2092 0.467269
2093 0.46471
2094 0.561983
2095 0.550289
2096 0.538569
2097 0.515701
2098 0.446837
2099 0
