0 0.321036
1 0.276876
2 0.0821143
3 -0.0874079
4 -0.19303
5 -0.249004
6 -0.277719
7 -0.285318
8 -0.302255
9 -0.302683
10 -0.302853
11 -0.288853
12 -0.298296
13 -0.310341
14 -0.277061
15 -0.299353
16 -0.258868
17 -0.258046
18 -0.233198
19 -0.164985
20 -0.155769
21 -0.0603502
22 -0.0067478
23 0.0229442
24 0.0890817
25 0.109707
26 0.137864
27 0.153562
28 0.156561
29 0.162008
30 0.165715
31 0.174797
32 0.171059
33 0.164102
34 0.169474
35 0.170311
36 0.174485
37 0.183567
38 0.167546
39 0.172154
40 0.181759
41 0.185675
42 0.178621
43 0.182407
44 0.180968
45 0.184451
46 0.184253
47 0.186024
48 0.176301
49 0.173071
50 0.192259
51 0.175423
52 0.173504
53 0.184363
54 0.167014
55 0.177159
56 0.176387
57 0.169791
58 0.175598
59 0.168749
60 0.16354
61 0.165683
62 0.179409
63 0.166038
64 0.170138
65 0.169981
66 0.166701
67 0.169242
68 0.173745
69 0.183396
70 0.171898
71 0.16668
72 0.180772
73 0.182519
74 0.171474
75 0.169567
76 0.167142
77 0.170271
78 0.17159
79 0.163118
80 0.169054
81 0.177214
82 0.170644
83 0.179654
84 0.174112
85 0.178589
86 0.176625
87 0.171076
88 0.172109
89 0.165985
90 0.17351
91 0.168711
92 0.170989
93 0.165659
94 0.164216
95 0.176614
96 0.16997
97 0.165417
98 0.163626
99 0.174807
100 0.163755
101 0.16084
102 0.166114
103 0.178671
104 0.163202
105 0.158457
106 0.179095
107 0.173243
108 0.162391
109 0.164329
110 0.169979
111 0.168475
112 0.161536
113 0.164544
114 0.164427
115 0.175339
116 0.177664
117 0.180292
118 0.172387
119 0.173496
120 0.182789
121 0.172916
122 0.180249
123 0.174432
124 0.170557
125 0.174242
126 0.177724
127 0.172846
128 0.180743
129 0.177781
130 0.174802
131 0.175895
132 0.175029
133 0.174836
134 0.176895
135 0.170577
136 0.167155
137 0.182891
138 0.18567
139 0.176146
140 0.176581
141 0.187722
142 0.185572
143 0.170241
144 0.180148
145 0.172002
146 0.166503
147 0.179182
148 0.173121
149 0.172916
150 0.168547
151 0.174503
152 0.176371
153 0.180635
154 0.169836
155 0.176462
156 0.176651
157 0.174947
158 0.177595
159 0.180869
160 0.174848
161 0.169146
162 0.17333
163 0.170093
164 0.175531
165 0.178544
166 0.18045
167 0.179455
168 0.174267
169 0.177363
170 0.181829
171 0.184398
172 0.170911
173 0.173632
174 0.176245
175 0.171044
176 0.17934
177 0.165891
178 0.178963
179 0.181865
180 0.183995
181 0.172967
182 0.169652
183 0.187263
184 0.170946
185 0.177897
186 0.169011
187 0.175984
188 0.18345
189 0.17692
190 0.173911
191 0.189346
192 0.179676
193 0.182077
194 0.183973
195 0.174447
196 0.182882
197 0.171721
198 0.168828
199 0.168141
200 0.165968
201 0.176334
202 0.175344
203 0.172886
204 0.17289
205 0.182451
206 0.171915
207 0.166493
208 0.168974
209 0.182632
210 0.18563
211 0.164177
212 0.179194
213 0.183959
214 0.175034
215 0.174967
216 0.189131
217 0.16916
218 0.175328
219 0.183733
220 0.166717
221 0.179923
222 0.180813
223 0.166139
224 0.183207
225 0.180504
226 0.172022
227 0.182852
228 0.176375
229 0.166625
230 0.18347
231 0.184781
232 0.164722
233 0.176702
234 0.181973
235 0.180635
236 0.180104
237 0.182531
238 0.17192
239 0.179976
240 0.18837
241 0.174335
242 0.171701
243 0.169969
244 0.171438
245 0.172804
246 0.161742
247 0.178193
248 0.175182
249 0.159677
250 0.180905
251 0.176541
252 0.182536
253 0.171811
254 0.173288
255 0.174258
256 0.172009
257 0.175127
258 0.173918
259 0.170536
260 0.176074
261 0.183443
262 0.173562
263 0.170095
264 0.174209
265 0.179687
266 0.166454
267 0.17777
268 0.18715
269 0.167421
270 0.177391
271 0.182135
272 0.173888
273 0.174123
274 0.182409
275 0.182327
276 0.182895
277 0.176591
278 0.164573
279 0.187777
280 0.169093
281 0.174937
282 0.185221
283 0.166149
284 0.180853
285 0.170285
286 0.181294
287 0.178302
288 0.180726
289 0.180066
290 0.173609
291 0.18612
292 0.18619
293 0.183257
294 0.175053
295 0.182874
296 0.177067
297 0.182662
298 0.173537
299 0.17471
300 0.186538
301 0.176974
302 0.17952
303 0.176009
304 0.175899
305 0.16906
306 0.178487
307 0.183636
308 0.172898
309 0.17539
310 0.185326
311 0.190317
312 0.174455
313 0.172979
314 0.172348
315 0.172521
316 0.175293
317 0.174021
318 0.181827
319 0.167935
320 0.177589
321 0.179766
322 0.173679
323 0.183722
324 0.172055
325 0.176652
326 0.178086
327 0.178368
328 0.177046
329 0.177597
330 0.173178
331 0.177455
332 0.175838
333 0.176238
334 0.170478
335 0.178668
336 0.167798
337 0.174478
338 0.18068
339 0.16778
340 0.169052
341 0.172025
342 0.176117
343 0.175611
344 0.176247
345 0.167084
346 0.169689
347 0.172072
348 0.182082
349 0.1675
350 0.174429
351 0.170273
352 0.176103
353 0.18593
354 0.164228
355 0.182379
356 0.172107
357 0.172237
358 0.180788
359 0.181768
360 0.172346
361 0.175165
362 0.18352
363 0.172757
364 0.169941
365 0.180627
366 0.167794
367 0.170578
368 0.164554
369 0.174786
370 0.179223
371 0.164253
372 0.173267
373 0.169324
374 0.167231
375 0.16892
376 0.173622
377 0.168338
378 0.172474
379 0.177316
380 0.182457
381 0.176997
382 0.181022
383 0.179406
384 0.169839
385 0.17894
386 0.17853
387 0.167052
388 0.170886
389 0.172713
390 0.179628
391 0.178692
392 0.16583
393 0.169056
394 0.179584
395 0.178106
396 0.171428
397 0.162866
398 0.173263
399 0.174128
400 0.17408
401 0.16738
402 0.176542
403 0.180418
404 0.168542
405 0.177975
406 0.182281
407 0.167291
408 0.179882
409 0.182888
410 0.18192
411 0.174525
412 0.175824
413 0.185468
414 0.181447
415 0.17746
416 0.185092
417 0.175196
418 0.187041
419 0.185289
420 0.183374
421 0.176796
422 0.166462
423 0.183723
424 0.16862
425 0.163793
426 0.173601
427 0.163508
428 0.176954
429 0.169504
430 0.182812
431 0.171542
432 0.169652
433 0.17258
434 0.184377
435 0.179087
436 0.164316
437 0.180979
438 0.183917
439 0.168638
440 0.17269
441 0.182338
442 0.181481
443 0.177014
444 0.183063
445 0.183726
446 0.179657
447 0.172055
448 0.172473
449 0.179982
450 0.169009
451 0.169681
452 0.17646
453 0.175565
454 0.164581
455 0.168105
456 0.171218
457 0.173095
458 0.16587
459 0.172546
460 0.178848
461 0.176082
462 0.161276
463 0.179481
464 0.187502
465 0.172167
466 0.183566
467 0.186512
468 0.177489
469 0.178352
470 0.183513
471 0.174067
472 0.179093
473 0.171282
474 0.180777
475 0.182584
476 0.182417
477 0.184166
478 0.179571
479 0.194145
480 0.175239
481 0.180494
482 0.190444
483 0.183714
484 0.179586
485 0.175083
486 0.183504
487 0.184627
488 0.181562
489 0.170503
490 0.166822
491 0.184897
492 0.176832
493 0.161555
494 0.177738
495 0.170842
496 0.176187
497 0.174329
498 0.166188
499 0.171049
500 0.170668
501 0.174116
502 0.175
503 0.172791
504 0.163042
505 0.18093
506 0.186512
507 0.178605
508 0.166144
509 0.174911
510 0.173117
511 0.169865
512 0.181768
513 0.170208
514 0.176675
515 0.174607
516 0.184111
517 0.181654
518 0.179643
519 0.180232
520 0.186056
521 0.175847
522 0.172288
523 0.173133
524 0.181763
525 0.169327
526 0.168203
527 0.183346
528 0.175083
529 0.175658
530 0.176368
531 0.180764
532 0.18547
533 0.184568
534 0.182306
535 0.180108
536 0.175373
537 0.180756
538 0.18152
539 0.172672
540 0.183676
541 0.184066
542 0.174251
543 0.173964
544 0.183111
545 0.187636
546 0.169595
547 0.165558
548 0.17728
549 0.176735
550 0.175476
551 0.171563
552 0.172014
553 0.17473
554 0.174769
555 0.183212
556 0.177901
557 0.170141
558 0.179396
559 0.186978
560 0.17828
561 0.172713
562 0.166593
563 0.179227
564 0.179958
565 0.175314
566 0.171337
567 0.176779
568 0.175493
569 0.168863
570 0.18017
571 0.178902
572 0.165651
573 0.169226
574 0.1746
575 0.165402
576 0.172179
577 0.180363
578 0.177351
579 0.166764
580 0.171218
581 0.178563
582 0.168566
583 0.172011
584 0.174015
585 0.178801
586 0.18224
587 0.182317
588 0.186726
589 0.174665
590 0.188277
591 0.17959
592 0.185728
593 0.17061
594 0.181474
595 0.177413
596 0.168618
597 0.182821
598 0.171361
599 0.178112
600 0.178567
601 0.171292
602 0.177393
603 0.182485
604 0.172511
605 0.177533
606 0.174127
607 0.177187
608 0.167344
609 0.180661
610 0.174072
611 0.162394
612 0.182682
613 0.169984
614 0.165771
615 0.175532
616 0.172915
617 0.16645
618 0.167247
619 0.175007
620 0.167699
621 0.166363
622 0.165872
623 0.171482
624 0.171598
625 0.174038
626 0.169023
627 0.18144
628 0.175635
629 0.170472
630 0.171052
631 0.183428
632 0.175121
633 0.167593
634 0.178062
635 0.180375
636 0.16752
637 0.169391
638 0.184674
639 0.172369
640 0.175371
641 0.172007
642 0.169514
643 0.181909
644 0.182764
645 0.175339
646 0.181258
647 0.179887
648 0.187735
649 0.176351
650 0.174187
651 0.176103
652 0.180517
653 0.180033
654 0.178206
655 0.177003
656 0.167131
657 0.177082
658 0.18288
659 0.1709
660 0.177452
661 0.168749
662 0.175102
663 0.172054
664 0.167831
665 0.169901
666 0.176343
667 0.165548
668 0.173588
669 0.178873
670 0.172754
671 0.168721
672 0.170594
673 0.169208
674 0.177732
675 0.171956
676 0.165208
677 0.17836
678 0.186316
679 0.165262
680 0.174884
681 0.182111
682 0.176269
683 0.182065
684 0.172657
685 0.169772
686 0.174474
687 0.180287
688 0.169791
689 0.169226
690 0.169744
691 0.165744
692 0.161462
693 0.17323
694 0.169422
695 0.161371
696 0.166877
697 0.171466
698 0.177648
699 0.170202
700 0.170066
701 0.174538
702 0.17681
703 0.178568
704 0.176884
705 0.175399
706 0.179964
707 0.188434
708 0.17669
709 0.178285
710 0.170375
711 0.170215
712 0.184349
713 0.165567
714 0.171703
715 0.167637
716 0.173899
717 0.18124
718 0.184308
719 0.174597
720 0.187151
721 0.183181
722 0.173184
723 0.178655
724 0.170977
725 0.180531
726 0.181227
727 0.166181
728 0.168115
729 0.185397
730 0.174466
731 0.165289
732 0.176027
733 0.169146
734 0.179993
735 0.170078
736 0.1789
737 0.176647
738 0.170213
739 0.176705
740 0.180951
741 0.172279
742 0.164243
743 0.181924
744 0.169012
745 0.168702
746 0.178671
747 0.167596
748 0.162867
749 0.169532
750 0.179499
751 0.164119
752 0.164808
753 0.180777
754 0.166064
755 0.174606
756 0.176968
757 0.162693
758 0.167454
759 0.176504
760 0.180736
761 0.169382
762 0.180862
763 0.178913
764 0.179483
765 0.172966
766 0.172001
767 0.179293
768 0.164373
769 0.174118
770 0.181423
771 0.17445
772 0.176692
773 0.173493
774 0.168286
775 0.164782
776 0.181182
777 0.169997
778 0.161174
779 0.162222
780 0.167339
781 0.176241
782 0.178766
783 0.161953
784 0.178551
785 0.176121
786 0.167836
787 0.174093
788 0.173807
789 0.17678
790 0.170919
791 0.169701
792 0.182691
793 0.178024
794 0.179023
795 0.174126
796 0.176552
797 0.170104
798 0.174063
799 0.1717
800 0.168612
801 0.166512
802 0.176236
803 0.171105
804 0.160326
805 0.164959
806 0.170703
807 0.164436
808 0.174388
809 0.168039
810 0.168988
811 0.170947
812 0.174221
813 0.180972
814 0.168737
815 0.166393
816 0.176356
817 0.170959
818 0.179356
819 0.184053
820 0.17169
821 0.173378
822 0.176707
823 0.174641
824 0.175669
825 0.169299
826 0.165063
827 0.168588
828 0.163424
829 0.177145
830 0.169098
831 0.169717
832 0.170656
833 0.162852
834 0.181826
835 0.173375
836 0.164438
837 0.166248
838 0.170765
839 0.178364
840 0.168972
841 0.165053
842 0.176013
843 0.17001
844 0.165496
845 0.179933
846 0.173491
847 0.16759
848 0.173747
849 0.172829
850 0.175621
851 0.168949
852 0.163953
853 0.164361
854 0.177688
855 0.175038
856 0.170431
857 0.177347
858 0.17315
859 0.180072
860 0.172804
861 0.175725
862 0.169706
863 0.178337
864 0.171443
865 0.16319
866 0.179145
867 0.175325
868 0.177545
869 0.175553
870 0.174498
871 0.176544
872 0.183053
873 0.174728
874 0.172146
875 0.172872
876 0.170711
877 0.17544
878 0.175357
879 0.167206
880 0.17816
881 0.184603
882 0.173446
883 0.177218
884 0.170504
885 0.174975
886 0.176953
887 0.168669
888 0.165625
889 0.178182
890 0.173411
891 0.167572
892 0.177187
893 0.177919
894 0.174283
895 0.180223
896 0.176866
897 0.181023
898 0.167826
899 0.176601
900 0.170426
901 0.175407
902 0.164725
903 0.167123
904 0.177007
905 0.182022
906 0.182345
907 0.175154
908 0.184903
909 0.181678
910 0.187443
911 0.177996
912 0.181629
913 0.191742
914 0.170546
915 0.182889
916 0.174487
917 0.179398
918 0.17919
919 0.173106
920 0.184695
921 0.171119
922 0.177431
923 0.169214
924 0.167237
925 0.175505
926 0.168429
927 0.173735
928 0.171431
929 0.176232
930 0.169996
931 0.17675
932 0.170469
933 0.169869
934 0.177274
935 0.173312
936 0.166931
937 0.171607
938 0.162684
939 0.178306
940 0.166402
941 0.165802
942 0.178386
943 0.169713
944 0.163538
945 0.170729
946 0.169379
947 0.169969
948 0.163583
949 0.15988
950 0.173712
951 0.177201
952 0.164567
953 0.162673
954 0.18292
955 0.166215
956 0.166736
957 0.169796
958 0.162627
959 0.175619
960 0.174551
961 0.171991
962 0.177701
963 0.179415
964 0.174414
965 0.173429
966 0.172642
967 0.181979
968 0.185733
969 0.175462
970 0.171495
971 0.182691
972 0.186393
973 0.172168
974 0.168525
975 0.170437
976 0.17832
977 0.178658
978 0.169047
979 0.177744
980 0.171422
981 0.174373
982 0.177076
983 0.171874
984 0.178488
985 0.175472
986 0.178335
987 0.173919
988 0.174523
989 0.171141
990 0.171519
991 0.181174
992 0.164401
993 0.168589
994 0.165153
995 0.174621
996 0.177902
997 0.177773
998 0.165759
999 0.166864
1000 0.183007
1001 0.182383
1002 0.176552
1003 0.174742
1004 0.166053
1005 0.186743
1006 0.174236
1007 0.177983
1008 0.177263
1009 0.170157
1010 0.172065
1011 0.180156
1012 0.166884
1013 0.183322
1014 0.172786
1015 0.172381
1016 0.179847
1017 0.173146
1018 0.17935
1019 0.175379
1020 0.173104
1021 0.169133
1022 0.181021
1023 0.170549
1024 0.169391
1025 0.1675
1026 0.170577
1027 0.165555
1028 0.174334
1029 0.165025
1030 0.170691
1031 0.166281
1032 0.169657
1033 0.174906
1034 0.169332
1035 0.166743
1036 0.160207
1037 0.179387
1038 0.172782
1039 0.174738
1040 0.171483
1041 0.17585
1042 0.176022
1043 0.16655
1044 0.18223
1045 0.17725
1046 0.166701
1047 0.164729
1048 0.176216
1049 0.179251
1050 0.174123
1051 0.173491
1052 0.171909
1053 0.172383
1054 0.183914
1055 0.180831
1056 0.178916
1057 0.179854
1058 0.188695
1059 0.171448
1060 0.182096
1061 0.176625
1062 0.170288
1063 0.180756
1064 0.175109
1065 0.163835
1066 0.177317
1067 0.172249
1068 0.16403
1069 0.180784
1070 0.173028
1071 0.171952
1072 0.18258
1073 0.17017
1074 0.184918
1075 0.173438
1076 0.170488
1077 0.178202
1078 0.178449
1079 0.182815
1080 0.1748
1081 0.169289
1082 0.187017
1083 0.177366
1084 0.177136
1085 0.179567
1086 0.183518
1087 0.179007
1088 0.169017
1089 0.179408
1090 0.183661
1091 0.179341
1092 0.169998
1093 0.167357
1094 0.184825
1095 0.171074
1096 0.170905
1097 0.171038
1098 0.180907
1099 0.170928
1100 0.179146
1101 0.166889
1102 0.168418
1103 0.185166
1104 0.181518
1105 0.170159
1106 0.174747
1107 0.181374
1108 0.179279
1109 0.179529
1110 0.187013
1111 0.16732
1112 0.175639
1113 0.177018
1114 0.174623
1115 0.172579
1116 0.164945
1117 0.178246
1118 0.177338
1119 0.168275
1120 0.165786
1121 0.166753
1122 0.181642
1123 0.16549
1124 0.168758
1125 0.18373
1126 0.174581
1127 0.183555
1128 0.177527
1129 0.177411
1130 0.189145
1131 0.178165
1132 0.183089
1133 0.174784
1134 0.179397
1135 0.175559
1136 0.169467
1137 0.184214
1138 0.16888
1139 0.178955
1140 0.185638
1141 0.178823
1142 0.179605
1143 0.188424
1144 0.178771
1145 0.172251
1146 0.190218
1147 0.175736
1148 0.183157
1149 0.169641
1150 0.176046
1151 0.186708
1152 0.177063
1153 0.180798
1154 0.17671
1155 0.174605
1156 0.187082
1157 0.176872
1158 0.170521
1159 0.172575
1160 0.181603
1161 0.175755
1162 0.169926
1163 0.175373
1164 0.180622
1165 0.177387
1166 0.167606
1167 0.179353
1168 0.172482
1169 0.174167
1170 0.169324
1171 0.172896
1172 0.174293
1173 0.182446
1174 0.171498
1175 0.176532
1176 0.182298
1177 0.18191
1178 0.170613
1179 0.178292
1180 0.172063
1181 0.177527
1182 0.171493
1183 0.16475
1184 0.171457
1185 0.172805
1186 0.17232
1187 0.167776
1188 0.167048
1189 0.182173
1190 0.170938
1191 0.172578
1192 0.185271
1193 0.173487
1194 0.16207
1195 0.178627
1196 0.173643
1197 0.174015
1198 0.182672
1199 0.174048
1200 0.178576
1201 0.189351
1202 0.181909
1203 0.169784
1204 0.183758
1205 0.17632
1206 0.174448
1207 0.16574
1208 0.177072
1209 0.179826
1210 0.164535
1211 0.167495
1212 0.174254
1213 0.167122
1214 0.177306
1215 0.163405
1216 0.168963
1217 0.166052
1218 0.176913
1219 0.175077
1220 0.174791
1221 0.17272
1222 0.182283
1223 0.178766
1224 0.177157
1225 0.170776
1226 0.171633
1227 0.177756
1228 0.176824
1229 0.17156
1230 0.172492
1231 0.164977
1232 0.171487
1233 0.179706
1234 0.161891
1235 0.178386
1236 0.184117
1237 0.180503
1238 0.186514
1239 0.181364
1240 0.191167
1241 0.175621
1242 0.173799
1243 0.187233
1244 0.168597
1245 0.169248
1246 0.165282
1247 0.181
1248 0.182259
1249 0.167064
1250 0.166709
1251 0.173931
1252 0.174315
1253 0.181352
1254 0.168262
1255 0.176352
1256 0.172985
1257 0.182019
1258 0.179451
1259 0.168616
1260 0.169804
1261 0.17648
1262 0.178904
1263 0.161894
1264 0.179833
1265 0.175377
1266 0.17452
1267 0.178353
1268 0.177632
1269 0.168904
1270 0.168565
1271 0.174749
1272 0.177466
1273 0.173102
1274 0.185416
1275 0.167146
1276 0.17932
1277 0.18647
1278 0.18323
1279 0.179497
1280 0.181926
1281 0.173969
1282 0.179144
1283 0.173635
1284 0.186959
1285 0.170286
1286 0.175314
1287 0.176059
1288 0.182843
1289 0.174786
1290 0.177501
1291 0.179267
1292 0.169519
1293 0.179368
1294 0.171046
1295 0.171009
1296 0.174082
1297 0.180548
1298 0.172045
1299 0.177157
1300 0.178264
1301 0.169157
1302 0.182397
1303 0.171992
1304 0.172523
1305 0.18399
1306 0.175304
1307 0.172081
1308 0.173415
1309 0.170291
1310 0.167066
1311 0.16674
1312 0.176349
1313 0.166082
1314 0.161586
1315 0.175917
1316 0.175568
1317 0.16986
1318 0.166278
1319 0.181327
1320 0.16853
1321 0.166022
1322 0.171202
1323 0.173469
1324 0.171847
1325 0.170965
1326 0.165066
1327 0.174996
1328 0.168827
1329 0.173036
1330 0.172551
1331 0.178445
1332 0.173496
1333 0.164726
1334 0.178244
1335 0.176378
1336 0.183834
1337 0.166789
1338 0.16217
1339 0.168745
1340 0.175163
1341 0.170043
1342 0.174735
1343 0.185479
1344 0.167779
1345 0.169201
1346 0.185682
1347 0.181916
1348 0.167312
1349 0.178625
1350 0.166868
1351 0.175568
1352 0.176426
1353 0.17045
1354 0.177695
1355 0.174728
1356 0.176788
1357 0.183027
1358 0.172339
1359 0.184682
1360 0.174206
1361 0.167349
1362 0.173378
1363 0.168887
1364 0.177841
1365 0.165766
1366 0.17453
1367 0.166366
1368 0.168608
1369 0.182507
1370 0.173291
1371 0.173394
1372 0.18079
1373 0.176256
1374 0.175332
1375 0.177745
1376 0.181639
1377 0.169683
1378 0.178321
1379 0.177719
1380 0.166077
1381 0.177901
1382 0.181657
1383 0.179639
1384 0.173318
1385 0.183954
1386 0.178536
1387 0.173084
1388 0.187173
1389 0.173954
1390 0.183913
1391 0.184164
1392 0.179121
1393 0.182597
1394 0.170664
1395 0.183973
1396 0.185892
1397 0.176246
1398 0.180193
1399 0.17731
1400 0.170789
1401 0.177303
1402 0.176066
1403 0.162599
1404 0.180315
1405 0.183178
1406 0.166982
1407 0.168556
1408 0.183653
1409 0.177745
1410 0.171366
1411 0.169475
1412 0.181318
1413 0.171773
1414 0.182294
1415 0.176045
1416 0.170645
1417 0.178539
1418 0.17574
1419 0.166688
1420 0.175171
1421 0.181073
1422 0.16908
1423 0.169692
1424 0.182233
1425 0.168913
1426 0.175886
1427 0.170962
1428 0.17379
1429 0.179095
1430 0.169602
1431 0.168082
1432 0.16633
1433 0.183005
1434 0.16407
1435 0.176079
1436 0.180297
1437 0.166659
1438 0.17285
1439 0.177323
1440 0.178271
1441 0.173956
1442 0.168633
1443 0.171349
1444 0.18384
1445 0.167959
1446 0.167339
1447 0.181623
1448 0.18178
1449 0.177537
1450 0.173979
1451 0.190212
1452 0.174518
1453 0.188384
1454 0.180326
1455 0.176055
1456 0.17832
1457 0.168046
1458 0.184492
1459 0.168263
1460 0.166296
1461 0.182442
1462 0.17686
1463 0.175505
1464 0.175047
1465 0.183496
1466 0.18208
1467 0.178403
1468 0.1831
1469 0.173918
1470 0.179701
1471 0.182688
1472 0.168611
1473 0.170435
1474 0.185332
1475 0.178416
1476 0.170185
1477 0.183122
1478 0.184354
1479 0.181651
1480 0.185304
1481 0.185926
1482 0.179216
1483 0.181881
1484 0.182882
1485 0.179439
1486 0.184002
1487 0.180017
1488 0.168166
1489 0.182185
1490 0.18966
1491 0.168194
1492 0.171017
1493 0.16794
1494 0.182833
1495 0.166563
1496 0.170128
1497 0.167389
1498 0.175944
1499 0.17102
1500 0.178272
1501 0.174928
1502 0.172453
1503 0.172945
1504 0.173825
1505 0.178652
1506 0.172434
1507 0.169201
1508 0.167436
1509 0.174007
1510 0.176206
1511 0.168161
1512 0.170096
1513 0.17974
1514 0.181867
1515 0.18138
1516 0.178218
1517 0.178144
1518 0.183843
1519 0.175586
1520 0.176022
1521 0.1755
1522 0.167609
1523 0.166504
1524 0.171087
1525 0.174579
1526 0.163103
1527 0.167278
1528 0.172889
1529 0.168212
1530 0.170077
1531 0.179792
1532 0.171513
1533 0.17914
1534 0.18035
1535 0.174901
1536 0.183862
1537 0.174882
1538 0.17155
1539 0.171165
1540 0.176508
1541 0.18092
1542 0.17124
1543 0.164957
1544 0.168267
1545 0.16788
1546 0.173105
1547 0.165225
1548 0.17632
1549 0.173724
1550 0.181929
1551 0.167989
1552 0.168211
1553 0.173996
1554 0.181112
1555 0.184082
1556 0.16828
1557 0.1814
1558 0.181378
1559 0.183756
1560 0.172138
1561 0.177354
1562 0.171649
1563 0.180525
1564 0.178542
1565 0.17468
1566 0.171077
1567 0.180225
1568 0.176054
1569 0.164602
1570 0.183397
1571 0.174493
1572 0.167406
1573 0.167677
1574 0.170708
1575 0.171681
1576 0.177079
1577 0.174526
1578 0.166336
1579 0.174217
1580 0.181775
1581 0.179972
1582 0.168417
1583 0.164422
1584 0.184007
1585 0.183446
1586 0.16616
1587 0.163282
1588 0.167333
1589 0.174297
1590 0.16811
1591 0.174928
1592 0.179572
1593 0.173441
1594 0.185841
1595 0.175572
1596 0.178508
1597 0.181988
1598 0.183901
1599 0.175023
1600 0.167943
1601 0.179244
1602 0.176518
1603 0.169558
1604 0.176939
1605 0.174231
1606 0.178848
1607 0.177843
1608 0.186987
1609 0.1798
1610 0.184122
1611 0.18327
1612 0.182778
1613 0.171993
1614 0.182067
1615 0.189145
1616 0.182532
1617 0.17121
1618 0.185553
1619 0.186138
1620 0.176284
1621 0.168753
1622 0.174793
1623 0.167855
1624 0.17526
1625 0.176248
1626 0.177311
1627 0.165408
1628 0.180838
1629 0.174603
1630 0.182604
1631 0.185349
1632 0.170555
1633 0.177905
1634 0.186741
1635 0.17115
1636 0.174267
1637 0.18527
1638 0.176955
1639 0.181437
1640 0.176469
1641 0.183873
1642 0.177019
1643 0.173163
1644 0.170483
1645 0.184759
1646 0.169216
1647 0.177835
1648 0.171769
1649 0.167117
1650 0.166218
1651 0.176933
1652 0.163819
1653 0.174641
1654 0.172153
1655 0.166443
1656 0.166792
1657 0.170589
1658 0.165307
1659 0.163472
1660 0.162355
1661 0.160889
1662 0.165898
1663 0.171926
1664 0.167419
1665 0.16526
1666 0.172693
1667 0.174687
1668 0.16983
1669 0.177118
1670 0.164589
1671 0.18136
1672 0.171007
1673 0.1756
1674 0.168376
1675 0.180756
1676 0.181016
1677 0.163837
1678 0.182578
1679 0.178616
1680 0.173925
1681 0.169314
1682 0.180807
1683 0.169667
1684 0.178547
1685 0.175175
1686 0.175094
1687 0.173369
1688 0.16727
1689 0.174876
1690 0.179901
1691 0.171376
1692 0.177383
1693 0.171689
1694 0.174809
1695 0.181245
1696 0.181502
1697 0.179864
1698 0.168272
1699 0.174088
1700 0.183068
1701 0.169815
1702 0.170269
1703 0.174212
1704 0.173309
1705 0.181435
1706 0.170254
1707 0.180178
1708 0.169648
1709 0.175486
1710 0.173127
1711 0.180555
1712 0.167917
1713 0.168044
1714 0.18679
1715 0.166968
1716 0.177448
1717 0.18565
1718 0.174865
1719 0.173531
1720 0.169832
1721 0.183372
1722 0.174917
1723 0.172297
1724 0.176186
1725 0.184814
1726 0.169467
1727 0.173034
1728 0.176208
1729 0.18539
1730 0.1655
1731 0.164999
1732 0.18179
1733 0.177281
1734 0.174567
1735 0.163901
1736 0.17639
1737 0.174642
1738 0.17312
1739 0.168494
1740 0.177131
1741 0.174852
1742 0.176121
1743 0.168606
1744 0.183878
1745 0.17042
1746 0.166478
1747 0.184805
1748 0.168769
1749 0.167523
1750 0.171111
1751 0.182298
1752 0.17042
1753 0.177528
1754 0.168655
1755 0.176203
1756 0.182085
1757 0.178159
1758 0.181369
1759 0.170802
1760 0.181974
1761 0.176752
1762 0.170602
1763 0.167466
1764 0.177854
1765 0.179901
1766 0.175221
1767 0.173683
1768 0.17312
1769 0.169984
1770 0.185491
1771 0.183066
1772 0.166262
1773 0.177902
1774 0.183484
1775 0.185174
1776 0.184565
1777 0.172969
1778 0.184587
1779 0.191226
1780 0.17837
1781 0.183697
1782 0.177862
1783 0.176032
1784 0.183149
1785 0.174154
1786 0.176767
1787 0.170345
1788 0.174869
1789 0.183536
1790 0.178606
1791 0.167119
1792 0.179804
1793 0.169744
1794 0.171289
1795 0.177252
1796 0.177262
1797 0.171036
1798 0.165934
1799 0.174442
1800 0.179615
1801 0.175355
1802 0.165044
1803 0.171294
1804 0.178301
1805 0.166412
1806 0.175451
1807 0.17426
1808 0.164498
1809 0.178463
1810 0.17429
1811 0.175052
1812 0.182173
1813 0.171671
1814 0.173209
1815 0.178199
1816 0.176717
1817 0.179498
1818 0.166773
1819 0.179023
1820 0.180185
1821 0.180758
1822 0.170446
1823 0.172879
1824 0.186529
1825 0.170433
1826 0.18175
1827 0.176566
1828 0.175632
1829 0.167742
1830 0.175957
1831 0.174013
1832 0.16529
1833 0.167155
1834 0.174628
1835 0.172328
1836 0.158404
1837 0.179219
1838 0.170812
1839 0.175388
1840 0.182847
1841 0.172408
1842 0.173204
1843 0.178275
1844 0.175785
1845 0.178839
1846 0.17462
1847 0.179341
1848 0.18294
1849 0.172758
1850 0.16623
1851 0.17369
1852 0.183019
1853 0.167943
1854 0.163243
1855 0.177722
1856 0.169287
1857 0.181145
1858 0.178723
1859 0.170258
1860 0.170924
1861 0.175286
1862 0.170336
1863 0.168622
1864 0.178217
1865 0.174717
1866 0.16969
1867 0.177634
1868 0.179393
1869 0.187114
1870 0.177885
1871 0.180483
1872 0.18615
1873 0.177417
1874 0.17058
1875 0.180322
1876 0.188162
1877 0.172193
1878 0.176702
1879 0.18543
1880 0.175791
1881 0.172442
1882 0.185805
1883 0.181571
1884 0.172792
1885 0.177731
1886 0.170546
1887 0.177515
1888 0.184128
1889 0.165673
1890 0.16286
1891 0.178364
1892 0.177137
1893 0.178041
1894 0.178317
1895 0.174042
1896 0.183801
1897 0.172659
1898 0.173089
1899 0.178568
1900 0.166927
1901 0.165942
1902 0.172578
1903 0.174268
1904 0.170899
1905 0.172117
1906 0.170515
1907 0.179271
1908 0.165974
1909 0.168315
1910 0.165352
1911 0.178348
1912 0.171026
1913 0.169787
1914 0.169397
1915 0.172755
1916 0.183627
1917 0.177258
1918 0.167352
1919 0.170706
1920 0.18089
1921 0.168713
1922 0.168172
1923 0.174346
1924 0.17544
1925 0.172615
1926 0.180656
1927 0.177067
1928 0.175791
1929 0.179917
1930 0.172356
1931 0.179063
1932 0.173487
1933 0.165054
1934 0.175393
1935 0.169156
1936 0.175366
1937 0.172749
1938 0.182288
1939 0.175551
1940 0.177452
1941 0.184097
1942 0.172137
1943 0.180577
1944 0.169643
1945 0.163144
1946 0.17823
1947 0.177484
1948 0.172819
1949 0.172651
1950 0.166606
1951 0.169598
1952 0.18607
1953 0.170441
1954 0.172875
1955 0.174289
1956 0.167274
1957 0.177519
1958 0.169849
1959 0.180553
1960 0.175115
1961 0.170879
1962 0.171309
1963 0.179013
1964 0.179565
1965 0.180536
1966 0.171355
1967 0.174155
1968 0.182123
1969 0.174009
1970 0.176795
1971 0.170676
1972 0.173428
1973 0.17398
1974 0.169056
1975 0.175591
1976 0.17926
1977 0.177782
1978 0.18078
1979 0.170448
1980 0.175684
1981 0.186297
1982 0.179899
1983 0.177172
1984 0.185541
1985 0.175966
1986 0.181667
1987 0.1733
1988 0.174973
1989 0.174403
1990 0.17937
1991 0.175222
1992 0.171868
1993 0.176834
1994 0.167819
1995 0.162241
1996 0.17434
1997 0.180952
1998 0.157609
1999 0.177895
2000 0.175788
2001 0.167571
2002 0.171642
2003 0.166411
2004 0.179474
2005 0.182535
2006 0.179803
2007 0.172955
2008 0.184374
2009 0.178992
2010 0.178267
2011 0.17678
2012 0.177322
2013 0.172318
2014 0.167686
2015 0.176935
2016 0.177592
2017 0.180414
2018 0.177782
2019 0.174225
2020 0.184807
2021 0.171921
2022 0.178014
2023 0.177112
2024 0.170603
2025 0.180117
2026 0.176437
2027 0.167131
2028 0.170954
2029 0.18123
2030 0.169159
2031 0.174514
2032 0.183257
2033 0.168821
2034 0.176263
2035 0.180791
2036 0.173978
2037 0.181251
2038 0.173957
2039 0.171734
2040 0.184042
2041 0.180518
2042 0.183684
2043 0.17919
2044 0.175424
2045 0.180583
2046 0.18656
2047 0.182557
2048 0.174513
2049 0.169459
2050 0.180369
2051 0.173913
2052 0.162781
2053 0.162928
2054 0.171309
2055 0.173023
2056 0.175612
2057 0.179962
2058 0.176819
2059 0.173464
2060 0.186608
2061 0.187831
2062 0.179948
2063 0.176827
2064 0.184485
2065 0.189324
2066 0.180573
2067 0.174955
2068 0.17575
2069 0.183318
2070 0.183133
2071 0.171411
2072 0.166468
2073 0.180452
2074 0.176949
2075 0.177405
2076 0.180565
2077 0.171729
2078 0.174035
2079 0.179222
2080 0.179143
2081 0.178016
2082 0.174684
2083 0.179208
2084 0.186666
2085 0.178186
2086 0.175719
2087 0.186231
2088 0.177225
2089 0.17053
2090 0.175997
2091 0.167475
2092 0.165237
2093 0.164644
2094 0.170307
2095 0.173682
2096 0.165237
2097 0.178165
2098 0.185769
2099 0
