0 0.412101
1 0.45801
2 0.205423
3 0.0203711
4 -0.0785621
5 -0.12802
6 -0.155077
7 -0.16821
8 -0.183299
9 -0.189171
10 -0.184304
11 -0.175959
12 -0.192575
13 -0.194841
14 -0.183091
15 -0.192759
16 -0.18148
17 -0.199176
18 -0.18861
19 -0.196962
20 -0.194883
21 -0.181538
22 -0.184235
23 -0.196262
24 -0.188135
25 -0.18788
26 -0.176535
27 -0.180047
28 -0.183325
29 -0.180969
30 -0.184987
31 -0.160662
32 -0.164238
33 -0.158823
34 -0.152895
35 -0.140846
36 -0.10956
37 -0.0921469
38 -0.0795551
39 -0.0716461
40 -0.0274179
41 0.00679623
42 0.0159558
43 0.053993
44 0.067735
45 0.0959316
46 0.114877
47 0.128812
48 0.132024
49 0.138201
50 0.166291
51 0.15427
52 0.156289
53 0.169495
54 0.157502
55 0.17107
56 0.172622
57 0.166806
58 0.170867
59 0.163728
60 0.162947
61 0.165745
62 0.178567
63 0.160155
64 0.166498
65 0.169435
66 0.163843
67 0.166519
68 0.170551
69 0.180688
70 0.168738
71 0.164277
72 0.179295
73 0.179197
74 0.16973
75 0.166371
76 0.169163
77 0.172858
78 0.174169
79 0.162127
80 0.169247
81 0.175891
82 0.169875
83 0.177869
84 0.169907
85 0.17742
86 0.17212
87 0.173122
88 0.172871
89 0.166307
90 0.173308
91 0.168683
92 0.171851
93 0.165511
94 0.164702
95 0.173689
96 0.166102
97 0.16264
98 0.163769
99 0.174074
100 0.162454
101 0.158107
102 0.165722
103 0.179262
104 0.160917
105 0.156279
106 0.176563
107 0.171187
108 0.160927
109 0.166724
110 0.170968
111 0.167905
112 0.159517
113 0.164953
114 0.164271
115 0.173816
116 0.17613
117 0.174093
118 0.170756
119 0.168375
120 0.184833
121 0.173276
122 0.181159
123 0.175411
124 0.17029
125 0.175877
126 0.179439
127 0.174221
128 0.178835
129 0.17662
130 0.173969
131 0.176717
132 0.175983
133 0.173541
134 0.177489
135 0.171975
136 0.167485
137 0.182613
138 0.186256
139 0.169473
140 0.17322
141 0.185056
142 0.17939
143 0.169559
144 0.176172
145 0.172109
146 0.166513
147 0.181025
148 0.174572
149 0.171834
150 0.164989
151 0.172754
152 0.174354
153 0.179286
154 0.16854
155 0.173354
156 0.175459
157 0.171814
158 0.177801
159 0.182543
160 0.174449
161 0.166258
162 0.173898
163 0.172584
164 0.17636
165 0.17819
166 0.180303
167 0.173996
168 0.171762
169 0.172983
170 0.18272
171 0.185651
172 0.168552
173 0.173782
174 0.17794
175 0.16988
176 0.183893
177 0.167244
178 0.178385
179 0.180358
180 0.180064
181 0.173836
182 0.171261
183 0.187307
184 0.170069
185 0.17663
186 0.170522
187 0.177548
188 0.183007
189 0.172827
190 0.170538
191 0.187373
192 0.179418
193 0.181921
194 0.183088
195 0.174889
196 0.18489
197 0.174044
198 0.173707
199 0.171619
200 0.167663
201 0.177292
202 0.177737
203 0.169797
204 0.170584
205 0.177579
206 0.169864
207 0.16668
208 0.169888
209 0.184689
210 0.18385
211 0.159703
212 0.178902
213 0.179999
214 0.172553
215 0.173638
216 0.187155
217 0.168334
218 0.174455
219 0.187455
220 0.167849
221 0.182785
222 0.182448
223 0.164413
224 0.184107
225 0.180132
226 0.172545
227 0.181022
228 0.174348
229 0.164304
230 0.181984
231 0.184415
232 0.164807
233 0.174294
234 0.178086
235 0.180347
236 0.176701
237 0.187753
238 0.171633
239 0.179109
240 0.190494
241 0.172061
242 0.176194
243 0.173535
244 0.172502
245 0.17373
246 0.164968
247 0.182792
248 0.177924
249 0.161184
250 0.178818
251 0.174462
252 0.183509
253 0.173654
254 0.175203
255 0.173219
256 0.172698
257 0.178073
258 0.176825
259 0.170893
260 0.177323
261 0.179863
262 0.174108
263 0.16911
264 0.176871
265 0.182424
266 0.166596
267 0.180166
268 0.188246
269 0.163758
270 0.178377
271 0.181745
272 0.169996
273 0.172666
274 0.181288
275 0.183066
276 0.184064
277 0.174627
278 0.165255
279 0.190264
280 0.173939
281 0.179854
282 0.187711
283 0.165603
284 0.183105
285 0.171351
286 0.180934
287 0.177497
288 0.180801
289 0.17829
290 0.172127
291 0.185248
292 0.185194
293 0.184419
294 0.173113
295 0.184543
296 0.179491
297 0.180773
298 0.176741
299 0.176802
300 0.186555
301 0.176975
302 0.176001
303 0.179038
304 0.177757
305 0.168246
306 0.177597
307 0.182577
308 0.173101
309 0.175188
310 0.184928
311 0.186629
312 0.171352
313 0.167807
314 0.174308
315 0.174373
316 0.178231
317 0.173279
318 0.181626
319 0.167784
320 0.178608
321 0.180654
322 0.171921
323 0.186227
324 0.173215
325 0.176642
326 0.180276
327 0.179134
328 0.178461
329 0.178961
330 0.172028
331 0.180705
332 0.178622
333 0.175522
334 0.170329
335 0.175899
336 0.167649
337 0.174516
338 0.180185
339 0.167442
340 0.166783
341 0.171168
342 0.175514
343 0.175609
344 0.173687
345 0.164671
346 0.166789
347 0.170414
348 0.181889
349 0.16744
350 0.172643
351 0.166696
352 0.173894
353 0.184701
354 0.165791
355 0.180257
356 0.167906
357 0.171488
358 0.180694
359 0.186908
360 0.172706
361 0.17586
362 0.184923
363 0.170127
364 0.173591
365 0.183625
366 0.168877
367 0.17239
368 0.167352
369 0.177749
370 0.182131
371 0.164905
372 0.172203
373 0.168056
374 0.166287
375 0.16997
376 0.174519
377 0.16778
378 0.168735
379 0.176393
380 0.180913
381 0.175672
382 0.178622
383 0.174867
384 0.167737
385 0.176702
386 0.179543
387 0.167638
388 0.169169
389 0.168887
390 0.178538
391 0.173889
392 0.165931
393 0.167186
394 0.176725
395 0.176731
396 0.167383
397 0.163548
398 0.173906
399 0.173678
400 0.173618
401 0.166622
402 0.177853
403 0.181595
404 0.168383
405 0.175347
406 0.182725
407 0.167862
408 0.182519
409 0.183133
410 0.182699
411 0.173798
412 0.177141
413 0.187764
414 0.181827
415 0.181279
416 0.184414
417 0.174305
418 0.187433
419 0.183097
420 0.189359
421 0.175503
422 0.168968
423 0.186401
424 0.169914
425 0.168019
426 0.176975
427 0.164545
428 0.176687
429 0.168885
430 0.181262
431 0.170564
432 0.165869
433 0.171694
434 0.18392
435 0.18377
436 0.167496
437 0.184957
438 0.187348
439 0.168384
440 0.174734
441 0.185097
442 0.183048
443 0.179515
444 0.181599
445 0.184449
446 0.17974
447 0.175107
448 0.178088
449 0.184307
450 0.170659
451 0.173361
452 0.178626
453 0.182328
454 0.165694
455 0.167406
456 0.169989
457 0.17162
458 0.168116
459 0.172621
460 0.17952
461 0.176258
462 0.160428
463 0.179996
464 0.188417
465 0.173095
466 0.182483
467 0.187427
468 0.176758
469 0.180476
470 0.186993
471 0.176084
472 0.182674
473 0.173787
474 0.184345
475 0.181547
476 0.185947
477 0.183708
478 0.179084
479 0.192565
480 0.171656
481 0.184611
482 0.191913
483 0.185144
484 0.181006
485 0.173053
486 0.188319
487 0.188601
488 0.184334
489 0.174151
490 0.171798
491 0.189536
492 0.18373
493 0.165527
494 0.181195
495 0.171005
496 0.176941
497 0.177957
498 0.167321
499 0.170988
500 0.169081
501 0.174298
502 0.174681
503 0.173239
504 0.162947
505 0.180677
506 0.184587
507 0.179039
508 0.166329
509 0.178337
510 0.174637
511 0.170264
512 0.18277
513 0.168533
514 0.179452
515 0.175695
516 0.181611
517 0.18098
518 0.175777
519 0.181145
520 0.188969
521 0.175866
522 0.175773
523 0.177782
524 0.187908
525 0.173364
526 0.173879
527 0.187375
528 0.176104
529 0.175536
530 0.177491
531 0.181054
532 0.187667
533 0.186756
534 0.1828
535 0.180745
536 0.177365
537 0.187786
538 0.186541
539 0.174931
540 0.185732
541 0.181318
542 0.178908
543 0.17404
544 0.186129
545 0.189345
546 0.166508
547 0.167586
548 0.180948
549 0.179455
550 0.17789
551 0.169978
552 0.168813
553 0.175268
554 0.173883
555 0.183006
556 0.174952
557 0.166013
558 0.179868
559 0.185146
560 0.180247
561 0.1746
562 0.168592
563 0.18003
564 0.179697
565 0.178422
566 0.170796
567 0.1781
568 0.173339
569 0.169076
570 0.182498
571 0.181939
572 0.167306
573 0.17056
574 0.175115
575 0.165922
576 0.174451
577 0.180724
578 0.178476
579 0.16172
580 0.17036
581 0.178524
582 0.167298
583 0.172971
584 0.175274
585 0.180318
586 0.182851
587 0.180664
588 0.185229
589 0.175333
590 0.185367
591 0.178811
592 0.187285
593 0.172915
594 0.186667
595 0.178372
596 0.16803
597 0.184536
598 0.17687
599 0.180415
600 0.180313
601 0.171828
602 0.176472
603 0.187104
604 0.174657
605 0.180924
606 0.175741
607 0.175821
608 0.16693
609 0.182928
610 0.174848
611 0.161779
612 0.180026
613 0.166239
614 0.165525
615 0.173852
616 0.173251
617 0.161977
618 0.162599
619 0.174132
620 0.164717
621 0.163423
622 0.16128
623 0.168043
624 0.16715
625 0.170107
626 0.166426
627 0.178714
628 0.170773
629 0.165464
630 0.171269
631 0.186939
632 0.177423
633 0.168491
634 0.178722
635 0.17708
636 0.170171
637 0.169561
638 0.185688
639 0.170291
640 0.171399
641 0.172949
642 0.170627
643 0.182957
644 0.183128
645 0.172797
646 0.17865
647 0.180132
648 0.184913
649 0.174445
650 0.174938
651 0.173522
652 0.182205
653 0.177565
654 0.179609
655 0.177672
656 0.167386
657 0.176378
658 0.182814
659 0.17441
660 0.176502
661 0.168252
662 0.171974
663 0.171161
664 0.168557
665 0.169216
666 0.177361
667 0.16419
668 0.171264
669 0.178733
670 0.171786
671 0.165283
672 0.169461
673 0.168198
674 0.179674
675 0.171519
676 0.164338
677 0.178654
678 0.181137
679 0.160759
680 0.174264
681 0.182155
682 0.175646
683 0.182615
684 0.170678
685 0.169136
686 0.175546
687 0.182567
688 0.17075
689 0.16965
690 0.170217
691 0.165975
692 0.164399
693 0.174531
694 0.169506
695 0.160805
696 0.165574
697 0.170076
698 0.176608
699 0.168647
700 0.167717
701 0.171955
702 0.17695
703 0.179254
704 0.175732
705 0.173812
706 0.179534
707 0.188454
708 0.179863
709 0.177276
710 0.17261
711 0.173364
712 0.190145
713 0.169323
714 0.175101
715 0.169825
716 0.173532
717 0.181819
718 0.18411
719 0.172328
720 0.185235
721 0.180283
722 0.172496
723 0.176256
724 0.17393
725 0.18566
726 0.185905
727 0.168307
728 0.171552
729 0.18777
730 0.181468
731 0.168503
732 0.178192
733 0.16859
734 0.179176
735 0.172679
736 0.180068
737 0.177164
738 0.169908
739 0.17767
740 0.183345
741 0.177148
742 0.167972
743 0.183057
744 0.168362
745 0.168747
746 0.181639
747 0.166552
748 0.160046
749 0.168181
750 0.178637
751 0.162896
752 0.163112
753 0.178427
754 0.160378
755 0.171809
756 0.174156
757 0.159954
758 0.165298
759 0.176231
760 0.179697
761 0.169115
762 0.178429
763 0.17865
764 0.177667
765 0.168856
766 0.17192
767 0.176924
768 0.16648
769 0.174335
770 0.182249
771 0.174063
772 0.171691
773 0.170943
774 0.168755
775 0.167468
776 0.181205
777 0.168278
778 0.161111
779 0.162881
780 0.166718
781 0.174838
782 0.174753
783 0.157958
784 0.175993
785 0.173097
786 0.166359
787 0.171391
788 0.172564
789 0.176391
790 0.167803
791 0.167348
792 0.179602
793 0.17606
794 0.17774
795 0.171006
796 0.178905
797 0.171981
798 0.173681
799 0.172542
800 0.167684
801 0.166419
802 0.176648
803 0.169855
804 0.160251
805 0.164974
806 0.172629
807 0.163059
808 0.174089
809 0.16558
810 0.166139
811 0.169219
812 0.171196
813 0.179795
814 0.165383
815 0.165888
816 0.177274
817 0.171953
818 0.180052
819 0.183573
820 0.165841
821 0.172132
822 0.175536
823 0.172547
824 0.176862
825 0.166512
826 0.165337
827 0.16858
828 0.163098
829 0.178088
830 0.166492
831 0.166571
832 0.169767
833 0.16269
834 0.181263
835 0.172007
836 0.16204
837 0.166871
838 0.170732
839 0.181348
840 0.169189
841 0.165214
842 0.175522
843 0.167968
844 0.167203
845 0.18031
846 0.173583
847 0.16555
848 0.173132
849 0.173575
850 0.175308
851 0.170133
852 0.16378
853 0.165064
854 0.17922
855 0.176198
856 0.167962
857 0.176701
858 0.169114
859 0.178096
860 0.172008
861 0.174037
862 0.170734
863 0.177497
864 0.172122
865 0.163174
866 0.181087
867 0.176883
868 0.177577
869 0.173241
870 0.172746
871 0.176027
872 0.183759
873 0.17604
874 0.172538
875 0.173101
876 0.170863
877 0.17923
878 0.176413
879 0.16575
880 0.176853
881 0.179795
882 0.174204
883 0.174581
884 0.170898
885 0.173841
886 0.176351
887 0.171662
888 0.169103
889 0.181398
890 0.173673
891 0.166346
892 0.175912
893 0.179418
894 0.173111
895 0.180271
896 0.174682
897 0.179356
898 0.169848
899 0.178756
900 0.173142
901 0.178029
902 0.165726
903 0.166805
904 0.175889
905 0.18406
906 0.178628
907 0.172092
908 0.1803
909 0.180382
910 0.190166
911 0.179315
912 0.184638
913 0.193364
914 0.168774
915 0.189922
916 0.1787
917 0.180543
918 0.181473
919 0.173306
920 0.187569
921 0.173147
922 0.177659
923 0.171334
924 0.169742
925 0.17828
926 0.169532
927 0.17451
928 0.171075
929 0.176335
930 0.166607
931 0.176127
932 0.168543
933 0.168268
934 0.178412
935 0.172497
936 0.165984
937 0.171833
938 0.165239
939 0.177277
940 0.163982
941 0.163424
942 0.176805
943 0.1694
944 0.160628
945 0.170635
946 0.167662
947 0.167006
948 0.162487
949 0.160641
950 0.172909
951 0.176
952 0.15856
953 0.159354
954 0.1818
955 0.163001
956 0.16537
957 0.168532
958 0.16209
959 0.174012
960 0.174028
961 0.167706
962 0.173783
963 0.175485
964 0.17113
965 0.172885
966 0.170116
967 0.183204
968 0.185047
969 0.178531
970 0.171758
971 0.18728
972 0.188424
973 0.17675
974 0.171426
975 0.174468
976 0.184097
977 0.182615
978 0.171661
979 0.179166
980 0.169654
981 0.177746
982 0.179452
983 0.17276
984 0.178504
985 0.174833
986 0.177839
987 0.175966
988 0.173336
989 0.170738
990 0.171298
991 0.184364
992 0.166802
993 0.170831
994 0.165187
995 0.174136
996 0.178671
997 0.176808
998 0.166266
999 0.164381
1000 0.183397
1001 0.180962
1002 0.178549
1003 0.176171
1004 0.168817
1005 0.188085
1006 0.172084
1007 0.179218
1008 0.176636
1009 0.174798
1010 0.173458
1011 0.179527
1012 0.164212
1013 0.180851
1014 0.174259
1015 0.172268
1016 0.17886
1017 0.171645
1018 0.177396
1019 0.17622
1020 0.176068
1021 0.171
1022 0.179412
1023 0.168773
1024 0.168913
1025 0.169258
1026 0.171315
1027 0.16442
1028 0.173211
1029 0.164583
1030 0.169887
1031 0.163873
1032 0.167502
1033 0.170547
1034 0.168005
1035 0.164831
1036 0.161602
1037 0.179108
1038 0.172577
1039 0.175374
1040 0.172804
1041 0.1741
1042 0.177748
1043 0.16914
1044 0.182642
1045 0.180344
1046 0.164512
1047 0.166472
1048 0.177768
1049 0.179736
1050 0.175124
1051 0.170433
1052 0.170538
1053 0.170528
1054 0.183951
1055 0.179157
1056 0.176453
1057 0.17896
1058 0.186903
1059 0.170709
1060 0.178215
1061 0.178019
1062 0.172432
1063 0.184511
1064 0.176726
1065 0.166275
1066 0.176641
1067 0.172632
1068 0.165646
1069 0.180918
1070 0.173725
1071 0.170614
1072 0.18254
1073 0.168931
1074 0.182352
1075 0.174187
1076 0.172197
1077 0.178339
1078 0.177851
1079 0.179632
1080 0.172675
1081 0.169072
1082 0.183427
1083 0.174413
1084 0.173414
1085 0.178394
1086 0.185605
1087 0.177987
1088 0.165816
1089 0.179955
1090 0.187054
1091 0.180775
1092 0.173937
1093 0.168891
1094 0.184314
1095 0.170799
1096 0.171585
1097 0.174202
1098 0.182951
1099 0.170413
1100 0.182269
1101 0.170346
1102 0.16906
1103 0.187103
1104 0.180895
1105 0.166002
1106 0.174349
1107 0.179168
1108 0.181228
1109 0.179584
1110 0.187249
1111 0.168439
1112 0.177525
1113 0.181343
1114 0.179349
1115 0.174901
1116 0.164443
1117 0.180066
1118 0.179752
1119 0.168797
1120 0.166478
1121 0.163024
1122 0.182351
1123 0.165876
1124 0.168821
1125 0.182058
1126 0.174455
1127 0.177438
1128 0.175248
1129 0.17651
1130 0.186563
1131 0.17979
1132 0.180802
1133 0.175243
1134 0.181353
1135 0.175623
1136 0.172271
1137 0.186201
1138 0.169168
1139 0.179123
1140 0.183747
1141 0.177399
1142 0.180549
1143 0.185515
1144 0.177689
1145 0.172076
1146 0.192611
1147 0.178887
1148 0.184885
1149 0.170081
1150 0.177611
1151 0.189366
1152 0.179094
1153 0.184546
1154 0.17831
1155 0.17344
1156 0.189369
1157 0.179517
1158 0.173197
1159 0.17661
1160 0.184621
1161 0.177107
1162 0.173212
1163 0.177168
1164 0.185235
1165 0.177926
1166 0.165652
1167 0.181235
1168 0.171292
1169 0.177459
1170 0.169654
1171 0.172598
1172 0.172673
1173 0.179076
1174 0.1709
1175 0.176937
1176 0.181925
1177 0.178364
1178 0.169109
1179 0.176108
1180 0.172391
1181 0.178803
1182 0.171743
1183 0.164973
1184 0.171806
1185 0.174528
1186 0.172256
1187 0.16794
1188 0.16526
1189 0.183037
1190 0.171815
1191 0.169874
1192 0.187041
1193 0.170614
1194 0.161712
1195 0.179681
1196 0.174747
1197 0.176303
1198 0.183951
1199 0.17256
1200 0.176936
1201 0.18611
1202 0.179932
1203 0.170885
1204 0.181576
1205 0.176699
1206 0.1721
1207 0.165083
1208 0.179112
1209 0.179045
1210 0.161292
1211 0.165311
1212 0.173237
1213 0.164817
1214 0.178502
1215 0.16196
1216 0.166324
1217 0.161376
1218 0.175132
1219 0.172072
1220 0.17243
1221 0.168475
1222 0.180361
1223 0.178414
1224 0.172115
1225 0.171804
1226 0.170008
1227 0.177619
1228 0.176372
1229 0.169634
1230 0.174857
1231 0.165146
1232 0.169419
1233 0.179105
1234 0.161949
1235 0.179536
1236 0.183234
1237 0.179386
1238 0.182341
1239 0.179458
1240 0.189568
1241 0.177983
1242 0.177291
1243 0.18988
1244 0.169131
1245 0.17339
1246 0.168295
1247 0.183268
1248 0.182151
1249 0.158045
1250 0.163051
1251 0.168364
1252 0.172885
1253 0.178915
1254 0.164462
1255 0.175255
1256 0.173028
1257 0.179911
1258 0.181308
1259 0.167338
1260 0.166662
1261 0.175918
1262 0.176267
1263 0.161366
1264 0.179652
1265 0.173225
1266 0.174119
1267 0.175409
1268 0.17808
1269 0.169709
1270 0.170304
1271 0.174726
1272 0.177047
1273 0.176424
1274 0.184513
1275 0.165349
1276 0.173996
1277 0.186697
1278 0.184017
1279 0.181229
1280 0.184989
1281 0.177842
1282 0.178843
1283 0.171789
1284 0.187718
1285 0.16831
1286 0.178382
1287 0.175597
1288 0.183124
1289 0.174342
1290 0.174695
1291 0.182325
1292 0.172053
1293 0.180562
1294 0.171449
1295 0.171955
1296 0.176649
1297 0.184491
1298 0.172513
1299 0.17532
1300 0.177046
1301 0.167788
1302 0.185724
1303 0.172686
1304 0.171453
1305 0.182965
1306 0.176981
1307 0.170952
1308 0.176569
1309 0.169191
1310 0.165325
1311 0.165171
1312 0.176648
1313 0.165571
1314 0.158663
1315 0.173224
1316 0.172463
1317 0.168788
1318 0.164313
1319 0.183734
1320 0.16529
1321 0.161811
1322 0.16894
1323 0.171317
1324 0.171983
1325 0.167052
1326 0.160531
1327 0.172904
1328 0.167158
1329 0.171835
1330 0.169382
1331 0.175027
1332 0.168567
1333 0.161668
1334 0.17569
1335 0.176651
1336 0.181674
1337 0.165752
1338 0.162301
1339 0.172257
1340 0.178268
1341 0.168452
1342 0.174669
1343 0.179434
1344 0.167574
1345 0.165586
1346 0.186786
1347 0.180847
1348 0.163268
1349 0.181641
1350 0.169619
1351 0.176858
1352 0.176347
1353 0.169969
1354 0.175574
1355 0.17578
1356 0.175223
1357 0.182549
1358 0.169811
1359 0.181503
1360 0.175979
1361 0.167736
1362 0.1747
1363 0.168919
1364 0.178262
1365 0.164857
1366 0.175837
1367 0.166119
1368 0.167331
1369 0.1801
1370 0.17164
1371 0.171453
1372 0.181631
1373 0.176459
1374 0.175408
1375 0.178794
1376 0.179967
1377 0.170594
1378 0.179135
1379 0.176586
1380 0.164652
1381 0.176758
1382 0.183486
1383 0.180068
1384 0.171443
1385 0.186297
1386 0.177078
1387 0.170541
1388 0.189541
1389 0.175234
1390 0.185196
1391 0.186064
1392 0.178951
1393 0.182698
1394 0.171604
1395 0.185668
1396 0.189649
1397 0.177282
1398 0.181105
1399 0.177519
1400 0.174889
1401 0.179648
1402 0.179906
1403 0.164986
1404 0.181888
1405 0.188266
1406 0.169762
1407 0.173131
1408 0.186558
1409 0.177748
1410 0.174662
1411 0.174446
1412 0.184657
1413 0.172343
1414 0.181328
1415 0.173452
1416 0.173393
1417 0.177084
1418 0.177369
1419 0.165398
1420 0.17288
1421 0.181956
1422 0.165652
1423 0.167572
1424 0.181709
1425 0.16727
1426 0.172008
1427 0.169106
1428 0.173885
1429 0.177988
1430 0.168125
1431 0.164495
1432 0.167805
1433 0.185823
1434 0.165591
1435 0.178507
1436 0.1797
1437 0.160309
1438 0.171927
1439 0.175677
1440 0.17526
1441 0.171391
1442 0.164136
1443 0.171043
1444 0.183373
1445 0.166816
1446 0.165567
1447 0.18279
1448 0.182605
1449 0.181144
1450 0.175331
1451 0.190961
1452 0.17484
1453 0.187424
1454 0.182578
1455 0.176582
1456 0.179752
1457 0.171513
1458 0.186544
1459 0.17039
1460 0.166575
1461 0.185973
1462 0.177032
1463 0.177195
1464 0.173897
1465 0.181312
1466 0.183624
1467 0.178871
1468 0.186458
1469 0.176193
1470 0.179653
1471 0.186743
1472 0.173264
1473 0.173467
1474 0.189007
1475 0.177069
1476 0.166978
1477 0.184176
1478 0.181879
1479 0.182474
1480 0.185114
1481 0.183853
1482 0.181732
1483 0.184079
1484 0.188107
1485 0.183856
1486 0.187448
1487 0.180973
1488 0.169669
1489 0.185542
1490 0.1908
1491 0.168917
1492 0.168016
1493 0.171885
1494 0.18781
1495 0.170626
1496 0.175062
1497 0.170754
1498 0.174585
1499 0.168866
1500 0.177825
1501 0.172282
1502 0.172065
1503 0.16929
1504 0.173893
1505 0.178609
1506 0.17148
1507 0.169921
1508 0.168526
1509 0.173787
1510 0.177391
1511 0.16683
1512 0.168596
1513 0.178922
1514 0.179986
1515 0.180358
1516 0.174575
1517 0.175105
1518 0.18598
1519 0.176032
1520 0.17574
1521 0.176424
1522 0.170612
1523 0.166864
1524 0.171802
1525 0.173017
1526 0.159522
1527 0.165296
1528 0.170304
1529 0.166322
1530 0.16685
1531 0.177158
1532 0.167648
1533 0.178375
1534 0.177406
1535 0.175085
1536 0.179455
1537 0.17221
1538 0.17293
1539 0.170358
1540 0.179988
1541 0.179411
1542 0.17172
1543 0.167434
1544 0.170454
1545 0.169387
1546 0.174821
1547 0.166205
1548 0.175152
1549 0.169439
1550 0.180834
1551 0.166499
1552 0.166839
1553 0.171027
1554 0.179503
1555 0.185472
1556 0.167205
1557 0.182109
1558 0.180062
1559 0.176668
1560 0.172061
1561 0.17505
1562 0.173165
1563 0.180041
1564 0.177582
1565 0.177379
1566 0.173769
1567 0.181288
1568 0.178318
1569 0.167144
1570 0.185082
1571 0.178912
1572 0.167706
1573 0.169734
1574 0.171288
1575 0.170858
1576 0.179057
1577 0.171329
1578 0.163764
1579 0.171608
1580 0.179741
1581 0.176855
1582 0.167481
1583 0.163422
1584 0.184738
1585 0.182683
1586 0.166173
1587 0.165918
1588 0.171445
1589 0.177702
1590 0.166936
1591 0.175208
1592 0.176934
1593 0.172672
1594 0.183466
1595 0.171395
1596 0.177633
1597 0.179882
1598 0.187267
1599 0.177249
1600 0.16817
1601 0.181798
1602 0.177382
1603 0.170254
1604 0.178997
1605 0.174865
1606 0.177676
1607 0.176079
1608 0.184606
1609 0.178713
1610 0.183126
1611 0.183242
1612 0.18628
1613 0.173437
1614 0.182515
1615 0.189242
1616 0.186707
1617 0.171824
1618 0.188926
1619 0.186194
1620 0.170016
1621 0.169889
1622 0.172713
1623 0.169793
1624 0.174006
1625 0.176267
1626 0.179425
1627 0.167644
1628 0.18101
1629 0.172387
1630 0.18176
1631 0.183623
1632 0.173862
1633 0.177558
1634 0.189858
1635 0.170148
1636 0.171513
1637 0.187058
1638 0.175185
1639 0.183222
1640 0.176142
1641 0.183346
1642 0.175367
1643 0.175587
1644 0.173035
1645 0.186162
1646 0.167587
1647 0.175835
1648 0.171073
1649 0.168694
1650 0.165117
1651 0.178341
1652 0.164147
1653 0.171598
1654 0.172105
1655 0.164755
1656 0.165019
1657 0.168443
1658 0.162229
1659 0.165477
1660 0.161937
1661 0.161006
1662 0.160803
1663 0.167719
1664 0.162337
1665 0.162079
1666 0.168837
1667 0.169601
1668 0.163369
1669 0.172491
1670 0.16286
1671 0.179738
1672 0.170959
1673 0.174539
1674 0.16737
1675 0.180263
1676 0.18056
1677 0.165091
1678 0.181985
1679 0.177982
1680 0.173219
1681 0.171047
1682 0.184746
1683 0.171481
1684 0.181852
1685 0.177071
1686 0.172868
1687 0.175782
1688 0.169116
1689 0.175438
1690 0.180223
1691 0.169566
1692 0.17866
1693 0.171691
1694 0.172685
1695 0.181448
1696 0.179446
1697 0.180681
1698 0.170198
1699 0.177521
1700 0.185398
1701 0.170815
1702 0.17031
1703 0.175892
1704 0.172339
1705 0.182391
1706 0.170036
1707 0.179592
1708 0.168807
1709 0.176694
1710 0.177261
1711 0.181187
1712 0.167521
1713 0.16794
1714 0.185346
1715 0.166674
1716 0.176736
1717 0.185727
1718 0.17308
1719 0.168453
1720 0.168547
1721 0.18437
1722 0.17517
1723 0.172116
1724 0.175884
1725 0.184048
1726 0.170754
1727 0.171906
1728 0.178342
1729 0.184195
1730 0.165839
1731 0.168157
1732 0.185293
1733 0.181593
1734 0.175214
1735 0.164037
1736 0.176221
1737 0.175058
1738 0.174173
1739 0.169159
1740 0.177126
1741 0.174637
1742 0.175309
1743 0.169238
1744 0.184276
1745 0.167969
1746 0.167112
1747 0.185613
1748 0.173231
1749 0.169112
1750 0.172346
1751 0.182616
1752 0.168445
1753 0.181459
1754 0.16978
1755 0.176205
1756 0.180893
1757 0.177136
1758 0.181566
1759 0.171856
1760 0.18169
1761 0.175626
1762 0.170687
1763 0.165004
1764 0.180101
1765 0.177115
1766 0.175831
1767 0.171808
1768 0.17121
1769 0.167694
1770 0.185453
1771 0.184322
1772 0.16251
1773 0.176762
1774 0.181027
1775 0.179262
1776 0.185319
1777 0.170748
1778 0.186175
1779 0.191708
1780 0.175859
1781 0.188106
1782 0.18238
1783 0.177748
1784 0.18711
1785 0.17507
1786 0.177329
1787 0.172083
1788 0.175933
1789 0.186042
1790 0.174393
1791 0.162482
1792 0.181828
1793 0.170206
1794 0.171355
1795 0.175812
1796 0.176496
1797 0.16839
1798 0.165265
1799 0.173331
1800 0.179383
1801 0.172899
1802 0.162761
1803 0.172361
1804 0.180542
1805 0.166883
1806 0.176441
1807 0.173934
1808 0.160747
1809 0.180012
1810 0.174112
1811 0.17355
1812 0.180604
1813 0.167015
1814 0.174732
1815 0.179706
1816 0.177465
1817 0.181027
1818 0.167738
1819 0.179649
1820 0.181331
1821 0.179569
1822 0.168322
1823 0.172359
1824 0.185135
1825 0.171738
1826 0.181139
1827 0.177957
1828 0.176334
1829 0.168026
1830 0.176735
1831 0.174912
1832 0.167066
1833 0.167027
1834 0.174309
1835 0.172
1836 0.157594
1837 0.179655
1838 0.171123
1839 0.175459
1840 0.181812
1841 0.167442
1842 0.172849
1843 0.178298
1844 0.173991
1845 0.17877
1846 0.172846
1847 0.179919
1848 0.184364
1849 0.171341
1850 0.167427
1851 0.178739
1852 0.190475
1853 0.1732
1854 0.168999
1855 0.180387
1856 0.169054
1857 0.181808
1858 0.179246
1859 0.169933
1860 0.167766
1861 0.176453
1862 0.169368
1863 0.168872
1864 0.17751
1865 0.175866
1866 0.166524
1867 0.174926
1868 0.17732
1869 0.180363
1870 0.177278
1871 0.17805
1872 0.185589
1873 0.177486
1874 0.167716
1875 0.183881
1876 0.190473
1877 0.17282
1878 0.177218
1879 0.18344
1880 0.173734
1881 0.173169
1882 0.185241
1883 0.181245
1884 0.169427
1885 0.175002
1886 0.171783
1887 0.178798
1888 0.188095
1889 0.164457
1890 0.163352
1891 0.179536
1892 0.175753
1893 0.179482
1894 0.175165
1895 0.171683
1896 0.180059
1897 0.171551
1898 0.174781
1899 0.180084
1900 0.167361
1901 0.167493
1902 0.174458
1903 0.177704
1904 0.172094
1905 0.169799
1906 0.167815
1907 0.17489
1908 0.166687
1909 0.168197
1910 0.164434
1911 0.176908
1912 0.167516
1913 0.167539
1914 0.166231
1915 0.171396
1916 0.179628
1917 0.17305
1918 0.163262
1919 0.171299
1920 0.180841
1921 0.168621
1922 0.167841
1923 0.175122
1924 0.177413
1925 0.170273
1926 0.180672
1927 0.173305
1928 0.175652
1929 0.177773
1930 0.171269
1931 0.181346
1932 0.173228
1933 0.166441
1934 0.176484
1935 0.169665
1936 0.177873
1937 0.175567
1938 0.181156
1939 0.175099
1940 0.174482
1941 0.184103
1942 0.173038
1943 0.179566
1944 0.171494
1945 0.165252
1946 0.182652
1947 0.179229
1948 0.173486
1949 0.170102
1950 0.165493
1951 0.168038
1952 0.185042
1953 0.167439
1954 0.17025
1955 0.172321
1956 0.164498
1957 0.176692
1958 0.167269
1959 0.180737
1960 0.172969
1961 0.171242
1962 0.171385
1963 0.177585
1964 0.181203
1965 0.179606
1966 0.170747
1967 0.17399
1968 0.180823
1969 0.177432
1970 0.178548
1971 0.170701
1972 0.17397
1973 0.173313
1974 0.169337
1975 0.175914
1976 0.178757
1977 0.174604
1978 0.176583
1979 0.165956
1980 0.176719
1981 0.186515
1982 0.181837
1983 0.175216
1984 0.18577
1985 0.176429
1986 0.186315
1987 0.176077
1988 0.174018
1989 0.173524
1990 0.179975
1991 0.174599
1992 0.172148
1993 0.174972
1994 0.166527
1995 0.1633
1996 0.177541
1997 0.186969
1998 0.161123
1999 0.17768
2000 0.17638
2001 0.163993
2002 0.173495
2003 0.166925
2004 0.179801
2005 0.18138
2006 0.172865
2007 0.16799
2008 0.18451
2009 0.177472
2010 0.174441
2011 0.176735
2012 0.177461
2013 0.172981
2014 0.168572
2015 0.176495
2016 0.177253
2017 0.179266
2018 0.179318
2019 0.173261
2020 0.185387
2021 0.170417
2022 0.181005
2023 0.178451
2024 0.169101
2025 0.182703
2026 0.17622
2027 0.167667
2028 0.170686
2029 0.181545
2030 0.170078
2031 0.177067
2032 0.184516
2033 0.16868
2034 0.175621
2035 0.182246
2036 0.176179
2037 0.180838
2038 0.174319
2039 0.171043
2040 0.184759
2041 0.183082
2042 0.183407
2043 0.179453
2044 0.174797
2045 0.182099
2046 0.189441
2047 0.185356
2048 0.176387
2049 0.169228
2050 0.182967
2051 0.175466
2052 0.165561
2053 0.166009
2054 0.174324
2055 0.171163
2056 0.175665
2057 0.176656
2058 0.177554
2059 0.173413
2060 0.184665
2061 0.189282
2062 0.176211
2063 0.178616
2064 0.187487
2065 0.190172
2066 0.184159
2067 0.174973
2068 0.175479
2069 0.185616
2070 0.183803
2071 0.16968
2072 0.165897
2073 0.179107
2074 0.175738
2075 0.174787
2076 0.17965
2077 0.169449
2078 0.171488
2079 0.177764
2080 0.177746
2081 0.180093
2082 0.17464
2083 0.177846
2084 0.185636
2085 0.172369
2086 0.176792
2087 0.184491
2088 0.176397
2089 0.1697
2090 0.174283
2091 0.170643
2092 0.167747
2093 0.166397
2094 0.167716
2095 0.170281
2096 0.161782
2097 0.175399
2098 0.181285
2099 0
