0 -365.026
1 122.022
2 54.6289
3 16.3082
4 4.90725
5 0.440245
6 0.116751
7 0.293645
8 0.286936
9 0.325733
10 0.436059
11 0.420262
12 0.468346
13 0.518881
14 0.505834
15 0.540135
16 0.3696
17 0.401024
18 0.463465
19 0.460281
20 0.360927
21 0.433245
22 0.300822
23 0.302479
24 0.319094
25 0.27243
26 0.461672
27 0.440801
28 0.38545
29 0.336518
30 0.499707
31 0.287281
32 0.469897
33 0.288395
34 0.499359
35 0.359437
36 0.40364
37 0.29761
38 0.44309
39 0.344103
40 0.34425
41 0.309452
42 0.285243
43 0.379917
44 0.334645
45 0.301471
46 0.474982
47 0.499097
48 0.398171
49 0.454709
50 0.343932
51 0.409465
52 0.36106
53 0.459291
54 0.425617
55 0.489791
56 0.486373
57 0.548273
58 0.579594
59 0.593435
60 0.596972
61 0.428939
62 0.316365
63 0.411906
64 0.304003
65 0.41695
66 0.325505
67 0.359988
68 0.405988
69 0.245838
70 0.373817
71 0.460812
72 0.517331
73 0.567834
74 0.398434
75 0.504705
76 0.441659
77 0.430958
78 0.381438
79 0.412321
80 0.380949
81 0.368158
82 0.295388
83 0.379581
84 0.241868
85 0.440166
86 0.316836
87 0.256426
88 0.366052
89 0.500697
90 0.559274
91 0.35297
92 0.468219
93 0.533286
94 0.569005
95 0.369826
96 0.253215
97 0.423737
98 0.332788
99 0.29001
100 0.320345
101 0.325723
102 0.46309
103 0.532853
104 0.295998
105 0.510112
106 0.494856
107 0.460536
108 0.505992
109 0.583004
110 0.599114
111 0.57304
112 0.409574
113 0.379381
114 0.357367
115 0.364988
116 0.245263
117 0.242293
118 0.336025
119 0.412155
120 0.403017
121 0.434596
122 0.298355
123 0.261749
124 0.396793
125 0.420544
126 0.298662
127 0.217634
128 0.373111
129 0.353994
130 0.37225
131 0.392265
132 0.531235
133 0.527853
134 0.602308
135 0.512078
136 0.413382
137 0.302037
138 0.223369
139 0.27544
140 0.323112
141 0.479627
142 0.376272
143 0.274074
144 0.363828
145 0.466575
146 0.291191
147 0.48051
148 0.461606
149 0.54607
150 0.480849
151 0.492796
152 0.499877
153 0.577753
154 0.45049
155 0.287902
156 0.468889
157 0.277626
158 0.30065
159 0.366431
160 0.338404
161 0.240877
162 0.474299
163 0.501765
164 0.367035
165 0.351762
166 0.484333
167 0.294824
168 0.38452
169 0.345922
170 0.246111
171 0.460985
172 0.357392
173 0.344217
174 0.432441
175 0.321754
176 0.356149
177 0.25097
178 0.411918
179 0.271459
180 0.386288
181 0.508945
182 0.550394
183 0.418275
184 0.263119
185 0.238889
186 0.203556
187 0.317489
188 0.356524
189 0.256574
190 0.384413
191 0.444759
192 0.436099
193 0.264967
194 0.419674
195 0.270654
196 0.36465
197 0.297959
198 0.346098
199 0.238763
200 0.392307
201 0.362651
202 0.371451
203 0.302574
204 0.34312
205 0.336302
206 0.303416
207 0.425236
208 0.478248
209 0.332727
210 0.320597
211 0.267681
212 0.360169
213 0.326108
214 0.489711
215 0.39582
216 0.369612
217 0.419659
218 0.464626
219 0.422051
220 0.407679
221 0.329939
222 0.345071
223 0.462915
224 0.295918
225 0.457731
226 0.496147
227 0.38036
228 0.408993
229 0.328838
230 0.314849
231 0.43577
232 0.418342
233 0.443035
234 0.540134
235 0.414834
236 0.479588
237 0.286151
238 0.401249
239 0.359425
240 0.274527
241 0.427932
242 0.306437
243 0.357897
244 0.308254
245 0.356789
246 0.331914
247 0.25791
248 0.327156
249 0.393542
250 0.535091
251 0.59518
252 0.408617
253 0.302216
254 0.443514
255 0.465795
256 0.566166
257 0.494728
258 0.31318
259 0.372959
260 0.495149
261 0.528215
262 0.532324
263 0.354621
264 0.458542
265 0.519958
266 0.465784
267 0.51576
268 0.577789
269 0.625441
270 0.538117
271 0.429081
272 0.278322
273 0.297314
274 0.348689
275 0.469387
276 0.47852
277 0.554369
278 0.39155
279 0.487409
280 0.363191
281 0.342835
282 0.495452
283 0.326764
284 0.25045
285 0.202596
286 0.34026
287 0.227121
288 0.464101
289 0.328879
290 0.468641
291 0.392852
292 0.519013
293 0.464993
294 0.521547
295 0.429931
296 0.429278
297 0.314836
298 0.289202
299 0.245952
300 0.445413
301 0.52781
302 0.468549
303 0.334546
304 0.288018
305 0.433734
306 0.317603
307 0.459641
308 0.530211
309 0.382232
310 0.491451
311 0.523915
312 0.465579
313 0.3677
314 0.371329
315 0.35898
316 0.375353
317 0.411823
318 0.431166
319 0.486792
320 0.518854
321 0.580141
322 0.555696
323 0.61986
324 0.557788
325 0.354271
326 0.478469
327 0.499192
328 0.482379
329 0.590223
330 0.596591
331 0.519771
332 0.546245
333 0.608561
334 0.484967
335 0.498232
336 0.327721
337 0.367925
338 0.266175
339 0.425746
340 0.288827
341 0.441001
342 0.525158
343 0.396373
344 0.504442
345 0.426378
346 0.325126
347 0.304296
348 0.209375
349 0.457541
350 0.406557
351 0.416869
352 0.387072
353 0.360347
354 0.268792
355 0.263048
356 0.407088
357 0.315014
358 0.370823
359 0.431642
360 0.2558
361 0.215129
362 0.385152
363 0.347259
364 0.52126
365 0.501047
366 0.550279
367 0.433756
368 0.47587
369 0.370748
370 0.329965
371 0.367838
372 0.276936
373 0.321613
374 0.266612
375 0.247501
376 0.226146
377 0.357852
378 0.404376
379 0.276483
380 0.409965
381 0.36444
382 0.240051
383 0.332063
384 0.23067
385 0.372771
386 0.314246
387 0.21388
388 0.377964
389 0.4611
390 0.357011
391 0.536303
392 0.54402
393 0.547013
394 0.454693
395 0.369521
396 0.314425
397 0.399486
398 0.302552
399 0.397769
400 0.310984
401 0.44099
402 0.495779
403 0.555777
404 0.583696
405 0.555773
406 0.546358
407 0.600167
408 0.429645
409 0.543276
410 0.595002
411 0.633798
412 0.6007
413 0.444885
414 0.333889
415 0.46852
416 0.484986
417 0.491559
418 0.371968
419 0.404408
420 0.430485
421 0.386033
422 0.288758
423 0.495304
424 0.395366
425 0.411512
426 0.290606
427 0.298799
428 0.270777
429 0.346945
430 0.337762
431 0.472661
432 0.503561
433 0.586673
434 0.320422
435 0.441303
436 0.312722
437 0.299772
438 0.420021
439 0.33588
440 0.529569
441 0.525076
442 0.47887
443 0.330526
444 0.226812
445 0.194353
446 0.227154
447 0.318841
448 0.464058
449 0.274871
450 0.241626
451 0.374832
452 0.315376
453 0.246753
454 0.346317
455 0.466638
456 0.343039
457 0.373264
458 0.491268
459 0.370372
460 0.41527
461 0.371593
462 0.251919
463 0.360163
464 0.472467
465 0.539926
466 0.448102
467 0.361512
468 0.495955
469 0.358292
470 0.527576
471 0.491848
472 0.339156
473 0.415869
474 0.273024
475 0.477767
476 0.330428
477 0.326659
478 0.308816
479 0.436307
480 0.417164
481 0.491116
482 0.478009
483 0.380008
484 0.34499
485 0.488974
486 0.444409
487 0.38822
488 0.422506
489 0.402274
490 0.461843
491 0.544791
492 0.59604
493 0.40846
494 0.351834
495 0.497863
496 0.503015
497 0.537141
498 0.360335
499 0.401817
500 0.267485
501 0.327743
502 0.279855
503 0.481093
504 0.332873
505 0.435436
506 0.296972
507 0.495943
508 0.334825
509 0.371026
510 0.247541
511 0.336889
512 0.259193
513 0.474398
514 0.427357
515 0.501901
516 0.546326
517 0.489594
518 0.483993
519 0.426004
520 0.386185
521 0.373913
522 0.337582
523 0.254885
524 0.43534
525 0.498728
526 0.545878
527 0.339844
528 0.358352
529 0.290888
530 0.345961
531 0.291738
532 0.227099
533 0.385898
534 0.411778
535 0.356834
536 0.439441
537 0.541143
538 0.303613
539 0.490817
540 0.285912
541 0.487711
542 0.368405
543 0.323852
544 0.464768
545 0.312456
546 0.2619
547 0.264841
548 0.314092
549 0.48502
550 0.390086
551 0.240058
552 0.309645
553 0.475975
554 0.362967
555 0.260147
556 0.335962
557 0.291599
558 0.390332
559 0.281939
560 0.452867
561 0.335459
562 0.48726
563 0.55593
564 0.455577
565 0.529003
566 0.349193
567 0.484942
568 0.452215
569 0.564072
570 0.42649
571 0.28633
572 0.420573
573 0.405665
574 0.53395
575 0.456722
576 0.562679
577 0.553927
578 0.612085
579 0.364341
580 0.335095
581 0.380362
582 0.416873
583 0.398467
584 0.499818
585 0.418578
586 0.386024
587 0.427021
588 0.462799
589 0.526466
590 0.381407
591 0.318685
592 0.372822
593 0.323769
594 0.399364
595 0.276912
596 0.352755
597 0.276799
598 0.24105
599 0.393269
600 0.379967
601 0.431116
602 0.442843
603 0.372544
604 0.349495
605 0.229892
606 0.209622
607 0.427535
608 0.285753
609 0.417307
610 0.260093
611 0.269621
612 0.349661
613 0.466524
614 0.457614
615 0.295975
616 0.248955
617 0.364463
618 0.299137
619 0.248765
620 0.233839
621 0.392297
622 0.40208
623 0.452684
624 0.310645
625 0.43438
626 0.298199
627 0.255444
628 0.379553
629 0.383483
630 0.494351
631 0.486929
632 0.348459
633 0.405021
634 0.366124
635 0.317402
636 0.261871
637 0.352373
638 0.253359
639 0.2119
640 0.217602
641 0.204894
642 0.341736
643 0.365701
644 0.329352
645 0.348397
646 0.427421
647 0.28841
648 0.313417
649 0.230468
650 0.387604
651 0.346623
652 0.47797
653 0.484082
654 0.490592
655 0.362755
656 0.540199
657 0.547925
658 0.420688
659 0.269184
660 0.318467
661 0.406441
662 0.332922
663 0.219601
664 0.321775
665 0.431998
666 0.325438
667 0.35384
668 0.457611
669 0.295541
670 0.484158
671 0.424517
672 0.284119
673 0.401289
674 0.502415
675 0.349806
676 0.403857
677 0.494974
678 0.517949
679 0.52631
680 0.356423
681 0.456435
682 0.414155
683 0.260169
684 0.390638
685 0.408854
686 0.38976
687 0.504485
688 0.568271
689 0.547792
690 0.337683
691 0.435582
692 0.451388
693 0.464467
694 0.379038
695 0.479412
696 0.466427
697 0.440016
698 0.525647
699 0.398531
700 0.472509
701 0.393748
702 0.406336
703 0.298638
704 0.290725
705 0.473792
706 0.414997
707 0.277269
708 0.348633
709 0.337014
710 0.36553
711 0.299664
712 0.408348
713 0.43402
714 0.258944
715 0.254853
716 0.200154
717 0.183081
718 0.343319
719 0.444502
720 0.376428
721 0.337957
722 0.268136
723 0.417018
724 0.372056
725 0.380675
726 0.272701
727 0.237554
728 0.408383
729 0.412955
730 0.531369
731 0.362786
732 0.416478
733 0.369593
734 0.478783
735 0.277562
736 0.450989
737 0.436928
738 0.530251
739 0.419594
740 0.312045
741 0.41909
742 0.386574
743 0.31166
744 0.285505
745 0.210174
746 0.416735
747 0.422763
748 0.515223
749 0.403245
750 0.511919
751 0.52651
752 0.553802
753 0.441085
754 0.314347
755 0.440967
756 0.502407
757 0.445885
758 0.544018
759 0.598897
760 0.583487
761 0.469814
762 0.583004
763 0.54897
764 0.516454
765 0.353351
766 0.252763
767 0.317026
768 0.424224
769 0.491985
770 0.580109
771 0.487223
772 0.365081
773 0.497292
774 0.518675
775 0.309769
776 0.272301
777 0.417772
778 0.302301
779 0.338906
780 0.482956
781 0.492098
782 0.440859
783 0.295355
784 0.457605
785 0.491622
786 0.429554
787 0.532298
788 0.396014
789 0.540686
790 0.421693
791 0.361918
792 0.367704
793 0.372877
794 0.331771
795 0.264649
796 0.276448
797 0.374274
798 0.510889
799 0.552725
800 0.309808
801 0.327142
802 0.380526
803 0.520495
804 0.42599
805 0.549399
806 0.316523
807 0.260134
808 0.406073
809 0.330471
810 0.329245
811 0.371923
812 0.433093
813 0.32538
814 0.409821
815 0.254832
816 0.189128
817 0.336782
818 0.435323
819 0.539722
820 0.364456
821 0.450822
822 0.529474
823 0.5318
824 0.361142
825 0.508998
826 0.471876
827 0.320614
828 0.415789
829 0.298338
830 0.319826
831 0.464521
832 0.363017
833 0.233604
834 0.301084
835 0.242751
836 0.204402
837 0.433684
838 0.459422
839 0.333279
840 0.425704
841 0.276177
842 0.470401
843 0.475509
844 0.513577
845 0.30545
846 0.280469
847 0.349239
848 0.378299
849 0.501338
850 0.352073
851 0.479907
852 0.357993
853 0.389766
854 0.268624
855 0.402915
856 0.441635
857 0.481594
858 0.412415
859 0.556246
860 0.31569
861 0.380369
862 0.378266
863 0.329601
864 0.513008
865 0.501517
866 0.597694
867 0.43211
868 0.344492
869 0.489266
870 0.329532
871 0.330827
872 0.295229
873 0.441204
874 0.338393
875 0.348486
876 0.335632
877 0.475835
878 0.384402
879 0.369484
880 0.419224
881 0.547344
882 0.60462
883 0.416321
884 0.460951
885 0.352744
886 0.513262
887 0.347317
888 0.240302
889 0.199497
890 0.414763
891 0.263439
892 0.435321
893 0.368964
894 0.261708
895 0.48761
896 0.504496
897 0.406245
898 0.267381
899 0.206573
900 0.182218
901 0.396428
902 0.493865
903 0.398899
904 0.501813
905 0.582261
906 0.637336
907 0.370203
908 0.314394
909 0.438776
910 0.455333
911 0.456332
912 0.562658
913 0.376595
914 0.34467
915 0.411009
916 0.36683
917 0.359269
918 0.471041
919 0.459809
920 0.478935
921 0.302531
922 0.345034
923 0.490137
924 0.363279
925 0.258097
926 0.215851
927 0.405826
928 0.366129
929 0.49569
930 0.496148
931 0.392901
932 0.483054
933 0.327339
934 0.319107
935 0.408927
936 0.420312
937 0.431439
938 0.505919
939 0.290164
940 0.348236
941 0.446257
942 0.320381
943 0.490614
944 0.465714
945 0.473726
946 0.473961
947 0.558709
948 0.595804
949 0.620195
950 0.455258
951 0.373723
952 0.42931
953 0.501167
954 0.397938
955 0.288178
956 0.464783
957 0.332907
958 0.408687
959 0.426667
960 0.492838
961 0.322404
962 0.344336
963 0.450927
964 0.277455
965 0.4691
966 0.529281
967 0.293331
968 0.420002
969 0.360852
970 0.243578
971 0.27742
972 0.344223
973 0.45357
974 0.338205
975 0.407329
976 0.520071
977 0.374669
978 0.562715
979 0.487283
980 0.435543
981 0.559865
982 0.414566
983 0.263867
984 0.270725
985 0.422616
986 0.405469
987 0.448343
988 0.517427
989 0.594113
990 0.623673
991 0.347699
992 0.263611
993 0.469161
994 0.432852
995 0.403026
996 0.366894
997 0.467737
998 0.361611
999 0.394907
1000 0.40403
1001 0.353368
1002 0.328652
1003 0.315864
1004 0.273647
1005 0.243931
1006 0.20528
1007 0.361432
1008 0.233234
1009 0.392194
1010 0.428443
1011 0.47078
1012 0.547503
1013 0.574552
1014 0.547933
1015 0.418477
1016 0.4016
1017 0.354822
1018 0.38908
1019 0.432204
1020 0.377418
1021 0.290811
1022 0.460866
1023 0.47483
1024 0.511602
1025 0.504651
1026 0.296911
1027 0.515724
1028 0.338752
1029 0.244735
1030 0.27535
1031 0.416051
1032 0.334431
1033 0.527417
1034 0.52256
1035 0.605919
1036 0.591079
1037 0.503582
1038 0.502245
1039 0.348988
1040 0.238731
1041 0.424465
1042 0.334751
1043 0.481896
1044 0.332066
1045 0.531861
1046 0.517209
1047 0.457116
1048 0.271793
1049 0.329212
1050 0.30094
1051 0.207755
1052 0.41554
1053 0.286785
1054 0.290275
1055 0.284422
1056 0.383248
1057 0.482336
1058 0.483905
1059 0.420942
1060 0.444661
1061 0.431702
1062 0.549174
1063 0.494527
1064 0.487845
1065 0.540918
1066 0.408583
1067 0.540701
1068 0.545909
1069 0.369763
1070 0.478754
1071 0.362878
1072 0.317576
1073 0.254211
1074 0.341816
1075 0.323902
1076 0.256027
1077 0.437882
1078 0.470986
1079 0.472449
1080 0.398358
1081 0.318485
1082 0.322209
1083 0.247858
1084 0.445783
1085 0.495149
1086 0.539623
1087 0.609038
1088 0.57771
1089 0.535345
1090 0.499721
1091 0.426938
1092 0.317974
1093 0.478477
1094 0.497616
1095 0.419428
1096 0.311085
1097 0.46727
1098 0.462425
1099 0.340102
1100 0.368844
1101 0.286168
1102 0.353046
1103 0.314469
1104 0.238492
1105 0.237354
1106 0.368184
1107 0.496453
1108 0.528425
1109 0.611832
1110 0.572717
1111 0.372898
1112 0.297282
1113 0.355304
1114 0.345951
1115 0.354569
1116 0.344487
1117 0.223715
1118 0.222608
1119 0.405006
1120 0.249716
1121 0.378756
1122 0.26657
1123 0.424032
1124 0.441074
1125 0.297891
1126 0.487424
1127 0.498728
1128 0.555206
1129 0.329374
1130 0.435919
1131 0.512539
1132 0.370301
1133 0.543589
1134 0.344303
1135 0.283586
1136 0.4781
1137 0.486659
1138 0.402925
1139 0.329025
1140 0.308108
1141 0.491584
1142 0.444292
1143 0.528557
1144 0.366549
1145 0.372945
1146 0.278499
1147 0.433675
1148 0.331459
1149 0.222051
1150 0.337661
1151 0.266824
1152 0.300407
1153 0.41245
1154 0.444268
1155 0.524431
1156 0.312602
1157 0.357865
1158 0.300191
1159 0.467417
1160 0.364924
1161 0.338431
1162 0.503811
1163 0.413465
1164 0.509978
1165 0.542298
1166 0.565646
1167 0.468069
1168 0.588068
1169 0.467511
1170 0.435429
1171 0.329735
1172 0.35869
1173 0.416536
1174 0.27688
1175 0.267675
1176 0.410423
1177 0.515028
1178 0.464434
1179 0.272648
1180 0.255431
1181 0.230262
1182 0.320222
1183 0.47054
1184 0.354352
1185 0.454538
1186 0.502319
1187 0.375861
1188 0.250103
1189 0.20025
1190 0.354977
1191 0.324838
1192 0.427751
1193 0.543025
1194 0.407162
1195 0.333158
1196 0.397102
1197 0.314184
1198 0.219675
1199 0.264218
1200 0.32388
1201 0.44107
1202 0.523977
1203 0.397203
1204 0.425483
1205 0.454052
1206 0.536476
1207 0.523624
1208 0.461081
1209 0.32409
1210 0.327036
1211 0.281422
1212 0.281943
1213 0.309921
1214 0.40643
1215 0.427799
1216 0.49069
1217 0.458568
1218 0.270501
1219 0.474837
1220 0.5038
1221 0.404067
1222 0.257666
1223 0.484113
1224 0.392938
1225 0.447896
1226 0.432984
1227 0.45511
1228 0.541121
1229 0.302142
1230 0.459297
1231 0.459288
1232 0.308122
1233 0.501361
1234 0.351918
1235 0.311901
1236 0.413099
1237 0.325271
1238 0.305265
1239 0.331952
1240 0.494745
1241 0.501337
1242 0.561651
1243 0.54206
1244 0.341384
1245 0.347836
1246 0.479456
1247 0.276689
1248 0.384962
1249 0.31056
1250 0.368857
1251 0.26219
1252 0.415745
1253 0.381486
1254 0.247697
1255 0.201592
1256 0.263163
1257 0.222578
1258 0.330469
1259 0.445468
1260 0.357881
1261 0.385374
1262 0.340832
1263 0.447606
1264 0.40822
1265 0.543963
1266 0.390122
1267 0.486862
1268 0.289101
1269 0.211938
1270 0.21408
1271 0.212013
1272 0.424875
1273 0.299913
1274 0.264109
1275 0.211011
1276 0.290332
1277 0.198724
1278 0.278575
1279 0.362297
1280 0.278523
1281 0.435192
1282 0.317455
1283 0.229006
1284 0.32404
1285 0.368703
1286 0.347127
1287 0.293223
1288 0.296381
1289 0.436471
1290 0.452914
1291 0.425349
1292 0.53756
1293 0.526277
1294 0.396231
1295 0.446737
1296 0.533468
1297 0.356119
1298 0.41007
1299 0.33366
1300 0.218741
1301 0.28679
1302 0.317205
1303 0.364278
1304 0.363508
1305 0.372801
1306 0.309864
1307 0.220458
1308 0.459979
1309 0.519581
1310 0.515412
1311 0.573636
1312 0.482963
1313 0.566181
1314 0.505276
1315 0.345095
1316 0.339405
1317 0.29561
1318 0.416022
1319 0.47596
1320 0.376527
1321 0.368917
1322 0.459092
1323 0.300722
1324 0.301938
1325 0.4764
1326 0.352292
1327 0.327601
1328 0.303814
1329 0.487887
1330 0.459872
1331 0.534806
1332 0.374127
1333 0.238824
1334 0.332772
1335 0.220966
1336 0.381474
1337 0.254931
1338 0.308367
1339 0.245058
1340 0.379657
1341 0.393367
1342 0.420957
1343 0.431728
1344 0.271534
1345 0.281811
1346 0.375369
1347 0.258303
1348 0.262572
1349 0.234382
1350 0.35883
1351 0.333173
1352 0.392016
1353 0.334587
1354 0.432294
1355 0.492269
1356 0.37356
1357 0.459849
1358 0.44232
1359 0.478525
1360 0.511686
1361 0.466204
1362 0.551183
1363 0.320267
1364 0.288707
1365 0.378185
1366 0.234973
1367 0.357808
1368 0.334536
1369 0.248426
1370 0.451337
1371 0.447095
1372 0.438856
1373 0.317748
1374 0.412895
1375 0.511777
1376 0.451825
1377 0.52082
1378 0.418552
1379 0.262392
1380 0.489368
1381 0.49268
1382 0.328448
1383 0.51588
1384 0.558592
1385 0.488805
1386 0.394177
1387 0.278033
1388 0.386942
1389 0.317152
1390 0.515021
1391 0.496501
1392 0.351156
1393 0.424265
1394 0.415716
1395 0.543659
1396 0.569939
1397 0.49755
1398 0.602667
1399 0.3432
1400 0.440382
1401 0.275186
1402 0.376584
1403 0.33349
1404 0.502826
1405 0.501867
1406 0.516916
1407 0.50161
1408 0.410391
1409 0.436441
1410 0.339691
1411 0.45011
1412 0.419059
1413 0.291376
1414 0.344259
1415 0.379391
1416 0.51231
1417 0.491493
1418 0.467741
1419 0.370771
1420 0.414186
1421 0.384754
1422 0.537417
1423 0.429843
1424 0.546211
1425 0.522831
1426 0.415884
1427 0.276121
1428 0.271113
1429 0.336399
1430 0.304692
1431 0.448812
1432 0.463723
1433 0.474646
1434 0.485167
1435 0.483332
1436 0.507465
1437 0.598492
1438 0.62769
1439 0.597097
1440 0.641297
1441 0.481812
1442 0.344599
1443 0.498951
1444 0.384923
1445 0.308683
1446 0.28366
1447 0.354246
1448 0.227288
1449 0.27444
1450 0.251409
1451 0.324851
1452 0.277888
1453 0.27784
1454 0.461469
1455 0.415346
1456 0.266072
1457 0.317072
1458 0.233209
1459 0.2144
1460 0.230013
1461 0.266998
1462 0.264694
1463 0.428333
1464 0.441641
1465 0.407487
1466 0.296967
1467 0.247653
1468 0.285237
1469 0.368427
1470 0.242667
1471 0.285533
1472 0.324926
1473 0.227416
1474 0.362308
1475 0.417448
1476 0.311552
1477 0.442368
1478 0.368563
1479 0.429165
1480 0.324354
1481 0.387959
1482 0.252612
1483 0.302089
1484 0.318329
1485 0.328266
1486 0.392156
1487 0.252208
1488 0.271432
1489 0.430212
1490 0.277931
1491 0.343266
1492 0.272027
1493 0.467705
1494 0.371824
1495 0.543987
1496 0.524798
1497 0.378028
1498 0.557927
1499 0.475765
1500 0.597763
1501 0.518847
1502 0.549882
1503 0.473852
1504 0.379469
1505 0.429009
1506 0.28532
1507 0.205702
1508 0.332065
1509 0.340008
1510 0.468061
1511 0.570795
1512 0.313862
1513 0.517213
1514 0.332042
1515 0.284376
1516 0.342083
1517 0.496705
1518 0.510466
1519 0.529352
1520 0.45662
1521 0.45618
1522 0.367056
1523 0.23807
1524 0.240318
1525 0.222491
1526 0.368849
1527 0.465871
1528 0.451132
1529 0.474729
1530 0.509855
1531 0.468576
1532 0.293811
1533 0.325408
1534 0.41899
1535 0.258506
1536 0.290982
1537 0.259182
1538 0.233086
1539 0.256884
1540 0.365324
1541 0.290512
1542 0.233655
1543 0.377347
1544 0.465938
1545 0.380129
1546 0.337795
1547 0.504604
1548 0.418029
1549 0.56815
1550 0.468188
1551 0.303163
1552 0.420688
1553 0.289735
1554 0.396377
1555 0.401337
1556 0.382782
1557 0.388478
1558 0.333147
1559 0.374686
1560 0.336304
1561 0.500574
1562 0.325948
1563 0.312698
1564 0.347895
1565 0.373555
1566 0.234757
1567 0.397052
1568 0.457185
1569 0.301657
1570 0.462977
1571 0.513173
1572 0.535503
1573 0.384715
1574 0.467339
1575 0.291299
1576 0.207442
1577 0.357747
1578 0.337229
1579 0.225128
1580 0.363381
1581 0.463304
1582 0.380532
1583 0.303099
1584 0.401335
1585 0.390278
1586 0.396451
1587 0.44005
1588 0.479487
1589 0.498837
1590 0.373418
1591 0.315017
1592 0.338836
1593 0.45334
1594 0.523848
1595 0.380894
1596 0.478138
1597 0.438187
1598 0.410745
1599 0.365325
1600 0.446096
1601 0.423303
1602 0.467993
1603 0.350117
1604 0.298317
1605 0.244112
1606 0.399466
1607 0.352356
1608 0.334124
1609 0.303322
1610 0.429619
1611 0.456159
1612 0.357443
1613 0.247167
1614 0.232806
1615 0.190454
1616 0.278482
1617 0.240462
1618 0.397684
1619 0.417326
1620 0.411102
1621 0.541228
1622 0.448032
1623 0.563382
1624 0.517735
1625 0.316772
1626 0.371174
1627 0.365498
1628 0.439764
1629 0.315214
1630 0.268297
1631 0.29268
1632 0.252024
1633 0.387818
1634 0.349181
1635 0.359709
1636 0.338026
1637 0.499601
1638 0.385296
1639 0.312352
1640 0.339316
1641 0.221582
1642 0.458928
1643 0.41558
1644 0.444245
1645 0.550763
1646 0.501261
1647 0.435219
1648 0.508862
1649 0.456698
1650 0.417478
1651 0.30895
1652 0.505943
1653 0.449579
1654 0.284676
1655 0.261503
1656 0.209968
1657 0.266133
1658 0.374157
1659 0.455247
1660 0.449105
1661 0.474678
1662 0.446389
1663 0.288625
1664 0.286748
1665 0.317835
1666 0.219253
1667 0.295797
1668 0.327625
1669 0.431415
1670 0.498835
1671 0.352081
1672 0.493551
1673 0.484569
1674 0.301591
1675 0.273484
1676 0.307013
1677 0.474618
1678 0.422978
1679 0.476807
1680 0.337624
1681 0.523357
1682 0.483788
1683 0.406152
1684 0.509281
1685 0.318478
1686 0.3243
1687 0.282876
1688 0.450305
1689 0.481861
1690 0.290795
1691 0.333826
1692 0.237864
1693 0.340847
1694 0.311414
1695 0.48838
1696 0.342748
1697 0.232062
1698 0.235624
1699 0.208702
1700 0.277014
1701 0.264451
1702 0.267621
1703 0.290286
1704 0.274566
1705 0.433334
1706 0.526961
1707 0.368056
1708 0.384492
1709 0.438192
1710 0.360021
1711 0.347172
1712 0.433366
1713 0.447225
1714 0.540297
1715 0.524855
1716 0.597771
1717 0.444423
1718 0.265068
1719 0.361303
1720 0.276025
1721 0.368105
1722 0.398516
1723 0.515577
1724 0.524486
1725 0.401847
1726 0.396769
1727 0.515496
1728 0.342515
1729 0.394609
1730 0.435812
1731 0.330652
1732 0.381886
1733 0.367206
1734 0.283227
1735 0.481301
1736 0.366728
1737 0.385727
1738 0.314153
1739 0.241114
1740 0.437788
1741 0.504865
1742 0.568401
1743 0.594732
1744 0.504605
1745 0.56337
1746 0.320377
1747 0.299141
1748 0.304568
1749 0.223454
1750 0.436029
1751 0.460994
1752 0.422749
1753 0.349485
1754 0.313672
1755 0.248093
1756 0.19152
1757 0.375503
1758 0.424988
1759 0.313055
1760 0.278158
1761 0.433009
1762 0.360166
1763 0.320008
1764 0.241584
1765 0.409286
1766 0.432766
1767 0.388412
1768 0.370046
1769 0.371844
1770 0.245943
1771 0.250005
1772 0.419043
1773 0.289019
1774 0.264709
1775 0.31628
1776 0.28905
1777 0.300701
1778 0.345636
1779 0.438981
1780 0.546694
1781 0.308209
1782 0.351652
1783 0.253677
1784 0.33352
1785 0.332065
1786 0.387941
1787 0.424402
1788 0.407774
1789 0.371009
1790 0.3941
1791 0.490091
1792 0.558741
1793 0.386159
1794 0.418177
1795 0.430895
1796 0.420217
1797 0.257933
1798 0.41996
1799 0.407716
1800 0.308211
1801 0.40313
1802 0.472035
1803 0.350985
1804 0.482956
1805 0.536235
1806 0.537087
1807 0.442576
1808 0.495528
1809 0.517727
1810 0.414582
1811 0.278166
1812 0.249479
1813 0.305815
1814 0.233538
1815 0.440326
1816 0.310653
1817 0.289025
1818 0.406695
1819 0.372399
1820 0.38483
1821 0.268937
1822 0.281933
1823 0.413074
1824 0.297864
1825 0.501628
1826 0.514628
1827 0.527121
1828 0.54425
1829 0.497973
1830 0.307957
1831 0.276866
1832 0.326742
1833 0.462891
1834 0.265367
1835 0.20336
1836 0.396632
1837 0.464269
1838 0.262819
1839 0.23107
1840 0.361229
1841 0.485449
1842 0.279898
1843 0.43806
1844 0.339846
1845 0.461635
1846 0.38562
1847 0.528999
1848 0.407563
1849 0.530946
1850 0.498703
1851 0.399972
1852 0.532889
1853 0.591647
1854 0.540414
1855 0.624596
1856 0.470967
1857 0.508024
1858 0.492115
1859 0.535474
1860 0.512358
1861 0.409178
1862 0.311319
1863 0.424721
1864 0.296068
1865 0.448013
1866 0.454311
1867 0.499971
1868 0.569271
1869 0.35528
1870 0.451448
1871 0.469535
1872 0.428546
1873 0.276169
1874 0.207911
1875 0.203969
1876 0.18299
1877 0.325754
1878 0.389795
1879 0.36514
1880 0.392833
1881 0.446494
1882 0.330368
1883 0.494419
1884 0.547787
1885 0.502101
1886 0.313915
1887 0.503573
1888 0.339065
1889 0.252251
1890 0.469426
1891 0.473468
1892 0.453417
1893 0.399366
1894 0.305588
1895 0.259804
1896 0.385723
1897 0.331211
1898 0.251744
1899 0.226995
1900 0.433094
1901 0.306506
1902 0.262705
1903 0.39727
1904 0.436503
1905 0.313403
1906 0.277464
1907 0.306624
1908 0.294068
1909 0.364068
1910 0.273552
1911 0.324981
1912 0.418703
1913 0.543909
1914 0.596756
1915 0.369654
1916 0.532022
1917 0.344726
1918 0.225774
1919 0.296926
1920 0.426775
1921 0.334157
1922 0.319602
1923 0.22078
1924 0.200137
1925 0.342074
1926 0.433878
1927 0.297516
1928 0.453442
1929 0.451414
1930 0.409633
1931 0.517751
1932 0.333877
1933 0.320662
1934 0.361959
1935 0.365258
1936 0.271674
1937 0.233494
1938 0.443445
1939 0.448763
1940 0.324941
1941 0.474928
1942 0.314801
1943 0.522867
1944 0.38052
1945 0.297452
1946 0.474024
1947 0.289047
1948 0.397347
1949 0.412026
1950 0.340294
1951 0.416568
1952 0.426343
1953 0.548425
1954 0.549077
1955 0.337925
1956 0.300355
1957 0.337838
1958 0.423858
1959 0.431166
1960 0.455363
1961 0.299221
1962 0.427396
1963 0.476747
1964 0.389741
1965 0.403414
1966 0.359631
1967 0.393157
1968 0.524175
1969 0.579464
1970 0.565338
1971 0.624417
1972 0.545996
1973 0.608689
1974 0.450792
1975 0.524486
1976 0.394473
1977 0.359549
1978 0.466617
1979 0.373529
1980 0.278477
1981 0.199735
1982 0.437435
1983 0.398126
1984 0.409006
1985 0.322648
1986 0.496982
1987 0.522749
1988 0.593993
1989 0.38016
1990 0.345695
1991 0.317681
1992 0.25261
1993 0.446979
1994 0.506926
1995 0.415424
1996 0.467371
1997 0.424715
1998 0.443199
1999 0.478068
2000 0.302107
2001 0.224243
2002 0.205269
2003 0.218681
2004 0.234715
2005 0.345678
2006 0.252002
2007 0.386271
2008 0.281635
2009 0.268956
2010 0.398512
2011 0.483106
2012 0.409368
2013 0.488055
2014 0.444506
2015 0.356142
2016 0.458757
2017 0.290165
2018 0.403748
2019 0.296467
2020 0.488323
2021 0.38362
2022 0.411026
2023 0.498744
2024 0.409459
2025 0.433209
2026 0.365143
2027 0.479872
2028 0.494274
2029 0.398745
2030 0.413142
2031 0.288246
2032 0.305524
2033 0.374105
2034 0.459134
2035 0.482696
2036 0.424515
2037 0.444409
2038 0.277916
2039 0.231027
2040 0.294269
2041 0.378623
2042 0.418591
2043 0.482849
2044 0.295577
2045 0.44563
2046 0.406723
2047 0.555101
2048 0.474229
2049 0.513187
2050 0.342152
2051 0.283507
2052 0.298506
2053 0.424241
2054 0.476487
2055 0.440832
2056 0.283669
2057 0.414163
2058 0.325337
2059 0.441639
2060 0.518443
2061 0.386082
2062 0.254544
2063 0.404538
2064 0.281998
2065 0.234784
2066 0.306757
2067 0.264464
2068 0.360764
2069 0.320024
2070 0.289194
2071 0.300743
2072 0.20447
2073 0.360348
2074 0.405296
2075 0.304237
2076 0.396945
2077 0.519933
2078 0.292997
2079 0.463903
2080 0.516675
2081 0.3841
2082 0.340959
2083 0.415605
2084 0.267416
2085 0.472242
2086 0.404747
2087 0.378878
2088 0.460412
2089 0.495968
2090 0.512305
2091 0.504657
2092 0.459305
2093 0.455958
2094 0.562915
2095 0.560047
2096 0.540574
2097 0.512188
2098 0.441469
2099 0
