0 -1.64546
1 -0.764447
2 -0.271415
3 -0.00271891
4 0.122515
5 0.162779
6 0.169516
7 0.177737
8 0.167076
9 0.172999
10 0.175848
11 0.174043
12 0.180577
13 0.183365
14 0.182263
15 0.18587
16 0.173062
17 0.173905
18 0.181913
19 0.178572
20 0.166736
21 0.180953
22 0.164116
23 0.167502
24 0.167586
25 0.160595
26 0.178997
27 0.17479
28 0.172998
29 0.16734
30 0.189287
31 0.16059
32 0.181811
33 0.161563
34 0.181946
35 0.169476
36 0.173471
37 0.164381
38 0.180066
39 0.167122
40 0.170573
41 0.165403
42 0.165806
43 0.172282
44 0.16762
45 0.163078
46 0.180843
47 0.183013
48 0.169842
49 0.181943
50 0.169479
51 0.177162
52 0.169585
53 0.177637
54 0.175283
55 0.179102
56 0.18089
57 0.185192
58 0.187006
59 0.189003
60 0.189484
61 0.17896
62 0.167802
63 0.180629
64 0.163779
65 0.173862
66 0.166436
67 0.168408
68 0.178177
69 0.157836
70 0.17279
71 0.180084
72 0.17927
73 0.188228
74 0.170665
75 0.187375
76 0.178364
77 0.175894
78 0.173048
79 0.17428
80 0.17388
81 0.170697
82 0.16489
83 0.175578
84 0.156233
85 0.180326
86 0.163896
87 0.161562
88 0.171873
89 0.181887
90 0.186619
91 0.166019
92 0.183592
93 0.187343
94 0.188279
95 0.170907
96 0.163272
97 0.183163
98 0.167309
99 0.162356
100 0.167682
101 0.166244
102 0.179015
103 0.18424
104 0.16193
105 0.186165
106 0.183825
107 0.176902
108 0.181118
109 0.189455
110 0.188851
111 0.187857
112 0.175112
113 0.175803
114 0.172765
115 0.171793
116 0.159631
117 0.159511
118 0.16915
119 0.173571
120 0.170569
121 0.177561
122 0.166451
123 0.164159
124 0.176166
125 0.175162
126 0.164278
127 0.158262
128 0.17649
129 0.169229
130 0.168657
131 0.171498
132 0.185578
133 0.182346
134 0.188865
135 0.183514
136 0.178067
137 0.169885
138 0.161628
139 0.163507
140 0.164049
141 0.178556
142 0.169187
143 0.163117
144 0.174646
145 0.183246
146 0.160196
147 0.181274
148 0.178208
149 0.18514
150 0.178618
151 0.181674
152 0.18275
153 0.18951
154 0.177986
155 0.164311
156 0.186729
157 0.161823
158 0.164101
159 0.173067
160 0.167903
161 0.157773
162 0.181608
163 0.182565
164 0.169443
165 0.169759
166 0.188581
167 0.162897
168 0.173173
169 0.171265
170 0.158284
171 0.181766
172 0.167254
173 0.167262
174 0.179567
175 0.165958
176 0.172985
177 0.159047
178 0.178299
179 0.160052
180 0.17039
181 0.184027
182 0.184619
183 0.175395
184 0.166371
185 0.166401
186 0.158941
187 0.16411
188 0.168487
189 0.156714
190 0.173174
191 0.178664
192 0.176628
193 0.161851
194 0.180269
195 0.163355
196 0.170721
197 0.164146
198 0.170374
199 0.156939
200 0.175763
201 0.168433
202 0.171853
203 0.164428
204 0.171468
205 0.169678
206 0.163146
207 0.176412
208 0.180288
209 0.16714
210 0.169772
211 0.164633
212 0.172737
213 0.163721
214 0.180816
215 0.171317
216 0.171193
217 0.177129
218 0.180651
219 0.17482
220 0.174898
221 0.169223
222 0.169805
223 0.181824
224 0.161052
225 0.177954
226 0.184383
227 0.169746
228 0.176603
229 0.1699
230 0.166457
231 0.178748
232 0.172355
233 0.175423
234 0.186428
235 0.173417
236 0.184067
237 0.163334
238 0.177176
239 0.17122
240 0.160352
241 0.178477
242 0.163632
243 0.170671
244 0.166151
245 0.170481
246 0.169137
247 0.160705
248 0.168305
249 0.172593
250 0.18215
251 0.189711
252 0.173596
253 0.168861
254 0.183524
255 0.178165
256 0.184772
257 0.18004
258 0.167979
259 0.175173
260 0.184045
261 0.181885
262 0.182616
263 0.169502
264 0.181898
265 0.186648
266 0.175843
267 0.181525
268 0.188677
269 0.191145
270 0.18485
271 0.178102
272 0.167438
273 0.168084
274 0.16866
275 0.177411
276 0.175337
277 0.186743
278 0.171338
279 0.185248
280 0.171979
281 0.167961
282 0.18577
283 0.165562
284 0.163366
285 0.158765
286 0.172221
287 0.154283
288 0.177567
289 0.163957
290 0.178996
291 0.171913
292 0.184824
293 0.177262
294 0.184933
295 0.175067
296 0.179564
297 0.16752
298 0.167128
299 0.159729
300 0.176331
301 0.183642
302 0.176003
303 0.17048
304 0.16791
305 0.182487
306 0.163773
307 0.175467
308 0.186778
309 0.168733
310 0.182619
311 0.186486
312 0.17868
313 0.172126
314 0.173003
315 0.172698
316 0.170439
317 0.173493
318 0.175226
319 0.179137
320 0.183519
321 0.187009
322 0.185488
323 0.191634
324 0.187878
325 0.170411
326 0.182477
327 0.184479
328 0.176315
329 0.187812
330 0.189487
331 0.181297
332 0.186925
333 0.192173
334 0.179844
335 0.183004
336 0.168503
337 0.175036
338 0.160361
339 0.178264
340 0.15875
341 0.176508
342 0.18552
343 0.170334
344 0.183932
345 0.177967
346 0.169396
347 0.169282
348 0.156133
349 0.179945
350 0.171452
351 0.172071
352 0.173756
353 0.173409
354 0.164999
355 0.162068
356 0.176076
357 0.163898
358 0.168641
359 0.179827
360 0.160995
361 0.159627
362 0.177131
363 0.164967
364 0.182069
365 0.178732
366 0.186679
367 0.176349
368 0.182774
369 0.173633
370 0.167932
371 0.173605
372 0.162148
373 0.167764
374 0.162787
375 0.160427
376 0.158515
377 0.169289
378 0.173894
379 0.159967
380 0.176469
381 0.173765
382 0.159229
383 0.172458
384 0.157039
385 0.1723
386 0.165874
387 0.154537
388 0.174603
389 0.179583
390 0.166169
391 0.184982
392 0.185907
393 0.18617
394 0.178049
395 0.175339
396 0.168093
397 0.176618
398 0.16322
399 0.172798
400 0.164616
401 0.176377
402 0.181359
403 0.183778
404 0.187428
405 0.18641
406 0.185112
407 0.193782
408 0.173175
409 0.18665
410 0.189886
411 0.189835
412 0.189528
413 0.178079
414 0.171132
415 0.182958
416 0.179616
417 0.179363
418 0.169064
419 0.177269
420 0.178325
421 0.173071
422 0.16219
423 0.184748
424 0.171931
425 0.174165
426 0.165686
427 0.167795
428 0.163846
429 0.168796
430 0.164862
431 0.17901
432 0.179512
433 0.190624
434 0.165462
435 0.18325
436 0.168638
437 0.163937
438 0.177468
439 0.163261
440 0.183535
441 0.183354
442 0.179935
443 0.171885
444 0.163269
445 0.160845
446 0.157704
447 0.162383
448 0.178555
449 0.158625
450 0.162217
451 0.176894
452 0.167649
453 0.158935
454 0.169322
455 0.182299
456 0.165461
457 0.171218
458 0.185517
459 0.170205
460 0.175478
461 0.173652
462 0.161631
463 0.171339
464 0.179647
465 0.183128
466 0.176213
467 0.170831
468 0.1883
469 0.168023
470 0.183593
471 0.182174
472 0.166887
473 0.179996
474 0.161652
475 0.182753
476 0.16567
477 0.166115
478 0.167252
479 0.177467
480 0.173146
481 0.179698
482 0.179856
483 0.174415
484 0.168709
485 0.185636
486 0.175946
487 0.170916
488 0.177536
489 0.173645
490 0.179495
491 0.183215
492 0.190722
493 0.173707
494 0.171226
495 0.187572
496 0.179944
497 0.184323
498 0.168154
499 0.179176
500 0.164388
501 0.16872
502 0.16144
503 0.180342
504 0.164309
505 0.17754
506 0.163064
507 0.186186
508 0.164872
509 0.173654
510 0.160148
511 0.171932
512 0.158658
513 0.179577
514 0.172995
515 0.179412
516 0.186671
517 0.180839
518 0.182199
519 0.177715
520 0.173476
521 0.173544
522 0.168954
523 0.160401
524 0.177305
525 0.180171
526 0.184808
527 0.166898
528 0.176533
529 0.167157
530 0.17103
531 0.163849
532 0.156315
533 0.174038
534 0.17398
535 0.167159
536 0.177134
537 0.189101
538 0.163057
539 0.185954
540 0.161812
541 0.182214
542 0.170185
543 0.164885
544 0.182979
545 0.165707
546 0.162656
547 0.165181
548 0.164025
549 0.182027
550 0.169784
551 0.160352
552 0.170742
553 0.183894
554 0.169946
555 0.15991
556 0.173859
557 0.165007
558 0.172995
559 0.160736
560 0.178254
561 0.1669
562 0.179075
563 0.188635
564 0.175584
565 0.185814
566 0.170624
567 0.181606
568 0.178857
569 0.185107
570 0.175997
571 0.165024
572 0.179132
573 0.175359
574 0.180559
575 0.17685
576 0.185479
577 0.186269
578 0.193342
579 0.169215
580 0.173714
581 0.173682
582 0.176614
583 0.169043
584 0.181767
585 0.175573
586 0.171613
587 0.179116
588 0.177231
589 0.185572
590 0.170893
591 0.168425
592 0.176812
593 0.165498
594 0.175413
595 0.160109
596 0.172129
597 0.164133
598 0.158066
599 0.175941
600 0.168672
601 0.175006
602 0.177408
603 0.172039
604 0.173798
605 0.160141
606 0.158567
607 0.178896
608 0.158856
609 0.175078
610 0.160642
611 0.164646
612 0.170272
613 0.179159
614 0.176593
615 0.165796
616 0.163886
617 0.176477
618 0.16486
619 0.159351
620 0.159127
621 0.174
622 0.172203
623 0.176399
624 0.164823
625 0.181661
626 0.16576
627 0.16165
628 0.173395
629 0.170635
630 0.179035
631 0.180813
632 0.168935
633 0.177987
634 0.17343
635 0.167356
636 0.161914
637 0.171484
638 0.161162
639 0.157124
640 0.159406
641 0.155574
642 0.167176
643 0.169308
644 0.16475
645 0.170081
646 0.179129
647 0.163827
648 0.169172
649 0.158387
650 0.175162
651 0.165494
652 0.178417
653 0.179262
654 0.181854
655 0.16956
656 0.187933
657 0.187626
658 0.174771
659 0.164751
660 0.171255
661 0.176806
662 0.16698
663 0.156165
664 0.169281
665 0.179029
666 0.164448
667 0.168373
668 0.182847
669 0.162538
670 0.181731
671 0.177173
672 0.162485
673 0.17642
674 0.18537
675 0.166461
676 0.17416
677 0.183402
678 0.183184
679 0.183219
680 0.169304
681 0.182471
682 0.177724
683 0.160788
684 0.174061
685 0.175704
686 0.169635
687 0.181549
688 0.187309
689 0.186457
690 0.168553
691 0.180645
692 0.180817
693 0.1775
694 0.169735
695 0.181559
696 0.179851
697 0.175844
698 0.18483
699 0.173187
700 0.180612
701 0.17376
702 0.175533
703 0.165531
704 0.164514
705 0.18175
706 0.17441
707 0.160914
708 0.173902
709 0.169618
710 0.171363
711 0.163229
712 0.174097
713 0.179155
714 0.160093
715 0.166178
716 0.158992
717 0.153826
718 0.167996
719 0.174301
720 0.169426
721 0.169158
722 0.164763
723 0.17952
724 0.169914
725 0.171923
726 0.163087
727 0.161561
728 0.176996
729 0.17162
730 0.183012
731 0.168288
732 0.178342
733 0.172513
734 0.183083
735 0.159619
736 0.17928
737 0.176132
738 0.183861
739 0.174354
740 0.167384
741 0.179895
742 0.174004
743 0.165299
744 0.166286
745 0.156787
746 0.176839
747 0.172306
748 0.180295
749 0.172344
750 0.184292
751 0.185484
752 0.185901
753 0.177671
754 0.167828
755 0.180014
756 0.184061
757 0.172529
758 0.184639
759 0.190337
760 0.188142
761 0.178098
762 0.190164
763 0.187584
764 0.182618
765 0.171975
766 0.164437
767 0.168718
768 0.175896
769 0.175722
770 0.187156
771 0.179664
772 0.172046
773 0.186432
774 0.185811
775 0.166135
776 0.163243
777 0.182409
778 0.16339
779 0.165658
780 0.182147
781 0.179978
782 0.177885
783 0.164178
784 0.183251
785 0.183387
786 0.171585
787 0.186477
788 0.171436
789 0.188026
790 0.175435
791 0.17028
792 0.17373
793 0.17179
794 0.169237
795 0.161458
796 0.163296
797 0.171929
798 0.179953
799 0.186163
800 0.164296
801 0.173069
802 0.175627
803 0.184213
804 0.171743
805 0.186349
806 0.168313
807 0.163922
808 0.180142
809 0.166247
810 0.164529
811 0.172335
812 0.176499
813 0.167159
814 0.176374
815 0.16278
816 0.156893
817 0.169562
818 0.175584
819 0.181697
820 0.168541
821 0.179539
822 0.188253
823 0.185466
824 0.166988
825 0.187534
826 0.180824
827 0.167142
828 0.17729
829 0.165673
830 0.166459
831 0.18034
832 0.170114
833 0.158618
834 0.171254
835 0.1613
836 0.154627
837 0.176671
838 0.1767
839 0.165724
840 0.178894
841 0.163782
842 0.181136
843 0.178688
844 0.182683
845 0.165221
846 0.168126
847 0.172807
848 0.170651
849 0.180323
850 0.166291
851 0.18241
852 0.170524
853 0.175359
854 0.161427
855 0.175115
856 0.176055
857 0.179164
858 0.171526
859 0.191487
860 0.165168
861 0.174451
862 0.175088
863 0.164653
864 0.183531
865 0.178856
866 0.189248
867 0.176737
868 0.169977
869 0.189096
870 0.165688
871 0.168348
872 0.164743
873 0.178137
874 0.167451
875 0.167504
876 0.169064
877 0.181827
878 0.170471
879 0.171237
880 0.175229
881 0.187409
882 0.189287
883 0.173066
884 0.18248
885 0.170504
886 0.187244
887 0.167057
888 0.162436
889 0.157349
890 0.180394
891 0.155751
892 0.174604
893 0.171741
894 0.16015
895 0.184207
896 0.18258
897 0.173467
898 0.165882
899 0.162262
900 0.156891
901 0.170958
902 0.179659
903 0.167846
904 0.181357
905 0.191619
906 0.193613
907 0.17234
908 0.168972
909 0.183248
910 0.17799
911 0.173083
912 0.189325
913 0.170027
914 0.17219
915 0.178363
916 0.170607
917 0.168514
918 0.179362
919 0.178537
920 0.180132
921 0.165969
922 0.1716
923 0.185683
924 0.169618
925 0.161868
926 0.161099
927 0.177345
928 0.168096
929 0.177822
930 0.181274
931 0.173109
932 0.183896
933 0.169445
934 0.166177
935 0.177273
936 0.173521
937 0.173435
938 0.185152
939 0.162742
940 0.172978
941 0.181336
942 0.16388
943 0.180776
944 0.178218
945 0.17935
946 0.178613
947 0.187795
948 0.188158
949 0.191535
950 0.178331
951 0.174098
952 0.179575
953 0.182892
954 0.17241
955 0.162561
956 0.184806
957 0.166466
958 0.172814
959 0.175974
960 0.182024
961 0.166471
962 0.169938
963 0.183302
964 0.160184
965 0.17836
966 0.188392
967 0.161471
968 0.179262
969 0.173649
970 0.160662
971 0.164836
972 0.167437
973 0.179175
974 0.163986
975 0.17429
976 0.18838
977 0.1672
978 0.188951
979 0.180607
980 0.175699
981 0.189739
982 0.175221
983 0.165092
984 0.164488
985 0.179223
986 0.170916
987 0.17363
988 0.1833
989 0.188764
990 0.193083
991 0.170151
992 0.166489
993 0.186725
994 0.175093
995 0.171228
996 0.169747
997 0.183182
998 0.169973
999 0.172542
1000 0.176063
1001 0.169545
1002 0.168656
1003 0.168114
1004 0.163648
1005 0.161966
1006 0.154784
1007 0.173275
1008 0.154139
1009 0.171789
1010 0.175914
1011 0.176762
1012 0.185399
1013 0.187413
1014 0.186922
1015 0.176336
1016 0.176645
1017 0.172588
1018 0.171586
1019 0.176711
1020 0.170794
1021 0.163105
1022 0.181976
1023 0.178219
1024 0.181129
1025 0.182728
1026 0.164442
1027 0.189682
1028 0.168034
1029 0.16128
1030 0.163909
1031 0.1774
1032 0.163047
1033 0.182429
1034 0.182062
1035 0.189155
1036 0.188906
1037 0.18226
1038 0.185715
1039 0.17226
1040 0.160794
1041 0.179784
1042 0.164039
1043 0.179586
1044 0.163561
1045 0.185215
1046 0.184668
1047 0.178148
1048 0.164766
1049 0.172998
1050 0.168309
1051 0.154918
1052 0.175624
1053 0.162058
1054 0.162943
1055 0.164867
1056 0.172032
1057 0.179907
1058 0.179195
1059 0.173543
1060 0.181151
1061 0.176099
1062 0.187495
1063 0.179436
1064 0.179034
1065 0.188409
1066 0.172046
1067 0.187105
1068 0.186702
1069 0.169055
1070 0.183523
1071 0.171286
1072 0.169433
1073 0.160864
1074 0.170442
1075 0.166808
1076 0.158039
1077 0.178037
1078 0.178783
1079 0.178413
1080 0.174354
1081 0.169812
1082 0.171873
1083 0.159347
1084 0.177406
1085 0.17904
1086 0.181033
1087 0.189776
1088 0.188364
1089 0.185606
1090 0.183953
1091 0.178229
1092 0.166813
1093 0.181515
1094 0.181955
1095 0.173632
1096 0.165205
1097 0.183817
1098 0.180092
1099 0.166825
1100 0.17304
1101 0.16594
1102 0.171187
1103 0.166825
1104 0.159306
1105 0.159461
1106 0.171401
1107 0.179681
1108 0.180307
1109 0.188857
1110 0.189956
1111 0.174258
1112 0.169532
1113 0.174502
1114 0.1682
1115 0.167935
1116 0.168774
1117 0.159381
1118 0.159061
1119 0.178484
1120 0.156474
1121 0.171548
1122 0.160848
1123 0.175988
1124 0.178454
1125 0.161475
1126 0.182642
1127 0.182737
1128 0.185838
1129 0.167296
1130 0.17912
1131 0.188651
1132 0.167206
1133 0.186993
1134 0.16968
1135 0.163052
1136 0.186015
1137 0.178689
1138 0.172784
1139 0.169348
1140 0.166966
1141 0.186324
1142 0.171747
1143 0.184618
1144 0.169565
1145 0.17549
1146 0.16526
1147 0.177028
1148 0.168666
1149 0.15569
1150 0.17303
1151 0.161803
1152 0.16223
1153 0.176174
1154 0.172998
1155 0.186314
1156 0.164013
1157 0.17532
1158 0.167216
1159 0.17891
1160 0.170195
1161 0.164177
1162 0.187058
1163 0.172393
1164 0.18049
1165 0.187051
1166 0.185134
1167 0.17941
1168 0.19006
1169 0.179922
1170 0.178414
1171 0.167401
1172 0.173718
1173 0.174834
1174 0.163455
1175 0.160431
1176 0.176561
1177 0.18365
1178 0.175909
1179 0.16599
1180 0.165928
1181 0.163803
1182 0.164146
1183 0.178661
1184 0.165538
1185 0.176023
1186 0.187084
1187 0.171464
1188 0.165558
1189 0.158632
1190 0.173115
1191 0.164718
1192 0.170139
1193 0.188107
1194 0.171994
1195 0.170771
1196 0.178879
1197 0.167898
1198 0.159821
1199 0.160863
1200 0.167884
1201 0.173674
1202 0.182447
1203 0.171468
1204 0.176651
1205 0.182066
1206 0.183783
1207 0.183862
1208 0.178702
1209 0.169121
1210 0.173048
1211 0.163672
1212 0.164371
1213 0.162724
1214 0.173922
1215 0.17324
1216 0.179972
1217 0.181089
1218 0.161215
1219 0.185335
1220 0.183465
1221 0.173382
1222 0.161164
1223 0.18622
1224 0.173156
1225 0.174241
1226 0.17656
1227 0.177708
1228 0.188209
1229 0.163505
1230 0.179789
1231 0.183521
1232 0.161323
1233 0.186089
1234 0.168504
1235 0.165281
1236 0.179292
1237 0.165172
1238 0.166849
1239 0.166315
1240 0.182656
1241 0.179708
1242 0.183152
1243 0.188858
1244 0.168703
1245 0.173753
1246 0.18598
1247 0.159634
1248 0.17385
1249 0.164978
1250 0.173849
1251 0.158427
1252 0.176839
1253 0.172587
1254 0.16076
1255 0.15947
1256 0.165267
1257 0.15728
1258 0.164591
1259 0.176796
1260 0.167682
1261 0.172742
1262 0.17034
1263 0.179362
1264 0.173134
1265 0.185681
1266 0.170391
1267 0.1848
1268 0.165041
1269 0.161775
1270 0.159899
1271 0.155081
1272 0.175453
1273 0.160701
1274 0.162164
1275 0.159639
1276 0.168344
1277 0.154566
1278 0.161809
1279 0.170471
1280 0.160281
1281 0.177162
1282 0.167522
1283 0.159547
1284 0.170346
1285 0.171766
1286 0.167733
1287 0.1645
1288 0.164478
1289 0.179358
1290 0.17657
1291 0.173086
1292 0.186006
1293 0.185205
1294 0.173545
1295 0.17846
1296 0.189479
1297 0.16749
1298 0.176084
1299 0.171563
1300 0.158396
1301 0.166241
1302 0.164972
1303 0.168986
1304 0.16879
1305 0.171345
1306 0.169065
1307 0.157284
1308 0.181461
1309 0.182384
1310 0.178307
1311 0.188076
1312 0.179969
1313 0.190563
1314 0.183471
1315 0.169602
1316 0.172371
1317 0.16475
1318 0.175427
1319 0.178256
1320 0.169437
1321 0.17105
1322 0.183507
1323 0.165331
1324 0.164664
1325 0.185145
1326 0.167121
1327 0.167661
1328 0.166217
1329 0.183366
1330 0.176566
1331 0.182803
1332 0.173404
1333 0.163016
1334 0.174865
1335 0.156385
1336 0.171292
1337 0.158951
1338 0.165202
1339 0.160259
1340 0.171765
1341 0.171943
1342 0.174231
1343 0.176668
1344 0.165344
1345 0.164644
1346 0.177141
1347 0.159023
1348 0.162037
1349 0.159799
1350 0.17022
1351 0.16709
1352 0.170523
1353 0.168026
1354 0.176903
1355 0.182599
1356 0.170505
1357 0.1783
1358 0.179656
1359 0.178348
1360 0.183615
1361 0.177645
1362 0.188405
1363 0.168455
1364 0.164875
1365 0.1796
1366 0.155733
1367 0.170142
1368 0.168429
1369 0.157021
1370 0.181341
1371 0.175008
1372 0.177598
1373 0.166026
1374 0.1775
1375 0.186607
1376 0.172891
1377 0.184757
1378 0.176398
1379 0.162811
1380 0.185485
1381 0.181152
1382 0.164755
1383 0.183545
1384 0.189853
1385 0.179715
1386 0.174727
1387 0.166688
1388 0.176361
1389 0.164711
1390 0.180352
1391 0.181507
1392 0.16747
1393 0.178633
1394 0.177056
1395 0.183721
1396 0.187241
1397 0.177599
1398 0.194692
1399 0.168136
1400 0.181571
1401 0.164305
1402 0.170783
1403 0.167031
1404 0.179568
1405 0.18007
1406 0.182035
1407 0.181677
1408 0.177823
1409 0.177742
1410 0.169864
1411 0.177844
1412 0.175753
1413 0.164106
1414 0.169358
1415 0.174036
1416 0.180759
1417 0.180266
1418 0.178304
1419 0.172658
1420 0.179303
1421 0.169587
1422 0.187288
1423 0.171046
1424 0.185915
1425 0.184454
1426 0.176423
1427 0.166934
1428 0.164622
1429 0.171951
1430 0.16097
1431 0.175758
1432 0.177713
1433 0.177365
1434 0.182164
1435 0.179902
1436 0.183233
1437 0.189338
1438 0.190195
1439 0.188095
1440 0.193142
1441 0.182994
1442 0.16901
1443 0.187355
1444 0.172072
1445 0.164854
1446 0.165655
1447 0.171959
1448 0.158546
1449 0.162296
1450 0.160601
1451 0.167874
1452 0.160892
1453 0.162329
1454 0.179426
1455 0.175962
1456 0.160976
1457 0.172337
1458 0.1621
1459 0.158149
1460 0.159108
1461 0.159718
1462 0.159622
1463 0.174449
1464 0.176135
1465 0.174579
1466 0.166611
1467 0.165829
1468 0.165141
1469 0.172999
1470 0.156373
1471 0.163725
1472 0.17008
1473 0.156477
1474 0.171121
1475 0.175111
1476 0.163774
1477 0.178663
1478 0.170623
1479 0.177811
1480 0.166318
1481 0.176048
1482 0.160693
1483 0.166413
1484 0.167373
1485 0.16574
1486 0.173649
1487 0.159868
1488 0.163325
1489 0.181481
1490 0.159755
1491 0.16989
1492 0.161966
1493 0.181158
1494 0.167815
1495 0.183544
1496 0.185232
1497 0.169615
1498 0.189977
1499 0.179531
1500 0.187824
1501 0.182266
1502 0.185349
1503 0.182101
1504 0.172356
1505 0.179519
1506 0.166233
1507 0.155619
1508 0.171489
1509 0.164676
1510 0.176403
1511 0.187717
1512 0.162334
1513 0.190615
1514 0.167546
1515 0.166222
1516 0.169057
1517 0.181325
1518 0.180097
1519 0.181393
1520 0.179519
1521 0.18132
1522 0.174456
1523 0.162035
1524 0.162106
1525 0.157926
1526 0.168185
1527 0.177555
1528 0.173783
1529 0.178883
1530 0.185383
1531 0.181701
1532 0.166665
1533 0.168847
1534 0.180449
1535 0.158699
1536 0.164888
1537 0.163639
1538 0.158692
1539 0.161236
1540 0.169752
1541 0.163604
1542 0.157805
1543 0.173294
1544 0.181107
1545 0.168925
1546 0.16843
1547 0.186555
1548 0.173574
1549 0.18682
1550 0.179361
1551 0.16671
1552 0.18052
1553 0.164426
1554 0.172269
1555 0.17376
1556 0.170449
1557 0.173496
1558 0.168754
1559 0.172774
1560 0.167715
1561 0.183117
1562 0.16598
1563 0.166636
1564 0.172171
1565 0.173823
1566 0.155851
1567 0.17515
1568 0.179396
1569 0.16276
1570 0.179203
1571 0.184468
1572 0.184987
1573 0.170001
1574 0.185342
1575 0.166241
1576 0.158634
1577 0.173372
1578 0.167374
1579 0.155323
1580 0.171366
1581 0.180858
1582 0.170554
1583 0.165222
1584 0.1777
1585 0.174009
1586 0.17182
1587 0.176177
1588 0.180125
1589 0.182426
1590 0.171946
1591 0.168795
1592 0.17064
1593 0.178227
1594 0.182957
1595 0.1685
1596 0.182008
1597 0.179358
1598 0.175093
1599 0.170719
1600 0.178706
1601 0.174752
1602 0.17954
1603 0.169399
1604 0.168508
1605 0.160848
1606 0.176291
1607 0.16727
1608 0.166512
1609 0.165116
1610 0.17772
1611 0.179011
1612 0.169651
1613 0.163065
1614 0.164735
1615 0.156139
1616 0.16373
1617 0.154739
1618 0.171712
1619 0.17364
1620 0.171901
1621 0.187107
1622 0.176314
1623 0.188097
1624 0.185607
1625 0.166763
1626 0.175438
1627 0.171675
1628 0.177528
1629 0.164808
1630 0.162868
1631 0.168515
1632 0.159343
1633 0.17303
1634 0.167198
1635 0.169001
1636 0.168305
1637 0.184077
1638 0.17228
1639 0.166213
1640 0.173376
1641 0.157597
1642 0.179333
1643 0.173091
1644 0.172906
1645 0.187664
1646 0.182024
1647 0.176284
1648 0.185994
1649 0.178424
1650 0.177431
1651 0.163899
1652 0.186302
1653 0.178002
1654 0.163038
1655 0.16707
1656 0.158996
1657 0.163009
1658 0.168405
1659 0.175366
1660 0.175387
1661 0.178993
1662 0.181845
1663 0.165447
1664 0.167791
1665 0.169666
1666 0.156503
1667 0.1641
1668 0.165386
1669 0.175037
1670 0.180865
1671 0.167347
1672 0.184026
1673 0.183944
1674 0.166358
1675 0.165315
1676 0.167713
1677 0.180549
1678 0.171657
1679 0.179032
1680 0.167172
1681 0.187772
1682 0.180934
1683 0.17213
1684 0.185921
1685 0.167114
1686 0.169876
1687 0.164133
1688 0.177442
1689 0.180358
1690 0.161967
1691 0.172384
1692 0.162586
1693 0.169814
1694 0.163331
1695 0.180158
1696 0.167832
1697 0.161293
1698 0.164386
1699 0.159008
1700 0.161852
1701 0.160509
1702 0.15921
1703 0.165157
1704 0.16093
1705 0.175661
1706 0.185688
1707 0.167231
1708 0.175251
1709 0.180825
1710 0.17136
1711 0.168306
1712 0.176902
1713 0.177026
1714 0.183081
1715 0.18238
1716 0.190748
1717 0.178726
1718 0.165112
1719 0.176399
1720 0.163334
1721 0.168287
1722 0.171737
1723 0.180882
1724 0.183715
1725 0.173194
1726 0.174779
1727 0.189682
1728 0.165673
1729 0.173911
1730 0.17894
1731 0.166785
1732 0.173184
1733 0.171632
1734 0.162711
1735 0.182397
1736 0.168703
1737 0.172618
1738 0.168573
1739 0.160701
1740 0.178298
1741 0.180779
1742 0.182659
1743 0.188921
1744 0.181323
1745 0.191993
1746 0.168131
1747 0.167821
1748 0.170285
1749 0.154662
1750 0.176349
1751 0.176718
1752 0.173247
1753 0.171474
1754 0.16999
1755 0.165687
1756 0.154121
1757 0.172051
1758 0.174807
1759 0.162906
1760 0.16455
1761 0.180345
1762 0.17155
1763 0.166483
1764 0.160178
1765 0.177508
1766 0.17571
1767 0.171056
1768 0.170527
1769 0.175983
1770 0.161489
1771 0.161229
1772 0.178966
1773 0.160979
1774 0.162003
1775 0.168863
1776 0.164913
1777 0.164291
1778 0.16782
1779 0.175858
1780 0.186651
1781 0.163967
1782 0.174654
1783 0.164327
1784 0.169395
1785 0.166363
1786 0.170263
1787 0.174671
1788 0.174622
1789 0.170901
1790 0.174691
1791 0.181236
1792 0.18767
1793 0.170035
1794 0.177121
1795 0.179898
1796 0.176776
1797 0.15995
1798 0.177086
1799 0.175606
1800 0.164043
1801 0.173623
1802 0.182963
1803 0.166425
1804 0.181413
1805 0.185525
1806 0.184243
1807 0.175945
1808 0.182815
1809 0.186505
1810 0.175056
1811 0.165489
1812 0.1639
1813 0.168618
1814 0.156295
1815 0.176285
1816 0.163853
1817 0.162275
1818 0.178322
1819 0.171
1820 0.172312
1821 0.163616
1822 0.163865
1823 0.179539
1824 0.159482
1825 0.181122
1826 0.183005
1827 0.180961
1828 0.18687
1829 0.183425
1830 0.169403
1831 0.166307
1832 0.168293
1833 0.18138
1834 0.157602
1835 0.158194
1836 0.177112
1837 0.181301
1838 0.15993
1839 0.160325
1840 0.175686
1841 0.182891
1842 0.159199
1843 0.178175
1844 0.16931
1845 0.180259
1846 0.169633
1847 0.185434
1848 0.171621
1849 0.185753
1850 0.18219
1851 0.172659
1852 0.185931
1853 0.189742
1854 0.181898
1855 0.192277
1856 0.178612
1857 0.184043
1858 0.182089
1859 0.183992
1860 0.18245
1861 0.175261
1862 0.166848
1863 0.181144
1864 0.161582
1865 0.176897
1866 0.176618
1867 0.179623
1868 0.189229
1869 0.168582
1870 0.180948
1871 0.182569
1872 0.176566
1873 0.16465
1874 0.160265
1875 0.1609
1876 0.152971
1877 0.164226
1878 0.170769
1879 0.1668
1880 0.173187
1881 0.18006
1882 0.166749
1883 0.183001
1884 0.185935
1885 0.182336
1886 0.16469
1887 0.18982
1888 0.169236
1889 0.160003
1890 0.18251
1891 0.178834
1892 0.17605
1893 0.174677
1894 0.169405
1895 0.164054
1896 0.174425
1897 0.166947
1898 0.159816
1899 0.158782
1900 0.181257
1901 0.162616
1902 0.16026
1903 0.176153
1904 0.178491
1905 0.16514
1906 0.164805
1907 0.169334
1908 0.164901
1909 0.170431
1910 0.16078
1911 0.166887
1912 0.175498
1913 0.183835
1914 0.189187
1915 0.168728
1916 0.190902
1917 0.17179
1918 0.160475
1919 0.166883
1920 0.1771
1921 0.164847
1922 0.167398
1923 0.160159
1924 0.158724
1925 0.168875
1926 0.176003
1927 0.159785
1928 0.179145
1929 0.180425
1930 0.172864
1931 0.186566
1932 0.167297
1933 0.169414
1934 0.17346
1935 0.170883
1936 0.162598
1937 0.158069
1938 0.180466
1939 0.176844
1940 0.163303
1941 0.18482
1942 0.163988
1943 0.186956
1944 0.170482
1945 0.163644
1946 0.186257
1947 0.161097
1948 0.173783
1949 0.176124
1950 0.167009
1951 0.1762
1952 0.174391
1953 0.18588
1954 0.186162
1955 0.168709
1956 0.170237
1957 0.171398
1958 0.176592
1959 0.172524
1960 0.178019
1961 0.164503
1962 0.178353
1963 0.182787
1964 0.169951
1965 0.17482
1966 0.171537
1967 0.172988
1968 0.18432
1969 0.185598
1970 0.184574
1971 0.191605
1972 0.185074
1973 0.193216
1974 0.175809
1975 0.18642
1976 0.173265
1977 0.169984
1978 0.181424
1979 0.170856
1980 0.165048
1981 0.156842
1982 0.180315
1983 0.171695
1984 0.171636
1985 0.166165
1986 0.184612
1987 0.183366
1988 0.189011
1989 0.171156
1990 0.173914
1991 0.171599
1992 0.160519
1993 0.17625
1994 0.18185
1995 0.170773
1996 0.180523
1997 0.177875
1998 0.177873
1999 0.182459
2000 0.16566
2001 0.16226
2002 0.160121
2003 0.158549
2004 0.156295
2005 0.167107
2006 0.157507
2007 0.17301
2008 0.163483
2009 0.162041
2010 0.175016
2011 0.181077
2012 0.170448
2013 0.182308
2014 0.179067
2015 0.170718
2016 0.182276
2017 0.162911
2018 0.176185
2019 0.161578
2020 0.182107
2021 0.169686
2022 0.172936
2023 0.184053
2024 0.173777
2025 0.17738
2026 0.170989
2027 0.18091
2028 0.182268
2029 0.171143
2030 0.177592
2031 0.165934
2032 0.166704
2033 0.172326
2034 0.175869
2035 0.179318
2036 0.173918
2037 0.181158
2038 0.166154
2039 0.161071
2040 0.167504
2041 0.169591
2042 0.171869
2043 0.180269
2044 0.162618
2045 0.182194
2046 0.173284
2047 0.186485
2048 0.176616
2049 0.184492
2050 0.1709
2051 0.166604
2052 0.167234
2053 0.174929
2054 0.17794
2055 0.175961
2056 0.16318
2057 0.181248
2058 0.16624
2059 0.176191
2060 0.18384
2061 0.171906
2062 0.162364
2063 0.181063
2064 0.164226
2065 0.158374
2066 0.16776
2067 0.16055
2068 0.169863
2069 0.166016
2070 0.163418
2071 0.168562
2072 0.15539
2073 0.171338
2074 0.174163
2075 0.162126
2076 0.174262
2077 0.187619
2078 0.162147
2079 0.180284
2080 0.187249
2081 0.171795
2082 0.168482
2083 0.181166
2084 0.159756
2085 0.181094
2086 0.172486
2087 0.169812
2088 0.179837
2089 0.181193
2090 0.182352
2091 0.181834
2092 0.17892
2093 0.179209
2094 0.187412
2095 0.186234
2096 0.182748
2097 0.184191
2098 0.178253
2099 0
