0 -10.1105
1 -2.69673
2 -0.360479
3 0.494336
4 0.652469
5 0.586588
6 0.465879
7 0.466452
8 0.418596
9 0.412816
10 0.464471
11 0.414509
12 0.455856
13 0.498286
14 0.457041
15 0.513305
16 0.354314
17 0.373407
18 0.452148
19 0.451628
20 0.347853
21 0.424128
22 0.321685
23 0.314697
24 0.347847
25 0.297139
26 0.455171
27 0.454353
28 0.393016
29 0.329182
30 0.517233
31 0.294173
32 0.463458
33 0.277082
34 0.482404
35 0.359191
36 0.411134
37 0.298295
38 0.446506
39 0.362431
40 0.359552
41 0.331713
42 0.311221
43 0.403732
44 0.36201
45 0.310803
46 0.470713
47 0.501423
48 0.38853
49 0.433486
50 0.348651
51 0.412012
52 0.357026
53 0.448838
54 0.410046
55 0.460073
56 0.450755
57 0.497786
58 0.515195
59 0.514455
60 0.530506
61 0.399732
62 0.303903
63 0.414507
64 0.315598
65 0.411863
66 0.331658
67 0.367542
68 0.427573
69 0.275281
70 0.375815
71 0.46543
72 0.496089
73 0.523615
74 0.368604
75 0.47007
76 0.423995
77 0.417779
78 0.362991
79 0.406916
80 0.38343
81 0.379765
82 0.310428
83 0.405712
84 0.26064
85 0.447075
86 0.345129
87 0.285824
88 0.375055
89 0.502603
90 0.548888
91 0.338488
92 0.434185
93 0.510392
94 0.542832
95 0.360777
96 0.256395
97 0.439204
98 0.366134
99 0.307355
100 0.333479
101 0.344906
102 0.460593
103 0.530462
104 0.299583
105 0.470801
106 0.490386
107 0.434196
108 0.448637
109 0.526018
110 0.535457
111 0.508116
112 0.374195
113 0.364084
114 0.358765
115 0.382631
116 0.273096
117 0.265182
118 0.362469
119 0.435784
120 0.406452
121 0.436399
122 0.326155
123 0.284336
124 0.414209
125 0.44438
126 0.335196
127 0.240359
128 0.406545
129 0.389071
130 0.379101
131 0.381331
132 0.514623
133 0.492703
134 0.534212
135 0.46608
136 0.400042
137 0.317964
138 0.254688
139 0.298719
140 0.334726
141 0.486305
142 0.393106
143 0.298168
144 0.376648
145 0.497232
146 0.302427
147 0.450324
148 0.448836
149 0.512069
150 0.437942
151 0.448734
152 0.45519
153 0.531999
154 0.429439
155 0.277482
156 0.475282
157 0.296048
158 0.30827
159 0.383889
160 0.37719
161 0.261346
162 0.465746
163 0.518567
164 0.375996
165 0.336022
166 0.504569
167 0.31535
168 0.378865
169 0.366052
170 0.270618
171 0.461901
172 0.375861
173 0.348065
174 0.437287
175 0.345007
176 0.377621
177 0.265735
178 0.438114
179 0.295686
180 0.38201
181 0.499565
182 0.538514
183 0.409329
184 0.287726
185 0.285839
186 0.245507
187 0.342701
188 0.384829
189 0.287493
190 0.392683
191 0.461268
192 0.457095
193 0.27402
194 0.438663
195 0.29814
196 0.380605
197 0.316165
198 0.378574
199 0.261337
200 0.411293
201 0.388371
202 0.392088
203 0.319129
204 0.367476
205 0.366428
206 0.319536
207 0.423156
208 0.489376
209 0.349811
210 0.339447
211 0.294739
212 0.388403
213 0.336505
214 0.479742
215 0.40182
216 0.369102
217 0.409601
218 0.465987
219 0.414845
220 0.400815
221 0.338183
222 0.346962
223 0.476405
224 0.303765
225 0.43016
226 0.499207
227 0.382039
228 0.397872
229 0.343629
230 0.324737
231 0.439733
232 0.420067
233 0.419601
234 0.511331
235 0.396012
236 0.465338
237 0.286421
238 0.401355
239 0.379165
240 0.289195
241 0.435881
242 0.327129
243 0.375507
244 0.325817
245 0.380377
246 0.363059
247 0.291549
248 0.347146
249 0.403336
250 0.513495
251 0.56453
252 0.401743
253 0.296163
254 0.441749
255 0.458064
256 0.516106
257 0.462967
258 0.31285
259 0.364079
260 0.487345
261 0.501902
262 0.491141
263 0.33074
264 0.430727
265 0.50432
266 0.434885
267 0.454697
268 0.515893
269 0.556541
270 0.476311
271 0.402962
272 0.283674
273 0.310991
274 0.357055
275 0.461847
276 0.452911
277 0.518552
278 0.367319
279 0.464299
280 0.363105
281 0.335602
282 0.494167
283 0.350336
284 0.288876
285 0.232972
286 0.393701
287 0.252608
288 0.464903
289 0.336719
290 0.460953
291 0.384571
292 0.496995
293 0.438459
294 0.483732
295 0.403118
296 0.419027
297 0.3262
298 0.31714
299 0.263428
300 0.440318
301 0.529533
302 0.459089
303 0.341166
304 0.299282
305 0.460549
306 0.328881
307 0.4291
308 0.520256
309 0.3747
310 0.447117
311 0.500368
312 0.452367
313 0.350177
314 0.368941
315 0.367774
316 0.378287
317 0.406741
318 0.417163
319 0.461864
320 0.478805
321 0.524743
322 0.488027
323 0.537704
324 0.50545
325 0.324406
326 0.433938
327 0.48073
328 0.441892
329 0.512898
330 0.532949
331 0.454668
332 0.468134
333 0.550835
334 0.432467
335 0.454527
336 0.313142
337 0.376315
338 0.273403
339 0.438229
340 0.294922
341 0.423824
342 0.526508
343 0.389107
344 0.466659
345 0.420819
346 0.342475
347 0.330396
348 0.230164
349 0.460025
350 0.42386
351 0.411885
352 0.382419
353 0.385314
354 0.304128
355 0.282666
356 0.430995
357 0.340787
358 0.370404
359 0.450756
360 0.300161
361 0.247093
362 0.420707
363 0.365585
364 0.493913
365 0.468557
366 0.512673
367 0.39996
368 0.450079
369 0.370092
370 0.333598
371 0.379998
372 0.302502
373 0.347898
374 0.30309
375 0.295322
376 0.261227
377 0.384891
378 0.438135
379 0.302337
380 0.418399
381 0.398691
382 0.281455
383 0.362863
384 0.263352
385 0.396283
386 0.350676
387 0.249174
388 0.39108
389 0.495267
390 0.360089
391 0.489802
392 0.516996
393 0.505027
394 0.42
395 0.365473
396 0.316662
397 0.410264
398 0.317999
399 0.400664
400 0.317913
401 0.434186
402 0.47994
403 0.512091
404 0.520587
405 0.487903
406 0.476508
407 0.540984
408 0.381746
409 0.471971
410 0.531479
411 0.554158
412 0.515818
413 0.405652
414 0.308997
415 0.446559
416 0.468869
417 0.462804
418 0.349017
419 0.391065
420 0.433515
421 0.395859
422 0.287612
423 0.48663
424 0.401435
425 0.412423
426 0.300512
427 0.331923
428 0.30197
429 0.371275
430 0.347561
431 0.461146
432 0.482661
433 0.555458
434 0.314231
435 0.431762
436 0.328465
437 0.309322
438 0.424887
439 0.33852
440 0.494248
441 0.501576
442 0.466974
443 0.338722
444 0.268211
445 0.242795
446 0.26481
447 0.334449
448 0.487947
449 0.312506
450 0.269457
451 0.417553
452 0.36812
453 0.280132
454 0.35587
455 0.496161
456 0.361578
457 0.360813
458 0.498588
459 0.379937
460 0.402743
461 0.383627
462 0.28014
463 0.364486
464 0.472183
465 0.525283
466 0.427626
467 0.341331
468 0.492928
469 0.348685
470 0.484466
471 0.474125
472 0.340319
473 0.413573
474 0.278401
475 0.476713
476 0.339109
477 0.34259
478 0.315788
479 0.450534
480 0.416799
481 0.462094
482 0.45997
483 0.379928
484 0.336448
485 0.480917
486 0.446158
487 0.373876
488 0.404729
489 0.398373
490 0.4382
491 0.501566
492 0.555585
493 0.38854
494 0.328303
495 0.479096
496 0.482299
497 0.497477
498 0.33496
499 0.405899
500 0.286536
501 0.352979
502 0.286668
503 0.488575
504 0.340585
505 0.436849
506 0.296881
507 0.498289
508 0.340559
509 0.38611
510 0.268427
511 0.371798
512 0.278267
513 0.471606
514 0.425291
515 0.468989
516 0.50586
517 0.457374
518 0.448769
519 0.403847
520 0.379144
521 0.372789
522 0.357248
523 0.269875
524 0.431356
525 0.493721
526 0.526012
527 0.33159
528 0.370346
529 0.314926
530 0.372328
531 0.323576
532 0.25168
533 0.402743
534 0.438938
535 0.36657
536 0.421736
537 0.54465
538 0.306075
539 0.479063
540 0.277662
541 0.46768
542 0.372892
543 0.325355
544 0.470176
545 0.338154
546 0.295126
547 0.292317
548 0.334335
549 0.497086
550 0.409356
551 0.274932
552 0.327119
553 0.511907
554 0.391197
555 0.280884
556 0.362711
557 0.327348
558 0.412555
559 0.289645
560 0.458327
561 0.340044
562 0.461868
563 0.540012
564 0.42604
565 0.489171
566 0.326638
567 0.458198
568 0.426954
569 0.524297
570 0.410298
571 0.284703
572 0.418688
573 0.406918
574 0.50164
575 0.418057
576 0.504253
577 0.496556
578 0.559302
579 0.345528
580 0.324829
581 0.38261
582 0.422947
583 0.383177
584 0.473748
585 0.412014
586 0.376743
587 0.411317
588 0.445212
589 0.504427
590 0.375078
591 0.323031
592 0.386492
593 0.344636
594 0.409597
595 0.295015
596 0.376595
597 0.313483
598 0.272155
599 0.413378
600 0.402116
601 0.425582
602 0.436381
603 0.383521
604 0.372031
605 0.270423
606 0.237567
607 0.464764
608 0.31335
609 0.426445
610 0.283665
611 0.303355
612 0.373019
613 0.479298
614 0.464665
615 0.319928
616 0.273655
617 0.402571
618 0.344229
619 0.287027
620 0.258609
621 0.420346
622 0.422681
623 0.454985
624 0.314613
625 0.447158
626 0.326844
627 0.27846
628 0.393491
629 0.397994
630 0.47661
631 0.472383
632 0.34955
633 0.40018
634 0.383105
635 0.344759
636 0.279872
637 0.383201
638 0.299136
639 0.25949
640 0.268337
641 0.252931
642 0.374739
643 0.400509
644 0.356532
645 0.360037
646 0.454579
647 0.319653
648 0.344901
649 0.256453
650 0.413899
651 0.362357
652 0.462228
653 0.465146
654 0.475929
655 0.338834
656 0.499934
657 0.529512
658 0.414756
659 0.275624
660 0.329245
661 0.431429
662 0.364778
663 0.247197
664 0.338358
665 0.471
666 0.351568
667 0.346537
668 0.477176
669 0.308873
670 0.463842
671 0.434342
672 0.304019
673 0.392586
674 0.515632
675 0.358372
676 0.377173
677 0.479442
678 0.49397
679 0.490515
680 0.333275
681 0.437185
682 0.425229
683 0.278119
684 0.382394
685 0.425573
686 0.388157
687 0.466969
688 0.532761
689 0.517632
690 0.320282
691 0.411909
692 0.444735
693 0.451078
694 0.355116
695 0.45172
696 0.455209
697 0.412286
698 0.491196
699 0.379594
700 0.445459
701 0.379969
702 0.408429
703 0.312473
704 0.299474
705 0.481119
706 0.434888
707 0.297111
708 0.360513
709 0.365811
710 0.389831
711 0.31124
712 0.410896
713 0.455515
714 0.295962
715 0.298582
716 0.254774
717 0.229256
718 0.36657
719 0.469791
720 0.397486
721 0.358909
722 0.291216
723 0.441418
724 0.393905
725 0.393028
726 0.298972
727 0.267765
728 0.432896
729 0.420798
730 0.511887
731 0.351112
732 0.41153
733 0.367946
734 0.485554
735 0.277617
736 0.430268
737 0.429913
738 0.507234
739 0.40625
740 0.312334
741 0.423184
742 0.406082
743 0.333739
744 0.314679
745 0.240773
746 0.432522
747 0.430004
748 0.494451
749 0.380793
750 0.477333
751 0.491476
752 0.510653
753 0.417491
754 0.301894
755 0.425461
756 0.496546
757 0.417817
758 0.479307
759 0.541064
760 0.526018
761 0.401589
762 0.512079
763 0.500379
764 0.473922
765 0.344673
766 0.268056
767 0.329273
768 0.430817
769 0.468608
770 0.534289
771 0.455908
772 0.344189
773 0.46638
774 0.518271
775 0.326269
776 0.271341
777 0.446849
778 0.333259
779 0.334049
780 0.472151
781 0.493943
782 0.434724
783 0.28865
784 0.447955
785 0.495582
786 0.407155
787 0.489038
788 0.372626
789 0.501362
790 0.405937
791 0.358612
792 0.361857
793 0.387489
794 0.355775
795 0.29045
796 0.300092
797 0.388559
798 0.502746
799 0.53793
800 0.318908
801 0.333623
802 0.389199
803 0.520907
804 0.40093
805 0.515558
806 0.32109
807 0.276111
808 0.429156
809 0.359507
810 0.33649
811 0.371414
812 0.45087
813 0.339923
814 0.423553
815 0.291522
816 0.22861
817 0.364269
818 0.448999
819 0.533268
820 0.352817
821 0.425079
822 0.5108
823 0.514158
824 0.333798
825 0.469828
826 0.469316
827 0.323718
828 0.407872
829 0.316532
830 0.325188
831 0.471833
832 0.388792
833 0.267501
834 0.338377
835 0.299306
836 0.236679
837 0.440893
838 0.486067
839 0.347535
840 0.430751
841 0.289361
842 0.457853
843 0.464735
844 0.500827
845 0.311327
846 0.298269
847 0.37367
848 0.388381
849 0.492015
850 0.344122
851 0.463441
852 0.358225
853 0.403379
854 0.277831
855 0.401935
856 0.445063
857 0.470094
858 0.383943
859 0.537994
860 0.315435
861 0.372197
862 0.391447
863 0.332906
864 0.487118
865 0.471671
866 0.550288
867 0.40391
868 0.328999
869 0.490106
870 0.341343
871 0.338547
872 0.297697
873 0.456239
874 0.356317
875 0.358355
876 0.34005
877 0.481552
878 0.393762
879 0.364307
880 0.40817
881 0.518604
882 0.56984
883 0.38219
884 0.42917
885 0.337114
886 0.501901
887 0.355811
888 0.276541
889 0.224104
890 0.461851
891 0.284364
892 0.424797
893 0.388352
894 0.287877
895 0.475838
896 0.511803
897 0.417282
898 0.288644
899 0.25971
900 0.220631
901 0.405078
902 0.513665
903 0.391525
904 0.4582
905 0.538718
906 0.5936
907 0.357291
908 0.298588
909 0.44033
910 0.454741
911 0.42041
912 0.52318
913 0.369976
914 0.337715
915 0.416344
916 0.382517
917 0.348896
918 0.458322
919 0.449221
920 0.467736
921 0.30531
922 0.345353
923 0.506092
924 0.386287
925 0.290613
926 0.240365
927 0.440128
928 0.385362
929 0.465813
930 0.477879
931 0.381511
932 0.470277
933 0.336355
934 0.320305
935 0.412092
936 0.425363
937 0.412789
938 0.494753
939 0.304113
940 0.345397
941 0.469288
942 0.32977
943 0.459733
944 0.450329
945 0.449497
946 0.433047
947 0.508388
948 0.531226
949 0.548817
950 0.412455
951 0.349175
952 0.406482
953 0.488595
954 0.397115
955 0.281498
956 0.470387
957 0.346062
958 0.39584
959 0.411624
960 0.49278
961 0.327862
962 0.338664
963 0.474783
964 0.29001
965 0.44033
966 0.535855
967 0.316375
968 0.403375
969 0.384166
970 0.284455
971 0.293785
972 0.365944
973 0.472104
974 0.347559
975 0.394529
976 0.523203
977 0.363757
978 0.507301
979 0.466058
980 0.404086
981 0.51389
982 0.411731
983 0.285661
984 0.279789
985 0.446455
986 0.41523
987 0.419919
988 0.477292
989 0.542381
990 0.56643
991 0.34319
992 0.266325
993 0.474802
994 0.449892
995 0.389363
996 0.34605
997 0.468389
998 0.3674
999 0.385523
1000 0.406562
1001 0.369255
1002 0.342741
1003 0.341569
1004 0.312599
1005 0.290632
1006 0.241136
1007 0.406503
1008 0.265262
1009 0.397509
1010 0.440025
1011 0.460995
1012 0.502423
1013 0.524543
1014 0.502014
1015 0.385154
1016 0.386004
1017 0.353981
1018 0.382843
1019 0.428265
1020 0.38719
1021 0.295684
1022 0.452838
1023 0.470332
1024 0.475597
1025 0.477632
1026 0.286805
1027 0.502235
1028 0.353452
1029 0.275895
1030 0.286804
1031 0.445448
1032 0.343332
1033 0.489378
1034 0.491554
1035 0.543081
1036 0.519799
1037 0.447076
1038 0.462495
1039 0.351569
1040 0.248848
1041 0.430389
1042 0.344747
1043 0.47021
1044 0.313767
1045 0.497167
1046 0.502156
1047 0.452101
1048 0.279793
1049 0.347448
1050 0.34549
1051 0.236513
1052 0.432042
1053 0.31989
1054 0.322307
1055 0.307222
1056 0.402252
1057 0.487576
1058 0.471495
1059 0.402114
1060 0.424847
1061 0.414463
1062 0.513369
1063 0.458439
1064 0.437222
1065 0.496887
1066 0.37944
1067 0.483827
1068 0.517571
1069 0.35119
1070 0.443453
1071 0.366882
1072 0.340064
1073 0.272343
1074 0.365202
1075 0.359588
1076 0.27813
1077 0.438509
1078 0.480886
1079 0.461987
1080 0.391791
1081 0.333496
1082 0.352979
1083 0.269247
1084 0.439695
1085 0.487253
1086 0.496006
1087 0.534849
1088 0.51589
1089 0.471694
1090 0.450986
1091 0.408717
1092 0.303281
1093 0.45195
1094 0.489033
1095 0.416345
1096 0.293804
1097 0.457876
1098 0.471712
1099 0.344164
1100 0.370704
1101 0.310102
1102 0.375991
1103 0.346093
1104 0.280432
1105 0.266117
1106 0.389648
1107 0.501956
1108 0.495052
1109 0.543572
1110 0.524351
1111 0.367541
1112 0.300466
1113 0.369754
1114 0.364558
1115 0.361169
1116 0.365697
1117 0.267018
1118 0.255539
1119 0.454939
1120 0.286878
1121 0.39278
1122 0.282653
1123 0.431782
1124 0.460262
1125 0.308742
1126 0.461925
1127 0.485782
1128 0.533396
1129 0.313633
1130 0.411486
1131 0.515507
1132 0.356789
1133 0.506336
1134 0.342459
1135 0.292033
1136 0.472238
1137 0.491035
1138 0.400995
1139 0.326839
1140 0.31874
1141 0.492893
1142 0.433812
1143 0.494318
1144 0.352046
1145 0.384625
1146 0.28663
1147 0.442571
1148 0.357518
1149 0.254988
1150 0.368005
1151 0.308586
1152 0.320937
1153 0.421084
1154 0.445745
1155 0.514894
1156 0.316756
1157 0.373532
1158 0.311379
1159 0.470515
1160 0.373334
1161 0.331933
1162 0.496828
1163 0.407559
1164 0.466602
1165 0.493619
1166 0.52284
1167 0.409823
1168 0.527079
1169 0.434149
1170 0.411355
1171 0.321355
1172 0.356244
1173 0.431198
1174 0.304502
1175 0.279881
1176 0.419633
1177 0.521504
1178 0.462653
1179 0.293923
1180 0.294941
1181 0.273429
1182 0.336863
1183 0.484395
1184 0.361385
1185 0.430683
1186 0.49626
1187 0.398964
1188 0.282723
1189 0.230785
1190 0.394247
1191 0.349087
1192 0.415079
1193 0.531179
1194 0.414153
1195 0.335086
1196 0.408014
1197 0.35426
1198 0.254984
1199 0.28974
1200 0.349136
1201 0.44676
1202 0.514488
1203 0.387249
1204 0.406761
1205 0.436863
1206 0.507909
1207 0.485306
1208 0.436552
1209 0.321582
1210 0.34486
1211 0.309141
1212 0.30715
1213 0.326426
1214 0.417925
1215 0.427063
1216 0.474335
1217 0.457224
1218 0.27681
1219 0.45611
1220 0.510906
1221 0.414446
1222 0.253383
1223 0.483386
1224 0.403382
1225 0.425263
1226 0.407199
1227 0.43396
1228 0.526194
1229 0.296618
1230 0.428877
1231 0.467302
1232 0.311729
1233 0.479264
1234 0.36054
1235 0.318792
1236 0.418528
1237 0.354742
1238 0.321624
1239 0.337317
1240 0.494522
1241 0.480683
1242 0.506464
1243 0.503573
1244 0.337826
1245 0.336033
1246 0.497786
1247 0.296258
1248 0.378267
1249 0.325531
1250 0.39588
1251 0.276158
1252 0.425791
1253 0.410616
1254 0.297685
1255 0.240899
1256 0.321406
1257 0.270302
1258 0.348409
1259 0.464591
1260 0.378775
1261 0.39226
1262 0.347658
1263 0.455218
1264 0.400719
1265 0.517858
1266 0.368778
1267 0.474418
1268 0.304519
1269 0.257809
1270 0.257611
1271 0.241907
1272 0.455838
1273 0.332683
1274 0.311372
1275 0.253319
1276 0.355292
1277 0.251213
1278 0.307787
1279 0.401782
1280 0.309386
1281 0.447068
1282 0.352742
1283 0.273046
1284 0.348858
1285 0.40378
1286 0.377501
1287 0.315529
1288 0.315806
1289 0.449226
1290 0.464058
1291 0.407148
1292 0.494752
1293 0.504537
1294 0.375869
1295 0.410944
1296 0.523367
1297 0.350799
1298 0.39421
1299 0.353836
1300 0.259225
1301 0.309681
1302 0.345804
1303 0.386093
1304 0.376582
1305 0.392884
1306 0.348192
1307 0.249695
1308 0.458617
1309 0.524831
1310 0.476345
1311 0.506935
1312 0.436725
1313 0.510579
1314 0.474318
1315 0.337812
1316 0.340138
1317 0.304408
1318 0.413847
1319 0.475796
1320 0.378572
1321 0.356466
1322 0.47129
1323 0.32527
1324 0.305585
1325 0.491943
1326 0.375505
1327 0.339354
1328 0.307907
1329 0.495659
1330 0.450279
1331 0.500916
1332 0.373449
1333 0.265688
1334 0.37195
1335 0.24888
1336 0.400022
1337 0.281524
1338 0.347546
1339 0.274377
1340 0.401065
1341 0.414138
1342 0.421755
1343 0.440198
1344 0.299457
1345 0.302317
1346 0.414511
1347 0.299868
1348 0.297711
1349 0.265639
1350 0.397361
1351 0.360693
1352 0.406891
1353 0.346171
1354 0.428974
1355 0.495113
1356 0.370059
1357 0.433847
1358 0.426807
1359 0.452513
1360 0.477149
1361 0.428186
1362 0.521332
1363 0.320882
1364 0.294453
1365 0.410221
1366 0.269147
1367 0.364991
1368 0.362789
1369 0.278454
1370 0.451097
1371 0.460948
1372 0.441011
1373 0.315684
1374 0.410499
1375 0.508362
1376 0.429876
1377 0.473277
1378 0.41469
1379 0.268749
1380 0.46829
1381 0.50326
1382 0.322431
1383 0.468586
1384 0.539409
1385 0.465857
1386 0.379137
1387 0.283415
1388 0.403457
1389 0.319422
1390 0.487325
1391 0.487695
1392 0.350654
1393 0.407203
1394 0.407966
1395 0.50855
1396 0.520492
1397 0.441301
1398 0.548608
1399 0.322318
1400 0.431958
1401 0.277787
1402 0.380941
1403 0.331164
1404 0.482852
1405 0.479933
1406 0.474339
1407 0.464504
1408 0.389424
1409 0.424517
1410 0.3326
1411 0.436358
1412 0.424129
1413 0.307613
1414 0.349523
1415 0.385505
1416 0.5029
1417 0.469203
1418 0.443628
1419 0.358624
1420 0.410214
1421 0.368157
1422 0.511355
1423 0.403952
1424 0.491328
1425 0.485116
1426 0.414483
1427 0.288208
1428 0.290862
1429 0.368504
1430 0.319722
1431 0.437792
1432 0.45628
1433 0.454561
1434 0.451068
1435 0.450447
1436 0.462472
1437 0.532225
1438 0.551153
1439 0.502135
1440 0.549888
1441 0.434511
1442 0.313754
1443 0.473317
1444 0.389368
1445 0.322134
1446 0.290582
1447 0.394004
1448 0.26667
1449 0.307981
1450 0.287287
1451 0.366332
1452 0.318177
1453 0.299513
1454 0.477264
1455 0.445361
1456 0.298589
1457 0.349939
1458 0.284855
1459 0.267525
1460 0.267869
1461 0.311808
1462 0.294877
1463 0.443026
1464 0.460303
1465 0.421777
1466 0.322853
1467 0.287091
1468 0.319379
1469 0.406738
1470 0.278204
1471 0.309827
1472 0.369202
1473 0.272647
1474 0.375785
1475 0.44581
1476 0.333055
1477 0.436931
1478 0.377613
1479 0.43264
1480 0.331955
1481 0.408234
1482 0.280202
1483 0.325786
1484 0.348271
1485 0.352777
1486 0.415772
1487 0.286664
1488 0.296143
1489 0.471537
1490 0.31269
1491 0.362277
1492 0.287447
1493 0.478908
1494 0.37026
1495 0.503786
1496 0.504626
1497 0.355946
1498 0.508685
1499 0.441882
1500 0.530914
1501 0.453112
1502 0.491882
1503 0.438498
1504 0.35852
1505 0.42387
1506 0.312874
1507 0.233318
1508 0.35398
1509 0.362445
1510 0.453402
1511 0.552195
1512 0.312657
1513 0.496723
1514 0.340481
1515 0.306376
1516 0.341669
1517 0.494129
1518 0.48807
1519 0.484553
1520 0.42088
1521 0.438045
1522 0.378134
1523 0.269162
1524 0.27481
1525 0.252853
1526 0.384429
1527 0.476473
1528 0.444036
1529 0.441825
1530 0.483219
1531 0.466045
1532 0.303072
1533 0.323957
1534 0.446937
1535 0.290275
1536 0.314266
1537 0.298193
1538 0.284452
1539 0.290034
1540 0.399337
1541 0.338387
1542 0.264831
1543 0.397565
1544 0.491324
1545 0.397723
1546 0.328472
1547 0.502193
1548 0.41062
1549 0.516289
1550 0.448336
1551 0.306485
1552 0.423356
1553 0.306335
1554 0.391788
1555 0.406063
1556 0.389341
1557 0.393635
1558 0.344674
1559 0.389819
1560 0.339699
1561 0.501943
1562 0.338497
1563 0.324492
1564 0.36421
1565 0.410493
1566 0.256502
1567 0.395661
1568 0.483476
1569 0.318634
1570 0.435913
1571 0.500526
1572 0.515722
1573 0.355408
1574 0.459118
1575 0.31555
1576 0.23388
1577 0.384473
1578 0.376441
1579 0.257262
1580 0.372445
1581 0.48882
1582 0.404582
1583 0.310338
1584 0.411352
1585 0.408508
1586 0.393852
1587 0.421089
1588 0.4599
1589 0.480838
1590 0.370751
1591 0.323605
1592 0.344298
1593 0.451023
1594 0.513556
1595 0.364161
1596 0.446438
1597 0.430152
1598 0.408812
1599 0.352285
1600 0.435306
1601 0.414582
1602 0.45272
1603 0.355968
1604 0.324871
1605 0.265777
1606 0.422322
1607 0.37728
1608 0.352422
1609 0.312183
1610 0.438799
1611 0.467971
1612 0.379406
1613 0.278337
1614 0.286217
1615 0.239723
1616 0.324768
1617 0.26833
1618 0.410832
1619 0.437662
1620 0.408127
1621 0.515637
1622 0.425754
1623 0.512056
1624 0.491653
1625 0.318159
1626 0.362164
1627 0.370016
1628 0.446481
1629 0.329432
1630 0.292244
1631 0.33156
1632 0.285011
1633 0.408899
1634 0.371939
1635 0.376712
1636 0.341746
1637 0.503547
1638 0.399618
1639 0.325819
1640 0.366855
1641 0.247273
1642 0.458436
1643 0.424086
1644 0.423774
1645 0.510253
1646 0.47968
1647 0.402644
1648 0.470498
1649 0.441457
1650 0.407374
1651 0.296146
1652 0.487923
1653 0.458551
1654 0.311196
1655 0.291521
1656 0.256481
1657 0.299478
1658 0.390642
1659 0.460988
1660 0.439204
1661 0.450925
1662 0.447493
1663 0.311422
1664 0.305633
1665 0.356457
1666 0.262467
1667 0.315795
1668 0.352201
1669 0.437797
1670 0.498907
1671 0.349006
1672 0.465723
1673 0.487588
1674 0.327725
1675 0.288727
1676 0.32114
1677 0.485555
1678 0.418825
1679 0.458066
1680 0.3218
1681 0.501527
1682 0.474225
1683 0.384555
1684 0.485452
1685 0.323585
1686 0.340912
1687 0.290611
1688 0.448902
1689 0.491667
1690 0.310576
1691 0.355993
1692 0.272522
1693 0.373182
1694 0.320004
1695 0.4912
1696 0.366286
1697 0.277854
1698 0.285344
1699 0.260778
1700 0.322444
1701 0.303878
1702 0.306118
1703 0.332125
1704 0.306453
1705 0.440281
1706 0.537485
1707 0.374144
1708 0.370675
1709 0.445128
1710 0.378255
1711 0.34121
1712 0.426524
1713 0.436052
1714 0.502677
1715 0.472246
1716 0.544443
1717 0.420013
1718 0.274048
1719 0.378218
1720 0.301338
1721 0.371291
1722 0.393513
1723 0.49485
1724 0.503155
1725 0.384392
1726 0.374827
1727 0.513539
1728 0.34484
1729 0.373189
1730 0.43714
1731 0.345842
1732 0.378691
1733 0.384464
1734 0.296357
1735 0.479743
1736 0.374798
1737 0.392368
1738 0.336788
1739 0.269423
1740 0.440933
1741 0.498438
1742 0.518908
1743 0.525108
1744 0.445332
1745 0.520927
1746 0.315065
1747 0.30758
1748 0.33418
1749 0.248662
1750 0.429882
1751 0.471753
1752 0.427696
1753 0.352818
1754 0.346774
1755 0.29843
1756 0.226279
1757 0.392309
1758 0.455685
1759 0.345017
1760 0.290459
1761 0.457123
1762 0.394412
1763 0.34767
1764 0.258691
1765 0.424068
1766 0.455957
1767 0.393063
1768 0.367497
1769 0.395406
1770 0.285857
1771 0.272467
1772 0.453721
1773 0.329835
1774 0.292564
1775 0.349943
1776 0.332547
1777 0.329465
1778 0.360978
1779 0.439243
1780 0.546111
1781 0.318349
1782 0.370511
1783 0.283338
1784 0.361144
1785 0.349745
1786 0.392466
1787 0.427134
1788 0.41307
1789 0.373614
1790 0.388274
1791 0.473017
1792 0.539556
1793 0.36747
1794 0.392886
1795 0.423179
1796 0.434711
1797 0.261769
1798 0.411398
1799 0.428696
1800 0.326992
1801 0.390348
1802 0.483021
1803 0.355319
1804 0.447621
1805 0.510165
1806 0.504238
1807 0.39654
1808 0.450153
1809 0.491116
1810 0.410588
1811 0.292839
1812 0.271808
1813 0.348839
1814 0.260239
1815 0.451604
1816 0.33787
1817 0.307008
1818 0.428418
1819 0.39823
1820 0.401012
1821 0.291309
1822 0.304878
1823 0.446018
1824 0.31175
1825 0.471302
1826 0.497106
1827 0.48793
1828 0.485982
1829 0.474959
1830 0.317622
1831 0.287974
1832 0.337243
1833 0.484913
1834 0.299048
1835 0.230912
1836 0.421621
1837 0.50614
1838 0.306287
1839 0.252375
1840 0.389168
1841 0.524886
1842 0.296706
1843 0.424505
1844 0.349635
1845 0.459949
1846 0.373108
1847 0.501971
1848 0.387697
1849 0.488816
1850 0.47162
1851 0.375829
1852 0.480943
1853 0.545568
1854 0.475726
1855 0.541186
1856 0.412797
1857 0.452141
1858 0.444777
1859 0.486337
1860 0.467313
1861 0.393638
1862 0.301647
1863 0.435068
1864 0.303265
1865 0.426413
1866 0.442208
1867 0.469641
1868 0.535049
1869 0.342501
1870 0.418865
1871 0.461366
1872 0.436249
1873 0.29781
1874 0.246481
1875 0.260834
1876 0.227152
1877 0.34882
1878 0.420813
1879 0.384862
1880 0.393468
1881 0.457592
1882 0.336525
1883 0.468199
1884 0.525921
1885 0.486368
1886 0.292607
1887 0.49408
1888 0.358047
1889 0.265266
1890 0.458315
1891 0.484318
1892 0.439358
1893 0.387274
1894 0.332332
1895 0.279868
1896 0.407647
1897 0.363474
1898 0.290205
1899 0.252652
1900 0.474461
1901 0.34412
1902 0.280934
1903 0.412406
1904 0.467785
1905 0.34305
1906 0.297714
1907 0.342703
1908 0.329938
1909 0.388665
1910 0.30141
1911 0.340397
1912 0.427126
1913 0.523243
1914 0.565017
1915 0.342068
1916 0.502944
1917 0.354182
1918 0.259443
1919 0.305149
1920 0.454214
1921 0.360107
1922 0.344174
1923 0.265229
1924 0.24615
1925 0.3728
1926 0.465562
1927 0.314612
1928 0.438928
1929 0.4625
1930 0.403808
1931 0.497081
1932 0.338561
1933 0.328866
1934 0.375557
1935 0.3926
1936 0.303074
1937 0.254732
1938 0.460516
1939 0.472421
1940 0.32937
1941 0.470398
1942 0.314279
1943 0.503365
1944 0.380218
1945 0.303179
1946 0.484416
1947 0.308132
1948 0.387793
1949 0.419742
1950 0.358002
1951 0.407293
1952 0.415785
1953 0.514661
1954 0.521283
1955 0.343597
1956 0.307435
1957 0.353883
1958 0.433984
1959 0.420881
1960 0.447904
1961 0.301769
1962 0.418818
1963 0.480933
1964 0.38969
1965 0.389105
1966 0.362122
1967 0.388629
1968 0.495895
1969 0.538022
1970 0.494065
1971 0.536599
1972 0.471128
1973 0.536797
1974 0.394088
1975 0.471522
1976 0.374483
1977 0.341744
1978 0.451937
1979 0.387213
1980 0.31349
1981 0.221609
1982 0.455942
1983 0.42474
1984 0.411151
1985 0.314954
1986 0.484409
1987 0.503111
1988 0.552556
1989 0.361287
1990 0.344257
1991 0.343666
1992 0.272337
1993 0.43464
1994 0.51102
1995 0.402459
1996 0.436252
1997 0.413188
1998 0.426615
1999 0.466713
2000 0.325986
2001 0.260722
2002 0.251379
2003 0.271938
2004 0.268598
2005 0.381025
2006 0.288161
2007 0.412938
2008 0.320962
2009 0.298858
2010 0.413666
2011 0.498021
2012 0.400766
2013 0.457243
2014 0.439454
2015 0.352666
2016 0.455924
2017 0.300939
2018 0.407009
2019 0.292429
2020 0.479471
2021 0.384813
2022 0.395509
2023 0.48233
2024 0.405212
2025 0.419294
2026 0.352507
2027 0.459522
2028 0.479832
2029 0.384347
2030 0.406251
2031 0.305263
2032 0.322755
2033 0.382592
2034 0.456019
2035 0.46942
2036 0.404121
2037 0.444668
2038 0.303558
2039 0.263743
2040 0.322724
2041 0.399684
2042 0.41757
2043 0.479875
2044 0.302542
2045 0.438856
2046 0.403945
2047 0.520907
2048 0.435915
2049 0.483235
2050 0.341728
2051 0.30271
2052 0.310523
2053 0.429561
2054 0.47469
2055 0.439479
2056 0.28991
2057 0.423998
2058 0.339706
2059 0.425138
2060 0.507824
2061 0.399798
2062 0.263325
2063 0.431908
2064 0.322256
2065 0.266998
2066 0.338368
2067 0.303539
2068 0.386792
2069 0.349431
2070 0.323096
2071 0.345016
2072 0.24484
2073 0.381722
2074 0.436711
2075 0.331781
2076 0.390285
2077 0.538825
2078 0.307082
2079 0.431727
2080 0.519839
2081 0.395349
2082 0.32719
2083 0.432662
2084 0.281564
2085 0.455614
2086 0.410753
2087 0.375237
2088 0.436411
2089 0.476835
2090 0.476751
2091 0.463975
2092 0.425537
2093 0.4181
2094 0.513883
2095 0.510909
2096 0.475368
2097 0.458737
2098 0.406605
2099 0
