0 -17.1325
1 3.72101
2 -4.49576
3 -9.08282
4 -11.1432
5 -11.3152
6 -11.6038
7 -11.5728
8 -10.4402
9 -13.2071
10 -7.69198
11 -4.96351
12 -1.08365
13 -0.040174
14 -0.0859824
15 0.188597
16 0.391596
17 0.243818
18 0.418544
19 0.271336
20 0.363344
21 0.434536
22 0.397936
23 0.338025
24 0.389743
25 0.402413
26 0.48853
27 0.46176
28 0.416705
29 0.37256
30 0.335199
31 0.436926
32 0.373054
33 0.288819
34 0.280827
35 0.264883
36 0.385384
37 0.493358
38 0.344572
39 0.366113
40 0.474059
41 0.56962
42 0.543441
43 0.604333
44 0.533764
45 0.557288
46 0.532395
47 0.523789
48 0.333466
49 0.29754
50 0.479371
51 0.338395
52 0.394846
53 0.444638
54 0.282491
55 0.419207
56 0.384809
57 0.349607
58 0.392089
59 0.238093
60 0.184612
61 0.178219
62 0.369112
63 0.254154
64 0.363074
65 0.328003
66 0.287406
67 0.291554
68 0.35138
69 0.5106
70 0.375787
71 0.316549
72 0.408039
73 0.423321
74 0.351203
75 0.251045
76 0.22037
77 0.26025
78 0.320871
79 0.2378
80 0.369979
81 0.44966
82 0.405976
83 0.515923
84 0.383662
85 0.476057
86 0.359924
87 0.335293
88 0.283037
89 0.199799
90 0.320536
91 0.301671
92 0.361551
93 0.263593
94 0.244968
95 0.353517
96 0.301092
97 0.25235
98 0.235073
99 0.3367
100 0.222621
101 0.209213
102 0.283528
103 0.453644
104 0.300744
105 0.248037
106 0.399348
107 0.351532
108 0.236146
109 0.239717
110 0.264854
111 0.293068
112 0.211642
113 0.245406
114 0.237483
115 0.407552
116 0.504133
117 0.538343
118 0.429557
119 0.335539
120 0.442912
121 0.324009
122 0.477751
123 0.380843
124 0.368645
125 0.367044
126 0.422039
127 0.400127
128 0.499549
129 0.475392
130 0.405119
131 0.390529
132 0.348253
133 0.345224
134 0.411609
135 0.32555
136 0.286137
137 0.462609
138 0.546674
139 0.471334
140 0.47756
141 0.527116
142 0.473852
143 0.295004
144 0.333209
145 0.249027
146 0.240009
147 0.437206
148 0.384431
149 0.434214
150 0.302199
151 0.379329
152 0.379261
153 0.437979
154 0.320993
155 0.379862
156 0.383873
157 0.397302
158 0.457422
159 0.514116
160 0.416691
161 0.287055
162 0.2847
163 0.239929
164 0.364801
165 0.455361
166 0.560692
167 0.530847
168 0.433649
169 0.353517
170 0.444678
171 0.48476
172 0.352342
173 0.383998
174 0.355721
175 0.310896
176 0.460091
177 0.296134
178 0.490521
179 0.487915
180 0.587029
181 0.423917
182 0.343144
183 0.491657
184 0.295559
185 0.433289
186 0.269999
187 0.4172
188 0.489616
189 0.432532
190 0.417245
191 0.541545
192 0.461957
193 0.539909
194 0.495371
195 0.412573
196 0.473866
197 0.288639
198 0.262928
199 0.191515
200 0.203074
201 0.372186
202 0.439353
203 0.445301
204 0.417231
205 0.471579
206 0.3405
207 0.247981
208 0.231843
209 0.43254
210 0.521962
211 0.29971
212 0.507229
213 0.43858
214 0.366714
215 0.354358
216 0.500086
217 0.312335
218 0.430176
219 0.478079
220 0.30254
221 0.497648
222 0.449766
223 0.307993
224 0.492801
225 0.411851
226 0.395112
227 0.454806
228 0.377864
229 0.261252
230 0.44864
231 0.49339
232 0.320829
233 0.43421
234 0.433412
235 0.50394
236 0.505762
237 0.59076
238 0.381574
239 0.470645
240 0.534659
241 0.39172
242 0.380123
243 0.26722
244 0.272044
245 0.295908
246 0.239377
247 0.471154
248 0.439735
249 0.292664
250 0.486182
251 0.396705
252 0.535379
253 0.371943
254 0.380509
255 0.303861
256 0.310666
257 0.376554
258 0.388552
259 0.364822
260 0.4489
261 0.509073
262 0.4304
263 0.310262
264 0.346872
265 0.387599
266 0.282423
267 0.485418
268 0.554086
269 0.360237
270 0.477655
271 0.427925
272 0.32334
273 0.343653
274 0.437078
275 0.489368
276 0.563166
277 0.417595
278 0.259334
279 0.486602
280 0.294342
281 0.479927
282 0.512239
283 0.311275
284 0.526247
285 0.306445
286 0.474272
287 0.398177
288 0.504571
289 0.484146
290 0.415801
291 0.546909
292 0.575145
293 0.564228
294 0.401885
295 0.486602
296 0.387575
297 0.462618
298 0.352252
299 0.388618
300 0.511592
301 0.439821
302 0.482105
303 0.416122
304 0.376037
305 0.248285
306 0.386818
307 0.473013
308 0.405119
309 0.44956
310 0.541412
311 0.593206
312 0.442108
313 0.27501
314 0.249475
315 0.248079
316 0.378722
317 0.420843
318 0.545476
319 0.350409
320 0.480294
321 0.40774
322 0.365714
323 0.524147
324 0.35344
325 0.446777
326 0.402014
327 0.442458
328 0.448036
329 0.445036
330 0.362829
331 0.420997
332 0.384982
333 0.372955
334 0.313428
335 0.371689
336 0.238968
337 0.367808
338 0.430874
339 0.344565
340 0.332705
341 0.31364
342 0.389029
343 0.427202
344 0.424805
345 0.299114
346 0.257473
347 0.287216
348 0.459157
349 0.352704
350 0.484232
351 0.346048
352 0.435587
353 0.538703
354 0.318376
355 0.516312
356 0.288386
357 0.365926
358 0.429921
359 0.54528
360 0.436366
361 0.464051
362 0.497684
363 0.333229
364 0.327397
365 0.401406
366 0.271739
367 0.340439
368 0.2484
369 0.39407
370 0.462496
371 0.312217
372 0.388621
373 0.249584
374 0.210749
375 0.257235
376 0.346574
377 0.351466
378 0.421245
379 0.50523
380 0.564849
381 0.519493
382 0.493483
383 0.389425
384 0.249357
385 0.322378
386 0.368633
387 0.273513
388 0.326394
389 0.312973
390 0.477046
391 0.461975
392 0.335581
393 0.292632
394 0.383839
395 0.412238
396 0.357806
397 0.246389
398 0.337395
399 0.366311
400 0.426244
401 0.369693
402 0.475793
403 0.506088
404 0.365715
405 0.440111
406 0.47821
407 0.310611
408 0.499379
409 0.497564
410 0.564311
411 0.463099
412 0.464233
413 0.530905
414 0.50798
415 0.499944
416 0.530074
417 0.396321
418 0.547987
419 0.503364
420 0.586864
421 0.384018
422 0.259512
423 0.408644
424 0.246255
425 0.251104
426 0.319489
427 0.243822
428 0.460206
429 0.382431
430 0.549766
431 0.373547
432 0.28433
433 0.305342
434 0.480762
435 0.516893
436 0.365151
437 0.541256
438 0.524625
439 0.373838
440 0.389618
441 0.466441
442 0.530215
443 0.508858
444 0.557949
445 0.552277
446 0.436545
447 0.339626
448 0.303359
449 0.401979
450 0.28628
451 0.363357
452 0.422835
453 0.470944
454 0.278775
455 0.251574
456 0.230039
457 0.289242
458 0.274927
459 0.392028
460 0.516436
461 0.508436
462 0.323349
463 0.480608
464 0.538237
465 0.453259
466 0.575256
467 0.605434
468 0.461572
469 0.451254
470 0.4646
471 0.335539
472 0.454624
473 0.338627
474 0.525505
475 0.514457
476 0.602645
477 0.575163
478 0.511871
479 0.610289
480 0.330082
481 0.458396
482 0.503379
483 0.537017
484 0.489562
485 0.355007
486 0.485079
487 0.50569
488 0.525866
489 0.362555
490 0.280895
491 0.4579
492 0.41847
493 0.269052
494 0.4139
495 0.287667
496 0.414277
497 0.384383
498 0.289664
499 0.297909
500 0.262824
501 0.370529
502 0.403211
503 0.442899
504 0.284555
505 0.501382
506 0.557631
507 0.534927
508 0.340699
509 0.358615
510 0.265568
511 0.275209
512 0.44468
513 0.372263
514 0.524948
515 0.449526
516 0.563627
517 0.526292
518 0.48489
519 0.488919
520 0.541121
521 0.388458
522 0.369704
523 0.341492
524 0.471511
525 0.320306
526 0.367846
527 0.487722
528 0.447497
529 0.46481
530 0.418865
531 0.484476
532 0.554037
533 0.605924
534 0.563692
535 0.458012
536 0.352975
537 0.430029
538 0.442037
539 0.379697
540 0.536869
541 0.504346
542 0.448192
543 0.347528
544 0.485119
545 0.534651
546 0.33855
547 0.278974
548 0.366964
549 0.416881
550 0.472532
551 0.406771
552 0.340707
553 0.356144
554 0.36434
555 0.499484
556 0.455594
557 0.361568
558 0.476086
559 0.554747
560 0.50698
561 0.42677
562 0.278523
563 0.39922
564 0.413679
565 0.424718
566 0.345789
567 0.411239
568 0.340309
569 0.325451
570 0.456454
571 0.472871
572 0.328101
573 0.330909
574 0.314377
575 0.206242
576 0.351122
577 0.460061
578 0.522936
579 0.349909
580 0.373946
581 0.37823
582 0.274184
583 0.358249
584 0.39961
585 0.537588
586 0.601871
587 0.634425
588 0.602992
589 0.417971
590 0.490394
591 0.381075
592 0.548042
593 0.318292
594 0.539119
595 0.394463
596 0.316553
597 0.464395
598 0.349399
599 0.475008
600 0.44972
601 0.373786
602 0.410766
603 0.490365
604 0.381846
605 0.464988
606 0.356933
607 0.3951
608 0.252613
609 0.445776
610 0.356529
611 0.244204
612 0.428728
613 0.24329
614 0.268516
615 0.308761
616 0.33097
617 0.253813
618 0.244736
619 0.353004
620 0.284367
621 0.269827
622 0.209316
623 0.29861
624 0.318134
625 0.425191
626 0.371984
627 0.544807
628 0.418888
629 0.322696
630 0.302528
631 0.459923
632 0.417454
633 0.36345
634 0.461329
635 0.427181
636 0.310111
637 0.279217
638 0.459119
639 0.338505
640 0.428328
641 0.351505
642 0.343393
643 0.508701
644 0.545753
645 0.519903
646 0.529811
647 0.472766
648 0.523472
649 0.331717
650 0.348022
651 0.302112
652 0.449848
653 0.467791
654 0.517756
655 0.478355
656 0.307389
657 0.389354
658 0.447289
659 0.368573
660 0.403258
661 0.26994
662 0.314353
663 0.276835
664 0.249569
665 0.291723
666 0.403729
667 0.310483
668 0.434506
669 0.449837
670 0.377818
671 0.257551
672 0.26161
673 0.228597
674 0.389614
675 0.332643
676 0.297845
677 0.471224
678 0.537315
679 0.307272
680 0.414257
681 0.430663
682 0.428173
683 0.562626
684 0.369185
685 0.280863
686 0.283299
687 0.371058
688 0.314666
689 0.317375
690 0.276697
691 0.219464
692 0.198021
693 0.336776
694 0.329398
695 0.255964
696 0.272426
697 0.30496
698 0.432887
699 0.386991
700 0.383976
701 0.387668
702 0.418644
703 0.473642
704 0.451689
705 0.433087
706 0.488263
707 0.568215
708 0.46918
709 0.4018
710 0.264094
711 0.248632
712 0.436139
713 0.264153
714 0.387898
715 0.266642
716 0.388751
717 0.503135
718 0.580526
719 0.503652
720 0.581082
721 0.464992
722 0.337938
723 0.307895
724 0.265556
725 0.442975
726 0.523463
727 0.372622
728 0.386027
729 0.516448
730 0.42941
731 0.291769
732 0.338606
733 0.22575
734 0.41551
735 0.335701
736 0.51131
737 0.460446
738 0.39777
739 0.449255
740 0.474857
741 0.391813
742 0.25863
743 0.406359
744 0.244377
745 0.301051
746 0.406681
747 0.271092
748 0.19919
749 0.236966
750 0.376778
751 0.244618
752 0.270107
753 0.388596
754 0.240653
755 0.414778
756 0.363921
757 0.238394
758 0.257015
759 0.377907
760 0.501276
761 0.439136
762 0.576298
763 0.477822
764 0.45421
765 0.280027
766 0.284355
767 0.308495
768 0.206236
769 0.363017
770 0.489567
771 0.5001
772 0.508458
773 0.357524
774 0.24517
775 0.188606
776 0.392597
777 0.320127
778 0.236825
779 0.186204
780 0.220852
781 0.402826
782 0.50903
783 0.332435
784 0.485352
785 0.360574
786 0.293522
787 0.316045
788 0.334972
789 0.400011
790 0.325114
791 0.316514
792 0.459033
793 0.465237
794 0.507837
795 0.400816
796 0.419862
797 0.293656
798 0.323335
799 0.283522
800 0.251301
801 0.23654
802 0.378868
803 0.329862
804 0.231468
805 0.234176
806 0.275505
807 0.220635
808 0.396039
809 0.316185
810 0.378801
811 0.347982
812 0.392853
813 0.490628
814 0.321184
815 0.310525
816 0.357903
817 0.345739
818 0.508586
819 0.560143
820 0.405962
821 0.390402
822 0.327992
823 0.300614
824 0.353084
825 0.256381
826 0.236653
827 0.234239
828 0.203804
829 0.422747
830 0.357205
831 0.391782
832 0.337403
833 0.237155
834 0.440057
835 0.356084
836 0.267559
837 0.25887
838 0.289272
839 0.447536
840 0.365459
841 0.338541
842 0.398037
843 0.305505
844 0.295786
845 0.43239
846 0.394257
847 0.340775
848 0.37765
849 0.335739
850 0.383056
851 0.304095
852 0.218148
853 0.187356
854 0.367959
855 0.409826
856 0.402105
857 0.498897
858 0.386593
859 0.46518
860 0.322519
861 0.345369
862 0.284305
863 0.411372
864 0.334197
865 0.24736
866 0.438402
867 0.414523
868 0.552713
869 0.461373
870 0.395638
871 0.379783
872 0.436687
873 0.383658
874 0.352828
875 0.316194
876 0.290216
877 0.382979
878 0.386356
879 0.310827
880 0.460443
881 0.504245
882 0.439829
883 0.406189
884 0.299624
885 0.340247
886 0.373304
887 0.312902
888 0.305193
889 0.447801
890 0.399676
891 0.371099
892 0.432598
893 0.449501
894 0.424406
895 0.492031
896 0.426512
897 0.462463
898 0.283806
899 0.381324
900 0.283261
901 0.420107
902 0.257666
903 0.273672
904 0.354661
905 0.51046
906 0.547649
907 0.484717
908 0.526172
909 0.498084
910 0.577635
911 0.446299
912 0.530912
913 0.594909
914 0.344793
915 0.53528
916 0.332631
917 0.430788
918 0.408613
919 0.37098
920 0.520213
921 0.327557
922 0.392041
923 0.246721
924 0.253347
925 0.344379
926 0.291577
927 0.412659
928 0.361481
929 0.487023
930 0.343236
931 0.426934
932 0.280562
933 0.270218
934 0.380812
935 0.351603
936 0.301729
937 0.334558
938 0.224168
939 0.400611
940 0.248127
941 0.288692
942 0.40627
943 0.314837
944 0.222993
945 0.300452
946 0.285692
947 0.335183
948 0.226992
949 0.20443
950 0.360727
951 0.457912
952 0.33182
953 0.289471
954 0.460852
955 0.26143
956 0.33773
957 0.277695
958 0.207298
959 0.366218
960 0.396957
961 0.414707
962 0.500874
963 0.466241
964 0.375999
965 0.330971
966 0.271436
967 0.477416
968 0.551586
969 0.514713
970 0.414291
971 0.517061
972 0.542455
973 0.421462
974 0.270307
975 0.232112
976 0.344333
977 0.422865
978 0.389623
979 0.477714
980 0.338814
981 0.417112
982 0.407374
983 0.373424
984 0.457814
985 0.422665
986 0.435994
987 0.384424
988 0.327173
989 0.283062
990 0.294678
991 0.439896
992 0.261627
993 0.315954
994 0.202361
995 0.363205
996 0.441812
997 0.466016
998 0.320902
999 0.244828
1000 0.442214
1001 0.481615
1002 0.524811
1003 0.480308
1004 0.30891
1005 0.519826
1006 0.335789
1007 0.471967
1008 0.393795
1009 0.360064
1010 0.32721
1011 0.393293
1012 0.236736
1013 0.47263
1014 0.357732
1015 0.416992
1016 0.453584
1017 0.397556
1018 0.486598
1019 0.403464
1020 0.394819
1021 0.302259
1022 0.415583
1023 0.295919
1024 0.274658
1025 0.242675
1026 0.277476
1027 0.253259
1028 0.404111
1029 0.296049
1030 0.358364
1031 0.229116
1032 0.288922
1033 0.323477
1034 0.311197
1035 0.253981
1036 0.195361
1037 0.421212
1038 0.426533
1039 0.541658
1040 0.448411
1041 0.444562
1042 0.387994
1043 0.275125
1044 0.456451
1045 0.421768
1046 0.295902
1047 0.24379
1048 0.352082
1049 0.457001
1050 0.480011
1051 0.442603
1052 0.341194
1053 0.305077
1054 0.4804
1055 0.49513
1056 0.578676
1057 0.540563
1058 0.583487
1059 0.328176
1060 0.380307
1061 0.310786
1062 0.293065
1063 0.456606
1064 0.411237
1065 0.317219
1066 0.406845
1067 0.318732
1068 0.257371
1069 0.426163
1070 0.356781
1071 0.418666
1072 0.521093
1073 0.365416
1074 0.548322
1075 0.340994
1076 0.354964
1077 0.398066
1078 0.441484
1079 0.527012
1080 0.381529
1081 0.311462
1082 0.442015
1083 0.376776
1084 0.451644
1085 0.451709
1086 0.562025
1087 0.460981
1088 0.2882
1089 0.378953
1090 0.445864
1091 0.446199
1092 0.379068
1093 0.273232
1094 0.441956
1095 0.293968
1096 0.331527
1097 0.322685
1098 0.469625
1099 0.395292
1100 0.543246
1101 0.314963
1102 0.3004
1103 0.442898
1104 0.442205
1105 0.319757
1106 0.376194
1107 0.403973
1108 0.464773
1109 0.495916
1110 0.589629
1111 0.321373
1112 0.408466
1113 0.342881
1114 0.387472
1115 0.335706
1116 0.221735
1117 0.403669
1118 0.386547
1119 0.309899
1120 0.221728
1121 0.175251
1122 0.418408
1123 0.274837
1124 0.396016
1125 0.504343
1126 0.476309
1127 0.584431
1128 0.474863
1129 0.455979
1130 0.539506
1131 0.437962
1132 0.49213
1133 0.378367
1134 0.440707
1135 0.351384
1136 0.30819
1137 0.477318
1138 0.328398
1139 0.520893
1140 0.548473
1141 0.4938
1142 0.513731
1143 0.528231
1144 0.414222
1145 0.320146
1146 0.511536
1147 0.393268
1148 0.532827
1149 0.29221
1150 0.414028
1151 0.504925
1152 0.462933
1153 0.578565
1154 0.421517
1155 0.380589
1156 0.517584
1157 0.39509
1158 0.373585
1159 0.336403
1160 0.469575
1161 0.420007
1162 0.390184
1163 0.411089
1164 0.477615
1165 0.425392
1166 0.271261
1167 0.416073
1168 0.299246
1169 0.393212
1170 0.282441
1171 0.344982
1172 0.3745
1173 0.517754
1174 0.40618
1175 0.49137
1176 0.505046
1177 0.479634
1178 0.343464
1179 0.340014
1180 0.272953
1181 0.377058
1182 0.312079
1183 0.281107
1184 0.340659
1185 0.37778
1186 0.396263
1187 0.323976
1188 0.287135
1189 0.483808
1190 0.366893
1191 0.423481
1192 0.542978
1193 0.37349
1194 0.245945
1195 0.382896
1196 0.36128
1197 0.456957
1198 0.560448
1199 0.449003
1200 0.510479
1201 0.563381
1202 0.436484
1203 0.303109
1204 0.372178
1205 0.323761
1206 0.336979
1207 0.214396
1208 0.410449
1209 0.426226
1210 0.262097
1211 0.26371
1212 0.272374
1213 0.232373
1214 0.416498
1215 0.250117
1216 0.352696
1217 0.232044
1218 0.424935
1219 0.411502
1220 0.468272
1221 0.415372
1222 0.545959
1223 0.463464
1224 0.398733
1225 0.296168
1226 0.236756
1227 0.345061
1228 0.381645
1229 0.391646
1230 0.40488
1231 0.260442
1232 0.321393
1233 0.404445
1234 0.280126
1235 0.507312
1236 0.541141
1237 0.609762
1238 0.624633
1239 0.558407
1240 0.57837
1241 0.367198
1242 0.338763
1243 0.447288
1244 0.261483
1245 0.290083
1246 0.211386
1247 0.45814
1248 0.483932
1249 0.28967
1250 0.252357
1251 0.217121
1252 0.32845
1253 0.45691
1254 0.388588
1255 0.520349
1256 0.433433
1257 0.558278
1258 0.484444
1259 0.302864
1260 0.229022
1261 0.301508
1262 0.353515
1263 0.226993
1264 0.478765
1265 0.419786
1266 0.515292
1267 0.496752
1268 0.451686
1269 0.293451
1270 0.257583
1271 0.31655
1272 0.412303
1273 0.45327
1274 0.573129
1275 0.30891
1276 0.419614
1277 0.495789
1278 0.530128
1279 0.526645
1280 0.545354
1281 0.400284
1282 0.401122
1283 0.281959
1284 0.468248
1285 0.272374
1286 0.438196
1287 0.383753
1288 0.535916
1289 0.413287
1290 0.434415
1291 0.426599
1292 0.320163
1293 0.428368
1294 0.293138
1295 0.34783
1296 0.36326
1297 0.521056
1298 0.426392
1299 0.475476
1300 0.425456
1301 0.281448
1302 0.482776
1303 0.327615
1304 0.405365
1305 0.501217
1306 0.42446
1307 0.346397
1308 0.333098
1309 0.217676
1310 0.168432
1311 0.173434
1312 0.350736
1313 0.280355
1314 0.26775
1315 0.416053
1316 0.411967
1317 0.373908
1318 0.278815
1319 0.47156
1320 0.272014
1321 0.233613
1322 0.236889
1323 0.30372
1324 0.355017
1325 0.351488
1326 0.27281
1327 0.384488
1328 0.314543
1329 0.382706
1330 0.34855
1331 0.429127
1332 0.309898
1333 0.215347
1334 0.337269
1335 0.388588
1336 0.534509
1337 0.316812
1338 0.225921
1339 0.240091
1340 0.344604
1341 0.331854
1342 0.487703
1343 0.559696
1344 0.37128
1345 0.293763
1346 0.473189
1347 0.448333
1348 0.336294
1349 0.458831
1350 0.274458
1351 0.408636
1352 0.364602
1353 0.368845
1354 0.42305
1355 0.414701
1356 0.453379
1357 0.502878
1358 0.370948
1359 0.491219
1360 0.344899
1361 0.26499
1362 0.269134
1363 0.218855
1364 0.382522
1365 0.271268
1366 0.466847
1367 0.285163
1368 0.335043
1369 0.455469
1370 0.410722
1371 0.471812
1372 0.506145
1373 0.446883
1374 0.429556
1375 0.450187
1376 0.470213
1377 0.319884
1378 0.402954
1379 0.328583
1380 0.231056
1381 0.371914
1382 0.472904
1383 0.513814
1384 0.442845
1385 0.573752
1386 0.445412
1387 0.374652
1388 0.528416
1389 0.405722
1390 0.56589
1391 0.554255
1392 0.502934
1393 0.471005
1394 0.278426
1395 0.424654
1396 0.484302
1397 0.455245
1398 0.507361
1399 0.426816
1400 0.34012
1401 0.375405
1402 0.372122
1403 0.239379
1404 0.463709
1405 0.510256
1406 0.361988
1407 0.368271
1408 0.481622
1409 0.457094
1410 0.415779
1411 0.362527
1412 0.467042
1413 0.325714
1414 0.506296
1415 0.364343
1416 0.371901
1417 0.371228
1418 0.35278
1419 0.233297
1420 0.333325
1421 0.445804
1422 0.343364
1423 0.353761
1424 0.467688
1425 0.330084
1426 0.388741
1427 0.288872
1428 0.337439
1429 0.388864
1430 0.303869
1431 0.253801
1432 0.247005
1433 0.448078
1434 0.297347
1435 0.520505
1436 0.471438
1437 0.278051
1438 0.327625
1439 0.316985
1440 0.38454
1441 0.367936
1442 0.292593
1443 0.351216
1444 0.487629
1445 0.332099
1446 0.339874
1447 0.489461
1448 0.54667
1449 0.565534
1450 0.489821
1451 0.59767
1452 0.375848
1453 0.546805
1454 0.419104
1455 0.409201
1456 0.358893
1457 0.263334
1458 0.454406
1459 0.277695
1460 0.298498
1461 0.458018
1462 0.431744
1463 0.502513
1464 0.426883
1465 0.530998
1466 0.500822
1467 0.464721
1468 0.534843
1469 0.385058
1470 0.45727
1471 0.464278
1472 0.307545
1473 0.309923
1474 0.476258
1475 0.433359
1476 0.358161
1477 0.516469
1478 0.516905
1479 0.572074
1480 0.597697
1481 0.564968
1482 0.494828
1483 0.498777
1484 0.480581
1485 0.455181
1486 0.516648
1487 0.41593
1488 0.275821
1489 0.410003
1490 0.502889
1491 0.307079
1492 0.27356
1493 0.204269
1494 0.415433
1495 0.303133
1496 0.414272
1497 0.331163
1498 0.415216
1499 0.326614
1500 0.435349
1501 0.348868
1502 0.363804
1503 0.316957
1504 0.382979
1505 0.432384
1506 0.394179
1507 0.339496
1508 0.289427
1509 0.359191
1510 0.402616
1511 0.331119
1512 0.334325
1513 0.442164
1514 0.523745
1515 0.573423
1516 0.506987
1517 0.426295
1518 0.495178
1519 0.376691
1520 0.393064
1521 0.35667
1522 0.233063
1523 0.173375
1524 0.23013
1525 0.312556
1526 0.229831
1527 0.286261
1528 0.3219
1529 0.323084
1530 0.391602
1531 0.514612
1532 0.410012
1533 0.534604
1534 0.467671
1535 0.446902
1536 0.476153
1537 0.341074
1538 0.295281
1539 0.222613
1540 0.375693
1541 0.453533
1542 0.404703
1543 0.289038
1544 0.247576
1545 0.206365
1546 0.31528
1547 0.281172
1548 0.440148
1549 0.403354
1550 0.538234
1551 0.323955
1552 0.302859
1553 0.298236
1554 0.453285
1555 0.535016
1556 0.373918
1557 0.543222
1558 0.459007
1559 0.493488
1560 0.326123
1561 0.320979
1562 0.276535
1563 0.433723
1564 0.480588
1565 0.498403
1566 0.41955
1567 0.47552
1568 0.394196
1569 0.271592
1570 0.467485
1571 0.376061
1572 0.297275
1573 0.250866
1574 0.268049
1575 0.315014
1576 0.455541
1577 0.42561
1578 0.312063
1579 0.355499
1580 0.450998
1581 0.455506
1582 0.359621
1583 0.233596
1584 0.465226
1585 0.489302
1586 0.340573
1587 0.258556
1588 0.224601
1589 0.327355
1590 0.286284
1591 0.470017
1592 0.517005
1593 0.492067
1594 0.580225
1595 0.373096
1596 0.448886
1597 0.420853
1598 0.517907
1599 0.376892
1600 0.247462
1601 0.378899
1602 0.357248
1603 0.348782
1604 0.429656
1605 0.414427
1606 0.461276
1607 0.460422
1608 0.573768
1609 0.492215
1610 0.58359
1611 0.494159
1612 0.541384
1613 0.35312
1614 0.469174
1615 0.548883
1616 0.524796
1617 0.360238
1618 0.526217
1619 0.470931
1620 0.347849
1621 0.226471
1622 0.202779
1623 0.199702
1624 0.351456
1625 0.477812
1626 0.556407
1627 0.399674
1628 0.502959
1629 0.329232
1630 0.50303
1631 0.48412
1632 0.384083
1633 0.430384
1634 0.512082
1635 0.330562
1636 0.350394
1637 0.485581
1638 0.444245
1639 0.554488
1640 0.43608
1641 0.527194
1642 0.366792
1643 0.372281
1644 0.274455
1645 0.457891
1646 0.275005
1647 0.435126
1648 0.318124
1649 0.270971
1650 0.201922
1651 0.35555
1652 0.261749
1653 0.429582
1654 0.366776
1655 0.278449
1656 0.22091
1657 0.242874
1658 0.178598
1659 0.210827
1660 0.172177
1661 0.170502
1662 0.228319
1663 0.356632
1664 0.31446
1665 0.306338
1666 0.347631
1667 0.362852
1668 0.31934
1669 0.394777
1670 0.26507
1671 0.495366
1672 0.374014
1673 0.509683
1674 0.378712
1675 0.532137
1676 0.506067
1677 0.294267
1678 0.470313
1679 0.398905
1680 0.381737
1681 0.325831
1682 0.453048
1683 0.332802
1684 0.512435
1685 0.428832
1686 0.439378
1687 0.364705
1688 0.258363
1689 0.341944
1690 0.428447
1691 0.402898
1692 0.483281
1693 0.355102
1694 0.36821
1695 0.460004
1696 0.510575
1697 0.517866
1698 0.328883
1699 0.376238
1700 0.420445
1701 0.328624
1702 0.322461
1703 0.339658
1704 0.346304
1705 0.484527
1706 0.385059
1707 0.504463
1708 0.301554
1709 0.410902
1710 0.355421
1711 0.466339
1712 0.29249
1713 0.31046
1714 0.465746
1715 0.2698
1716 0.459496
1717 0.526838
1718 0.433995
1719 0.364887
1720 0.247469
1721 0.436933
1722 0.384442
1723 0.431773
1724 0.458515
1725 0.51455
1726 0.329873
1727 0.311442
1728 0.349954
1729 0.490395
1730 0.289414
1731 0.313125
1732 0.459742
1733 0.487241
1734 0.513334
1735 0.294837
1736 0.371224
1737 0.305158
1738 0.316288
1739 0.285996
1740 0.415381
1741 0.42239
1742 0.495485
1743 0.374717
1744 0.538081
1745 0.304798
1746 0.317506
1747 0.451714
1748 0.310298
1749 0.316292
1750 0.314989
1751 0.486194
1752 0.399783
1753 0.53216
1754 0.321795
1755 0.417527
1756 0.440565
1757 0.483481
1758 0.511906
1759 0.352691
1760 0.442439
1761 0.315438
1762 0.298038
1763 0.205094
1764 0.411045
1765 0.456284
1766 0.508104
1767 0.461894
1768 0.388461
1769 0.287859
1770 0.495388
1771 0.471973
1772 0.283756
1773 0.414578
1774 0.441484
1775 0.56825
1776 0.590702
1777 0.408636
1778 0.568343
1779 0.598358
1780 0.508545
1781 0.583853
1782 0.429086
1783 0.381479
1784 0.454319
1785 0.338682
1786 0.356651
1787 0.262281
1788 0.347576
1789 0.494629
1790 0.467339
1791 0.312864
1792 0.459052
1793 0.28578
1794 0.324113
1795 0.352796
1796 0.393531
1797 0.289646
1798 0.228827
1799 0.291774
1800 0.421129
1801 0.402157
1802 0.275189
1803 0.331927
1804 0.381616
1805 0.282462
1806 0.425136
1807 0.357614
1808 0.242363
1809 0.415011
1810 0.356131
1811 0.450674
1812 0.516945
1813 0.378586
1814 0.416698
1815 0.419566
1816 0.447526
1817 0.498059
1818 0.337704
1819 0.458846
1820 0.443374
1821 0.467736
1822 0.296902
1823 0.331181
1824 0.446674
1825 0.350483
1826 0.526868
1827 0.439376
1828 0.466621
1829 0.303059
1830 0.371826
1831 0.323649
1832 0.219861
1833 0.214682
1834 0.310294
1835 0.329953
1836 0.219629
1837 0.460811
1838 0.371115
1839 0.52379
1840 0.552375
1841 0.399967
1842 0.372266
1843 0.365492
1844 0.351675
1845 0.451559
1846 0.412457
1847 0.50643
1848 0.52959
1849 0.357664
1850 0.263034
1851 0.326593
1852 0.49236
1853 0.350519
1854 0.311999
1855 0.379309
1856 0.288251
1857 0.48798
1858 0.426084
1859 0.363697
1860 0.270116
1861 0.347202
1862 0.278732
1863 0.310415
1864 0.42666
1865 0.421289
1866 0.354552
1867 0.437804
1868 0.456908
1869 0.574873
1870 0.491125
1871 0.49135
1872 0.540486
1873 0.400549
1874 0.263524
1875 0.394374
1876 0.513767
1877 0.415239
1878 0.496839
1879 0.507383
1880 0.356704
1881 0.336135
1882 0.442362
1883 0.432392
1884 0.379291
1885 0.384067
1886 0.304946
1887 0.434023
1888 0.539525
1889 0.328166
1890 0.277606
1891 0.373392
1892 0.407477
1893 0.50822
1894 0.476554
1895 0.423301
1896 0.466494
1897 0.337087
1898 0.350334
1899 0.38233
1900 0.256144
1901 0.270423
1902 0.331186
1903 0.390139
1904 0.385403
1905 0.352129
1906 0.317979
1907 0.376678
1908 0.234806
1909 0.250412
1910 0.20128
1911 0.425516
1912 0.372546
1913 0.37978
1914 0.295594
1915 0.359034
1916 0.478852
1917 0.476424
1918 0.320167
1919 0.354254
1920 0.406269
1921 0.293456
1922 0.325903
1923 0.384709
1924 0.436316
1925 0.409956
1926 0.51242
1927 0.422299
1928 0.454774
1929 0.406779
1930 0.338043
1931 0.410388
1932 0.313373
1933 0.26271
1934 0.363621
1935 0.314625
1936 0.44958
1937 0.437904
1938 0.557703
1939 0.460738
1940 0.463863
1941 0.465291
1942 0.319804
1943 0.383811
1944 0.255352
1945 0.196612
1946 0.39413
1947 0.424125
1948 0.453284
1949 0.372256
1950 0.258353
1951 0.259053
1952 0.458256
1953 0.327578
1954 0.415701
1955 0.382
1956 0.286446
1957 0.392278
1958 0.278405
1959 0.494519
1960 0.415265
1961 0.422085
1962 0.352485
1963 0.426387
1964 0.457428
1965 0.486404
1966 0.371471
1967 0.379056
1968 0.433882
1969 0.392645
1970 0.426617
1971 0.313677
1972 0.358305
1973 0.3306
1974 0.278305
1975 0.382945
1976 0.458321
1977 0.485147
1978 0.524921
1979 0.32319
1980 0.427038
1981 0.515661
1982 0.538806
1983 0.52493
1984 0.584622
1985 0.401615
1986 0.516554
1987 0.308264
1988 0.325091
1989 0.274338
1990 0.400324
1991 0.400479
1992 0.387545
1993 0.411104
1994 0.267097
1995 0.210693
1996 0.354241
1997 0.479372
1998 0.279112
1999 0.484571
2000 0.3799
2001 0.288863
2002 0.306202
2003 0.220847
2004 0.45767
2005 0.53399
2006 0.579007
2007 0.441113
2008 0.55756
2009 0.423888
2010 0.404183
2011 0.371134
2012 0.351398
2013 0.28405
2014 0.224433
2015 0.354967
2016 0.436985
2017 0.54025
2018 0.534362
2019 0.455422
2020 0.510558
2021 0.303068
2022 0.428952
2023 0.346497
2024 0.31326
2025 0.433745
2026 0.386964
2027 0.317013
2028 0.332289
2029 0.45304
2030 0.335131
2031 0.472165
2032 0.530602
2033 0.375748
2034 0.445139
2035 0.423957
2036 0.399313
2037 0.45435
2038 0.36502
2039 0.342992
2040 0.476582
2041 0.503934
2042 0.591417
2043 0.502062
2044 0.431409
2045 0.468943
2046 0.555803
2047 0.581845
2048 0.416112
2049 0.256777
2050 0.367804
2051 0.271885
2052 0.201901
2053 0.175364
2054 0.306369
2055 0.370799
2056 0.518758
2057 0.589077
2058 0.557029
2059 0.452105
2060 0.565189
2061 0.599508
2062 0.505629
2063 0.452991
2064 0.508714
2065 0.582867
2066 0.537058
2067 0.423653
2068 0.340156
2069 0.435452
2070 0.447356
2071 0.287729
2072 0.218569
2073 0.339439
2074 0.35795
2075 0.468772
2076 0.509563
2077 0.41114
2078 0.403067
2079 0.414929
2080 0.448512
2081 0.464296
2082 0.413276
2083 0.466229
2084 0.535565
2085 0.421596
2086 0.425549
2087 0.467118
2088 0.387074
2089 0.295801
2090 0.29687
2091 0.199954
2092 0.185258
2093 0.193537
2094 0.292612
2095 0.377748
2096 0.306699
2097 0.49554
2098 0.560858
2099 0
