0 -0.0633081
1 1.48574
2 -8.39009
3 -9.90646
4 -9.60813
5 -9.07196
6 -9.89112
7 -8.05425
8 -10.8689
9 -5.86089
10 -6.51938
11 -2.56583
12 -2.15606
13 -2.03009
14 -0.673592
15 -0.276577
16 -0.141789
17 0.0760551
18 0.131657
19 0.122746
20 0.169597
21 0.166603
22 0.179456
23 0.155079
24 0.171844
25 0.182613
26 0.183165
27 0.173627
28 0.174615
29 0.17655
30 0.178008
31 0.184878
32 0.172783
33 0.164999
34 0.16021
35 0.164629
36 0.173956
37 0.172056
38 0.160769
39 0.161731
40 0.18627
41 0.210378
42 0.187757
43 0.193262
44 0.195994
45 0.20593
46 0.203445
47 0.204757
48 0.178584
49 0.181882
50 0.198396
51 0.177008
52 0.167158
53 0.172844
54 0.171805
55 0.171577
56 0.175175
57 0.177062
58 0.166522
59 0.160765
60 0.156942
61 0.147488
62 0.16977
63 0.145588
64 0.15063
65 0.146961
66 0.169361
67 0.153166
68 0.17013
69 0.180612
70 0.161974
71 0.156705
72 0.175541
73 0.193121
74 0.172064
75 0.156682
76 0.161188
77 0.168929
78 0.163396
79 0.148223
80 0.155444
81 0.169508
82 0.173424
83 0.172601
84 0.169098
85 0.187103
86 0.172447
87 0.177809
88 0.161223
89 0.160175
90 0.164711
91 0.160619
92 0.166245
93 0.144788
94 0.157506
95 0.1691
96 0.162285
97 0.1521
98 0.148629
99 0.175685
100 0.158046
101 0.147745
102 0.15298
103 0.177333
104 0.156039
105 0.144378
106 0.172864
107 0.18311
108 0.151065
109 0.14447
110 0.161991
111 0.16565
112 0.146718
113 0.14785
114 0.149491
115 0.173898
116 0.170133
117 0.176217
118 0.16775
119 0.176372
120 0.194818
121 0.181228
122 0.186767
123 0.166421
124 0.179398
125 0.164764
126 0.184037
127 0.173469
128 0.18165
129 0.177808
130 0.174606
131 0.177645
132 0.184013
133 0.181191
134 0.176051
135 0.164966
136 0.160087
137 0.180797
138 0.193812
139 0.179728
140 0.171982
141 0.19976
142 0.199398
143 0.173331
144 0.176369
145 0.175726
146 0.171619
147 0.169967
148 0.170845
149 0.170163
150 0.151413
151 0.183304
152 0.177145
153 0.183949
154 0.157963
155 0.170553
156 0.174566
157 0.182441
158 0.17132
159 0.185915
160 0.177321
161 0.165876
162 0.167973
163 0.171695
164 0.175777
165 0.171066
166 0.181687
167 0.174413
168 0.180901
169 0.180267
170 0.196934
171 0.19759
172 0.174312
173 0.170178
174 0.179684
175 0.173223
176 0.178877
177 0.160481
178 0.177636
179 0.174963
180 0.205948
181 0.171396
182 0.178308
183 0.194102
184 0.185717
185 0.177502
186 0.159611
187 0.1883
188 0.175906
189 0.183701
190 0.163015
191 0.192839
192 0.190881
193 0.193724
194 0.187226
195 0.191917
196 0.184077
197 0.182167
198 0.171456
199 0.156063
200 0.167512
201 0.16428
202 0.169503
203 0.16374
204 0.16038
205 0.184446
206 0.174332
207 0.167427
208 0.16253
209 0.188179
210 0.17995
211 0.15399
212 0.166777
213 0.182102
214 0.188034
215 0.167013
216 0.198573
217 0.174391
218 0.175059
219 0.182088
220 0.172959
221 0.170991
222 0.181198
223 0.171747
224 0.171828
225 0.187394
226 0.182173
227 0.171713
228 0.178718
229 0.162613
230 0.181071
231 0.199012
232 0.169258
233 0.164124
234 0.180011
235 0.199548
236 0.173357
237 0.197236
238 0.173195
239 0.190654
240 0.200467
241 0.194052
242 0.171131
243 0.169167
244 0.174024
245 0.168877
246 0.160922
247 0.171371
248 0.170463
249 0.153264
250 0.168023
251 0.188233
252 0.197333
253 0.166365
254 0.180728
255 0.167463
256 0.179954
257 0.171613
258 0.174341
259 0.164189
260 0.172167
261 0.187837
262 0.178557
263 0.1646
264 0.176124
265 0.187559
266 0.168063
267 0.173313
268 0.192639
269 0.168045
270 0.166656
271 0.185855
272 0.18498
273 0.162581
274 0.187271
275 0.189909
276 0.182072
277 0.172122
278 0.162313
279 0.199068
280 0.180002
281 0.179731
282 0.167916
283 0.169694
284 0.170742
285 0.171908
286 0.197012
287 0.170771
288 0.201407
289 0.17426
290 0.181711
291 0.191023
292 0.207958
293 0.202587
294 0.175647
295 0.194774
296 0.187119
297 0.196016
298 0.166813
299 0.1798
300 0.183134
301 0.183144
302 0.178958
303 0.174823
304 0.183245
305 0.162527
306 0.179492
307 0.186979
308 0.176155
309 0.16217
310 0.19546
311 0.209846
312 0.18226
313 0.168754
314 0.174232
315 0.178446
316 0.177509
317 0.167147
318 0.17097
319 0.155095
320 0.180104
321 0.179759
322 0.189254
323 0.181836
324 0.173868
325 0.17935
326 0.175588
327 0.191971
328 0.172876
329 0.184009
330 0.172892
331 0.180565
332 0.181693
333 0.177065
334 0.162576
335 0.174048
336 0.162601
337 0.168678
338 0.171321
339 0.168059
340 0.152995
341 0.163401
342 0.181398
343 0.176958
344 0.171987
345 0.158758
346 0.161222
347 0.170879
348 0.185173
349 0.160935
350 0.172792
351 0.167892
352 0.189001
353 0.187226
354 0.169775
355 0.174787
356 0.16863
357 0.185197
358 0.1697
359 0.20111
360 0.168605
361 0.172556
362 0.188516
363 0.178142
364 0.169391
365 0.182768
366 0.174049
367 0.161871
368 0.151957
369 0.178918
370 0.170179
371 0.164267
372 0.15725
373 0.160969
374 0.169143
375 0.159046
376 0.176333
377 0.155937
378 0.161034
379 0.175504
380 0.190807
381 0.184704
382 0.185701
383 0.187271
384 0.172744
385 0.176429
386 0.182566
387 0.160132
388 0.155415
389 0.164125
390 0.18361
391 0.172923
392 0.165589
393 0.154536
394 0.181113
395 0.18454
396 0.167085
397 0.148903
398 0.167479
399 0.1805
400 0.174849
401 0.157286
402 0.18108
403 0.185932
404 0.179425
405 0.172356
406 0.192877
407 0.173917
408 0.177754
409 0.187616
410 0.199829
411 0.170278
412 0.18778
413 0.204705
414 0.204731
415 0.187209
416 0.191177
417 0.184474
418 0.20165
419 0.195234
420 0.205061
421 0.174159
422 0.172607
423 0.190264
424 0.174115
425 0.155111
426 0.15584
427 0.164763
428 0.164132
429 0.161036
430 0.186593
431 0.159708
432 0.170829
433 0.166196
434 0.201655
435 0.186302
436 0.160455
437 0.18288
438 0.201398
439 0.185275
440 0.168995
441 0.197363
442 0.201932
443 0.183343
444 0.189684
445 0.198221
446 0.192485
447 0.179432
448 0.178085
449 0.194512
450 0.168365
451 0.166894
452 0.170446
453 0.187396
454 0.157646
455 0.157665
456 0.166644
457 0.178657
458 0.156887
459 0.161926
460 0.171417
461 0.18089
462 0.157474
463 0.185311
464 0.206506
465 0.193231
466 0.170742
467 0.204792
468 0.195583
469 0.184511
470 0.196219
471 0.18779
472 0.183558
473 0.172285
474 0.19433
475 0.178748
476 0.203284
477 0.191353
478 0.191302
479 0.208129
480 0.185789
481 0.193085
482 0.197136
483 0.206471
484 0.175368
485 0.173636
486 0.194424
487 0.200708
488 0.191195
489 0.166599
490 0.169286
491 0.194332
492 0.190893
493 0.160754
494 0.169417
495 0.173267
496 0.18258
497 0.166728
498 0.166859
499 0.15486
500 0.167877
501 0.175823
502 0.168191
503 0.170137
504 0.148567
505 0.184888
506 0.196406
507 0.19821
508 0.158954
509 0.18214
510 0.18142
511 0.169293
512 0.170885
513 0.167816
514 0.1709
515 0.167347
516 0.198358
517 0.184472
518 0.193575
519 0.185775
520 0.2061
521 0.187519
522 0.178374
523 0.175983
524 0.198608
525 0.168796
526 0.17005
527 0.178424
528 0.189103
529 0.174482
530 0.17089
531 0.195051
532 0.193981
533 0.203711
534 0.193273
535 0.186896
536 0.182495
537 0.198547
538 0.192751
539 0.176504
540 0.185016
541 0.187245
542 0.183142
543 0.164076
544 0.201542
545 0.20784
546 0.167964
547 0.15248
548 0.175733
549 0.19459
550 0.17285
551 0.163816
552 0.16692
553 0.175708
554 0.177846
555 0.186213
556 0.176078
557 0.166563
558 0.180233
559 0.202693
560 0.190286
561 0.171987
562 0.168536
563 0.192733
564 0.188788
565 0.179265
566 0.156243
567 0.176068
568 0.174403
569 0.173427
570 0.17755
571 0.183094
572 0.166591
573 0.159107
574 0.176315
575 0.167535
576 0.16255
577 0.174518
578 0.17924
579 0.152823
580 0.169617
581 0.184482
582 0.17609
583 0.16412
584 0.170695
585 0.192075
586 0.181289
587 0.193956
588 0.196817
589 0.188798
590 0.202685
591 0.189282
592 0.207506
593 0.167399
594 0.191243
595 0.172965
596 0.179231
597 0.172755
598 0.185323
599 0.180097
600 0.171326
601 0.178753
602 0.171896
603 0.192958
604 0.177868
605 0.181844
606 0.171011
607 0.181293
608 0.159429
609 0.18907
610 0.174494
611 0.162074
612 0.165658
613 0.164988
614 0.160578
615 0.155309
616 0.174086
617 0.14962
618 0.148413
619 0.16566
620 0.162389
621 0.150366
622 0.145276
623 0.166538
624 0.164597
625 0.167718
626 0.156414
627 0.179467
628 0.172006
629 0.172316
630 0.166349
631 0.200603
632 0.178452
633 0.164598
634 0.171457
635 0.185589
636 0.173313
637 0.16051
638 0.19051
639 0.174505
640 0.169486
641 0.160984
642 0.179514
643 0.182513
644 0.194839
645 0.182475
646 0.182336
647 0.194039
648 0.201438
649 0.178511
650 0.181195
651 0.173842
652 0.19092
653 0.174479
654 0.18111
655 0.178083
656 0.172865
657 0.180999
658 0.193989
659 0.182864
660 0.160859
661 0.161822
662 0.173961
663 0.165003
664 0.165773
665 0.15475
666 0.169099
667 0.157101
668 0.165726
669 0.172595
670 0.173843
671 0.151889
672 0.1605
673 0.167783
674 0.177791
675 0.160565
676 0.155753
677 0.166826
678 0.189294
679 0.157655
680 0.166487
681 0.194243
682 0.196213
683 0.176825
684 0.171769
685 0.167879
686 0.171665
687 0.192724
688 0.165302
689 0.159024
690 0.15601
691 0.160898
692 0.156052
693 0.171772
694 0.159665
695 0.148441
696 0.147888
697 0.16662
698 0.178017
699 0.162003
700 0.16005
701 0.164817
702 0.182708
703 0.184715
704 0.176774
705 0.175785
706 0.186245
707 0.202107
708 0.187585
709 0.176587
710 0.169538
711 0.170509
712 0.180158
713 0.16561
714 0.159829
715 0.152083
716 0.184958
717 0.181101
718 0.19756
719 0.17698
720 0.194673
721 0.197353
722 0.187174
723 0.177228
724 0.17442
725 0.185713
726 0.176501
727 0.164564
728 0.162031
729 0.196814
730 0.193043
731 0.164129
732 0.168149
733 0.171507
734 0.178036
735 0.160001
736 0.180534
737 0.169959
738 0.178182
739 0.174603
740 0.192901
741 0.177493
742 0.157175
743 0.18427
744 0.167009
745 0.166955
746 0.162994
747 0.165744
748 0.149449
749 0.15284
750 0.18398
751 0.157562
752 0.148727
753 0.163978
754 0.163686
755 0.162929
756 0.160223
757 0.162891
758 0.150787
759 0.184077
760 0.189131
761 0.165533
762 0.174742
763 0.183523
764 0.191742
765 0.166593
766 0.180653
767 0.174567
768 0.158252
769 0.157086
770 0.173879
771 0.181052
772 0.163144
773 0.167401
774 0.1699
775 0.163578
776 0.185009
777 0.166824
778 0.151233
779 0.137663
780 0.164431
781 0.178611
782 0.170129
783 0.148628
784 0.167006
785 0.173992
786 0.178972
787 0.160514
788 0.180253
789 0.176165
790 0.162008
791 0.157782
792 0.175989
793 0.183859
794 0.179764
795 0.170361
796 0.186205
797 0.175051
798 0.181463
799 0.165016
800 0.163981
801 0.151812
802 0.167199
803 0.162414
804 0.152468
805 0.147551
806 0.164946
807 0.155774
808 0.160891
809 0.152348
810 0.165351
811 0.153483
812 0.176859
813 0.173709
814 0.166589
815 0.15867
816 0.17162
817 0.179919
818 0.175887
819 0.181753
820 0.174436
821 0.173794
822 0.180372
823 0.183837
824 0.17224
825 0.161026
826 0.152992
827 0.157797
828 0.152045
829 0.164646
830 0.159563
831 0.161658
832 0.152663
833 0.163248
834 0.178385
835 0.174439
836 0.155743
837 0.147009
838 0.168803
839 0.179016
840 0.164321
841 0.154533
842 0.167761
843 0.176465
844 0.165768
845 0.172743
846 0.175473
847 0.164523
848 0.164989
849 0.177383
850 0.174765
851 0.159617
852 0.161283
853 0.149553
854 0.176888
855 0.172751
856 0.159548
857 0.165478
858 0.170479
859 0.188538
860 0.173524
861 0.181438
862 0.167243
863 0.183801
864 0.166122
865 0.158735
866 0.168531
867 0.178754
868 0.184267
869 0.164734
870 0.177563
871 0.17828
872 0.190621
873 0.180915
874 0.170017
875 0.16509
876 0.17219
877 0.175085
878 0.170293
879 0.161122
880 0.169982
881 0.186549
882 0.183409
883 0.168252
884 0.172676
885 0.180825
886 0.178511
887 0.168571
888 0.158793
889 0.177498
890 0.179889
891 0.165758
892 0.170397
893 0.189747
894 0.177939
895 0.181922
896 0.181197
897 0.189888
898 0.16497
899 0.184385
900 0.166388
901 0.177273
902 0.153592
903 0.15897
904 0.16555
905 0.195028
906 0.179115
907 0.168663
908 0.186058
909 0.207023
910 0.210785
911 0.185833
912 0.19982
913 0.203711
914 0.182204
915 0.186074
916 0.174033
917 0.194253
918 0.166755
919 0.17862
920 0.178521
921 0.16369
922 0.176813
923 0.15722
924 0.174522
925 0.16902
926 0.165979
927 0.161788
928 0.162596
929 0.183689
930 0.163788
931 0.186221
932 0.161784
933 0.174856
934 0.171645
935 0.175546
936 0.156958
937 0.156629
938 0.162985
939 0.173548
940 0.155545
941 0.157968
942 0.162392
943 0.174591
944 0.146081
945 0.157855
946 0.167441
947 0.168148
948 0.14485
949 0.152599
950 0.167522
951 0.178422
952 0.160401
953 0.148679
954 0.184523
955 0.171117
956 0.16417
957 0.156784
958 0.16789
959 0.161223
960 0.176075
961 0.166958
962 0.168401
963 0.180589
964 0.173458
965 0.169042
966 0.174373
967 0.192379
968 0.189246
969 0.180136
970 0.164597
971 0.197791
972 0.211712
973 0.18799
974 0.164397
975 0.169068
976 0.187194
977 0.183636
978 0.161754
979 0.165737
980 0.166496
981 0.184413
982 0.177141
983 0.17957
984 0.174285
985 0.180387
986 0.179077
987 0.16953
988 0.171618
989 0.169408
990 0.172333
991 0.179978
992 0.154769
993 0.160422
994 0.147215
995 0.180642
996 0.171248
997 0.17143
998 0.154124
999 0.159036
1000 0.190829
1001 0.193599
1002 0.182623
1003 0.165991
1004 0.166589
1005 0.197723
1006 0.179163
1007 0.187874
1008 0.16785
1009 0.183031
1010 0.166252
1011 0.181876
1012 0.161138
1013 0.181129
1014 0.164765
1015 0.181019
1016 0.166253
1017 0.179262
1018 0.179661
1019 0.174728
1020 0.181107
1021 0.165704
1022 0.18619
1023 0.170307
1024 0.165202
1025 0.154735
1026 0.171635
1027 0.156771
1028 0.165863
1029 0.158388
1030 0.164926
1031 0.150352
1032 0.174489
1033 0.162212
1034 0.167688
1035 0.151148
1036 0.147209
1037 0.174662
1038 0.178174
1039 0.177936
1040 0.161658
1041 0.184878
1042 0.18253
1043 0.17052
1044 0.182655
1045 0.18058
1046 0.165135
1047 0.150904
1048 0.181869
1049 0.187571
1050 0.177474
1051 0.166134
1052 0.162856
1053 0.172587
1054 0.196936
1055 0.192927
1056 0.186872
1057 0.181225
1058 0.210488
1059 0.179898
1060 0.187618
1061 0.178745
1062 0.176486
1063 0.168879
1064 0.173448
1065 0.156079
1066 0.165539
1067 0.175212
1068 0.163611
1069 0.173155
1070 0.173516
1071 0.171347
1072 0.171685
1073 0.173909
1074 0.185462
1075 0.170576
1076 0.183673
1077 0.1746
1078 0.19969
1079 0.187965
1080 0.171845
1081 0.169777
1082 0.186406
1083 0.185585
1084 0.17611
1085 0.176048
1086 0.198333
1087 0.179419
1088 0.163874
1089 0.174691
1090 0.200798
1091 0.184455
1092 0.162976
1093 0.163979
1094 0.192884
1095 0.169456
1096 0.16612
1097 0.158559
1098 0.190467
1099 0.168638
1100 0.174304
1101 0.161492
1102 0.170152
1103 0.183746
1104 0.196446
1105 0.159906
1106 0.161386
1107 0.18697
1108 0.189628
1109 0.177184
1110 0.194569
1111 0.165663
1112 0.175227
1113 0.182136
1114 0.198966
1115 0.165574
1116 0.15798
1117 0.170879
1118 0.174762
1119 0.164701
1120 0.146716
1121 0.155648
1122 0.180077
1123 0.156748
1124 0.154004
1125 0.160721
1126 0.18757
1127 0.178495
1128 0.183174
1129 0.189076
1130 0.197123
1131 0.1942
1132 0.188631
1133 0.172344
1134 0.197393
1135 0.176778
1136 0.173534
1137 0.182566
1138 0.170438
1139 0.184545
1140 0.175096
1141 0.194991
1142 0.178953
1143 0.200329
1144 0.190438
1145 0.171978
1146 0.196699
1147 0.183974
1148 0.190019
1149 0.155926
1150 0.186449
1151 0.187357
1152 0.194113
1153 0.176648
1154 0.176092
1155 0.183902
1156 0.193871
1157 0.191791
1158 0.173679
1159 0.165866
1160 0.201259
1161 0.179917
1162 0.173553
1163 0.169515
1164 0.193492
1165 0.185845
1166 0.162473
1167 0.179678
1168 0.17385
1169 0.177012
1170 0.156285
1171 0.173889
1172 0.169738
1173 0.18925
1174 0.169134
1175 0.180559
1176 0.182414
1177 0.198402
1178 0.170442
1179 0.180241
1180 0.172473
1181 0.177879
1182 0.162382
1183 0.157778
1184 0.158695
1185 0.175216
1186 0.165622
1187 0.158602
1188 0.161852
1189 0.183434
1190 0.173356
1191 0.174199
1192 0.180713
1193 0.179943
1194 0.162972
1195 0.176899
1196 0.189621
1197 0.180001
1198 0.175173
1199 0.1789
1200 0.17439
1201 0.197944
1202 0.195272
1203 0.16957
1204 0.180785
1205 0.187197
1206 0.170793
1207 0.150331
1208 0.177958
1209 0.174095
1210 0.157863
1211 0.147148
1212 0.169261
1213 0.164311
1214 0.160445
1215 0.152108
1216 0.162061
1217 0.153153
1218 0.188273
1219 0.166103
1220 0.180277
1221 0.163796
1222 0.19574
1223 0.187357
1224 0.181738
1225 0.169095
1226 0.168305
1227 0.17458
1228 0.174136
1229 0.165506
1230 0.160122
1231 0.15999
1232 0.170483
1233 0.179139
1234 0.162383
1235 0.169314
1236 0.180847
1237 0.202409
1238 0.180274
1239 0.193915
1240 0.205786
1241 0.188259
1242 0.186307
1243 0.192469
1244 0.169988
1245 0.159124
1246 0.150302
1247 0.192683
1248 0.161219
1249 0.158131
1250 0.146528
1251 0.171025
1252 0.182125
1253 0.176288
1254 0.159158
1255 0.169129
1256 0.170629
1257 0.200819
1258 0.187421
1259 0.179239
1260 0.161106
1261 0.186386
1262 0.183292
1263 0.1515
1264 0.163501
1265 0.1691
1266 0.184344
1267 0.167762
1268 0.185973
1269 0.164534
1270 0.170385
1271 0.177389
1272 0.183024
1273 0.171347
1274 0.170647
1275 0.159401
1276 0.17603
1277 0.192938
1278 0.207806
1279 0.176688
1280 0.191704
1281 0.187282
1282 0.190701
1283 0.17245
1284 0.196707
1285 0.16261
1286 0.173965
1287 0.165768
1288 0.196577
1289 0.166059
1290 0.184417
1291 0.17968
1292 0.181431
1293 0.181101
1294 0.171254
1295 0.175365
1296 0.167408
1297 0.195547
1298 0.172861
1299 0.176618
1300 0.178055
1301 0.168773
1302 0.18322
1303 0.173319
1304 0.175888
1305 0.173405
1306 0.18393
1307 0.166258
1308 0.16982
1309 0.166241
1310 0.158419
1311 0.151962
1312 0.167801
1313 0.154714
1314 0.148879
1315 0.158058
1316 0.178086
1317 0.167689
1318 0.153063
1319 0.192499
1320 0.166401
1321 0.159475
1322 0.15706
1323 0.181034
1324 0.162712
1325 0.158514
1326 0.151842
1327 0.171125
1328 0.168746
1329 0.174426
1330 0.160568
1331 0.180244
1332 0.163426
1333 0.157247
1334 0.168754
1335 0.183617
1336 0.177843
1337 0.150826
1338 0.15804
1339 0.165174
1340 0.191592
1341 0.16397
1342 0.16859
1343 0.174582
1344 0.170941
1345 0.156641
1346 0.199078
1347 0.203791
1348 0.168828
1349 0.169888
1350 0.170339
1351 0.179506
1352 0.169216
1353 0.176012
1354 0.166058
1355 0.177814
1356 0.175553
1357 0.180139
1358 0.174255
1359 0.187958
1360 0.175928
1361 0.170181
1362 0.15863
1363 0.166201
1364 0.164457
1365 0.151168
1366 0.17423
1367 0.151499
1368 0.170117
1369 0.173022
1370 0.183709
1371 0.171603
1372 0.182448
1373 0.190121
1374 0.178436
1375 0.188314
1376 0.195586
1377 0.171038
1378 0.17653
1379 0.173051
1380 0.170307
1381 0.167086
1382 0.18368
1383 0.184442
1384 0.164323
1385 0.192452
1386 0.192095
1387 0.181256
1388 0.189543
1389 0.188599
1390 0.194741
1391 0.184369
1392 0.197337
1393 0.183088
1394 0.172506
1395 0.194464
1396 0.193466
1397 0.186466
1398 0.170888
1399 0.178956
1400 0.180211
1401 0.17626
1402 0.183615
1403 0.167004
1404 0.17684
1405 0.179666
1406 0.166281
1407 0.155433
1408 0.196001
1409 0.198207
1410 0.171562
1411 0.167031
1412 0.19071
1413 0.175057
1414 0.187206
1415 0.169309
1416 0.178329
1417 0.167712
1418 0.181247
1419 0.160165
1420 0.168268
1421 0.182074
1422 0.166348
1423 0.15535
1424 0.17891
1425 0.176725
1426 0.168229
1427 0.161854
1428 0.180166
1429 0.168257
1430 0.166264
1431 0.151229
1432 0.159728
1433 0.19007
1434 0.151984
1435 0.16831
1436 0.170723
1437 0.173205
1438 0.157736
1439 0.179463
1440 0.185137
1441 0.164245
1442 0.159384
1443 0.165629
1444 0.182958
1445 0.169871
1446 0.15921
1447 0.184964
1448 0.204539
1449 0.189464
1450 0.171385
1451 0.203157
1452 0.189264
1453 0.208598
1454 0.184268
1455 0.188555
1456 0.169919
1457 0.173704
1458 0.183134
1459 0.161775
1460 0.155428
1461 0.166895
1462 0.189286
1463 0.170425
1464 0.165272
1465 0.191363
1466 0.19059
1467 0.190591
1468 0.194793
1469 0.185486
1470 0.190678
1471 0.182401
1472 0.178405
1473 0.159118
1474 0.18529
1475 0.184463
1476 0.156442
1477 0.176766
1478 0.195895
1479 0.195334
1480 0.195859
1481 0.206007
1482 0.194958
1483 0.204086
1484 0.20009
1485 0.196621
1486 0.189423
1487 0.185448
1488 0.173037
1489 0.180748
1490 0.194216
1491 0.16793
1492 0.153193
1493 0.154703
1494 0.189218
1495 0.159906
1496 0.160464
1497 0.150062
1498 0.181164
1499 0.163423
1500 0.178091
1501 0.16619
1502 0.176649
1503 0.160622
1504 0.178405
1505 0.178955
1506 0.172584
1507 0.16239
1508 0.165047
1509 0.178982
1510 0.180365
1511 0.163727
1512 0.157941
1513 0.178831
1514 0.192162
1515 0.185899
1516 0.179876
1517 0.18337
1518 0.19759
1519 0.190523
1520 0.183454
1521 0.172093
1522 0.174184
1523 0.151887
1524 0.156086
1525 0.168617
1526 0.146956
1527 0.145661
1528 0.16302
1529 0.164751
1530 0.162147
1531 0.180716
1532 0.166994
1533 0.181509
1534 0.184438
1535 0.191776
1536 0.185192
1537 0.186186
1538 0.172895
1539 0.164478
1540 0.182459
1541 0.176292
1542 0.167476
1543 0.150088
1544 0.162557
1545 0.166087
1546 0.168363
1547 0.156567
1548 0.16564
1549 0.158352
1550 0.188744
1551 0.154765
1552 0.172813
1553 0.170107
1554 0.195478
1555 0.181489
1556 0.16094
1557 0.177901
1558 0.191113
1559 0.199948
1560 0.165154
1561 0.178789
1562 0.167039
1563 0.186938
1564 0.177059
1565 0.173637
1566 0.165053
1567 0.187756
1568 0.188694
1569 0.175687
1570 0.178709
1571 0.180628
1572 0.167592
1573 0.150168
1574 0.173187
1575 0.166182
1576 0.172994
1577 0.166627
1578 0.154621
1579 0.166484
1580 0.197193
1581 0.186346
1582 0.1665
1583 0.15476
1584 0.192861
1585 0.197414
1586 0.168966
1587 0.145935
1588 0.163597
1589 0.177917
1590 0.159203
1591 0.164836
1592 0.174964
1593 0.18506
1594 0.18473
1595 0.182297
1596 0.188586
1597 0.188048
1598 0.199668
1599 0.167644
1600 0.160563
1601 0.174982
1602 0.185317
1603 0.164068
1604 0.163113
1605 0.176437
1606 0.182418
1607 0.175932
1608 0.194364
1609 0.184977
1610 0.195892
1611 0.188998
1612 0.203416
1613 0.173233
1614 0.193208
1615 0.197899
1616 0.19629
1617 0.158402
1618 0.186572
1619 0.198764
1620 0.177373
1621 0.151659
1622 0.165685
1623 0.169578
1624 0.169989
1625 0.172103
1626 0.180495
1627 0.16034
1628 0.184924
1629 0.178743
1630 0.201444
1631 0.184309
1632 0.181971
1633 0.167782
1634 0.191923
1635 0.176949
1636 0.165651
1637 0.186201
1638 0.185963
1639 0.182699
1640 0.177021
1641 0.199266
1642 0.176629
1643 0.185944
1644 0.164854
1645 0.183524
1646 0.16
1647 0.174979
1648 0.15801
1649 0.177669
1650 0.148989
1651 0.176774
1652 0.157849
1653 0.168496
1654 0.157403
1655 0.161983
1656 0.147547
1657 0.157028
1658 0.158595
1659 0.151101
1660 0.143589
1661 0.142883
1662 0.14305
1663 0.160421
1664 0.151007
1665 0.151258
1666 0.157732
1667 0.172897
1668 0.164497
1669 0.170852
1670 0.159962
1671 0.177983
1672 0.169852
1673 0.18278
1674 0.161244
1675 0.20464
1676 0.187069
1677 0.173085
1678 0.179061
1679 0.197574
1680 0.187787
1681 0.159358
1682 0.191415
1683 0.170116
1684 0.182288
1685 0.170504
1686 0.185063
1687 0.166809
1688 0.172627
1689 0.174642
1690 0.180505
1691 0.172319
1692 0.169615
1693 0.164411
1694 0.176202
1695 0.191171
1696 0.195124
1697 0.178865
1698 0.164101
1699 0.173557
1700 0.189475
1701 0.179462
1702 0.15822
1703 0.167997
1704 0.173951
1705 0.176439
1706 0.168634
1707 0.174902
1708 0.162485
1709 0.182355
1710 0.172139
1711 0.194231
1712 0.156401
1713 0.171961
1714 0.185777
1715 0.169234
1716 0.171813
1717 0.188582
1718 0.189688
1719 0.154584
1720 0.162773
1721 0.198348
1722 0.177907
1723 0.174069
1724 0.164911
1725 0.191358
1726 0.166992
1727 0.166003
1728 0.184996
1729 0.193696
1730 0.150313
1731 0.148711
1732 0.175535
1733 0.199426
1734 0.175806
1735 0.154447
1736 0.178862
1737 0.177226
1738 0.179539
1739 0.157427
1740 0.174787
1741 0.174552
1742 0.182644
1743 0.165384
1744 0.19083
1745 0.171072
1746 0.175808
1747 0.182048
1748 0.182544
1749 0.15811
1750 0.155838
1751 0.190983
1752 0.163827
1753 0.184389
1754 0.160127
1755 0.189572
1756 0.181388
1757 0.201746
1758 0.182158
1759 0.171582
1760 0.182682
1761 0.174309
1762 0.17848
1763 0.147166
1764 0.176817
1765 0.172078
1766 0.179533
1767 0.163381
1768 0.176901
1769 0.171387
1770 0.200683
1771 0.195613
1772 0.164119
1773 0.162042
1774 0.191353
1775 0.199358
1776 0.178678
1777 0.183369
1778 0.196916
1779 0.217905
1780 0.200567
1781 0.186469
1782 0.188
1783 0.190836
1784 0.186781
1785 0.185771
1786 0.176592
1787 0.157785
1788 0.177985
1789 0.184144
1790 0.177777
1791 0.15598
1792 0.171266
1793 0.181131
1794 0.176649
1795 0.167153
1796 0.184707
1797 0.156859
1798 0.156633
1799 0.166364
1800 0.178137
1801 0.164435
1802 0.146586
1803 0.158728
1804 0.180249
1805 0.16909
1806 0.167093
1807 0.166834
1808 0.165111
1809 0.163295
1810 0.171552
1811 0.176761
1812 0.171589
1813 0.172977
1814 0.174396
1815 0.186552
1816 0.19297
1817 0.18047
1818 0.168969
1819 0.183361
1820 0.18078
1821 0.190798
1822 0.158722
1823 0.172618
1824 0.184199
1825 0.172737
1826 0.17333
1827 0.172776
1828 0.18704
1829 0.157217
1830 0.181236
1831 0.174273
1832 0.169987
1833 0.14874
1834 0.162948
1835 0.167415
1836 0.146993
1837 0.162779
1838 0.168992
1839 0.187784
1840 0.177713
1841 0.181094
1842 0.169559
1843 0.180519
1844 0.186835
1845 0.17976
1846 0.174281
1847 0.183494
1848 0.184167
1849 0.176996
1850 0.165014
1851 0.17821
1852 0.200911
1853 0.170394
1854 0.155515
1855 0.172295
1856 0.175728
1857 0.179233
1858 0.17187
1859 0.17557
1860 0.153226
1861 0.185606
1862 0.168328
1863 0.166149
1864 0.169909
1865 0.176907
1866 0.162837
1867 0.172523
1868 0.189404
1869 0.198438
1870 0.18202
1871 0.186081
1872 0.196365
1873 0.19227
1874 0.165685
1875 0.185677
1876 0.203828
1877 0.176764
1878 0.170351
1879 0.181981
1880 0.185693
1881 0.16806
1882 0.183418
1883 0.187394
1884 0.165579
1885 0.165363
1886 0.172511
1887 0.179191
1888 0.185014
1889 0.171456
1890 0.154707
1891 0.180246
1892 0.193582
1893 0.182991
1894 0.170452
1895 0.176586
1896 0.187477
1897 0.17999
1898 0.178638
1899 0.17849
1900 0.166145
1901 0.157486
1902 0.165928
1903 0.179454
1904 0.162114
1905 0.157853
1906 0.16619
1907 0.176747
1908 0.162852
1909 0.155886
1910 0.150806
1911 0.179066
1912 0.160997
1913 0.164912
1914 0.148255
1915 0.177992
1916 0.18784
1917 0.180933
1918 0.160872
1919 0.168854
1920 0.190634
1921 0.178107
1922 0.1603
1923 0.174184
1924 0.181608
1925 0.164344
1926 0.18038
1927 0.179406
1928 0.185268
1929 0.1776
1930 0.180474
1931 0.17787
1932 0.169862
1933 0.160685
1934 0.165609
1935 0.170989
1936 0.176587
1937 0.166067
1938 0.188196
1939 0.174351
1940 0.188592
1941 0.189177
1942 0.18096
1943 0.176595
1944 0.166788
1945 0.165662
1946 0.169555
1947 0.176821
1948 0.16785
1949 0.156486
1950 0.164104
1951 0.16836
1952 0.192101
1953 0.162604
1954 0.161425
1955 0.164431
1956 0.174748
1957 0.172182
1958 0.16784
1959 0.186843
1960 0.169519
1961 0.176894
1962 0.16099
1963 0.18925
1964 0.186274
1965 0.18439
1966 0.164357
1967 0.174763
1968 0.185495
1969 0.187159
1970 0.17288
1971 0.164582
1972 0.177218
1973 0.16728
1974 0.169285
1975 0.166538
1976 0.182488
1977 0.180218
1978 0.176432
1979 0.166172
1980 0.180193
1981 0.202447
1982 0.202171
1983 0.178646
1984 0.194244
1985 0.187396
1986 0.198861
1987 0.175384
1988 0.18186
1989 0.162343
1990 0.184894
1991 0.16741
1992 0.166905
1993 0.167247
1994 0.165173
1995 0.157413
1996 0.168371
1997 0.183465
1998 0.148806
1999 0.161188
2000 0.168294
2001 0.172244
2002 0.158404
2003 0.168032
2004 0.181731
2005 0.179168
2006 0.190689
2007 0.161914
2008 0.197276
2009 0.195235
2010 0.190014
2011 0.174573
2012 0.182373
2013 0.170041
2014 0.160622
2015 0.166962
2016 0.175392
2017 0.181944
2018 0.170807
2019 0.177842
2020 0.194497
2021 0.177996
2022 0.18869
2023 0.176554
2024 0.175376
2025 0.17114
2026 0.178502
2027 0.164444
2028 0.16005
2029 0.180673
2030 0.170032
2031 0.170051
2032 0.185693
2033 0.179661
2034 0.172721
2035 0.185006
2036 0.18637
2037 0.179512
2038 0.177577
2039 0.17528
2040 0.181058
2041 0.192968
2042 0.192213
2043 0.179607
2044 0.186899
2045 0.194293
2046 0.21041
2047 0.20152
2048 0.177281
2049 0.170342
2050 0.188734
2051 0.186341
2052 0.156271
2053 0.145481
2054 0.171345
2055 0.161691
2056 0.176167
2057 0.172172
2058 0.186758
2059 0.174682
2060 0.200939
2061 0.218105
2062 0.202478
2063 0.179976
2064 0.204402
2065 0.211923
2066 0.197509
2067 0.178585
2068 0.172669
2069 0.193223
2070 0.191844
2071 0.163243
2072 0.158283
2073 0.177692
2074 0.177886
2075 0.173839
2076 0.168967
2077 0.172459
2078 0.1708
2079 0.184236
2080 0.192225
2081 0.184589
2082 0.175062
2083 0.178077
2084 0.195007
2085 0.183229
2086 0.176793
2087 0.192949
2088 0.18797
2089 0.168567
2090 0.169542
2091 0.164516
2092 0.155271
2093 0.148942
2094 0.158934
2095 0.157938
2096 0.147045
2097 0.169908
2098 0.185643
2099 0
