0 0.0925364
1 0.128779
2 0.155017
3 0.164945
4 0.169692
5 0.169725
6 0.16789
7 0.167807
8 0.168025
9 0.166561
10 0.168954
11 0.168809
12 0.172161
13 0.179502
14 0.179726
15 0.189405
16 0.190907
17 0.187469
18 0.191843
19 0.19316
20 0.190988
21 0.193764
22 0.192512
23 0.191304
24 0.192873
25 0.192665
26 0.194698
27 0.194967
28 0.194081
29 0.192619
30 0.195265
31 0.192834
32 0.194123
33 0.192168
34 0.194626
35 0.193242
36 0.193927
37 0.192966
38 0.194082
39 0.193216
40 0.193438
41 0.192342
42 0.192387
43 0.193819
44 0.192861
45 0.192828
46 0.195059
47 0.195251
48 0.1939
49 0.194504
50 0.192602
51 0.193869
52 0.193745
53 0.194587
54 0.194518
55 0.194967
56 0.195041
57 0.195997
58 0.195899
59 0.19614
60 0.196431
61 0.193926
62 0.192344
63 0.194232
64 0.192921
65 0.194247
66 0.19335
67 0.193429
68 0.194208
69 0.191869
70 0.193494
71 0.195581
72 0.196127
73 0.195816
74 0.193704
75 0.195154
76 0.194016
77 0.19408
78 0.193768
79 0.193685
80 0.193709
81 0.193841
82 0.192872
83 0.193825
84 0.191647
85 0.193667
86 0.193065
87 0.191899
88 0.193564
89 0.195962
90 0.197213
91 0.194265
92 0.194961
93 0.196113
94 0.195116
95 0.193213
96 0.191077
97 0.192867
98 0.193057
99 0.192567
100 0.192959
101 0.193239
102 0.195431
103 0.195123
104 0.192605
105 0.195285
106 0.194551
107 0.194374
108 0.195197
109 0.195624
110 0.196049
111 0.195893
112 0.193607
113 0.193124
114 0.192874
115 0.19267
116 0.191873
117 0.191345
118 0.192941
119 0.194478
120 0.194235
121 0.19399
122 0.192326
123 0.191105
124 0.193306
125 0.194348
126 0.192771
127 0.192252
128 0.193894
129 0.193713
130 0.193762
131 0.19422
132 0.195845
133 0.195628
134 0.196169
135 0.194677
136 0.193314
137 0.192087
138 0.190512
139 0.191927
140 0.193194
141 0.195763
142 0.193899
143 0.192311
144 0.192863
145 0.193761
146 0.192364
147 0.194564
148 0.194899
149 0.19539
150 0.1942
151 0.194916
152 0.194683
153 0.195503
154 0.194019
155 0.192001
156 0.194406
157 0.192275
158 0.192409
159 0.193504
160 0.192995
161 0.191829
162 0.194593
163 0.194971
164 0.193187
165 0.191709
166 0.194023
167 0.191916
168 0.192456
169 0.192934
170 0.191524
171 0.194442
172 0.193641
173 0.192949
174 0.194095
175 0.193115
176 0.193081
177 0.19064
178 0.193394
179 0.192072
180 0.192484
181 0.195627
182 0.195676
183 0.192901
184 0.19223
185 0.191259
186 0.189856
187 0.192932
188 0.193614
189 0.191078
190 0.194149
191 0.194565
192 0.193866
193 0.193125
194 0.194095
195 0.191003
196 0.193188
197 0.192581
198 0.192493
199 0.192532
200 0.19393
201 0.193162
202 0.193665
203 0.192529
204 0.192224
205 0.192919
206 0.192506
207 0.19365
208 0.194657
209 0.192724
210 0.191693
211 0.19233
212 0.193187
213 0.192113
214 0.194975
215 0.193739
216 0.191973
217 0.194174
218 0.194522
219 0.193084
220 0.193907
221 0.192586
222 0.191545
223 0.194103
224 0.192281
225 0.193313
226 0.194902
227 0.193183
228 0.192579
229 0.192825
230 0.192326
231 0.193762
232 0.194499
233 0.194368
234 0.194955
235 0.194145
236 0.1945
237 0.190474
238 0.193539
239 0.193255
240 0.190398
241 0.194024
242 0.192492
243 0.191789
244 0.192969
245 0.193165
246 0.19205
247 0.192569
248 0.192936
249 0.192977
250 0.196065
251 0.196549
252 0.19219
253 0.192791
254 0.194151
255 0.193767
256 0.195993
257 0.195041
258 0.190473
259 0.19342
260 0.19504
261 0.194743
262 0.195329
263 0.192979
264 0.193029
265 0.195103
266 0.194634
267 0.1943
268 0.196148
269 0.196378
270 0.194075
271 0.193518
272 0.191932
273 0.19115
274 0.193487
275 0.195269
276 0.194808
277 0.195904
278 0.193823
279 0.193728
280 0.192946
281 0.193164
282 0.195009
283 0.192834
284 0.192248
285 0.190576
286 0.193038
287 0.192176
288 0.194424
289 0.193306
290 0.194771
291 0.193529
292 0.195476
293 0.194933
294 0.194624
295 0.193964
296 0.194032
297 0.191812
298 0.192209
299 0.192184
300 0.19473
301 0.196484
302 0.195318
303 0.192132
304 0.19205
305 0.194013
306 0.192533
307 0.195146
308 0.195924
309 0.193047
310 0.195114
311 0.195364
312 0.193951
313 0.193243
314 0.193369
315 0.192993
316 0.193778
317 0.194322
318 0.194468
319 0.195423
320 0.195461
321 0.19621
322 0.195893
323 0.19592
324 0.195295
325 0.192557
326 0.19405
327 0.195485
328 0.195139
329 0.196
330 0.196339
331 0.194933
332 0.195107
333 0.196377
334 0.194579
335 0.194124
336 0.192575
337 0.193317
338 0.192375
339 0.194543
340 0.192528
341 0.194287
342 0.196109
343 0.193589
344 0.194465
345 0.194004
346 0.192371
347 0.192106
348 0.191496
349 0.19532
350 0.194359
351 0.194248
352 0.193864
353 0.192783
354 0.191943
355 0.191708
356 0.193243
357 0.193022
358 0.193537
359 0.193703
360 0.191761
361 0.190851
362 0.193033
363 0.19346
364 0.196143
365 0.195495
366 0.195504
367 0.193689
368 0.193755
369 0.193114
370 0.192369
371 0.192794
372 0.192292
373 0.192991
374 0.192177
375 0.191977
376 0.191472
377 0.19316
378 0.194368
379 0.192173
380 0.193593
381 0.193445
382 0.191327
383 0.192401
384 0.191758
385 0.193903
386 0.192829
387 0.191657
388 0.194053
389 0.194322
390 0.193491
391 0.195944
392 0.1954
393 0.195255
394 0.194257
395 0.192897
396 0.192436
397 0.194133
398 0.192977
399 0.19404
400 0.192566
401 0.194185
402 0.195479
403 0.195815
404 0.19595
405 0.195312
406 0.194415
407 0.195185
408 0.193529
409 0.194329
410 0.196149
411 0.196252
412 0.195221
413 0.193899
414 0.192182
415 0.193593
416 0.194938
417 0.194877
418 0.191997
419 0.193837
420 0.193963
421 0.192569
422 0.193362
423 0.195189
424 0.192922
425 0.193874
426 0.192211
427 0.190991
428 0.192338
429 0.193221
430 0.192141
431 0.195263
432 0.195296
433 0.19532
434 0.193273
435 0.193942
436 0.191278
437 0.192862
438 0.194352
439 0.191759
440 0.19571
441 0.1956
442 0.193257
443 0.192605
444 0.191141
445 0.189307
446 0.191776
447 0.193009
448 0.194877
449 0.192872
450 0.19176
451 0.193005
452 0.192673
453 0.191931
454 0.192248
455 0.19455
456 0.193007
457 0.191901
458 0.194729
459 0.19309
460 0.192417
461 0.193155
462 0.191562
463 0.192026
464 0.195216
465 0.195839
466 0.193127
467 0.193633
468 0.194824
469 0.191557
470 0.195403
471 0.195098
472 0.191016
473 0.19348
474 0.191819
475 0.193591
476 0.19295
477 0.192812
478 0.19149
479 0.194342
480 0.194197
481 0.19395
482 0.194588
483 0.19329
484 0.191426
485 0.194922
486 0.194527
487 0.192211
488 0.194088
489 0.193681
490 0.193644
491 0.19609
492 0.196429
493 0.192315
494 0.193123
495 0.194934
496 0.194683
497 0.195602
498 0.19357
499 0.192504
500 0.19173
501 0.192931
502 0.191853
503 0.195253
504 0.193616
505 0.193337
506 0.192563
507 0.194922
508 0.192263
509 0.193435
510 0.192188
511 0.192092
512 0.192326
513 0.195096
514 0.194294
515 0.195509
516 0.195874
517 0.194092
518 0.194586
519 0.194078
520 0.192724
521 0.193372
522 0.193251
523 0.191422
524 0.194865
525 0.195702
526 0.195337
527 0.192944
528 0.193124
529 0.191719
530 0.193143
531 0.193005
532 0.191185
533 0.194202
534 0.194566
535 0.192972
536 0.194856
537 0.195669
538 0.191791
539 0.195017
540 0.192642
541 0.194211
542 0.193612
543 0.193238
544 0.194779
545 0.192587
546 0.192341
547 0.191941
548 0.192899
549 0.195287
550 0.193653
551 0.191904
552 0.192898
553 0.195192
554 0.19363
555 0.192871
556 0.192929
557 0.192381
558 0.193872
559 0.192336
560 0.194874
561 0.193616
562 0.19501
563 0.196647
564 0.194843
565 0.194872
566 0.192694
567 0.194204
568 0.194925
569 0.196441
570 0.194398
571 0.192061
572 0.194356
573 0.194119
574 0.195829
575 0.195076
576 0.195471
577 0.195881
578 0.196908
579 0.193568
580 0.192791
581 0.193809
582 0.19384
583 0.194352
584 0.195965
585 0.194165
586 0.193616
587 0.194462
588 0.194451
589 0.195625
590 0.193802
591 0.19285
592 0.193657
593 0.19303
594 0.193468
595 0.192596
596 0.193612
597 0.192375
598 0.192075
599 0.194749
600 0.194032
601 0.194624
602 0.195104
603 0.193463
604 0.193036
605 0.191561
606 0.191705
607 0.195047
608 0.19291
609 0.193786
610 0.192203
611 0.191879
612 0.193238
613 0.195476
614 0.195689
615 0.193127
616 0.191999
617 0.193956
618 0.192666
619 0.192159
620 0.191836
621 0.193438
622 0.194549
623 0.195444
624 0.193477
625 0.194395
626 0.192641
627 0.192242
628 0.194287
629 0.194315
630 0.195007
631 0.195269
632 0.192913
633 0.193266
634 0.193437
635 0.192956
636 0.192439
637 0.193609
638 0.192346
639 0.191721
640 0.191825
641 0.191441
642 0.193086
643 0.194216
644 0.193518
645 0.193533
646 0.194535
647 0.192515
648 0.192613
649 0.19194
650 0.194376
651 0.193829
652 0.195439
653 0.195775
654 0.19463
655 0.193292
656 0.195959
657 0.195155
658 0.193773
659 0.191754
660 0.192351
661 0.194171
662 0.193762
663 0.192435
664 0.19348
665 0.19556
666 0.193507
667 0.193744
668 0.195693
669 0.193091
670 0.195272
671 0.19511
672 0.192909
673 0.194462
674 0.196478
675 0.193668
676 0.194262
677 0.195678
678 0.194954
679 0.195341
680 0.192558
681 0.193574
682 0.193845
683 0.191363
684 0.193365
685 0.194321
686 0.193515
687 0.195321
688 0.196172
689 0.19573
690 0.193506
691 0.194157
692 0.194362
693 0.194276
694 0.19363
695 0.194413
696 0.194429
697 0.194117
698 0.195206
699 0.194107
700 0.194407
701 0.192946
702 0.19344
703 0.192289
704 0.191047
705 0.194487
706 0.194063
707 0.191025
708 0.193184
709 0.19281
710 0.192837
711 0.193378
712 0.194067
713 0.194421
714 0.192555
715 0.191988
716 0.190554
717 0.191439
718 0.193634
719 0.195317
720 0.194217
721 0.193102
722 0.190839
723 0.193484
724 0.193564
725 0.193239
726 0.192404
727 0.191646
728 0.194016
729 0.194746
730 0.195659
731 0.192433
732 0.193717
733 0.193129
734 0.194597
735 0.193193
736 0.194495
737 0.19397
738 0.19521
739 0.193854
740 0.190896
741 0.193645
742 0.193438
743 0.191635
744 0.192418
745 0.191168
746 0.193603
747 0.194845
748 0.195322
749 0.192686
750 0.195154
751 0.195088
752 0.194579
753 0.19402
754 0.192218
755 0.193019
756 0.194987
757 0.194347
758 0.194461
759 0.196124
760 0.195574
761 0.192487
762 0.195611
763 0.195275
764 0.193472
765 0.192764
766 0.191509
767 0.191295
768 0.194464
769 0.195385
770 0.195552
771 0.194554
772 0.19293
773 0.193911
774 0.194845
775 0.192758
776 0.190645
777 0.193869
778 0.192581
779 0.191921
780 0.195475
781 0.19529
782 0.19302
783 0.19263
784 0.194398
785 0.194748
786 0.194592
787 0.195665
788 0.192816
789 0.195299
790 0.194246
791 0.192019
792 0.193351
793 0.193601
794 0.192063
795 0.192212
796 0.192502
797 0.19344
798 0.196026
799 0.196286
800 0.19146
801 0.192743
802 0.193526
803 0.195257
804 0.194688
805 0.195782
806 0.191561
807 0.191781
808 0.194006
809 0.192576
810 0.193292
811 0.193963
812 0.193942
813 0.193055
814 0.194169
815 0.190989
816 0.191124
817 0.193358
818 0.194793
819 0.196296
820 0.194173
821 0.193963
822 0.195611
823 0.195485
824 0.192668
825 0.195311
826 0.194657
827 0.192023
828 0.194123
829 0.192764
830 0.192424
831 0.195407
832 0.193909
833 0.191091
834 0.192669
835 0.191984
836 0.190931
837 0.195225
838 0.19534
839 0.192665
840 0.194346
841 0.192478
842 0.194465
843 0.195535
844 0.195412
845 0.191927
846 0.191994
847 0.193033
848 0.193792
849 0.19593
850 0.194056
851 0.194521
852 0.193152
853 0.193444
854 0.191966
855 0.194209
856 0.194746
857 0.195039
858 0.194231
859 0.19523
860 0.192184
861 0.193437
862 0.193582
863 0.193023
864 0.196266
865 0.195651
866 0.196271
867 0.194203
868 0.193133
869 0.195145
870 0.192983
871 0.193008
872 0.193002
873 0.195088
874 0.193617
875 0.193417
876 0.193278
877 0.194358
878 0.193853
879 0.193636
880 0.194206
881 0.196263
882 0.197583
883 0.194576
884 0.194351
885 0.192668
886 0.194029
887 0.193175
888 0.19172
889 0.19168
890 0.194656
891 0.192359
892 0.194105
893 0.19389
894 0.191629
895 0.19442
896 0.195762
897 0.194318
898 0.192452
899 0.191168
900 0.190496
901 0.1935
902 0.196271
903 0.194376
904 0.195206
905 0.196385
906 0.197455
907 0.193706
908 0.192635
909 0.194678
910 0.194184
911 0.194939
912 0.196836
913 0.193497
914 0.192923
915 0.194382
916 0.193188
917 0.19354
918 0.195429
919 0.19456
920 0.194731
921 0.192028
922 0.193111
923 0.195423
924 0.193739
925 0.19235
926 0.191725
927 0.194458
928 0.19396
929 0.19551
930 0.195677
931 0.194024
932 0.194748
933 0.192392
934 0.192763
935 0.194342
936 0.194251
937 0.194687
938 0.195352
939 0.191438
940 0.193213
941 0.194788
942 0.19192
943 0.194915
944 0.194761
945 0.193813
946 0.195087
947 0.195626
948 0.195421
949 0.195956
950 0.193792
951 0.191364
952 0.193952
953 0.194963
954 0.19294
955 0.193401
956 0.194723
957 0.191747
958 0.1942
959 0.194309
960 0.19426
961 0.193128
962 0.192942
963 0.194175
964 0.192981
965 0.194863
966 0.195825
967 0.19328
968 0.193985
969 0.192506
970 0.19194
971 0.19228
972 0.192398
973 0.194489
974 0.193134
975 0.192532
976 0.194974
977 0.193091
978 0.194542
979 0.19476
980 0.193799
981 0.194791
982 0.193436
983 0.191719
984 0.190485
985 0.194074
986 0.194124
987 0.193332
988 0.195663
989 0.19601
990 0.195198
991 0.192727
992 0.191677
993 0.194056
994 0.194279
995 0.194066
996 0.192241
997 0.194294
998 0.193166
999 0.192371
1000 0.193821
1001 0.193154
1002 0.191523
1003 0.192638
1004 0.192171
1005 0.190471
1006 0.191708
1007 0.193608
1008 0.190545
1009 0.19421
1010 0.194614
1011 0.193759
1012 0.195995
1013 0.195943
1014 0.194126
1015 0.193553
1016 0.19342
1017 0.19192
1018 0.193761
1019 0.194526
1020 0.192584
1021 0.192782
1022 0.194726
1023 0.194515
1024 0.195506
1025 0.195278
1026 0.190984
1027 0.194971
1028 0.193116
1029 0.190206
1030 0.192577
1031 0.194268
1032 0.192516
1033 0.196134
1034 0.195881
1035 0.195699
1036 0.195997
1037 0.194863
1038 0.193898
1039 0.192538
1040 0.191886
1041 0.194052
1042 0.193272
1043 0.195085
1044 0.192806
1045 0.195717
1046 0.195637
1047 0.193652
1048 0.19193
1049 0.192711
1050 0.192008
1051 0.191492
1052 0.194334
1053 0.192274
1054 0.192595
1055 0.192858
1056 0.193677
1057 0.195667
1058 0.195495
1059 0.193581
1060 0.194251
1061 0.194198
1062 0.195619
1063 0.195291
1064 0.194932
1065 0.195332
1066 0.193657
1067 0.195106
1068 0.195811
1069 0.193215
1070 0.194292
1071 0.193196
1072 0.192646
1073 0.192351
1074 0.193346
1075 0.193375
1076 0.19281
1077 0.195157
1078 0.195819
1079 0.194978
1080 0.193735
1081 0.192579
1082 0.192483
1083 0.192074
1084 0.195309
1085 0.195617
1086 0.196071
1087 0.19701
1088 0.195598
1089 0.194957
1090 0.194963
1091 0.193578
1092 0.192715
1093 0.195373
1094 0.194935
1095 0.19408
1096 0.192257
1097 0.193907
1098 0.194761
1099 0.19314
1100 0.193251
1101 0.192475
1102 0.193507
1103 0.192839
1104 0.19193
1105 0.191773
1106 0.193479
1107 0.195983
1108 0.196369
1109 0.196256
1110 0.195585
1111 0.192842
1112 0.19214
1113 0.193365
1114 0.193574
1115 0.193394
1116 0.193442
1117 0.191517
1118 0.191866
1119 0.194678
1120 0.192215
1121 0.193257
1122 0.192494
1123 0.19444
1124 0.194134
1125 0.192765
1126 0.195395
1127 0.195013
1128 0.195591
1129 0.192464
1130 0.193807
1131 0.195456
1132 0.192913
1133 0.194583
1134 0.192824
1135 0.191127
1136 0.194216
1137 0.195157
1138 0.193939
1139 0.193014
1140 0.19263
1141 0.195528
1142 0.194864
1143 0.195546
1144 0.192868
1145 0.192685
1146 0.192058
1147 0.194459
1148 0.192856
1149 0.191715
1150 0.193372
1151 0.19216
1152 0.19275
1153 0.194724
1154 0.194784
1155 0.195522
1156 0.19206
1157 0.19266
1158 0.19245
1159 0.194947
1160 0.193643
1161 0.19323
1162 0.195732
1163 0.194342
1164 0.195192
1165 0.195555
1166 0.195359
1167 0.194179
1168 0.195524
1169 0.194343
1170 0.193727
1171 0.191715
1172 0.193266
1173 0.194037
1174 0.191562
1175 0.19295
1176 0.194311
1177 0.195627
1178 0.194635
1179 0.192049
1180 0.190644
1181 0.191479
1182 0.192832
1183 0.195535
1184 0.19442
1185 0.194547
1186 0.195052
1187 0.193254
1188 0.191606
1189 0.189727
1190 0.192798
1191 0.193033
1192 0.193629
1193 0.195662
1194 0.193564
1195 0.191238
1196 0.193261
1197 0.192326
1198 0.190194
1199 0.192417
1200 0.192941
1201 0.19415
1202 0.195575
1203 0.193566
1204 0.192624
1205 0.194506
1206 0.195313
1207 0.194575
1208 0.19435
1209 0.192275
1210 0.19133
1211 0.192106
1212 0.192186
1213 0.191824
1214 0.194353
1215 0.194323
1216 0.19422
1217 0.194189
1218 0.191722
1219 0.193553
1220 0.194938
1221 0.193691
1222 0.189983
1223 0.19446
1224 0.193462
1225 0.192903
1226 0.194524
1227 0.194262
1228 0.194703
1229 0.193011
1230 0.194315
1231 0.194079
1232 0.193203
1233 0.195257
1234 0.192065
1235 0.192961
1236 0.194162
1237 0.191652
1238 0.192843
1239 0.193083
1240 0.194512
1241 0.195506
1242 0.195823
1243 0.194302
1244 0.192635
1245 0.192691
1246 0.194317
1247 0.192454
1248 0.193642
1249 0.191735
1250 0.193075
1251 0.192042
1252 0.193113
1253 0.193381
1254 0.191911
1255 0.189562
1256 0.191857
1257 0.191461
1258 0.192006
1259 0.194721
1260 0.193437
1261 0.192195
1262 0.193219
1263 0.19432
1264 0.192927
1265 0.195447
1266 0.193528
1267 0.193301
1268 0.191758
1269 0.191101
1270 0.190008
1271 0.191851
1272 0.194642
1273 0.191914
1274 0.192492
1275 0.191357
1276 0.191246
1277 0.191546
1278 0.192433
1279 0.193085
1280 0.193106
1281 0.194484
1282 0.191895
1283 0.192179
1284 0.192935
1285 0.192798
1286 0.193402
1287 0.19254
1288 0.191014
1289 0.194434
1290 0.194768
1291 0.192837
1292 0.195617
1293 0.195156
1294 0.19166
1295 0.194472
1296 0.195474
1297 0.191422
1298 0.193759
1299 0.192823
1300 0.18944
1301 0.192421
1302 0.192902
1303 0.192472
1304 0.1938
1305 0.193587
1306 0.191318
1307 0.19214
1308 0.194732
1309 0.195445
1310 0.195758
1311 0.195868
1312 0.193166
1313 0.195318
1314 0.194882
1315 0.191109
1316 0.192671
1317 0.192241
1318 0.193208
1319 0.195115
1320 0.19379
1321 0.192128
1322 0.194276
1323 0.192445
1324 0.191256
1325 0.195055
1326 0.19341
1327 0.191433
1328 0.192988
1329 0.195057
1330 0.194267
1331 0.195638
1332 0.193557
1333 0.18995
1334 0.192569
1335 0.19158
1336 0.192714
1337 0.192306
1338 0.192819
1339 0.190995
1340 0.193905
1341 0.194244
1342 0.193396
1343 0.194189
1344 0.192204
1345 0.19086
1346 0.193448
1347 0.192223
1348 0.190814
1349 0.192036
1350 0.193454
1351 0.192464
1352 0.194099
1353 0.193267
1354 0.193434
1355 0.19507
1356 0.193731
1357 0.193555
1358 0.194349
1359 0.194811
1360 0.194677
1361 0.194745
1362 0.195589
1363 0.19136
1364 0.192274
1365 0.193699
1366 0.190756
1367 0.193628
1368 0.193515
1369 0.190963
1370 0.195102
1371 0.195069
1372 0.193354
1373 0.192914
1374 0.193994
1375 0.195182
1376 0.194732
1377 0.195452
1378 0.193192
1379 0.191793
1380 0.194814
1381 0.195181
1382 0.193152
1383 0.195448
1384 0.196036
1385 0.194782
1386 0.193952
1387 0.191479
1388 0.193476
1389 0.193218
1390 0.195587
1391 0.19569
1392 0.193751
1393 0.193834
1394 0.194139
1395 0.195448
1396 0.196267
1397 0.195102
1398 0.19553
1399 0.192478
1400 0.194157
1401 0.192484
1402 0.193349
1403 0.193454
1404 0.195105
1405 0.195771
1406 0.195665
1407 0.194847
1408 0.193683
1409 0.194328
1410 0.193248
1411 0.19475
1412 0.194803
1413 0.192988
1414 0.193432
1415 0.194027
1416 0.195071
1417 0.195492
1418 0.195017
1419 0.193457
1420 0.193953
1421 0.193553
1422 0.194923
1423 0.194553
1424 0.195911
1425 0.194891
1426 0.193617
1427 0.191832
1428 0.191897
1429 0.193317
1430 0.192946
1431 0.194478
1432 0.195267
1433 0.19508
1434 0.194657
1435 0.194801
1436 0.195015
1437 0.19581
1438 0.196552
1439 0.19561
1440 0.19557
1441 0.194005
1442 0.19139
1443 0.19384
1444 0.193396
1445 0.192092
1446 0.192587
1447 0.193349
1448 0.191265
1449 0.19215
1450 0.19219
1451 0.19316
1452 0.192512
1453 0.192658
1454 0.195508
1455 0.193895
1456 0.192172
1457 0.192846
1458 0.191353
1459 0.191377
1460 0.191848
1461 0.192095
1462 0.192565
1463 0.195153
1464 0.194601
1465 0.193995
1466 0.192353
1467 0.191668
1468 0.192492
1469 0.194406
1470 0.192495
1471 0.192756
1472 0.193661
1473 0.192159
1474 0.193932
1475 0.19536
1476 0.193436
1477 0.194739
1478 0.193631
1479 0.193495
1480 0.192999
1481 0.194049
1482 0.192152
1483 0.192736
1484 0.193387
1485 0.193131
1486 0.194118
1487 0.192053
1488 0.192486
1489 0.194924
1490 0.192477
1491 0.192954
1492 0.192603
1493 0.195384
1494 0.194165
1495 0.196045
1496 0.196326
1497 0.194049
1498 0.195879
1499 0.194573
1500 0.195389
1501 0.195161
1502 0.195103
1503 0.194056
1504 0.193162
1505 0.194006
1506 0.192074
1507 0.19127
1508 0.193118
1509 0.1935
1510 0.195201
1511 0.197146
1512 0.193963
1513 0.195271
1514 0.192406
1515 0.19235
1516 0.193485
1517 0.195422
1518 0.195642
1519 0.195434
1520 0.193492
1521 0.193815
1522 0.192907
1523 0.190596
1524 0.191497
1525 0.191529
1526 0.193274
1527 0.195153
1528 0.194675
1529 0.193925
1530 0.194962
1531 0.194203
1532 0.19094
1533 0.193046
1534 0.194148
1535 0.191096
1536 0.192644
1537 0.19205
1538 0.190815
1539 0.192511
1540 0.193755
1541 0.19242
1542 0.192675
1543 0.193961
1544 0.195222
1545 0.194019
1546 0.193107
1547 0.195105
1548 0.194528
1549 0.195788
1550 0.194342
1551 0.193175
1552 0.193934
1553 0.191263
1554 0.193783
1555 0.194088
1556 0.19273
1557 0.193718
1558 0.192772
1559 0.192598
1560 0.193691
1561 0.195219
1562 0.192016
1563 0.193106
1564 0.193123
1565 0.193033
1566 0.19264
1567 0.19404
1568 0.194929
1569 0.19366
1570 0.194799
1571 0.194994
1572 0.195136
1573 0.193299
1574 0.193563
1575 0.191913
1576 0.190964
1577 0.19293
1578 0.192949
1579 0.191592
1580 0.192686
1581 0.194584
1582 0.193424
1583 0.191088
1584 0.193777
1585 0.193444
1586 0.192598
1587 0.194742
1588 0.194728
1589 0.194108
1590 0.193451
1591 0.192387
1592 0.191563
1593 0.194783
1594 0.195655
1595 0.19206
1596 0.194713
1597 0.19397
1598 0.192249
1599 0.193643
1600 0.194355
1601 0.192972
1602 0.194473
1603 0.193052
1604 0.190724
1605 0.192086
1606 0.193955
1607 0.19256
1608 0.193383
1609 0.1926
1610 0.193248
1611 0.194445
1612 0.193348
1613 0.190061
1614 0.19138
1615 0.190776
1616 0.191312
1617 0.192616
1618 0.194099
1619 0.193827
1620 0.194748
1621 0.195698
1622 0.192999
1623 0.19555
1624 0.195084
1625 0.190449
1626 0.193143
1627 0.193171
1628 0.193248
1629 0.19289
1630 0.192077
1631 0.191228
1632 0.192234
1633 0.193932
1634 0.192555
1635 0.193583
1636 0.193043
1637 0.194363
1638 0.19352
1639 0.192619
1640 0.191834
1641 0.191898
1642 0.194663
1643 0.193782
1644 0.195015
1645 0.195844
1646 0.193805
1647 0.194141
1648 0.194965
1649 0.193243
1650 0.193609
1651 0.192518
1652 0.194352
1653 0.194143
1654 0.192462
1655 0.190524
1656 0.191099
1657 0.191938
1658 0.193199
1659 0.19516
1660 0.194776
1661 0.193603
1662 0.193864
1663 0.192106
1664 0.190661
1665 0.192406
1666 0.191535
1667 0.191348
1668 0.193427
1669 0.194486
1670 0.194653
1671 0.19364
1672 0.194848
1673 0.1941
1674 0.192383
1675 0.192148
1676 0.191648
1677 0.194967
1678 0.194644
1679 0.193762
1680 0.193157
1681 0.19518
1682 0.194296
1683 0.194148
1684 0.195243
1685 0.191287
1686 0.192603
1687 0.19246
1688 0.194049
1689 0.195145
1690 0.192963
1691 0.191727
1692 0.191557
1693 0.193004
1694 0.192262
1695 0.195333
1696 0.1935
1697 0.19007
1698 0.191495
1699 0.191245
1700 0.19131
1701 0.192468
1702 0.192389
1703 0.191581
1704 0.19273
1705 0.194571
1706 0.195483
1707 0.193652
1708 0.193569
1709 0.193479
1710 0.193082
1711 0.193261
1712 0.193775
1713 0.194743
1714 0.195834
1715 0.19482
1716 0.196077
1717 0.194145
1718 0.190347
1719 0.193013
1720 0.192385
1721 0.192746
1722 0.194557
1723 0.195676
1724 0.195017
1725 0.193689
1726 0.193723
1727 0.19493
1728 0.192895
1729 0.193902
1730 0.194175
1731 0.192855
1732 0.193797
1733 0.193083
1734 0.192412
1735 0.195012
1736 0.193162
1737 0.193717
1738 0.193093
1739 0.191067
1740 0.19489
1741 0.195865
1742 0.195942
1743 0.196413
1744 0.194938
1745 0.194796
1746 0.192081
1747 0.192366
1748 0.192332
1749 0.191524
1750 0.194503
1751 0.195422
1752 0.194459
1753 0.193593
1754 0.192124
1755 0.191533
1756 0.191552
1757 0.193969
1758 0.194998
1759 0.193593
1760 0.192153
1761 0.194634
1762 0.193717
1763 0.192252
1764 0.191849
1765 0.193873
1766 0.194611
1767 0.194068
1768 0.19386
1769 0.193014
1770 0.191547
1771 0.192241
1772 0.194526
1773 0.192671
1774 0.19272
1775 0.192824
1776 0.192411
1777 0.192998
1778 0.193403
1779 0.194972
1780 0.19595
1781 0.192
1782 0.193072
1783 0.192076
1784 0.192453
1785 0.193443
1786 0.194193
1787 0.194302
1788 0.194165
1789 0.19372
1790 0.193685
1791 0.195515
1792 0.19589
1793 0.193172
1794 0.193939
1795 0.193961
1796 0.193606
1797 0.191937
1798 0.193876
1799 0.194151
1800 0.192862
1801 0.194137
1802 0.195157
1803 0.19331
1804 0.194892
1805 0.196162
1806 0.195906
1807 0.194557
1808 0.195087
1809 0.195683
1810 0.193897
1811 0.192028
1812 0.191706
1813 0.192307
1814 0.19211
1815 0.195474
1816 0.193472
1817 0.192574
1818 0.194854
1819 0.193779
1820 0.193587
1821 0.19229
1822 0.192439
1823 0.194528
1824 0.192811
1825 0.195028
1826 0.196099
1827 0.195686
1828 0.195358
1829 0.19474
1830 0.192177
1831 0.192036
1832 0.193335
1833 0.195916
1834 0.193036
1835 0.191806
1836 0.194735
1837 0.194458
1838 0.192181
1839 0.191649
1840 0.193149
1841 0.195442
1842 0.192641
1843 0.19407
1844 0.193353
1845 0.194979
1846 0.194238
1847 0.195742
1848 0.19407
1849 0.19485
1850 0.195122
1851 0.193426
1852 0.194966
1853 0.196448
1854 0.195396
1855 0.195596
1856 0.194135
1857 0.194493
1858 0.194487
1859 0.195388
1860 0.195347
1861 0.193558
1862 0.19243
1863 0.19443
1864 0.192862
1865 0.194727
1866 0.19509
1867 0.19532
1868 0.195997
1869 0.192157
1870 0.193985
1871 0.194733
1872 0.194008
1873 0.192371
1874 0.19125
1875 0.190837
1876 0.191245
1877 0.193442
1878 0.194796
1879 0.194054
1880 0.194021
1881 0.194657
1882 0.193484
1883 0.195301
1884 0.196211
1885 0.194663
1886 0.192472
1887 0.194931
1888 0.192552
1889 0.191901
1890 0.195047
1891 0.194947
1892 0.194414
1893 0.19329
1894 0.192336
1895 0.191656
1896 0.193643
1897 0.19299
1898 0.19202
1899 0.190637
1900 0.193509
1901 0.192568
1902 0.191017
1903 0.193927
1904 0.194371
1905 0.192276
1906 0.192658
1907 0.192651
1908 0.191968
1909 0.193122
1910 0.192392
1911 0.192226
1912 0.194523
1913 0.195924
1914 0.196722
1915 0.194465
1916 0.195182
1917 0.192208
1918 0.191852
1919 0.192727
1920 0.194596
1921 0.193503
1922 0.192997
1923 0.19084
1924 0.19153
1925 0.193476
1926 0.195225
1927 0.193889
1928 0.194811
1929 0.194572
1930 0.194428
1931 0.195354
1932 0.191953
1933 0.192861
1934 0.193394
1935 0.193075
1936 0.192455
1937 0.191857
1938 0.194495
1939 0.1944
1940 0.192906
1941 0.19468
1942 0.19334
1943 0.195171
1944 0.193301
1945 0.19351
1946 0.195088
1947 0.191281
1948 0.193886
1949 0.194188
1950 0.191896
1951 0.194218
1952 0.19418
1953 0.194965
1954 0.195266
1955 0.192577
1956 0.190626
1957 0.192958
1958 0.194104
1959 0.193655
1960 0.19452
1961 0.192185
1962 0.192756
1963 0.194521
1964 0.193488
1965 0.192571
1966 0.193408
1967 0.193481
1968 0.194786
1969 0.196331
1970 0.195619
1971 0.195033
1972 0.195138
1973 0.195759
1974 0.192439
1975 0.194614
1976 0.193357
1977 0.191351
1978 0.194386
1979 0.193476
1980 0.190578
1981 0.191788
1982 0.194383
1983 0.193499
1984 0.194211
1985 0.192899
1986 0.194147
1987 0.195591
1988 0.196297
1989 0.191875
1990 0.192681
1991 0.192393
1992 0.190387
1993 0.195025
1994 0.195873
1995 0.192878
1996 0.194714
1997 0.193953
1998 0.193053
1999 0.194605
2000 0.192692
2001 0.189798
2002 0.19107
2003 0.19143
2004 0.190782
2005 0.193462
2006 0.192325
2007 0.192752
2008 0.19233
2009 0.192125
2010 0.193446
2011 0.195196
2012 0.194214
2013 0.193967
2014 0.194047
2015 0.193093
2016 0.193588
2017 0.192414
2018 0.19375
2019 0.191588
2020 0.195031
2021 0.194014
2022 0.192931
2023 0.195188
2024 0.194076
2025 0.193031
2026 0.193433
2027 0.194806
2028 0.194643
2029 0.193861
2030 0.194031
2031 0.191223
2032 0.192583
2033 0.193881
2034 0.194616
2035 0.195351
2036 0.194503
2037 0.193449
2038 0.191757
2039 0.191699
2040 0.19218
2041 0.194046
2042 0.194782
2043 0.194654
2044 0.192513
2045 0.194259
2046 0.193828
2047 0.196026
2048 0.195245
2049 0.194446
2050 0.192569
2051 0.192233
2052 0.192145
2053 0.194669
2054 0.195499
2055 0.194047
2056 0.192234
2057 0.193738
2058 0.192519
2059 0.19475
2060 0.195835
2061 0.193021
2062 0.191773
2063 0.193763
2064 0.191703
2065 0.19184
2066 0.193105
2067 0.191879
2068 0.193729
2069 0.193479
2070 0.191854
2071 0.192619
2072 0.191739
2073 0.193202
2074 0.194462
2075 0.193396
2076 0.193858
2077 0.195765
2078 0.193042
2079 0.194463
2080 0.195815
2081 0.19393
2082 0.19256
2083 0.194111
2084 0.192415
2085 0.194708
2086 0.194387
2087 0.193906
2088 0.194854
2089 0.195432
2090 0.195228
2091 0.195078
2092 0.194493
2093 0.19438
2094 0.196178
2095 0.196411
2096 0.19545
2097 0.19503
2098 0.194063
2099 0
