0 -0.179664
1 -0.034045
2 0.0549722
3 0.0766312
4 0.0749745
5 0.0587557
6 0.0413471
7 0.0379685
8 0.0381032
9 0.0284685
10 0.0389307
11 0.0373362
12 0.0417644
13 0.0826071
14 0.0748987
15 0.116345
16 0.128728
17 0.128704
18 0.155962
19 0.167398
20 0.161339
21 0.176373
22 0.167923
23 0.16794
24 0.174297
25 0.167971
26 0.183386
27 0.183006
28 0.174672
29 0.170847
30 0.187987
31 0.166685
32 0.181809
33 0.167125
34 0.18284
35 0.174935
36 0.1782
37 0.168843
38 0.180932
39 0.174612
40 0.173305
41 0.172159
42 0.169533
43 0.17803
44 0.174609
45 0.169099
46 0.183372
47 0.185052
48 0.174677
49 0.17938
50 0.171619
51 0.177905
52 0.174189
53 0.181107
54 0.178542
55 0.180673
56 0.180806
57 0.184819
58 0.184871
59 0.18477
60 0.189037
61 0.174915
62 0.167396
63 0.180889
64 0.171033
65 0.178645
66 0.173434
67 0.173801
68 0.179579
69 0.165304
70 0.174809
71 0.184023
72 0.18446
73 0.185352
74 0.171389
75 0.182192
76 0.177703
77 0.17622
78 0.174605
79 0.176558
80 0.174907
81 0.176673
82 0.170175
83 0.177332
84 0.163447
85 0.17922
86 0.172562
87 0.164994
88 0.175452
89 0.185667
90 0.192297
91 0.171714
92 0.178622
93 0.186101
94 0.183829
95 0.171112
96 0.161125
97 0.177225
98 0.173548
99 0.168963
100 0.172577
101 0.171899
102 0.181833
103 0.184785
104 0.164903
105 0.18175
106 0.181608
107 0.176137
108 0.180019
109 0.18426
110 0.185899
111 0.186109
112 0.172222
113 0.17277
114 0.173233
115 0.172927
116 0.166781
117 0.164556
118 0.173399
119 0.180517
120 0.176937
121 0.176724
122 0.168655
123 0.163245
124 0.176077
125 0.18101
126 0.171701
127 0.164934
128 0.178733
129 0.176276
130 0.173856
131 0.175976
132 0.18593
133 0.182104
134 0.186732
135 0.181194
136 0.172546
137 0.169294
138 0.163285
139 0.168537
140 0.173393
141 0.186957
142 0.174853
143 0.166143
144 0.172642
145 0.179833
146 0.166245
147 0.180626
148 0.180201
149 0.18401
150 0.17862
151 0.178747
152 0.179922
153 0.187703
154 0.176104
155 0.163939
156 0.184757
157 0.16814
158 0.168408
159 0.178005
160 0.172867
161 0.163447
162 0.18257
163 0.183201
164 0.171539
165 0.167991
166 0.180735
167 0.166762
168 0.173674
169 0.17339
170 0.163098
171 0.183473
172 0.174578
173 0.169977
174 0.181293
175 0.171111
176 0.17457
177 0.163552
178 0.176609
179 0.167779
180 0.172504
181 0.184368
182 0.187028
183 0.175411
184 0.166145
185 0.16712
186 0.162333
187 0.172762
188 0.17854
189 0.165286
190 0.175983
191 0.18209
192 0.180725
193 0.167563
194 0.181303
195 0.166502
196 0.173034
197 0.171347
198 0.174917
199 0.167145
200 0.178919
201 0.176151
202 0.174115
203 0.169763
204 0.172717
205 0.172475
206 0.169066
207 0.178288
208 0.181292
209 0.170166
210 0.170069
211 0.168271
212 0.17618
213 0.170377
214 0.181608
215 0.176458
216 0.170732
217 0.176577
218 0.181832
219 0.176632
220 0.175204
221 0.17083
222 0.169972
223 0.180143
224 0.166784
225 0.17806
226 0.182764
227 0.171915
228 0.175551
229 0.171098
230 0.168473
231 0.18142
232 0.177883
233 0.17663
234 0.186893
235 0.174587
236 0.18195
237 0.165492
238 0.174878
239 0.176965
240 0.165428
241 0.178615
242 0.170211
243 0.173319
244 0.171204
245 0.174756
246 0.174197
247 0.168029
248 0.172492
249 0.177153
250 0.184818
251 0.190853
252 0.173947
253 0.167217
254 0.180354
255 0.181906
256 0.185078
257 0.182288
258 0.166448
259 0.172994
260 0.183872
261 0.186035
262 0.182939
263 0.167458
264 0.178574
265 0.184537
266 0.176873
267 0.182149
268 0.186628
269 0.187653
270 0.181619
271 0.17639
272 0.165563
273 0.170324
274 0.175392
275 0.183301
276 0.183063
277 0.187292
278 0.171442
279 0.180799
280 0.174109
281 0.169931
282 0.187282
283 0.173448
284 0.16671
285 0.16524
286 0.177418
287 0.164489
288 0.184438
289 0.17285
290 0.180398
291 0.17662
292 0.184624
293 0.178986
294 0.182738
295 0.177181
296 0.177476
297 0.170617
298 0.170988
299 0.166272
300 0.182968
301 0.190154
302 0.180511
303 0.169925
304 0.167284
305 0.181955
306 0.171536
307 0.180493
308 0.18827
309 0.172009
310 0.180786
311 0.18489
312 0.178108
313 0.173031
314 0.174334
315 0.174177
316 0.176047
317 0.178162
318 0.178723
319 0.182454
320 0.182406
321 0.185966
322 0.183224
323 0.185773
324 0.182933
325 0.167723
326 0.178647
327 0.1842
328 0.179157
329 0.185438
330 0.186433
331 0.178881
332 0.180401
333 0.188406
334 0.178037
335 0.178086
336 0.168616
337 0.175613
338 0.168089
339 0.181182
340 0.16767
341 0.177443
342 0.188442
343 0.172508
344 0.17879
345 0.177561
346 0.169784
347 0.169658
348 0.162822
349 0.183904
350 0.178874
351 0.17589
352 0.175503
353 0.172325
354 0.167089
355 0.165197
356 0.177476
357 0.171454
358 0.173064
359 0.178571
360 0.165566
361 0.160365
362 0.176946
363 0.173016
364 0.185324
365 0.181729
366 0.183186
367 0.174175
368 0.176405
369 0.173272
370 0.169672
371 0.173483
372 0.168663
373 0.173361
374 0.16904
375 0.167702
376 0.16422
377 0.174684
378 0.180436
379 0.166022
380 0.175811
381 0.176002
382 0.163639
383 0.172027
384 0.165394
385 0.177375
386 0.172926
387 0.162571
388 0.175866
389 0.182026
390 0.1705
391 0.183982
392 0.183459
393 0.181888
394 0.177869
395 0.171148
396 0.168963
397 0.179624
398 0.170748
399 0.17765
400 0.169005
401 0.177435
402 0.184029
403 0.18458
404 0.183674
405 0.181959
406 0.179568
407 0.183474
408 0.172642
409 0.180468
410 0.186358
411 0.187679
412 0.185825
413 0.174307
414 0.166682
415 0.180385
416 0.18138
417 0.182086
418 0.17111
419 0.17465
420 0.179725
421 0.176009
422 0.169319
423 0.186347
424 0.176717
425 0.175041
426 0.16868
427 0.169572
428 0.168822
429 0.175527
430 0.172238
431 0.181181
432 0.182536
433 0.189304
434 0.16869
435 0.179121
436 0.170685
437 0.16906
438 0.182279
439 0.170882
440 0.183356
441 0.185553
442 0.179875
443 0.169366
444 0.165
445 0.163016
446 0.166948
447 0.172614
448 0.187674
449 0.168978
450 0.163386
451 0.179168
452 0.171593
453 0.165313
454 0.173341
455 0.181782
456 0.171272
457 0.171396
458 0.182293
459 0.172182
460 0.175589
461 0.173986
462 0.164326
463 0.173534
464 0.182466
465 0.186798
466 0.177983
467 0.171078
468 0.184932
469 0.170943
470 0.182519
471 0.184363
472 0.16889
473 0.175998
474 0.164179
475 0.183643
476 0.171995
477 0.17031
478 0.170831
479 0.179456
480 0.17641
481 0.182177
482 0.180044
483 0.172203
484 0.170475
485 0.183164
486 0.179589
487 0.173919
488 0.177686
489 0.174439
490 0.180288
491 0.18616
492 0.188968
493 0.173694
494 0.170693
495 0.183661
496 0.184421
497 0.185921
498 0.170409
499 0.176407
500 0.16787
501 0.173131
502 0.17043
503 0.18613
504 0.171448
505 0.179269
506 0.168767
507 0.184678
508 0.172633
509 0.176056
510 0.166154
511 0.174945
512 0.168089
513 0.183763
514 0.180951
515 0.182248
516 0.185033
517 0.179692
518 0.180486
519 0.1765
520 0.174592
521 0.175926
522 0.174052
523 0.167066
524 0.181299
525 0.185257
526 0.185921
527 0.170904
528 0.173166
529 0.169931
530 0.175625
531 0.17253
532 0.165761
533 0.179105
534 0.180916
535 0.173161
536 0.179279
537 0.188558
538 0.166138
539 0.185109
540 0.166883
541 0.181448
542 0.177231
543 0.169613
544 0.184088
545 0.172261
546 0.16736
547 0.170151
548 0.171109
549 0.186195
550 0.177541
551 0.165683
552 0.170753
553 0.186855
554 0.176914
555 0.166907
556 0.175109
557 0.170293
558 0.178308
559 0.169299
560 0.183284
561 0.17201
562 0.181528
563 0.190975
564 0.176594
565 0.182124
566 0.169527
567 0.179752
568 0.180574
569 0.189151
570 0.177234
571 0.165672
572 0.179766
573 0.177744
574 0.185149
575 0.178942
576 0.183439
577 0.183414
578 0.192127
579 0.171271
580 0.1693
581 0.176584
582 0.178236
583 0.175948
584 0.185608
585 0.176863
586 0.172676
587 0.178021
588 0.179271
589 0.184526
590 0.175351
591 0.169591
592 0.176086
593 0.171764
594 0.176581
595 0.168361
596 0.175996
597 0.170246
598 0.165545
599 0.180378
600 0.177101
601 0.177636
602 0.181436
603 0.173521
604 0.172552
605 0.166506
606 0.164707
607 0.184815
608 0.16959
609 0.177214
610 0.167196
611 0.166153
612 0.174839
613 0.183804
614 0.184905
615 0.169626
616 0.16511
617 0.178841
618 0.172168
619 0.16717
620 0.164789
621 0.177728
622 0.178612
623 0.183604
624 0.170289
625 0.179329
626 0.171495
627 0.166721
628 0.17861
629 0.176631
630 0.181593
631 0.182077
632 0.169943
633 0.174465
634 0.174819
635 0.172749
636 0.16831
637 0.176361
638 0.170164
639 0.165862
640 0.167327
641 0.164155
642 0.175106
643 0.177832
644 0.173099
645 0.173306
646 0.180426
647 0.169302
648 0.171419
649 0.165559
650 0.17953
651 0.175078
652 0.181734
653 0.18334
654 0.179893
655 0.169402
656 0.18486
657 0.18479
658 0.174336
659 0.165083
660 0.170455
661 0.179918
662 0.176681
663 0.166082
664 0.17316
665 0.185875
666 0.172466
667 0.172204
668 0.186695
669 0.168972
670 0.182219
671 0.183179
672 0.167877
673 0.177375
674 0.190283
675 0.172097
676 0.174884
677 0.184279
678 0.181096
679 0.182943
680 0.1684
681 0.176123
682 0.178719
683 0.163638
684 0.174581
685 0.180114
686 0.173329
687 0.181363
688 0.187633
689 0.186461
690 0.169371
691 0.177874
692 0.180552
693 0.177979
694 0.173049
695 0.180556
696 0.178875
697 0.175992
698 0.185172
699 0.174541
700 0.17996
701 0.174438
702 0.174525
703 0.16966
704 0.165234
705 0.181595
706 0.180044
707 0.164787
708 0.172861
709 0.17369
710 0.175336
711 0.171207
712 0.178203
713 0.183017
714 0.167278
715 0.168747
716 0.16483
717 0.163801
718 0.176764
719 0.185353
720 0.175174
721 0.172422
722 0.163744
723 0.176723
724 0.176492
725 0.17615
726 0.168098
727 0.164653
728 0.180084
729 0.178803
730 0.186413
731 0.170406
732 0.174534
733 0.1733
734 0.184703
735 0.168773
736 0.180017
737 0.179176
738 0.182008
739 0.17693
740 0.165432
741 0.176377
742 0.177578
743 0.169897
744 0.169466
745 0.162569
746 0.179576
747 0.179634
748 0.184011
749 0.172733
750 0.180347
751 0.183147
752 0.184746
753 0.175617
754 0.166252
755 0.178169
756 0.182832
757 0.176188
758 0.183207
759 0.185955
760 0.184712
761 0.174359
762 0.18397
763 0.183486
764 0.181557
765 0.170859
766 0.164156
767 0.171672
768 0.179774
769 0.181471
770 0.189212
771 0.179049
772 0.167159
773 0.182707
774 0.184869
775 0.168017
776 0.166398
777 0.18085
778 0.169406
779 0.171962
780 0.184912
781 0.182899
782 0.1782
783 0.167997
784 0.179839
785 0.186295
786 0.177488
787 0.184721
788 0.174207
789 0.184944
790 0.177226
791 0.172187
792 0.175338
793 0.176028
794 0.173713
795 0.169468
796 0.168728
797 0.178271
798 0.18666
799 0.188299
800 0.167556
801 0.171037
802 0.175444
803 0.1877
804 0.177988
805 0.186447
806 0.169005
807 0.165316
808 0.181233
809 0.174627
810 0.172881
811 0.175864
812 0.181347
813 0.171795
814 0.179194
815 0.167914
816 0.162747
817 0.175465
818 0.183613
819 0.189582
820 0.17164
821 0.177873
822 0.186041
823 0.184613
824 0.169936
825 0.183894
826 0.182263
827 0.168283
828 0.180101
829 0.170642
830 0.170522
831 0.186431
832 0.176182
833 0.164361
834 0.173833
835 0.169114
836 0.16392
837 0.183534
838 0.185014
839 0.170267
840 0.18099
841 0.16659
842 0.181147
843 0.184315
844 0.184006
845 0.167627
846 0.167667
847 0.175075
848 0.176832
849 0.187749
850 0.172345
851 0.180692
852 0.173464
853 0.175606
854 0.167379
855 0.177895
856 0.181282
857 0.181863
858 0.1747
859 0.186363
860 0.167495
861 0.17403
862 0.177344
863 0.170852
864 0.186804
865 0.183124
866 0.186836
867 0.177707
868 0.169519
869 0.184592
870 0.172599
871 0.171687
872 0.170709
873 0.183878
874 0.174054
875 0.172854
876 0.171525
877 0.182098
878 0.175221
879 0.173169
880 0.177445
881 0.186269
882 0.193976
883 0.174356
884 0.177309
885 0.16903
886 0.181684
887 0.172857
888 0.166642
889 0.164583
890 0.18341
891 0.166677
892 0.178077
893 0.176546
894 0.162419
895 0.181444
896 0.185796
897 0.178287
898 0.167445
899 0.164135
900 0.159636
901 0.177753
902 0.188452
903 0.174649
904 0.179924
905 0.186913
906 0.194245
907 0.171275
908 0.1669
909 0.180985
910 0.179301
911 0.178168
912 0.190612
913 0.172259
914 0.169453
915 0.179842
916 0.17368
917 0.172391
918 0.183258
919 0.178785
920 0.180786
921 0.16699
922 0.171141
923 0.187454
924 0.176615
925 0.166679
926 0.164489
927 0.181272
928 0.175557
929 0.182668
930 0.184829
931 0.1731
932 0.182171
933 0.170591
934 0.169096
935 0.18035
936 0.179047
937 0.177224
938 0.18583
939 0.165585
940 0.171202
941 0.185252
942 0.167542
943 0.180265
944 0.181695
945 0.177955
946 0.179068
947 0.184935
948 0.186044
949 0.184972
950 0.175553
951 0.168864
952 0.176382
953 0.185324
954 0.176662
955 0.168953
956 0.185017
957 0.170968
958 0.175471
959 0.179004
960 0.184457
961 0.169957
962 0.17049
963 0.184832
964 0.168167
965 0.180441
966 0.191596
967 0.168476
968 0.177432
969 0.176545
970 0.165535
971 0.169231
972 0.174662
973 0.180469
974 0.17116
975 0.174302
976 0.183599
977 0.169364
978 0.185148
979 0.180376
980 0.172628
981 0.18717
982 0.174781
983 0.164814
984 0.166636
985 0.17945
986 0.177554
987 0.178464
988 0.182603
989 0.185465
990 0.18941
991 0.169288
992 0.161682
993 0.185277
994 0.179663
995 0.17457
996 0.173421
997 0.180545
998 0.171572
999 0.175539
1000 0.177508
1001 0.172454
1002 0.172198
1003 0.171893
1004 0.168931
1005 0.168453
1006 0.164971
1007 0.179339
1008 0.166238
1009 0.176568
1010 0.179914
1011 0.180757
1012 0.184818
1013 0.184571
1014 0.183274
1015 0.174339
1016 0.173948
1017 0.17371
1018 0.176247
1019 0.179914
1020 0.176521
1021 0.168886
1022 0.181353
1023 0.18395
1024 0.18312
1025 0.183026
1026 0.165534
1027 0.185582
1028 0.17303
1029 0.165078
1030 0.170473
1031 0.181898
1032 0.173037
1033 0.186268
1034 0.183783
1035 0.18683
1036 0.186802
1037 0.178083
1038 0.180384
1039 0.173119
1040 0.163627
1041 0.182445
1042 0.173211
1043 0.183226
1044 0.17097
1045 0.184818
1046 0.185263
1047 0.1779
1048 0.166713
1049 0.172579
1050 0.173072
1051 0.163575
1052 0.182267
1053 0.171871
1054 0.170641
1055 0.17033
1056 0.177829
1057 0.185317
1058 0.182365
1059 0.175252
1060 0.178637
1061 0.176617
1062 0.185898
1063 0.182632
1064 0.178437
1065 0.184199
1066 0.173453
1067 0.182596
1068 0.186694
1069 0.170873
1070 0.179789
1071 0.173973
1072 0.172069
1073 0.168105
1074 0.175455
1075 0.176001
1076 0.1678
1077 0.182156
1078 0.185272
1079 0.180087
1080 0.174668
1081 0.170652
1082 0.172145
1083 0.16686
1084 0.182097
1085 0.185009
1086 0.183185
1087 0.188607
1088 0.183228
1089 0.179083
1090 0.181303
1091 0.175767
1092 0.168039
1093 0.182569
1094 0.18343
1095 0.175752
1096 0.16548
1097 0.179455
1098 0.181791
1099 0.171135
1100 0.173929
1101 0.16889
1102 0.175338
1103 0.172968
1104 0.166278
1105 0.164935
1106 0.176133
1107 0.185822
1108 0.184201
1109 0.185557
1110 0.183642
1111 0.171595
1112 0.167161
1113 0.1753
1114 0.175266
1115 0.173888
1116 0.174602
1117 0.165572
1118 0.165634
1119 0.183389
1120 0.166662
1121 0.174479
1122 0.167699
1123 0.178357
1124 0.18021
1125 0.166679
1126 0.181864
1127 0.182115
1128 0.184679
1129 0.166981
1130 0.175329
1131 0.186853
1132 0.169496
1133 0.181613
1134 0.171241
1135 0.162044
1136 0.18095
1137 0.184168
1138 0.176283
1139 0.170092
1140 0.169031
1141 0.185628
1142 0.179012
1143 0.184321
1144 0.171429
1145 0.171212
1146 0.167099
1147 0.181683
1148 0.17235
1149 0.163603
1150 0.1759
1151 0.168769
1152 0.169666
1153 0.180097
1154 0.179125
1155 0.185546
1156 0.16716
1157 0.170817
1158 0.16951
1159 0.183669
1160 0.1743
1161 0.169911
1162 0.186608
1163 0.176158
1164 0.18107
1165 0.184599
1166 0.182408
1167 0.175082
1168 0.187069
1169 0.177361
1170 0.176386
1171 0.168973
1172 0.172846
1173 0.181325
1174 0.168362
1175 0.168701
1176 0.179976
1177 0.18789
1178 0.178601
1179 0.166142
1180 0.165768
1181 0.166016
1182 0.172082
1183 0.187468
1184 0.174753
1185 0.177987
1186 0.185493
1187 0.172517
1188 0.1658
1189 0.160118
1190 0.174506
1191 0.173233
1192 0.17669
1193 0.185314
1194 0.17502
1195 0.166903
1196 0.174999
1197 0.172413
1198 0.162855
1199 0.16918
1200 0.173328
1201 0.180355
1202 0.184018
1203 0.173012
1204 0.173945
1205 0.178186
1206 0.184593
1207 0.183663
1208 0.177047
1209 0.168421
1210 0.170955
1211 0.168747
1212 0.169775
1213 0.17097
1214 0.178019
1215 0.17838
1216 0.182239
1217 0.177809
1218 0.162411
1219 0.180545
1220 0.183343
1221 0.176189
1222 0.161671
1223 0.18126
1224 0.175761
1225 0.177438
1226 0.17771
1227 0.177194
1228 0.187612
1229 0.168066
1230 0.178407
1231 0.184557
1232 0.168719
1233 0.185599
1234 0.174129
1235 0.168829
1236 0.180856
1237 0.172863
1238 0.169722
1239 0.171222
1240 0.185749
1241 0.182135
1242 0.18329
1243 0.184782
1244 0.168673
1245 0.168481
1246 0.187345
1247 0.167681
1248 0.175256
1249 0.172464
1250 0.173874
1251 0.164943
1252 0.179959
1253 0.176012
1254 0.166345
1255 0.163057
1256 0.169351
1257 0.165251
1258 0.173536
1259 0.181557
1260 0.172656
1261 0.174797
1262 0.171668
1263 0.180062
1264 0.176937
1265 0.184405
1266 0.171235
1267 0.181781
1268 0.167262
1269 0.163268
1270 0.166602
1271 0.165368
1272 0.184564
1273 0.172866
1274 0.168084
1275 0.164277
1276 0.172819
1277 0.164781
1278 0.169365
1279 0.179338
1280 0.16941
1281 0.181577
1282 0.173093
1283 0.165291
1284 0.173462
1285 0.177969
1286 0.173433
1287 0.169751
1288 0.168274
1289 0.179337
1290 0.181923
1291 0.175754
1292 0.182991
1293 0.184279
1294 0.17167
1295 0.177056
1296 0.188177
1297 0.170801
1298 0.17529
1299 0.174124
1300 0.163236
1301 0.169992
1302 0.173245
1303 0.176506
1304 0.174831
1305 0.175629
1306 0.171755
1307 0.164742
1308 0.181787
1309 0.189395
1310 0.181538
1311 0.184177
1312 0.177862
1313 0.183463
1314 0.182073
1315 0.169871
1316 0.171847
1317 0.167802
1318 0.179715
1319 0.184098
1320 0.173008
1321 0.172886
1322 0.181939
1323 0.168015
1324 0.16889
1325 0.185922
1326 0.172951
1327 0.170961
1328 0.170958
1329 0.184335
1330 0.182027
1331 0.185472
1332 0.17328
1333 0.163543
1334 0.174925
1335 0.163705
1336 0.17871
1337 0.169508
1338 0.171559
1339 0.16805
1340 0.177348
1341 0.177629
1342 0.178811
1343 0.179926
1344 0.165983
1345 0.168209
1346 0.178803
1347 0.167493
1348 0.169049
1349 0.167725
1350 0.17627
1351 0.175248
1352 0.177733
1353 0.170578
1354 0.179326
1355 0.184478
1356 0.171568
1357 0.179667
1358 0.17937
1359 0.179242
1360 0.184096
1361 0.179206
1362 0.186386
1363 0.169032
1364 0.168252
1365 0.179965
1366 0.166562
1367 0.176165
1368 0.175921
1369 0.166249
1370 0.183245
1371 0.182039
1372 0.178491
1373 0.170534
1374 0.176441
1375 0.187061
1376 0.179206
1377 0.182709
1378 0.177448
1379 0.164209
1380 0.183382
1381 0.187049
1382 0.169339
1383 0.183106
1384 0.188841
1385 0.181133
1386 0.174569
1387 0.166724
1388 0.178005
1389 0.17101
1390 0.185778
1391 0.186991
1392 0.170795
1393 0.176983
1394 0.177084
1395 0.184332
1396 0.18712
1397 0.178904
1398 0.186703
1399 0.168016
1400 0.180317
1401 0.168397
1402 0.17526
1403 0.172555
1404 0.183613
1405 0.183813
1406 0.182825
1407 0.180367
1408 0.173697
1409 0.179698
1410 0.171855
1411 0.180218
1412 0.182182
1413 0.16937
1414 0.173239
1415 0.175539
1416 0.183852
1417 0.181916
1418 0.180997
1419 0.1723
1420 0.176451
1421 0.172569
1422 0.184063
1423 0.17649
1424 0.183957
1425 0.181746
1426 0.174279
1427 0.166695
1428 0.16787
1429 0.175356
1430 0.169911
1431 0.179745
1432 0.181699
1433 0.17999
1434 0.178717
1435 0.179023
1436 0.179697
1437 0.184771
1438 0.188074
1439 0.182721
1440 0.184029
1441 0.177245
1442 0.164613
1443 0.179511
1444 0.176176
1445 0.16925
1446 0.169086
1447 0.177422
1448 0.16501
1449 0.168479
1450 0.168972
1451 0.174711
1452 0.16973
1453 0.168181
1454 0.184766
1455 0.177342
1456 0.165447
1457 0.173205
1458 0.166039
1459 0.165091
1460 0.167318
1461 0.169659
1462 0.168508
1463 0.181468
1464 0.179852
1465 0.175887
1466 0.169307
1467 0.165995
1468 0.17027
1469 0.180833
1470 0.167944
1471 0.169609
1472 0.177013
1473 0.166428
1474 0.1757
1475 0.18409
1476 0.170697
1477 0.179925
1478 0.174288
1479 0.175638
1480 0.170663
1481 0.178898
1482 0.167255
1483 0.170454
1484 0.174273
1485 0.172536
1486 0.178419
1487 0.167191
1488 0.168002
1489 0.184362
1490 0.168666
1491 0.171992
1492 0.168196
1493 0.184501
1494 0.174961
1495 0.184927
1496 0.187894
1497 0.171595
1498 0.186152
1499 0.178651
1500 0.182914
1501 0.18111
1502 0.183003
1503 0.176715
1504 0.171816
1505 0.179895
1506 0.168272
1507 0.162552
1508 0.174604
1509 0.174148
1510 0.181602
1511 0.193301
1512 0.16969
1513 0.184988
1514 0.171487
1515 0.166991
1516 0.174534
1517 0.185472
1518 0.182682
1519 0.182945
1520 0.175984
1521 0.175907
1522 0.174315
1523 0.164292
1524 0.166191
1525 0.165989
1526 0.175419
1527 0.182642
1528 0.179071
1529 0.177538
1530 0.180525
1531 0.180552
1532 0.165434
1533 0.170856
1534 0.183295
1535 0.16628
1536 0.169542
1537 0.170404
1538 0.165664
1539 0.169032
1540 0.178993
1541 0.17201
1542 0.166853
1543 0.177744
1544 0.185668
1545 0.174505
1546 0.16936
1547 0.185717
1548 0.176707
1549 0.186197
1550 0.181661
1551 0.168443
1552 0.180229
1553 0.167482
1554 0.175069
1555 0.179506
1556 0.174413
1557 0.174768
1558 0.171448
1559 0.174833
1560 0.172784
1561 0.186792
1562 0.170776
1563 0.169811
1564 0.174938
1565 0.178083
1566 0.166627
1567 0.177755
1568 0.186108
1569 0.170236
1570 0.18011
1571 0.185459
1572 0.181619
1573 0.17071
1574 0.181229
1575 0.167572
1576 0.161004
1577 0.177606
1578 0.173705
1579 0.16316
1580 0.17424
1581 0.181469
1582 0.174983
1583 0.166393
1584 0.176071
1585 0.176492
1586 0.174657
1587 0.178394
1588 0.180987
1589 0.18294
1590 0.172411
1591 0.169224
1592 0.171052
1593 0.180231
1594 0.187661
1595 0.171708
1596 0.178729
1597 0.178591
1598 0.175476
1599 0.173036
1600 0.180151
1601 0.177899
1602 0.179017
1603 0.172596
1604 0.169106
1605 0.166371
1606 0.180297
1607 0.176345
1608 0.172195
1609 0.168635
1610 0.179952
1611 0.179963
1612 0.174078
1613 0.165078
1614 0.166062
1615 0.163218
1616 0.171987
1617 0.168352
1618 0.178421
1619 0.181102
1620 0.176274
1621 0.186243
1622 0.176833
1623 0.18282
1624 0.184562
1625 0.166586
1626 0.172727
1627 0.174083
1628 0.181363
1629 0.170952
1630 0.166961
1631 0.171799
1632 0.167431
1633 0.178724
1634 0.175937
1635 0.173442
1636 0.169941
1637 0.18595
1638 0.174476
1639 0.168223
1640 0.174621
1641 0.164423
1642 0.182643
1643 0.181211
1644 0.177675
1645 0.185647
1646 0.182071
1647 0.17486
1648 0.181821
1649 0.180005
1650 0.175514
1651 0.165675
1652 0.185742
1653 0.180288
1654 0.166655
1655 0.168295
1656 0.164653
1657 0.167309
1658 0.179281
1659 0.18215
1660 0.177838
1661 0.180275
1662 0.178088
1663 0.166261
1664 0.168706
1665 0.172894
1666 0.164284
1667 0.171508
1668 0.174104
1669 0.178342
1670 0.186212
1671 0.171885
1672 0.180117
1673 0.184612
1674 0.168717
1675 0.166426
1676 0.171993
1677 0.183868
1678 0.177353
1679 0.18169
1680 0.170353
1681 0.183736
1682 0.183936
1683 0.175102
1684 0.184539
1685 0.169799
1686 0.171507
1687 0.167881
1688 0.182837
1689 0.185679
1690 0.167097
1691 0.172958
1692 0.166641
1693 0.173901
1694 0.172938
1695 0.185668
1696 0.173411
1697 0.164794
1698 0.167913
1699 0.164482
1700 0.172175
1701 0.170883
1702 0.168395
1703 0.17251
1704 0.169582
1705 0.178863
1706 0.19008
1707 0.173288
1708 0.171574
1709 0.18136
1710 0.173581
1711 0.170437
1712 0.18132
1713 0.179891
1714 0.184322
1715 0.183197
1716 0.188325
1717 0.1765
1718 0.164285
1719 0.176329
1720 0.168948
1721 0.176158
1722 0.179083
1723 0.184285
1724 0.185245
1725 0.174879
1726 0.172847
1727 0.186942
1728 0.171827
1729 0.174308
1730 0.182241
1731 0.171822
1732 0.17527
1733 0.177153
1734 0.16763
1735 0.184703
1736 0.175684
1737 0.176387
1738 0.172423
1739 0.165759
1740 0.181735
1741 0.185774
1742 0.185843
1743 0.187999
1744 0.177764
1745 0.183825
1746 0.169299
1747 0.168782
1748 0.173695
1749 0.164173
1750 0.181109
1751 0.185023
1752 0.179079
1753 0.172504
1754 0.171142
1755 0.168735
1756 0.163311
1757 0.179406
1758 0.184474
1759 0.17179
1760 0.167885
1761 0.182861
1762 0.175752
1763 0.171256
1764 0.16561
1765 0.178935
1766 0.182244
1767 0.176841
1768 0.174263
1769 0.175656
1770 0.167067
1771 0.166747
1772 0.183863
1773 0.172083
1774 0.167963
1775 0.174651
1776 0.171318
1777 0.171294
1778 0.175541
1779 0.180382
1780 0.188771
1781 0.167485
1782 0.174528
1783 0.167616
1784 0.173433
1785 0.175024
1786 0.177081
1787 0.179777
1788 0.178395
1789 0.17377
1790 0.175782
1791 0.183344
1792 0.187526
1793 0.171846
1794 0.176044
1795 0.178289
1796 0.177845
1797 0.165143
1798 0.178329
1799 0.179979
1800 0.170007
1801 0.176782
1802 0.184167
1803 0.171401
1804 0.18042
1805 0.18655
1806 0.18573
1807 0.175748
1808 0.180305
1809 0.185966
1810 0.176174
1811 0.166891
1812 0.166695
1813 0.173197
1814 0.166686
1815 0.185459
1816 0.173255
1817 0.16779
1818 0.181773
1819 0.176122
1820 0.175279
1821 0.168899
1822 0.168989
1823 0.18188
1824 0.168367
1825 0.182313
1826 0.185516
1827 0.182366
1828 0.182086
1829 0.180195
1830 0.168713
1831 0.167674
1832 0.173401
1833 0.188849
1834 0.169854
1835 0.162767
1836 0.180197
1837 0.183863
1838 0.166379
1839 0.163421
1840 0.175738
1841 0.186477
1842 0.166897
1843 0.17815
1844 0.172371
1845 0.181809
1846 0.175603
1847 0.184514
1848 0.174429
1849 0.181237
1850 0.181816
1851 0.171345
1852 0.181596
1853 0.18848
1854 0.180478
1855 0.18445
1856 0.175316
1857 0.178932
1858 0.178871
1859 0.183261
1860 0.183452
1861 0.173641
1862 0.167468
1863 0.181724
1864 0.1695
1865 0.180025
1866 0.181543
1867 0.180395
1868 0.188187
1869 0.168071
1870 0.175592
1871 0.183133
1872 0.179848
1873 0.16737
1874 0.164599
1875 0.16564
1876 0.163975
1877 0.175394
1878 0.181224
1879 0.174532
1880 0.175522
1881 0.181848
1882 0.17076
1883 0.182835
1884 0.188526
1885 0.179022
1886 0.165329
1887 0.18539
1888 0.170964
1889 0.163452
1890 0.18379
1891 0.181818
1892 0.178094
1893 0.175498
1894 0.16865
1895 0.165654
1896 0.178829
1897 0.172897
1898 0.167375
1899 0.16163
1900 0.17904
1901 0.171591
1902 0.163103
1903 0.177252
1904 0.182249
1905 0.17028
1906 0.168324
1907 0.172832
1908 0.169458
1909 0.174008
1910 0.169101
1911 0.169529
1912 0.178728
1913 0.186517
1914 0.191773
1915 0.172184
1916 0.185262
1917 0.172416
1918 0.164224
1919 0.171672
1920 0.183933
1921 0.173008
1922 0.172684
1923 0.164943
1924 0.164225
1925 0.176457
1926 0.185495
1927 0.171091
1928 0.180491
1929 0.181991
1930 0.175327
1931 0.18606
1932 0.16985
1933 0.169564
1934 0.176688
1935 0.176692
1936 0.168433
1937 0.1647
1938 0.182557
1939 0.180089
1940 0.168022
1941 0.183652
1942 0.170301
1943 0.185345
1944 0.176278
1945 0.169438
1946 0.187075
1947 0.166767
1948 0.174487
1949 0.181046
1950 0.170263
1951 0.176602
1952 0.177675
1953 0.185204
1954 0.183038
1955 0.169079
1956 0.165962
1957 0.172439
1958 0.180132
1959 0.179075
1960 0.178725
1961 0.166147
1962 0.176372
1963 0.181041
1964 0.1739
1965 0.175222
1966 0.172981
1967 0.173914
1968 0.185445
1969 0.186319
1970 0.181559
1971 0.186978
1972 0.179787
1973 0.18663
1974 0.174977
1975 0.180334
1976 0.174107
1977 0.170931
1978 0.180808
1979 0.175455
1980 0.168643
1981 0.163895
1982 0.182447
1983 0.180763
1984 0.176547
1985 0.167255
1986 0.183921
1987 0.184209
1988 0.188096
1989 0.172063
1990 0.170757
1991 0.171705
1992 0.166356
1993 0.181881
1994 0.187296
1995 0.175792
1996 0.17986
1997 0.175896
1998 0.177928
1999 0.182804
2000 0.169345
2001 0.164679
2002 0.165809
2003 0.166551
2004 0.168456
2005 0.176727
2006 0.166021
2007 0.178393
2008 0.169895
2009 0.165072
2010 0.180003
2011 0.184375
2012 0.173593
2013 0.1817
2014 0.178933
2015 0.169257
2016 0.182376
2017 0.169021
2018 0.176944
2019 0.169834
2020 0.183808
2021 0.175189
2022 0.175848
2023 0.184673
2024 0.175191
2025 0.177638
2026 0.173789
2027 0.181016
2028 0.184617
2029 0.175711
2030 0.177177
2031 0.169004
2032 0.170931
2033 0.176588
2034 0.183459
2035 0.183872
2036 0.175921
2037 0.17939
2038 0.16862
2039 0.164771
2040 0.173446
2041 0.178568
2042 0.178775
2043 0.184239
2044 0.167919
2045 0.179046
2046 0.178251
2047 0.187373
2048 0.1796
2049 0.182054
2050 0.171969
2051 0.167705
2052 0.171315
2053 0.180948
2054 0.184154
2055 0.179489
2056 0.166784
2057 0.178494
2058 0.172069
2059 0.179241
2060 0.187449
2061 0.17453
2062 0.164267
2063 0.180373
2064 0.170309
2065 0.166411
2066 0.174546
2067 0.16998
2068 0.177255
2069 0.173959
2070 0.170148
2071 0.173684
2072 0.163677
2073 0.177005
2074 0.182304
2075 0.170037
2076 0.177083
2077 0.190149
2078 0.166506
2079 0.179785
2080 0.189195
2081 0.174057
2082 0.170415
2083 0.181841
2084 0.166093
2085 0.182615
2086 0.180202
2087 0.173309
2088 0.180938
2089 0.183563
2090 0.181463
2091 0.181248
2092 0.178705
2093 0.177215
2094 0.1865
2095 0.18719
2096 0.181565
2097 0.180174
2098 0.176658
2099 0
