0 -10.214
1 -5.89777
2 -4.6905
3 -5.53287
4 -6.82999
5 -8.22038
6 -8.73092
7 -9.42395
8 -9.42468
9 -9.57781
10 -9.41033
11 -8.9523
12 -8.50227
13 -7.49853
14 -5.38818
15 -4.50889
16 -2.81051
17 -1.77386
18 -1.07787
19 -0.42065
20 0.149441
21 0.04549
22 0.382176
23 0.508512
24 0.26446
25 0.346042
26 0.376471
27 0.290828
28 0.341109
29 0.280415
30 0.418997
31 0.314322
32 0.485138
33 0.485445
34 0.416311
35 0.381674
36 0.451526
37 0.467409
38 0.510717
39 0.488947
40 0.325948
41 0.410392
42 0.486174
43 0.311606
44 0.348506
45 0.434963
46 0.332782
47 0.480814
48 0.446995
49 0.484323
50 0.345221
51 0.252282
52 0.281288
53 0.417497
54 0.434601
55 0.489943
56 0.439266
57 0.519338
58 0.351575
59 0.494084
60 0.480362
61 0.548062
62 0.370918
63 0.415316
64 0.471837
65 0.308856
66 0.230186
67 0.402851
68 0.396134
69 0.329223
70 0.32624
71 0.458666
72 0.535776
73 0.363156
74 0.461293
75 0.401198
76 0.315976
77 0.37961
78 0.464065
79 0.372782
80 0.273668
81 0.353854
82 0.377778
83 0.492947
84 0.493358
85 0.505677
86 0.532937
87 0.518451
88 0.332212
89 0.440897
90 0.531296
91 0.347871
92 0.380247
93 0.426702
94 0.265844
95 0.392614
96 0.358064
97 0.461021
98 0.354072
99 0.460277
100 0.337001
101 0.334197
102 0.430744
103 0.340858
104 0.502015
105 0.580289
106 0.37277
107 0.372722
108 0.468569
109 0.502907
110 0.317271
111 0.326475
112 0.362836
113 0.292463
114 0.390418
115 0.51831
116 0.328596
117 0.439512
118 0.519199
119 0.47413
120 0.312923
121 0.30234
122 0.243465
123 0.244574
124 0.219861
125 0.486548
126 0.421909
127 0.412378
128 0.46776
129 0.425487
130 0.315585
131 0.441882
132 0.290419
133 0.428535
134 0.376161
135 0.270179
136 0.235696
137 0.328924
138 0.378679
139 0.500312
140 0.392002
141 0.34673
142 0.469656
143 0.484153
144 0.301256
145 0.469178
146 0.472791
147 0.401925
148 0.359198
149 0.474262
150 0.551983
151 0.437493
152 0.399142
153 0.472977
154 0.540066
155 0.432361
156 0.527961
157 0.544469
158 0.349955
159 0.347909
160 0.294863
161 0.322084
162 0.265193
163 0.315588
164 0.419239
165 0.284302
166 0.248237
167 0.478641
168 0.305892
169 0.381142
170 0.366509
171 0.478509
172 0.307161
173 0.492293
174 0.318496
175 0.233276
176 0.328641
177 0.331834
178 0.426315
179 0.371001
180 0.430705
181 0.376467
182 0.331353
183 0.373334
184 0.311668
185 0.221272
186 0.393988
187 0.300502
188 0.485798
189 0.301749
190 0.266351
191 0.45272
192 0.376864
193 0.269366
194 0.33294
195 0.305657
196 0.254816
197 0.397503
198 0.512908
199 0.562978
200 0.475259
201 0.453773
202 0.390673
203 0.263659
204 0.390788
205 0.438709
206 0.45317
207 0.396748
208 0.450305
209 0.3657
210 0.304764
211 0.343188
212 0.445681
213 0.268367
214 0.403262
215 0.259988
216 0.345881
217 0.470444
218 0.333496
219 0.517704
220 0.563855
221 0.381042
222 0.296251
223 0.487025
224 0.335053
225 0.261727
226 0.475552
227 0.47505
228 0.507276
229 0.467461
230 0.353086
231 0.241012
232 0.400868
233 0.429918
234 0.402616
235 0.365213
236 0.390851
237 0.342164
238 0.436195
239 0.406603
240 0.287142
241 0.300556
242 0.276738
243 0.436932
244 0.430443
245 0.417272
246 0.428249
247 0.257528
248 0.353413
249 0.428991
250 0.516126
251 0.521267
252 0.419754
253 0.511521
254 0.359432
255 0.41519
256 0.364352
257 0.305785
258 0.369574
259 0.286521
260 0.427965
261 0.370423
262 0.332605
263 0.345085
264 0.370701
265 0.463301
266 0.474115
267 0.52755
268 0.40188
269 0.445902
270 0.50059
271 0.433852
272 0.466702
273 0.313274
274 0.327465
275 0.308305
276 0.460346
277 0.37495
278 0.280482
279 0.227245
280 0.206259
281 0.373187
282 0.416274
283 0.505798
284 0.494001
285 0.363031
286 0.456039
287 0.556943
288 0.339567
289 0.370974
290 0.228846
291 0.426572
292 0.358613
293 0.308853
294 0.296314
295 0.279208
296 0.276243
297 0.382304
298 0.443732
299 0.359357
300 0.387952
301 0.493303
302 0.376448
303 0.461953
304 0.26053
305 0.453879
306 0.441657
307 0.488872
308 0.336682
309 0.352605
310 0.256076
311 0.308217
312 0.393083
313 0.30316
314 0.299167
315 0.353701
316 0.443884
317 0.306241
318 0.365403
319 0.467269
320 0.438331
321 0.479865
322 0.41563
323 0.325354
324 0.488614
325 0.374341
326 0.388
327 0.29559
328 0.226638
329 0.273561
330 0.227837
331 0.473207
332 0.325908
333 0.243539
334 0.374403
335 0.252953
336 0.410015
337 0.437834
338 0.489621
339 0.550404
340 0.378319
341 0.406548
342 0.413398
343 0.448316
344 0.330242
345 0.246612
346 0.249824
347 0.369108
348 0.474829
349 0.416592
350 0.398452
351 0.312718
352 0.306779
353 0.427214
354 0.390957
355 0.466315
356 0.3166
357 0.504654
358 0.426959
359 0.477425
360 0.334181
361 0.465144
362 0.303094
363 0.308452
364 0.433395
365 0.467768
366 0.319542
367 0.247471
368 0.30186
369 0.257072
370 0.271812
371 0.420166
372 0.299142
373 0.276206
374 0.413273
375 0.466638
376 0.542518
377 0.359332
378 0.284363
379 0.299594
380 0.453959
381 0.299778
382 0.312683
383 0.412663
384 0.296411
385 0.403848
386 0.406233
387 0.434015
388 0.308786
389 0.277494
390 0.425573
391 0.311782
392 0.440584
393 0.541937
394 0.32862
395 0.242989
396 0.229749
397 0.420713
398 0.31391
399 0.234756
400 0.382698
401 0.323468
402 0.387127
403 0.36935
404 0.504803
405 0.48567
406 0.448422
407 0.405727
408 0.318023
409 0.251644
410 0.476218
411 0.341369
412 0.36044
413 0.26469
414 0.358982
415 0.327782
416 0.381753
417 0.28168
418 0.42038
419 0.452949
420 0.377068
421 0.501564
422 0.361749
423 0.523004
424 0.409179
425 0.318113
426 0.250583
427 0.364357
428 0.402369
429 0.503809
430 0.412924
431 0.461339
432 0.405863
433 0.529676
434 0.558677
435 0.423565
436 0.300548
437 0.448556
438 0.426342
439 0.437875
440 0.326838
441 0.263126
442 0.300198
443 0.335241
444 0.461231
445 0.300032
446 0.42961
447 0.413513
448 0.373953
449 0.288408
450 0.41657
451 0.493335
452 0.468975
453 0.345551
454 0.253317
455 0.456454
456 0.463037
457 0.304051
458 0.450872
459 0.361172
460 0.379794
461 0.300498
462 0.215452
463 0.401369
464 0.424244
465 0.372877
466 0.472243
467 0.286752
468 0.422796
469 0.343968
470 0.30317
471 0.338133
472 0.326159
473 0.503967
474 0.317099
475 0.435536
476 0.447403
477 0.517049
478 0.536945
479 0.389204
480 0.230032
481 0.433076
482 0.328058
483 0.373078
484 0.288202
485 0.232544
486 0.429691
487 0.298084
488 0.366055
489 0.288427
490 0.473777
491 0.462495
492 0.448834
493 0.261721
494 0.463996
495 0.361729
496 0.480599
497 0.450505
498 0.351516
499 0.472112
500 0.522074
501 0.297458
502 0.44755
503 0.278419
504 0.346095
505 0.298335
506 0.235208
507 0.474464
508 0.325521
509 0.261218
510 0.279581
511 0.387929
512 0.485776
513 0.350438
514 0.375375
515 0.427432
516 0.320601
517 0.388513
518 0.372303
519 0.428868
520 0.425313
521 0.476894
522 0.310576
523 0.415485
524 0.38653
525 0.26219
526 0.379875
527 0.374762
528 0.336634
529 0.237454
530 0.445552
531 0.377203
532 0.4314
533 0.287432
534 0.463801
535 0.533983
536 0.343425
537 0.282735
538 0.447258
539 0.40744
540 0.375446
541 0.406066
542 0.388993
543 0.232134
544 0.45535
545 0.476388
546 0.413721
547 0.410281
548 0.51087
549 0.556488
550 0.374162
551 0.298761
552 0.425304
553 0.283099
554 0.482454
555 0.479432
556 0.418827
557 0.39571
558 0.465527
559 0.398397
560 0.432467
561 0.272573
562 0.470964
563 0.381112
564 0.416154
565 0.530543
566 0.549304
567 0.535914
568 0.3809
569 0.289567
570 0.402815
571 0.53305
572 0.54412
573 0.367584
574 0.364909
575 0.278496
576 0.331235
577 0.390662
578 0.515044
579 0.51245
580 0.353378
581 0.263189
582 0.447395
583 0.515228
584 0.464937
585 0.407349
586 0.396952
587 0.50869
588 0.360077
589 0.336373
590 0.300413
591 0.369998
592 0.44495
593 0.37516
594 0.302387
595 0.322301
596 0.505958
597 0.430821
598 0.412366
599 0.378001
600 0.253207
601 0.311596
602 0.273223
603 0.253265
604 0.397699
605 0.349746
606 0.490066
607 0.417681
608 0.396887
609 0.43476
610 0.450189
611 0.423625
612 0.394192
613 0.297548
614 0.484776
615 0.319157
616 0.360977
617 0.443983
618 0.308982
619 0.363666
620 0.408734
621 0.379348
622 0.452173
623 0.339175
624 0.244882
625 0.338967
626 0.349566
627 0.342387
628 0.429236
629 0.444515
630 0.262092
631 0.413568
632 0.278734
633 0.231872
634 0.294359
635 0.337306
636 0.262157
637 0.365282
638 0.395315
639 0.414206
640 0.400255
641 0.487587
642 0.429231
643 0.372535
644 0.303812
645 0.266981
646 0.329684
647 0.457198
648 0.314216
649 0.358173
650 0.310001
651 0.418509
652 0.406841
653 0.471126
654 0.401284
655 0.503017
656 0.359947
657 0.500623
658 0.326577
659 0.492442
660 0.47318
661 0.491723
662 0.507694
663 0.330239
664 0.411252
665 0.368788
666 0.502729
667 0.341088
668 0.507296
669 0.487026
670 0.5243
671 0.472748
672 0.362456
673 0.426114
674 0.437028
675 0.363912
676 0.488238
677 0.314651
678 0.299272
679 0.248337
680 0.249792
681 0.431852
682 0.326641
683 0.351358
684 0.49732
685 0.394845
686 0.450497
687 0.33777
688 0.276894
689 0.471532
690 0.443491
691 0.409035
692 0.328728
693 0.282561
694 0.249046
695 0.312866
696 0.476173
697 0.437497
698 0.423143
699 0.386649
700 0.391704
701 0.375189
702 0.466065
703 0.278175
704 0.420981
705 0.428275
706 0.359535
707 0.35248
708 0.262103
709 0.419134
710 0.309955
711 0.525166
712 0.471908
713 0.501283
714 0.363472
715 0.26434
716 0.387097
717 0.488278
718 0.484484
719 0.326801
720 0.34993
721 0.248719
722 0.278969
723 0.330205
724 0.275964
725 0.330684
726 0.462542
727 0.512976
728 0.371576
729 0.288776
730 0.440217
731 0.46602
732 0.424969
733 0.397013
734 0.511047
735 0.484608
736 0.532854
737 0.398353
738 0.438718
739 0.481247
740 0.468475
741 0.44035
742 0.449601
743 0.404756
744 0.524687
745 0.310434
746 0.466515
747 0.432057
748 0.342411
749 0.251303
750 0.440513
751 0.361889
752 0.346258
753 0.344558
754 0.382435
755 0.31945
756 0.474202
757 0.388317
758 0.310214
759 0.311415
760 0.370586
761 0.478621
762 0.320362
763 0.298204
764 0.288559
765 0.349413
766 0.416278
767 0.512513
768 0.335354
769 0.333911
770 0.388268
771 0.276886
772 0.360107
773 0.4331
774 0.492429
775 0.499601
776 0.439316
777 0.370299
778 0.35869
779 0.310361
780 0.395378
781 0.499628
782 0.438411
783 0.465074
784 0.288012
785 0.208013
786 0.364595
787 0.396594
788 0.411722
789 0.499054
790 0.434578
791 0.542268
792 0.405914
793 0.268897
794 0.258965
795 0.271738
796 0.399342
797 0.480897
798 0.306681
799 0.313611
800 0.449951
801 0.335817
802 0.398514
803 0.384923
804 0.37584
805 0.378792
806 0.358949
807 0.264243
808 0.474605
809 0.340148
810 0.482797
811 0.539157
812 0.40681
813 0.288448
814 0.470696
815 0.474577
816 0.541736
817 0.462972
818 0.362371
819 0.318709
820 0.475768
821 0.434343
822 0.520692
823 0.351954
824 0.291939
825 0.24193
826 0.234894
827 0.269314
828 0.309493
829 0.421712
830 0.436837
831 0.43542
832 0.488488
833 0.467301
834 0.553767
835 0.469476
836 0.515412
837 0.383909
838 0.26346
839 0.286111
840 0.224332
841 0.465479
842 0.553644
843 0.549433
844 0.350207
845 0.450129
846 0.29561
847 0.432628
848 0.27027
849 0.247267
850 0.279882
851 0.393277
852 0.440669
853 0.430479
854 0.301448
855 0.459599
856 0.317982
857 0.311788
858 0.221648
859 0.366018
860 0.344074
861 0.452104
862 0.390783
863 0.483389
864 0.461127
865 0.393294
866 0.304034
867 0.246278
868 0.33999
869 0.452174
870 0.465084
871 0.553502
872 0.385064
873 0.353603
874 0.498224
875 0.476781
876 0.370222
877 0.304026
878 0.388595
879 0.28445
880 0.477351
881 0.350839
882 0.303776
883 0.416577
884 0.306343
885 0.381936
886 0.436006
887 0.40211
888 0.468026
889 0.540628
890 0.291778
891 0.46456
892 0.340546
893 0.498693
894 0.451057
895 0.441546
896 0.356931
897 0.309138
898 0.475488
899 0.51132
900 0.374349
901 0.456629
902 0.437467
903 0.353266
904 0.293479
905 0.240274
906 0.260017
907 0.258833
908 0.230397
909 0.424761
910 0.283591
911 0.481803
912 0.283573
913 0.458009
914 0.269752
915 0.254643
916 0.350238
917 0.438558
918 0.41376
919 0.284156
920 0.303029
921 0.34583
922 0.338609
923 0.276204
924 0.25166
925 0.199841
926 0.404271
927 0.485586
928 0.430755
929 0.447362
930 0.389818
931 0.462891
932 0.47547
933 0.439942
934 0.504206
935 0.300729
936 0.390776
937 0.280455
938 0.393193
939 0.49691
940 0.513073
941 0.509678
942 0.362102
943 0.505104
944 0.349079
945 0.493565
946 0.549392
947 0.422426
948 0.381315
949 0.461536
950 0.428122
951 0.433143
952 0.284135
953 0.485567
954 0.299862
955 0.327456
956 0.289348
957 0.434412
958 0.41737
959 0.407262
960 0.359857
961 0.435797
962 0.423101
963 0.405257
964 0.322608
965 0.464881
966 0.398105
967 0.324239
968 0.331468
969 0.243442
970 0.241669
971 0.46729
972 0.529992
973 0.367589
974 0.399677
975 0.321
976 0.360791
977 0.511726
978 0.529171
979 0.414106
980 0.368332
981 0.318354
982 0.278814
983 0.316813
984 0.497581
985 0.460408
986 0.524723
987 0.513558
988 0.444358
989 0.354893
990 0.333291
991 0.497258
992 0.484813
993 0.514243
994 0.39276
995 0.261985
996 0.421484
997 0.328128
998 0.505415
999 0.461836
1000 0.357424
1001 0.305141
1002 0.434244
1003 0.490367
1004 0.545439
1005 0.47872
1006 0.38158
1007 0.25459
1008 0.397086
1009 0.383778
1010 0.523352
1011 0.562042
1012 0.394398
1013 0.451548
1014 0.276749
1015 0.307577
1016 0.343866
1017 0.285278
1018 0.32303
1019 0.388307
1020 0.489032
1021 0.452261
1022 0.294297
1023 0.3173
1024 0.399395
1025 0.507653
1026 0.523127
1027 0.452711
1028 0.267762
1029 0.38405
1030 0.351321
1031 0.419746
1032 0.475438
1033 0.515061
1034 0.498694
1035 0.505864
1036 0.337223
1037 0.498667
1038 0.490326
1039 0.41105
1040 0.394533
1041 0.526476
1042 0.291048
1043 0.450088
1044 0.315202
1045 0.252508
1046 0.252534
1047 0.239781
1048 0.257619
1049 0.452057
1050 0.459758
1051 0.312488
1052 0.248532
1053 0.263182
1054 0.347223
1055 0.327852
1056 0.440177
1057 0.432601
1058 0.326639
1059 0.371295
1060 0.343817
1061 0.352599
1062 0.302037
1063 0.376075
1064 0.410232
1065 0.537918
1066 0.486609
1067 0.351666
1068 0.410364
1069 0.384531
1070 0.28584
1071 0.407415
1072 0.4558
1073 0.413928
1074 0.380604
1075 0.308998
1076 0.252159
1077 0.455421
1078 0.289972
1079 0.435955
1080 0.281938
1081 0.249898
1082 0.252572
1083 0.489761
1084 0.293055
1085 0.45229
1086 0.383949
1087 0.411609
1088 0.473645
1089 0.485058
1090 0.272647
1091 0.441715
1092 0.300596
1093 0.465154
1094 0.430917
1095 0.346871
1096 0.447342
1097 0.428841
1098 0.346165
1099 0.310594
1100 0.251047
1101 0.256256
1102 0.240571
1103 0.231736
1104 0.345341
1105 0.506169
1106 0.48615
1107 0.348986
1108 0.328286
1109 0.322015
1110 0.428242
1111 0.545835
1112 0.522207
1113 0.320741
1114 0.487083
1115 0.514418
1116 0.489133
1117 0.382711
1118 0.488575
1119 0.478423
1120 0.408668
1121 0.521231
1122 0.370107
1123 0.461144
1124 0.514442
1125 0.529128
1126 0.582333
1127 0.387691
1128 0.51243
1129 0.416421
1130 0.465108
1131 0.352814
1132 0.466207
1133 0.456744
1134 0.310679
1135 0.251645
1136 0.189992
1137 0.383408
1138 0.258906
1139 0.433875
1140 0.427185
1141 0.480361
1142 0.413864
1143 0.374671
1144 0.394213
1145 0.427269
1146 0.532599
1147 0.407656
1148 0.522266
1149 0.316611
1150 0.246605
1151 0.400534
1152 0.496039
1153 0.526276
1154 0.563876
1155 0.485105
1156 0.537547
1157 0.569152
1158 0.393155
1159 0.381573
1160 0.233993
1161 0.316148
1162 0.275425
1163 0.236606
1164 0.353647
1165 0.278903
1166 0.350907
1167 0.446691
1168 0.534386
1169 0.430106
1170 0.435705
1171 0.281169
1172 0.237269
1173 0.434209
1174 0.479646
1175 0.478638
1176 0.37985
1177 0.478051
1178 0.538934
1179 0.487605
1180 0.465467
1181 0.35759
1182 0.380265
1183 0.371319
1184 0.273055
1185 0.372974
1186 0.350804
1187 0.480034
1188 0.453113
1189 0.551957
1190 0.487013
1191 0.44893
1192 0.451194
1193 0.416441
1194 0.345998
1195 0.448428
1196 0.552944
1197 0.34639
1198 0.438966
1199 0.323827
1200 0.427016
1201 0.439305
1202 0.393612
1203 0.370505
1204 0.285343
1205 0.229393
1206 0.412829
1207 0.355758
1208 0.452547
1209 0.436094
1210 0.326131
1211 0.316342
1212 0.458706
1213 0.555259
1214 0.30807
1215 0.378539
1216 0.386646
1217 0.373154
1218 0.270251
1219 0.263967
1220 0.308081
1221 0.363944
1222 0.427167
1223 0.381647
1224 0.272926
1225 0.217938
1226 0.359644
1227 0.26916
1228 0.317992
1229 0.323833
1230 0.368655
1231 0.477891
1232 0.425117
1233 0.480379
1234 0.440616
1235 0.277557
1236 0.377912
1237 0.314567
1238 0.288691
1239 0.406864
1240 0.405871
1241 0.377341
1242 0.310834
1243 0.351528
1244 0.489077
1245 0.552314
1246 0.459511
1247 0.436584
1248 0.449497
1249 0.403301
1250 0.517056
1251 0.440381
1252 0.489844
1253 0.352099
1254 0.447745
1255 0.332401
1256 0.462362
1257 0.371314
1258 0.404601
1259 0.379488
1260 0.260518
1261 0.306346
1262 0.465254
1263 0.298059
1264 0.348986
1265 0.34748
1266 0.467751
1267 0.468303
1268 0.357021
1269 0.312052
1270 0.323838
1271 0.268214
1272 0.463198
1273 0.398857
1274 0.319158
1275 0.496055
1276 0.270195
1277 0.400965
1278 0.500518
1279 0.476673
1280 0.39351
1281 0.480701
1282 0.468554
1283 0.41842
1284 0.332565
1285 0.337123
1286 0.305067
1287 0.311637
1288 0.462254
1289 0.430959
1290 0.342854
1291 0.308186
1292 0.410394
1293 0.300509
1294 0.456983
1295 0.331625
1296 0.462092
1297 0.341949
1298 0.47849
1299 0.516035
1300 0.390582
1301 0.484039
1302 0.361375
1303 0.339393
1304 0.270469
1305 0.324303
1306 0.389788
1307 0.351268
1308 0.512799
1309 0.408515
1310 0.338296
1311 0.229725
1312 0.351732
1313 0.304184
1314 0.285255
1315 0.30997
1316 0.494717
1317 0.455172
1318 0.366336
1319 0.296744
1320 0.28171
1321 0.455436
1322 0.507034
1323 0.501788
1324 0.394429
1325 0.261115
1326 0.278814
1327 0.336857
1328 0.400643
1329 0.509615
1330 0.459234
1331 0.487424
1332 0.534975
1333 0.416722
1334 0.414279
1335 0.516974
1336 0.568186
1337 0.321792
1338 0.339032
1339 0.297301
1340 0.410254
1341 0.523416
1342 0.424389
1343 0.323162
1344 0.406375
1345 0.348966
1346 0.404461
1347 0.336075
1348 0.369665
1349 0.438563
1350 0.308631
1351 0.407333
1352 0.353349
1353 0.394883
1354 0.532547
1355 0.423534
1356 0.516793
1357 0.509149
1358 0.454837
1359 0.404983
1360 0.352914
1361 0.397821
1362 0.456569
1363 0.36632
1364 0.416462
1365 0.299481
1366 0.362169
1367 0.343647
1368 0.259113
1369 0.469854
1370 0.302556
1371 0.493024
1372 0.392807
1373 0.483507
1374 0.402109
1375 0.454633
1376 0.344606
1377 0.260578
1378 0.215354
1379 0.367183
1380 0.388312
1381 0.375446
1382 0.477769
1383 0.30156
1384 0.268466
1385 0.383154
1386 0.528912
1387 0.398535
1388 0.470463
1389 0.261554
1390 0.343542
1391 0.342051
1392 0.514727
1393 0.532001
1394 0.391731
1395 0.304061
1396 0.308512
1397 0.413546
1398 0.420488
1399 0.470875
1400 0.275184
1401 0.404532
1402 0.247459
1403 0.277894
1404 0.261098
1405 0.31502
1406 0.23486
1407 0.312073
1408 0.454475
1409 0.511989
1410 0.441562
1411 0.490473
1412 0.340922
1413 0.501175
1414 0.334529
1415 0.47358
1416 0.512722
1417 0.440793
1418 0.50621
1419 0.348174
1420 0.297777
1421 0.475722
1422 0.468418
1423 0.357519
1424 0.252612
1425 0.280682
1426 0.452719
1427 0.429278
1428 0.367558
1429 0.4838
1430 0.32949
1431 0.312922
1432 0.258349
1433 0.363083
1434 0.443713
1435 0.450894
1436 0.52258
1437 0.453707
1438 0.415582
1439 0.311167
1440 0.351375
1441 0.336065
1442 0.447344
1443 0.461158
1444 0.335463
1445 0.247906
1446 0.464136
1447 0.478588
1448 0.401625
1449 0.358062
1450 0.312168
1451 0.447703
1452 0.521412
1453 0.475521
1454 0.44338
1455 0.267861
1456 0.257499
1457 0.325329
1458 0.307665
1459 0.382706
1460 0.437431
1461 0.461207
1462 0.453723
1463 0.48469
1464 0.440316
1465 0.404346
1466 0.240104
1467 0.419459
1468 0.495223
1469 0.378475
1470 0.299412
1471 0.369246
1472 0.290951
1473 0.476702
1474 0.304122
1475 0.314508
1476 0.307608
1477 0.392333
1478 0.500793
1479 0.529622
1480 0.29673
1481 0.42631
1482 0.318707
1483 0.351791
1484 0.450527
1485 0.320044
1486 0.431945
1487 0.2876
1488 0.48228
1489 0.325987
1490 0.257086
1491 0.343384
1492 0.345476
1493 0.28981
1494 0.369198
1495 0.311457
1496 0.437532
1497 0.549808
1498 0.325633
1499 0.285142
1500 0.250427
1501 0.467855
1502 0.418938
1503 0.337762
1504 0.381894
1505 0.459894
1506 0.404358
1507 0.494289
1508 0.549429
1509 0.337678
1510 0.470752
1511 0.470242
1512 0.470472
1513 0.481259
1514 0.477772
1515 0.391622
1516 0.344466
1517 0.442741
1518 0.486966
1519 0.365455
1520 0.259075
1521 0.383257
1522 0.263106
1523 0.292745
1524 0.467541
1525 0.282431
1526 0.400776
1527 0.474033
1528 0.342036
1529 0.36153
1530 0.380109
1531 0.369584
1532 0.284735
1533 0.34922
1534 0.403229
1535 0.358263
1536 0.349815
1537 0.510865
1538 0.484146
1539 0.373862
1540 0.408734
1541 0.472055
1542 0.313363
1543 0.378666
1544 0.48037
1545 0.309928
1546 0.360355
1547 0.471965
1548 0.329778
1549 0.367925
1550 0.416202
1551 0.382578
1552 0.291372
1553 0.262764
1554 0.443315
1555 0.368797
1556 0.337141
1557 0.300351
1558 0.320051
1559 0.43665
1560 0.390913
1561 0.3269
1562 0.232547
1563 0.342666
1564 0.313758
1565 0.320638
1566 0.44005
1567 0.492408
1568 0.355272
1569 0.299077
1570 0.462184
1571 0.275979
1572 0.381115
1573 0.486403
1574 0.486569
1575 0.451939
1576 0.417807
1577 0.446142
1578 0.403169
1579 0.488001
1580 0.451734
1581 0.327736
1582 0.410428
1583 0.359833
1584 0.460357
1585 0.37374
1586 0.522047
1587 0.410052
1588 0.41121
1589 0.409162
1590 0.453414
1591 0.366961
1592 0.331438
1593 0.439846
1594 0.367433
1595 0.475165
1596 0.344083
1597 0.492988
1598 0.343866
1599 0.288359
1600 0.424354
1601 0.266545
1602 0.48517
1603 0.298328
1604 0.315596
1605 0.263585
1606 0.25905
1607 0.303077
1608 0.319986
1609 0.388057
1610 0.291792
1611 0.248328
1612 0.451358
1613 0.412921
1614 0.370198
1615 0.49054
1616 0.381571
1617 0.409561
1618 0.290633
1619 0.365462
1620 0.298008
1621 0.226453
1622 0.314924
1623 0.295533
1624 0.446331
1625 0.403056
1626 0.437392
1627 0.522981
1628 0.297073
1629 0.36084
1630 0.459087
1631 0.543996
1632 0.491784
1633 0.526053
1634 0.34329
1635 0.266116
1636 0.246083
1637 0.241634
1638 0.287138
1639 0.398364
1640 0.383685
1641 0.398564
1642 0.509975
1643 0.538127
1644 0.481752
1645 0.351852
1646 0.374221
1647 0.414171
1648 0.34921
1649 0.278422
1650 0.40253
1651 0.47353
1652 0.433373
1653 0.521257
1654 0.553452
1655 0.370581
1656 0.455299
1657 0.507748
1658 0.511316
1659 0.540702
1660 0.37836
1661 0.421496
1662 0.283695
1663 0.501774
1664 0.452587
1665 0.393599
1666 0.302278
1667 0.422488
1668 0.461203
1669 0.420887
1670 0.478412
1671 0.388993
1672 0.473944
1673 0.38161
1674 0.440366
1675 0.521267
1676 0.401041
1677 0.27105
1678 0.246999
1679 0.436952
1680 0.460499
1681 0.292691
1682 0.294906
1683 0.265076
1684 0.456743
1685 0.513181
1686 0.477444
1687 0.488615
1688 0.427726
1689 0.437714
1690 0.470713
1691 0.361246
1692 0.410791
1693 0.474047
1694 0.415885
1695 0.519473
1696 0.517879
1697 0.345178
1698 0.440197
1699 0.455251
1700 0.332902
1701 0.402335
1702 0.484805
1703 0.461919
1704 0.434135
1705 0.290701
1706 0.199891
1707 0.432297
1708 0.369098
1709 0.50231
1710 0.530579
1711 0.321884
1712 0.360252
1713 0.463447
1714 0.401956
1715 0.453765
1716 0.496562
1717 0.515583
1718 0.320261
1719 0.492467
1720 0.378835
1721 0.27495
1722 0.250113
1723 0.404914
1724 0.493909
1725 0.486513
1726 0.392484
1727 0.482195
1728 0.447329
1729 0.396223
1730 0.410539
1731 0.498967
1732 0.369149
1733 0.391465
1734 0.333649
1735 0.47157
1736 0.502869
1737 0.429377
1738 0.515683
1739 0.435448
1740 0.324825
1741 0.237611
1742 0.346306
1743 0.373768
1744 0.248818
1745 0.438528
1746 0.349739
1747 0.518998
1748 0.490322
1749 0.369669
1750 0.355957
1751 0.350036
1752 0.328621
1753 0.485665
1754 0.5176
1755 0.53744
1756 0.387075
1757 0.251331
1758 0.44598
1759 0.386336
1760 0.335902
1761 0.407161
1762 0.315572
1763 0.269904
1764 0.368167
1765 0.301801
1766 0.243016
1767 0.448502
1768 0.342497
1769 0.509528
1770 0.365192
1771 0.461844
1772 0.277255
1773 0.351564
1774 0.262699
1775 0.253353
1776 0.374836
1777 0.395505
1778 0.277045
1779 0.331845
1780 0.472531
1781 0.42528
1782 0.336943
1783 0.414933
1784 0.410687
1785 0.390822
1786 0.490022
1787 0.524521
1788 0.530821
1789 0.459192
1790 0.30668
1791 0.404176
1792 0.338467
1793 0.287007
1794 0.396242
1795 0.350049
1796 0.299466
1797 0.410212
1798 0.382578
1799 0.442808
1800 0.3944
1801 0.3395
1802 0.396262
1803 0.251183
1804 0.29526
1805 0.267552
1806 0.383034
1807 0.343231
1808 0.342775
1809 0.501081
1810 0.431119
1811 0.426882
1812 0.354948
1813 0.388943
1814 0.481163
1815 0.522648
1816 0.392241
1817 0.483764
1818 0.553898
1819 0.46489
1820 0.439694
1821 0.413933
1822 0.367962
1823 0.323901
1824 0.315136
1825 0.416765
1826 0.493009
1827 0.545291
1828 0.406038
1829 0.26937
1830 0.430522
1831 0.44137
1832 0.27796
1833 0.449518
1834 0.415466
1835 0.303804
1836 0.251416
1837 0.307092
1838 0.377269
1839 0.469191
1840 0.325758
1841 0.309283
1842 0.215849
1843 0.244587
1844 0.383317
1845 0.269507
1846 0.367782
1847 0.304013
1848 0.311908
1849 0.376382
1850 0.438404
1851 0.28763
1852 0.363261
1853 0.466079
1854 0.536539
1855 0.397722
1856 0.395706
1857 0.353496
1858 0.388184
1859 0.51643
1860 0.445195
1861 0.477089
1862 0.529236
1863 0.365396
1864 0.245028
1865 0.366703
1866 0.259094
1867 0.405636
1868 0.49389
1869 0.366675
1870 0.332961
1871 0.312225
1872 0.339262
1873 0.326051
1874 0.281039
1875 0.383532
1876 0.28879
1877 0.291766
1878 0.261742
1879 0.228537
1880 0.200065
1881 0.392462
1882 0.484916
1883 0.325541
1884 0.487301
1885 0.364392
1886 0.383228
1887 0.396386
1888 0.364623
1889 0.485651
1890 0.404917
1891 0.430302
1892 0.439528
1893 0.430486
1894 0.353239
1895 0.371254
1896 0.493432
1897 0.358143
1898 0.529128
1899 0.363101
1900 0.390209
1901 0.360554
1902 0.497778
1903 0.441613
1904 0.417068
1905 0.374564
1906 0.349072
1907 0.495368
1908 0.532327
1909 0.393068
1910 0.269803
1911 0.425064
1912 0.318124
1913 0.30387
1914 0.381027
1915 0.405136
1916 0.493793
1917 0.320551
1918 0.34487
1919 0.216634
1920 0.369053
1921 0.334788
1922 0.494607
1923 0.439183
1924 0.512129
1925 0.451817
1926 0.470013
1927 0.371007
1928 0.314874
1929 0.445011
1930 0.551372
1931 0.419087
1932 0.529642
1933 0.467194
1934 0.344962
1935 0.499088
1936 0.334281
1937 0.388574
1938 0.469845
1939 0.402093
1940 0.533332
1941 0.424136
1942 0.279994
1943 0.429461
1944 0.471713
1945 0.438384
1946 0.474544
1947 0.266768
1948 0.330597
1949 0.277836
1950 0.301755
1951 0.32383
1952 0.333688
1953 0.490402
1954 0.289589
1955 0.348221
1956 0.34829
1957 0.341362
1958 0.508439
1959 0.359035
1960 0.377532
1961 0.261848
1962 0.413495
1963 0.478162
1964 0.349651
1965 0.524122
1966 0.365116
1967 0.316132
1968 0.221045
1969 0.245877
1970 0.371917
1971 0.492667
1972 0.503028
1973 0.547845
1974 0.435062
1975 0.531771
1976 0.554779
1977 0.483418
1978 0.530975
1979 0.279002
1980 0.472022
1981 0.389253
1982 0.499867
1983 0.371322
1984 0.271014
1985 0.289237
1986 0.289601
1987 0.392627
1988 0.286692
1989 0.47033
1990 0.535065
1991 0.354668
1992 0.451092
1993 0.284438
1994 0.416993
1995 0.32126
1996 0.399704
1997 0.389735
1998 0.512813
1999 0.34134
2000 0.449417
2001 0.484918
2002 0.521934
2003 0.338014
2004 0.50669
2005 0.453303
2006 0.477182
2007 0.307189
2008 0.275191
2009 0.320589
2010 0.41875
2011 0.45907
2012 0.461954
2013 0.33389
2014 0.232914
2015 0.426935
2016 0.436214
2017 0.526731
2018 0.446199
2019 0.286969
2020 0.312923
2021 0.21493
2022 0.309509
2023 0.350808
2024 0.336117
2025 0.500128
2026 0.555607
2027 0.445966
2028 0.495346
2029 0.517278
2030 0.300638
2031 0.282204
2032 0.363713
2033 0.475356
2034 0.546809
2035 0.337041
2036 0.334247
2037 0.363593
2038 0.280685
2039 0.2792
2040 0.232326
2041 0.425596
2042 0.328957
2043 0.225505
2044 0.431848
2045 0.407208
2046 0.354975
2047 0.471024
2048 0.443684
2049 0.267051
2050 0.323412
2051 0.479641
2052 0.517285
2053 0.346839
2054 0.348743
2055 0.317967
2056 0.257373
2057 0.400895
2058 0.476775
2059 0.355688
2060 0.522316
2061 0.36703
2062 0.411696
2063 0.443567
2064 0.536173
2065 0.364144
2066 0.352587
2067 0.386034
2068 0.482895
2069 0.408169
2070 0.344851
2071 0.226745
2072 0.296581
2073 0.231372
2074 0.222717
2075 0.231881
2076 0.208398
2077 0.247661
2078 0.378146
2079 0.476466
2080 0.347553
2081 0.336547
2082 0.243785
2083 0.375889
2084 0.489759
2085 0.441328
2086 0.402278
2087 0.469434
2088 0.402517
2089 0.349989
2090 0.373134
2091 0.269681
2092 0.200339
2093 0.415243
2094 0.360363
2095 0.297821
2096 0.442751
2097 0.484797
2098 0.441969
2099 0
