0 -0.0835264
1 0.103224
2 0.170704
3 0.192069
4 0.196105
5 0.194247
6 0.192259
7 0.192786
8 0.192867
9 0.193454
10 0.194536
11 0.193993
12 0.194715
13 0.195447
14 0.194949
15 0.195519
16 0.193133
17 0.193219
18 0.194582
19 0.19453
20 0.193086
21 0.193922
22 0.192263
23 0.191995
24 0.192575
25 0.192062
26 0.194591
27 0.194764
28 0.193605
29 0.192785
30 0.195167
31 0.192249
32 0.194304
33 0.192114
34 0.194624
35 0.193318
36 0.193591
37 0.192248
38 0.194132
39 0.193094
40 0.192847
41 0.192421
42 0.192097
43 0.193499
44 0.192987
45 0.192393
46 0.19493
47 0.195458
48 0.193768
49 0.194191
50 0.192877
51 0.193599
52 0.19319
53 0.194468
54 0.194191
55 0.19484
56 0.194902
57 0.195613
58 0.196007
59 0.196032
60 0.195998
61 0.19374
62 0.192098
63 0.193555
64 0.192367
65 0.193679
66 0.192763
67 0.193079
68 0.193892
69 0.191697
70 0.193229
71 0.194986
72 0.195588
73 0.195966
74 0.193611
75 0.19472
76 0.194183
77 0.193885
78 0.193262
79 0.193722
80 0.193409
81 0.193196
82 0.192249
83 0.19337
84 0.191548
85 0.194092
86 0.192766
87 0.191703
88 0.193391
89 0.195546
90 0.196214
91 0.193208
92 0.194364
93 0.195702
94 0.195985
95 0.193181
96 0.191402
97 0.193895
98 0.192959
99 0.19209
100 0.192563
101 0.192803
102 0.194807
103 0.195832
104 0.192541
105 0.194849
106 0.195319
107 0.194436
108 0.194962
109 0.196139
110 0.196287
111 0.195683
112 0.193432
113 0.192909
114 0.192838
115 0.193044
116 0.191464
117 0.191314
118 0.192966
119 0.194256
120 0.194034
121 0.194234
122 0.192326
123 0.191607
124 0.193736
125 0.194272
126 0.19251
127 0.191114
128 0.19343
129 0.193421
130 0.193384
131 0.19376
132 0.195714
133 0.195676
134 0.196196
135 0.195027
136 0.19353
137 0.19198
138 0.190906
139 0.191668
140 0.192711
141 0.19509
142 0.193724
143 0.192061
144 0.193266
145 0.194913
146 0.192409
147 0.19457
148 0.19487
149 0.195602
150 0.194742
151 0.194683
152 0.194902
153 0.195923
154 0.194221
155 0.191921
156 0.194452
157 0.191935
158 0.191987
159 0.193386
160 0.193024
161 0.191626
162 0.194824
163 0.195679
164 0.193439
165 0.192896
166 0.195016
167 0.192352
168 0.193132
169 0.192989
170 0.191574
171 0.194473
172 0.193411
173 0.192879
174 0.194205
175 0.192738
176 0.192934
177 0.191594
178 0.193806
179 0.192134
180 0.193448
181 0.19567
182 0.196091
183 0.193913
184 0.191642
185 0.191163
186 0.190726
187 0.192449
188 0.193317
189 0.191993
190 0.193585
191 0.194758
192 0.194416
193 0.191884
194 0.193842
195 0.191991
196 0.192953
197 0.192375
198 0.192917
199 0.191489
200 0.193613
201 0.193539
202 0.193389
203 0.192388
204 0.192889
205 0.1929
206 0.192388
207 0.194152
208 0.195114
209 0.192933
210 0.19245
211 0.191792
212 0.193089
213 0.192868
214 0.194974
215 0.19394
216 0.193224
217 0.193936
218 0.194731
219 0.194049
220 0.193676
221 0.192621
222 0.192791
223 0.194656
224 0.192428
225 0.194267
226 0.195412
227 0.193517
228 0.193567
229 0.192647
230 0.19234
231 0.194298
232 0.194235
233 0.194352
234 0.195636
235 0.193912
236 0.194471
237 0.19199
238 0.193353
239 0.193202
240 0.191931
241 0.194048
242 0.192581
243 0.192992
244 0.192502
245 0.193089
246 0.192867
247 0.191797
248 0.192693
249 0.193917
250 0.195875
251 0.196663
252 0.193884
253 0.192055
254 0.194186
255 0.194839
256 0.19589
257 0.194971
258 0.192365
259 0.193061
260 0.195188
261 0.1957
262 0.195416
263 0.192944
264 0.194182
265 0.195461
266 0.194591
267 0.195059
268 0.19607
269 0.196544
270 0.195237
271 0.193649
272 0.191582
273 0.191876
274 0.192985
275 0.194876
276 0.195108
277 0.19579
278 0.193532
279 0.194484
280 0.193063
281 0.192673
282 0.195065
283 0.192859
284 0.191509
285 0.190821
286 0.192896
287 0.191458
288 0.194489
289 0.193087
290 0.194517
291 0.193834
292 0.195247
293 0.194686
294 0.195113
295 0.193943
296 0.193792
297 0.192333
298 0.191925
299 0.191472
300 0.194393
301 0.196106
302 0.19488
303 0.19277
304 0.191966
305 0.194177
306 0.192734
307 0.194382
308 0.195837
309 0.193608
310 0.194646
311 0.19551
312 0.194522
313 0.192993
314 0.193047
315 0.193019
316 0.193312
317 0.193926
318 0.194224
319 0.194957
320 0.195396
321 0.196072
322 0.195658
323 0.196267
324 0.195495
325 0.192723
326 0.194254
327 0.19518
328 0.194802
329 0.196072
330 0.196274
331 0.194961
332 0.195222
333 0.196311
334 0.194574
335 0.194509
336 0.19237
337 0.192836
338 0.1917
339 0.193927
340 0.192298
341 0.194196
342 0.195906
343 0.193876
344 0.194831
345 0.194023
346 0.192491
347 0.192151
348 0.190928
349 0.194409
350 0.194358
351 0.193993
352 0.193527
353 0.193117
354 0.19179
355 0.191648
356 0.193888
357 0.192813
358 0.193265
359 0.194326
360 0.191811
361 0.191037
362 0.193718
363 0.193334
364 0.195417
365 0.195387
366 0.195613
367 0.193992
368 0.194332
369 0.193119
370 0.192456
371 0.193104
372 0.191995
373 0.192502
374 0.191893
375 0.191544
376 0.191284
377 0.193267
378 0.194149
379 0.192298
380 0.193834
381 0.193429
382 0.191558
383 0.192645
384 0.191387
385 0.193209
386 0.192718
387 0.191175
388 0.193513
389 0.195153
390 0.193439
391 0.195448
392 0.195968
393 0.195534
394 0.194171
395 0.19297
396 0.192193
397 0.19351
398 0.192455
399 0.193505
400 0.192593
401 0.194266
402 0.195374
403 0.195941
404 0.196124
405 0.195524
406 0.195292
407 0.196052
408 0.19382
409 0.195129
410 0.196356
411 0.196659
412 0.195986
413 0.193877
414 0.192264
415 0.19436
416 0.195032
417 0.194883
418 0.193178
419 0.193517
420 0.194127
421 0.193469
422 0.192133
423 0.194954
424 0.193904
425 0.193698
426 0.19208
427 0.192121
428 0.191882
429 0.19298
430 0.193042
431 0.194871
432 0.195507
433 0.196194
434 0.192668
435 0.19379
436 0.192353
437 0.192019
438 0.193978
439 0.193037
440 0.195395
441 0.195768
442 0.19477
443 0.192555
444 0.191001
445 0.190499
446 0.191074
447 0.192641
448 0.194982
449 0.19234
450 0.191478
451 0.193599
452 0.192819
453 0.191657
454 0.193058
455 0.195064
456 0.193201
457 0.193262
458 0.195199
459 0.193454
460 0.193656
461 0.193263
462 0.191588
463 0.19307
464 0.195108
465 0.195961
466 0.194434
467 0.192997
468 0.194898
469 0.193128
470 0.195116
471 0.1951
472 0.192853
473 0.193622
474 0.191864
475 0.194502
476 0.19287
477 0.192527
478 0.192448
479 0.19435
480 0.194236
481 0.194939
482 0.194801
483 0.193332
484 0.192742
485 0.194945
486 0.194551
487 0.193453
488 0.193847
489 0.193721
490 0.19451
491 0.195793
492 0.196425
493 0.193733
494 0.192657
495 0.194959
496 0.195284
497 0.195409
498 0.192998
499 0.193382
500 0.191693
501 0.192446
502 0.192056
503 0.194878
504 0.193102
505 0.194039
506 0.192335
507 0.194858
508 0.192893
509 0.193078
510 0.191547
511 0.192686
512 0.19185
513 0.19474
514 0.194545
515 0.195111
516 0.195744
517 0.194846
518 0.194535
519 0.193784
520 0.19324
521 0.193121
522 0.192737
523 0.191645
524 0.194233
525 0.195576
526 0.195834
527 0.192877
528 0.192848
529 0.192058
530 0.192797
531 0.192233
532 0.191262
533 0.193612
534 0.19431
535 0.193341
536 0.19435
537 0.195861
538 0.192512
539 0.194568
540 0.192014
541 0.194366
542 0.193395
543 0.192556
544 0.194648
545 0.192599
546 0.191627
547 0.191728
548 0.192539
549 0.195184
550 0.193915
551 0.191632
552 0.192488
553 0.195183
554 0.193507
555 0.191802
556 0.192796
557 0.192328
558 0.19352
559 0.192196
560 0.19436
561 0.193053
562 0.194827
563 0.196236
564 0.194526
565 0.195071
566 0.192798
567 0.194437
568 0.194542
569 0.195776
570 0.194016
571 0.191912
572 0.193776
573 0.194011
574 0.195458
575 0.194629
576 0.195668
577 0.195746
578 0.196268
579 0.192978
580 0.192317
581 0.193275
582 0.193976
583 0.193769
584 0.195052
585 0.194054
586 0.193337
587 0.193965
588 0.194603
589 0.195431
590 0.193433
591 0.19237
592 0.193202
593 0.192697
594 0.193596
595 0.19209
596 0.192936
597 0.192044
598 0.19145
599 0.193758
600 0.193854
601 0.194233
602 0.1944
603 0.193351
604 0.192857
605 0.191188
606 0.190874
607 0.194309
608 0.192529
609 0.193823
610 0.191807
611 0.191738
612 0.193233
613 0.19503
614 0.194795
615 0.192375
616 0.191447
617 0.193231
618 0.19248
619 0.191581
620 0.191386
621 0.193793
622 0.194214
623 0.194554
624 0.19259
625 0.194045
626 0.192283
627 0.19151
628 0.193459
629 0.193831
630 0.195134
631 0.195055
632 0.192997
633 0.193498
634 0.193217
635 0.192464
636 0.191681
637 0.193006
638 0.191748
639 0.190976
640 0.19108
641 0.190994
642 0.193026
643 0.193678
644 0.192988
645 0.193104
646 0.194266
647 0.192279
648 0.19236
649 0.191309
650 0.193528
651 0.193332
652 0.19485
653 0.195131
654 0.194916
655 0.193054
656 0.19538
657 0.195946
658 0.193912
659 0.191682
660 0.192317
661 0.193863
662 0.19293
663 0.191228
664 0.192619
665 0.194579
666 0.192974
667 0.192999
668 0.194716
669 0.192405
670 0.194608
671 0.194269
672 0.192148
673 0.193677
674 0.195458
675 0.193194
676 0.193543
677 0.195179
678 0.195439
679 0.195277
680 0.192949
681 0.194128
682 0.193872
683 0.19172
684 0.193346
685 0.194129
686 0.193718
687 0.195188
688 0.196236
689 0.195655
690 0.192691
691 0.193774
692 0.194457
693 0.194503
694 0.19336
695 0.194641
696 0.194721
697 0.19417
698 0.195241
699 0.193647
700 0.194321
701 0.193501
702 0.193565
703 0.192171
704 0.192075
705 0.194907
706 0.194262
707 0.192103
708 0.192879
709 0.192932
710 0.193225
711 0.192401
712 0.193835
713 0.194403
714 0.191876
715 0.191563
716 0.190777
717 0.190499
718 0.193059
719 0.194875
720 0.193805
721 0.192912
722 0.191866
723 0.193987
724 0.193621
725 0.193409
726 0.191903
727 0.191374
728 0.194004
729 0.194339
730 0.19556
731 0.19328
732 0.193663
733 0.19327
734 0.194682
735 0.192034
736 0.194085
737 0.194514
738 0.195442
739 0.193961
740 0.19234
741 0.193844
742 0.193627
743 0.192458
744 0.192015
745 0.191027
746 0.193977
747 0.194527
748 0.195357
749 0.193886
750 0.195039
751 0.19547
752 0.195611
753 0.194059
754 0.192211
755 0.194059
756 0.195356
757 0.19444
758 0.195497
759 0.196424
760 0.195958
761 0.194237
762 0.19571
763 0.195622
764 0.194922
765 0.19277
766 0.191312
767 0.192326
768 0.19426
769 0.195292
770 0.196313
771 0.194849
772 0.192975
773 0.194782
774 0.195463
775 0.192513
776 0.191674
777 0.194073
778 0.192525
779 0.192759
780 0.195121
781 0.195375
782 0.194269
783 0.192136
784 0.194351
785 0.195309
786 0.194199
787 0.195294
788 0.19364
789 0.19519
790 0.193945
791 0.192928
792 0.193036
793 0.193283
794 0.192741
795 0.191736
796 0.191915
797 0.193564
798 0.195631
799 0.196056
800 0.1926
801 0.192411
802 0.193496
803 0.195543
804 0.194319
805 0.195516
806 0.192434
807 0.191441
808 0.19383
809 0.192949
810 0.19265
811 0.193392
812 0.194313
813 0.192848
814 0.193748
815 0.191644
816 0.190578
817 0.19294
818 0.194699
819 0.195966
820 0.193454
821 0.19422
822 0.19564
823 0.195519
824 0.193071
825 0.194879
826 0.194739
827 0.192543
828 0.193617
829 0.192245
830 0.192414
831 0.194782
832 0.193434
833 0.191441
834 0.192274
835 0.191535
836 0.190912
837 0.194353
838 0.195146
839 0.19312
840 0.193976
841 0.191997
842 0.194413
843 0.195107
844 0.195275
845 0.192364
846 0.19178
847 0.19297
848 0.193575
849 0.195205
850 0.193265
851 0.194544
852 0.193109
853 0.19332
854 0.19179
855 0.193587
856 0.194632
857 0.19497
858 0.193938
859 0.195714
860 0.192479
861 0.192973
862 0.193446
863 0.192716
864 0.195272
865 0.195442
866 0.196271
867 0.19401
868 0.192619
869 0.194815
870 0.19272
871 0.192449
872 0.192193
873 0.194276
874 0.193084
875 0.192921
876 0.192883
877 0.194827
878 0.193706
879 0.193209
880 0.194064
881 0.195899
882 0.196656
883 0.193872
884 0.194034
885 0.192825
886 0.194984
887 0.192995
888 0.191345
889 0.190785
890 0.19408
891 0.19205
892 0.193977
893 0.193523
894 0.191917
895 0.194954
896 0.195654
897 0.193911
898 0.191719
899 0.190761
900 0.1904
901 0.193669
902 0.195737
903 0.194121
904 0.195048
905 0.196351
906 0.196794
907 0.193203
908 0.192048
909 0.194187
910 0.194652
911 0.194509
912 0.195879
913 0.193336
914 0.192587
915 0.193802
916 0.193294
917 0.193049
918 0.194791
919 0.194744
920 0.1947
921 0.192265
922 0.192759
923 0.195214
924 0.193433
925 0.191704
926 0.191065
927 0.193919
928 0.193709
929 0.195039
930 0.195223
931 0.193615
932 0.194591
933 0.192602
934 0.192237
935 0.19387
936 0.194192
937 0.194203
938 0.195172
939 0.192213
940 0.192689
941 0.194589
942 0.192784
943 0.194768
944 0.194857
945 0.194625
946 0.194627
947 0.195784
948 0.196296
949 0.196391
950 0.194125
951 0.192879
952 0.193813
953 0.195076
954 0.19371
955 0.192053
956 0.194548
957 0.192915
958 0.19358
959 0.19421
960 0.19503
961 0.192642
962 0.192702
963 0.194558
964 0.192122
965 0.194458
966 0.195927
967 0.192558
968 0.193605
969 0.193192
970 0.191425
971 0.191799
972 0.193127
973 0.194729
974 0.193139
975 0.19381
976 0.195631
977 0.193476
978 0.195534
979 0.195063
980 0.194014
981 0.195608
982 0.193825
983 0.1916
984 0.191675
985 0.19422
986 0.194153
987 0.194416
988 0.195443
989 0.196395
990 0.196466
991 0.192848
992 0.191502
993 0.194672
994 0.194568
995 0.193698
996 0.193163
997 0.194585
998 0.193217
999 0.193431
1000 0.193791
1001 0.193055
1002 0.192604
1003 0.192484
1004 0.191906
1005 0.19147
1006 0.190942
1007 0.19327
1008 0.191605
1009 0.193547
1010 0.194597
1011 0.19493
1012 0.195798
1013 0.196097
1014 0.195474
1015 0.193575
1016 0.193274
1017 0.192847
1018 0.193372
1019 0.194194
1020 0.193459
1021 0.19217
1022 0.194539
1023 0.195085
1024 0.195218
1025 0.195009
1026 0.19216
1027 0.194919
1028 0.192848
1029 0.191353
1030 0.19186
1031 0.194105
1032 0.193115
1033 0.195406
1034 0.19577
1035 0.196366
1036 0.196043
1037 0.194731
1038 0.194585
1039 0.192674
1040 0.19116
1041 0.193868
1042 0.193054
1043 0.194695
1044 0.192858
1045 0.195273
1046 0.19564
1047 0.194426
1048 0.191797
1049 0.192408
1050 0.19229
1051 0.190996
1052 0.193892
1053 0.192411
1054 0.192117
1055 0.19218
1056 0.193671
1057 0.195279
1058 0.195128
1059 0.193974
1060 0.194124
1061 0.194099
1062 0.195636
1063 0.195034
1064 0.194641
1065 0.195359
1066 0.193683
1067 0.19522
1068 0.195732
1069 0.193206
1070 0.194305
1071 0.1931
1072 0.192327
1073 0.191535
1074 0.192813
1075 0.192803
1076 0.191824
1077 0.19437
1078 0.195228
1079 0.194824
1080 0.193625
1081 0.192414
1082 0.192436
1083 0.191542
1084 0.194338
1085 0.195551
1086 0.195796
1087 0.196428
1088 0.195934
1089 0.195065
1090 0.1946
1091 0.193701
1092 0.192256
1093 0.194573
1094 0.195329
1095 0.194022
1096 0.192278
1097 0.194535
1098 0.194773
1099 0.192887
1100 0.193073
1101 0.19211
1102 0.192915
1103 0.192591
1104 0.191452
1105 0.191367
1106 0.193508
1107 0.195577
1108 0.195856
1109 0.196539
1110 0.195856
1111 0.193058
1112 0.191842
1113 0.192859
1114 0.192956
1115 0.193044
1116 0.192951
1117 0.191242
1118 0.191162
1119 0.194087
1120 0.191969
1121 0.193231
1122 0.191979
1123 0.193968
1124 0.194611
1125 0.192491
1126 0.194773
1127 0.195437
1128 0.195759
1129 0.192717
1130 0.193889
1131 0.195456
1132 0.193369
1133 0.195327
1134 0.192877
1135 0.191877
1136 0.194914
1137 0.195283
1138 0.193813
1139 0.192542
1140 0.192337
1141 0.195045
1142 0.194655
1143 0.195319
1144 0.193172
1145 0.193027
1146 0.191858
1147 0.193992
1148 0.192901
1149 0.191258
1150 0.192805
1151 0.191981
1152 0.192272
1153 0.194154
1154 0.1947
1155 0.195508
1156 0.192556
1157 0.192853
1158 0.192282
1159 0.194506
1160 0.193432
1161 0.192819
1162 0.195251
1163 0.194126
1164 0.194987
1165 0.195708
1166 0.195838
1167 0.194369
1168 0.195839
1169 0.194467
1170 0.193751
1171 0.192424
1172 0.192857
1173 0.193921
1174 0.192071
1175 0.191739
1176 0.194092
1177 0.19579
1178 0.194779
1179 0.191989
1180 0.191452
1181 0.191177
1182 0.19253
1183 0.195041
1184 0.193503
1185 0.194384
1186 0.195302
1187 0.193444
1188 0.19144
1189 0.190699
1190 0.193098
1191 0.192988
1192 0.194255
1193 0.196053
1194 0.19403
1195 0.192634
1196 0.193536
1197 0.192514
1198 0.191045
1199 0.191651
1200 0.192808
1201 0.19463
1202 0.195764
1203 0.193833
1204 0.193844
1205 0.194452
1206 0.195568
1207 0.195403
1208 0.194358
1209 0.192361
1210 0.192383
1211 0.191869
1212 0.191916
1213 0.19251
1214 0.194021
1215 0.194415
1216 0.195095
1217 0.19456
1218 0.191873
1219 0.194523
1220 0.195564
1221 0.193861
1222 0.191682
1223 0.194763
1224 0.193885
1225 0.194159
1226 0.194157
1227 0.194444
1228 0.195571
1229 0.192372
1230 0.194068
1231 0.194712
1232 0.192473
1233 0.194848
1234 0.193124
1235 0.192253
1236 0.193853
1237 0.192802
1238 0.192265
1239 0.192842
1240 0.195276
1241 0.195476
1242 0.195844
1243 0.195496
1244 0.192671
1245 0.192601
1246 0.194898
1247 0.192142
1248 0.19314
1249 0.192552
1250 0.193168
1251 0.191817
1252 0.193915
1253 0.193732
1254 0.191718
1255 0.190803
1256 0.1918
1257 0.1913
1258 0.192821
1259 0.194753
1260 0.193503
1261 0.193468
1262 0.192931
1263 0.194384
1264 0.194049
1265 0.195598
1266 0.193615
1267 0.194566
1268 0.191967
1269 0.190797
1270 0.190841
1271 0.190943
1272 0.194251
1273 0.192698
1274 0.191911
1275 0.191082
1276 0.192225
1277 0.190978
1278 0.191964
1279 0.193481
1280 0.192324
1281 0.194211
1282 0.192799
1283 0.191354
1284 0.192637
1285 0.193545
1286 0.193167
1287 0.192262
1288 0.192292
1289 0.194415
1290 0.194875
1291 0.194221
1292 0.195523
1293 0.195466
1294 0.193483
1295 0.194062
1296 0.195584
1297 0.193088
1298 0.193464
1299 0.192707
1300 0.191044
1301 0.191916
1302 0.192682
1303 0.193374
1304 0.193411
1305 0.193455
1306 0.192546
1307 0.191242
1308 0.194601
1309 0.196041
1310 0.195466
1311 0.195827
1312 0.194658
1313 0.195532
1314 0.194942
1315 0.192675
1316 0.192469
1317 0.192065
1318 0.19388
1319 0.195053
1320 0.193557
1321 0.193157
1322 0.194566
1323 0.192365
1324 0.1922
1325 0.195033
1326 0.193322
1327 0.192572
1328 0.192396
1329 0.195089
1330 0.194916
1331 0.195433
1332 0.193277
1333 0.191272
1334 0.192587
1335 0.191126
1336 0.193214
1337 0.19186
1338 0.192397
1339 0.191657
1340 0.19347
1341 0.194018
1342 0.194172
1343 0.194217
1344 0.191926
1345 0.191832
1346 0.193488
1347 0.191859
1348 0.191676
1349 0.191428
1350 0.193264
1351 0.193124
1352 0.193709
1353 0.192994
1354 0.194196
1355 0.195216
1356 0.193472
1357 0.194277
1358 0.194319
1359 0.194676
1360 0.195191
1361 0.19456
1362 0.195517
1363 0.192457
1364 0.191762
1365 0.193416
1366 0.191488
1367 0.192886
1368 0.192984
1369 0.191742
1370 0.194512
1371 0.19488
1372 0.194307
1373 0.192553
1374 0.193835
1375 0.195482
1376 0.194539
1377 0.195069
1378 0.193865
1379 0.191637
1380 0.194732
1381 0.195369
1382 0.192872
1383 0.19512
1384 0.196197
1385 0.194868
1386 0.193353
1387 0.191754
1388 0.193263
1389 0.192604
1390 0.195226
1391 0.195385
1392 0.193122
1393 0.193785
1394 0.194005
1395 0.195626
1396 0.1961
1397 0.194938
1398 0.196034
1399 0.192714
1400 0.193706
1401 0.191789
1402 0.192981
1403 0.192886
1404 0.195158
1405 0.195452
1406 0.195241
1407 0.194887
1408 0.193617
1409 0.193852
1410 0.192724
1411 0.194196
1412 0.194053
1413 0.192204
1414 0.192759
1415 0.193585
1416 0.195461
1417 0.195229
1418 0.194533
1419 0.193118
1420 0.193643
1421 0.193358
1422 0.195509
1423 0.194303
1424 0.1954
1425 0.195313
1426 0.193758
1427 0.191695
1428 0.191594
1429 0.192795
1430 0.192494
1431 0.19445
1432 0.194957
1433 0.194803
1434 0.194781
1435 0.194704
1436 0.195029
1437 0.196281
1438 0.196655
1439 0.195983
1440 0.196376
1441 0.194345
1442 0.192434
1443 0.194686
1444 0.193501
1445 0.192265
1446 0.191925
1447 0.193081
1448 0.191335
1449 0.191809
1450 0.191706
1451 0.192743
1452 0.192194
1453 0.192124
1454 0.194856
1455 0.194361
1456 0.192025
1457 0.192465
1458 0.191333
1459 0.190939
1460 0.191215
1461 0.191876
1462 0.192
1463 0.194405
1464 0.194842
1465 0.193995
1466 0.192251
1467 0.191448
1468 0.192035
1469 0.193382
1470 0.191664
1471 0.192021
1472 0.192819
1473 0.191469
1474 0.193186
1475 0.194338
1476 0.192761
1477 0.194196
1478 0.193452
1479 0.19395
1480 0.192694
1481 0.193416
1482 0.191626
1483 0.19213
1484 0.192687
1485 0.192849
1486 0.193704
1487 0.191767
1488 0.191889
1489 0.194474
1490 0.192297
1491 0.192775
1492 0.192047
1493 0.194617
1494 0.193655
1495 0.195566
1496 0.195619
1497 0.193336
1498 0.195469
1499 0.194819
1500 0.195954
1501 0.195143
1502 0.195335
1503 0.194423
1504 0.193085
1505 0.193785
1506 0.192013
1507 0.190748
1508 0.192683
1509 0.193173
1510 0.194861
1511 0.196282
1512 0.192765
1513 0.194912
1514 0.192655
1515 0.191809
1516 0.192891
1517 0.195308
1518 0.195578
1519 0.195429
1520 0.194312
1521 0.194155
1522 0.193023
1523 0.19122
1524 0.191154
1525 0.1911
1526 0.193384
1527 0.195182
1528 0.194791
1529 0.194712
1530 0.195182
1531 0.194569
1532 0.192062
1533 0.192327
1534 0.194048
1535 0.191827
1536 0.191997
1537 0.19175
1538 0.191338
1539 0.191739
1540 0.193402
1541 0.192488
1542 0.191457
1543 0.193596
1544 0.195108
1545 0.193723
1546 0.192837
1547 0.195233
1548 0.194193
1549 0.195684
1550 0.194633
1551 0.192237
1552 0.193686
1553 0.192172
1554 0.193377
1555 0.193933
1556 0.193551
1557 0.193534
1558 0.19278
1559 0.193277
1560 0.192901
1561 0.195107
1562 0.192823
1563 0.192291
1564 0.192993
1565 0.193423
1566 0.191438
1567 0.193601
1568 0.194923
1569 0.192626
1570 0.194447
1571 0.195623
1572 0.195586
1573 0.193375
1574 0.194352
1575 0.192014
1576 0.190718
1577 0.193143
1578 0.193037
1579 0.191407
1580 0.193319
1581 0.195068
1582 0.193736
1583 0.192378
1584 0.193719
1585 0.193734
1586 0.193662
1587 0.19428
1588 0.194876
1589 0.195033
1590 0.193239
1591 0.192285
1592 0.192727
1593 0.1946
1594 0.19567
1595 0.193585
1596 0.194498
1597 0.194234
1598 0.193696
1599 0.193082
1600 0.194246
1601 0.194109
1602 0.194516
1603 0.192986
1604 0.192116
1605 0.191394
1606 0.193723
1607 0.193344
1608 0.192827
1609 0.192391
1610 0.194228
1611 0.194777
1612 0.193263
1613 0.191483
1614 0.19122
1615 0.190599
1616 0.191933
1617 0.191595
1618 0.193807
1619 0.194483
1620 0.194137
1621 0.195694
1622 0.19452
1623 0.195629
1624 0.195228
1625 0.192396
1626 0.192872
1627 0.193188
1628 0.194198
1629 0.19258
1630 0.191743
1631 0.192174
1632 0.191663
1633 0.193609
1634 0.193338
1635 0.193213
1636 0.19297
1637 0.19519
1638 0.193722
1639 0.192405
1640 0.192757
1641 0.191184
1642 0.19439
1643 0.194417
1644 0.194414
1645 0.195826
1646 0.195166
1647 0.193965
1648 0.194934
1649 0.194435
1650 0.193695
1651 0.192283
1652 0.195017
1653 0.194637
1654 0.192171
1655 0.191589
1656 0.190894
1657 0.191708
1658 0.193607
1659 0.194907
1660 0.194693
1661 0.194704
1662 0.194296
1663 0.192035
1664 0.191817
1665 0.192505
1666 0.191209
1667 0.192103
1668 0.192971
1669 0.194425
1670 0.195377
1671 0.193257
1672 0.194786
1673 0.194997
1674 0.192358
1675 0.191664
1676 0.192367
1677 0.19493
1678 0.194409
1679 0.194692
1680 0.192821
1681 0.195219
1682 0.195051
1683 0.193733
1684 0.194986
1685 0.192461
1686 0.192306
1687 0.191991
1688 0.194416
1689 0.195199
1690 0.192433
1691 0.192614
1692 0.191416
1693 0.192737
1694 0.192624
1695 0.195014
1696 0.193175
1697 0.191391
1698 0.191296
1699 0.190929
1700 0.191941
1701 0.191939
1702 0.19193
1703 0.192313
1704 0.192154
1705 0.19442
1706 0.19599
1707 0.193513
1708 0.193279
1709 0.194239
1710 0.193168
1711 0.192811
1712 0.194201
1713 0.194558
1714 0.195648
1715 0.195444
1716 0.196166
1717 0.19401
1718 0.191558
1719 0.192858
1720 0.191964
1721 0.193103
1722 0.193969
1723 0.195493
1724 0.195592
1725 0.193637
1726 0.193413
1727 0.195288
1728 0.192918
1729 0.193287
1730 0.194242
1731 0.192783
1732 0.19326
1733 0.193289
1734 0.19211
1735 0.194794
1736 0.193475
1737 0.193375
1738 0.192501
1739 0.191477
1740 0.194315
1741 0.195703
1742 0.196156
1743 0.19621
1744 0.194835
1745 0.195401
1746 0.192281
1747 0.1918
1748 0.192217
1749 0.191184
1750 0.194183
1751 0.195148
1752 0.194235
1753 0.192962
1754 0.192417
1755 0.191466
1756 0.190647
1757 0.193408
1758 0.194561
1759 0.192807
1760 0.192048
1761 0.194326
1762 0.19347
1763 0.192589
1764 0.191471
1765 0.193866
1766 0.194618
1767 0.193705
1768 0.19324
1769 0.193265
1770 0.191491
1771 0.19148
1772 0.194221
1773 0.19248
1774 0.191805
1775 0.192631
1776 0.192265
1777 0.192356
1778 0.193126
1779 0.194542
1780 0.195984
1781 0.192619
1782 0.192792
1783 0.191595
1784 0.192589
1785 0.192904
1786 0.193641
1787 0.194253
1788 0.193946
1789 0.193278
1790 0.193602
1791 0.195084
1792 0.196041
1793 0.193504
1794 0.193589
1795 0.194046
1796 0.193915
1797 0.191638
1798 0.193738
1799 0.194062
1800 0.192574
1801 0.193689
1802 0.194972
1803 0.19321
1804 0.194691
1805 0.19582
1806 0.195537
1807 0.194034
1808 0.194672
1809 0.195191
1810 0.193763
1811 0.191785
1812 0.191307
1813 0.192306
1814 0.191467
1815 0.194274
1816 0.192779
1817 0.192133
1818 0.194037
1819 0.193624
1820 0.19346
1821 0.191856
1822 0.191952
1823 0.19408
1824 0.192543
1825 0.194991
1826 0.195725
1827 0.195421
1828 0.19544
1829 0.19482
1830 0.192171
1831 0.191569
1832 0.19258
1833 0.194734
1834 0.192056
1835 0.190964
1836 0.193939
1837 0.195126
1838 0.192163
1839 0.191272
1840 0.193401
1841 0.195346
1842 0.192413
1843 0.193964
1844 0.193047
1845 0.194385
1846 0.193669
1847 0.195322
1848 0.193941
1849 0.195223
1850 0.195034
1851 0.193582
1852 0.195299
1853 0.196395
1854 0.195483
1855 0.196267
1856 0.194301
1857 0.194575
1858 0.194724
1859 0.195296
1860 0.195015
1861 0.193604
1862 0.19215
1863 0.193869
1864 0.192269
1865 0.194116
1866 0.19477
1867 0.195162
1868 0.195985
1869 0.193078
1870 0.193942
1871 0.194747
1872 0.194084
1873 0.191884
1874 0.190749
1875 0.190738
1876 0.190514
1877 0.192693
1878 0.194092
1879 0.193595
1880 0.19374
1881 0.194461
1882 0.192831
1883 0.194914
1884 0.196044
1885 0.195115
1886 0.192372
1887 0.194862
1888 0.192849
1889 0.19152
1890 0.194739
1891 0.195262
1892 0.194511
1893 0.193573
1894 0.192268
1895 0.191505
1896 0.193476
1897 0.192947
1898 0.191676
1899 0.191334
1900 0.194455
1901 0.1927
1902 0.191775
1903 0.193893
1904 0.194583
1905 0.192684
1906 0.191901
1907 0.192387
1908 0.192307
1909 0.19322
1910 0.192089
1911 0.192654
1912 0.194322
1913 0.196044
1914 0.196571
1915 0.193323
1916 0.195048
1917 0.192736
1918 0.191009
1919 0.1921
1920 0.194326
1921 0.193101
1922 0.192593
1923 0.191159
1924 0.190783
1925 0.193049
1926 0.194619
1927 0.192665
1928 0.194398
1929 0.194786
1930 0.193921
1931 0.195187
1932 0.192742
1933 0.192296
1934 0.193154
1935 0.193261
1936 0.191924
1937 0.191389
1938 0.194544
1939 0.194871
1940 0.192897
1941 0.194669
1942 0.192558
1943 0.195025
1944 0.193501
1945 0.192197
1946 0.194776
1947 0.19232
1948 0.193345
1949 0.19406
1950 0.193016
1951 0.193859
1952 0.19426
1953 0.195776
1954 0.195803
1955 0.192838
1956 0.191978
1957 0.192751
1958 0.194141
1959 0.194318
1960 0.194491
1961 0.192315
1962 0.193897
1963 0.194999
1964 0.193646
1965 0.193545
1966 0.193091
1967 0.193564
1968 0.195566
1969 0.196409
1970 0.195854
1971 0.1963
1972 0.195306
1973 0.195954
1974 0.194002
1975 0.194763
1976 0.19337
1977 0.192787
1978 0.194474
1979 0.193426
1980 0.191988
1981 0.190844
1982 0.194277
1983 0.19425
1984 0.19389
1985 0.192697
1986 0.195048
1987 0.195752
1988 0.196283
1989 0.193349
1990 0.192519
1991 0.192327
1992 0.191516
1993 0.194338
1994 0.195755
1995 0.194132
1996 0.194426
1997 0.19399
1998 0.194112
1999 0.194664
2000 0.192345
2001 0.190984
2002 0.190744
2003 0.191022
2004 0.191349
2005 0.193078
2006 0.191981
2007 0.193554
2008 0.192281
2009 0.19187
2010 0.193936
2011 0.195307
2012 0.194062
2013 0.194782
2014 0.19432
2015 0.192969
2016 0.194313
2017 0.192203
2018 0.193416
2019 0.192223
2020 0.194738
2021 0.193731
2022 0.193778
2023 0.195117
2024 0.193917
2025 0.19392
2026 0.193145
2027 0.194664
2028 0.195113
2029 0.193635
2030 0.193626
2031 0.192001
2032 0.192157
2033 0.193451
2034 0.194771
2035 0.195076
2036 0.194057
2037 0.194172
2038 0.191856
2039 0.191057
2040 0.192214
2041 0.193616
2042 0.194252
2043 0.194998
2044 0.192393
2045 0.194105
2046 0.194032
2047 0.195689
2048 0.1948
2049 0.194983
2050 0.192701
2051 0.191737
2052 0.192115
2053 0.194162
2054 0.195148
2055 0.194428
2056 0.1921
2057 0.193693
2058 0.192743
2059 0.194172
2060 0.195626
2061 0.193665
2062 0.191556
2063 0.193737
2064 0.19212
2065 0.191259
2066 0.192425
2067 0.191979
2068 0.193207
2069 0.192812
2070 0.192214
2071 0.192364
2072 0.19101
2073 0.193139
2074 0.194191
2075 0.192703
2076 0.193752
2077 0.195722
2078 0.192468
2079 0.194291
2080 0.195707
2081 0.193605
2082 0.192638
2083 0.193891
2084 0.19185
2085 0.194426
2086 0.194093
2087 0.193408
2088 0.19452
2089 0.195146
2090 0.195194
2091 0.195001
2092 0.194288
2093 0.194241
2094 0.195792
2095 0.195905
2096 0.195313
2097 0.194871
2098 0.193907
2099 0
