0 -1.29084
1 -0.343235
2 0.0172672
3 0.159307
4 0.190091
5 0.180743
6 0.167228
7 0.168924
8 0.167142
9 0.169949
10 0.176419
11 0.172113
12 0.17673
13 0.180639
14 0.176954
15 0.182556
16 0.167637
17 0.169267
18 0.176394
19 0.175934
20 0.16742
21 0.174694
22 0.163707
23 0.163212
24 0.166652
25 0.161411
26 0.176978
27 0.176723
28 0.171204
29 0.165856
30 0.182057
31 0.161013
32 0.177844
33 0.160627
34 0.17872
35 0.168058
36 0.172485
37 0.162681
38 0.175599
39 0.167584
40 0.167873
41 0.165466
42 0.162794
43 0.171524
44 0.167687
45 0.163534
46 0.178578
47 0.180632
48 0.170801
49 0.175803
50 0.166463
51 0.172039
52 0.167741
53 0.176141
54 0.173024
55 0.177567
56 0.176937
57 0.181083
58 0.182895
59 0.18302
60 0.184409
61 0.171984
62 0.162944
63 0.172734
64 0.162944
65 0.172855
66 0.165913
67 0.168466
68 0.174209
69 0.159557
70 0.169573
71 0.177672
72 0.180196
73 0.184308
74 0.169572
75 0.178375
76 0.173492
77 0.172837
78 0.16895
79 0.172278
80 0.16993
81 0.169684
82 0.163402
83 0.171942
84 0.158192
85 0.175988
86 0.166194
87 0.160748
88 0.169839
89 0.180445
90 0.185375
91 0.167148
92 0.175811
93 0.181413
94 0.184133
95 0.168927
96 0.159153
97 0.174767
98 0.166943
99 0.163157
100 0.166415
101 0.165847
102 0.177013
103 0.183931
104 0.16288
105 0.179222
106 0.179522
107 0.174261
108 0.177663
109 0.183876
110 0.184349
111 0.182534
112 0.170002
113 0.168371
114 0.167238
115 0.169264
116 0.159811
117 0.159266
118 0.167804
119 0.174261
120 0.172517
121 0.175759
122 0.164597
123 0.160376
124 0.172431
125 0.174821
126 0.165661
127 0.157605
128 0.171735
129 0.169237
130 0.169686
131 0.170942
132 0.182276
133 0.18031
134 0.18493
135 0.17857
136 0.171652
137 0.163719
138 0.157336
139 0.161405
140 0.165121
141 0.179771
142 0.171403
143 0.162773
144 0.169634
145 0.179371
146 0.162153
147 0.177505
148 0.176317
149 0.181665
150 0.176216
151 0.176708
152 0.177029
153 0.183911
154 0.174553
155 0.160986
156 0.178808
157 0.160755
158 0.16302
159 0.170791
160 0.168451
161 0.158942
162 0.17838
163 0.181963
164 0.169437
165 0.167086
166 0.180966
167 0.162462
168 0.170066
169 0.168714
170 0.158712
171 0.177681
172 0.168973
173 0.166867
174 0.175859
175 0.165649
176 0.169276
177 0.159208
178 0.17452
179 0.161501
180 0.170058
181 0.18148
182 0.184149
183 0.173161
184 0.161829
185 0.160074
186 0.155611
187 0.1654
188 0.170141
189 0.161346
190 0.171519
191 0.176981
192 0.176195
193 0.160611
194 0.175317
195 0.161039
196 0.169188
197 0.164088
198 0.169061
199 0.158579
200 0.172538
201 0.170056
202 0.170638
203 0.164544
204 0.168198
205 0.167765
206 0.163731
207 0.174063
208 0.179716
209 0.166899
210 0.166579
211 0.161329
212 0.169349
213 0.165452
214 0.179402
215 0.172116
216 0.168984
217 0.172885
218 0.177126
219 0.172906
220 0.172273
221 0.165951
222 0.166339
223 0.178353
224 0.162513
225 0.175208
226 0.181101
227 0.169439
228 0.172306
229 0.166288
230 0.163777
231 0.175337
232 0.173335
233 0.174083
234 0.182837
235 0.171191
236 0.1779
237 0.161127
238 0.171337
239 0.169302
240 0.16095
241 0.175555
242 0.164425
243 0.169089
244 0.164994
245 0.169099
246 0.167833
247 0.161269
248 0.166627
249 0.171568
250 0.182094
251 0.18766
252 0.172441
253 0.162665
254 0.175098
255 0.175785
256 0.182978
257 0.178872
258 0.164053
259 0.168402
260 0.179039
261 0.180852
262 0.181362
263 0.166415
264 0.174644
265 0.180787
266 0.174729
267 0.178205
268 0.183313
269 0.186275
270 0.179496
271 0.172584
272 0.160749
273 0.162635
274 0.166949
275 0.177378
276 0.17749
277 0.183701
278 0.1692
279 0.177656
280 0.167772
281 0.165264
282 0.180773
283 0.166444
284 0.161501
285 0.156366
286 0.16956
287 0.157107
288 0.178063
289 0.166084
290 0.177221
291 0.170695
292 0.180424
293 0.175478
294 0.179704
295 0.172314
296 0.173357
297 0.164545
298 0.163433
299 0.158661
300 0.175076
301 0.183761
302 0.177679
303 0.167377
304 0.162287
305 0.175962
306 0.164182
307 0.175117
308 0.183641
309 0.169124
310 0.177029
311 0.181171
312 0.175838
313 0.167813
314 0.16901
315 0.167928
316 0.169247
317 0.172581
318 0.173614
319 0.177745
320 0.179499
321 0.183732
322 0.180541
323 0.185196
324 0.181748
325 0.165011
326 0.175322
327 0.178807
328 0.175589
329 0.183819
330 0.184845
331 0.177128
332 0.17906
333 0.18591
334 0.17476
335 0.17755
336 0.163915
337 0.168959
338 0.159546
339 0.174914
340 0.161962
341 0.174281
342 0.183847
343 0.170446
344 0.178921
345 0.173598
346 0.16547
347 0.165154
348 0.155313
349 0.176761
350 0.173639
351 0.173206
352 0.171137
353 0.169685
354 0.161859
355 0.160381
356 0.174054
357 0.165569
358 0.169341
359 0.176696
360 0.161406
361 0.1574
362 0.173264
363 0.167205
364 0.180979
365 0.179134
366 0.182316
367 0.172216
368 0.17626
369 0.168495
370 0.165095
371 0.169782
372 0.162065
373 0.166599
374 0.162442
375 0.161176
376 0.158418
377 0.169696
378 0.174593
379 0.162668
380 0.173936
381 0.170824
382 0.15968
383 0.168344
384 0.158084
385 0.170549
386 0.16685
387 0.157259
388 0.171155
389 0.179657
390 0.167756
391 0.18144
392 0.182666
393 0.181151
394 0.174362
395 0.168591
396 0.163396
397 0.171973
398 0.163692
399 0.171962
400 0.164374
401 0.174679
402 0.179326
403 0.182378
404 0.183924
405 0.18059
406 0.179178
407 0.185019
408 0.17017
409 0.17918
410 0.184472
411 0.186196
412 0.183872
413 0.173028
414 0.163389
415 0.175681
416 0.177496
417 0.178077
418 0.16828
419 0.171163
420 0.174184
421 0.170701
422 0.161786
423 0.180061
424 0.171206
425 0.172876
426 0.163103
427 0.164584
428 0.161709
429 0.168381
430 0.166763
431 0.177682
432 0.179741
433 0.186332
434 0.164277
435 0.174809
436 0.164153
437 0.162234
438 0.174373
439 0.165696
440 0.180978
441 0.181793
442 0.177833
443 0.166554
444 0.158865
445 0.155692
446 0.157802
447 0.165054
448 0.179927
449 0.16359
450 0.160121
451 0.172875
452 0.16678
453 0.160363
454 0.168185
455 0.17981
456 0.167568
457 0.169015
458 0.180982
459 0.168789
460 0.172315
461 0.170358
462 0.159699
463 0.168323
464 0.178148
465 0.183238
466 0.175319
467 0.167148
468 0.180026
469 0.166007
470 0.179876
471 0.179226
472 0.166041
473 0.17357
474 0.159891
475 0.178146
476 0.165982
477 0.1663
478 0.164384
479 0.175603
480 0.172971
481 0.178118
482 0.177778
483 0.169712
484 0.165828
485 0.17899
486 0.175393
487 0.169783
488 0.173066
489 0.17103
490 0.175067
491 0.181687
492 0.186576
493 0.171225
494 0.165714
495 0.178868
496 0.178391
497 0.18139
498 0.166988
499 0.172268
500 0.160342
501 0.166413
502 0.161153
503 0.179721
504 0.166287
505 0.175485
506 0.162406
507 0.180191
508 0.165721
509 0.170275
510 0.159626
511 0.168117
512 0.159818
513 0.178187
514 0.174286
515 0.178521
516 0.182459
517 0.176946
518 0.176434
519 0.172172
520 0.169387
521 0.16903
522 0.167358
523 0.159485
524 0.174721
525 0.180194
526 0.183633
527 0.166438
528 0.16916
529 0.162689
530 0.167846
531 0.164349
532 0.157864
533 0.171983
534 0.174597
535 0.168544
536 0.174732
537 0.184792
538 0.162564
539 0.179656
540 0.160074
541 0.177231
542 0.169317
543 0.164601
544 0.178785
545 0.165156
546 0.161634
547 0.1618
548 0.164375
549 0.180337
550 0.172617
551 0.160575
552 0.165263
553 0.180663
554 0.169881
555 0.161561
556 0.168627
557 0.16345
558 0.172057
559 0.161814
560 0.177088
561 0.166038
562 0.177434
563 0.185173
564 0.174162
565 0.1808
566 0.165117
567 0.176581
568 0.174297
569 0.183301
570 0.173383
571 0.161507
572 0.173354
573 0.171457
574 0.181124
575 0.17473
576 0.182107
577 0.1811
578 0.186573
579 0.166963
580 0.165143
581 0.169589
582 0.172767
583 0.170633
584 0.179518
585 0.173018
586 0.169531
587 0.173041
588 0.175474
589 0.181439
590 0.169865
591 0.16489
592 0.170192
593 0.165399
594 0.172457
595 0.162161
596 0.169303
597 0.163158
598 0.159066
599 0.172899
600 0.171239
601 0.174229
602 0.175769
603 0.169798
604 0.168737
605 0.158923
606 0.155893
607 0.177101
608 0.162868
609 0.174695
610 0.161198
611 0.161734
612 0.168714
613 0.178326
614 0.177786
615 0.164908
616 0.160045
617 0.170768
618 0.164967
619 0.16107
620 0.158974
621 0.172779
622 0.173095
623 0.177074
624 0.164468
625 0.175859
626 0.163848
627 0.159789
628 0.171181
629 0.170749
630 0.179037
631 0.1792
632 0.167147
633 0.171816
634 0.169348
635 0.165661
636 0.160681
637 0.16976
638 0.161385
639 0.158175
640 0.159085
641 0.156816
642 0.168567
643 0.171403
644 0.16756
645 0.168366
646 0.176187
647 0.163279
648 0.166438
649 0.157968
650 0.172038
651 0.167833
652 0.17774
653 0.178459
654 0.178728
655 0.16644
656 0.181132
657 0.183283
658 0.172951
659 0.161203
660 0.164892
661 0.173182
662 0.16771
663 0.158189
664 0.166274
665 0.17718
666 0.166524
667 0.167714
668 0.17894
669 0.162263
670 0.177957
671 0.174866
672 0.162249
673 0.171764
674 0.181849
675 0.167224
676 0.170822
677 0.179329
678 0.179701
679 0.180695
680 0.166391
681 0.17524
682 0.17323
683 0.159884
684 0.170723
685 0.173644
686 0.170232
687 0.179042
688 0.184436
689 0.182593
690 0.165076
691 0.173113
692 0.175054
693 0.175847
694 0.168613
695 0.177169
696 0.17655
697 0.172931
698 0.180877
699 0.169896
700 0.17602
701 0.169969
702 0.17208
703 0.16351
704 0.162226
705 0.179018
706 0.17435
707 0.162612
708 0.168766
709 0.167333
710 0.169724
711 0.163794
712 0.172778
713 0.176416
714 0.161546
715 0.162438
716 0.157194
717 0.154213
718 0.168199
719 0.177773
720 0.171626
721 0.168645
722 0.161314
723 0.174403
724 0.170253
725 0.171115
726 0.162666
727 0.158861
728 0.174021
729 0.172994
730 0.182594
731 0.168092
732 0.17281
733 0.168303
734 0.178752
735 0.160452
736 0.174995
737 0.174445
738 0.181263
739 0.17304
740 0.163947
741 0.173654
742 0.171199
743 0.165212
744 0.164219
745 0.156347
746 0.174007
747 0.17416
748 0.180855
749 0.171107
750 0.179086
751 0.180008
752 0.181842
753 0.173913
754 0.163009
755 0.173892
756 0.180008
757 0.173625
758 0.180725
759 0.18543
760 0.18334
761 0.172878
762 0.182825
763 0.180879
764 0.178639
765 0.167348
766 0.159411
767 0.164398
768 0.173845
769 0.178352
770 0.185522
771 0.17772
772 0.166876
773 0.177907
774 0.181671
775 0.164692
776 0.1609
777 0.175705
778 0.163963
779 0.16602
780 0.179332
781 0.179797
782 0.175277
783 0.162236
784 0.175881
785 0.179674
786 0.172436
787 0.181463
788 0.169387
789 0.18094
790 0.172338
791 0.167709
792 0.168573
793 0.169849
794 0.167078
795 0.161546
796 0.162195
797 0.170145
798 0.180963
799 0.184895
800 0.164921
801 0.165972
802 0.169775
803 0.181642
804 0.172545
805 0.183598
806 0.16448
807 0.159696
808 0.174017
809 0.166621
810 0.166037
811 0.169962
812 0.175686
813 0.165857
814 0.174134
815 0.161022
816 0.155024
817 0.167971
818 0.175378
819 0.184203
820 0.168623
821 0.174739
822 0.181579
823 0.181465
824 0.166437
825 0.179186
826 0.177402
827 0.164241
828 0.173301
829 0.163365
830 0.1642
831 0.178596
832 0.170084
833 0.159648
834 0.166215
835 0.16068
836 0.155562
837 0.175783
838 0.179063
839 0.167137
840 0.175569
841 0.160723
842 0.176234
843 0.17771
844 0.181019
845 0.164265
846 0.162328
847 0.168245
848 0.1695
849 0.180582
850 0.167343
851 0.178036
852 0.167567
853 0.171269
854 0.160329
855 0.171557
856 0.175643
857 0.178231
858 0.171237
859 0.184865
860 0.163338
861 0.16904
862 0.170813
863 0.164539
864 0.180441
865 0.178811
866 0.186056
867 0.172953
868 0.165285
869 0.179815
870 0.165078
871 0.166125
872 0.162858
873 0.17604
874 0.167307
875 0.168162
876 0.166481
877 0.178625
878 0.170716
879 0.16889
880 0.172872
881 0.182336
882 0.187551
883 0.171017
884 0.175299
885 0.165418
886 0.180327
887 0.167418
888 0.160396
889 0.155587
890 0.176193
891 0.160014
892 0.174715
893 0.17105
894 0.160519
895 0.179119
896 0.181476
897 0.173048
898 0.162356
899 0.157895
900 0.153342
901 0.171225
902 0.182151
903 0.171768
904 0.178695
905 0.184776
906 0.18887
907 0.168286
908 0.163092
909 0.174906
910 0.175505
911 0.17434
912 0.184687
913 0.168871
914 0.166005
915 0.173146
916 0.16894
917 0.167261
918 0.177791
919 0.176115
920 0.178113
921 0.163362
922 0.166535
923 0.180907
924 0.16958
925 0.162141
926 0.157315
927 0.174076
928 0.169467
929 0.178627
930 0.17991
931 0.169987
932 0.178334
933 0.165246
934 0.163838
935 0.172921
936 0.173424
937 0.173301
938 0.181255
939 0.162514
940 0.166693
941 0.177701
942 0.164264
943 0.178209
944 0.176833
945 0.176061
946 0.17561
947 0.182062
948 0.184109
949 0.186177
950 0.173623
951 0.167368
952 0.1721
953 0.179188
954 0.171544
955 0.161801
956 0.178501
957 0.165629
958 0.171351
959 0.173628
960 0.17979
961 0.165101
962 0.166451
963 0.178157
964 0.160586
965 0.176148
966 0.184562
967 0.163384
968 0.173132
969 0.169748
970 0.159433
971 0.162089
972 0.168046
973 0.177739
974 0.167189
975 0.171981
976 0.18312
977 0.16767
978 0.182551
979 0.178124
980 0.171893
981 0.183199
982 0.17232
983 0.160927
984 0.160835
985 0.175011
986 0.17249
987 0.174612
988 0.180094
989 0.184952
990 0.187303
991 0.166862
992 0.159692
993 0.178067
994 0.174913
995 0.171473
996 0.168302
997 0.177685
998 0.167923
999 0.170543
1000 0.172594
1001 0.168226
1002 0.166311
1003 0.166065
1004 0.16278
1005 0.160915
1006 0.156397
1007 0.171629
1008 0.158457
1009 0.171544
1010 0.175612
1011 0.176911
1012 0.182091
1013 0.183746
1014 0.181294
1015 0.170691
1016 0.17035
1017 0.166887
1018 0.169619
1019 0.174503
1020 0.170618
1021 0.162382
1022 0.17681
1023 0.177618
1024 0.179015
1025 0.179903
1026 0.161376
1027 0.181096
1028 0.166376
1029 0.159728
1030 0.161849
1031 0.174846
1032 0.165932
1033 0.181068
1034 0.180902
1035 0.185147
1036 0.183769
1037 0.176464
1038 0.177647
1039 0.166749
1040 0.157345
1041 0.17443
1042 0.165852
1043 0.178566
1044 0.164732
1045 0.180808
1046 0.181227
1047 0.176222
1048 0.16132
1049 0.166552
1050 0.165087
1051 0.155724
1052 0.175037
1053 0.163731
1054 0.164177
1055 0.163395
1056 0.170971
1057 0.179491
1058 0.178743
1059 0.172606
1060 0.174355
1061 0.172539
1062 0.182032
1063 0.177578
1064 0.175888
1065 0.181376
1066 0.169627
1067 0.179924
1068 0.182855
1069 0.167219
1070 0.176751
1071 0.168233
1072 0.165331
1073 0.159987
1074 0.167918
1075 0.167227
1076 0.160316
1077 0.175743
1078 0.178802
1079 0.177435
1080 0.171811
1081 0.165321
1082 0.166382
1083 0.158693
1084 0.175235
1085 0.179966
1086 0.181246
1087 0.185731
1088 0.182921
1089 0.178526
1090 0.176738
1091 0.172292
1092 0.16269
1093 0.176715
1094 0.179777
1095 0.173436
1096 0.163095
1097 0.17714
1098 0.177252
1099 0.166483
1100 0.169964
1101 0.162824
1102 0.168473
1103 0.166317
1104 0.16018
1105 0.159149
1106 0.170169
1107 0.180629
1108 0.181192
1109 0.186412
1110 0.183742
1111 0.168436
1112 0.16234
1113 0.168086
1114 0.167251
1115 0.168231
1116 0.168955
1117 0.158944
1118 0.15782
1119 0.176012
1120 0.160193
1121 0.171394
1122 0.16104
1123 0.173722
1124 0.17698
1125 0.163144
1126 0.178247
1127 0.179423
1128 0.183566
1129 0.164782
1130 0.173213
1131 0.181771
1132 0.167156
1133 0.182747
1134 0.166568
1135 0.161214
1136 0.178832
1137 0.179222
1138 0.172167
1139 0.166234
1140 0.16366
1141 0.179475
1142 0.174558
1143 0.181381
1144 0.168147
1145 0.16986
1146 0.160709
1147 0.17483
1148 0.167365
1149 0.158269
1150 0.168998
1151 0.161988
1152 0.163664
1153 0.174115
1154 0.175553
1155 0.182615
1156 0.16442
1157 0.169125
1158 0.162842
1159 0.177146
1160 0.169322
1161 0.16591
1162 0.18126
1163 0.171804
1164 0.178236
1165 0.181468
1166 0.18292
1167 0.173399
1168 0.184187
1169 0.174719
1170 0.172833
1171 0.16475
1172 0.167317
1173 0.174002
1174 0.162518
1175 0.161011
1176 0.173502
1177 0.18226
1178 0.177656
1179 0.162923
1180 0.161682
1181 0.158304
1182 0.16458
1183 0.179534
1184 0.168552
1185 0.175463
1186 0.18091
1187 0.170533
1188 0.160833
1189 0.155731
1190 0.169754
1191 0.166135
1192 0.173671
1193 0.184892
1194 0.172765
1195 0.16608
1196 0.172392
1197 0.165829
1198 0.157739
1199 0.161492
1200 0.1662
1201 0.175629
1202 0.182818
1203 0.171216
1204 0.172846
1205 0.174912
1206 0.181016
1207 0.180114
1208 0.175819
1209 0.164653
1210 0.16615
1211 0.162153
1212 0.162421
1213 0.164875
1214 0.173266
1215 0.174303
1216 0.179017
1217 0.177265
1218 0.160195
1219 0.177009
1220 0.18121
1221 0.172607
1222 0.159611
1223 0.179501
1224 0.170707
1225 0.174141
1226 0.173661
1227 0.174727
1228 0.183259
1229 0.162292
1230 0.174854
1231 0.177674
1232 0.162801
1233 0.180123
1234 0.167773
1235 0.163669
1236 0.173981
1237 0.166418
1238 0.164266
1239 0.166287
1240 0.179948
1241 0.179267
1242 0.182544
1243 0.182199
1244 0.165686
1245 0.165735
1246 0.180124
1247 0.161094
1248 0.170551
1249 0.164996
1250 0.170248
1251 0.160167
1252 0.174054
1253 0.172208
1254 0.161633
1255 0.157127
1256 0.16328
1257 0.158068
1258 0.166667
1259 0.177815
1260 0.16949
1261 0.171396
1262 0.166819
1263 0.175941
1264 0.171602
1265 0.182967
1266 0.16929
1267 0.17873
1268 0.162431
1269 0.157654
1270 0.157816
1271 0.155726
1272 0.176411
1273 0.165256
1274 0.163671
1275 0.158102
1276 0.165878
1277 0.156488
1278 0.162811
1279 0.171535
1280 0.162591
1281 0.176263
1282 0.166917
1283 0.159188
1284 0.166825
1285 0.170862
1286 0.168943
1287 0.16432
1288 0.163756
1289 0.175613
1290 0.177135
1291 0.172958
1292 0.181525
1293 0.181171
1294 0.169412
1295 0.173402
1296 0.182867
1297 0.166641
1298 0.171959
1299 0.167376
1300 0.157441
1301 0.163141
1302 0.165987
1303 0.169838
1304 0.169906
1305 0.171067
1306 0.166473
1307 0.157248
1308 0.176844
1309 0.182749
1310 0.179318
1311 0.183422
1312 0.175386
1313 0.181788
1314 0.178554
1315 0.165902
1316 0.166529
1317 0.162211
1318 0.172381
1319 0.178898
1320 0.170128
1321 0.168561
1322 0.17809
1323 0.163653
1324 0.163097
1325 0.180445
1326 0.168367
1327 0.166475
1328 0.163813
1329 0.17963
1330 0.176085
1331 0.181819
1332 0.169916
1333 0.158877
1334 0.168289
1335 0.156285
1336 0.171244
1337 0.160822
1338 0.166376
1339 0.159937
1340 0.171055
1341 0.172584
1342 0.173755
1343 0.175711
1344 0.162078
1345 0.162146
1346 0.172222
1347 0.161184
1348 0.162248
1349 0.159241
1350 0.170291
1351 0.167556
1352 0.172399
1353 0.166984
1354 0.174188
1355 0.180177
1356 0.168886
1357 0.175447
1358 0.1742
1359 0.176139
1360 0.179411
1361 0.174823
1362 0.183199
1363 0.164336
1364 0.161811
1365 0.172311
1366 0.158197
1367 0.168638
1368 0.168429
1369 0.159668
1370 0.176911
1371 0.176901
1372 0.175365
1373 0.164807
1374 0.17245
1375 0.18109
1376 0.174291
1377 0.179732
1378 0.17332
1379 0.159098
1380 0.178203
1381 0.180426
1382 0.164817
1383 0.179835
1384 0.184434
1385 0.177314
1386 0.170859
1387 0.16106
1388 0.17097
1389 0.163521
1390 0.180124
1391 0.180499
1392 0.167454
1393 0.173133
1394 0.171955
1395 0.181206
1396 0.183729
1397 0.176478
1398 0.186273
1399 0.164417
1400 0.174428
1401 0.160192
1402 0.169113
1403 0.165576
1404 0.179438
1405 0.179679
1406 0.179317
1407 0.178358
1408 0.170729
1409 0.173608
1410 0.165216
1411 0.174998
1412 0.173859
1413 0.163138
1414 0.167382
1415 0.169942
1416 0.180738
1417 0.178776
1418 0.17654
1419 0.168234
1420 0.172251
1421 0.168137
1422 0.182119
1423 0.172594
1424 0.180957
1425 0.180207
1426 0.172616
1427 0.161536
1428 0.161107
1429 0.167668
1430 0.163636
1431 0.17578
1432 0.177448
1433 0.176892
1434 0.177158
1435 0.176419
1436 0.177543
1437 0.184444
1438 0.186295
1439 0.182271
1440 0.186586
1441 0.175089
1442 0.163895
1443 0.178701
1444 0.16989
1445 0.164517
1446 0.162443
1447 0.170222
1448 0.158353
1449 0.163087
1450 0.160883
1451 0.167607
1452 0.163595
1453 0.16231
1454 0.178754
1455 0.175156
1456 0.162342
1457 0.167427
1458 0.159559
1459 0.157881
1460 0.159039
1461 0.162611
1462 0.161458
1463 0.175694
1464 0.17712
1465 0.17377
1466 0.16475
1467 0.160521
1468 0.162931
1469 0.171264
1470 0.160018
1471 0.163607
1472 0.168395
1473 0.158621
1474 0.169443
1475 0.175615
1476 0.165001
1477 0.175759
1478 0.169308
1479 0.174085
1480 0.165485
1481 0.1721
1482 0.160035
1483 0.16427
1484 0.166475
1485 0.1666
1486 0.17314
1487 0.16096
1488 0.16184
1489 0.177814
1490 0.162427
1491 0.168516
1492 0.161478
1493 0.177988
1494 0.168803
1495 0.181877
1496 0.182006
1497 0.167651
1498 0.182505
1499 0.175348
1500 0.183827
1501 0.177878
1502 0.180655
1503 0.175613
1504 0.167869
1505 0.173872
1506 0.163005
1507 0.155833
1508 0.167419
1509 0.167285
1510 0.176818
1511 0.186688
1512 0.163899
1513 0.181345
1514 0.165323
1515 0.161948
1516 0.166753
1517 0.179775
1518 0.180091
1519 0.180777
1520 0.174533
1521 0.175004
1522 0.16897
1523 0.158973
1524 0.159623
1525 0.157189
1526 0.169618
1527 0.178946
1528 0.17629
1529 0.17662
1530 0.179691
1531 0.177106
1532 0.16255
1533 0.164727
1534 0.175241
1535 0.160513
1536 0.164182
1537 0.162135
1538 0.159535
1539 0.16107
1540 0.171172
1541 0.165294
1542 0.159187
1543 0.171411
1544 0.179206
1545 0.17114
1546 0.166151
1547 0.181237
1548 0.171751
1549 0.182955
1550 0.176863
1551 0.162957
1552 0.173991
1553 0.162037
1554 0.170487
1555 0.172704
1556 0.170482
1557 0.171437
1558 0.166486
1559 0.17023
1560 0.165881
1561 0.180978
1562 0.165865
1563 0.164865
1564 0.168357
1565 0.171338
1566 0.158039
1567 0.171825
1568 0.17887
1569 0.163723
1570 0.176188
1571 0.180976
1572 0.181833
1573 0.168567
1574 0.17765
1575 0.162812
1576 0.155549
1577 0.170215
1578 0.16828
1579 0.158386
1580 0.170029
1581 0.179223
1582 0.171414
1583 0.164278
1584 0.172833
1585 0.171258
1586 0.170862
1587 0.17437
1588 0.177342
1589 0.179178
1590 0.169183
1591 0.164681
1592 0.166109
1593 0.175745
1594 0.182274
1595 0.169278
1596 0.176988
1597 0.174196
1598 0.171757
1599 0.167714
1600 0.17503
1601 0.1728
1602 0.176766
1603 0.167897
1604 0.16451
1605 0.158754
1606 0.172972
1607 0.169008
1608 0.167482
1609 0.164131
1610 0.174749
1611 0.17736
1612 0.16975
1613 0.160791
1614 0.160385
1615 0.155146
1616 0.163653
1617 0.159076
1618 0.17266
1619 0.175224
1620 0.172491
1621 0.183095
1622 0.174029
1623 0.182269
1624 0.180437
1625 0.163867
1626 0.168548
1627 0.168266
1628 0.175172
1629 0.165494
1630 0.161971
1631 0.164928
1632 0.159833
1633 0.172141
1634 0.169023
1635 0.169457
1636 0.166661
1637 0.180884
1638 0.17111
1639 0.165012
1640 0.168715
1641 0.156382
1642 0.176646
1643 0.173891
1644 0.174239
1645 0.183224
1646 0.178925
1647 0.172101
1648 0.178853
1649 0.175084
1650 0.172293
1651 0.162618
1652 0.179862
1653 0.176538
1654 0.163495
1655 0.162421
1656 0.157178
1657 0.160931
1658 0.170563
1659 0.17745
1660 0.176028
1661 0.177083
1662 0.175976
1663 0.162779
1664 0.162554
1665 0.166786
1666 0.157779
1667 0.163904
1668 0.167085
1669 0.174781
1670 0.181134
1671 0.167402
1672 0.17834
1673 0.179272
1674 0.164189
1675 0.161838
1676 0.163901
1677 0.178545
1678 0.173621
1679 0.178105
1680 0.165141
1681 0.180851
1682 0.178096
1683 0.170437
1684 0.180642
1685 0.164131
1686 0.165734
1687 0.161514
1688 0.175518
1689 0.180098
1690 0.163846
1691 0.168292
1692 0.158995
1693 0.167728
1694 0.164104
1695 0.180198
1696 0.16859
1697 0.160318
1698 0.160709
1699 0.157049
1700 0.163242
1701 0.162429
1702 0.162609
1703 0.165089
1704 0.162392
1705 0.17509
1706 0.184309
1707 0.169325
1708 0.169913
1709 0.175507
1710 0.168294
1711 0.166479
1712 0.174521
1713 0.174736
1714 0.181618
1715 0.179347
1716 0.185611
1717 0.173643
1718 0.160044
1719 0.169394
1720 0.161254
1721 0.168657
1722 0.171846
1723 0.180673
1724 0.181743
1725 0.17075
1726 0.169758
1727 0.181777
1728 0.165714
1729 0.169899
1730 0.17549
1731 0.165746
1732 0.170072
1733 0.170194
1734 0.161549
1735 0.179292
1736 0.168994
1737 0.170983
1738 0.166148
1739 0.158782
1740 0.175137
1741 0.180586
1742 0.183354
1743 0.184922
1744 0.176485
1745 0.182816
1746 0.163384
1747 0.162794
1748 0.165201
1749 0.156533
1750 0.174742
1751 0.178563
1752 0.174369
1753 0.168316
1754 0.166262
1755 0.160882
1756 0.154662
1757 0.170635
1758 0.176314
1759 0.166552
1760 0.16255
1761 0.17652
1762 0.169736
1763 0.166734
1764 0.159076
1765 0.173254
1766 0.175997
1767 0.17121
1768 0.169592
1769 0.17089
1770 0.15996
1771 0.159457
1772 0.176291
1773 0.164171
1774 0.162091
1775 0.167254
1776 0.163964
1777 0.164558
1778 0.168143
1779 0.175121
1780 0.185136
1781 0.164352
1782 0.169352
1783 0.160086
1784 0.166548
1785 0.166786
1786 0.171016
1787 0.174531
1788 0.172956
1789 0.169244
1790 0.170605
1791 0.17824
1792 0.18456
1793 0.169242
1794 0.171842
1795 0.17356
1796 0.173771
1797 0.159158
1798 0.17321
1799 0.173652
1800 0.164522
1801 0.17175
1802 0.179158
1803 0.167047
1804 0.177032
1805 0.182188
1806 0.181069
1807 0.172413
1808 0.176953
1809 0.179802
1810 0.172286
1811 0.162167
1812 0.159684
1813 0.165714
1814 0.15789
1815 0.176709
1816 0.165867
1817 0.163023
1818 0.17461
1819 0.170415
1820 0.171483
1821 0.161943
1822 0.162278
1823 0.175217
1824 0.162862
1825 0.179018
1826 0.18128
1827 0.179742
1828 0.180817
1829 0.178679
1830 0.163604
1831 0.161136
1832 0.16516
1833 0.178698
1834 0.162198
1835 0.156908
1836 0.173651
1837 0.179804
1838 0.16285
1839 0.159212
1840 0.170132
1841 0.181457
1842 0.162252
1843 0.175333
1844 0.166735
1845 0.176224
1846 0.16958
1847 0.181417
1848 0.170891
1849 0.180254
1850 0.178616
1851 0.16945
1852 0.180015
1853 0.185254
1854 0.179093
1855 0.186241
1856 0.173418
1857 0.176635
1858 0.176175
1859 0.179678
1860 0.178597
1861 0.171614
1862 0.162834
1863 0.174627
1864 0.161945
1865 0.174411
1866 0.176222
1867 0.178213
1868 0.185031
1869 0.166634
1870 0.173739
1871 0.177132
1872 0.174183
1873 0.16268
1874 0.157448
1875 0.157489
1876 0.154187
1877 0.166466
1878 0.173546
1879 0.170339
1880 0.171756
1881 0.176805
1882 0.16514
1883 0.178264
1884 0.183424
1885 0.179548
1886 0.162879
1887 0.180716
1888 0.166446
1889 0.158896
1890 0.178086
1891 0.178709
1892 0.17564
1893 0.171862
1894 0.164987
1895 0.159626
1896 0.171705
1897 0.167591
1898 0.161491
1899 0.158388
1900 0.177801
1901 0.165294
1902 0.161049
1903 0.1734
1904 0.176643
1905 0.165991
1906 0.162893
1907 0.165723
1908 0.16379
1909 0.170216
1910 0.162495
1911 0.166075
1912 0.174063
1913 0.18286
1914 0.187506
1915 0.167365
1916 0.181808
1917 0.166382
1918 0.157624
1919 0.163243
1920 0.175773
1921 0.167491
1922 0.167353
1923 0.159094
1924 0.156143
1925 0.168241
1926 0.177052
1927 0.164057
1928 0.176364
1929 0.177172
1930 0.171375
1931 0.181369
1932 0.16575
1933 0.164828
1934 0.169282
1935 0.169859
1936 0.162524
1937 0.15854
1938 0.176951
1939 0.177524
1940 0.165622
1941 0.179391
1942 0.163032
1943 0.180773
1944 0.169909
1945 0.162596
1946 0.180066
1947 0.162137
1948 0.170603
1949 0.173984
1950 0.166962
1951 0.172854
1952 0.173295
1953 0.182243
1954 0.183364
1955 0.166766
1956 0.16348
1957 0.166593
1958 0.173666
1959 0.173919
1960 0.176968
1961 0.162999
1962 0.173324
1963 0.178658
1964 0.170323
1965 0.171624
1966 0.168245
1967 0.169985
1968 0.180788
1969 0.184892
1970 0.181514
1971 0.185618
1972 0.178665
1973 0.184577
1974 0.17154
1975 0.178682
1976 0.16945
1977 0.166191
1978 0.176878
1979 0.170013
1980 0.163674
1981 0.155496
1982 0.176126
1983 0.17308
1984 0.173132
1985 0.16506
1986 0.179262
1987 0.180738
1988 0.186136
1989 0.169138
1990 0.166776
1991 0.165573
1992 0.158584
1993 0.175023
1994 0.182228
1995 0.172409
1996 0.176367
1997 0.172805
1998 0.173413
1999 0.177944
2000 0.164605
2001 0.158665
2002 0.157204
2003 0.158183
2004 0.158704
2005 0.16974
2006 0.161069
2007 0.172809
2008 0.163881
2009 0.161609
2010 0.172852
2011 0.180058
2012 0.171929
2013 0.178111
2014 0.175214
2015 0.166751
2016 0.176989
2017 0.162031
2018 0.172162
2019 0.16179
2020 0.178708
2021 0.170375
2022 0.171538
2023 0.179967
2024 0.171693
2025 0.173629
2026 0.16763
2027 0.176885
2028 0.179056
2029 0.170487
2030 0.172901
2031 0.162504
2032 0.163728
2033 0.169845
2034 0.176598
2035 0.178664
2036 0.172886
2037 0.175992
2038 0.162067
2039 0.158278
2040 0.163988
2041 0.17071
2042 0.173469
2043 0.17985
2044 0.162936
2045 0.175381
2046 0.171518
2047 0.182537
2048 0.175953
2049 0.179886
2050 0.166389
2051 0.162116
2052 0.162886
2053 0.173683
2054 0.178693
2055 0.176087
2056 0.162228
2057 0.17377
2058 0.164928
2059 0.173736
2060 0.182397
2061 0.171492
2062 0.159648
2063 0.174527
2064 0.162752
2065 0.158875
2066 0.16638
2067 0.161653
2068 0.169982
2069 0.166992
2070 0.164114
2071 0.16624
2072 0.156383
2073 0.169404
2074 0.174555
2075 0.165032
2076 0.171694
2077 0.18421
2078 0.162354
2079 0.175554
2080 0.182801
2081 0.170286
2082 0.165979
2083 0.174817
2084 0.159483
2085 0.176999
2086 0.172866
2087 0.169294
2088 0.176023
2089 0.178567
2090 0.17885
2091 0.178413
2092 0.174406
2093 0.173559
2094 0.182407
2095 0.182248
2096 0.17956
2097 0.178117
2098 0.172403
2099 0
