0 -1.10388
1 -0.170617
2 0.0805875
3 0.1587
4 0.171844
5 0.167218
6 0.161899
7 0.168982
8 0.169469
9 0.171988
10 0.178499
11 0.173802
12 0.177856
13 0.182202
14 0.178175
15 0.184264
16 0.169584
17 0.170698
18 0.178857
19 0.178955
20 0.169408
21 0.176985
22 0.166904
23 0.166089
24 0.170253
25 0.164285
26 0.179458
27 0.179548
28 0.173291
29 0.166935
30 0.184777
31 0.163722
32 0.180206
33 0.16309
34 0.181057
35 0.17108
36 0.174927
37 0.164904
38 0.17818
39 0.170908
40 0.170518
41 0.168479
42 0.165573
43 0.174732
44 0.171155
45 0.165468
46 0.180407
47 0.183335
48 0.172384
49 0.177371
50 0.168701
51 0.174619
52 0.170326
53 0.178444
54 0.175119
55 0.17908
56 0.178257
57 0.182081
58 0.183866
59 0.183706
60 0.185706
61 0.173938
62 0.164578
63 0.175812
64 0.166425
65 0.175883
66 0.16893
67 0.170691
68 0.177499
69 0.162334
70 0.17142
71 0.180088
72 0.181952
73 0.185866
74 0.170385
75 0.179509
76 0.175939
77 0.175238
78 0.171188
79 0.174678
80 0.172746
81 0.172606
82 0.165994
83 0.175221
84 0.161076
85 0.178833
86 0.170021
87 0.163047
88 0.171786
89 0.182677
90 0.187965
91 0.168168
92 0.176071
93 0.183135
94 0.186683
95 0.171281
96 0.160331
97 0.17772
98 0.171275
99 0.166132
100 0.169168
101 0.168403
102 0.17918
103 0.186844
104 0.164109
105 0.179863
106 0.181965
107 0.175983
108 0.178423
109 0.184834
110 0.185534
111 0.183931
112 0.171472
113 0.170313
114 0.170282
115 0.173138
116 0.16359
117 0.162182
118 0.170898
119 0.177539
120 0.174854
121 0.177909
122 0.167212
123 0.162513
124 0.175302
125 0.178607
126 0.168904
127 0.159523
128 0.174545
129 0.17296
130 0.172247
131 0.172377
132 0.183808
133 0.181637
134 0.185791
135 0.179872
136 0.1735
137 0.166639
138 0.160838
139 0.165289
140 0.168458
141 0.182954
142 0.174419
143 0.164316
144 0.171276
145 0.182888
146 0.164604
147 0.178819
148 0.178238
149 0.183342
150 0.177585
151 0.177672
152 0.178162
153 0.18579
154 0.177121
155 0.162191
156 0.181558
157 0.164777
158 0.165548
159 0.174011
160 0.172262
161 0.161084
162 0.180133
163 0.185075
164 0.171574
165 0.167803
166 0.18364
167 0.165652
168 0.172304
169 0.172201
170 0.161176
171 0.180497
172 0.172408
173 0.168702
174 0.178345
175 0.168522
176 0.172211
177 0.161862
178 0.177763
179 0.164894
180 0.171701
181 0.183378
182 0.186341
183 0.175158
184 0.163716
185 0.163384
186 0.15977
187 0.16943
188 0.174348
189 0.164055
190 0.173296
191 0.179471
192 0.179121
193 0.162272
194 0.177698
195 0.164497
196 0.172213
197 0.167372
198 0.172428
199 0.161478
200 0.175205
201 0.173329
202 0.173399
203 0.166993
204 0.170789
205 0.171153
206 0.16636
207 0.176192
208 0.182679
209 0.169385
210 0.16875
211 0.164117
212 0.17279
213 0.168338
214 0.181835
215 0.174687
216 0.170514
217 0.174585
218 0.179569
219 0.175276
220 0.174464
221 0.168378
222 0.16849
223 0.18171
224 0.165156
225 0.176518
226 0.183761
227 0.171626
228 0.17418
229 0.169041
230 0.166224
231 0.178133
232 0.176054
233 0.175409
234 0.184558
235 0.172843
236 0.179984
237 0.163512
238 0.17376
239 0.173145
240 0.163536
241 0.17843
242 0.167647
243 0.171729
244 0.167859
245 0.172001
246 0.171331
247 0.16419
248 0.169195
249 0.173909
250 0.183782
251 0.189521
252 0.174063
253 0.163357
254 0.177095
255 0.178504
256 0.18495
257 0.180887
258 0.165467
259 0.169769
260 0.181537
261 0.183182
262 0.183216
263 0.16741
264 0.175625
265 0.183348
266 0.176724
267 0.178949
268 0.184068
269 0.187528
270 0.18089
271 0.174402
272 0.163218
273 0.165703
274 0.170274
275 0.180279
276 0.179232
277 0.185177
278 0.170325
279 0.179255
280 0.170671
281 0.167137
282 0.183761
283 0.170062
284 0.164304
285 0.15922
286 0.173752
287 0.160659
288 0.180895
289 0.168685
290 0.17897
291 0.172431
292 0.181975
293 0.177171
294 0.18124
295 0.17413
296 0.175601
297 0.167537
298 0.166738
299 0.161587
300 0.177543
301 0.186569
302 0.179795
303 0.168838
304 0.163729
305 0.179285
306 0.167449
307 0.176631
308 0.186065
309 0.170737
310 0.177732
311 0.183083
312 0.178199
313 0.169693
314 0.171207
315 0.170922
316 0.172099
317 0.175094
318 0.175585
319 0.179273
320 0.180632
321 0.184737
322 0.181152
323 0.185852
324 0.183583
325 0.166262
326 0.176641
327 0.18146
328 0.17724
329 0.184577
330 0.186036
331 0.177952
332 0.179429
333 0.187487
334 0.176443
335 0.179375
336 0.166259
337 0.17195
338 0.162709
339 0.178361
340 0.165029
341 0.175719
342 0.186405
343 0.172063
344 0.180017
345 0.176035
346 0.168069
347 0.168476
348 0.158105
349 0.179818
350 0.177059
351 0.175166
352 0.17294
353 0.172327
354 0.16514
355 0.163099
356 0.177597
357 0.169004
358 0.171289
359 0.179663
360 0.164774
361 0.159512
362 0.176494
363 0.170225
364 0.182743
365 0.180468
366 0.183503
367 0.173425
368 0.17797
369 0.171314
370 0.167686
371 0.173116
372 0.165508
373 0.169919
374 0.16619
375 0.164863
376 0.161665
377 0.172751
378 0.178307
379 0.164952
380 0.175811
381 0.174218
382 0.162451
383 0.171536
384 0.161489
385 0.173829
386 0.170937
387 0.159793
388 0.173236
389 0.18298
390 0.169549
391 0.182052
392 0.184072
393 0.182602
394 0.175908
395 0.170627
396 0.165867
397 0.175419
398 0.167027
399 0.174829
400 0.166894
401 0.176495
402 0.181226
403 0.183495
404 0.184642
405 0.181177
406 0.179647
407 0.186651
408 0.171578
409 0.179851
410 0.185812
411 0.187338
412 0.184992
413 0.174489
414 0.16471
415 0.177926
416 0.180472
417 0.180523
418 0.169907
419 0.172705
420 0.176948
421 0.173931
422 0.163589
423 0.182355
424 0.174229
425 0.175295
426 0.165686
427 0.167543
428 0.165204
429 0.171821
430 0.169457
431 0.179534
432 0.181166
433 0.188212
434 0.16558
435 0.176448
436 0.167667
437 0.164935
438 0.177678
439 0.168159
440 0.182451
441 0.183689
442 0.179662
443 0.168755
444 0.16183
445 0.159788
446 0.162168
447 0.168571
448 0.183662
449 0.166801
450 0.16154
451 0.175777
452 0.170919
453 0.163157
454 0.170184
455 0.183006
456 0.170369
457 0.170038
458 0.183275
459 0.171404
460 0.174247
461 0.173341
462 0.162423
463 0.170573
464 0.180629
465 0.185574
466 0.177021
467 0.167742
468 0.182178
469 0.168446
470 0.181518
471 0.181943
472 0.167827
473 0.17588
474 0.162358
475 0.181112
476 0.169593
477 0.168758
478 0.166681
479 0.178269
480 0.17547
481 0.179652
482 0.179681
483 0.171744
484 0.167323
485 0.181318
486 0.178412
487 0.171613
488 0.174824
489 0.173183
490 0.17683
491 0.183069
492 0.188409
493 0.172922
494 0.166399
495 0.180799
496 0.180965
497 0.18362
498 0.168531
499 0.17443
500 0.163627
501 0.169868
502 0.164114
503 0.182828
504 0.169065
505 0.177567
506 0.164287
507 0.182656
508 0.168909
509 0.172884
510 0.162539
511 0.171432
512 0.162855
513 0.180732
514 0.176696
515 0.179473
516 0.18364
517 0.178212
518 0.177891
519 0.17423
520 0.171787
521 0.171897
522 0.170784
523 0.162057
524 0.176913
525 0.182599
526 0.185889
527 0.16792
528 0.170885
529 0.16584
530 0.171511
531 0.168444
532 0.160629
533 0.17464
534 0.17798
535 0.170637
536 0.175718
537 0.187351
538 0.16436
539 0.181582
540 0.1626
541 0.179622
542 0.172821
543 0.166402
544 0.181482
545 0.168652
546 0.164366
547 0.164937
548 0.167217
549 0.183562
550 0.17597
551 0.162411
552 0.166716
553 0.184001
554 0.173665
555 0.16348
556 0.17116
557 0.166751
558 0.175565
559 0.164421
560 0.179553
561 0.168447
562 0.178586
563 0.187243
564 0.175424
565 0.182188
566 0.166727
567 0.178342
568 0.176489
569 0.185381
570 0.17589
571 0.162859
572 0.175538
573 0.174217
574 0.183388
575 0.17603
576 0.18275
577 0.181992
578 0.188327
579 0.168982
580 0.166667
581 0.172393
582 0.17615
583 0.172909
584 0.181404
585 0.175229
586 0.171184
587 0.174903
588 0.177466
589 0.183847
590 0.172213
591 0.166587
592 0.173024
593 0.168644
594 0.17577
595 0.165113
596 0.172153
597 0.166895
598 0.161804
599 0.175868
600 0.174256
601 0.176183
602 0.177773
603 0.171978
604 0.171604
605 0.162472
606 0.158613
607 0.181051
608 0.166442
609 0.177235
610 0.164252
611 0.164138
612 0.171452
613 0.181162
614 0.180644
615 0.167108
616 0.161823
617 0.174173
618 0.169349
619 0.164569
620 0.161592
621 0.175754
622 0.176112
623 0.179553
624 0.166051
625 0.178063
626 0.167463
627 0.162321
628 0.174116
629 0.17355
630 0.180993
631 0.181343
632 0.168687
633 0.173652
634 0.172496
635 0.169084
636 0.163587
637 0.173263
638 0.165585
639 0.161751
640 0.163047
641 0.16056
642 0.172064
643 0.174918
644 0.170087
645 0.170106
646 0.179009
647 0.166348
648 0.16934
649 0.160899
650 0.175224
651 0.170824
652 0.179542
653 0.180138
654 0.180526
655 0.167444
656 0.182194
657 0.185899
658 0.175449
659 0.162986
660 0.167111
661 0.177022
662 0.171852
663 0.160803
664 0.168407
665 0.180778
666 0.169699
667 0.169117
668 0.181635
669 0.164614
670 0.179745
671 0.178077
672 0.16431
673 0.173219
674 0.184929
675 0.169831
676 0.171812
677 0.181037
678 0.181676
679 0.182683
680 0.167651
681 0.176846
682 0.176742
683 0.16254
684 0.172942
685 0.176796
686 0.172366
687 0.180162
688 0.185781
689 0.184521
690 0.16622
691 0.174367
692 0.177785
693 0.178692
694 0.170343
695 0.178662
696 0.178862
697 0.174465
698 0.182732
699 0.171773
700 0.177874
701 0.172414
702 0.174829
703 0.166626
704 0.164334
705 0.181902
706 0.177965
707 0.164656
708 0.170812
709 0.170496
710 0.173143
711 0.166423
712 0.17493
713 0.179771
714 0.164556
715 0.165332
716 0.161356
717 0.158016
718 0.171549
719 0.181259
720 0.174199
721 0.170585
722 0.163161
723 0.177217
724 0.173658
725 0.173952
726 0.165594
727 0.161163
728 0.177051
729 0.175754
730 0.1848
731 0.169734
732 0.174272
733 0.170486
734 0.181895
735 0.162978
736 0.176651
737 0.176762
738 0.183434
739 0.17536
740 0.165327
741 0.175935
742 0.174772
743 0.168334
744 0.16742
745 0.1591
746 0.176974
747 0.177049
748 0.182836
749 0.172158
750 0.179835
751 0.18156
752 0.183614
753 0.176003
754 0.164424
755 0.175721
756 0.183023
757 0.175414
758 0.181212
759 0.186374
760 0.184757
761 0.173386
762 0.183562
763 0.182742
764 0.180741
765 0.169758
766 0.161844
767 0.167329
768 0.177069
769 0.180481
770 0.186881
771 0.179162
772 0.167539
773 0.179235
774 0.184969
775 0.167622
776 0.162337
777 0.178898
778 0.167871
779 0.167931
780 0.181304
781 0.182191
782 0.177458
783 0.163375
784 0.177429
785 0.182729
786 0.174171
787 0.182917
788 0.170762
789 0.182645
790 0.175046
791 0.169811
792 0.171004
793 0.172977
794 0.170585
795 0.164728
796 0.164984
797 0.172702
798 0.183233
799 0.18739
800 0.166512
801 0.16712
802 0.172046
803 0.184768
804 0.174441
805 0.185234
806 0.167067
807 0.161375
808 0.177349
809 0.170618
810 0.168614
811 0.172113
812 0.178605
813 0.168334
814 0.176753
815 0.164678
816 0.157774
817 0.170975
818 0.178334
819 0.186849
820 0.169884
821 0.175032
822 0.18327
823 0.184034
824 0.16762
825 0.180273
826 0.180447
827 0.166465
828 0.175716
829 0.166672
830 0.166511
831 0.18167
832 0.173712
833 0.161961
834 0.169151
835 0.165026
836 0.158612
837 0.178521
838 0.182542
839 0.168897
840 0.177357
841 0.162834
842 0.178265
843 0.180264
844 0.183461
845 0.166445
846 0.164111
847 0.171388
848 0.172531
849 0.183469
850 0.169143
851 0.179651
852 0.170073
853 0.174047
854 0.163063
855 0.173876
856 0.178386
857 0.180517
858 0.172209
859 0.186751
860 0.16583
861 0.17081
862 0.174062
863 0.166932
864 0.182411
865 0.18044
866 0.187453
867 0.174656
868 0.166079
869 0.182486
870 0.168699
871 0.168826
872 0.165328
873 0.179195
874 0.170667
875 0.170457
876 0.168444
877 0.181256
878 0.173612
879 0.170555
880 0.174253
881 0.18386
882 0.189678
883 0.172147
884 0.176463
885 0.167296
886 0.183199
887 0.171203
888 0.163278
889 0.158054
890 0.180244
891 0.163756
892 0.17687
893 0.174212
894 0.162205
895 0.180811
896 0.184356
897 0.175554
898 0.164582
899 0.16115
900 0.15697
901 0.174587
902 0.185731
903 0.173319
904 0.17864
905 0.185408
906 0.190832
907 0.170151
908 0.163928
909 0.177347
910 0.178805
911 0.175972
912 0.186403
913 0.171041
914 0.167471
915 0.175859
916 0.172291
917 0.16941
918 0.179806
919 0.178268
920 0.180407
921 0.165444
922 0.167955
923 0.184085
924 0.173264
925 0.164742
926 0.159471
927 0.177427
928 0.172724
929 0.180264
930 0.181757
931 0.171181
932 0.180295
933 0.168188
934 0.16603
935 0.175677
936 0.176343
937 0.175078
938 0.183568
939 0.164856
940 0.168178
941 0.181017
942 0.166929
943 0.179814
944 0.17892
945 0.177613
946 0.176632
947 0.183023
948 0.185148
949 0.187466
950 0.175078
951 0.168607
952 0.174074
953 0.182299
954 0.17469
955 0.163196
956 0.180963
957 0.16888
958 0.173403
959 0.175644
960 0.182443
961 0.167579
962 0.167857
963 0.181431
964 0.163346
965 0.177474
966 0.187646
967 0.165478
968 0.174574
969 0.173159
970 0.162834
971 0.165052
972 0.171001
973 0.181136
974 0.169606
975 0.172879
976 0.185462
977 0.169365
978 0.183603
979 0.180234
980 0.172905
981 0.184888
982 0.175261
983 0.163404
984 0.16307
985 0.178355
986 0.175745
987 0.176031
988 0.180852
989 0.185786
990 0.189096
991 0.168771
992 0.160581
993 0.180783
994 0.178705
995 0.173831
996 0.169602
997 0.180007
998 0.17077
999 0.172607
1000 0.175252
1001 0.171107
1002 0.169099
1003 0.169262
1004 0.166418
1005 0.164805
1006 0.159682
1007 0.175592
1008 0.161975
1009 0.173632
1010 0.178013
1011 0.178393
1012 0.182923
1013 0.184599
1014 0.182651
1015 0.172156
1016 0.172355
1017 0.169709
1018 0.172372
1019 0.177447
1020 0.173605
1021 0.164144
1022 0.178711
1023 0.180096
1024 0.180582
1025 0.181866
1026 0.162461
1027 0.183262
1028 0.170392
1029 0.162544
1030 0.164403
1031 0.178461
1032 0.168638
1033 0.182352
1034 0.182081
1035 0.185749
1036 0.184633
1037 0.177253
1038 0.179419
1039 0.169781
1040 0.159669
1041 0.177744
1042 0.169174
1043 0.18122
1044 0.166459
1045 0.181904
1046 0.183517
1047 0.178546
1048 0.163174
1049 0.169046
1050 0.16948
1051 0.158987
1052 0.178431
1053 0.167608
1054 0.166902
1055 0.166023
1056 0.173375
1057 0.181965
1058 0.180767
1059 0.173777
1060 0.175698
1061 0.174143
1062 0.183951
1063 0.179468
1064 0.176771
1065 0.18303
1066 0.171134
1067 0.181072
1068 0.185389
1069 0.168868
1070 0.178434
1071 0.17127
1072 0.168499
1073 0.163069
1074 0.171263
1075 0.171258
1076 0.162821
1077 0.177745
1078 0.181306
1079 0.179395
1080 0.173602
1081 0.167416
1082 0.169651
1083 0.161698
1084 0.177727
1085 0.182397
1086 0.182147
1087 0.186037
1088 0.183549
1089 0.179402
1090 0.178251
1091 0.174792
1092 0.164707
1093 0.178798
1094 0.182768
1095 0.175992
1096 0.164257
1097 0.178879
1098 0.180655
1099 0.168932
1100 0.172219
1101 0.165698
1102 0.171719
1103 0.170219
1104 0.16368
1105 0.161981
1106 0.172789
1107 0.183185
1108 0.182359
1109 0.186668
1110 0.184907
1111 0.170166
1112 0.164261
1113 0.17133
1114 0.17112
1115 0.171439
1116 0.172264
1117 0.162297
1118 0.160363
1119 0.179979
1120 0.163861
1121 0.174017
1122 0.163615
1123 0.175913
1124 0.180368
1125 0.164908
1126 0.179404
1127 0.181336
1128 0.18584
1129 0.166189
1130 0.17397
1131 0.184733
1132 0.169205
1133 0.184611
1134 0.169497
1135 0.162648
1136 0.181091
1137 0.182426
1138 0.174483
1139 0.168049
1140 0.165391
1141 0.182284
1142 0.177103
1143 0.183198
1144 0.169949
1145 0.172058
1146 0.163351
1147 0.178037
1148 0.171477
1149 0.160822
1150 0.172065
1151 0.165862
1152 0.166413
1153 0.176674
1154 0.177647
1155 0.184894
1156 0.166308
1157 0.171036
1158 0.165474
1159 0.180281
1160 0.172684
1161 0.167256
1162 0.183307
1163 0.174022
1164 0.179288
1165 0.182622
1166 0.184414
1167 0.17414
1168 0.18532
1169 0.176851
1170 0.174958
1171 0.167183
1172 0.169801
1173 0.177691
1174 0.166091
1175 0.163131
1176 0.1757
1177 0.185077
1178 0.180322
1179 0.164767
1180 0.164175
1181 0.162063
1182 0.167925
1183 0.1831
1184 0.170908
1185 0.176279
1186 0.182976
1187 0.173357
1188 0.163588
1189 0.158431
1190 0.173611
1191 0.169879
1192 0.175395
1193 0.186902
1194 0.174906
1195 0.167313
1196 0.17487
1197 0.169783
1198 0.161212
1199 0.164695
1200 0.169399
1201 0.178182
1202 0.185204
1203 0.172688
1204 0.173713
1205 0.176448
1206 0.182933
1207 0.181992
1208 0.177687
1209 0.166647
1210 0.168988
1211 0.166032
1212 0.166108
1213 0.167974
1214 0.176026
1215 0.176474
1216 0.180631
1217 0.179578
1218 0.161541
1219 0.178428
1220 0.184369
1221 0.175531
1222 0.160615
1223 0.181554
1224 0.173976
1225 0.176151
1226 0.175408
1227 0.176088
1228 0.18585
1229 0.164223
1230 0.176101
1231 0.180965
1232 0.164875
1233 0.182226
1234 0.170999
1235 0.165663
1236 0.176819
1237 0.169925
1238 0.167009
1239 0.168348
1240 0.182251
1241 0.181172
1242 0.183327
1243 0.183702
1244 0.167424
1245 0.167105
1246 0.183664
1247 0.164522
1248 0.172889
1249 0.167958
1250 0.173577
1251 0.162995
1252 0.176552
1253 0.175892
1254 0.164851
1255 0.159952
1256 0.167228
1257 0.162211
1258 0.169551
1259 0.180923
1260 0.171974
1261 0.173209
1262 0.168694
1263 0.178317
1264 0.173676
1265 0.184978
1266 0.170982
1267 0.180731
1268 0.165799
1269 0.160842
1270 0.162068
1271 0.159418
1272 0.180457
1273 0.169189
1274 0.166317
1275 0.160941
1276 0.169844
1277 0.160741
1278 0.165871
1279 0.175236
1280 0.165318
1281 0.178734
1282 0.170295
1283 0.161626
1284 0.169523
1285 0.174406
1286 0.17233
1287 0.167016
1288 0.165842
1289 0.178137
1290 0.179909
1291 0.174211
1292 0.182393
1293 0.183146
1294 0.170952
1295 0.174375
1296 0.185544
1297 0.169203
1298 0.173915
1299 0.170781
1300 0.160781
1301 0.166492
1302 0.169647
1303 0.17311
1304 0.172557
1305 0.173606
1306 0.169573
1307 0.159369
1308 0.178951
1309 0.185493
1310 0.180421
1311 0.183928
1312 0.175987
1313 0.182924
1314 0.181005
1315 0.168128
1316 0.169052
1317 0.165169
1318 0.175172
1319 0.182049
1320 0.172441
1321 0.16974
1322 0.18072
1323 0.166938
1324 0.164795
1325 0.18338
1326 0.171829
1327 0.168738
1328 0.165562
1329 0.182086
1330 0.17848
1331 0.183555
1332 0.1722
1333 0.160804
1334 0.171864
1335 0.160223
1336 0.174976
1337 0.164582
1338 0.16948
1339 0.162936
1340 0.173773
1341 0.175523
1342 0.175836
1343 0.178167
1344 0.164658
1345 0.164382
1346 0.176028
1347 0.165263
1348 0.165494
1349 0.1623
1350 0.173687
1351 0.170847
1352 0.17497
1353 0.169056
1354 0.175814
1355 0.182771
1356 0.170779
1357 0.176805
1358 0.176171
1359 0.177873
1360 0.181216
1361 0.17604
1362 0.185252
1363 0.167025
1364 0.163671
1365 0.176063
1366 0.162025
1367 0.171556
1368 0.172162
1369 0.16205
1370 0.17905
1371 0.179629
1372 0.177661
1373 0.166311
1374 0.173792
1375 0.183756
1376 0.176265
1377 0.181099
1378 0.175747
1379 0.160626
1380 0.180147
1381 0.184078
1382 0.166422
1383 0.180361
1384 0.186463
1385 0.179368
1386 0.17273
1387 0.162972
1388 0.174155
1389 0.166565
1390 0.182268
1391 0.183232
1392 0.168915
1393 0.174435
1394 0.173851
1395 0.182977
1396 0.185504
1397 0.176993
1398 0.187694
1399 0.16626
1400 0.17669
1401 0.163438
1402 0.172149
1403 0.16838
1404 0.18152
1405 0.181623
1406 0.180359
1407 0.179677
1408 0.172288
1409 0.175951
1410 0.167661
1411 0.1774
1412 0.177176
1413 0.165659
1414 0.169564
1415 0.172306
1416 0.183105
1417 0.180751
1418 0.178026
1419 0.169709
1420 0.174437
1421 0.170363
1422 0.184501
1423 0.174437
1424 0.181856
1425 0.182042
1426 0.17495
1427 0.164029
1428 0.163919
1429 0.171641
1430 0.166944
1431 0.178041
1432 0.179562
1433 0.178285
1434 0.178343
1435 0.177696
1436 0.178599
1437 0.185402
1438 0.187277
1439 0.182528
1440 0.187352
1441 0.176976
1442 0.165081
1443 0.181151
1444 0.173654
1445 0.167402
1446 0.165018
1447 0.173984
1448 0.162343
1449 0.166421
1450 0.164409
1451 0.17125
1452 0.167259
1453 0.164473
1454 0.181257
1455 0.178538
1456 0.164484
1457 0.169956
1458 0.163542
1459 0.161948
1460 0.163125
1461 0.166689
1462 0.164537
1463 0.178169
1464 0.179697
1465 0.175968
1466 0.167012
1467 0.16321
1468 0.166243
1469 0.175506
1470 0.163729
1471 0.166198
1472 0.172077
1473 0.161893
1474 0.171919
1475 0.178962
1476 0.167281
1477 0.17766
1478 0.171689
1479 0.176596
1480 0.16799
1481 0.174993
1482 0.163397
1483 0.167204
1484 0.170011
1485 0.169662
1486 0.17644
1487 0.164085
1488 0.163803
1489 0.18132
1490 0.165942
1491 0.171034
1492 0.163772
1493 0.180764
1494 0.171187
1495 0.183023
1496 0.184103
1497 0.168454
1498 0.183598
1499 0.17706
1500 0.185185
1501 0.179096
1502 0.181743
1503 0.177592
1504 0.169682
1505 0.176681
1506 0.166874
1507 0.158801
1508 0.170784
1509 0.170604
1510 0.178721
1511 0.189116
1512 0.164941
1513 0.182677
1514 0.168652
1515 0.164479
1516 0.169136
1517 0.182373
1518 0.182195
1519 0.181899
1520 0.175502
1521 0.176757
1522 0.172092
1523 0.162313
1524 0.163388
1525 0.160958
1526 0.172762
1527 0.181881
1528 0.178057
1529 0.177311
1530 0.180882
1531 0.179549
1532 0.164908
1533 0.16672
1534 0.179074
1535 0.164372
1536 0.167082
1537 0.165861
1538 0.16338
1539 0.164433
1540 0.174798
1541 0.16909
1542 0.161494
1543 0.173514
1544 0.182357
1545 0.173801
1546 0.167037
1547 0.183112
1548 0.173842
1549 0.184436
1550 0.179242
1551 0.164442
1552 0.176509
1553 0.165341
1554 0.173132
1555 0.175704
1556 0.172956
1557 0.173858
1558 0.168891
1559 0.172952
1560 0.168176
1561 0.183788
1562 0.168961
1563 0.166783
1564 0.171026
1565 0.175169
1566 0.160908
1567 0.173779
1568 0.182339
1569 0.16589
1570 0.17715
1571 0.182805
1572 0.184027
1573 0.169767
1574 0.179544
1575 0.166446
1576 0.158234
1577 0.173704
1578 0.172833
1579 0.161229
1580 0.171886
1581 0.182253
1582 0.174382
1583 0.165796
1584 0.17486
1585 0.174269
1586 0.173204
1587 0.17616
1588 0.179067
1589 0.181356
1590 0.171444
1591 0.166784
1592 0.168485
1593 0.178293
1594 0.185158
1595 0.170776
1596 0.177992
1597 0.176446
1598 0.174226
1599 0.169766
1600 0.177261
1601 0.175204
1602 0.179151
1603 0.170502
1604 0.167269
1605 0.161512
1606 0.17634
1607 0.172756
1608 0.170196
1609 0.166131
1610 0.17696
1611 0.180411
1612 0.172564
1613 0.163292
1614 0.163877
1615 0.159333
1616 0.168081
1617 0.162715
1618 0.175301
1619 0.177918
1620 0.173758
1621 0.184429
1622 0.175237
1623 0.183219
1624 0.182761
1625 0.165797
1626 0.170559
1627 0.171186
1628 0.17861
1629 0.168801
1630 0.164486
1631 0.168353
1632 0.163209
1633 0.175388
1634 0.172239
1635 0.171899
1636 0.168349
1637 0.18326
1638 0.174179
1639 0.166999
1640 0.17171
1641 0.159168
1642 0.17944
1643 0.176997
1644 0.175427
1645 0.184325
1646 0.180604
1647 0.173137
1648 0.18029
1649 0.177424
1650 0.174846
1651 0.16427
1652 0.181999
1653 0.180131
1654 0.166132
1655 0.165124
1656 0.16089
1657 0.164635
1658 0.173854
1659 0.180114
1660 0.177662
1661 0.178228
1662 0.178154
1663 0.165394
1664 0.165239
1665 0.170865
1666 0.161787
1667 0.167109
1668 0.170071
1669 0.17711
1670 0.183653
1671 0.168707
1672 0.179258
1673 0.182103
1674 0.166992
1675 0.164167
1676 0.166453
1677 0.181827
1678 0.17626
1679 0.17992
1680 0.166245
1681 0.182284
1682 0.180887
1683 0.171833
1684 0.182644
1685 0.166907
1686 0.168378
1687 0.164278
1688 0.178184
1689 0.183616
1690 0.166106
1691 0.170428
1692 0.162117
1693 0.171265
1694 0.16711
1695 0.183025
1696 0.171911
1697 0.162704
1698 0.164032
1699 0.161156
1700 0.167519
1701 0.166537
1702 0.165975
1703 0.168426
1704 0.165042
1705 0.177087
1706 0.187075
1707 0.171266
1708 0.170757
1709 0.177897
1710 0.171408
1711 0.16865
1712 0.176726
1713 0.176782
1714 0.183138
1715 0.180215
1716 0.186812
1717 0.175899
1718 0.161762
1719 0.17241
1720 0.165144
1721 0.171697
1722 0.174204
1723 0.182404
1724 0.183701
1725 0.172174
1726 0.170604
1727 0.18445
1728 0.168651
1729 0.171544
1730 0.178325
1731 0.168574
1732 0.172434
1733 0.173363
1734 0.163784
1735 0.181897
1736 0.172034
1737 0.173247
1738 0.169125
1739 0.161096
1740 0.177499
1741 0.183014
1742 0.184418
1743 0.185526
1744 0.176832
1745 0.184545
1746 0.166145
1747 0.165302
1748 0.169276
1749 0.159937
1750 0.177437
1751 0.181555
1752 0.176535
1753 0.170071
1754 0.168889
1755 0.16478
1756 0.158003
1757 0.173803
1758 0.180189
1759 0.169445
1760 0.163882
1761 0.179023
1762 0.173285
1763 0.169672
1764 0.161248
1765 0.175742
1766 0.179378
1767 0.173626
1768 0.171353
1769 0.173719
1770 0.163419
1771 0.16202
1772 0.180012
1773 0.168189
1774 0.164497
1775 0.170241
1776 0.167559
1777 0.167683
1778 0.17067
1779 0.177062
1780 0.187842
1781 0.166417
1782 0.171179
1783 0.163228
1784 0.169963
1785 0.170267
1786 0.173597
1787 0.176887
1788 0.175211
1789 0.171229
1790 0.172292
1791 0.179975
1792 0.187004
1793 0.170954
1794 0.172903
1795 0.175885
1796 0.177178
1797 0.161562
1798 0.175334
1799 0.177252
1800 0.167042
1801 0.17336
1802 0.181926
1803 0.169135
1804 0.178039
1805 0.183871
1806 0.18291
1807 0.173451
1808 0.177882
1809 0.182082
1810 0.175145
1811 0.164816
1812 0.162558
1813 0.16992
1814 0.161398
1815 0.179968
1816 0.169431
1817 0.164824
1818 0.177069
1819 0.173438
1820 0.17434
1821 0.164718
1822 0.164544
1823 0.178817
1824 0.165613
1825 0.180425
1826 0.183103
1827 0.18078
1828 0.181666
1829 0.180609
1830 0.166096
1831 0.163672
1832 0.168126
1833 0.182826
1834 0.166087
1835 0.15852
1836 0.175971
1837 0.183903
1838 0.166059
1839 0.160697
1840 0.172348
1841 0.185483
1842 0.164767
1843 0.176833
1844 0.169044
1845 0.178668
1846 0.171647
1847 0.183291
1848 0.17257
1849 0.181409
1850 0.180795
1851 0.170681
1852 0.180911
1853 0.187033
1854 0.179985
1855 0.187103
1856 0.174585
1857 0.177761
1858 0.177925
1859 0.181482
1860 0.180662
1861 0.173814
1862 0.164631
1863 0.177675
1864 0.165119
1865 0.176549
1866 0.178484
1867 0.179477
1868 0.186874
1869 0.16809
1870 0.17479
1871 0.179685
1872 0.177352
1873 0.165697
1874 0.160573
1875 0.161871
1876 0.158541
1877 0.170122
1878 0.177056
1879 0.172744
1880 0.173175
1881 0.179091
1882 0.167014
1883 0.179523
1884 0.185519
1885 0.181826
1886 0.163663
1887 0.182612
1888 0.17036
1889 0.160834
1890 0.180263
1891 0.181679
1892 0.177646
1893 0.173647
1894 0.167538
1895 0.162356
1896 0.175216
1897 0.171729
1898 0.164756
1899 0.160557
1900 0.181225
1901 0.169399
1902 0.162939
1903 0.175486
1904 0.18004
1905 0.168958
1906 0.165069
1907 0.168815
1908 0.167283
1909 0.173801
1910 0.165673
1911 0.16827
1912 0.176118
1913 0.184541
1914 0.189444
1915 0.167864
1916 0.182992
1917 0.169902
1918 0.160471
1919 0.166027
1920 0.179628
1921 0.171081
1922 0.170051
1923 0.162326
1924 0.15926
1925 0.171564
1926 0.181003
1927 0.166256
1928 0.177487
1929 0.179492
1930 0.172961
1931 0.183451
1932 0.168373
1933 0.166865
1934 0.17226
1935 0.173623
1936 0.16606
1937 0.160678
1938 0.179579
1939 0.181123
1940 0.167171
1941 0.181165
1942 0.165051
1943 0.182987
1944 0.173243
1945 0.164063
1946 0.182831
1947 0.165309
1948 0.172565
1949 0.176943
1950 0.169442
1951 0.174856
1952 0.175042
1953 0.183777
1954 0.185604
1955 0.168684
1956 0.165198
1957 0.169343
1958 0.176991
1959 0.17657
1960 0.179336
1961 0.164735
1962 0.174856
1963 0.181655
1964 0.172812
1965 0.173512
1966 0.17049
1967 0.171915
1968 0.182574
1969 0.186465
1970 0.181941
1971 0.185949
1972 0.1792
1973 0.185889
1974 0.173035
1975 0.180423
1976 0.172186
1977 0.168139
1978 0.179617
1979 0.173464
1980 0.166783
1981 0.157687
1982 0.179123
1983 0.176722
1984 0.175529
1985 0.166246
1986 0.180627
1987 0.182645
1988 0.188021
1989 0.170771
1990 0.168348
1991 0.168997
1992 0.161745
1993 0.177586
1994 0.185228
1995 0.174035
1996 0.177323
1997 0.174564
1998 0.175323
1999 0.180753
2000 0.167767
2001 0.161669
2002 0.161137
2003 0.162818
2004 0.16278
2005 0.17369
2006 0.16417
2007 0.175556
2008 0.167246
2009 0.163851
2010 0.175119
2011 0.182949
2012 0.17369
2013 0.179187
2014 0.177367
2015 0.168549
2016 0.179662
2017 0.164892
2018 0.174929
2019 0.164395
2020 0.181252
2021 0.173252
2022 0.17286
2023 0.181961
2024 0.173859
2025 0.175614
2026 0.169484
2027 0.178763
2028 0.18173
2029 0.172466
2030 0.17507
2031 0.165387
2032 0.166478
2033 0.172745
2034 0.179201
2035 0.180841
2036 0.174273
2037 0.178085
2038 0.165179
2039 0.161204
2040 0.167388
2041 0.174225
2042 0.176003
2043 0.182285
2044 0.164526
2045 0.176929
2046 0.173705
2047 0.184528
2048 0.177582
2049 0.181503
2050 0.168843
2051 0.164635
2052 0.165797
2053 0.176695
2054 0.181544
2055 0.178524
2056 0.163589
2057 0.175976
2058 0.167984
2059 0.175732
2060 0.185006
2061 0.174216
2062 0.161028
2063 0.1773
2064 0.167117
2065 0.161996
2066 0.169857
2067 0.165173
2068 0.173219
2069 0.170348
2070 0.166928
2071 0.169674
2072 0.159513
2073 0.172211
2074 0.178266
2075 0.167514
2076 0.17281
2077 0.187021
2078 0.164519
2079 0.176318
2080 0.185438
2081 0.172944
2082 0.16741
2083 0.177645
2084 0.162282
2085 0.179401
2086 0.175977
2087 0.171042
2088 0.177497
2089 0.180373
2090 0.180435
2091 0.179821
2092 0.175831
2093 0.174703
2094 0.183888
2095 0.183914
2096 0.180617
2097 0.179324
2098 0.174033
2099 0
