0 2.10596
1 3.05738
2 4.52001
3 4.74644
4 4.30097
5 3.5969
6 2.88225
7 1.50649
8 0.734191
9 0.25594
10 -0.708032
11 -2.35607
12 -1.59585
13 0.0351457
14 0.188473
15 0.859714
16 0.370563
17 0.515256
18 0.440019
19 0.33055
20 0.18356
21 0.185729
22 0.188452
23 0.208628
24 0.191435
25 0.196271
26 0.192167
27 0.191451
28 0.191704
29 0.191336
30 0.193233
31 0.192391
32 0.195668
33 0.195464
34 0.193618
35 0.193024
36 0.194816
37 0.194951
38 0.196036
39 0.195495
40 0.193559
41 0.19479
42 0.195459
43 0.193444
44 0.192683
45 0.193714
46 0.192546
47 0.194388
48 0.19403
49 0.195812
50 0.193654
51 0.192381
52 0.192338
53 0.194119
54 0.194073
55 0.194652
56 0.193623
57 0.197044
58 0.194553
59 0.196067
60 0.195065
61 0.197337
62 0.194981
63 0.194293
64 0.195821
65 0.194297
66 0.192503
67 0.194803
68 0.193412
69 0.192291
70 0.192695
71 0.195566
72 0.197211
73 0.19404
74 0.19553
75 0.19503
76 0.193144
77 0.193701
78 0.1949
79 0.193309
80 0.192634
81 0.192637
82 0.192817
83 0.194564
84 0.19506
85 0.195718
86 0.196359
87 0.196207
88 0.194276
89 0.195723
90 0.197387
91 0.193651
92 0.193065
93 0.193937
94 0.191838
95 0.193245
96 0.192614
97 0.19442
98 0.193009
99 0.194508
100 0.192861
101 0.192667
102 0.193711
103 0.192541
104 0.195883
105 0.197609
106 0.194469
107 0.194007
108 0.195551
109 0.196506
110 0.194146
111 0.192219
112 0.192231
113 0.191665
114 0.192455
115 0.194963
116 0.192751
117 0.193745
118 0.196294
119 0.19588
120 0.193412
121 0.191986
122 0.191152
123 0.190795
124 0.192377
125 0.196515
126 0.193596
127 0.193465
128 0.194545
129 0.194012
130 0.193011
131 0.194199
132 0.191929
133 0.193652
134 0.192889
135 0.192166
136 0.191157
137 0.191656
138 0.192451
139 0.19429
140 0.193057
141 0.192351
142 0.195369
143 0.194912
144 0.192994
145 0.195406
146 0.195867
147 0.194158
148 0.193858
149 0.194918
150 0.197111
151 0.195591
152 0.193851
153 0.195294
154 0.197414
155 0.193858
156 0.196793
157 0.196388
158 0.193878
159 0.192191
160 0.192238
161 0.191258
162 0.190703
163 0.19131
164 0.192922
165 0.191702
166 0.190898
167 0.194941
168 0.192917
169 0.193218
170 0.192604
171 0.195141
172 0.193097
173 0.196304
174 0.193852
175 0.192228
176 0.192018
177 0.191908
178 0.193208
179 0.19266
180 0.193657
181 0.193164
182 0.19269
183 0.192448
184 0.191841
185 0.191093
186 0.193145
187 0.192224
188 0.194171
189 0.193556
190 0.191396
191 0.194973
192 0.193922
193 0.192625
194 0.191812
195 0.190984
196 0.191273
197 0.192631
198 0.1953
199 0.196688
200 0.194909
201 0.194579
202 0.194187
203 0.192779
204 0.194195
205 0.194071
206 0.193834
207 0.193215
208 0.194335
209 0.193291
210 0.192275
211 0.192282
212 0.193977
213 0.192012
214 0.193297
215 0.192267
216 0.192232
217 0.194256
218 0.192719
219 0.196222
220 0.197429
221 0.194406
222 0.193586
223 0.19686
224 0.193933
225 0.192301
226 0.196954
227 0.195544
228 0.19536
229 0.195076
230 0.193645
231 0.192488
232 0.194834
233 0.194316
234 0.193607
235 0.192644
236 0.193349
237 0.192621
238 0.193699
239 0.193203
240 0.192217
241 0.192032
242 0.191763
243 0.194129
244 0.193974
245 0.19377
246 0.193432
247 0.192099
248 0.192822
249 0.194561
250 0.19622
251 0.196018
252 0.194933
253 0.19671
254 0.194279
255 0.193957
256 0.193151
257 0.192059
258 0.19254
259 0.192152
260 0.194379
261 0.192828
262 0.19201
263 0.192274
264 0.191945
265 0.194627
266 0.194328
267 0.196689
268 0.194663
269 0.195438
270 0.195829
271 0.194439
272 0.194201
273 0.192951
274 0.192326
275 0.192032
276 0.194157
277 0.192337
278 0.19171
279 0.191168
280 0.19054
281 0.192511
282 0.192656
283 0.194543
284 0.194493
285 0.193555
286 0.195331
287 0.197581
288 0.194355
289 0.19321
290 0.192379
291 0.194569
292 0.193612
293 0.192021
294 0.191676
295 0.191292
296 0.191027
297 0.192599
298 0.193029
299 0.192417
300 0.193199
301 0.195484
302 0.193069
303 0.194817
304 0.192449
305 0.195522
306 0.194248
307 0.194724
308 0.19326
309 0.19291
310 0.192294
311 0.191645
312 0.192987
313 0.190978
314 0.191566
315 0.191871
316 0.193904
317 0.19269
318 0.192451
319 0.195067
320 0.194129
321 0.194476
322 0.193581
323 0.192498
324 0.195428
325 0.193459
326 0.192615
327 0.191462
328 0.19157
329 0.190927
330 0.190885
331 0.195896
332 0.192478
333 0.191662
334 0.192052
335 0.191887
336 0.19335
337 0.193625
338 0.194486
339 0.19611
340 0.193955
341 0.193384
342 0.194173
343 0.194379
344 0.192571
345 0.191618
346 0.191673
347 0.192416
348 0.195063
349 0.193729
350 0.192648
351 0.191966
352 0.192008
353 0.193799
354 0.193001
355 0.194022
356 0.192472
357 0.196451
358 0.194424
359 0.195208
360 0.193128
361 0.19476
362 0.192838
363 0.192358
364 0.194412
365 0.19498
366 0.19326
367 0.191705
368 0.191771
369 0.191569
370 0.191616
371 0.192933
372 0.191387
373 0.191313
374 0.193218
375 0.194263
376 0.197144
377 0.194594
378 0.19266
379 0.191991
380 0.195654
381 0.193475
382 0.192916
383 0.193068
384 0.192298
385 0.193165
386 0.192787
387 0.19342
388 0.193032
389 0.192283
390 0.193895
391 0.192516
392 0.194342
393 0.196762
394 0.194646
395 0.193169
396 0.191937
397 0.195183
398 0.193174
399 0.192634
400 0.193017
401 0.191826
402 0.192667
403 0.192807
404 0.195741
405 0.195552
406 0.194671
407 0.193804
408 0.19269
409 0.191748
410 0.195828
411 0.192972
412 0.192008
413 0.191724
414 0.19286
415 0.192276
416 0.192559
417 0.191785
418 0.194021
419 0.194585
420 0.193136
421 0.196126
422 0.193706
423 0.195971
424 0.193994
425 0.192862
426 0.191975
427 0.192718
428 0.193045
429 0.195516
430 0.194016
431 0.194762
432 0.194034
433 0.197224
434 0.197443
435 0.194904
436 0.193414
437 0.196156
438 0.194619
439 0.194567
440 0.192429
441 0.191818
442 0.192175
443 0.19187
444 0.193487
445 0.192025
446 0.194268
447 0.193795
448 0.193562
449 0.192144
450 0.193456
451 0.195994
452 0.195256
453 0.192696
454 0.191763
455 0.195461
456 0.194622
457 0.19288
458 0.195382
459 0.192858
460 0.193245
461 0.192054
462 0.191588
463 0.194048
464 0.193808
465 0.192734
466 0.194232
467 0.192196
468 0.193679
469 0.192684
470 0.192039
471 0.191721
472 0.19182
473 0.195261
474 0.193155
475 0.193149
476 0.194166
477 0.19641
478 0.19589
479 0.194255
480 0.19293
481 0.195335
482 0.193832
483 0.192758
484 0.191933
485 0.191828
486 0.194479
487 0.192091
488 0.191877
489 0.191529
490 0.194846
491 0.194933
492 0.193782
493 0.192671
494 0.19508
495 0.193021
496 0.195073
497 0.194123
498 0.193098
499 0.195565
500 0.196911
501 0.193858
502 0.195396
503 0.192514
504 0.192548
505 0.191312
506 0.191015
507 0.194748
508 0.192528
509 0.191737
510 0.191074
511 0.192889
512 0.194472
513 0.193158
514 0.193094
515 0.193872
516 0.192519
517 0.192878
518 0.192652
519 0.193709
520 0.193528
521 0.194523
522 0.192387
523 0.194092
524 0.193463
525 0.192071
526 0.193334
527 0.192845
528 0.192236
529 0.191456
530 0.195389
531 0.193574
532 0.193749
533 0.192825
534 0.19521
535 0.196955
536 0.193905
537 0.192561
538 0.195258
539 0.19402
540 0.193068
541 0.193254
542 0.193082
543 0.192801
544 0.196398
545 0.196097
546 0.194213
547 0.193656
548 0.196351
549 0.197751
550 0.194273
551 0.193284
552 0.194808
553 0.193169
554 0.196478
555 0.195032
556 0.193752
557 0.193869
558 0.195658
559 0.19414
560 0.193997
561 0.193063
562 0.19544
563 0.193602
564 0.193661
565 0.196791
566 0.197624
567 0.197272
568 0.194247
569 0.192971
570 0.194426
571 0.196877
572 0.197431
573 0.194595
574 0.193316
575 0.192556
576 0.192579
577 0.192734
578 0.195699
579 0.19577
580 0.193335
581 0.191798
582 0.195646
583 0.19722
584 0.194902
585 0.194165
586 0.193715
587 0.196876
588 0.194251
589 0.193194
590 0.191684
591 0.192305
592 0.193926
593 0.192719
594 0.19209
595 0.192736
596 0.196266
597 0.194473
598 0.193699
599 0.193029
600 0.191755
601 0.192107
602 0.191575
603 0.19108
604 0.192792
605 0.19177
606 0.19466
607 0.193593
608 0.193425
609 0.194231
610 0.194118
611 0.19398
612 0.193451
613 0.191986
614 0.196352
615 0.19384
616 0.192972
617 0.193948
618 0.192486
619 0.192439
620 0.193039
621 0.192875
622 0.194322
623 0.193011
624 0.192115
625 0.192252
626 0.192472
627 0.192224
628 0.193731
629 0.193751
630 0.193068
631 0.192943
632 0.192135
633 0.191279
634 0.191327
635 0.191397
636 0.191004
637 0.192585
638 0.192547
639 0.193244
640 0.193057
641 0.194922
642 0.193747
643 0.192832
644 0.192057
645 0.191662
646 0.192251
647 0.193708
648 0.192122
649 0.193052
650 0.192112
651 0.193466
652 0.192945
653 0.194927
654 0.193263
655 0.195641
656 0.193965
657 0.195883
658 0.193621
659 0.196268
660 0.195217
661 0.195293
662 0.19599
663 0.193859
664 0.194347
665 0.193446
666 0.195309
667 0.193759
668 0.196137
669 0.195469
670 0.197009
671 0.195605
672 0.193633
673 0.1946
674 0.194806
675 0.193459
676 0.194788
677 0.192338
678 0.191947
679 0.191476
680 0.190792
681 0.193981
682 0.192275
683 0.192507
684 0.195594
685 0.193571
686 0.194293
687 0.192431
688 0.19145
689 0.195456
690 0.194431
691 0.193388
692 0.192596
693 0.192103
694 0.19162
695 0.192283
696 0.194667
697 0.193693
698 0.193191
699 0.192987
700 0.192754
701 0.193303
702 0.194462
703 0.19292
704 0.19469
705 0.194292
706 0.193222
707 0.192248
708 0.191997
709 0.193683
710 0.192455
711 0.196261
712 0.195166
713 0.19581
714 0.193986
715 0.192703
716 0.193688
717 0.195542
718 0.195426
719 0.193244
720 0.192441
721 0.19156
722 0.191719
723 0.19157
724 0.191215
725 0.191698
726 0.194258
727 0.195867
728 0.193508
729 0.193074
730 0.195616
731 0.195998
732 0.194284
733 0.194116
734 0.196851
735 0.195624
736 0.196341
737 0.193936
738 0.19439
739 0.195818
740 0.195201
741 0.194289
742 0.194486
743 0.193808
744 0.196562
745 0.19334
746 0.195199
747 0.194152
748 0.192723
749 0.191749
750 0.19461
751 0.192572
752 0.192176
753 0.192238
754 0.192368
755 0.191907
756 0.194341
757 0.19343
758 0.192423
759 0.192306
760 0.192555
761 0.193943
762 0.192669
763 0.192018
764 0.191581
765 0.191906
766 0.192933
767 0.194594
768 0.192836
769 0.192185
770 0.192675
771 0.191886
772 0.192475
773 0.194117
774 0.194548
775 0.194881
776 0.194145
777 0.193262
778 0.192866
779 0.191952
780 0.19289
781 0.195153
782 0.193768
783 0.194352
784 0.192931
785 0.191148
786 0.193215
787 0.193278
788 0.193006
789 0.194866
790 0.193612
791 0.197001
792 0.19455
793 0.192767
794 0.191849
795 0.191221
796 0.192734
797 0.194673
798 0.193015
799 0.192355
800 0.194459
801 0.192833
802 0.19291
803 0.192991
804 0.192847
805 0.192865
806 0.192343
807 0.19184
808 0.195198
809 0.192809
810 0.195508
811 0.197076
812 0.194396
813 0.193457
814 0.196602
815 0.196218
816 0.196406
817 0.194847
818 0.192913
819 0.192437
820 0.195365
821 0.194275
822 0.1962
823 0.193948
824 0.192686
825 0.191527
826 0.191206
827 0.19007
828 0.190913
829 0.192434
830 0.193149
831 0.193461
832 0.195342
833 0.194719
834 0.197599
835 0.19635
836 0.196603
837 0.194632
838 0.192386
839 0.191979
840 0.191003
841 0.195347
842 0.196725
843 0.196389
844 0.194357
845 0.194635
846 0.193026
847 0.194474
848 0.192309
849 0.191307
850 0.191081
851 0.192252
852 0.193566
853 0.193992
854 0.19267
855 0.19495
856 0.192959
857 0.192239
858 0.191409
859 0.192577
860 0.192153
861 0.193316
862 0.192728
863 0.195316
864 0.195064
865 0.193746
866 0.192192
867 0.191378
868 0.192673
869 0.193883
870 0.194039
871 0.196444
872 0.19457
873 0.193622
874 0.196603
875 0.19588
876 0.194541
877 0.193053
878 0.193254
879 0.192187
880 0.194478
881 0.193102
882 0.192182
883 0.193715
884 0.192045
885 0.192619
886 0.193812
887 0.193098
888 0.195017
889 0.197272
890 0.194874
891 0.195813
892 0.193312
893 0.195674
894 0.19484
895 0.194613
896 0.192867
897 0.192106
898 0.19566
899 0.196613
900 0.194295
901 0.19504
902 0.194293
903 0.193188
904 0.192305
905 0.191344
906 0.190985
907 0.19102
908 0.190774
909 0.193464
910 0.192554
911 0.19429
912 0.192496
913 0.195724
914 0.193329
915 0.193276
916 0.193359
917 0.19469
918 0.193103
919 0.192548
920 0.191731
921 0.19191
922 0.191616
923 0.191773
924 0.190791
925 0.191138
926 0.193218
927 0.195582
928 0.193156
929 0.193973
930 0.193179
931 0.195081
932 0.195064
933 0.194524
934 0.195981
935 0.193189
936 0.192969
937 0.192784
938 0.19314
939 0.195827
940 0.195833
941 0.195817
942 0.194253
943 0.196306
944 0.192776
945 0.196253
946 0.197433
947 0.194567
948 0.193356
949 0.195253
950 0.194616
951 0.19442
952 0.192087
953 0.195704
954 0.193404
955 0.192541
956 0.192188
957 0.193983
958 0.193011
959 0.193301
960 0.192572
961 0.193765
962 0.193501
963 0.193428
964 0.192589
965 0.195517
966 0.193823
967 0.192505
968 0.191858
969 0.191542
970 0.191226
971 0.194473
972 0.19579
973 0.193483
974 0.193704
975 0.192514
976 0.192833
977 0.195762
978 0.19554
979 0.194093
980 0.192907
981 0.192638
982 0.191378
983 0.191775
984 0.195897
985 0.194394
986 0.196365
987 0.196081
988 0.195399
989 0.193604
990 0.19296
991 0.196353
992 0.195103
993 0.196097
994 0.194168
995 0.192484
996 0.194404
997 0.1922
998 0.195796
999 0.194419
1000 0.192856
1001 0.192323
1002 0.194662
1003 0.195424
1004 0.196986
1005 0.195403
1006 0.193494
1007 0.193118
1008 0.194281
1009 0.192944
1010 0.196223
1011 0.197111
1012 0.194859
1013 0.194198
1014 0.192733
1015 0.192271
1016 0.192284
1017 0.191139
1018 0.191719
1019 0.192752
1020 0.194761
1021 0.194094
1022 0.192756
1023 0.192395
1024 0.193592
1025 0.196038
1026 0.196436
1027 0.195051
1028 0.193053
1029 0.194155
1030 0.193087
1031 0.193464
1032 0.1948
1033 0.195565
1034 0.196277
1035 0.196268
1036 0.19366
1037 0.19714
1038 0.196191
1039 0.194521
1040 0.193329
1041 0.196638
1042 0.193283
1043 0.195181
1044 0.192836
1045 0.191625
1046 0.191448
1047 0.190571
1048 0.190707
1049 0.194116
1050 0.193959
1051 0.192639
1052 0.191973
1053 0.191258
1054 0.192405
1055 0.19182
1056 0.193678
1057 0.193717
1058 0.192835
1059 0.192627
1060 0.191993
1061 0.191628
1062 0.192067
1063 0.192882
1064 0.192915
1065 0.196421
1066 0.194956
1067 0.193369
1068 0.193626
1069 0.193153
1070 0.191979
1071 0.193704
1072 0.194617
1073 0.193673
1074 0.193199
1075 0.19233
1076 0.192405
1077 0.19428
1078 0.191893
1079 0.193067
1080 0.192258
1081 0.191186
1082 0.191141
1083 0.194886
1084 0.192651
1085 0.195149
1086 0.193476
1087 0.193594
1088 0.194883
1089 0.194998
1090 0.193319
1091 0.19454
1092 0.193013
1093 0.194993
1094 0.193912
1095 0.192796
1096 0.194173
1097 0.193575
1098 0.192768
1099 0.192121
1100 0.191448
1101 0.191147
1102 0.190984
1103 0.190874
1104 0.191949
1105 0.195552
1106 0.195073
1107 0.193165
1108 0.193044
1109 0.191783
1110 0.194231
1111 0.196052
1112 0.195553
1113 0.193846
1114 0.196524
1115 0.196543
1116 0.196557
1117 0.194504
1118 0.196024
1119 0.195178
1120 0.194105
1121 0.196193
1122 0.194173
1123 0.195296
1124 0.196304
1125 0.196719
1126 0.197654
1127 0.194658
1128 0.197166
1129 0.195641
1130 0.195276
1131 0.193676
1132 0.195292
1133 0.194717
1134 0.193785
1135 0.191628
1136 0.191251
1137 0.193056
1138 0.191233
1139 0.192844
1140 0.192733
1141 0.195027
1142 0.193918
1143 0.19323
1144 0.193631
1145 0.193944
1146 0.195919
1147 0.194131
1148 0.196723
1149 0.195186
1150 0.192247
1151 0.194407
1152 0.196178
1153 0.195759
1154 0.19669
1155 0.195437
1156 0.197941
1157 0.198762
1158 0.195358
1159 0.193653
1160 0.192507
1161 0.192328
1162 0.19099
1163 0.191084
1164 0.191808
1165 0.190627
1166 0.191437
1167 0.193295
1168 0.195897
1169 0.193953
1170 0.1944
1171 0.19269
1172 0.191997
1173 0.194384
1174 0.194441
1175 0.194826
1176 0.192998
1177 0.195041
1178 0.197253
1179 0.195717
1180 0.194447
1181 0.19388
1182 0.193863
1183 0.193041
1184 0.192273
1185 0.193027
1186 0.192422
1187 0.195677
1188 0.194641
1189 0.196846
1190 0.195345
1191 0.1946
1192 0.194938
1193 0.193932
1194 0.192374
1195 0.194463
1196 0.19694
1197 0.193775
1198 0.194314
1199 0.192804
1200 0.193926
1201 0.194119
1202 0.193314
1203 0.19314
1204 0.191823
1205 0.191183
1206 0.193509
1207 0.191844
1208 0.194046
1209 0.193924
1210 0.192784
1211 0.192134
1212 0.195226
1213 0.197286
1214 0.194166
1215 0.193471
1216 0.193546
1217 0.192978
1218 0.192018
1219 0.191504
1220 0.191185
1221 0.19234
1222 0.192727
1223 0.192568
1224 0.191534
1225 0.191272
1226 0.192563
1227 0.192184
1228 0.191533
1229 0.191116
1230 0.191865
1231 0.194147
1232 0.193607
1233 0.1942
1234 0.194202
1235 0.192575
1236 0.1933
1237 0.192189
1238 0.192011
1239 0.193041
1240 0.193059
1241 0.19288
1242 0.192007
1243 0.192425
1244 0.195457
1245 0.196614
1246 0.194868
1247 0.194412
1248 0.194935
1249 0.193772
1250 0.196798
1251 0.194788
1252 0.19531
1253 0.193393
1254 0.195241
1255 0.19341
1256 0.19466
1257 0.193034
1258 0.193374
1259 0.192789
1260 0.191495
1261 0.191694
1262 0.194295
1263 0.192723
1264 0.19233
1265 0.192552
1266 0.194618
1267 0.19406
1268 0.193258
1269 0.192366
1270 0.191934
1271 0.19132
1272 0.194565
1273 0.192601
1274 0.191923
1275 0.195801
1276 0.192723
1277 0.194007
1278 0.195932
1279 0.195165
1280 0.194512
1281 0.196202
1282 0.195604
1283 0.194596
1284 0.193048
1285 0.19232
1286 0.191694
1287 0.191546
1288 0.194462
1289 0.193204
1290 0.19273
1291 0.192234
1292 0.193616
1293 0.192271
1294 0.193696
1295 0.192279
1296 0.194271
1297 0.192836
1298 0.195059
1299 0.196117
1300 0.19351
1301 0.195096
1302 0.193499
1303 0.192326
1304 0.191957
1305 0.192027
1306 0.192811
1307 0.191771
1308 0.195372
1309 0.193763
1310 0.192712
1311 0.191985
1312 0.192264
1313 0.191367
1314 0.191155
1315 0.191309
1316 0.195729
1317 0.194887
1318 0.192679
1319 0.192119
1320 0.191736
1321 0.195193
1322 0.194785
1323 0.194753
1324 0.19347
1325 0.192156
1326 0.191504
1327 0.19207
1328 0.192702
1329 0.194633
1330 0.19409
1331 0.195143
1332 0.196372
1333 0.194848
1334 0.194082
1335 0.19687
1336 0.197913
1337 0.194949
1338 0.19299
1339 0.191864
1340 0.194137
1341 0.195918
1342 0.194183
1343 0.192829
1344 0.193769
1345 0.19238
1346 0.193203
1347 0.192515
1348 0.193008
1349 0.193832
1350 0.192667
1351 0.193862
1352 0.192382
1353 0.192524
1354 0.195586
1355 0.194226
1356 0.1955
1357 0.195973
1358 0.195146
1359 0.193888
1360 0.193073
1361 0.193574
1362 0.194385
1363 0.19332
1364 0.193535
1365 0.192473
1366 0.193198
1367 0.191821
1368 0.19189
1369 0.195125
1370 0.192937
1371 0.195424
1372 0.193221
1373 0.196268
1374 0.194036
1375 0.194544
1376 0.19279
1377 0.192
1378 0.191574
1379 0.192573
1380 0.192836
1381 0.192287
1382 0.194164
1383 0.192178
1384 0.1917
1385 0.193864
1386 0.19634
1387 0.193905
1388 0.195008
1389 0.192918
1390 0.193204
1391 0.192586
1392 0.19543
1393 0.195862
1394 0.194219
1395 0.192527
1396 0.192887
1397 0.193817
1398 0.193432
1399 0.194053
1400 0.192927
1401 0.193808
1402 0.192457
1403 0.192028
1404 0.190675
1405 0.191441
1406 0.190688
1407 0.192256
1408 0.194721
1409 0.195185
1410 0.194073
1411 0.1957
1412 0.193221
1413 0.196683
1414 0.193369
1415 0.196026
1416 0.196095
1417 0.19413
1418 0.196091
1419 0.19445
1420 0.192546
1421 0.196019
1422 0.195648
1423 0.193809
1424 0.191919
1425 0.191469
1426 0.196091
1427 0.193836
1428 0.192762
1429 0.195171
1430 0.194098
1431 0.193075
1432 0.191502
1433 0.192646
1434 0.194011
1435 0.193871
1436 0.195788
1437 0.194457
1438 0.193931
1439 0.192761
1440 0.192534
1441 0.192394
1442 0.193888
1443 0.194278
1444 0.192984
1445 0.192561
1446 0.196223
1447 0.195825
1448 0.194769
1449 0.192946
1450 0.192063
1451 0.194848
1452 0.195369
1453 0.195364
1454 0.193134
1455 0.192399
1456 0.191477
1457 0.192091
1458 0.191832
1459 0.192209
1460 0.193446
1461 0.193867
1462 0.194026
1463 0.195254
1464 0.194256
1465 0.193842
1466 0.192891
1467 0.194229
1468 0.19604
1469 0.193272
1470 0.192549
1471 0.19294
1472 0.191936
1473 0.194028
1474 0.192884
1475 0.19194
1476 0.192175
1477 0.192969
1478 0.195362
1479 0.196186
1480 0.194486
1481 0.194059
1482 0.192713
1483 0.192902
1484 0.193412
1485 0.192492
1486 0.193692
1487 0.192125
1488 0.194911
1489 0.193571
1490 0.191817
1491 0.19241
1492 0.192744
1493 0.191714
1494 0.192354
1495 0.191274
1496 0.194077
1497 0.197324
1498 0.194106
1499 0.192538
1500 0.192031
1501 0.195406
1502 0.193506
1503 0.192
1504 0.192569
1505 0.194465
1506 0.193451
1507 0.194968
1508 0.197242
1509 0.19433
1510 0.196317
1511 0.195129
1512 0.195501
1513 0.19509
1514 0.195484
1515 0.194022
1516 0.193498
1517 0.194767
1518 0.195153
1519 0.194052
1520 0.192401
1521 0.193136
1522 0.191823
1523 0.191369
1524 0.194777
1525 0.192578
1526 0.19394
1527 0.195342
1528 0.193291
1529 0.192964
1530 0.192664
1531 0.192734
1532 0.19239
1533 0.19279
1534 0.193263
1535 0.192032
1536 0.192348
1537 0.196318
1538 0.195477
1539 0.194359
1540 0.194262
1541 0.194963
1542 0.193555
1543 0.193415
1544 0.194607
1545 0.193312
1546 0.193121
1547 0.194389
1548 0.192638
1549 0.19284
1550 0.19383
1551 0.192511
1552 0.19193
1553 0.191197
1554 0.194272
1555 0.192666
1556 0.191709
1557 0.191447
1558 0.191898
1559 0.193774
1560 0.193243
1561 0.191511
1562 0.191169
1563 0.192987
1564 0.192372
1565 0.191862
1566 0.193895
1567 0.195085
1568 0.19296
1569 0.192267
1570 0.19474
1571 0.192666
1572 0.193324
1573 0.195726
1574 0.195275
1575 0.194335
1576 0.193545
1577 0.19425
1578 0.194154
1579 0.195319
1580 0.194712
1581 0.193358
1582 0.193716
1583 0.193408
1584 0.194615
1585 0.19385
1586 0.195739
1587 0.193783
1588 0.193443
1589 0.194095
1590 0.194656
1591 0.193426
1592 0.192737
1593 0.194034
1594 0.192928
1595 0.194719
1596 0.193106
1597 0.196357
1598 0.192609
1599 0.191397
1600 0.19369
1601 0.192215
1602 0.194797
1603 0.193038
1604 0.192367
1605 0.190102
1606 0.190599
1607 0.191066
1608 0.191566
1609 0.191971
1610 0.191433
1611 0.191624
1612 0.194484
1613 0.193761
1614 0.193254
1615 0.195299
1616 0.193923
1617 0.193136
1618 0.192279
1619 0.192685
1620 0.192088
1621 0.191039
1622 0.191396
1623 0.191256
1624 0.193682
1625 0.193213
1626 0.193708
1627 0.195881
1628 0.193909
1629 0.193963
1630 0.196232
1631 0.196837
1632 0.195542
1633 0.196336
1634 0.194788
1635 0.192492
1636 0.191471
1637 0.190943
1638 0.190835
1639 0.192237
1640 0.191811
1641 0.192912
1642 0.19599
1643 0.197116
1644 0.19597
1645 0.193789
1646 0.193667
1647 0.194173
1648 0.192757
1649 0.192461
1650 0.19417
1651 0.195069
1652 0.193886
1653 0.196693
1654 0.197044
1655 0.194633
1656 0.196142
1657 0.196731
1658 0.196407
1659 0.196912
1660 0.194978
1661 0.194119
1662 0.193513
1663 0.196931
1664 0.194561
1665 0.193876
1666 0.192572
1667 0.194525
1668 0.195162
1669 0.193788
1670 0.19446
1671 0.193574
1672 0.195318
1673 0.194433
1674 0.194876
1675 0.196629
1676 0.194954
1677 0.193096
1678 0.19237
1679 0.195509
1680 0.195019
1681 0.193601
1682 0.191576
1683 0.191415
1684 0.194638
1685 0.195926
1686 0.194668
1687 0.194855
1688 0.194306
1689 0.195007
1690 0.195484
1691 0.193706
1692 0.193971
1693 0.195226
1694 0.19417
1695 0.196551
1696 0.196676
1697 0.194215
1698 0.195477
1699 0.194762
1700 0.193067
1701 0.193845
1702 0.195202
1703 0.194627
1704 0.194116
1705 0.193506
1706 0.191567
1707 0.195878
1708 0.19288
1709 0.195298
1710 0.195239
1711 0.193639
1712 0.194374
1713 0.195119
1714 0.193288
1715 0.194007
1716 0.195113
1717 0.195674
1718 0.194118
1719 0.196026
1720 0.193868
1721 0.192891
1722 0.191916
1723 0.193353
1724 0.195022
1725 0.195202
1726 0.19365
1727 0.195681
1728 0.195091
1729 0.194083
1730 0.194485
1731 0.195878
1732 0.194382
1733 0.193916
1734 0.193123
1735 0.196356
1736 0.196214
1737 0.19462
1738 0.196438
1739 0.194394
1740 0.193184
1741 0.192065
1742 0.193167
1743 0.192521
1744 0.191743
1745 0.194184
1746 0.192671
1747 0.195833
1748 0.195518
1749 0.193684
1750 0.192585
1751 0.192764
1752 0.192284
1753 0.195249
1754 0.19558
1755 0.196741
1756 0.194008
1757 0.192319
1758 0.196326
1759 0.194425
1760 0.192149
1761 0.193123
1762 0.192225
1763 0.191627
1764 0.191927
1765 0.191547
1766 0.191444
1767 0.194063
1768 0.193614
1769 0.19531
1770 0.193264
1771 0.194158
1772 0.193552
1773 0.193311
1774 0.191682
1775 0.191429
1776 0.192357
1777 0.193245
1778 0.191483
1779 0.193718
1780 0.194492
1781 0.194637
1782 0.19299
1783 0.193967
1784 0.193321
1785 0.193666
1786 0.19474
1787 0.196094
1788 0.196374
1789 0.195258
1790 0.193337
1791 0.194106
1792 0.192642
1793 0.191924
1794 0.193204
1795 0.192439
1796 0.192147
1797 0.193356
1798 0.192775
1799 0.194212
1800 0.192955
1801 0.192353
1802 0.193291
1803 0.192178
1804 0.191983
1805 0.190624
1806 0.192262
1807 0.191855
1808 0.192369
1809 0.195701
1810 0.194206
1811 0.194156
1812 0.193419
1813 0.193313
1814 0.195297
1815 0.196332
1816 0.194527
1817 0.19551
1818 0.197804
1819 0.195981
1820 0.194927
1821 0.194056
1822 0.193264
1823 0.192533
1824 0.192009
1825 0.193677
1826 0.19534
1827 0.197067
1828 0.194143
1829 0.19266
1830 0.195434
1831 0.195432
1832 0.193383
1833 0.19442
1834 0.194464
1835 0.193383
1836 0.192356
1837 0.191976
1838 0.192501
1839 0.193528
1840 0.192464
1841 0.191822
1842 0.191518
1843 0.1914
1844 0.193006
1845 0.190498
1846 0.191987
1847 0.191102
1848 0.19162
1849 0.192612
1850 0.192603
1851 0.19204
1852 0.192553
1853 0.195556
1854 0.197534
1855 0.19465
1856 0.194167
1857 0.192927
1858 0.193066
1859 0.19653
1860 0.19453
1861 0.19542
1862 0.197135
1863 0.19493
1864 0.192991
1865 0.19357
1866 0.192096
1867 0.19373
1868 0.194916
1869 0.193186
1870 0.192416
1871 0.192162
1872 0.192263
1873 0.192083
1874 0.191948
1875 0.192867
1876 0.191516
1877 0.190952
1878 0.190998
1879 0.189878
1880 0.190478
1881 0.194104
1882 0.195142
1883 0.193513
1884 0.195033
1885 0.19319
1886 0.192611
1887 0.193519
1888 0.193035
1889 0.19553
1890 0.193931
1891 0.194035
1892 0.194311
1893 0.194591
1894 0.193007
1895 0.193231
1896 0.195537
1897 0.193412
1898 0.19601
1899 0.194477
1900 0.193758
1901 0.193674
1902 0.195433
1903 0.194694
1904 0.194063
1905 0.193139
1906 0.192806
1907 0.196146
1908 0.19669
1909 0.194661
1910 0.193831
1911 0.19504
1912 0.193341
1913 0.192092
1914 0.192764
1915 0.192513
1916 0.195378
1917 0.193283
1918 0.192121
1919 0.191344
1920 0.192466
1921 0.191862
1922 0.194731
1923 0.194124
1924 0.196288
1925 0.194663
1926 0.195189
1927 0.193391
1928 0.192182
1929 0.194801
1930 0.197354
1931 0.195034
1932 0.19623
1933 0.195817
1934 0.19384
1935 0.196654
1936 0.193284
1937 0.193352
1938 0.19471
1939 0.193776
1940 0.196332
1941 0.194971
1942 0.193168
1943 0.195067
1944 0.194859
1945 0.194512
1946 0.194631
1947 0.192487
1948 0.192467
1949 0.192099
1950 0.191763
1951 0.191944
1952 0.191896
1953 0.195329
1954 0.192931
1955 0.193179
1956 0.192702
1957 0.191536
1958 0.195292
1959 0.193255
1960 0.193136
1961 0.192287
1962 0.194285
1963 0.195285
1964 0.194189
1965 0.196268
1966 0.193818
1967 0.192871
1968 0.191397
1969 0.191133
1970 0.192369
1971 0.194819
1972 0.195104
1973 0.196516
1974 0.194242
1975 0.19745
1976 0.197708
1977 0.196315
1978 0.196684
1979 0.194226
1980 0.195953
1981 0.194146
1982 0.195253
1983 0.194479
1984 0.191963
1985 0.191949
1986 0.191194
1987 0.192586
1988 0.191408
1989 0.194557
1990 0.196568
1991 0.193552
1992 0.194354
1993 0.192118
1994 0.19382
1995 0.192334
1996 0.192552
1997 0.192885
1998 0.196318
1999 0.193497
2000 0.19491
2001 0.194635
2002 0.196867
2003 0.193659
2004 0.195813
2005 0.194835
2006 0.195353
2007 0.193906
2008 0.192145
2009 0.191982
2010 0.193159
2011 0.193867
2012 0.194381
2013 0.192613
2014 0.19208
2015 0.194106
2016 0.194059
2017 0.195656
2018 0.194383
2019 0.192759
2020 0.192468
2021 0.192206
2022 0.191812
2023 0.191744
2024 0.191654
2025 0.19587
2026 0.197455
2027 0.194342
2028 0.19546
2029 0.196896
2030 0.193988
2031 0.193096
2032 0.194408
2033 0.194837
2034 0.19704
2035 0.193792
2036 0.192565
2037 0.193165
2038 0.192128
2039 0.191314
2040 0.191646
2041 0.193942
2042 0.192428
2043 0.192148
2044 0.195414
2045 0.1941
2046 0.192873
2047 0.195082
2048 0.195137
2049 0.192433
2050 0.192973
2051 0.196211
2052 0.196751
2053 0.193521
2054 0.193356
2055 0.192231
2056 0.191284
2057 0.19441
2058 0.194903
2059 0.192732
2060 0.19555
2061 0.193572
2062 0.193995
2063 0.195269
2064 0.196643
2065 0.193588
2066 0.193084
2067 0.19372
2068 0.195594
2069 0.194051
2070 0.192592
2071 0.19116
2072 0.19188
2073 0.191346
2074 0.191082
2075 0.190237
2076 0.189952
2077 0.190347
2078 0.192201
2079 0.194819
2080 0.193154
2081 0.192428
2082 0.191422
2083 0.193278
2084 0.194462
2085 0.193773
2086 0.193482
2087 0.1952
2088 0.193938
2089 0.193136
2090 0.193104
2091 0.192237
2092 0.191723
2093 0.19512
2094 0.193302
2095 0.192562
2096 0.194893
2097 0.195499
2098 0.194705
2099 0
