0 -10.102
1 1.57223
2 -4.0763
3 -15.7263
4 -18.2883
5 -18.9039
6 -21.9001
7 -24.7187
8 -27.579
9 -22.1124
10 -21.5912
11 -29.9304
12 -19.7044
13 -8.018
14 -20.3033
15 -10.2189
16 -7.06822
17 -1.47868
18 -1.32721
19 -0.507862
20 -1.1645
21 -0.139371
22 -0.0628799
23 0.411451
24 0.234379
25 0.333053
26 0.350395
27 0.280698
28 0.319915
29 0.246778
30 0.388262
31 0.304384
32 0.499311
33 0.503008
34 0.429051
35 0.393492
36 0.477516
37 0.501437
38 0.541169
39 0.518762
40 0.35936
41 0.450569
42 0.503956
43 0.325546
44 0.346695
45 0.420219
46 0.319331
47 0.470859
48 0.455714
49 0.501646
50 0.346237
51 0.252398
52 0.278913
53 0.422036
54 0.424649
55 0.485897
56 0.464275
57 0.560772
58 0.389124
59 0.538667
60 0.50469
61 0.582328
62 0.414209
63 0.468802
64 0.503498
65 0.310811
66 0.245948
67 0.414562
68 0.397796
69 0.306134
70 0.327675
71 0.471831
72 0.549668
73 0.377872
74 0.497819
75 0.441668
76 0.34298
77 0.395594
78 0.478192
79 0.372021
80 0.277943
81 0.353178
82 0.377016
83 0.484799
84 0.502375
85 0.53674
86 0.586831
87 0.55638
88 0.345716
89 0.465798
90 0.555286
91 0.3539
92 0.363487
93 0.427408
94 0.269274
95 0.397414
96 0.354357
97 0.451715
98 0.357159
99 0.48189
100 0.352274
101 0.350247
102 0.431196
103 0.344917
104 0.508643
105 0.575039
106 0.375556
107 0.393594
108 0.48997
109 0.530932
110 0.332738
111 0.326358
112 0.345366
113 0.279266
114 0.364963
115 0.489619
116 0.312696
117 0.431019
118 0.53549
119 0.49041
120 0.294051
121 0.295229
122 0.226542
123 0.20507
124 0.16536
125 0.43556
126 0.375655
127 0.402932
128 0.478001
129 0.428808
130 0.319252
131 0.44878
132 0.298906
133 0.430093
134 0.354806
135 0.244216
136 0.222748
137 0.312952
138 0.353905
139 0.467897
140 0.374812
141 0.332614
142 0.47791
143 0.469199
144 0.286879
145 0.471057
146 0.482801
147 0.414905
148 0.354882
149 0.489292
150 0.566367
151 0.45967
152 0.41702
153 0.513093
154 0.563351
155 0.458342
156 0.560783
157 0.574438
158 0.370659
159 0.355903
160 0.306867
161 0.298818
162 0.219889
163 0.262204
164 0.375314
165 0.240484
166 0.202504
167 0.44444
168 0.276008
169 0.373059
170 0.357449
171 0.455784
172 0.283227
173 0.497459
174 0.334402
175 0.23848
176 0.304969
177 0.302149
178 0.399076
179 0.3568
180 0.423007
181 0.381929
182 0.335146
183 0.363182
184 0.297078
185 0.208428
186 0.373992
187 0.276968
188 0.43619
189 0.269231
190 0.232266
191 0.434971
192 0.349972
193 0.247521
194 0.30337
195 0.280073
196 0.234078
197 0.372212
198 0.50757
199 0.564319
200 0.497605
201 0.484913
202 0.433482
203 0.288443
204 0.405197
205 0.437787
206 0.44901
207 0.401348
208 0.468047
209 0.385833
210 0.310891
211 0.329075
212 0.430109
213 0.257756
214 0.40435
215 0.238956
216 0.333186
217 0.431482
218 0.319108
219 0.513489
220 0.562318
221 0.39181
222 0.288887
223 0.494502
224 0.317429
225 0.2216
226 0.458063
227 0.471471
228 0.536452
229 0.483864
230 0.372558
231 0.26248
232 0.425687
233 0.422997
234 0.392141
235 0.364535
236 0.400118
237 0.356342
238 0.434682
239 0.396406
240 0.273128
241 0.282636
242 0.249952
243 0.417831
244 0.414023
245 0.419852
246 0.431136
247 0.261171
248 0.360247
249 0.418982
250 0.53288
251 0.536411
252 0.468101
253 0.569234
254 0.402859
255 0.438156
256 0.352492
257 0.28893
258 0.357829
259 0.2683
260 0.433113
261 0.361997
262 0.322406
263 0.336847
264 0.365876
265 0.466091
266 0.483356
267 0.568625
268 0.432297
269 0.499444
270 0.534774
271 0.463034
272 0.4877
273 0.331005
274 0.344229
275 0.307278
276 0.439698
277 0.345406
278 0.240938
279 0.206678
280 0.18464
281 0.350877
282 0.38828
283 0.490775
284 0.495195
285 0.368171
286 0.490061
287 0.558676
288 0.335312
289 0.370295
290 0.247604
291 0.42212
292 0.346331
293 0.270359
294 0.270889
295 0.249273
296 0.237317
297 0.341664
298 0.410469
299 0.332133
300 0.384606
301 0.492083
302 0.383671
303 0.465977
304 0.276499
305 0.483973
306 0.45329
307 0.484772
308 0.351945
309 0.365785
310 0.255249
311 0.287111
312 0.358786
313 0.265197
314 0.262123
315 0.328458
316 0.438221
317 0.294076
318 0.361924
319 0.46354
320 0.451839
321 0.488575
322 0.424249
323 0.328707
324 0.508705
325 0.386094
326 0.393073
327 0.25776
328 0.198424
329 0.233784
330 0.183268
331 0.434242
332 0.283321
333 0.234456
334 0.348452
335 0.235421
336 0.395484
337 0.42056
338 0.491168
339 0.561655
340 0.407509
341 0.419607
342 0.442095
343 0.456879
344 0.314129
345 0.227698
346 0.237142
347 0.349905
348 0.465376
349 0.398069
350 0.392788
351 0.291112
352 0.295209
353 0.408453
354 0.380666
355 0.467461
356 0.330259
357 0.521126
358 0.42756
359 0.501678
360 0.361268
361 0.4865
362 0.292358
363 0.291917
364 0.417355
365 0.46059
366 0.302559
367 0.230966
368 0.271157
369 0.216896
370 0.224344
371 0.371754
372 0.252268
373 0.236495
374 0.396156
375 0.459911
376 0.566319
377 0.365957
378 0.304671
379 0.295594
380 0.463192
381 0.27859
382 0.316072
383 0.397501
384 0.288044
385 0.404452
386 0.394138
387 0.438812
388 0.306792
389 0.28954
390 0.42384
391 0.299997
392 0.449421
393 0.54005
394 0.330594
395 0.241394
396 0.228209
397 0.425437
398 0.282422
399 0.210753
400 0.361031
401 0.316455
402 0.369174
403 0.373934
404 0.528815
405 0.511309
406 0.473048
407 0.420151
408 0.331507
409 0.272582
410 0.459257
411 0.317793
412 0.322715
413 0.255496
414 0.358859
415 0.316274
416 0.345181
417 0.269042
418 0.417809
419 0.453172
420 0.381796
421 0.522119
422 0.371277
423 0.538101
424 0.400453
425 0.317515
426 0.247682
427 0.344849
428 0.385162
429 0.500415
430 0.419586
431 0.492314
432 0.421533
433 0.554035
434 0.578949
435 0.442782
436 0.292799
437 0.464865
438 0.429266
439 0.460748
440 0.31855
441 0.266365
442 0.282279
443 0.312666
444 0.423293
445 0.278983
446 0.435483
447 0.418958
448 0.368035
449 0.272556
450 0.41054
451 0.493364
452 0.4636
453 0.322877
454 0.250802
455 0.451554
456 0.43953
457 0.277421
458 0.445032
459 0.353435
460 0.389144
461 0.287511
462 0.212618
463 0.396566
464 0.415589
465 0.354158
466 0.459063
467 0.268842
468 0.414778
469 0.33153
470 0.298749
471 0.315409
472 0.308011
473 0.476589
474 0.280447
475 0.41836
476 0.454416
477 0.558067
478 0.57669
479 0.409256
480 0.268884
481 0.472415
482 0.339919
483 0.351585
484 0.243614
485 0.199234
486 0.402127
487 0.259375
488 0.33799
489 0.271658
490 0.458229
491 0.446797
492 0.441278
493 0.281758
494 0.468533
495 0.350306
496 0.472977
497 0.452927
498 0.372392
499 0.494669
500 0.534288
501 0.320298
502 0.482833
503 0.301832
504 0.336474
505 0.252102
506 0.178577
507 0.425703
508 0.26728
509 0.219815
510 0.248707
511 0.366534
512 0.466416
513 0.330809
514 0.371654
515 0.420888
516 0.314032
517 0.373984
518 0.368829
519 0.43686
520 0.427653
521 0.473446
522 0.325969
523 0.436578
524 0.39758
525 0.262732
526 0.380895
527 0.370569
528 0.315772
529 0.232062
530 0.464733
531 0.374738
532 0.410882
533 0.268275
534 0.473656
535 0.539306
536 0.335642
537 0.262638
538 0.450142
539 0.395391
540 0.379732
541 0.393829
542 0.393691
543 0.243762
544 0.479509
545 0.494208
546 0.422325
547 0.438023
548 0.543897
549 0.591389
550 0.389248
551 0.296754
552 0.440484
553 0.291298
554 0.512165
555 0.491063
556 0.432857
557 0.425613
558 0.508098
559 0.423864
560 0.434253
561 0.27239
562 0.487308
563 0.389713
564 0.442844
565 0.5569
566 0.601769
567 0.580918
568 0.410481
569 0.291395
570 0.420785
571 0.536119
572 0.563724
573 0.374552
574 0.385251
575 0.274928
576 0.330305
577 0.376615
578 0.509616
579 0.525241
580 0.368047
581 0.288525
582 0.476866
583 0.549124
584 0.470074
585 0.433962
586 0.423275
587 0.551566
588 0.366715
589 0.34665
590 0.275429
591 0.356168
592 0.427297
593 0.365569
594 0.280862
595 0.322607
596 0.500336
597 0.432532
598 0.404623
599 0.379149
600 0.236691
601 0.289643
602 0.238602
603 0.221413
604 0.368916
605 0.322107
606 0.480707
607 0.403193
608 0.403862
609 0.456738
610 0.466762
611 0.437034
612 0.404184
613 0.323661
614 0.50768
615 0.326236
616 0.349074
617 0.426057
618 0.301313
619 0.345722
620 0.393234
621 0.374916
622 0.457969
623 0.333568
624 0.24581
625 0.320925
626 0.326066
627 0.323697
628 0.421483
629 0.439174
630 0.26069
631 0.406715
632 0.248443
633 0.187311
634 0.258388
635 0.299267
636 0.217056
637 0.322316
638 0.371953
639 0.410202
640 0.394449
641 0.493501
642 0.433149
643 0.380377
644 0.304901
645 0.252144
646 0.312609
647 0.425304
648 0.292934
649 0.35635
650 0.300196
651 0.409603
652 0.400846
653 0.487046
654 0.416565
655 0.515811
656 0.363214
657 0.525919
658 0.36169
659 0.524099
660 0.491559
661 0.516108
662 0.538705
663 0.354821
664 0.439629
665 0.392834
666 0.496815
667 0.317168
668 0.515561
669 0.511089
670 0.572576
671 0.496877
672 0.401802
673 0.46385
674 0.461914
675 0.376867
676 0.491118
677 0.304348
678 0.282565
679 0.232753
680 0.23671
681 0.419866
682 0.299812
683 0.343445
684 0.48587
685 0.398654
686 0.452374
687 0.328718
688 0.272187
689 0.475082
690 0.431848
691 0.408726
692 0.308339
693 0.275204
694 0.226589
695 0.289061
696 0.453352
697 0.420057
698 0.43191
699 0.384131
700 0.402066
701 0.387507
702 0.487217
703 0.274601
704 0.425182
705 0.40688
706 0.358315
707 0.343671
708 0.266142
709 0.429282
710 0.301245
711 0.511671
712 0.473237
713 0.530624
714 0.386611
715 0.292232
716 0.406563
717 0.505717
718 0.476997
719 0.332162
720 0.34765
721 0.251724
722 0.258552
723 0.291893
724 0.229779
725 0.302869
726 0.44522
727 0.519309
728 0.36327
729 0.316903
730 0.466369
731 0.498339
732 0.426462
733 0.431216
734 0.54872
735 0.526748
736 0.563068
737 0.407777
738 0.47225
739 0.523657
740 0.492507
741 0.456944
742 0.474863
743 0.446479
744 0.570172
745 0.331608
746 0.488621
747 0.430305
748 0.347049
749 0.243603
750 0.421918
751 0.328457
752 0.315053
753 0.331037
754 0.359147
755 0.292711
756 0.450258
757 0.378006
758 0.303321
759 0.298564
760 0.360542
761 0.455433
762 0.28415
763 0.27368
764 0.276857
765 0.336851
766 0.397053
767 0.478242
768 0.325391
769 0.324938
770 0.387428
771 0.268901
772 0.36052
773 0.433386
774 0.49928
775 0.512612
776 0.456551
777 0.395607
778 0.37216
779 0.305391
780 0.388567
781 0.492704
782 0.448387
783 0.486239
784 0.300549
785 0.217975
786 0.355003
787 0.392629
788 0.396196
789 0.501296
790 0.450506
791 0.579756
792 0.424544
793 0.271097
794 0.242851
795 0.260982
796 0.365595
797 0.467822
798 0.277619
799 0.322105
800 0.437294
801 0.331448
802 0.386894
803 0.37382
804 0.376846
805 0.376914
806 0.340534
807 0.249112
808 0.469485
809 0.339363
810 0.506436
811 0.561481
812 0.427523
813 0.324496
814 0.504188
815 0.509716
816 0.562006
817 0.49057
818 0.377808
819 0.337664
820 0.48234
821 0.437658
822 0.536999
823 0.367634
824 0.295954
825 0.216356
826 0.20041
827 0.217982
828 0.266612
829 0.384397
830 0.415525
831 0.445142
832 0.512753
833 0.501182
834 0.59675
835 0.512941
836 0.564961
837 0.427927
838 0.284479
839 0.271663
840 0.206577
841 0.436081
842 0.54513
843 0.572812
844 0.382403
845 0.487066
846 0.292216
847 0.43404
848 0.260436
849 0.232518
850 0.238104
851 0.350205
852 0.411523
853 0.419201
854 0.287663
855 0.459193
856 0.300643
857 0.294996
858 0.205877
859 0.328536
860 0.301775
861 0.427018
862 0.387361
863 0.507354
864 0.476765
865 0.400262
866 0.31448
867 0.229929
868 0.324472
869 0.421149
870 0.465116
871 0.580602
872 0.416317
873 0.402388
874 0.541706
875 0.511862
876 0.37603
877 0.319318
878 0.398372
879 0.286201
880 0.46119
881 0.313771
882 0.285078
883 0.410575
884 0.290928
885 0.370966
886 0.426773
887 0.406827
888 0.493866
889 0.56875
890 0.327298
891 0.498527
892 0.34439
893 0.498373
894 0.467442
895 0.474031
896 0.379864
897 0.32741
898 0.491393
899 0.532868
900 0.382249
901 0.481198
902 0.444781
903 0.366125
904 0.291461
905 0.219937
906 0.225382
907 0.204921
908 0.191785
909 0.394609
910 0.253177
911 0.454347
912 0.271126
913 0.486058
914 0.281074
915 0.244614
916 0.326945
917 0.427823
918 0.386759
919 0.26429
920 0.277085
921 0.328719
922 0.307803
923 0.235374
924 0.207006
925 0.168762
926 0.376019
927 0.462789
928 0.410246
929 0.45699
930 0.390578
931 0.486884
932 0.494966
933 0.469797
934 0.535996
935 0.328173
936 0.411159
937 0.262642
938 0.391834
939 0.490113
940 0.529336
941 0.536867
942 0.391737
943 0.540632
944 0.356134
945 0.516113
946 0.572528
947 0.446636
948 0.394746
949 0.490499
950 0.455765
951 0.449046
952 0.274922
953 0.481923
954 0.278875
955 0.323836
956 0.27438
957 0.413094
958 0.393209
959 0.392818
960 0.36661
961 0.441142
962 0.43302
963 0.410563
964 0.3382
965 0.488643
966 0.419555
967 0.319504
968 0.311443
969 0.206278
970 0.211737
971 0.430557
972 0.498421
973 0.341832
974 0.401571
975 0.325112
976 0.378584
977 0.51828
978 0.535903
979 0.42965
980 0.380284
981 0.339319
982 0.267604
983 0.303943
984 0.478654
985 0.460194
986 0.569189
987 0.54742
988 0.484703
989 0.390493
990 0.35032
991 0.517548
992 0.501827
993 0.535836
994 0.408742
995 0.284362
996 0.426861
997 0.314286
998 0.497371
999 0.454782
1000 0.363965
1001 0.287216
1002 0.436738
1003 0.492467
1004 0.580479
1005 0.515855
1006 0.412648
1007 0.281437
1008 0.41695
1009 0.390065
1010 0.53511
1011 0.579607
1012 0.42205
1013 0.482596
1014 0.277615
1015 0.3
1016 0.322245
1017 0.253146
1018 0.29567
1019 0.367477
1020 0.474099
1021 0.434698
1022 0.267895
1023 0.310757
1024 0.391404
1025 0.523902
1026 0.543796
1027 0.468242
1028 0.29032
1029 0.406827
1030 0.362162
1031 0.42367
1032 0.481432
1033 0.54458
1034 0.545503
1035 0.543705
1036 0.347126
1037 0.526564
1038 0.503859
1039 0.434901
1040 0.395606
1041 0.530935
1042 0.30412
1043 0.486963
1044 0.323543
1045 0.246782
1046 0.212827
1047 0.197456
1048 0.223844
1049 0.410804
1050 0.43726
1051 0.288095
1052 0.237068
1053 0.240613
1054 0.322918
1055 0.291437
1056 0.421298
1057 0.416131
1058 0.318156
1059 0.372456
1060 0.331308
1061 0.342545
1062 0.287007
1063 0.363518
1064 0.401369
1065 0.538761
1066 0.48545
1067 0.358468
1068 0.423625
1069 0.390379
1070 0.286638
1071 0.405575
1072 0.452839
1073 0.418194
1074 0.381624
1075 0.307958
1076 0.263324
1077 0.425622
1078 0.250395
1079 0.401396
1080 0.254838
1081 0.228473
1082 0.212715
1083 0.424133
1084 0.261623
1085 0.465296
1086 0.393981
1087 0.431779
1088 0.497626
1089 0.519181
1090 0.302847
1091 0.459041
1092 0.286762
1093 0.456165
1094 0.414292
1095 0.356161
1096 0.455085
1097 0.431705
1098 0.344604
1099 0.287656
1100 0.227981
1101 0.222554
1102 0.190016
1103 0.175083
1104 0.296151
1105 0.473213
1106 0.485967
1107 0.340415
1108 0.345469
1109 0.318826
1110 0.428197
1111 0.536444
1112 0.516275
1113 0.31217
1114 0.515405
1115 0.543623
1116 0.52442
1117 0.397201
1118 0.528999
1119 0.499822
1120 0.439787
1121 0.552658
1122 0.405917
1123 0.51957
1124 0.55358
1125 0.571445
1126 0.625289
1127 0.418667
1128 0.564575
1129 0.462957
1130 0.501954
1131 0.362517
1132 0.474535
1133 0.454862
1134 0.308295
1135 0.226014
1136 0.178527
1137 0.348738
1138 0.203209
1139 0.378475
1140 0.400404
1141 0.506773
1142 0.430997
1143 0.388119
1144 0.412453
1145 0.445351
1146 0.547333
1147 0.435422
1148 0.572529
1149 0.356757
1150 0.262437
1151 0.399169
1152 0.520696
1153 0.538229
1154 0.594064
1155 0.531734
1156 0.608549
1157 0.638222
1158 0.440145
1159 0.401988
1160 0.251227
1161 0.303002
1162 0.227169
1163 0.18319
1164 0.294179
1165 0.22434
1166 0.310324
1167 0.422552
1168 0.52402
1169 0.438588
1170 0.459145
1171 0.298842
1172 0.258944
1173 0.439689
1174 0.472853
1175 0.475126
1176 0.376642
1177 0.505229
1178 0.582859
1179 0.51973
1180 0.496959
1181 0.399855
1182 0.411351
1183 0.370154
1184 0.262854
1185 0.352388
1186 0.344025
1187 0.493665
1188 0.462052
1189 0.579073
1190 0.507468
1191 0.488682
1192 0.499505
1193 0.435553
1194 0.349458
1195 0.454629
1196 0.553947
1197 0.348102
1198 0.450616
1199 0.352895
1200 0.449446
1201 0.442437
1202 0.386845
1203 0.369897
1204 0.26209
1205 0.187001
1206 0.372786
1207 0.321771
1208 0.458284
1209 0.436553
1210 0.329214
1211 0.332852
1212 0.470847
1213 0.558814
1214 0.311439
1215 0.391381
1216 0.400401
1217 0.359177
1218 0.239218
1219 0.220521
1220 0.282889
1221 0.32756
1222 0.41146
1223 0.357338
1224 0.256867
1225 0.195354
1226 0.34011
1227 0.235178
1228 0.283174
1229 0.27201
1230 0.32993
1231 0.456646
1232 0.426465
1233 0.490372
1234 0.451747
1235 0.29586
1236 0.390926
1237 0.311891
1238 0.277666
1239 0.394522
1240 0.405614
1241 0.36942
1242 0.306201
1243 0.346303
1244 0.494413
1245 0.548944
1246 0.480483
1247 0.453721
1248 0.490863
1249 0.441503
1250 0.565595
1251 0.472616
1252 0.524595
1253 0.371655
1254 0.484367
1255 0.363684
1256 0.472635
1257 0.356168
1258 0.399487
1259 0.372042
1260 0.24023
1261 0.275276
1262 0.428516
1263 0.267905
1264 0.334724
1265 0.337566
1266 0.461818
1267 0.455311
1268 0.353021
1269 0.313815
1270 0.3052
1271 0.236327
1272 0.431981
1273 0.368113
1274 0.325243
1275 0.493283
1276 0.278406
1277 0.420905
1278 0.511447
1279 0.494678
1280 0.426185
1281 0.531063
1282 0.513237
1283 0.446585
1284 0.351715
1285 0.340761
1286 0.303194
1287 0.30498
1288 0.454192
1289 0.427508
1290 0.330083
1291 0.317411
1292 0.418737
1293 0.301131
1294 0.438844
1295 0.314338
1296 0.4759
1297 0.357787
1298 0.498856
1299 0.528956
1300 0.40581
1301 0.504034
1302 0.361552
1303 0.338321
1304 0.269675
1305 0.312684
1306 0.373422
1307 0.328593
1308 0.501845
1309 0.393158
1310 0.334638
1311 0.223018
1312 0.32607
1313 0.258589
1314 0.232319
1315 0.284903
1316 0.47712
1317 0.448716
1318 0.346128
1319 0.293899
1320 0.272543
1321 0.454124
1322 0.492528
1323 0.517288
1324 0.396576
1325 0.275625
1326 0.279925
1327 0.327303
1328 0.377788
1329 0.48729
1330 0.467044
1331 0.508078
1332 0.570893
1333 0.456317
1334 0.459791
1335 0.564774
1336 0.596086
1337 0.342703
1338 0.346548
1339 0.306263
1340 0.410303
1341 0.52763
1342 0.422016
1343 0.339539
1344 0.413355
1345 0.352336
1346 0.390483
1347 0.327498
1348 0.373909
1349 0.445819
1350 0.304367
1351 0.41022
1352 0.335542
1353 0.384856
1354 0.523124
1355 0.431086
1356 0.537905
1357 0.552302
1358 0.493381
1359 0.426387
1360 0.375027
1361 0.419084
1362 0.464009
1363 0.371673
1364 0.419772
1365 0.299177
1366 0.369914
1367 0.338032
1368 0.256252
1369 0.461272
1370 0.289802
1371 0.478845
1372 0.390255
1373 0.524715
1374 0.432256
1375 0.474512
1376 0.33926
1377 0.251259
1378 0.208894
1379 0.33665
1380 0.357789
1381 0.345085
1382 0.451058
1383 0.263407
1384 0.235112
1385 0.376429
1386 0.500495
1387 0.384637
1388 0.468762
1389 0.279531
1390 0.363064
1391 0.338621
1392 0.505307
1393 0.522537
1394 0.391307
1395 0.308902
1396 0.327252
1397 0.417274
1398 0.413085
1399 0.452593
1400 0.277504
1401 0.426798
1402 0.248572
1403 0.247926
1404 0.214035
1405 0.281834
1406 0.19394
1407 0.286929
1408 0.446978
1409 0.510655
1410 0.460883
1411 0.528504
1412 0.354911
1413 0.515398
1414 0.347494
1415 0.528094
1416 0.55541
1417 0.476223
1418 0.547244
1419 0.377478
1420 0.319749
1421 0.476744
1422 0.482669
1423 0.358088
1424 0.25084
1425 0.280236
1426 0.463256
1427 0.405185
1428 0.367751
1429 0.502351
1430 0.347966
1431 0.311991
1432 0.244242
1433 0.342452
1434 0.427845
1435 0.451278
1436 0.546455
1437 0.489291
1438 0.445267
1439 0.323761
1440 0.347768
1441 0.336162
1442 0.440542
1443 0.460425
1444 0.334777
1445 0.265884
1446 0.481468
1447 0.491391
1448 0.395452
1449 0.365134
1450 0.30963
1451 0.461648
1452 0.515964
1453 0.48976
1454 0.449626
1455 0.286354
1456 0.258444
1457 0.305883
1458 0.283504
1459 0.349685
1460 0.42469
1461 0.464843
1462 0.462652
1463 0.508983
1464 0.457886
1465 0.424019
1466 0.264193
1467 0.444646
1468 0.512697
1469 0.364061
1470 0.313968
1471 0.366722
1472 0.286092
1473 0.442293
1474 0.268734
1475 0.28366
1476 0.292626
1477 0.382638
1478 0.504407
1479 0.547708
1480 0.31522
1481 0.448527
1482 0.315277
1483 0.341087
1484 0.432858
1485 0.305997
1486 0.432271
1487 0.290491
1488 0.475788
1489 0.302545
1490 0.222747
1491 0.317694
1492 0.310413
1493 0.25068
1494 0.329771
1495 0.289625
1496 0.437899
1497 0.553056
1498 0.320549
1499 0.276837
1500 0.233496
1501 0.44437
1502 0.384364
1503 0.305293
1504 0.377613
1505 0.457335
1506 0.407204
1507 0.505393
1508 0.56374
1509 0.363217
1510 0.516909
1511 0.50931
1512 0.509981
1513 0.521339
1514 0.52425
1515 0.434203
1516 0.381978
1517 0.471798
1518 0.513629
1519 0.370554
1520 0.2615
1521 0.376293
1522 0.248128
1523 0.289986
1524 0.454911
1525 0.258821
1526 0.409742
1527 0.465583
1528 0.352095
1529 0.367869
1530 0.376501
1531 0.368715
1532 0.265814
1533 0.3357
1534 0.384601
1535 0.339543
1536 0.341279
1537 0.511637
1538 0.498644
1539 0.378053
1540 0.436544
1541 0.483892
1542 0.320489
1543 0.3765
1544 0.458488
1545 0.292849
1546 0.342767
1547 0.459429
1548 0.317354
1549 0.351949
1550 0.413268
1551 0.371695
1552 0.266322
1553 0.229731
1554 0.416946
1555 0.334662
1556 0.310692
1557 0.277954
1558 0.310049
1559 0.431603
1560 0.373819
1561 0.30578
1562 0.20992
1563 0.307505
1564 0.284778
1565 0.298088
1566 0.428149
1567 0.486974
1568 0.352151
1569 0.309089
1570 0.471706
1571 0.270924
1572 0.400155
1573 0.489442
1574 0.502389
1575 0.469258
1576 0.444508
1577 0.465233
1578 0.435074
1579 0.510819
1580 0.46675
1581 0.342346
1582 0.427237
1583 0.361094
1584 0.474889
1585 0.381248
1586 0.532092
1587 0.401434
1588 0.422038
1589 0.433763
1590 0.468779
1591 0.363264
1592 0.332679
1593 0.434747
1594 0.360198
1595 0.481667
1596 0.35165
1597 0.514217
1598 0.342784
1599 0.276494
1600 0.40516
1601 0.235787
1602 0.472573
1603 0.273062
1604 0.312992
1605 0.214188
1606 0.214748
1607 0.249156
1608 0.284482
1609 0.357079
1610 0.259099
1611 0.244586
1612 0.445088
1613 0.401443
1614 0.382813
1615 0.507628
1616 0.39889
1617 0.416044
1618 0.288662
1619 0.361067
1620 0.282549
1621 0.196228
1622 0.276447
1623 0.264652
1624 0.409157
1625 0.378906
1626 0.430546
1627 0.531854
1628 0.311781
1629 0.383722
1630 0.48379
1631 0.561537
1632 0.520419
1633 0.56613
1634 0.392968
1635 0.287262
1636 0.230453
1637 0.207942
1638 0.239814
1639 0.35519
1640 0.347388
1641 0.385637
1642 0.525316
1643 0.574041
1644 0.521363
1645 0.389433
1646 0.403305
1647 0.433123
1648 0.346448
1649 0.284377
1650 0.41406
1651 0.488363
1652 0.443914
1653 0.569912
1654 0.609295
1655 0.418383
1656 0.511823
1657 0.546488
1658 0.560241
1659 0.566403
1660 0.419566
1661 0.460951
1662 0.316561
1663 0.508532
1664 0.44809
1665 0.400838
1666 0.318568
1667 0.437939
1668 0.479781
1669 0.422232
1670 0.485866
1671 0.402587
1672 0.499678
1673 0.411006
1674 0.475243
1675 0.55185
1676 0.424675
1677 0.287267
1678 0.255746
1679 0.433654
1680 0.450689
1681 0.27228
1682 0.265628
1683 0.255248
1684 0.434408
1685 0.504479
1686 0.476208
1687 0.518667
1688 0.468024
1689 0.483178
1690 0.509798
1691 0.386518
1692 0.44441
1693 0.506433
1694 0.441903
1695 0.552179
1696 0.554695
1697 0.372239
1698 0.481749
1699 0.460616
1700 0.334335
1701 0.413309
1702 0.495752
1703 0.486393
1704 0.459522
1705 0.305834
1706 0.214581
1707 0.438909
1708 0.362535
1709 0.509801
1710 0.545885
1711 0.338886
1712 0.399926
1713 0.469062
1714 0.408728
1715 0.454442
1716 0.517625
1717 0.546732
1718 0.344406
1719 0.511589
1720 0.367256
1721 0.266358
1722 0.238603
1723 0.384021
1724 0.489451
1725 0.492923
1726 0.414543
1727 0.509734
1728 0.478948
1729 0.418073
1730 0.441366
1731 0.529374
1732 0.396153
1733 0.402857
1734 0.360526
1735 0.498112
1736 0.530556
1737 0.461453
1738 0.562612
1739 0.474651
1740 0.345805
1741 0.2413
1742 0.34488
1743 0.353146
1744 0.227111
1745 0.437053
1746 0.346525
1747 0.519529
1748 0.487967
1749 0.378667
1750 0.363172
1751 0.353231
1752 0.329802
1753 0.488114
1754 0.527695
1755 0.55747
1756 0.397051
1757 0.253877
1758 0.44149
1759 0.361846
1760 0.31981
1761 0.393725
1762 0.294401
1763 0.241641
1764 0.335169
1765 0.259642
1766 0.220932
1767 0.420244
1768 0.340867
1769 0.509004
1770 0.342986
1771 0.462389
1772 0.286709
1773 0.355772
1774 0.236288
1775 0.216032
1776 0.337429
1777 0.372484
1778 0.243411
1779 0.331838
1780 0.467172
1781 0.434733
1782 0.331375
1783 0.428877
1784 0.418633
1785 0.405404
1786 0.506668
1787 0.555419
1788 0.580348
1789 0.502907
1790 0.351067
1791 0.442916
1792 0.357118
1793 0.281093
1794 0.381999
1795 0.330083
1796 0.28266
1797 0.396712
1798 0.371385
1799 0.441647
1800 0.391694
1801 0.350734
1802 0.394609
1803 0.237413
1804 0.270544
1805 0.221884
1806 0.343687
1807 0.301607
1808 0.336392
1809 0.498532
1810 0.441708
1811 0.43583
1812 0.352847
1813 0.405834
1814 0.497617
1815 0.527067
1816 0.399888
1817 0.518485
1818 0.58063
1819 0.498368
1820 0.467038
1821 0.448689
1822 0.384502
1823 0.313409
1824 0.303784
1825 0.418059
1826 0.508191
1827 0.56791
1828 0.42704
1829 0.30981
1830 0.462344
1831 0.45106
1832 0.287063
1833 0.467768
1834 0.43047
1835 0.288957
1836 0.236539
1837 0.285318
1838 0.359404
1839 0.428051
1840 0.291967
1841 0.285222
1842 0.196818
1843 0.222201
1844 0.352423
1845 0.219051
1846 0.322313
1847 0.248265
1848 0.273269
1849 0.354982
1850 0.40692
1851 0.246336
1852 0.349135
1853 0.477182
1854 0.568498
1855 0.419629
1856 0.415424
1857 0.371688
1858 0.406426
1859 0.528363
1860 0.457823
1861 0.516852
1862 0.572706
1863 0.390437
1864 0.260593
1865 0.366407
1866 0.255479
1867 0.396349
1868 0.483368
1869 0.368416
1870 0.335385
1871 0.307933
1872 0.326864
1873 0.295171
1874 0.262834
1875 0.361134
1876 0.261436
1877 0.247606
1878 0.209895
1879 0.168058
1880 0.147223
1881 0.340971
1882 0.456238
1883 0.302034
1884 0.488781
1885 0.358325
1886 0.396933
1887 0.4016
1888 0.375976
1889 0.503374
1890 0.419132
1891 0.446466
1892 0.45357
1893 0.452564
1894 0.365548
1895 0.38934
1896 0.507735
1897 0.368092
1898 0.531262
1899 0.367891
1900 0.409328
1901 0.378134
1902 0.499458
1903 0.441576
1904 0.419486
1905 0.39575
1906 0.367212
1907 0.527341
1908 0.545681
1909 0.410594
1910 0.292142
1911 0.445687
1912 0.323035
1913 0.300511
1914 0.360573
1915 0.392934
1916 0.475269
1917 0.295521
1918 0.323376
1919 0.215915
1920 0.345675
1921 0.294432
1922 0.460735
1923 0.445608
1924 0.555236
1925 0.486907
1926 0.49766
1927 0.383658
1928 0.322394
1929 0.45546
1930 0.550236
1931 0.439708
1932 0.54937
1933 0.509127
1934 0.394798
1935 0.546646
1936 0.361909
1937 0.412687
1938 0.480009
1939 0.420798
1940 0.55267
1941 0.419884
1942 0.273742
1943 0.441556
1944 0.471493
1945 0.454676
1946 0.479194
1947 0.279379
1948 0.330332
1949 0.250609
1950 0.262209
1951 0.288003
1952 0.318712
1953 0.480742
1954 0.279872
1955 0.347507
1956 0.324998
1957 0.329953
1958 0.48291
1959 0.33725
1960 0.357259
1961 0.27056
1962 0.412599
1963 0.482366
1964 0.341288
1965 0.530847
1966 0.353492
1967 0.314086
1968 0.219514
1969 0.231334
1970 0.343128
1971 0.472915
1972 0.505835
1973 0.579
1974 0.45374
1975 0.587179
1976 0.605728
1977 0.548359
1978 0.594486
1979 0.330491
1980 0.509373
1981 0.403139
1982 0.499162
1983 0.373893
1984 0.265288
1985 0.277438
1986 0.264083
1987 0.354655
1988 0.239886
1989 0.43544
1990 0.51437
1991 0.353044
1992 0.467886
1993 0.305193
1994 0.42628
1995 0.298388
1996 0.37468
1997 0.390973
1998 0.532752
1999 0.353174
2000 0.462916
2001 0.495646
2002 0.56811
2003 0.370581
2004 0.536338
2005 0.471184
2006 0.520986
2007 0.334763
2008 0.291176
2009 0.308973
2010 0.397723
2011 0.442532
2012 0.467405
2013 0.322281
2014 0.246439
2015 0.42177
2016 0.442885
2017 0.523724
2018 0.451806
2019 0.291909
2020 0.309045
2021 0.206445
2022 0.282895
2023 0.302622
2024 0.292788
2025 0.486037
2026 0.566606
2027 0.471216
2028 0.532552
2029 0.53683
2030 0.309271
2031 0.280749
2032 0.369072
2033 0.481402
2034 0.579089
2035 0.357816
2036 0.357301
2037 0.368433
2038 0.273962
2039 0.241261
2040 0.199745
2041 0.397756
2042 0.297269
2043 0.216301
2044 0.425731
2045 0.401912
2046 0.35674
2047 0.489958
2048 0.467458
2049 0.278253
2050 0.348399
2051 0.497458
2052 0.528371
2053 0.342073
2054 0.363615
2055 0.316553
2056 0.250528
2057 0.392168
2058 0.479204
2059 0.354626
2060 0.534654
2061 0.365112
2062 0.43121
2063 0.472388
2064 0.543503
2065 0.352498
2066 0.350088
2067 0.404327
2068 0.490563
2069 0.403951
2070 0.329287
2071 0.220313
2072 0.281063
2073 0.196961
2074 0.165463
2075 0.165822
2076 0.144385
2077 0.18221
2078 0.324372
2079 0.457079
2080 0.326495
2081 0.318884
2082 0.219485
2083 0.363699
2084 0.469815
2085 0.429067
2086 0.401844
2087 0.489583
2088 0.42664
2089 0.363309
2090 0.375879
2091 0.27128
2092 0.201649
2093 0.409255
2094 0.333503
2095 0.283757
2096 0.443349
2097 0.498314
2098 0.445334
2099 0
