0 -12.9025
1 8.7586
2 24.0361
3 29.0815
4 30.6491
5 30.0254
6 29.2887
7 28.8727
8 28.1516
9 28.471
10 28.3837
11 28.411
12 27.6721
13 27.9647
14 28.0943
15 26.3043
16 27.3816
17 23.4955
18 22.8215
19 18.3289
20 13.7802
21 11.4994
22 5.04723
23 3.9653
24 1.95738
25 0.594914
26 0.788904
27 0.413073
28 0.242717
29 0.327263
30 0.293821
31 0.409503
32 0.3498
33 0.267507
34 0.275986
35 0.263651
36 0.382302
37 0.486608
38 0.337379
39 0.359545
40 0.484091
41 0.554808
42 0.538373
43 0.60808
44 0.542816
45 0.555844
46 0.522943
47 0.534126
48 0.327212
49 0.292898
50 0.489754
51 0.334878
52 0.398297
53 0.439138
54 0.284481
55 0.417511
56 0.382951
57 0.357201
58 0.382943
59 0.234525
60 0.188308
61 0.185819
62 0.376387
63 0.258002
64 0.373647
65 0.331155
66 0.285759
67 0.291274
68 0.355454
69 0.502588
70 0.366546
71 0.318483
72 0.405165
73 0.422029
74 0.349268
75 0.252896
76 0.225305
77 0.255984
78 0.334859
79 0.23596
80 0.369901
81 0.447114
82 0.410821
83 0.508831
84 0.383064
85 0.479062
86 0.358477
87 0.327434
88 0.287401
89 0.203153
90 0.32477
91 0.304759
92 0.35753
93 0.261853
94 0.240388
95 0.349687
96 0.302993
97 0.259471
98 0.232801
99 0.339611
100 0.227027
101 0.20704
102 0.291189
103 0.454963
104 0.298473
105 0.242109
106 0.410891
107 0.358091
108 0.231525
109 0.240411
110 0.271839
111 0.294995
112 0.20505
113 0.249621
114 0.248311
115 0.413355
116 0.49761
117 0.53523
118 0.431535
119 0.32589
120 0.442824
121 0.318702
122 0.481132
123 0.376982
124 0.374317
125 0.363603
126 0.419647
127 0.395241
128 0.498279
129 0.475062
130 0.403286
131 0.38985
132 0.35045
133 0.347649
134 0.408734
135 0.325855
136 0.2899
137 0.46497
138 0.550515
139 0.470169
140 0.484561
141 0.529923
142 0.479492
143 0.297584
144 0.325573
145 0.257403
146 0.239354
147 0.434058
148 0.383514
149 0.437327
150 0.303004
151 0.375753
152 0.379166
153 0.439376
154 0.319173
155 0.382144
156 0.386817
157 0.399198
158 0.44635
159 0.508858
160 0.413964
161 0.273693
162 0.285797
163 0.247274
164 0.360713
165 0.447383
166 0.559778
167 0.538531
168 0.433439
169 0.358222
170 0.444085
171 0.48565
172 0.353674
173 0.382483
174 0.354004
175 0.307536
176 0.458897
177 0.301237
178 0.487558
179 0.480781
180 0.591767
181 0.42219
182 0.347309
183 0.482314
184 0.295659
185 0.430101
186 0.270413
187 0.417785
188 0.483351
189 0.434574
190 0.415535
191 0.543598
192 0.456882
193 0.542441
194 0.496123
195 0.414437
196 0.473879
197 0.278251
198 0.261203
199 0.195318
200 0.20878
201 0.370807
202 0.440443
203 0.446293
204 0.420567
205 0.466655
206 0.341164
207 0.243903
208 0.233689
209 0.434485
210 0.523611
211 0.301103
212 0.513423
213 0.443356
214 0.373216
215 0.358968
216 0.503634
217 0.311888
218 0.430875
219 0.478595
220 0.306224
221 0.497353
222 0.45098
223 0.312511
224 0.492363
225 0.411895
226 0.394903
227 0.456971
228 0.387322
229 0.254889
230 0.447577
231 0.492895
232 0.317152
233 0.433996
234 0.420134
235 0.506835
236 0.50338
237 0.598695
238 0.376636
239 0.470126
240 0.540705
241 0.400523
242 0.379036
243 0.274866
244 0.271125
245 0.298668
246 0.245909
247 0.470338
248 0.441408
249 0.296138
250 0.482586
251 0.391794
252 0.532349
253 0.37763
254 0.379473
255 0.303914
256 0.311743
257 0.375124
258 0.386976
259 0.358974
260 0.444284
261 0.50189
262 0.425669
263 0.308359
264 0.344583
265 0.390614
266 0.27734
267 0.483695
268 0.557412
269 0.365912
270 0.479
271 0.428733
272 0.32644
273 0.346509
274 0.440982
275 0.489499
276 0.565635
277 0.422334
278 0.264105
279 0.492273
280 0.296612
281 0.48581
282 0.521858
283 0.312439
284 0.527492
285 0.300958
286 0.473687
287 0.395483
288 0.507356
289 0.483508
290 0.415358
291 0.544219
292 0.574059
293 0.565678
294 0.404186
295 0.489334
296 0.381466
297 0.459447
298 0.35196
299 0.385631
300 0.507008
301 0.441955
302 0.490154
303 0.416409
304 0.377393
305 0.249488
306 0.386667
307 0.475374
308 0.40549
309 0.450599
310 0.551328
311 0.592307
312 0.43666
313 0.276837
314 0.253019
315 0.252664
316 0.379464
317 0.420215
318 0.553541
319 0.352511
320 0.478815
321 0.411991
322 0.366175
323 0.524795
324 0.352084
325 0.44931
326 0.404368
327 0.440059
328 0.447984
329 0.444756
330 0.36374
331 0.419811
332 0.386288
333 0.377581
334 0.313852
335 0.369449
336 0.24083
337 0.364475
338 0.426221
339 0.340041
340 0.334135
341 0.320128
342 0.388834
343 0.427437
344 0.419782
345 0.30312
346 0.260878
347 0.285841
348 0.463718
349 0.350755
350 0.486551
351 0.346819
352 0.439425
353 0.534978
354 0.324617
355 0.510301
356 0.290173
357 0.363345
358 0.43394
359 0.540081
360 0.434974
361 0.463964
362 0.497777
363 0.332519
364 0.324766
365 0.408319
366 0.270695
367 0.340835
368 0.247834
369 0.393653
370 0.466902
371 0.318581
372 0.384111
373 0.254762
374 0.21086
375 0.258435
376 0.34934
377 0.354489
378 0.423574
379 0.502376
380 0.562598
381 0.522653
382 0.493627
383 0.394311
384 0.251165
385 0.31598
386 0.371568
387 0.267426
388 0.323482
389 0.315399
390 0.474165
391 0.461553
392 0.337087
393 0.291948
394 0.385301
395 0.41456
396 0.348544
397 0.25099
398 0.337428
399 0.371276
400 0.428257
401 0.372753
402 0.480654
403 0.501832
404 0.367173
405 0.441319
406 0.480746
407 0.307388
408 0.495264
409 0.494389
410 0.5693
411 0.463571
412 0.462741
413 0.534649
414 0.512765
415 0.505084
416 0.536144
417 0.390808
418 0.555042
419 0.505683
420 0.58793
421 0.379801
422 0.263754
423 0.4081
424 0.246126
425 0.248157
426 0.323853
427 0.242688
428 0.45958
429 0.38802
430 0.552942
431 0.367666
432 0.278168
433 0.307928
434 0.481944
435 0.513634
436 0.361642
437 0.550248
438 0.529218
439 0.3743
440 0.392764
441 0.461408
442 0.529038
443 0.513829
444 0.565135
445 0.556945
446 0.437941
447 0.340443
448 0.301946
449 0.395183
450 0.290696
451 0.361565
452 0.421084
453 0.462258
454 0.277498
455 0.249349
456 0.234345
457 0.295999
458 0.27542
459 0.397103
460 0.516205
461 0.515102
462 0.315152
463 0.480371
464 0.536456
465 0.456767
466 0.582421
467 0.611057
468 0.464426
469 0.454754
470 0.465018
471 0.330377
472 0.453151
473 0.33935
474 0.519548
475 0.511945
476 0.605576
477 0.575061
478 0.511398
479 0.613396
480 0.333783
481 0.461832
482 0.50518
483 0.545711
484 0.493224
485 0.35587
486 0.485835
487 0.498375
488 0.530167
489 0.365458
490 0.280034
491 0.449899
492 0.415635
493 0.266032
494 0.419427
495 0.291357
496 0.414584
497 0.379293
498 0.284267
499 0.297721
500 0.264063
501 0.371841
502 0.399146
503 0.443548
504 0.282219
505 0.498099
506 0.552773
507 0.534283
508 0.341843
509 0.360878
510 0.264732
511 0.272676
512 0.454498
513 0.377357
514 0.522701
515 0.448019
516 0.559657
517 0.525937
518 0.486024
519 0.488675
520 0.541016
521 0.385326
522 0.369513
523 0.340799
524 0.466829
525 0.32413
526 0.365676
527 0.490063
528 0.447338
529 0.464008
530 0.418239
531 0.484233
532 0.549756
533 0.611515
534 0.568787
535 0.463201
536 0.359505
537 0.422825
538 0.443908
539 0.384771
540 0.543033
541 0.502144
542 0.45165
543 0.346052
544 0.481466
545 0.538162
546 0.341113
547 0.282622
548 0.368669
549 0.41729
550 0.468392
551 0.40245
552 0.33608
553 0.353134
554 0.356788
555 0.497994
556 0.458525
557 0.355864
558 0.477851
559 0.555423
560 0.509658
561 0.422699
562 0.276118
563 0.394339
564 0.41994
565 0.424227
566 0.339759
567 0.413389
568 0.342552
569 0.323604
570 0.453996
571 0.475409
572 0.327982
573 0.32723
574 0.316511
575 0.208308
576 0.351778
577 0.461392
578 0.514079
579 0.348791
580 0.375981
581 0.372635
582 0.267979
583 0.357265
584 0.398161
585 0.543615
586 0.599871
587 0.637448
588 0.599671
589 0.421253
590 0.494043
591 0.376563
592 0.543957
593 0.320825
594 0.539635
595 0.390595
596 0.315772
597 0.460097
598 0.351467
599 0.478368
600 0.444521
601 0.372992
602 0.412846
603 0.488018
604 0.378352
605 0.463962
606 0.358283
607 0.392556
608 0.252242
609 0.450727
610 0.352392
611 0.24513
612 0.432498
613 0.250713
614 0.270935
615 0.316645
616 0.33527
617 0.247493
618 0.247862
619 0.34985
620 0.284267
621 0.26807
622 0.213637
623 0.305172
624 0.322953
625 0.429819
626 0.383048
627 0.540077
628 0.420937
629 0.31655
630 0.296551
631 0.457772
632 0.414438
633 0.363297
634 0.452585
635 0.427126
636 0.309765
637 0.281695
638 0.457943
639 0.342411
640 0.429487
641 0.350047
642 0.347352
643 0.505094
644 0.545162
645 0.52444
646 0.531777
647 0.469174
648 0.528614
649 0.338951
650 0.349006
651 0.298974
652 0.451303
653 0.467678
654 0.513571
655 0.478142
656 0.312972
657 0.382002
658 0.442804
659 0.366184
660 0.406698
661 0.265168
662 0.317016
663 0.279546
664 0.249608
665 0.287635
666 0.407603
667 0.31327
668 0.435017
669 0.448706
670 0.383244
671 0.252424
672 0.263232
673 0.224121
674 0.395565
675 0.333426
676 0.306016
677 0.468404
678 0.535249
679 0.315024
680 0.413639
681 0.430761
682 0.425944
683 0.559596
684 0.363663
685 0.285218
686 0.281932
687 0.374747
688 0.321188
689 0.320552
690 0.276095
691 0.22459
692 0.195581
693 0.340899
694 0.32709
695 0.253592
696 0.27812
697 0.309376
698 0.434699
699 0.381086
700 0.379859
701 0.382632
702 0.416231
703 0.471194
704 0.450637
705 0.435299
706 0.483717
707 0.569677
708 0.474089
709 0.403294
710 0.267055
711 0.245149
712 0.435818
713 0.270402
714 0.383689
715 0.271475
716 0.387849
717 0.503088
718 0.581015
719 0.509273
720 0.588483
721 0.465313
722 0.33986
723 0.303998
724 0.260799
725 0.442006
726 0.519004
727 0.37049
728 0.394947
729 0.51475
730 0.42588
731 0.292396
732 0.342084
733 0.227665
734 0.419071
735 0.334541
736 0.508431
737 0.452713
738 0.395125
739 0.449145
740 0.473543
741 0.395924
742 0.256212
743 0.404315
744 0.244546
745 0.303852
746 0.409493
747 0.271667
748 0.196548
749 0.249773
750 0.383108
751 0.24073
752 0.268438
753 0.39071
754 0.238855
755 0.414871
756 0.370106
757 0.229467
758 0.250923
759 0.371684
760 0.496114
761 0.442652
762 0.576857
763 0.476262
764 0.454802
765 0.279375
766 0.282736
767 0.3044
768 0.20775
769 0.365214
770 0.487859
771 0.499313
772 0.503662
773 0.353472
774 0.240132
775 0.18241
776 0.398907
777 0.322055
778 0.232848
779 0.185301
780 0.22351
781 0.403511
782 0.492466
783 0.33628
784 0.486795
785 0.367173
786 0.293637
787 0.31708
788 0.335509
789 0.400721
790 0.323695
791 0.317457
792 0.455561
793 0.460114
794 0.508589
795 0.399064
796 0.421826
797 0.293292
798 0.325116
799 0.286927
800 0.26509
801 0.231571
802 0.378368
803 0.328137
804 0.23272
805 0.23582
806 0.281866
807 0.222193
808 0.394516
809 0.317009
810 0.37998
811 0.347309
812 0.391865
813 0.487275
814 0.318833
815 0.305854
816 0.357693
817 0.345198
818 0.509322
819 0.563833
820 0.405633
821 0.39691
822 0.32471
823 0.296282
824 0.350526
825 0.263168
826 0.243593
827 0.237487
828 0.207173
829 0.426974
830 0.362695
831 0.395916
832 0.333412
833 0.232358
834 0.438934
835 0.356509
836 0.269437
837 0.256241
838 0.288158
839 0.445914
840 0.363071
841 0.338456
842 0.396732
843 0.305551
844 0.29386
845 0.434661
846 0.395489
847 0.335793
848 0.381623
849 0.334112
850 0.378507
851 0.303861
852 0.214214
853 0.19348
854 0.370232
855 0.413897
856 0.400007
857 0.495068
858 0.384539
859 0.459254
860 0.320277
861 0.345468
862 0.279306
863 0.411109
864 0.33012
865 0.243003
866 0.439736
867 0.410685
868 0.546728
869 0.450584
870 0.394555
871 0.374809
872 0.430657
873 0.38115
874 0.3503
875 0.313906
876 0.285794
877 0.381027
878 0.387615
879 0.313467
880 0.454191
881 0.502612
882 0.439595
883 0.402483
884 0.297639
885 0.339845
886 0.370462
887 0.31339
888 0.308695
889 0.446058
890 0.400007
891 0.374077
892 0.425661
893 0.446961
894 0.417354
895 0.490745
896 0.424074
897 0.463204
898 0.283709
899 0.381914
900 0.282446
901 0.411085
902 0.252739
903 0.276839
904 0.358602
905 0.509443
906 0.54538
907 0.489408
908 0.531661
909 0.49995
910 0.579327
911 0.44406
912 0.534119
913 0.591038
914 0.33846
915 0.532684
916 0.341962
917 0.436352
918 0.409791
919 0.376332
920 0.520647
921 0.334421
922 0.39524
923 0.246266
924 0.255086
925 0.343604
926 0.290982
927 0.41167
928 0.358116
929 0.480697
930 0.345086
931 0.423833
932 0.283177
933 0.268691
934 0.382106
935 0.350236
936 0.303157
937 0.333447
938 0.227905
939 0.395328
940 0.247955
941 0.288594
942 0.396914
943 0.313162
944 0.227658
945 0.304769
946 0.290574
947 0.331955
948 0.224416
949 0.206171
950 0.362221
951 0.45384
952 0.327326
953 0.283111
954 0.466994
955 0.268959
956 0.336332
957 0.273191
958 0.208562
959 0.371023
960 0.403949
961 0.418045
962 0.500176
963 0.463877
964 0.374944
965 0.331722
966 0.275694
967 0.476358
968 0.551331
969 0.515149
970 0.415669
971 0.519251
972 0.538369
973 0.421825
974 0.265629
975 0.22332
976 0.3395
977 0.422789
978 0.38916
979 0.479817
980 0.339105
981 0.407336
982 0.402753
983 0.372147
984 0.457581
985 0.422264
986 0.437985
987 0.378742
988 0.330037
989 0.288885
990 0.294936
991 0.435589
992 0.261642
993 0.308366
994 0.208358
995 0.362399
996 0.438015
997 0.462776
998 0.324169
999 0.24487
1000 0.436713
1001 0.481611
1002 0.525802
1003 0.47393
1004 0.30601
1005 0.516547
1006 0.332934
1007 0.477146
1008 0.388713
1009 0.356531
1010 0.320602
1011 0.38775
1012 0.237303
1013 0.471731
1014 0.347545
1015 0.412554
1016 0.451385
1017 0.392702
1018 0.483889
1019 0.393491
1020 0.394201
1021 0.298163
1022 0.412328
1023 0.290803
1024 0.27621
1025 0.247269
1026 0.278117
1027 0.247694
1028 0.40176
1029 0.294433
1030 0.351854
1031 0.228809
1032 0.296003
1033 0.323872
1034 0.307584
1035 0.254674
1036 0.197262
1037 0.431886
1038 0.435863
1039 0.545309
1040 0.44859
1041 0.444021
1042 0.393258
1043 0.274847
1044 0.451213
1045 0.419087
1046 0.296971
1047 0.249231
1048 0.350195
1049 0.452713
1050 0.473946
1051 0.444506
1052 0.338448
1053 0.293986
1054 0.475154
1055 0.495401
1056 0.577956
1057 0.542122
1058 0.591077
1059 0.327755
1060 0.383463
1061 0.308837
1062 0.294164
1063 0.458462
1064 0.41463
1065 0.319682
1066 0.41024
1067 0.317649
1068 0.258433
1069 0.42135
1070 0.35701
1071 0.42084
1072 0.513632
1073 0.365051
1074 0.552609
1075 0.349375
1076 0.355412
1077 0.390079
1078 0.431251
1079 0.523735
1080 0.375485
1081 0.311705
1082 0.446818
1083 0.374813
1084 0.447437
1085 0.453408
1086 0.563407
1087 0.467051
1088 0.288386
1089 0.380214
1090 0.447266
1091 0.449251
1092 0.376194
1093 0.272752
1094 0.443018
1095 0.287521
1096 0.330057
1097 0.325177
1098 0.471633
1099 0.399005
1100 0.545358
1101 0.309618
1102 0.291437
1103 0.447585
1104 0.449228
1105 0.321033
1106 0.379232
1107 0.411065
1108 0.463932
1109 0.492378
1110 0.589146
1111 0.320198
1112 0.399443
1113 0.340613
1114 0.387844
1115 0.33404
1116 0.231177
1117 0.409222
1118 0.385319
1119 0.311606
1120 0.219624
1121 0.180567
1122 0.419456
1123 0.275399
1124 0.401293
1125 0.50225
1126 0.478429
1127 0.577962
1128 0.474224
1129 0.450525
1130 0.53933
1131 0.43837
1132 0.492909
1133 0.385866
1134 0.442951
1135 0.352687
1136 0.309285
1137 0.480542
1138 0.32699
1139 0.522347
1140 0.547715
1141 0.493588
1142 0.519229
1143 0.525345
1144 0.417914
1145 0.321973
1146 0.509957
1147 0.397053
1148 0.527369
1149 0.296295
1150 0.406553
1151 0.504052
1152 0.469043
1153 0.583536
1154 0.424445
1155 0.375922
1156 0.516995
1157 0.392222
1158 0.370204
1159 0.332773
1160 0.466082
1161 0.419424
1162 0.388609
1163 0.411773
1164 0.472604
1165 0.419093
1166 0.264058
1167 0.418664
1168 0.298402
1169 0.390643
1170 0.283129
1171 0.348731
1172 0.372151
1173 0.521736
1174 0.410117
1175 0.495427
1176 0.502634
1177 0.471056
1178 0.342369
1179 0.340043
1180 0.267017
1181 0.373522
1182 0.309339
1183 0.282644
1184 0.340914
1185 0.376369
1186 0.394939
1187 0.323059
1188 0.285869
1189 0.488272
1190 0.363045
1191 0.423646
1192 0.545083
1193 0.373402
1194 0.24534
1195 0.380535
1196 0.358051
1197 0.454848
1198 0.560289
1199 0.449105
1200 0.510932
1201 0.565437
1202 0.434859
1203 0.295702
1204 0.367409
1205 0.32423
1206 0.333418
1207 0.218099
1208 0.413851
1209 0.418108
1210 0.268342
1211 0.261343
1212 0.274445
1213 0.234349
1214 0.418436
1215 0.256592
1216 0.350654
1217 0.23205
1218 0.421215
1219 0.402831
1220 0.467792
1221 0.412852
1222 0.541018
1223 0.46168
1224 0.399566
1225 0.29305
1226 0.237568
1227 0.353223
1228 0.383454
1229 0.396525
1230 0.397356
1231 0.261941
1232 0.318565
1233 0.40407
1234 0.277476
1235 0.504451
1236 0.539307
1237 0.616251
1238 0.628455
1239 0.562509
1240 0.584594
1241 0.371122
1242 0.334215
1243 0.452039
1244 0.266242
1245 0.301563
1246 0.218932
1247 0.460083
1248 0.482025
1249 0.286554
1250 0.243843
1251 0.217822
1252 0.330401
1253 0.45762
1254 0.385546
1255 0.521941
1256 0.426349
1257 0.557108
1258 0.487536
1259 0.303998
1260 0.228806
1261 0.304735
1262 0.361432
1263 0.225492
1264 0.479548
1265 0.41632
1266 0.518146
1267 0.49716
1268 0.454392
1269 0.292229
1270 0.259259
1271 0.316229
1272 0.413144
1273 0.453618
1274 0.575591
1275 0.313274
1276 0.415386
1277 0.485811
1278 0.533627
1279 0.528702
1280 0.553417
1281 0.404104
1282 0.398907
1283 0.278437
1284 0.465632
1285 0.273677
1286 0.442617
1287 0.382001
1288 0.539032
1289 0.406536
1290 0.440315
1291 0.427601
1292 0.32055
1293 0.425063
1294 0.294985
1295 0.342983
1296 0.361062
1297 0.515748
1298 0.421226
1299 0.475578
1300 0.425091
1301 0.27482
1302 0.474675
1303 0.324699
1304 0.40137
1305 0.499447
1306 0.422827
1307 0.347323
1308 0.327907
1309 0.220038
1310 0.177323
1311 0.175825
1312 0.355459
1313 0.28443
1314 0.264444
1315 0.412968
1316 0.412459
1317 0.372917
1318 0.277471
1319 0.475345
1320 0.268817
1321 0.232172
1322 0.238746
1323 0.300119
1324 0.356226
1325 0.351779
1326 0.265345
1327 0.383739
1328 0.310908
1329 0.385155
1330 0.347601
1331 0.425742
1332 0.313511
1333 0.213864
1334 0.333646
1335 0.38589
1336 0.535502
1337 0.312543
1338 0.225394
1339 0.245653
1340 0.351186
1341 0.335911
1342 0.489545
1343 0.558636
1344 0.372088
1345 0.291957
1346 0.473406
1347 0.441507
1348 0.329133
1349 0.464706
1350 0.272479
1351 0.400535
1352 0.363647
1353 0.36648
1354 0.425037
1355 0.412807
1356 0.449386
1357 0.499915
1358 0.37021
1359 0.495349
1360 0.352089
1361 0.265805
1362 0.268461
1363 0.224942
1364 0.383174
1365 0.270626
1366 0.465975
1367 0.287713
1368 0.334739
1369 0.461039
1370 0.411314
1371 0.475429
1372 0.507776
1373 0.449624
1374 0.430957
1375 0.4475
1376 0.470815
1377 0.317402
1378 0.405132
1379 0.325942
1380 0.228845
1381 0.371312
1382 0.468405
1383 0.513097
1384 0.446699
1385 0.579572
1386 0.447442
1387 0.38602
1388 0.530098
1389 0.401601
1390 0.562613
1391 0.552852
1392 0.503011
1393 0.470806
1394 0.280675
1395 0.420064
1396 0.488198
1397 0.458946
1398 0.509714
1399 0.427548
1400 0.339596
1401 0.373758
1402 0.371497
1403 0.250366
1404 0.464882
1405 0.506803
1406 0.36421
1407 0.36742
1408 0.481499
1409 0.450769
1410 0.415942
1411 0.356679
1412 0.464963
1413 0.324251
1414 0.504261
1415 0.369433
1416 0.373436
1417 0.371591
1418 0.354709
1419 0.235951
1420 0.329453
1421 0.440836
1422 0.337746
1423 0.353467
1424 0.473093
1425 0.330993
1426 0.385553
1427 0.287064
1428 0.340878
1429 0.395601
1430 0.302618
1431 0.248509
1432 0.250208
1433 0.44752
1434 0.297575
1435 0.520442
1436 0.468222
1437 0.275612
1438 0.325007
1439 0.329733
1440 0.393051
1441 0.369939
1442 0.288322
1443 0.34618
1444 0.471867
1445 0.335904
1446 0.33645
1447 0.49125
1448 0.549361
1449 0.56815
1450 0.490903
1451 0.599333
1452 0.370833
1453 0.545998
1454 0.417278
1455 0.414317
1456 0.360436
1457 0.260603
1458 0.458581
1459 0.275773
1460 0.307008
1461 0.458297
1462 0.429581
1463 0.505151
1464 0.433118
1465 0.531193
1466 0.501284
1467 0.464682
1468 0.53462
1469 0.382816
1470 0.454679
1471 0.466624
1472 0.305302
1473 0.306617
1474 0.467334
1475 0.432765
1476 0.366683
1477 0.515229
1478 0.517431
1479 0.574333
1480 0.603891
1481 0.573078
1482 0.504336
1483 0.500999
1484 0.485354
1485 0.460057
1486 0.520439
1487 0.416533
1488 0.276873
1489 0.41292
1490 0.50524
1491 0.307506
1492 0.268216
1493 0.213014
1494 0.423829
1495 0.306507
1496 0.417675
1497 0.330718
1498 0.415516
1499 0.32236
1500 0.428484
1501 0.351899
1502 0.360235
1503 0.314621
1504 0.379881
1505 0.435434
1506 0.38805
1507 0.338789
1508 0.288861
1509 0.355327
1510 0.403138
1511 0.327907
1512 0.329824
1513 0.439869
1514 0.519117
1515 0.5705
1516 0.506212
1517 0.41919
1518 0.49977
1519 0.372818
1520 0.38693
1521 0.360792
1522 0.225696
1523 0.180075
1524 0.240506
1525 0.315373
1526 0.233513
1527 0.284914
1528 0.328378
1529 0.319505
1530 0.384295
1531 0.522708
1532 0.408102
1533 0.530753
1534 0.460117
1535 0.445149
1536 0.477652
1537 0.338576
1538 0.287003
1539 0.224348
1540 0.380274
1541 0.45901
1542 0.411108
1543 0.286125
1544 0.245164
1545 0.210473
1546 0.327473
1547 0.290176
1548 0.449488
1549 0.399457
1550 0.537209
1551 0.324591
1552 0.298623
1553 0.298326
1554 0.450169
1555 0.530833
1556 0.37971
1557 0.545448
1558 0.463699
1559 0.486442
1560 0.324491
1561 0.316335
1562 0.277503
1563 0.436895
1564 0.477398
1565 0.502518
1566 0.422829
1567 0.479017
1568 0.38974
1569 0.276997
1570 0.462447
1571 0.375945
1572 0.299948
1573 0.255835
1574 0.265322
1575 0.316673
1576 0.461013
1577 0.424091
1578 0.306611
1579 0.34552
1580 0.451771
1581 0.452578
1582 0.359103
1583 0.239782
1584 0.463417
1585 0.483586
1586 0.335133
1587 0.258648
1588 0.223623
1589 0.327237
1590 0.283881
1591 0.470632
1592 0.512863
1593 0.492893
1594 0.573923
1595 0.375351
1596 0.448877
1597 0.408389
1598 0.51765
1599 0.379109
1600 0.24485
1601 0.378791
1602 0.357383
1603 0.344986
1604 0.4314
1605 0.409007
1606 0.463581
1607 0.450994
1608 0.574732
1609 0.490719
1610 0.58584
1611 0.496293
1612 0.546251
1613 0.355449
1614 0.469209
1615 0.546348
1616 0.526337
1617 0.364567
1618 0.532099
1619 0.473476
1620 0.346699
1621 0.230946
1622 0.221682
1623 0.210793
1624 0.360566
1625 0.479114
1626 0.560341
1627 0.4044
1628 0.50836
1629 0.327783
1630 0.498646
1631 0.484495
1632 0.392251
1633 0.420833
1634 0.510034
1635 0.328722
1636 0.348795
1637 0.485407
1638 0.442537
1639 0.556358
1640 0.438104
1641 0.530368
1642 0.367588
1643 0.373961
1644 0.271794
1645 0.45464
1646 0.273056
1647 0.430416
1648 0.320517
1649 0.268502
1650 0.198767
1651 0.356753
1652 0.262647
1653 0.435295
1654 0.372167
1655 0.282948
1656 0.221749
1657 0.25032
1658 0.186258
1659 0.219417
1660 0.182095
1661 0.18312
1662 0.234769
1663 0.35736
1664 0.304326
1665 0.312394
1666 0.345655
1667 0.359307
1668 0.317079
1669 0.390669
1670 0.257912
1671 0.485506
1672 0.366615
1673 0.507894
1674 0.371291
1675 0.527629
1676 0.508792
1677 0.295771
1678 0.468655
1679 0.393158
1680 0.383065
1681 0.3237
1682 0.448556
1683 0.327265
1684 0.511362
1685 0.428836
1686 0.440312
1687 0.358401
1688 0.256976
1689 0.333905
1690 0.428096
1691 0.39754
1692 0.485003
1693 0.356692
1694 0.364713
1695 0.46202
1696 0.503036
1697 0.503356
1698 0.324034
1699 0.370698
1700 0.41313
1701 0.325649
1702 0.318854
1703 0.342982
1704 0.35326
1705 0.481773
1706 0.381012
1707 0.504237
1708 0.30112
1709 0.412427
1710 0.353772
1711 0.469318
1712 0.299635
1713 0.314914
1714 0.470743
1715 0.263878
1716 0.465343
1717 0.527439
1718 0.441055
1719 0.369537
1720 0.257832
1721 0.445355
1722 0.380841
1723 0.437882
1724 0.457963
1725 0.520765
1726 0.328768
1727 0.313092
1728 0.350895
1729 0.499664
1730 0.287975
1731 0.313324
1732 0.465507
1733 0.487867
1734 0.511615
1735 0.304466
1736 0.371712
1737 0.305738
1738 0.321172
1739 0.285006
1740 0.415078
1741 0.418723
1742 0.488616
1743 0.376583
1744 0.543601
1745 0.298662
1746 0.316127
1747 0.460346
1748 0.318097
1749 0.315104
1750 0.318781
1751 0.48468
1752 0.390908
1753 0.52491
1754 0.325807
1755 0.415321
1756 0.437195
1757 0.479154
1758 0.50693
1759 0.353697
1760 0.44171
1761 0.315849
1762 0.295178
1763 0.205158
1764 0.409021
1765 0.451734
1766 0.515629
1767 0.463709
1768 0.386406
1769 0.286889
1770 0.49749
1771 0.465026
1772 0.276365
1773 0.415694
1774 0.444546
1775 0.562491
1776 0.590802
1777 0.411744
1778 0.577163
1779 0.593569
1780 0.522077
1781 0.590492
1782 0.438039
1783 0.376545
1784 0.451802
1785 0.337493
1786 0.357203
1787 0.262694
1788 0.341965
1789 0.487312
1790 0.464567
1791 0.324116
1792 0.457467
1793 0.289339
1794 0.324105
1795 0.356222
1796 0.397456
1797 0.294217
1798 0.234621
1799 0.295137
1800 0.423928
1801 0.401007
1802 0.272879
1803 0.341425
1804 0.382706
1805 0.285757
1806 0.423095
1807 0.352429
1808 0.238757
1809 0.415777
1810 0.360754
1811 0.447689
1812 0.510662
1813 0.37379
1814 0.416242
1815 0.418123
1816 0.443117
1817 0.495057
1818 0.34065
1819 0.457802
1820 0.433844
1821 0.47154
1822 0.293106
1823 0.328616
1824 0.448887
1825 0.355242
1826 0.529774
1827 0.434927
1828 0.476685
1829 0.311151
1830 0.366997
1831 0.316515
1832 0.219063
1833 0.219846
1834 0.325893
1835 0.339371
1836 0.226725
1837 0.458715
1838 0.373176
1839 0.536377
1840 0.548151
1841 0.402845
1842 0.374089
1843 0.364586
1844 0.34716
1845 0.45264
1846 0.408672
1847 0.502909
1848 0.527383
1849 0.355999
1850 0.25967
1851 0.320184
1852 0.479748
1853 0.354279
1854 0.315629
1855 0.379113
1856 0.277555
1857 0.482205
1858 0.4209
1859 0.362949
1860 0.269209
1861 0.352548
1862 0.278949
1863 0.312165
1864 0.426142
1865 0.426203
1866 0.357989
1867 0.438162
1868 0.465858
1869 0.569178
1870 0.492591
1871 0.493948
1872 0.539154
1873 0.408895
1874 0.261321
1875 0.391949
1876 0.512142
1877 0.408719
1878 0.48671
1879 0.507117
1880 0.352199
1881 0.326637
1882 0.434415
1883 0.437096
1884 0.380651
1885 0.383104
1886 0.303855
1887 0.420716
1888 0.531616
1889 0.328081
1890 0.27811
1891 0.383552
1892 0.40889
1893 0.504441
1894 0.46568
1895 0.423358
1896 0.465356
1897 0.332212
1898 0.344123
1899 0.384997
1900 0.257691
1901 0.266802
1902 0.336216
1903 0.390781
1904 0.37681
1905 0.348323
1906 0.311723
1907 0.37963
1908 0.238331
1909 0.261319
1910 0.205906
1911 0.425312
1912 0.363862
1913 0.3756
1914 0.300541
1915 0.353499
1916 0.475389
1917 0.475238
1918 0.318597
1919 0.343856
1920 0.410646
1921 0.297005
1922 0.324642
1923 0.383085
1924 0.431689
1925 0.406086
1926 0.511138
1927 0.418648
1928 0.45216
1929 0.404365
1930 0.339313
1931 0.407619
1932 0.322441
1933 0.26342
1934 0.35728
1935 0.322456
1936 0.446378
1937 0.438709
1938 0.558245
1939 0.467624
1940 0.46051
1941 0.470121
1942 0.326541
1943 0.383296
1944 0.254337
1945 0.200595
1946 0.387905
1947 0.426735
1948 0.45108
1949 0.366704
1950 0.252706
1951 0.258702
1952 0.452388
1953 0.334768
1954 0.414347
1955 0.382958
1956 0.286759
1957 0.399567
1958 0.287063
1959 0.496953
1960 0.413706
1961 0.422796
1962 0.350514
1963 0.426107
1964 0.451677
1965 0.488112
1966 0.37368
1967 0.378844
1968 0.434238
1969 0.383387
1970 0.426686
1971 0.309856
1972 0.360042
1973 0.328999
1974 0.276147
1975 0.37798
1976 0.440004
1977 0.479727
1978 0.530275
1979 0.320577
1980 0.424419
1981 0.51185
1982 0.540212
1983 0.52927
1984 0.589855
1985 0.411789
1986 0.523141
1987 0.309166
1988 0.319504
1989 0.281274
1990 0.405775
1991 0.401488
1992 0.383139
1993 0.40703
1994 0.264634
1995 0.208968
1996 0.358681
1997 0.483965
1998 0.286685
1999 0.487757
2000 0.390259
2001 0.283591
2002 0.315004
2003 0.220746
2004 0.452578
2005 0.533426
2006 0.571604
2007 0.439142
2008 0.562113
2009 0.427237
2010 0.3974
2011 0.371065
2012 0.348959
2013 0.288498
2014 0.223976
2015 0.349841
2016 0.434516
2017 0.543453
2018 0.534655
2019 0.458783
2020 0.513917
2021 0.301586
2022 0.431723
2023 0.342958
2024 0.305835
2025 0.435905
2026 0.388771
2027 0.319404
2028 0.33395
2029 0.460097
2030 0.330896
2031 0.469008
2032 0.522802
2033 0.375051
2034 0.446389
2035 0.42405
2036 0.399503
2037 0.452578
2038 0.36625
2039 0.340206
2040 0.47559
2041 0.504761
2042 0.594909
2043 0.502475
2044 0.431655
2045 0.470555
2046 0.554304
2047 0.585287
2048 0.407058
2049 0.268084
2050 0.36811
2051 0.274513
2052 0.209523
2053 0.177629
2054 0.321856
2055 0.367502
2056 0.526089
2057 0.586493
2058 0.555788
2059 0.452107
2060 0.561902
2061 0.605692
2062 0.511344
2063 0.46137
2064 0.5055
2065 0.580933
2066 0.544098
2067 0.427045
2068 0.348668
2069 0.434105
2070 0.449309
2071 0.295045
2072 0.216083
2073 0.346388
2074 0.355288
2075 0.459687
2076 0.507923
2077 0.417265
2078 0.403714
2079 0.41213
2080 0.44708
2081 0.462993
2082 0.409432
2083 0.464569
2084 0.53721
2085 0.420413
2086 0.427869
2087 0.464755
2088 0.388151
2089 0.293868
2090 0.30134
2091 0.209564
2092 0.200019
2093 0.203899
2094 0.293265
2095 0.382183
2096 0.30544
2097 0.497901
2098 0.555559
2099 0
