0 -27.04
1 17.9639
2 -3.91583
3 -3.45288
4 -2.76948
5 -2.90547
6 -3.14979
7 -3.29305
8 -3.33655
9 -3.39202
10 -3.61236
11 -3.98378
12 -3.43838
13 -3.61324
14 -3.60792
15 -3.5863
16 -3.63302
17 -2.58062
18 -3.94591
19 -2.24301
20 -3.91792
21 -1.53682
22 -0.680858
23 -1.46797
24 -0.214558
25 -0.294482
26 -0.200929
27 0.110404
28 0.0583413
29 0.111269
30 0.150645
31 0.153962
32 0.159559
33 0.158713
34 0.151757
35 0.167288
36 0.170003
37 0.170386
38 0.160495
39 0.160127
40 0.187419
41 0.204426
42 0.19406
43 0.194336
44 0.201464
45 0.206359
46 0.200315
47 0.200602
48 0.173221
49 0.174949
50 0.194195
51 0.179707
52 0.171924
53 0.166108
54 0.176633
55 0.181031
56 0.178455
57 0.177258
58 0.168722
59 0.169003
60 0.156086
61 0.156829
62 0.173291
63 0.155498
64 0.153505
65 0.150697
66 0.167136
67 0.15737
68 0.168053
69 0.180452
70 0.165507
71 0.159531
72 0.177901
73 0.192848
74 0.168035
75 0.150793
76 0.160433
77 0.168335
78 0.166823
79 0.153181
80 0.1618
81 0.172072
82 0.174241
83 0.177172
84 0.170958
85 0.191012
86 0.175597
87 0.178371
88 0.161384
89 0.161346
90 0.165926
91 0.16179
92 0.160569
93 0.144919
94 0.162332
95 0.167745
96 0.166748
97 0.154675
98 0.147959
99 0.173472
100 0.156569
101 0.148994
102 0.151224
103 0.172598
104 0.155312
105 0.146818
106 0.16781
107 0.181779
108 0.153768
109 0.14933
110 0.168123
111 0.165517
112 0.148607
113 0.150033
114 0.153258
115 0.158384
116 0.166298
117 0.173078
118 0.158721
119 0.17104
120 0.192859
121 0.182696
122 0.185549
123 0.166161
124 0.175505
125 0.16996
126 0.189625
127 0.17394
128 0.184793
129 0.179109
130 0.178266
131 0.176158
132 0.180856
133 0.177128
134 0.174352
135 0.166152
136 0.15945
137 0.17864
138 0.192664
139 0.173009
140 0.172309
141 0.200479
142 0.201402
143 0.17015
144 0.174834
145 0.17126
146 0.164658
147 0.171589
148 0.17028
149 0.164269
150 0.149523
151 0.177743
152 0.180175
153 0.181364
154 0.157918
155 0.175861
156 0.176292
157 0.182914
158 0.173666
159 0.187565
160 0.175791
161 0.163866
162 0.167886
163 0.176503
164 0.177617
165 0.170877
166 0.177578
167 0.172674
168 0.175765
169 0.175687
170 0.194108
171 0.198199
172 0.170041
173 0.167036
174 0.175056
175 0.172642
176 0.175554
177 0.167015
178 0.183746
179 0.18267
180 0.196752
181 0.163631
182 0.176734
183 0.198413
184 0.180174
185 0.172845
186 0.159627
187 0.183058
188 0.17831
189 0.184493
190 0.164528
191 0.189432
192 0.18811
193 0.188355
194 0.182863
195 0.193129
196 0.183937
197 0.174577
198 0.167418
199 0.161254
200 0.168392
201 0.15762
202 0.17152
203 0.161539
204 0.162685
205 0.181535
206 0.175369
207 0.164725
208 0.156662
209 0.195524
210 0.179226
211 0.159725
212 0.174496
213 0.188839
214 0.18654
215 0.159441
216 0.194296
217 0.170674
218 0.175685
219 0.179608
220 0.176005
221 0.177941
222 0.188065
223 0.176517
224 0.174209
225 0.184429
226 0.180203
227 0.171122
228 0.183123
229 0.162617
230 0.180118
231 0.196547
232 0.170234
233 0.163133
234 0.186004
235 0.201649
236 0.17781
237 0.195138
238 0.175963
239 0.191343
240 0.2014
241 0.187863
242 0.165668
243 0.163173
244 0.178717
245 0.170694
246 0.158637
247 0.164167
248 0.169955
249 0.157249
250 0.164262
251 0.182876
252 0.196293
253 0.166312
254 0.180447
255 0.16948
256 0.182124
257 0.171876
258 0.173414
259 0.165554
260 0.172176
261 0.188853
262 0.181485
263 0.162095
264 0.176101
265 0.188667
266 0.164334
267 0.165959
268 0.184233
269 0.172293
270 0.167867
271 0.189912
272 0.186089
273 0.163795
274 0.187941
275 0.185859
276 0.183441
277 0.173196
278 0.159381
279 0.200915
280 0.181288
281 0.181964
282 0.173147
283 0.170913
284 0.174303
285 0.163377
286 0.194801
287 0.170778
288 0.195362
289 0.173595
290 0.183694
291 0.191022
292 0.208695
293 0.196017
294 0.175653
295 0.196747
296 0.189323
297 0.198073
298 0.166699
299 0.18105
300 0.189632
301 0.188358
302 0.175455
303 0.171425
304 0.184142
305 0.163085
306 0.182707
307 0.184166
308 0.170399
309 0.163376
310 0.194213
311 0.205487
312 0.18228
313 0.168121
314 0.171998
315 0.183677
316 0.180794
317 0.164405
318 0.169618
319 0.156716
320 0.182006
321 0.18181
322 0.185511
323 0.180474
324 0.177049
325 0.18648
326 0.172903
327 0.194002
328 0.182853
329 0.184192
330 0.172315
331 0.179897
332 0.180343
333 0.176523
334 0.163132
335 0.175457
336 0.162853
337 0.171453
338 0.170197
339 0.170836
340 0.158211
341 0.167214
342 0.184462
343 0.172365
344 0.170584
345 0.16194
346 0.160231
347 0.169404
348 0.181764
349 0.166913
350 0.171065
351 0.155073
352 0.182886
353 0.189189
354 0.172286
355 0.176862
356 0.166438
357 0.185541
358 0.17441
359 0.198733
360 0.168438
361 0.183053
362 0.189343
363 0.182721
364 0.168904
365 0.18085
366 0.174433
367 0.166658
368 0.158984
369 0.178503
370 0.171273
371 0.167017
372 0.161595
373 0.161885
374 0.17196
375 0.156956
376 0.172717
377 0.157607
378 0.161664
379 0.176594
380 0.189819
381 0.185854
382 0.186007
383 0.184278
384 0.176005
385 0.18042
386 0.184087
387 0.161752
388 0.153958
389 0.159667
390 0.182067
391 0.168298
392 0.165693
393 0.160052
394 0.185979
395 0.185823
396 0.163909
397 0.150941
398 0.173083
399 0.179712
400 0.175213
401 0.160991
402 0.176376
403 0.183976
404 0.174853
405 0.176428
406 0.193546
407 0.175758
408 0.178502
409 0.190199
410 0.201054
411 0.169981
412 0.18658
413 0.203679
414 0.203969
415 0.188327
416 0.194566
417 0.183277
418 0.203121
419 0.198978
420 0.203924
421 0.173225
422 0.164874
423 0.191853
424 0.177325
425 0.164696
426 0.156076
427 0.162226
428 0.163562
429 0.158749
430 0.181128
431 0.159086
432 0.167129
433 0.167254
434 0.203556
435 0.186413
436 0.158835
437 0.189093
438 0.201409
439 0.184971
440 0.170122
441 0.201065
442 0.203979
443 0.180501
444 0.189932
445 0.197124
446 0.188599
447 0.179379
448 0.178728
449 0.192369
450 0.167264
451 0.167052
452 0.171024
453 0.179748
454 0.157739
455 0.158139
456 0.165286
457 0.177311
458 0.15555
459 0.157809
460 0.166824
461 0.181173
462 0.158703
463 0.180408
464 0.207287
465 0.191921
466 0.179906
467 0.206352
468 0.196834
469 0.181627
470 0.19635
471 0.18635
472 0.183676
473 0.174621
474 0.192184
475 0.18301
476 0.200831
477 0.188689
478 0.194831
479 0.214013
480 0.177864
481 0.197281
482 0.199049
483 0.205222
484 0.175093
485 0.17214
486 0.197631
487 0.203538
488 0.194272
489 0.164226
490 0.162177
491 0.196289
492 0.1949
493 0.162245
494 0.165668
495 0.170219
496 0.181988
497 0.165503
498 0.168642
499 0.15492
500 0.165822
501 0.174929
502 0.170654
503 0.172145
504 0.153646
505 0.18634
506 0.196958
507 0.193773
508 0.160758
509 0.181137
510 0.177798
511 0.1739
512 0.16987
513 0.163126
514 0.170188
515 0.171438
516 0.202402
517 0.19325
518 0.192654
519 0.189362
520 0.203939
521 0.179883
522 0.177643
523 0.180389
524 0.20276
525 0.167417
526 0.167779
527 0.180446
528 0.190327
529 0.173757
530 0.174068
531 0.193944
532 0.200613
533 0.20257
534 0.192694
535 0.18112
536 0.178584
537 0.198232
538 0.195209
539 0.173924
540 0.181392
541 0.190703
542 0.183839
543 0.165136
544 0.202774
545 0.206418
546 0.175779
547 0.159303
548 0.186444
549 0.195891
550 0.177206
551 0.164728
552 0.167144
553 0.175941
554 0.180625
555 0.184981
556 0.174254
557 0.168724
558 0.181075
559 0.208508
560 0.194517
561 0.171702
562 0.163891
563 0.194152
564 0.188795
565 0.176765
566 0.16116
567 0.178671
568 0.17404
569 0.172344
570 0.173279
571 0.186961
572 0.161768
573 0.16174
574 0.177689
575 0.167314
576 0.164876
577 0.174083
578 0.180158
579 0.156063
580 0.166773
581 0.184312
582 0.173641
583 0.166706
584 0.171409
585 0.187269
586 0.17992
587 0.190143
588 0.202186
589 0.18583
590 0.20724
591 0.194078
592 0.206294
593 0.16559
594 0.193064
595 0.170692
596 0.177514
597 0.172467
598 0.181445
599 0.180115
600 0.17085
601 0.179655
602 0.173338
603 0.193179
604 0.180096
605 0.179603
606 0.173241
607 0.186066
608 0.15771
609 0.190285
610 0.168926
611 0.1606
612 0.164729
613 0.165512
614 0.159527
615 0.157901
616 0.178161
617 0.15068
618 0.151493
619 0.165748
620 0.162695
621 0.154163
622 0.148098
623 0.16627
624 0.165664
625 0.166935
626 0.155504
627 0.180606
628 0.169508
629 0.169839
630 0.166113
631 0.200098
632 0.181421
633 0.16573
634 0.170849
635 0.18882
636 0.171166
637 0.158948
638 0.185532
639 0.176573
640 0.170113
641 0.159812
642 0.176381
643 0.183469
644 0.194664
645 0.184027
646 0.183081
647 0.191428
648 0.207722
649 0.17468
650 0.179338
651 0.167557
652 0.189045
653 0.175605
654 0.181907
655 0.179574
656 0.17101
657 0.184589
658 0.193264
659 0.182273
660 0.169063
661 0.162013
662 0.173208
663 0.163023
664 0.163042
665 0.156446
666 0.17146
667 0.157981
668 0.169559
669 0.173395
670 0.175424
671 0.152172
672 0.168801
673 0.170621
674 0.175555
675 0.158575
676 0.160648
677 0.163118
678 0.197754
679 0.165984
680 0.167104
681 0.191589
682 0.191809
683 0.176569
684 0.167245
685 0.168506
686 0.170231
687 0.192348
688 0.163938
689 0.159003
690 0.157742
691 0.157823
692 0.152842
693 0.164623
694 0.16315
695 0.149891
696 0.146923
697 0.167499
698 0.174538
699 0.163432
700 0.164587
701 0.169327
702 0.182539
703 0.183107
704 0.177916
705 0.177476
706 0.186945
707 0.19945
708 0.19116
709 0.177025
710 0.164717
711 0.175158
712 0.188609
713 0.164751
714 0.157709
715 0.154532
716 0.183981
717 0.174585
718 0.192742
719 0.17146
720 0.190916
721 0.193199
722 0.18274
723 0.17061
724 0.17697
725 0.185942
726 0.178203
727 0.166893
728 0.158904
729 0.195064
730 0.194338
731 0.163921
732 0.16796
733 0.168808
734 0.181187
735 0.16128
736 0.180317
737 0.164974
738 0.180946
739 0.180883
740 0.19615
741 0.181231
742 0.154677
743 0.182804
744 0.171609
745 0.167538
746 0.164343
747 0.167272
748 0.148396
749 0.153986
750 0.176922
751 0.154733
752 0.149603
753 0.166248
754 0.164981
755 0.162362
756 0.157729
757 0.167147
758 0.147371
759 0.182335
760 0.18025
761 0.165274
762 0.176267
763 0.183292
764 0.19514
765 0.168818
766 0.176196
767 0.178081
768 0.162999
769 0.160406
770 0.175858
771 0.178292
772 0.165156
773 0.169967
774 0.168999
775 0.163092
776 0.189276
777 0.165131
778 0.15222
779 0.138546
780 0.162374
781 0.175528
782 0.16802
783 0.152748
784 0.166661
785 0.177008
786 0.176219
787 0.161508
788 0.183116
789 0.173797
790 0.158248
791 0.162417
792 0.173576
793 0.187737
794 0.17834
795 0.16778
796 0.184891
797 0.171496
798 0.176207
799 0.168278
800 0.165508
801 0.152492
802 0.168925
803 0.163527
804 0.15181
805 0.14394
806 0.169224
807 0.161414
808 0.159759
809 0.157238
810 0.163892
811 0.156347
812 0.173722
813 0.174048
814 0.167669
815 0.158807
816 0.175289
817 0.181322
818 0.176574
819 0.178258
820 0.170443
821 0.167331
822 0.179721
823 0.184205
824 0.170506
825 0.16384
826 0.15299
827 0.15614
828 0.155434
829 0.167804
830 0.159969
831 0.16132
832 0.154177
833 0.165816
834 0.180426
835 0.176441
836 0.160971
837 0.145995
838 0.172341
839 0.179572
840 0.163613
841 0.156401
842 0.166118
843 0.178899
844 0.164343
845 0.175072
846 0.177005
847 0.163155
848 0.166962
849 0.176569
850 0.176224
851 0.163
852 0.158837
853 0.153011
854 0.176503
855 0.170293
856 0.163072
857 0.164815
858 0.171032
859 0.184885
860 0.165464
861 0.178944
862 0.163137
863 0.183204
864 0.164781
865 0.152631
866 0.167616
867 0.179977
868 0.188116
869 0.165937
870 0.180173
871 0.174596
872 0.196217
873 0.179274
874 0.168329
875 0.164378
876 0.172556
877 0.173948
878 0.169792
879 0.1598
880 0.170687
881 0.183649
882 0.184304
883 0.1653
884 0.169738
885 0.183009
886 0.179725
887 0.165777
888 0.155387
889 0.177745
890 0.176816
891 0.161877
892 0.169261
893 0.184904
894 0.179134
895 0.181521
896 0.184203
897 0.187703
898 0.167993
899 0.180821
900 0.168677
901 0.182549
902 0.155167
903 0.163685
904 0.163522
905 0.190919
906 0.175529
907 0.170096
908 0.187889
909 0.201268
910 0.210968
911 0.187041
912 0.199382
913 0.211841
914 0.180681
915 0.188598
916 0.179721
917 0.196937
918 0.165243
919 0.18322
920 0.17861
921 0.167851
922 0.180828
923 0.159889
924 0.176876
925 0.167275
926 0.170309
927 0.165567
928 0.161637
929 0.181216
930 0.161048
931 0.181512
932 0.160365
933 0.172894
934 0.170085
935 0.175227
936 0.158935
937 0.158023
938 0.158557
939 0.169376
940 0.152063
941 0.160925
942 0.157543
943 0.174139
944 0.14717
945 0.157416
946 0.167535
947 0.162176
948 0.149252
949 0.152468
950 0.165848
951 0.173133
952 0.157175
953 0.146948
954 0.186187
955 0.173616
956 0.166824
957 0.152762
958 0.16372
959 0.161137
960 0.171164
961 0.167624
962 0.168051
963 0.179723
964 0.177118
965 0.16857
966 0.171133
967 0.187136
968 0.189499
969 0.179267
970 0.162763
971 0.200059
972 0.215164
973 0.188091
974 0.162148
975 0.166025
976 0.187934
977 0.182146
978 0.163498
979 0.164361
980 0.166806
981 0.179792
982 0.176328
983 0.178785
984 0.177108
985 0.177516
986 0.183835
987 0.170235
988 0.170949
989 0.167048
990 0.168592
991 0.17548
992 0.154999
993 0.15882
994 0.149028
995 0.181029
996 0.17052
997 0.173297
998 0.154536
999 0.158987
1000 0.192013
1001 0.195962
1002 0.182233
1003 0.165388
1004 0.165417
1005 0.19845
1006 0.181865
1007 0.190366
1008 0.164978
1009 0.183935
1010 0.162801
1011 0.184893
1012 0.158213
1013 0.17338
1014 0.170273
1015 0.179291
1016 0.167135
1017 0.18154
1018 0.178883
1019 0.176467
1020 0.179562
1021 0.163642
1022 0.187668
1023 0.164087
1024 0.165377
1025 0.156085
1026 0.170764
1027 0.158692
1028 0.162773
1029 0.156506
1030 0.166883
1031 0.150016
1032 0.171775
1033 0.160553
1034 0.167882
1035 0.151002
1036 0.147343
1037 0.174307
1038 0.174029
1039 0.173987
1040 0.161738
1041 0.184198
1042 0.179852
1043 0.173511
1044 0.184596
1045 0.183715
1046 0.165377
1047 0.150134
1048 0.183602
1049 0.187885
1050 0.174615
1051 0.167055
1052 0.164962
1053 0.171522
1054 0.19411
1055 0.189231
1056 0.180571
1057 0.179286
1058 0.207188
1059 0.173298
1060 0.188422
1061 0.176366
1062 0.174386
1063 0.172417
1064 0.174162
1065 0.163229
1066 0.164631
1067 0.176611
1068 0.16813
1069 0.168406
1070 0.172629
1071 0.169122
1072 0.171256
1073 0.173966
1074 0.185826
1075 0.168471
1076 0.181829
1077 0.172971
1078 0.193989
1079 0.180857
1080 0.164303
1081 0.166233
1082 0.185789
1083 0.188559
1084 0.181434
1085 0.171869
1086 0.196214
1087 0.181463
1088 0.16863
1089 0.179466
1090 0.202755
1091 0.185553
1092 0.159123
1093 0.155524
1094 0.186586
1095 0.168907
1096 0.166075
1097 0.161717
1098 0.189117
1099 0.164487
1100 0.182673
1101 0.160311
1102 0.174578
1103 0.184758
1104 0.19172
1105 0.161428
1106 0.166872
1107 0.184091
1108 0.188899
1109 0.177225
1110 0.190702
1111 0.165747
1112 0.183091
1113 0.179102
1114 0.192968
1115 0.16536
1116 0.161123
1117 0.173609
1118 0.172745
1119 0.166666
1120 0.14894
1121 0.153155
1122 0.176088
1123 0.157388
1124 0.155261
1125 0.1619
1126 0.193583
1127 0.183327
1128 0.181113
1129 0.190053
1130 0.198203
1131 0.196081
1132 0.193254
1133 0.17186
1134 0.193828
1135 0.175046
1136 0.171128
1137 0.181153
1138 0.170875
1139 0.178005
1140 0.182711
1141 0.196142
1142 0.176561
1143 0.199441
1144 0.189329
1145 0.170225
1146 0.197431
1147 0.188369
1148 0.194953
1149 0.157032
1150 0.183347
1151 0.18797
1152 0.192898
1153 0.17849
1154 0.172544
1155 0.179705
1156 0.195813
1157 0.186166
1158 0.171927
1159 0.168661
1160 0.195819
1161 0.176967
1162 0.171666
1163 0.168103
1164 0.190595
1165 0.184227
1166 0.15738
1167 0.174666
1168 0.174688
1169 0.175033
1170 0.154595
1171 0.175089
1172 0.171523
1173 0.184386
1174 0.166012
1175 0.177592
1176 0.187084
1177 0.186372
1178 0.170942
1179 0.178134
1180 0.171463
1181 0.182513
1182 0.156635
1183 0.16039
1184 0.156185
1185 0.177257
1186 0.167846
1187 0.158519
1188 0.158698
1189 0.18294
1190 0.175968
1191 0.173482
1192 0.178612
1193 0.182697
1194 0.163419
1195 0.178296
1196 0.185871
1197 0.176193
1198 0.170783
1199 0.178121
1200 0.179924
1201 0.201157
1202 0.1957
1203 0.163422
1204 0.181901
1205 0.18593
1206 0.176221
1207 0.152295
1208 0.172954
1209 0.176054
1210 0.164385
1211 0.145826
1212 0.169994
1213 0.163373
1214 0.162255
1215 0.155976
1216 0.160924
1217 0.145263
1218 0.185641
1219 0.164271
1220 0.180327
1221 0.161457
1222 0.193138
1223 0.186858
1224 0.180002
1225 0.16429
1226 0.170017
1227 0.18472
1228 0.176285
1229 0.166107
1230 0.163189
1231 0.161385
1232 0.167365
1233 0.179887
1234 0.165283
1235 0.161903
1236 0.179458
1237 0.200681
1238 0.185056
1239 0.195655
1240 0.208716
1241 0.184471
1242 0.18121
1243 0.197019
1244 0.170416
1245 0.163016
1246 0.147345
1247 0.196619
1248 0.170225
1249 0.158189
1250 0.140018
1251 0.170261
1252 0.183124
1253 0.168995
1254 0.162994
1255 0.168617
1256 0.173818
1257 0.198119
1258 0.18524
1259 0.176287
1260 0.15765
1261 0.183561
1262 0.179532
1263 0.158201
1264 0.165423
1265 0.171722
1266 0.187594
1267 0.173417
1268 0.190087
1269 0.166626
1270 0.169536
1271 0.180479
1272 0.186118
1273 0.170849
1274 0.175179
1275 0.161484
1276 0.175638
1277 0.200329
1278 0.210424
1279 0.178573
1280 0.182848
1281 0.180377
1282 0.187187
1283 0.180355
1284 0.199501
1285 0.160255
1286 0.180193
1287 0.163735
1288 0.194111
1289 0.164455
1290 0.177553
1291 0.179565
1292 0.178982
1293 0.180019
1294 0.16933
1295 0.17246
1296 0.167096
1297 0.190877
1298 0.171358
1299 0.176987
1300 0.178952
1301 0.169758
1302 0.18667
1303 0.171621
1304 0.17645
1305 0.171677
1306 0.185602
1307 0.161912
1308 0.171568
1309 0.170809
1310 0.161768
1311 0.153252
1312 0.165382
1313 0.155196
1314 0.151651
1315 0.158423
1316 0.17914
1317 0.165378
1318 0.148583
1319 0.18669
1320 0.170114
1321 0.159744
1322 0.149678
1323 0.178703
1324 0.163169
1325 0.158343
1326 0.154087
1327 0.168543
1328 0.170422
1329 0.174049
1330 0.159101
1331 0.178497
1332 0.164983
1333 0.157547
1334 0.169725
1335 0.185631
1336 0.175451
1337 0.156631
1338 0.157929
1339 0.164877
1340 0.187412
1341 0.165099
1342 0.159835
1343 0.173994
1344 0.172719
1345 0.156903
1346 0.201165
1347 0.199463
1348 0.165589
1349 0.165629
1350 0.172844
1351 0.182094
1352 0.165142
1353 0.183754
1354 0.168438
1355 0.173676
1356 0.179541
1357 0.181851
1358 0.173095
1359 0.185512
1360 0.173929
1361 0.17412
1362 0.160178
1363 0.165836
1364 0.167992
1365 0.149733
1366 0.161647
1367 0.15011
1368 0.171295
1369 0.171183
1370 0.188153
1371 0.17272
1372 0.178906
1373 0.18967
1374 0.182071
1375 0.189886
1376 0.194451
1377 0.168527
1378 0.176535
1379 0.17764
1380 0.164873
1381 0.164141
1382 0.189041
1383 0.182396
1384 0.163385
1385 0.192419
1386 0.189828
1387 0.182542
1388 0.197048
1389 0.190295
1390 0.196731
1391 0.191057
1392 0.200832
1393 0.184708
1394 0.16843
1395 0.191221
1396 0.198131
1397 0.18353
1398 0.172715
1399 0.178992
1400 0.17807
1401 0.179262
1402 0.184549
1403 0.163013
1404 0.169316
1405 0.18253
1406 0.174148
1407 0.157488
1408 0.196611
1409 0.195984
1410 0.171142
1411 0.161992
1412 0.190129
1413 0.17513
1414 0.179631
1415 0.164497
1416 0.180495
1417 0.167342
1418 0.186094
1419 0.162949
1420 0.168164
1421 0.177815
1422 0.170322
1423 0.151385
1424 0.177986
1425 0.178065
1426 0.168825
1427 0.154706
1428 0.177078
1429 0.169707
1430 0.164331
1431 0.152669
1432 0.160184
1433 0.182064
1434 0.158727
1435 0.173132
1436 0.173823
1437 0.17535
1438 0.158859
1439 0.181704
1440 0.183939
1441 0.160904
1442 0.155093
1443 0.169246
1444 0.185543
1445 0.167161
1446 0.153221
1447 0.17698
1448 0.207686
1449 0.189474
1450 0.175707
1451 0.205869
1452 0.183014
1453 0.207609
1454 0.187426
1455 0.192112
1456 0.163457
1457 0.172667
1458 0.184023
1459 0.164346
1460 0.158656
1461 0.172889
1462 0.187473
1463 0.173627
1464 0.164345
1465 0.193341
1466 0.193051
1467 0.188758
1468 0.189928
1469 0.18583
1470 0.186551
1471 0.191232
1472 0.177073
1473 0.163561
1474 0.186408
1475 0.186796
1476 0.164928
1477 0.172586
1478 0.193052
1479 0.197246
1480 0.19067
1481 0.202088
1482 0.193931
1483 0.203398
1484 0.200834
1485 0.198875
1486 0.194623
1487 0.181491
1488 0.165585
1489 0.188604
1490 0.199469
1491 0.166366
1492 0.146725
1493 0.165749
1494 0.190122
1495 0.159855
1496 0.162273
1497 0.153844
1498 0.182947
1499 0.161005
1500 0.184292
1501 0.167216
1502 0.177938
1503 0.158515
1504 0.180093
1505 0.174718
1506 0.171116
1507 0.160906
1508 0.16505
1509 0.181106
1510 0.178694
1511 0.164909
1512 0.158561
1513 0.178045
1514 0.190191
1515 0.191002
1516 0.177817
1517 0.182619
1518 0.196024
1519 0.191048
1520 0.181418
1521 0.169505
1522 0.175753
1523 0.151483
1524 0.167083
1525 0.168463
1526 0.150784
1527 0.145405
1528 0.154905
1529 0.16748
1530 0.15839
1531 0.176105
1532 0.16945
1533 0.178341
1534 0.180255
1535 0.190507
1536 0.179752
1537 0.173724
1538 0.170262
1539 0.16648
1540 0.17499
1541 0.17638
1542 0.171814
1543 0.150256
1544 0.159342
1545 0.165694
1546 0.174425
1547 0.157538
1548 0.164397
1549 0.158884
1550 0.181341
1551 0.157524
1552 0.171336
1553 0.170848
1554 0.182691
1555 0.181502
1556 0.165189
1557 0.185296
1558 0.192485
1559 0.201455
1560 0.167405
1561 0.181774
1562 0.169087
1563 0.188024
1564 0.174114
1565 0.176761
1566 0.167574
1567 0.187902
1568 0.178294
1569 0.171053
1570 0.179939
1571 0.177073
1572 0.170563
1573 0.14734
1574 0.172539
1575 0.165661
1576 0.17349
1577 0.16365
1578 0.154658
1579 0.168546
1580 0.192017
1581 0.182191
1582 0.158077
1583 0.149427
1584 0.182467
1585 0.1871
1586 0.172189
1587 0.146151
1588 0.165049
1589 0.184365
1590 0.154812
1591 0.164113
1592 0.168614
1593 0.18217
1594 0.17976
1595 0.181666
1596 0.19357
1597 0.188106
1598 0.200897
1599 0.170593
1600 0.159238
1601 0.176065
1602 0.184347
1603 0.168992
1604 0.167492
1605 0.173553
1606 0.180111
1607 0.175185
1608 0.195957
1609 0.188527
1610 0.200327
1611 0.193742
1612 0.204942
1613 0.17195
1614 0.196049
1615 0.204532
1616 0.193985
1617 0.161436
1618 0.197288
1619 0.201724
1620 0.188903
1621 0.150323
1622 0.167946
1623 0.167102
1624 0.17292
1625 0.164757
1626 0.166416
1627 0.156684
1628 0.185343
1629 0.183715
1630 0.197703
1631 0.184694
1632 0.184963
1633 0.169939
1634 0.197919
1635 0.175747
1636 0.164218
1637 0.18564
1638 0.188102
1639 0.178064
1640 0.172938
1641 0.199316
1642 0.176149
1643 0.187096
1644 0.161831
1645 0.188153
1646 0.160403
1647 0.17928
1648 0.157602
1649 0.177646
1650 0.145748
1651 0.177845
1652 0.15197
1653 0.162567
1654 0.152571
1655 0.167903
1656 0.151724
1657 0.175371
1658 0.156046
1659 0.154586
1660 0.142961
1661 0.145965
1662 0.143624
1663 0.156942
1664 0.154532
1665 0.151135
1666 0.160265
1667 0.173978
1668 0.16305
1669 0.166099
1670 0.16025
1671 0.176768
1672 0.163657
1673 0.185841
1674 0.162187
1675 0.192994
1676 0.185775
1677 0.172872
1678 0.186243
1679 0.191731
1680 0.181894
1681 0.15483
1682 0.185159
1683 0.168722
1684 0.178231
1685 0.173298
1686 0.183744
1687 0.16432
1688 0.173909
1689 0.172636
1690 0.183681
1691 0.175749
1692 0.171049
1693 0.16497
1694 0.179718
1695 0.186393
1696 0.195104
1697 0.181098
1698 0.163937
1699 0.175731
1700 0.193772
1701 0.17644
1702 0.158308
1703 0.169777
1704 0.179356
1705 0.17999
1706 0.167537
1707 0.182208
1708 0.162178
1709 0.188101
1710 0.173949
1711 0.19303
1712 0.153843
1713 0.162507
1714 0.182389
1715 0.170936
1716 0.162665
1717 0.180126
1718 0.19022
1719 0.155816
1720 0.160623
1721 0.194389
1722 0.17513
1723 0.175272
1724 0.166305
1725 0.194953
1726 0.173719
1727 0.166484
1728 0.178119
1729 0.189658
1730 0.158401
1731 0.155766
1732 0.183215
1733 0.200242
1734 0.17767
1735 0.152326
1736 0.176345
1737 0.180603
1738 0.1795
1739 0.155736
1740 0.17275
1741 0.170046
1742 0.179363
1743 0.16266
1744 0.193517
1745 0.170522
1746 0.179129
1747 0.181698
1748 0.179689
1749 0.159361
1750 0.162692
1751 0.189667
1752 0.168884
1753 0.180771
1754 0.160408
1755 0.187965
1756 0.179174
1757 0.192021
1758 0.173531
1759 0.171942
1760 0.180438
1761 0.173735
1762 0.175026
1763 0.154082
1764 0.17691
1765 0.169979
1766 0.176658
1767 0.161863
1768 0.17691
1769 0.169579
1770 0.201803
1771 0.189008
1772 0.161457
1773 0.168844
1774 0.200342
1775 0.20135
1776 0.176877
1777 0.172555
1778 0.189374
1779 0.208013
1780 0.202005
1781 0.184471
1782 0.188809
1783 0.191386
1784 0.191428
1785 0.182903
1786 0.171787
1787 0.157528
1788 0.176661
1789 0.179237
1790 0.176586
1791 0.156154
1792 0.17283
1793 0.175806
1794 0.175238
1795 0.168878
1796 0.181496
1797 0.159677
1798 0.153986
1799 0.168308
1800 0.175626
1801 0.165157
1802 0.149802
1803 0.158244
1804 0.181937
1805 0.165485
1806 0.167761
1807 0.166355
1808 0.159693
1809 0.162806
1810 0.172986
1811 0.17819
1812 0.169497
1813 0.174547
1814 0.173008
1815 0.187804
1816 0.190163
1817 0.183574
1818 0.168131
1819 0.183299
1820 0.184873
1821 0.18883
1822 0.154936
1823 0.166576
1824 0.185129
1825 0.176232
1826 0.173397
1827 0.176026
1828 0.190085
1829 0.162091
1830 0.186677
1831 0.177402
1832 0.167009
1833 0.149738
1834 0.169581
1835 0.166529
1836 0.149144
1837 0.157776
1838 0.168081
1839 0.182085
1840 0.170367
1841 0.183972
1842 0.173992
1843 0.183128
1844 0.187095
1845 0.174352
1846 0.169974
1847 0.178217
1848 0.179362
1849 0.178624
1850 0.158123
1851 0.185139
1852 0.198933
1853 0.165786
1854 0.149616
1855 0.169325
1856 0.177155
1857 0.179508
1858 0.175055
1859 0.175293
1860 0.156607
1861 0.178067
1862 0.174769
1863 0.166359
1864 0.172926
1865 0.169508
1866 0.160785
1867 0.169278
1868 0.189299
1869 0.191928
1870 0.182103
1871 0.187391
1872 0.19767
1873 0.191364
1874 0.168542
1875 0.183495
1876 0.198948
1877 0.17322
1878 0.165799
1879 0.181957
1880 0.182446
1881 0.16605
1882 0.192581
1883 0.190975
1884 0.165051
1885 0.162312
1886 0.168067
1887 0.181862
1888 0.190346
1889 0.166089
1890 0.15257
1891 0.184424
1892 0.194064
1893 0.179001
1894 0.168818
1895 0.176736
1896 0.181639
1897 0.178918
1898 0.174139
1899 0.181705
1900 0.168264
1901 0.156487
1902 0.169141
1903 0.177074
1904 0.16272
1905 0.160611
1906 0.162997
1907 0.18013
1908 0.161844
1909 0.164984
1910 0.151722
1911 0.176906
1912 0.157894
1913 0.163418
1914 0.153592
1915 0.180378
1916 0.187124
1917 0.179365
1918 0.162504
1919 0.169885
1920 0.190743
1921 0.179601
1922 0.163927
1923 0.170645
1924 0.181656
1925 0.170541
1926 0.178853
1927 0.177559
1928 0.18663
1929 0.175974
1930 0.181046
1931 0.182367
1932 0.174984
1933 0.164242
1934 0.170574
1935 0.170599
1936 0.17424
1937 0.169395
1938 0.186412
1939 0.172606
1940 0.183546
1941 0.183458
1942 0.179022
1943 0.18072
1944 0.17132
1945 0.161446
1946 0.169535
1947 0.178683
1948 0.169602
1949 0.154338
1950 0.16493
1951 0.166965
1952 0.186825
1953 0.16441
1954 0.162675
1955 0.155885
1956 0.172262
1957 0.173007
1958 0.171498
1959 0.184466
1960 0.166349
1961 0.177373
1962 0.163224
1963 0.191216
1964 0.187789
1965 0.18927
1966 0.168665
1967 0.179662
1968 0.185077
1969 0.184628
1970 0.17635
1971 0.164767
1972 0.175653
1973 0.16389
1974 0.171835
1975 0.167605
1976 0.176602
1977 0.183402
1978 0.181245
1979 0.16332
1980 0.181477
1981 0.19697
1982 0.200368
1983 0.182008
1984 0.194303
1985 0.188699
1986 0.201403
1987 0.173414
1988 0.185789
1989 0.167534
1990 0.184667
1991 0.167126
1992 0.170408
1993 0.169945
1994 0.168572
1995 0.161806
1996 0.175009
1997 0.183414
1998 0.15405
1999 0.162159
2000 0.166362
2001 0.177705
2002 0.158341
2003 0.171345
2004 0.17609
2005 0.188583
2006 0.184537
2007 0.164702
2008 0.197514
2009 0.191056
2010 0.189313
2011 0.176734
2012 0.182802
2013 0.16471
2014 0.158305
2015 0.176425
2016 0.179626
2017 0.180327
2018 0.171236
2019 0.175495
2020 0.195095
2021 0.175174
2022 0.187557
2023 0.17335
2024 0.171797
2025 0.16504
2026 0.177025
2027 0.165066
2028 0.159499
2029 0.188338
2030 0.170042
2031 0.175212
2032 0.182597
2033 0.174709
2034 0.169849
2035 0.185579
2036 0.190325
2037 0.179178
2038 0.173118
2039 0.171371
2040 0.185282
2041 0.195032
2042 0.187924
2043 0.177357
2044 0.18233
2045 0.195548
2046 0.214008
2047 0.19951
2048 0.166426
2049 0.160826
2050 0.190621
2051 0.187288
2052 0.161076
2053 0.142754
2054 0.168926
2055 0.164504
2056 0.168827
2057 0.174048
2058 0.188833
2059 0.178425
2060 0.209077
2061 0.218253
2062 0.195425
2063 0.182115
2064 0.204236
2065 0.214656
2066 0.191319
2067 0.175001
2068 0.177052
2069 0.196316
2070 0.19714
2071 0.170313
2072 0.146244
2073 0.174238
2074 0.17547
2075 0.169311
2076 0.165537
2077 0.170162
2078 0.170764
2079 0.189732
2080 0.191119
2081 0.183979
2082 0.177624
2083 0.181716
2084 0.195095
2085 0.184795
2086 0.178069
2087 0.190639
2088 0.186961
2089 0.16744
2090 0.173056
2091 0.165945
2092 0.163649
2093 0.153058
2094 0.159181
2095 0.160218
2096 0.155444
2097 0.166866
2098 0.19
2099 0
