0 -0.0338951
1 -0.405981
2 -0.52352
3 -0.549211
4 -0.630278
5 -0.7015
6 -0.746223
7 -0.775407
8 -0.690736
9 -0.63295
10 -0.477976
11 -0.128458
12 0.0250269
13 0.0964124
14 0.155992
15 0.156979
16 0.17844
17 0.168016
18 0.180283
19 0.17049
20 0.169923
21 0.185167
22 0.171187
23 0.167218
24 0.176568
25 0.173642
26 0.176136
27 0.175196
28 0.17368
29 0.172876
30 0.168628
31 0.176373
32 0.171898
33 0.164201
34 0.169055
35 0.163285
36 0.172182
37 0.181677
38 0.162369
39 0.168109
40 0.182145
41 0.184129
42 0.176268
43 0.184128
44 0.180186
45 0.179692
46 0.180974
47 0.180746
48 0.168048
49 0.162111
50 0.179127
51 0.163532
52 0.163831
53 0.1794
54 0.159418
55 0.175541
56 0.177771
57 0.166382
58 0.175513
59 0.163822
60 0.158324
61 0.160088
62 0.175867
63 0.158902
64 0.165392
65 0.170554
66 0.161528
67 0.167297
68 0.167448
69 0.18108
70 0.169408
71 0.166112
72 0.178859
73 0.177901
74 0.167344
75 0.165493
76 0.166776
77 0.165946
78 0.168505
79 0.162141
80 0.17096
81 0.178523
82 0.167637
83 0.177965
84 0.169847
85 0.17735
86 0.173379
87 0.168467
88 0.16891
89 0.159653
90 0.169541
91 0.167231
92 0.167699
93 0.167127
94 0.160583
95 0.171748
96 0.16583
97 0.160268
98 0.164171
99 0.173467
100 0.164202
101 0.15895
102 0.169918
103 0.179413
104 0.164281
105 0.162171
106 0.182955
107 0.170864
108 0.158899
109 0.168621
110 0.169807
111 0.169568
112 0.162704
113 0.167247
114 0.165364
115 0.173638
116 0.178258
117 0.176717
118 0.177177
119 0.172449
120 0.18372
121 0.167114
122 0.176965
123 0.173176
124 0.168411
125 0.173953
126 0.173894
127 0.171057
128 0.176385
129 0.177444
130 0.170476
131 0.174899
132 0.172581
133 0.169673
134 0.176374
135 0.167014
136 0.163377
137 0.180171
138 0.185576
139 0.171579
140 0.178082
141 0.184453
142 0.177123
143 0.164404
144 0.174086
145 0.171051
146 0.156478
147 0.175569
148 0.169815
149 0.171424
150 0.169296
151 0.172933
152 0.178783
153 0.179086
154 0.168686
155 0.172162
156 0.177501
157 0.171667
158 0.174927
159 0.181571
160 0.175332
161 0.166541
162 0.169491
163 0.163771
164 0.170045
165 0.174316
166 0.17951
167 0.181827
168 0.174996
169 0.171475
170 0.18042
171 0.177597
172 0.164567
173 0.171841
174 0.173859
175 0.164255
176 0.178351
177 0.159193
178 0.173065
179 0.177711
180 0.175845
181 0.172827
182 0.168928
183 0.184088
184 0.159639
185 0.167426
186 0.163647
187 0.167405
188 0.181826
189 0.168177
190 0.173922
191 0.191032
192 0.178557
193 0.181997
194 0.181781
195 0.170756
196 0.181362
197 0.168137
198 0.167755
199 0.166135
200 0.160611
201 0.172815
202 0.174996
203 0.17028
204 0.175801
205 0.185341
206 0.170157
207 0.162364
208 0.163213
209 0.176005
210 0.18011
211 0.161378
212 0.188029
213 0.181131
214 0.165816
215 0.170875
216 0.179448
217 0.159207
218 0.173597
219 0.189705
220 0.162707
221 0.18148
222 0.185416
223 0.164374
224 0.185895
225 0.179807
226 0.16822
227 0.180148
228 0.171119
229 0.156551
230 0.176667
231 0.181507
232 0.160497
233 0.178479
234 0.179397
235 0.177329
236 0.17743
237 0.181144
238 0.165708
239 0.177966
240 0.191461
241 0.167834
242 0.168904
243 0.171109
244 0.165382
245 0.170231
246 0.162467
247 0.182087
248 0.176183
249 0.160736
250 0.18923
251 0.178697
252 0.182898
253 0.174125
254 0.171263
255 0.172405
256 0.169688
257 0.175486
258 0.172215
259 0.168329
260 0.176229
261 0.181088
262 0.172029
263 0.166625
264 0.173904
265 0.173315
266 0.159958
267 0.17709
268 0.186013
269 0.160691
270 0.178727
271 0.184221
272 0.16547
273 0.171196
274 0.178018
275 0.177257
276 0.181229
277 0.171921
278 0.156267
279 0.179149
280 0.162081
281 0.167109
282 0.183447
283 0.155203
284 0.180752
285 0.163199
286 0.168532
287 0.173397
288 0.171819
289 0.178042
290 0.167302
291 0.186681
292 0.186513
293 0.176841
294 0.169386
295 0.182531
296 0.173842
297 0.17573
298 0.17456
299 0.169102
300 0.181738
301 0.171813
302 0.175795
303 0.17544
304 0.172605
305 0.168047
306 0.175392
307 0.179154
308 0.167454
309 0.173418
310 0.183644
311 0.18328
312 0.170448
313 0.165555
314 0.170066
315 0.167634
316 0.17171
317 0.174993
318 0.183731
319 0.169628
320 0.181547
321 0.179172
322 0.168342
323 0.192234
324 0.173823
325 0.177596
326 0.181151
327 0.175032
328 0.177516
329 0.174558
330 0.169488
331 0.174043
332 0.172915
333 0.168499
334 0.166482
335 0.173296
336 0.165391
337 0.170359
338 0.177227
339 0.164974
340 0.166887
341 0.168832
342 0.171298
343 0.176627
344 0.177718
345 0.167993
346 0.166576
347 0.167103
348 0.177791
349 0.162599
350 0.174345
351 0.169025
352 0.171471
353 0.186389
354 0.157157
355 0.176693
356 0.165282
357 0.168333
358 0.180095
359 0.176411
360 0.169677
361 0.174132
362 0.180362
363 0.164238
364 0.170554
365 0.184369
366 0.164159
367 0.169254
368 0.164666
369 0.170567
370 0.180181
371 0.16342
372 0.178705
373 0.169714
374 0.160335
375 0.168118
376 0.170205
377 0.166161
378 0.17356
379 0.181321
380 0.180775
381 0.17657
382 0.181958
383 0.173559
384 0.163176
385 0.172377
386 0.176117
387 0.160978
388 0.168411
389 0.167076
390 0.175104
391 0.176752
392 0.162178
393 0.165643
394 0.175903
395 0.175843
396 0.171063
397 0.166536
398 0.174353
399 0.172602
400 0.172846
401 0.168468
402 0.180053
403 0.187061
404 0.170078
405 0.178362
406 0.184059
407 0.163081
408 0.181462
409 0.186674
410 0.183458
411 0.178486
412 0.177008
413 0.184999
414 0.17817
415 0.175913
416 0.182749
417 0.166091
418 0.179552
419 0.178032
420 0.177539
421 0.170702
422 0.16251
423 0.181659
424 0.162589
425 0.158888
426 0.174002
427 0.155524
428 0.173535
429 0.166861
430 0.176341
431 0.173711
432 0.163354
433 0.172114
434 0.180358
435 0.177578
436 0.161141
437 0.186879
438 0.188907
439 0.165798
440 0.173691
441 0.181757
442 0.179054
443 0.17401
444 0.183822
445 0.187237
446 0.173828
447 0.168257
448 0.168792
449 0.172682
450 0.160611
451 0.169808
452 0.178512
453 0.173598
454 0.160708
455 0.166482
456 0.168186
457 0.167786
458 0.165229
459 0.172026
460 0.181086
461 0.175267
462 0.159607
463 0.178807
464 0.185144
465 0.167759
466 0.18473
467 0.188367
468 0.17158
469 0.177477
470 0.179326
471 0.164165
472 0.175561
473 0.167205
474 0.17723
475 0.182212
476 0.182308
477 0.18374
478 0.176004
479 0.186291
480 0.163336
481 0.175709
482 0.186886
483 0.177688
484 0.1764
485 0.167676
486 0.181914
487 0.181427
488 0.176155
489 0.167777
490 0.161579
491 0.178499
492 0.174177
493 0.154841
494 0.177786
495 0.165796
496 0.171847
497 0.179795
498 0.164308
499 0.170329
500 0.165728
501 0.170723
502 0.171416
503 0.172886
504 0.157466
505 0.177851
506 0.18475
507 0.171433
508 0.166541
509 0.176495
510 0.17225
511 0.159779
512 0.176546
513 0.166941
514 0.17631
515 0.17711
516 0.180517
517 0.184024
518 0.175784
519 0.179592
520 0.183748
521 0.169439
522 0.168816
523 0.170156
524 0.179302
525 0.164941
526 0.167988
527 0.183655
528 0.171121
529 0.17292
530 0.173651
531 0.181935
532 0.184055
533 0.182097
534 0.179539
535 0.177277
536 0.171014
537 0.176883
538 0.179651
539 0.164647
540 0.180676
541 0.178634
542 0.171724
543 0.170858
544 0.180308
545 0.184472
546 0.165352
547 0.167433
548 0.177839
549 0.173424
550 0.173882
551 0.171963
552 0.170222
553 0.173918
554 0.170761
555 0.179884
556 0.178997
557 0.169328
558 0.181415
559 0.187767
560 0.178515
561 0.175039
562 0.166649
563 0.177717
564 0.176776
565 0.172006
566 0.16963
567 0.177539
568 0.171375
569 0.167541
570 0.181872
571 0.176746
572 0.16383
573 0.169721
574 0.17177
575 0.157746
576 0.174086
577 0.180868
578 0.1746
579 0.165373
580 0.171456
581 0.1753
582 0.16048
583 0.173025
584 0.172588
585 0.178411
586 0.182733
587 0.181594
588 0.184087
589 0.172737
590 0.181155
591 0.167734
592 0.17455
593 0.161987
594 0.175717
595 0.174951
596 0.15944
597 0.183465
598 0.165296
599 0.171588
600 0.177238
601 0.163956
602 0.172927
603 0.180809
604 0.171638
605 0.182218
606 0.174679
607 0.173449
608 0.162838
609 0.174476
610 0.1702
611 0.159997
612 0.190202
613 0.166111
614 0.16239
615 0.177129
616 0.167967
617 0.161593
618 0.166632
619 0.177475
620 0.164932
621 0.161978
622 0.163217
623 0.167147
624 0.16689
625 0.171173
626 0.168262
627 0.181357
628 0.173458
629 0.164785
630 0.172613
631 0.182634
632 0.171634
633 0.165493
634 0.180971
635 0.176792
636 0.165261
637 0.169757
638 0.18518
639 0.165754
640 0.171819
641 0.1737
642 0.171154
643 0.185117
644 0.181481
645 0.175953
646 0.180629
647 0.176329
648 0.181968
649 0.170117
650 0.172252
651 0.173057
652 0.178796
653 0.176147
654 0.176904
655 0.179446
656 0.168716
657 0.17522
658 0.177933
659 0.166699
660 0.173182
661 0.165852
662 0.168566
663 0.17219
664 0.162267
665 0.167244
666 0.176128
667 0.161638
668 0.171974
669 0.178096
670 0.167564
671 0.164008
672 0.16831
673 0.164832
674 0.175947
675 0.170585
676 0.160905
677 0.184796
678 0.189197
679 0.162174
680 0.175169
681 0.18504
682 0.173155
683 0.187679
684 0.170591
685 0.164304
686 0.172866
687 0.174881
688 0.166815
689 0.166408
690 0.168924
691 0.1609
692 0.158943
693 0.17145
694 0.170569
695 0.160243
696 0.167544
697 0.169038
698 0.174385
699 0.17047
700 0.169383
701 0.177676
702 0.174516
703 0.176109
704 0.174259
705 0.171731
706 0.177935
707 0.183204
708 0.175198
709 0.176957
710 0.169425
711 0.16535
712 0.185052
713 0.164996
714 0.173047
715 0.17489
716 0.170186
717 0.182065
718 0.181169
719 0.172794
720 0.182135
721 0.17745
722 0.167334
723 0.172132
724 0.166401
725 0.178666
726 0.186288
727 0.168423
728 0.172532
729 0.18969
730 0.176389
731 0.164372
732 0.172822
733 0.159582
734 0.169951
735 0.163871
736 0.173839
737 0.179189
738 0.168647
739 0.178171
740 0.182892
741 0.1707
742 0.161768
743 0.177286
744 0.162799
745 0.162099
746 0.179507
747 0.163705
748 0.159756
749 0.167815
750 0.174328
751 0.160191
752 0.162141
753 0.180576
754 0.154104
755 0.168864
756 0.173305
757 0.154462
758 0.164563
759 0.172048
760 0.180865
761 0.16789
762 0.180689
763 0.176754
764 0.174944
765 0.167459
766 0.16724
767 0.173945
768 0.155338
769 0.169464
770 0.18234
771 0.17266
772 0.175743
773 0.171954
774 0.164624
775 0.158561
776 0.174725
777 0.167591
778 0.157911
779 0.165003
780 0.163175
781 0.17494
782 0.182116
783 0.161963
784 0.178768
785 0.177915
786 0.163638
787 0.172322
788 0.169043
789 0.17267
790 0.166539
791 0.169798
792 0.183454
793 0.177084
794 0.178393
795 0.172347
796 0.173786
797 0.167276
798 0.169625
799 0.170886
800 0.162613
801 0.162572
802 0.174721
803 0.168846
804 0.158645
805 0.168361
806 0.172115
807 0.160482
808 0.174096
809 0.168136
810 0.167609
811 0.170461
812 0.173049
813 0.18613
814 0.166617
815 0.165978
816 0.179933
817 0.171197
818 0.180028
819 0.184036
820 0.169128
821 0.175872
822 0.172743
823 0.165096
824 0.170064
825 0.163707
826 0.160309
827 0.164744
828 0.157292
829 0.178095
830 0.168886
831 0.166494
832 0.171843
833 0.157776
834 0.177154
835 0.169023
836 0.159253
837 0.169255
838 0.168427
839 0.178588
840 0.16792
841 0.165654
842 0.178472
843 0.169877
844 0.162351
845 0.177285
846 0.171283
847 0.162841
848 0.172395
849 0.167475
850 0.171413
851 0.169891
852 0.161928
853 0.162879
854 0.175536
855 0.174224
856 0.166335
857 0.180315
858 0.170229
859 0.175819
860 0.169625
861 0.170508
862 0.17102
863 0.177603
864 0.169753
865 0.157881
866 0.180993
867 0.177799
868 0.182516
869 0.178812
870 0.172275
871 0.175316
872 0.176801
873 0.170401
874 0.168985
875 0.171849
876 0.168129
877 0.175045
878 0.172317
879 0.163716
880 0.178642
881 0.184065
882 0.172078
883 0.173044
884 0.167699
885 0.169035
886 0.172076
887 0.163575
888 0.170213
889 0.184308
890 0.171905
891 0.167547
892 0.178516
893 0.176182
894 0.169188
895 0.180644
896 0.174544
897 0.173837
898 0.163858
899 0.174708
900 0.169844
901 0.176006
902 0.168292
903 0.163166
904 0.175346
905 0.181287
906 0.181037
907 0.176356
908 0.182846
909 0.183784
910 0.188868
911 0.175873
912 0.180944
913 0.196536
914 0.168998
915 0.189689
916 0.178712
917 0.174855
918 0.179222
919 0.169376
920 0.19009
921 0.172017
922 0.176703
923 0.171433
924 0.162749
925 0.174764
926 0.166118
927 0.176265
928 0.174866
929 0.181004
930 0.171008
931 0.175813
932 0.169521
933 0.165635
934 0.181057
935 0.170077
936 0.164721
937 0.171786
938 0.160947
939 0.175244
940 0.16814
941 0.160827
942 0.176514
943 0.164736
944 0.156534
945 0.168605
946 0.164022
947 0.166766
948 0.163591
949 0.160439
950 0.175565
951 0.180707
952 0.16595
953 0.163736
954 0.184682
955 0.16091
956 0.165316
957 0.169974
958 0.152439
959 0.171217
960 0.172225
961 0.167294
962 0.181145
963 0.17753
964 0.168388
965 0.173838
966 0.170131
967 0.181679
968 0.183391
969 0.176294
970 0.174532
971 0.1851
972 0.188618
973 0.170962
974 0.166394
975 0.16669
976 0.171749
977 0.172874
978 0.169574
979 0.184622
980 0.173745
981 0.176059
982 0.177733
983 0.168121
984 0.178066
985 0.177001
986 0.17648
987 0.173675
988 0.169143
989 0.166894
990 0.165816
991 0.178453
992 0.165268
993 0.171692
994 0.168032
995 0.173237
996 0.179587
997 0.173083
998 0.167099
999 0.168714
1000 0.184131
1001 0.176978
1002 0.175145
1003 0.18199
1004 0.168255
1005 0.188782
1006 0.175092
1007 0.179718
1008 0.178262
1009 0.16753
1010 0.171058
1011 0.171696
1012 0.155362
1013 0.177106
1014 0.170329
1015 0.166366
1016 0.178694
1017 0.16722
1018 0.175419
1019 0.171474
1020 0.169318
1021 0.16569
1022 0.174778
1023 0.167084
1024 0.163944
1025 0.168203
1026 0.167895
1027 0.162613
1028 0.174619
1029 0.164682
1030 0.167232
1031 0.163798
1032 0.164439
1033 0.171628
1034 0.163661
1035 0.162574
1036 0.157439
1037 0.18196
1038 0.172752
1039 0.173255
1040 0.173391
1041 0.173613
1042 0.173003
1043 0.160223
1044 0.181592
1045 0.180263
1046 0.161711
1047 0.16439
1048 0.173606
1049 0.176623
1050 0.172215
1051 0.173471
1052 0.171134
1053 0.168757
1054 0.182737
1055 0.176314
1056 0.178646
1057 0.178957
1058 0.181779
1059 0.164642
1060 0.171917
1061 0.171481
1062 0.157582
1063 0.175976
1064 0.17138
1065 0.16275
1066 0.180148
1067 0.170311
1068 0.16229
1069 0.184841
1070 0.173327
1071 0.170625
1072 0.185351
1073 0.164726
1074 0.182547
1075 0.171925
1076 0.164853
1077 0.177944
1078 0.173001
1079 0.178092
1080 0.169753
1081 0.16679
1082 0.182678
1083 0.168848
1084 0.171811
1085 0.176092
1086 0.180362
1087 0.17637
1088 0.163643
1089 0.17859
1090 0.181921
1091 0.171885
1092 0.170509
1093 0.164259
1094 0.179011
1095 0.163148
1096 0.165455
1097 0.169985
1098 0.173776
1099 0.168409
1100 0.179467
1101 0.167858
1102 0.16341
1103 0.187359
1104 0.180057
1105 0.164774
1106 0.174292
1107 0.1771
1108 0.174798
1109 0.175002
1110 0.183276
1111 0.161791
1112 0.17142
1113 0.173315
1114 0.167606
1115 0.168822
1116 0.156903
1117 0.179061
1118 0.176775
1119 0.162129
1120 0.161772
1121 0.155479
1122 0.172437
1123 0.156959
1124 0.16536
1125 0.187172
1126 0.17223
1127 0.180697
1128 0.18014
1129 0.175336
1130 0.186721
1131 0.175388
1132 0.180884
1133 0.174958
1134 0.174937
1135 0.175094
1136 0.168039
1137 0.186155
1138 0.168558
1139 0.180912
1140 0.186616
1141 0.172604
1142 0.181748
1143 0.182009
1144 0.172395
1145 0.168687
1146 0.188199
1147 0.170751
1148 0.175737
1149 0.165676
1150 0.170992
1151 0.185038
1152 0.170721
1153 0.186809
1154 0.176557
1155 0.170399
1156 0.193599
1157 0.174333
1158 0.170608
1159 0.175449
1160 0.180774
1161 0.173095
1162 0.168996
1163 0.176117
1164 0.177823
1165 0.174125
1166 0.161268
1167 0.178452
1168 0.166621
1169 0.168932
1170 0.166747
1171 0.167359
1172 0.171988
1173 0.177187
1174 0.170121
1175 0.176895
1176 0.184485
1177 0.179359
1178 0.170762
1179 0.17328
1180 0.166151
1181 0.170942
1182 0.166585
1183 0.16513
1184 0.173602
1185 0.171537
1186 0.171678
1187 0.167965
1188 0.165588
1189 0.184181
1190 0.173293
1191 0.169563
1192 0.184969
1193 0.166969
1194 0.156923
1195 0.174793
1196 0.166441
1197 0.17386
1198 0.189977
1199 0.173644
1200 0.178729
1201 0.191432
1202 0.17318
1203 0.164758
1204 0.178777
1205 0.170592
1206 0.165939
1207 0.161337
1208 0.177072
1209 0.176049
1210 0.158052
1211 0.166942
1212 0.170782
1213 0.159391
1214 0.175192
1215 0.159799
1216 0.163548
1217 0.162072
1218 0.170221
1219 0.174154
1220 0.171716
1221 0.175703
1222 0.186942
1223 0.178562
1224 0.172365
1225 0.169646
1226 0.162656
1227 0.172257
1228 0.17547
1229 0.170017
1230 0.172489
1231 0.163022
1232 0.166259
1233 0.175658
1234 0.15548
1235 0.181677
1236 0.184874
1237 0.178254
1238 0.185176
1239 0.179262
1240 0.182635
1241 0.169865
1242 0.171511
1243 0.191088
1244 0.164475
1245 0.166583
1246 0.163114
1247 0.175177
1248 0.178499
1249 0.157773
1250 0.168359
1251 0.168456
1252 0.170812
1253 0.180055
1254 0.170669
1255 0.182016
1256 0.180899
1257 0.186147
1258 0.180072
1259 0.162478
1260 0.16545
1261 0.170354
1262 0.172307
1263 0.159902
1264 0.184669
1265 0.176032
1266 0.175109
1267 0.184695
1268 0.174178
1269 0.166917
1270 0.167307
1271 0.170793
1272 0.17236
1273 0.174665
1274 0.191935
1275 0.171451
1276 0.177669
1277 0.190226
1278 0.179821
1279 0.17861
1280 0.180922
1281 0.172768
1282 0.171664
1283 0.163688
1284 0.175885
1285 0.161557
1286 0.171725
1287 0.177794
1288 0.183334
1289 0.176759
1290 0.175639
1291 0.180234
1292 0.164836
1293 0.177462
1294 0.170321
1295 0.168294
1296 0.175862
1297 0.183115
1298 0.170761
1299 0.174982
1300 0.179205
1301 0.166824
1302 0.190518
1303 0.173074
1304 0.17161
1305 0.187438
1306 0.172488
1307 0.168105
1308 0.173506
1309 0.164649
1310 0.159003
1311 0.16086
1312 0.173672
1313 0.166109
1314 0.158581
1315 0.181856
1316 0.176661
1317 0.167361
1318 0.165201
1319 0.188916
1320 0.168653
1321 0.161707
1322 0.173239
1323 0.168433
1324 0.169297
1325 0.167957
1326 0.161043
1327 0.171636
1328 0.166244
1329 0.166882
1330 0.169324
1331 0.174254
1332 0.168129
1333 0.156147
1334 0.171995
1335 0.172161
1336 0.176556
1337 0.16532
1338 0.162816
1339 0.174967
1340 0.175001
1341 0.16748
1342 0.178796
1343 0.187111
1344 0.167687
1345 0.165628
1346 0.189358
1347 0.180538
1348 0.164212
1349 0.181761
1350 0.164475
1351 0.169069
1352 0.172158
1353 0.168995
1354 0.178721
1355 0.173306
1356 0.174999
1357 0.183731
1358 0.170661
1359 0.182972
1360 0.174944
1361 0.16285
1362 0.170762
1363 0.163455
1364 0.177563
1365 0.168669
1366 0.181479
1367 0.171024
1368 0.165627
1369 0.183494
1370 0.171705
1371 0.174868
1372 0.181413
1373 0.173405
1374 0.174355
1375 0.177662
1376 0.177563
1377 0.166021
1378 0.178265
1379 0.172496
1380 0.158726
1381 0.175004
1382 0.18031
1383 0.174347
1384 0.172959
1385 0.1923
1386 0.178624
1387 0.168021
1388 0.187456
1389 0.170102
1390 0.179585
1391 0.185225
1392 0.175107
1393 0.176483
1394 0.163305
1395 0.175093
1396 0.182295
1397 0.168525
1398 0.177933
1399 0.179371
1400 0.169691
1401 0.175301
1402 0.173253
1403 0.159217
1404 0.17963
1405 0.184896
1406 0.162909
1407 0.173365
1408 0.184895
1409 0.172699
1410 0.170461
1411 0.170875
1412 0.180881
1413 0.161576
1414 0.173496
1415 0.170033
1416 0.16308
1417 0.17294
1418 0.169588
1419 0.164685
1420 0.170416
1421 0.176814
1422 0.164201
1423 0.165259
1424 0.178785
1425 0.16202
1426 0.16913
1427 0.167644
1428 0.166735
1429 0.174608
1430 0.16567
1431 0.163428
1432 0.163025
1433 0.178789
1434 0.159816
1435 0.17613
1436 0.179577
1437 0.155878
1438 0.170122
1439 0.171034
1440 0.168183
1441 0.171224
1442 0.164718
1443 0.174112
1444 0.188864
1445 0.16883
1446 0.168026
1447 0.186795
1448 0.181967
1449 0.178156
1450 0.177662
1451 0.195685
1452 0.176826
1453 0.187695
1454 0.179911
1455 0.170774
1456 0.175431
1457 0.167601
1458 0.189899
1459 0.169185
1460 0.165105
1461 0.186485
1462 0.17316
1463 0.176261
1464 0.178414
1465 0.183772
1466 0.180743
1467 0.174026
1468 0.183147
1469 0.170404
1470 0.175519
1471 0.181871
1472 0.163467
1473 0.168545
1474 0.184699
1475 0.172327
1476 0.165288
1477 0.184801
1478 0.185587
1479 0.179563
1480 0.185542
1481 0.182313
1482 0.176085
1483 0.178373
1484 0.177954
1485 0.177956
1486 0.186069
1487 0.173565
1488 0.162851
1489 0.177805
1490 0.181643
1491 0.159313
1492 0.164248
1493 0.161368
1494 0.171359
1495 0.163146
1496 0.168781
1497 0.17181
1498 0.17398
1499 0.17343
1500 0.179193
1501 0.172613
1502 0.168913
1503 0.17012
1504 0.171537
1505 0.175713
1506 0.170573
1507 0.170201
1508 0.169089
1509 0.173169
1510 0.178137
1511 0.168271
1512 0.167978
1513 0.181654
1514 0.181651
1515 0.179577
1516 0.175677
1517 0.172557
1518 0.178888
1519 0.169226
1520 0.168723
1521 0.174121
1522 0.162262
1523 0.161648
1524 0.166647
1525 0.167228
1526 0.158982
1527 0.163067
1528 0.170576
1529 0.164236
1530 0.174615
1531 0.188464
1532 0.173985
1533 0.183241
1534 0.180532
1535 0.172568
1536 0.181337
1537 0.170292
1538 0.169887
1539 0.167268
1540 0.175529
1541 0.178406
1542 0.16964
1543 0.166555
1544 0.16913
1545 0.161376
1546 0.167104
1547 0.16407
1548 0.174461
1549 0.174731
1550 0.182543
1551 0.170734
1552 0.167017
1553 0.17286
1554 0.178827
1555 0.186083
1556 0.17046
1557 0.187105
1558 0.18463
1559 0.18035
1560 0.172206
1561 0.168752
1562 0.166285
1563 0.174094
1564 0.175578
1565 0.173429
1566 0.172514
1567 0.179443
1568 0.172502
1569 0.157075
1570 0.176209
1571 0.170318
1572 0.157929
1573 0.166081
1574 0.166541
1575 0.171265
1576 0.180524
1577 0.173305
1578 0.164341
1579 0.173063
1580 0.179275
1581 0.172793
1582 0.166475
1583 0.156268
1584 0.1779
1585 0.179866
1586 0.156656
1587 0.163352
1588 0.166001
1589 0.173637
1590 0.159461
1591 0.173427
1592 0.18085
1593 0.168336
1594 0.182699
1595 0.168387
1596 0.176139
1597 0.175396
1598 0.17457
1599 0.168952
1600 0.15713
1601 0.173099
1602 0.169047
1603 0.166869
1604 0.180209
1605 0.17391
1606 0.175707
1607 0.175046
1608 0.181785
1609 0.173289
1610 0.182683
1611 0.178618
1612 0.177281
1613 0.167522
1614 0.17496
1615 0.18435
1616 0.175581
1617 0.169828
1618 0.189858
1619 0.179439
1620 0.164211
1621 0.167232
1622 0.164034
1623 0.159064
1624 0.174505
1625 0.17996
1626 0.176992
1627 0.167248
1628 0.186562
1629 0.173868
1630 0.180183
1631 0.184634
1632 0.167187
1633 0.176655
1634 0.182906
1635 0.163952
1636 0.168896
1637 0.184985
1638 0.174839
1639 0.184919
1640 0.177423
1641 0.179693
1642 0.173773
1643 0.168505
1644 0.163657
1645 0.175866
1646 0.161089
1647 0.171222
1648 0.171637
1649 0.162197
1650 0.16654
1651 0.177679
1652 0.163326
1653 0.17407
1654 0.174063
1655 0.161814
1656 0.165732
1657 0.165062
1658 0.159531
1659 0.160362
1660 0.160228
1661 0.157593
1662 0.168521
1663 0.175996
1664 0.165773
1665 0.165093
1666 0.174203
1667 0.170683
1668 0.16434
1669 0.173297
1670 0.158507
1671 0.176474
1672 0.171331
1673 0.177642
1674 0.176571
1675 0.182273
1676 0.183465
1677 0.158457
1678 0.18141
1679 0.176281
1680 0.167488
1681 0.172404
1682 0.181635
1683 0.16927
1684 0.18215
1685 0.1773
1686 0.170991
1687 0.178505
1688 0.166785
1689 0.17259
1690 0.178262
1691 0.169554
1692 0.178278
1693 0.171667
1694 0.167924
1695 0.18018
1696 0.178307
1697 0.175118
1698 0.165312
1699 0.173742
1700 0.181084
1701 0.165375
1702 0.167459
1703 0.172651
1704 0.166309
1705 0.17817
1706 0.167147
1707 0.176309
1708 0.164262
1709 0.16937
1710 0.171553
1711 0.173357
1712 0.166349
1713 0.16424
1714 0.185139
1715 0.154655
1716 0.171319
1717 0.185447
1718 0.166253
1719 0.168192
1720 0.16338
1721 0.181191
1722 0.17149
1723 0.168427
1724 0.177177
1725 0.183175
1726 0.168555
1727 0.167896
1728 0.180708
1729 0.188076
1730 0.164079
1731 0.16645
1732 0.188348
1733 0.177734
1734 0.178998
1735 0.168794
1736 0.175969
1737 0.172591
1738 0.166573
1739 0.16515
1740 0.173258
1741 0.171408
1742 0.17426
1743 0.167211
1744 0.18234
1745 0.167636
1746 0.15983
1747 0.179737
1748 0.162817
1749 0.161011
1750 0.168577
1751 0.178621
1752 0.172156
1753 0.186724
1754 0.175252
1755 0.17634
1756 0.182642
1757 0.1758
1758 0.179997
1759 0.170159
1760 0.183458
1761 0.172843
1762 0.167483
1763 0.162242
1764 0.174515
1765 0.174228
1766 0.174521
1767 0.180066
1768 0.172389
1769 0.165432
1770 0.182427
1771 0.1779
1772 0.155808
1773 0.180077
1774 0.178144
1775 0.176711
1776 0.183527
1777 0.16503
1778 0.183014
1779 0.187042
1780 0.174698
1781 0.191679
1782 0.178238
1783 0.170697
1784 0.182811
1785 0.168703
1786 0.170066
1787 0.170838
1788 0.167357
1789 0.179558
1790 0.173628
1791 0.159865
1792 0.176374
1793 0.163595
1794 0.166023
1795 0.175508
1796 0.169585
1797 0.162908
1798 0.161446
1799 0.169334
1800 0.175187
1801 0.170074
1802 0.161218
1803 0.172716
1804 0.175798
1805 0.158118
1806 0.171812
1807 0.172049
1808 0.15732
1809 0.179817
1810 0.170702
1811 0.17283
1812 0.189871
1813 0.172254
1814 0.176592
1815 0.180418
1816 0.174199
1817 0.179697
1818 0.168314
1819 0.17984
1820 0.180052
1821 0.177859
1822 0.165973
1823 0.167402
1824 0.181546
1825 0.169647
1826 0.185901
1827 0.180352
1828 0.178567
1829 0.170167
1830 0.171485
1831 0.171712
1832 0.160988
1833 0.162254
1834 0.169712
1835 0.168977
1836 0.152563
1837 0.176826
1838 0.166539
1839 0.177112
1840 0.191589
1841 0.170217
1842 0.172549
1843 0.176543
1844 0.169045
1845 0.176239
1846 0.176853
1847 0.179893
1848 0.1808
1849 0.165948
1850 0.163745
1851 0.171416
1852 0.18117
1853 0.166677
1854 0.164827
1855 0.177777
1856 0.164575
1857 0.17977
1858 0.17692
1859 0.167637
1860 0.170009
1861 0.175874
1862 0.166702
1863 0.166556
1864 0.181083
1865 0.173705
1866 0.166117
1867 0.178869
1868 0.177175
1869 0.180573
1870 0.175225
1871 0.17601
1872 0.182154
1873 0.171964
1874 0.162722
1875 0.176512
1876 0.181495
1877 0.167891
1878 0.178636
1879 0.181936
1880 0.166821
1881 0.168366
1882 0.180333
1883 0.173338
1884 0.167546
1885 0.17755
1886 0.171504
1887 0.17669
1888 0.183915
1889 0.164377
1890 0.165919
1891 0.181976
1892 0.170861
1893 0.174973
1894 0.176319
1895 0.170239
1896 0.178059
1897 0.168275
1898 0.170811
1899 0.182001
1900 0.164301
1901 0.166018
1902 0.17274
1903 0.171655
1904 0.168974
1905 0.170449
1906 0.167786
1907 0.171252
1908 0.161266
1909 0.164241
1910 0.164327
1911 0.177241
1912 0.174347
1913 0.170745
1914 0.171697
1915 0.172007
1916 0.183023
1917 0.175308
1918 0.163594
1919 0.174307
1920 0.181826
1921 0.164091
1922 0.167364
1923 0.177391
1924 0.174256
1925 0.169218
1926 0.180084
1927 0.173491
1928 0.174645
1929 0.174708
1930 0.165297
1931 0.17316
1932 0.167964
1933 0.160193
1934 0.174343
1935 0.165955
1936 0.1753
1937 0.174153
1938 0.178556
1939 0.174783
1940 0.172635
1941 0.180136
1942 0.16621
1943 0.172376
1944 0.168504
1945 0.160715
1946 0.18
1947 0.173406
1948 0.172034
1949 0.173187
1950 0.166436
1951 0.161849
1952 0.175612
1953 0.163337
1954 0.166589
1955 0.174143
1956 0.160413
1957 0.175879
1958 0.160413
1959 0.173278
1960 0.172868
1961 0.167721
1962 0.171644
1963 0.17438
1964 0.180984
1965 0.181605
1966 0.171512
1967 0.172267
1968 0.181292
1969 0.171788
1970 0.175658
1971 0.171468
1972 0.173265
1973 0.171854
1974 0.163892
1975 0.173839
1976 0.177487
1977 0.173078
1978 0.178868
1979 0.163863
1980 0.174954
1981 0.185605
1982 0.177033
1983 0.178774
1984 0.187781
1985 0.174765
1986 0.187145
1987 0.171604
1988 0.166307
1989 0.170225
1990 0.171626
1991 0.172154
1992 0.167878
1993 0.177058
1994 0.166388
1995 0.162624
1996 0.174496
1997 0.176202
1998 0.155201
1999 0.176318
2000 0.175641
2001 0.159547
2002 0.171498
2003 0.15539
2004 0.17368
2005 0.181302
2006 0.172805
2007 0.171223
2008 0.186731
2009 0.177989
2010 0.171461
2011 0.174985
2012 0.170747
2013 0.165799
2014 0.161472
2015 0.171242
2016 0.181291
2017 0.18168
2018 0.178871
2019 0.173792
2020 0.184782
2021 0.166778
2022 0.177231
2023 0.177397
2024 0.160349
2025 0.176803
2026 0.171483
2027 0.162483
2028 0.169703
2029 0.180327
2030 0.169654
2031 0.177415
2032 0.183813
2033 0.165125
2034 0.177313
2035 0.17782
2036 0.167741
2037 0.178308
2038 0.171569
2039 0.168047
2040 0.181682
2041 0.177118
2042 0.18025
2043 0.177061
2044 0.174899
2045 0.179731
2046 0.18224
2047 0.181025
2048 0.173741
2049 0.166411
2050 0.180217
2051 0.168334
2052 0.159173
2053 0.163556
2054 0.172404
2055 0.16835
2056 0.177444
2057 0.182964
2058 0.177763
2059 0.173036
2060 0.185371
2061 0.186385
2062 0.175774
2063 0.176706
2064 0.181906
2065 0.186116
2066 0.181347
2067 0.174469
2068 0.170832
2069 0.180598
2070 0.175436
2071 0.16278
2072 0.16287
2073 0.174924
2074 0.168428
2075 0.174628
2076 0.184954
2077 0.173656
2078 0.17482
2079 0.178074
2080 0.176066
2081 0.175992
2082 0.173178
2083 0.176514
2084 0.181249
2085 0.170128
2086 0.171869
2087 0.180603
2088 0.170444
2089 0.165475
2090 0.174724
2091 0.163829
2092 0.16199
2093 0.161646
2094 0.165663
2095 0.171591
2096 0.167765
2097 0.181845
2098 0.183961
2099 0
