0 -4.86279
1 -5.40043
2 -4.0759
3 -3.0127
4 -2.5853
5 -2.37055
6 -2.2046
7 -2.16535
8 -1.64664
9 -1.23727
10 -0.629105
11 0.0716183
12 -0.0802332
13 -0.0452463
14 0.23836
15 0.330532
16 0.488858
17 0.319599
18 0.452798
19 0.302224
20 0.375913
21 0.466624
22 0.405005
23 0.349513
24 0.385497
25 0.380815
26 0.465747
27 0.428404
28 0.401641
29 0.371863
30 0.323064
31 0.426218
32 0.384171
33 0.335942
34 0.325914
35 0.280854
36 0.413509
37 0.517073
38 0.353455
39 0.356464
40 0.431103
41 0.506071
42 0.473533
43 0.502405
44 0.44041
45 0.45734
46 0.446561
47 0.477925
48 0.32518
49 0.26234
50 0.444763
51 0.340133
52 0.384177
53 0.43549
54 0.287365
55 0.425614
56 0.393212
57 0.36855
58 0.416797
59 0.289766
60 0.271946
61 0.224914
62 0.423803
63 0.299604
64 0.386461
65 0.351238
66 0.326136
67 0.34994
68 0.340217
69 0.493244
70 0.377402
71 0.32574
72 0.399812
73 0.443403
74 0.379026
75 0.307782
76 0.285898
77 0.308551
78 0.394435
79 0.308739
80 0.388557
81 0.448505
82 0.391648
83 0.463281
84 0.341527
85 0.45247
86 0.356941
87 0.356254
88 0.323791
89 0.249194
90 0.367339
91 0.351715
92 0.415247
93 0.322001
94 0.270734
95 0.374871
96 0.342923
97 0.327906
98 0.308391
99 0.401282
100 0.312132
101 0.281352
102 0.322685
103 0.472063
104 0.367593
105 0.315466
106 0.423039
107 0.377449
108 0.301038
109 0.300372
110 0.32154
111 0.381
112 0.306278
113 0.333438
114 0.302841
115 0.427611
116 0.495837
117 0.478429
118 0.416733
119 0.334754
120 0.44345
121 0.33345
122 0.469925
123 0.38389
124 0.371695
125 0.357345
126 0.404241
127 0.38737
128 0.453025
129 0.441619
130 0.388968
131 0.384263
132 0.348846
133 0.356999
134 0.426774
135 0.354978
136 0.325535
137 0.441149
138 0.512256
139 0.432598
140 0.418188
141 0.456867
142 0.444212
143 0.323158
144 0.354051
145 0.30783
146 0.2595
147 0.43852
148 0.389691
149 0.454953
150 0.337598
151 0.371236
152 0.404495
153 0.460163
154 0.341977
155 0.380437
156 0.399271
157 0.407142
158 0.424696
159 0.472804
160 0.408542
161 0.303589
162 0.315701
163 0.280168
164 0.407042
165 0.446307
166 0.513872
167 0.481901
168 0.396519
169 0.335575
170 0.416738
171 0.4528
172 0.356633
173 0.373824
174 0.360173
175 0.324085
176 0.454183
177 0.277596
178 0.4481
179 0.435172
180 0.503653
181 0.391637
182 0.315969
183 0.446981
184 0.275775
185 0.408811
186 0.275071
187 0.393901
188 0.477755
189 0.421147
190 0.407019
191 0.506253
192 0.43625
193 0.491156
194 0.437858
195 0.367475
196 0.456311
197 0.303051
198 0.329239
199 0.272278
200 0.265335
201 0.412701
202 0.455189
203 0.44732
204 0.409662
205 0.46076
206 0.344781
207 0.287182
208 0.254144
209 0.444277
210 0.553463
211 0.343924
212 0.487391
213 0.403785
214 0.35709
215 0.343714
216 0.460714
217 0.300396
218 0.424669
219 0.488612
220 0.313908
221 0.476228
222 0.457922
223 0.344679
224 0.476699
225 0.403609
226 0.377164
227 0.431591
228 0.366861
229 0.262723
230 0.434898
231 0.505714
232 0.351925
233 0.423575
234 0.394036
235 0.458851
236 0.454029
237 0.497221
238 0.322389
239 0.423733
240 0.508198
241 0.382729
242 0.377536
243 0.295104
244 0.321236
245 0.362893
246 0.313042
247 0.48977
248 0.458663
249 0.322065
250 0.479208
251 0.400658
252 0.529539
253 0.373086
254 0.372943
255 0.327964
256 0.345025
257 0.406053
258 0.405191
259 0.368085
260 0.42035
261 0.467372
262 0.427238
263 0.325997
264 0.340264
265 0.38936
266 0.293216
267 0.451505
268 0.518537
269 0.349086
270 0.441107
271 0.414129
272 0.342477
273 0.353349
274 0.419383
275 0.46462
276 0.533186
277 0.378566
278 0.212366
279 0.431323
280 0.282818
281 0.441232
282 0.487903
283 0.280804
284 0.471775
285 0.255075
286 0.425568
287 0.37926
288 0.454607
289 0.45454
290 0.35414
291 0.493876
292 0.49871
293 0.476043
294 0.348515
295 0.43585
296 0.373951
297 0.454368
298 0.36996
299 0.354913
300 0.471302
301 0.401837
302 0.457467
303 0.396601
304 0.388374
305 0.305203
306 0.391584
307 0.466726
308 0.392885
309 0.410192
310 0.483463
311 0.532775
312 0.396596
313 0.285872
314 0.277459
315 0.301045
316 0.423382
317 0.449945
318 0.55499
319 0.35623
320 0.447677
321 0.393495
322 0.359067
323 0.539146
324 0.374085
325 0.444918
326 0.402591
327 0.411366
328 0.433049
329 0.410122
330 0.352594
331 0.402807
332 0.385974
333 0.380701
334 0.325659
335 0.400237
336 0.295166
337 0.379849
338 0.432689
339 0.366142
340 0.348776
341 0.332011
342 0.393844
343 0.431118
344 0.447067
345 0.329824
346 0.299016
347 0.305583
348 0.472834
349 0.357935
350 0.453993
351 0.31322
352 0.395895
353 0.516965
354 0.302408
355 0.474788
356 0.27316
357 0.381893
358 0.417455
359 0.48772
360 0.402286
361 0.404607
362 0.445656
363 0.327745
364 0.359662
365 0.43844
366 0.314488
367 0.384334
368 0.278134
369 0.410912
370 0.491962
371 0.347911
372 0.42569
373 0.289684
374 0.276381
375 0.312133
376 0.393142
377 0.383145
378 0.430215
379 0.464448
380 0.497229
381 0.445476
382 0.45123
383 0.368508
384 0.264637
385 0.35072
386 0.406009
387 0.33286
388 0.365996
389 0.311813
390 0.45813
391 0.47043
392 0.339984
393 0.303905
394 0.382031
395 0.419374
396 0.405676
397 0.304992
398 0.361492
399 0.384886
400 0.439135
401 0.369144
402 0.45061
403 0.491743
404 0.367763
405 0.415532
406 0.455439
407 0.317986
408 0.464969
409 0.466507
410 0.528865
411 0.423261
412 0.396205
413 0.466352
414 0.449971
415 0.443555
416 0.460857
417 0.316929
418 0.466375
419 0.434416
420 0.503972
421 0.365673
422 0.253304
423 0.409279
424 0.282997
425 0.310049
426 0.379746
427 0.273476
428 0.465212
429 0.358246
430 0.489762
431 0.366739
432 0.294795
433 0.324906
434 0.476072
435 0.493862
436 0.328604
437 0.482499
438 0.486886
439 0.363041
440 0.37586
441 0.426549
442 0.486793
443 0.449028
444 0.483044
445 0.487835
446 0.390641
447 0.328615
448 0.301966
449 0.40478
450 0.311873
451 0.392883
452 0.419664
453 0.455876
454 0.300295
455 0.295223
456 0.301329
457 0.361615
458 0.348234
459 0.406056
460 0.498949
461 0.455393
462 0.28321
463 0.426524
464 0.497719
465 0.427465
466 0.503319
467 0.519531
468 0.394132
469 0.401232
470 0.414767
471 0.30993
472 0.431815
473 0.320728
474 0.480947
475 0.470337
476 0.526736
477 0.490373
478 0.406635
479 0.496778
480 0.276338
481 0.409648
482 0.470164
483 0.503508
484 0.44862
485 0.308566
486 0.433072
487 0.453352
488 0.499791
489 0.346651
490 0.249303
491 0.428965
492 0.439001
493 0.302444
494 0.429312
495 0.295147
496 0.423439
497 0.417264
498 0.327691
499 0.346004
500 0.297606
501 0.400946
502 0.414594
503 0.428503
504 0.251921
505 0.440607
506 0.507433
507 0.486892
508 0.342661
509 0.35577
510 0.308056
511 0.286592
512 0.450321
513 0.366449
514 0.492986
515 0.421297
516 0.489263
517 0.465129
518 0.415388
519 0.422415
520 0.479886
521 0.372807
522 0.368276
523 0.315937
524 0.452197
525 0.329334
526 0.357367
527 0.467529
528 0.42847
529 0.44056
530 0.371789
531 0.451777
532 0.487682
533 0.509619
534 0.472419
535 0.411007
536 0.345724
537 0.391256
538 0.434747
539 0.344998
540 0.474855
541 0.444481
542 0.430689
543 0.35562
544 0.425354
545 0.489415
546 0.349602
547 0.294008
548 0.372239
549 0.428333
550 0.465183
551 0.406877
552 0.348819
553 0.36087
554 0.357157
555 0.478197
556 0.466441
557 0.372939
558 0.424812
559 0.503768
560 0.467725
561 0.407456
562 0.283813
563 0.389754
564 0.42866
565 0.447984
566 0.360244
567 0.40849
568 0.359981
569 0.349181
570 0.453716
571 0.44859
572 0.343962
573 0.336191
574 0.340432
575 0.261497
576 0.401204
577 0.467603
578 0.484724
579 0.350767
580 0.343142
581 0.376786
582 0.302214
583 0.395775
584 0.377777
585 0.497287
586 0.523904
587 0.512906
588 0.491051
589 0.349731
590 0.42937
591 0.309454
592 0.468329
593 0.292105
594 0.4683
595 0.381796
596 0.308188
597 0.452528
598 0.31828
599 0.441395
600 0.429755
601 0.352259
602 0.40003
603 0.469031
604 0.385329
605 0.467159
606 0.356286
607 0.401113
608 0.271517
609 0.439783
610 0.383876
611 0.31353
612 0.493621
613 0.294667
614 0.32627
615 0.364462
616 0.370377
617 0.319487
618 0.319231
619 0.405371
620 0.342887
621 0.326737
622 0.263768
623 0.351804
624 0.355754
625 0.435705
626 0.363127
627 0.50602
628 0.383751
629 0.330418
630 0.33512
631 0.464061
632 0.424122
633 0.360158
634 0.432834
635 0.400879
636 0.337758
637 0.327918
638 0.480653
639 0.360872
640 0.433317
641 0.360278
642 0.365228
643 0.483132
644 0.495528
645 0.46212
646 0.446223
647 0.397637
648 0.484487
649 0.335312
650 0.362808
651 0.333549
652 0.450874
653 0.455908
654 0.472082
655 0.456786
656 0.321784
657 0.364308
658 0.423458
659 0.367325
660 0.415994
661 0.303619
662 0.349313
663 0.341414
664 0.307096
665 0.332619
666 0.432559
667 0.335797
668 0.431804
669 0.438206
670 0.375892
671 0.290664
672 0.300454
673 0.283468
674 0.454388
675 0.386582
676 0.311858
677 0.464548
678 0.528522
679 0.332107
680 0.40028
681 0.423049
682 0.429659
683 0.558608
684 0.354333
685 0.303709
686 0.304619
687 0.391199
688 0.368971
689 0.360463
690 0.336269
691 0.281259
692 0.267045
693 0.39339
694 0.376413
695 0.316257
696 0.319246
697 0.328904
698 0.451965
699 0.403837
700 0.385732
701 0.393291
702 0.393374
703 0.441214
704 0.419566
705 0.394509
706 0.443529
707 0.511113
708 0.422321
709 0.40476
710 0.285908
711 0.27251
712 0.493552
713 0.331324
714 0.437115
715 0.326638
716 0.375201
717 0.482538
718 0.515183
719 0.437283
720 0.48502
721 0.411122
722 0.338636
723 0.331025
724 0.286398
725 0.449972
726 0.551527
727 0.390131
728 0.349063
729 0.473894
730 0.421331
731 0.323953
732 0.355956
733 0.238451
734 0.424614
735 0.333313
736 0.475404
737 0.435664
738 0.373965
739 0.41989
740 0.459842
741 0.392152
742 0.268497
743 0.397545
744 0.275664
745 0.338031
746 0.426995
747 0.330253
748 0.284257
749 0.287095
750 0.42152
751 0.311552
752 0.312103
753 0.413232
754 0.245807
755 0.409406
756 0.384174
757 0.290117
758 0.320893
759 0.366408
760 0.497999
761 0.397201
762 0.485328
763 0.407867
764 0.433405
765 0.311547
766 0.300239
767 0.358543
768 0.247711
769 0.379932
770 0.485562
771 0.482051
772 0.459689
773 0.353339
774 0.280932
775 0.216147
776 0.429665
777 0.35963
778 0.322731
779 0.276797
780 0.259935
781 0.440449
782 0.520211
783 0.346372
784 0.447469
785 0.359082
786 0.330995
787 0.351607
788 0.350498
789 0.422482
790 0.35978
791 0.357619
792 0.454022
793 0.447826
794 0.485085
795 0.369528
796 0.397958
797 0.305466
798 0.35623
799 0.338399
800 0.312379
801 0.287635
802 0.420233
803 0.376364
804 0.30256
805 0.306752
806 0.346447
807 0.288715
808 0.435894
809 0.354248
810 0.398589
811 0.35328
812 0.399287
813 0.501275
814 0.341652
815 0.332154
816 0.382813
817 0.383754
818 0.492339
819 0.510975
820 0.3727
821 0.379701
822 0.324718
823 0.319892
824 0.380576
825 0.320563
826 0.298664
827 0.307782
828 0.250356
829 0.455793
830 0.375721
831 0.398628
832 0.363078
833 0.252184
834 0.449962
835 0.390427
836 0.32519
837 0.303271
838 0.319537
839 0.467374
840 0.395719
841 0.362923
842 0.406933
843 0.338815
844 0.304026
845 0.425588
846 0.394255
847 0.356457
848 0.387727
849 0.331989
850 0.398063
851 0.348232
852 0.286737
853 0.267753
854 0.411225
855 0.442889
856 0.398863
857 0.459559
858 0.343673
859 0.442009
860 0.327591
861 0.372839
862 0.33921
863 0.445519
864 0.36887
865 0.275516
866 0.441893
867 0.415924
868 0.540506
869 0.428176
870 0.373226
871 0.359182
872 0.415967
873 0.396911
874 0.366367
875 0.342365
876 0.3275
877 0.408622
878 0.410771
879 0.33787
880 0.435268
881 0.470429
882 0.419216
883 0.383328
884 0.298405
885 0.346905
886 0.394904
887 0.348906
888 0.361456
889 0.467059
890 0.400662
891 0.368768
892 0.409955
893 0.426778
894 0.388679
895 0.457528
896 0.388576
897 0.424129
898 0.286228
899 0.400451
900 0.335273
901 0.465055
902 0.321156
903 0.310705
904 0.370561
905 0.48894
906 0.533065
907 0.447506
908 0.451682
909 0.443556
910 0.523613
911 0.396316
912 0.455543
913 0.563651
914 0.349317
915 0.518119
916 0.349504
917 0.422874
918 0.406743
919 0.361741
920 0.538146
921 0.358375
922 0.434578
923 0.2961
924 0.292803
925 0.397617
926 0.33685
927 0.453541
928 0.390055
929 0.489898
930 0.355097
931 0.42442
932 0.315814
933 0.320031
934 0.422453
935 0.382332
936 0.346335
937 0.357847
938 0.26953
939 0.445208
940 0.312445
941 0.316083
942 0.409186
943 0.341014
944 0.28186
945 0.347133
946 0.316825
947 0.377482
948 0.297196
949 0.260855
950 0.39591
951 0.506296
952 0.378598
953 0.281409
954 0.443858
955 0.273961
956 0.376471
957 0.316614
958 0.238654
959 0.401912
960 0.417997
961 0.419526
962 0.470349
963 0.43818
964 0.355753
965 0.351036
966 0.323029
967 0.468718
968 0.524031
969 0.468305
970 0.371714
971 0.451315
972 0.510427
973 0.401135
974 0.304953
975 0.257834
976 0.365343
977 0.458343
978 0.406894
979 0.490052
980 0.352631
981 0.404732
982 0.398281
983 0.366166
984 0.449599
985 0.409119
986 0.429784
987 0.376127
988 0.342093
989 0.316702
990 0.330728
991 0.477326
992 0.319654
993 0.384935
994 0.264775
995 0.387377
996 0.471173
997 0.454982
998 0.353414
999 0.298153
1000 0.439482
1001 0.464868
1002 0.482193
1003 0.462133
1004 0.318553
1005 0.502649
1006 0.360429
1007 0.478337
1008 0.387308
1009 0.352826
1010 0.341704
1011 0.3916
1012 0.237328
1013 0.457785
1014 0.347969
1015 0.397852
1016 0.433793
1017 0.36278
1018 0.448715
1019 0.377575
1020 0.383854
1021 0.300153
1022 0.421204
1023 0.320452
1024 0.334441
1025 0.31467
1026 0.344589
1027 0.311859
1028 0.437065
1029 0.334472
1030 0.379271
1031 0.260317
1032 0.326656
1033 0.370597
1034 0.362502
1035 0.324797
1036 0.221878
1037 0.453515
1038 0.417062
1039 0.490985
1040 0.404068
1041 0.396996
1042 0.376683
1043 0.259826
1044 0.453101
1045 0.44258
1046 0.336936
1047 0.287
1048 0.357473
1049 0.462101
1050 0.467761
1051 0.41789
1052 0.33815
1053 0.300231
1054 0.462609
1055 0.47296
1056 0.512989
1057 0.450461
1058 0.468276
1059 0.282845
1060 0.357335
1061 0.325674
1062 0.304015
1063 0.45876
1064 0.425323
1065 0.347547
1066 0.421151
1067 0.346541
1068 0.30564
1069 0.464851
1070 0.38855
1071 0.406831
1072 0.484632
1073 0.319062
1074 0.511122
1075 0.331887
1076 0.346058
1077 0.402059
1078 0.408937
1079 0.488544
1080 0.36694
1081 0.308145
1082 0.431935
1083 0.364064
1084 0.435069
1085 0.413901
1086 0.490892
1087 0.429741
1088 0.289579
1089 0.385541
1090 0.441059
1091 0.442245
1092 0.396293
1093 0.276655
1094 0.442964
1095 0.318111
1096 0.370931
1097 0.320476
1098 0.441749
1099 0.378389
1100 0.504103
1101 0.322918
1102 0.288322
1103 0.452479
1104 0.468319
1105 0.354271
1106 0.378136
1107 0.393129
1108 0.447806
1109 0.444606
1110 0.498571
1111 0.279705
1112 0.367237
1113 0.337552
1114 0.404393
1115 0.373352
1116 0.240723
1117 0.424446
1118 0.412365
1119 0.358273
1120 0.282655
1121 0.194203
1122 0.430063
1123 0.305149
1124 0.408971
1125 0.492195
1126 0.43357
1127 0.503333
1128 0.424644
1129 0.413052
1130 0.494289
1131 0.408396
1132 0.464582
1133 0.360296
1134 0.409031
1135 0.375778
1136 0.348544
1137 0.503854
1138 0.352567
1139 0.485354
1140 0.502327
1141 0.422154
1142 0.453197
1143 0.451518
1144 0.394104
1145 0.335459
1146 0.494027
1147 0.379006
1148 0.48032
1149 0.279563
1150 0.389364
1151 0.486322
1152 0.437872
1153 0.535455
1154 0.388602
1155 0.354416
1156 0.51388
1157 0.394709
1158 0.39153
1159 0.34864
1160 0.449081
1161 0.424626
1162 0.382128
1163 0.38444
1164 0.440088
1165 0.430706
1166 0.290975
1167 0.423534
1168 0.317469
1169 0.40472
1170 0.300986
1171 0.362217
1172 0.372698
1173 0.485637
1174 0.389468
1175 0.442859
1176 0.454586
1177 0.452447
1178 0.350476
1179 0.356777
1180 0.293291
1181 0.403352
1182 0.355881
1183 0.341704
1184 0.366943
1185 0.386198
1186 0.410091
1187 0.358339
1188 0.325102
1189 0.492434
1190 0.38806
1191 0.39459
1192 0.482019
1193 0.348012
1194 0.262586
1195 0.389003
1196 0.350837
1197 0.460558
1198 0.542668
1199 0.405126
1200 0.441069
1201 0.515197
1202 0.402606
1203 0.296388
1204 0.374766
1205 0.340167
1206 0.37981
1207 0.277137
1208 0.429331
1209 0.429548
1210 0.318586
1211 0.31229
1212 0.321581
1213 0.285764
1214 0.445255
1215 0.279661
1216 0.36876
1217 0.252765
1218 0.417119
1219 0.41221
1220 0.458311
1221 0.405189
1222 0.50176
1223 0.430651
1224 0.398627
1225 0.308976
1226 0.27655
1227 0.381874
1228 0.416332
1229 0.407771
1230 0.395794
1231 0.282393
1232 0.325168
1233 0.422345
1234 0.280203
1235 0.492132
1236 0.487509
1237 0.513597
1238 0.521271
1239 0.436485
1240 0.478301
1241 0.33395
1242 0.34951
1243 0.487311
1244 0.310408
1245 0.359135
1246 0.237731
1247 0.455901
1248 0.509789
1249 0.324962
1250 0.30307
1251 0.260472
1252 0.36339
1253 0.505949
1254 0.411141
1255 0.493809
1256 0.412325
1257 0.505726
1258 0.441201
1259 0.305338
1260 0.259148
1261 0.343113
1262 0.424271
1263 0.314146
1264 0.497703
1265 0.406212
1266 0.467076
1267 0.469412
1268 0.408224
1269 0.31122
1270 0.297556
1271 0.340355
1272 0.431488
1273 0.448397
1274 0.583688
1275 0.342598
1276 0.385854
1277 0.471489
1278 0.478193
1279 0.474589
1280 0.459292
1281 0.358406
1282 0.378845
1283 0.263768
1284 0.444601
1285 0.282402
1286 0.438389
1287 0.393015
1288 0.528987
1289 0.411432
1290 0.411787
1291 0.406696
1292 0.312759
1293 0.441754
1294 0.325401
1295 0.365151
1296 0.388947
1297 0.511917
1298 0.408257
1299 0.437325
1300 0.418236
1301 0.310847
1302 0.507927
1303 0.351823
1304 0.398378
1305 0.482937
1306 0.404411
1307 0.360954
1308 0.34418
1309 0.27183
1310 0.259153
1311 0.254252
1312 0.428862
1313 0.36093
1314 0.302482
1315 0.434029
1316 0.419928
1317 0.392683
1318 0.302935
1319 0.500856
1320 0.327776
1321 0.311852
1322 0.310025
1323 0.343209
1324 0.408619
1325 0.375765
1326 0.287071
1327 0.388204
1328 0.330185
1329 0.393512
1330 0.356427
1331 0.441121
1332 0.33484
1333 0.238547
1334 0.35954
1335 0.391462
1336 0.523006
1337 0.341396
1338 0.271404
1339 0.312819
1340 0.399114
1341 0.379183
1342 0.47641
1343 0.532081
1344 0.365567
1345 0.271896
1346 0.45867
1347 0.457507
1348 0.355558
1349 0.46123
1350 0.278429
1351 0.406993
1352 0.367986
1353 0.386594
1354 0.430168
1355 0.392903
1356 0.420014
1357 0.489348
1358 0.372454
1359 0.479658
1360 0.354526
1361 0.300553
1362 0.318309
1363 0.276709
1364 0.460021
1365 0.348285
1366 0.513523
1367 0.328813
1368 0.336405
1369 0.457628
1370 0.393867
1371 0.449259
1372 0.45983
1373 0.409906
1374 0.404556
1375 0.406684
1376 0.451058
1377 0.326749
1378 0.416736
1379 0.352788
1380 0.267401
1381 0.389365
1382 0.46119
1383 0.49991
1384 0.411826
1385 0.525671
1386 0.410598
1387 0.337042
1388 0.476502
1389 0.355287
1390 0.504743
1391 0.480069
1392 0.43868
1393 0.416761
1394 0.257214
1395 0.394122
1396 0.469934
1397 0.434714
1398 0.459857
1399 0.402784
1400 0.346355
1401 0.379054
1402 0.385353
1403 0.284277
1404 0.454669
1405 0.48162
1406 0.362655
1407 0.365612
1408 0.452678
1409 0.434045
1410 0.412047
1411 0.335329
1412 0.438156
1413 0.291366
1414 0.450002
1415 0.35501
1416 0.359639
1417 0.385893
1418 0.381167
1419 0.307783
1420 0.349222
1421 0.440118
1422 0.354673
1423 0.348972
1424 0.444725
1425 0.321739
1426 0.392684
1427 0.298757
1428 0.348479
1429 0.410038
1430 0.356861
1431 0.318337
1432 0.256612
1433 0.456767
1434 0.298534
1435 0.486925
1436 0.428331
1437 0.286448
1438 0.349454
1439 0.331762
1440 0.404457
1441 0.396455
1442 0.321052
1443 0.378934
1444 0.514132
1445 0.369003
1446 0.337893
1447 0.457316
1448 0.488247
1449 0.515683
1450 0.42413
1451 0.544245
1452 0.374816
1453 0.513819
1454 0.395885
1455 0.39143
1456 0.376582
1457 0.306326
1458 0.514274
1459 0.32892
1460 0.32929
1461 0.456018
1462 0.412263
1463 0.488231
1464 0.407963
1465 0.471477
1466 0.449124
1467 0.407396
1468 0.4702
1469 0.355541
1470 0.418222
1471 0.432982
1472 0.315
1473 0.328167
1474 0.468862
1475 0.440569
1476 0.371772
1477 0.467234
1478 0.473807
1479 0.489503
1480 0.500971
1481 0.472058
1482 0.415408
1483 0.430677
1484 0.426231
1485 0.427218
1486 0.491347
1487 0.386192
1488 0.279541
1489 0.390982
1490 0.481223
1491 0.347578
1492 0.316599
1493 0.212915
1494 0.423164
1495 0.332214
1496 0.436338
1497 0.360882
1498 0.426652
1499 0.363818
1500 0.446127
1501 0.362513
1502 0.371791
1503 0.337521
1504 0.394792
1505 0.437736
1506 0.397899
1507 0.359522
1508 0.31214
1509 0.374631
1510 0.446758
1511 0.371949
1512 0.337117
1513 0.438737
1514 0.47984
1515 0.513604
1516 0.433622
1517 0.357786
1518 0.435495
1519 0.354991
1520 0.38298
1521 0.37396
1522 0.295689
1523 0.271657
1524 0.300864
1525 0.372275
1526 0.307291
1527 0.327686
1528 0.36757
1529 0.353679
1530 0.416906
1531 0.523572
1532 0.405834
1533 0.491854
1534 0.418652
1535 0.403047
1536 0.456646
1537 0.338172
1538 0.339906
1539 0.278444
1540 0.401992
1541 0.478025
1542 0.41855
1543 0.326376
1544 0.298176
1545 0.245558
1546 0.36633
1547 0.325806
1548 0.467186
1549 0.417307
1550 0.530285
1551 0.338539
1552 0.318831
1553 0.311187
1554 0.443895
1555 0.561632
1556 0.394913
1557 0.494992
1558 0.42955
1559 0.465477
1560 0.33471
1561 0.330151
1562 0.289088
1563 0.440229
1564 0.467963
1565 0.460415
1566 0.378861
1567 0.428931
1568 0.365629
1569 0.261467
1570 0.435341
1571 0.388863
1572 0.33457
1573 0.302508
1574 0.308641
1575 0.37114
1576 0.489174
1577 0.42538
1578 0.326512
1579 0.345188
1580 0.432561
1581 0.458146
1582 0.364269
1583 0.207852
1584 0.432099
1585 0.487432
1586 0.35427
1587 0.305892
1588 0.248046
1589 0.383286
1590 0.30299
1591 0.452902
1592 0.488506
1593 0.42535
1594 0.504589
1595 0.324865
1596 0.416742
1597 0.367359
1598 0.458592
1599 0.374663
1600 0.256277
1601 0.383469
1602 0.373371
1603 0.385754
1604 0.444748
1605 0.391565
1606 0.434541
1607 0.411877
1608 0.502109
1609 0.414191
1610 0.493084
1611 0.411934
1612 0.45222
1613 0.31701
1614 0.411077
1615 0.499191
1616 0.497808
1617 0.363309
1618 0.483094
1619 0.426174
1620 0.352257
1621 0.284976
1622 0.278764
1623 0.250095
1624 0.42365
1625 0.487937
1626 0.513369
1627 0.361028
1628 0.473036
1629 0.34555
1630 0.466532
1631 0.465625
1632 0.362635
1633 0.389994
1634 0.460089
1635 0.335403
1636 0.371827
1637 0.469879
1638 0.439327
1639 0.526056
1640 0.390319
1641 0.456642
1642 0.354102
1643 0.368744
1644 0.264447
1645 0.441087
1646 0.282056
1647 0.438731
1648 0.337505
1649 0.325298
1650 0.293243
1651 0.425013
1652 0.322881
1653 0.452442
1654 0.39746
1655 0.317041
1656 0.272324
1657 0.297918
1658 0.265029
1659 0.313195
1660 0.28452
1661 0.27414
1662 0.338213
1663 0.428582
1664 0.358227
1665 0.344624
1666 0.372876
1667 0.386138
1668 0.334791
1669 0.400353
1670 0.251429
1671 0.466609
1672 0.366747
1673 0.504002
1674 0.393563
1675 0.481429
1676 0.462986
1677 0.272216
1678 0.438877
1679 0.373012
1680 0.404121
1681 0.365192
1682 0.464314
1683 0.357307
1684 0.492152
1685 0.412705
1686 0.403621
1687 0.388246
1688 0.304426
1689 0.353484
1690 0.439431
1691 0.396228
1692 0.479087
1693 0.350435
1694 0.339933
1695 0.442056
1696 0.471043
1697 0.46809
1698 0.317009
1699 0.35063
1700 0.41327
1701 0.349732
1702 0.352413
1703 0.361383
1704 0.35263
1705 0.478756
1706 0.36622
1707 0.456337
1708 0.274816
1709 0.383725
1710 0.351358
1711 0.462108
1712 0.335688
1713 0.302809
1714 0.457387
1715 0.250937
1716 0.424875
1717 0.494248
1718 0.421967
1719 0.37469
1720 0.229749
1721 0.438288
1722 0.382835
1723 0.416178
1724 0.424714
1725 0.498202
1726 0.351469
1727 0.312472
1728 0.38618
1729 0.526028
1730 0.334396
1731 0.334645
1732 0.458777
1733 0.468975
1734 0.520678
1735 0.319517
1736 0.371755
1737 0.33459
1738 0.353605
1739 0.318464
1740 0.419913
1741 0.405972
1742 0.460746
1743 0.335507
1744 0.49935
1745 0.303791
1746 0.297198
1747 0.43706
1748 0.33653
1749 0.342404
1750 0.323378
1751 0.485552
1752 0.400709
1753 0.537523
1754 0.348617
1755 0.398386
1756 0.428177
1757 0.440502
1758 0.492383
1759 0.346003
1760 0.444646
1761 0.337657
1762 0.349679
1763 0.255113
1764 0.427569
1765 0.453341
1766 0.475037
1767 0.440645
1768 0.359573
1769 0.274171
1770 0.465507
1771 0.451983
1772 0.293165
1773 0.415462
1774 0.399179
1775 0.503604
1776 0.534804
1777 0.33403
1778 0.480829
1779 0.517345
1780 0.44916
1781 0.531909
1782 0.378688
1783 0.343409
1784 0.434046
1785 0.350766
1786 0.393768
1787 0.318449
1788 0.337228
1789 0.475325
1790 0.451663
1791 0.315564
1792 0.424189
1793 0.281997
1794 0.363754
1795 0.378903
1796 0.403017
1797 0.326031
1798 0.276733
1799 0.347507
1800 0.442112
1801 0.421297
1802 0.301732
1803 0.342669
1804 0.38844
1805 0.306888
1806 0.422341
1807 0.386445
1808 0.288819
1809 0.435474
1810 0.36989
1811 0.439437
1812 0.523196
1813 0.378895
1814 0.40306
1815 0.403895
1816 0.40793
1817 0.484891
1818 0.337379
1819 0.435689
1820 0.426012
1821 0.475412
1822 0.314564
1823 0.325368
1824 0.455066
1825 0.371703
1826 0.531956
1827 0.421277
1828 0.463159
1829 0.3157
1830 0.3733
1831 0.360945
1832 0.29087
1833 0.270033
1834 0.358698
1835 0.390224
1836 0.263914
1837 0.461217
1838 0.350186
1839 0.495941
1840 0.531507
1841 0.37314
1842 0.361556
1843 0.358943
1844 0.365368
1845 0.450969
1846 0.419269
1847 0.465078
1848 0.465271
1849 0.338309
1850 0.277838
1851 0.350634
1852 0.50764
1853 0.378814
1854 0.332184
1855 0.3771
1856 0.294013
1857 0.494795
1858 0.427574
1859 0.39404
1860 0.315472
1861 0.376068
1862 0.327593
1863 0.354551
1864 0.454548
1865 0.422956
1866 0.354627
1867 0.418508
1868 0.412562
1869 0.518284
1870 0.428853
1871 0.419909
1872 0.463366
1873 0.392175
1874 0.294853
1875 0.383627
1876 0.502544
1877 0.399339
1878 0.451794
1879 0.445865
1880 0.347306
1881 0.335845
1882 0.424391
1883 0.439316
1884 0.37976
1885 0.397831
1886 0.338603
1887 0.415602
1888 0.508024
1889 0.340621
1890 0.295582
1891 0.393759
1892 0.390802
1893 0.478494
1894 0.446543
1895 0.377667
1896 0.430281
1897 0.33678
1898 0.368385
1899 0.426963
1900 0.307823
1901 0.321423
1902 0.358093
1903 0.413886
1904 0.406883
1905 0.370194
1906 0.316971
1907 0.38103
1908 0.282333
1909 0.33307
1910 0.29155
1911 0.464045
1912 0.409968
1913 0.409803
1914 0.322645
1915 0.354041
1916 0.48716
1917 0.453451
1918 0.332841
1919 0.355719
1920 0.422288
1921 0.338418
1922 0.359049
1923 0.396062
1924 0.433156
1925 0.390485
1926 0.465825
1927 0.380124
1928 0.423632
1929 0.384314
1930 0.323653
1931 0.403782
1932 0.347794
1933 0.303408
1934 0.393246
1935 0.339855
1936 0.449733
1937 0.407765
1938 0.489738
1939 0.42033
1940 0.402252
1941 0.432762
1942 0.320567
1943 0.388172
1944 0.298551
1945 0.279588
1946 0.434289
1947 0.4387
1948 0.452084
1949 0.387731
1950 0.292824
1951 0.249582
1952 0.443054
1953 0.344469
1954 0.409299
1955 0.38564
1956 0.289385
1957 0.409615
1958 0.269306
1959 0.458202
1960 0.39971
1961 0.414067
1962 0.367924
1963 0.394779
1964 0.449997
1965 0.48102
1966 0.364854
1967 0.363681
1968 0.430904
1969 0.39706
1970 0.441023
1971 0.344504
1972 0.377457
1973 0.35713
1974 0.31329
1975 0.397437
1976 0.450553
1977 0.448946
1978 0.471491
1979 0.289423
1980 0.37924
1981 0.475591
1982 0.502351
1983 0.479649
1984 0.518919
1985 0.375707
1986 0.494968
1987 0.317067
1988 0.338673
1989 0.306761
1990 0.411635
1991 0.42375
1992 0.388903
1993 0.416623
1994 0.311202
1995 0.280062
1996 0.370831
1997 0.471873
1998 0.294723
1999 0.439499
2000 0.368879
2001 0.32237
2002 0.352779
2003 0.213565
2004 0.447766
2005 0.513064
2006 0.505647
2007 0.387177
2008 0.481303
2009 0.382924
2010 0.385377
2011 0.370055
2012 0.36056
2013 0.331543
2014 0.291185
2015 0.371492
2016 0.46389
2017 0.520496
2018 0.466904
2019 0.388761
2020 0.464299
2021 0.308349
2022 0.43024
2023 0.367248
2024 0.305231
2025 0.422214
2026 0.383716
2027 0.349091
2028 0.358728
2029 0.46239
2030 0.368888
2031 0.444834
2032 0.479366
2033 0.340601
2034 0.423093
2035 0.405256
2036 0.37134
2037 0.43839
2038 0.361076
2039 0.338696
2040 0.455862
2041 0.466196
2042 0.520584
2043 0.441717
2044 0.389164
2045 0.407745
2046 0.480087
2047 0.504057
2048 0.407628
2049 0.299327
2050 0.3867
2051 0.325339
2052 0.294696
2053 0.257088
2054 0.370829
2055 0.395797
2056 0.503698
2057 0.53069
2058 0.469281
2059 0.372359
2060 0.463305
2061 0.503227
2062 0.458754
2063 0.417685
2064 0.427972
2065 0.509416
2066 0.479126
2067 0.394581
2068 0.327143
2069 0.417329
2070 0.431012
2071 0.339957
2072 0.273393
2073 0.369432
2074 0.384098
2075 0.460216
2076 0.504423
2077 0.399404
2078 0.382951
2079 0.393554
2080 0.418578
2081 0.448812
2082 0.392768
2083 0.412709
2084 0.475358
2085 0.389647
2086 0.388737
2087 0.432623
2088 0.390608
2089 0.32808
2090 0.351399
2091 0.278096
2092 0.290139
2093 0.277875
2094 0.35822
2095 0.435313
2096 0.365143
2097 0.473809
2098 0.497391
2099 0
