0 0.312059
1 0.467982
2 0.258348
3 0.117522
4 0.0345024
5 -0.00996122
6 -0.0282729
7 -0.0229797
8 -0.0233593
9 -0.0242095
10 -0.0188462
11 -0.0265005
12 -0.0246113
13 -0.0196192
14 -0.0256215
15 -0.0192337
16 -0.0347814
17 -0.0345407
18 -0.0219606
19 -0.020303
20 -0.0333319
21 -0.0245655
22 -0.0327477
23 -0.0345252
24 -0.0265069
25 -0.0336182
26 -0.017407
27 -0.0166802
28 -0.0272224
29 -0.0357548
30 -0.013713
31 -0.0347511
32 -0.0193084
33 -0.0345159
34 -0.016242
35 -0.024283
36 -0.0215885
37 -0.0321288
38 -0.0154059
39 -0.0206963
40 -0.0225239
41 -0.0213713
42 -0.0243205
43 -0.00955379
44 -0.0122655
45 -0.0185523
46 0.000267336
47 0.00598648
48 -0.00471721
49 0.00184263
50 0.00204089
51 0.0122665
52 0.014073
53 0.0294178
54 0.0286026
55 0.0417876
56 0.0464797
57 0.0572965
58 0.0671104
59 0.0725767
60 0.0875732
61 0.0853607
62 0.0879046
63 0.11108
64 0.108704
65 0.126109
66 0.123505
67 0.13103
68 0.142568
69 0.130253
70 0.146773
71 0.156895
72 0.158903
73 0.161942
74 0.149899
75 0.166515
76 0.166897
77 0.167864
78 0.166065
79 0.171186
80 0.171386
81 0.170699
82 0.167252
83 0.176198
84 0.162287
85 0.180008
86 0.170188
87 0.16221
88 0.173903
89 0.182634
90 0.182732
91 0.162975
92 0.176949
93 0.186334
94 0.1877
95 0.170626
96 0.16459
97 0.189841
98 0.179607
99 0.170234
100 0.175354
101 0.172782
102 0.182688
103 0.184849
104 0.160442
105 0.180975
106 0.184354
107 0.174805
108 0.177485
109 0.185486
110 0.185483
111 0.184973
112 0.174805
113 0.1771
114 0.180758
115 0.182644
116 0.172104
117 0.17126
118 0.178948
119 0.181869
120 0.175011
121 0.177534
122 0.168899
123 0.166592
124 0.181195
125 0.181761
126 0.169452
127 0.16288
128 0.179782
129 0.176825
130 0.172446
131 0.172364
132 0.184058
133 0.178054
134 0.182087
135 0.177901
136 0.175688
137 0.17421
138 0.170973
139 0.176113
140 0.178423
141 0.186522
142 0.172567
143 0.161789
144 0.173119
145 0.185823
146 0.165276
147 0.178988
148 0.17844
149 0.181624
150 0.176572
151 0.178584
152 0.182135
153 0.186919
154 0.179707
155 0.167968
156 0.190426
157 0.174366
158 0.171223
159 0.181081
160 0.176719
161 0.165179
162 0.184834
163 0.18452
164 0.168522
165 0.169315
166 0.187998
167 0.169378
168 0.173513
169 0.176171
170 0.165906
171 0.184533
172 0.174549
173 0.166536
174 0.178736
175 0.169867
176 0.173881
177 0.166788
178 0.179933
179 0.16695
180 0.173285
181 0.184186
182 0.18165
183 0.167464
184 0.161878
185 0.170101
186 0.168235
187 0.176584
188 0.175243
189 0.161502
190 0.172735
191 0.178281
192 0.17406
193 0.157782
194 0.17692
195 0.167561
196 0.173081
197 0.170735
198 0.172222
199 0.16216
200 0.177025
201 0.17367
202 0.170129
203 0.164825
204 0.170151
205 0.17259
206 0.166248
207 0.177155
208 0.179955
209 0.165334
210 0.167766
211 0.166711
212 0.177489
213 0.170378
214 0.18062
215 0.172382
216 0.168076
217 0.177257
218 0.180403
219 0.175469
220 0.174995
221 0.171253
222 0.174828
223 0.185571
224 0.16708
225 0.179045
226 0.18611
227 0.170455
228 0.173578
229 0.172253
230 0.171955
231 0.18254
232 0.177987
233 0.173217
234 0.183635
235 0.172404
236 0.181059
237 0.169412
238 0.17898
239 0.179965
240 0.168644
241 0.182847
242 0.172092
243 0.172678
244 0.170638
245 0.174952
246 0.173679
247 0.166443
248 0.17157
249 0.175393
250 0.182796
251 0.185577
252 0.167871
253 0.162814
254 0.182713
255 0.184202
256 0.18582
257 0.179018
258 0.165201
259 0.175006
260 0.189928
261 0.186428
262 0.180792
263 0.16644
264 0.179302
265 0.189951
266 0.180464
267 0.180738
268 0.185348
269 0.189252
270 0.182287
271 0.180382
272 0.174018
273 0.178598
274 0.18202
275 0.188113
276 0.182841
277 0.183608
278 0.169102
279 0.181525
280 0.177507
281 0.174579
282 0.190822
283 0.172166
284 0.167196
285 0.169497
286 0.182775
287 0.16666
288 0.180567
289 0.167223
290 0.176068
291 0.172685
292 0.179699
293 0.174156
294 0.178649
295 0.17499
296 0.178952
297 0.172926
298 0.171758
299 0.167777
300 0.184838
301 0.188746
302 0.173372
303 0.162894
304 0.164144
305 0.185614
306 0.17228
307 0.17626
308 0.183593
309 0.166948
310 0.178003
311 0.186424
312 0.177982
313 0.169364
314 0.174343
315 0.178363
316 0.178767
317 0.178574
318 0.176085
319 0.178583
320 0.181366
321 0.185852
322 0.180816
323 0.184829
324 0.18463
325 0.171677
326 0.187054
327 0.191878
328 0.181768
329 0.18724
330 0.189913
331 0.182845
332 0.18548
333 0.193773
334 0.181621
335 0.186236
336 0.178239
337 0.183579
338 0.17586
339 0.186566
340 0.173704
341 0.181095
342 0.190236
343 0.171261
344 0.179792
345 0.181007
346 0.173961
347 0.175641
348 0.16813
349 0.185585
350 0.180726
351 0.173789
352 0.17206
353 0.173187
354 0.166992
355 0.170053
356 0.183457
357 0.170508
358 0.170561
359 0.178212
360 0.164823
361 0.163223
362 0.181799
363 0.172363
364 0.17932
365 0.177906
366 0.179728
367 0.171575
368 0.178556
369 0.173773
370 0.173544
371 0.180406
372 0.171027
373 0.174216
374 0.169091
375 0.169263
376 0.16757
377 0.175796
378 0.177319
379 0.160299
380 0.174954
381 0.175842
382 0.161485
383 0.172476
384 0.161735
385 0.175353
386 0.172655
387 0.157241
388 0.173431
389 0.179726
390 0.164081
391 0.177698
392 0.180732
393 0.1763
394 0.172118
395 0.173344
396 0.174003
397 0.183161
398 0.17241
399 0.176943
400 0.172187
401 0.180322
402 0.183032
403 0.180978
404 0.181202
405 0.180737
406 0.182264
407 0.190739
408 0.176002
409 0.184725
410 0.19438
411 0.190698
412 0.187568
413 0.178205
414 0.173316
415 0.193063
416 0.190681
417 0.185423
418 0.174451
419 0.17907
420 0.186818
421 0.18031
422 0.16931
423 0.189599
424 0.178957
425 0.176137
426 0.169879
427 0.172973
428 0.173432
429 0.176269
430 0.173339
431 0.179259
432 0.17902
433 0.183205
434 0.163559
435 0.179486
436 0.175137
437 0.170927
438 0.184758
439 0.171201
440 0.183318
441 0.182059
442 0.176618
443 0.168627
444 0.166729
445 0.172157
446 0.17347
447 0.175132
448 0.184818
449 0.164515
450 0.161224
451 0.179638
452 0.173001
453 0.163623
454 0.170401
455 0.184158
456 0.167628
457 0.166269
458 0.183188
459 0.169777
460 0.173195
461 0.175079
462 0.164598
463 0.176277
464 0.182511
465 0.182513
466 0.171521
467 0.164953
468 0.184969
469 0.170904
470 0.183038
471 0.182636
472 0.167193
473 0.178913
474 0.167321
475 0.186205
476 0.17332
477 0.169265
478 0.171768
479 0.180554
480 0.176554
481 0.176702
482 0.177751
483 0.17089
484 0.169368
485 0.187374
486 0.180228
487 0.171489
488 0.177736
489 0.176724
490 0.180758
491 0.183739
492 0.188091
493 0.171784
494 0.17054
495 0.191629
496 0.18621
497 0.186174
498 0.171765
499 0.181059
500 0.175332
501 0.178674
502 0.172505
503 0.188357
504 0.172566
505 0.17681
506 0.166498
507 0.184867
508 0.172012
509 0.17447
510 0.168826
511 0.175948
512 0.167619
513 0.183768
514 0.177073
515 0.175114
516 0.179006
517 0.175304
518 0.177709
519 0.177671
520 0.177003
521 0.176708
522 0.176449
523 0.169454
524 0.182872
525 0.185691
526 0.180654
527 0.164816
528 0.173522
529 0.173535
530 0.178419
531 0.172346
532 0.16327
533 0.179706
534 0.179944
535 0.167453
536 0.172399
537 0.185609
538 0.162614
539 0.181886
540 0.168571
541 0.181577
542 0.176433
543 0.168509
544 0.184975
545 0.171278
546 0.165354
547 0.169501
548 0.173769
549 0.185554
550 0.172364
551 0.157631
552 0.167002
553 0.187173
554 0.17325
555 0.160513
556 0.172289
557 0.169417
558 0.177104
559 0.165111
560 0.178883
561 0.167328
562 0.175721
563 0.185396
564 0.172259
565 0.179595
566 0.167831
567 0.181748
568 0.182323
569 0.187681
570 0.176564
571 0.164865
572 0.182265
573 0.182088
574 0.186666
575 0.176585
576 0.181115
577 0.182727
578 0.188552
579 0.173672
580 0.174275
581 0.18331
582 0.184702
583 0.178858
584 0.185974
585 0.178138
586 0.172848
587 0.1791
588 0.183144
589 0.187775
590 0.173242
591 0.168875
592 0.179076
593 0.176262
594 0.181261
595 0.168959
596 0.173909
597 0.17025
598 0.166524
599 0.180149
600 0.175121
601 0.171641
602 0.174365
603 0.170572
604 0.173416
605 0.166772
606 0.164526
607 0.186027
608 0.168071
609 0.17577
610 0.165227
611 0.164793
612 0.173883
613 0.181735
614 0.178238
615 0.162332
616 0.16202
617 0.178122
618 0.172738
619 0.166057
620 0.165423
621 0.177764
622 0.17523
623 0.17489
624 0.163925
625 0.178144
626 0.168692
627 0.163709
628 0.179473
629 0.17552
630 0.178231
631 0.175475
632 0.164592
633 0.17495
634 0.176348
635 0.171945
636 0.166572
637 0.176774
638 0.169096
639 0.164228
640 0.168477
641 0.164897
642 0.173617
643 0.17377
644 0.165799
645 0.16757
646 0.176377
647 0.16418
648 0.168709
649 0.162465
650 0.177979
651 0.170753
652 0.175492
653 0.176225
654 0.176073
655 0.16671
656 0.182812
657 0.187723
658 0.173491
659 0.16581
660 0.177978
661 0.185859
662 0.176977
663 0.164898
664 0.17356
665 0.18656
666 0.169456
667 0.167781
668 0.183164
669 0.165362
670 0.180456
671 0.178388
672 0.163333
673 0.177298
674 0.187509
675 0.168604
676 0.170571
677 0.182724
678 0.18183
679 0.182089
680 0.168896
681 0.18028
682 0.183087
683 0.168079
684 0.179399
685 0.183974
686 0.173705
687 0.180836
688 0.186217
689 0.184485
690 0.167267
691 0.179392
692 0.185425
693 0.1831
694 0.175133
695 0.183743
696 0.182165
697 0.177099
698 0.186514
699 0.177281
700 0.182303
701 0.177085
702 0.179892
703 0.173891
704 0.172654
705 0.189917
706 0.178814
707 0.164467
708 0.175996
709 0.177382
710 0.17665
711 0.167854
712 0.175918
713 0.180984
714 0.16598
715 0.167958
716 0.166928
717 0.163249
718 0.177786
719 0.18141
720 0.16704
721 0.162883
722 0.160303
723 0.178906
724 0.173895
725 0.169806
726 0.162824
727 0.161021
728 0.180781
729 0.175218
730 0.178082
731 0.16275
732 0.170611
733 0.173066
734 0.18299
735 0.164365
736 0.17663
737 0.178272
738 0.181734
739 0.175155
740 0.166732
741 0.180183
742 0.17966
743 0.171239
744 0.17207
745 0.167203
746 0.182449
747 0.178962
748 0.179432
749 0.170622
750 0.179845
751 0.181734
752 0.183662
753 0.176718
754 0.169976
755 0.185862
756 0.188874
757 0.177647
758 0.183984
759 0.190351
760 0.185665
761 0.174228
762 0.187782
763 0.189509
764 0.187116
765 0.175922
766 0.171085
767 0.178642
768 0.188312
769 0.185687
770 0.184817
771 0.174542
772 0.166776
773 0.1867
774 0.192068
775 0.169072
776 0.166757
777 0.185324
778 0.174042
779 0.172515
780 0.185077
781 0.180524
782 0.175
783 0.166227
784 0.184529
785 0.188632
786 0.173691
787 0.182582
788 0.174917
789 0.18765
790 0.179977
791 0.17267
792 0.17581
793 0.180699
794 0.178046
795 0.169569
796 0.170629
797 0.175608
798 0.184912
799 0.185121
800 0.160883
801 0.167131
802 0.17482
803 0.18757
804 0.174481
805 0.18106
806 0.164998
807 0.16211
808 0.186374
809 0.177034
810 0.168832
811 0.173337
812 0.177793
813 0.168699
814 0.17821
815 0.166877
816 0.161158
817 0.174192
818 0.181162
819 0.183601
820 0.162251
821 0.170788
822 0.181166
823 0.181621
824 0.167786
825 0.181983
826 0.182539
827 0.167179
828 0.181168
829 0.175393
830 0.172404
831 0.186385
832 0.174519
833 0.163616
834 0.175995
835 0.17205
836 0.164097
837 0.180309
838 0.181675
839 0.165651
840 0.173783
841 0.163343
842 0.177828
843 0.182187
844 0.1816
845 0.163635
846 0.165767
847 0.175306
848 0.17753
849 0.184399
850 0.166141
851 0.176399
852 0.169045
853 0.175145
854 0.168736
855 0.177674
856 0.1804
857 0.177991
858 0.171427
859 0.187727
860 0.167578
861 0.173387
862 0.178337
863 0.172156
864 0.186178
865 0.18067
866 0.18287
867 0.172134
868 0.170237
869 0.190847
870 0.175314
871 0.17265
872 0.169939
873 0.1853
874 0.175404
875 0.170405
876 0.171095
877 0.181447
878 0.174151
879 0.171336
880 0.176446
881 0.185307
882 0.187537
883 0.169775
884 0.179213
885 0.175025
886 0.189582
887 0.175815
888 0.168021
889 0.169539
890 0.189862
891 0.168491
892 0.176468
893 0.17695
894 0.165026
895 0.184036
896 0.184444
897 0.17227
898 0.16606
899 0.170134
900 0.168588
901 0.18426
902 0.186648
903 0.168087
904 0.175481
905 0.184744
906 0.187098
907 0.168077
908 0.170397
909 0.189107
910 0.187067
911 0.179011
912 0.187642
913 0.174222
914 0.173888
915 0.185229
916 0.17943
917 0.173518
918 0.185878
919 0.18196
920 0.180957
921 0.167665
922 0.171835
923 0.1922
924 0.176792
925 0.165307
926 0.166728
927 0.182336
928 0.176163
929 0.177957
930 0.178324
931 0.168121
932 0.179305
933 0.172232
934 0.171162
935 0.181871
936 0.179797
937 0.174977
938 0.183866
939 0.167177
940 0.171819
941 0.187452
942 0.169015
943 0.181609
944 0.180825
945 0.17683
946 0.177909
947 0.183734
948 0.18659
949 0.18611
950 0.176029
951 0.174459
952 0.182726
953 0.190946
954 0.178278
955 0.166895
956 0.188366
957 0.174869
958 0.176635
959 0.179145
960 0.184226
961 0.16898
962 0.171027
963 0.18868
964 0.167486
965 0.180083
966 0.19015
967 0.165738
968 0.177246
969 0.178799
970 0.167874
971 0.17306
972 0.176653
973 0.183236
974 0.167396
975 0.17043
976 0.18575
977 0.168385
978 0.182741
979 0.179624
980 0.17202
981 0.187147
982 0.17869
983 0.167369
984 0.172002
985 0.187236
986 0.180173
987 0.176763
988 0.181996
989 0.184183
990 0.188539
991 0.168905
992 0.16813
993 0.195213
994 0.185416
995 0.176581
996 0.174862
997 0.186433
998 0.176519
999 0.175495
1000 0.179819
1001 0.175521
1002 0.174493
1003 0.175356
1004 0.171003
1005 0.169699
1006 0.166724
1007 0.179911
1008 0.164346
1009 0.171651
1010 0.175982
1011 0.17386
1012 0.178546
1013 0.180022
1014 0.176758
1015 0.17084
1016 0.176641
1017 0.177143
1018 0.179333
1019 0.180651
1020 0.175772
1021 0.168159
1022 0.183784
1023 0.183601
1024 0.177546
1025 0.180692
1026 0.165295
1027 0.188906
1028 0.177306
1029 0.16557
1030 0.17086
1031 0.185582
1032 0.172084
1033 0.180722
1034 0.178381
1035 0.181039
1036 0.181931
1037 0.178434
1038 0.182972
1039 0.174411
1040 0.167272
1041 0.189436
1042 0.17801
1043 0.182192
1044 0.166823
1045 0.18161
1046 0.185274
1047 0.178999
1048 0.165062
1049 0.174833
1050 0.177211
1051 0.166787
1052 0.184185
1053 0.170439
1054 0.165325
1055 0.166715
1056 0.175978
1057 0.181746
1058 0.174951
1059 0.166514
1060 0.172537
1061 0.176253
1062 0.185674
1063 0.178578
1064 0.173977
1065 0.183219
1066 0.174551
1067 0.186056
1068 0.189483
1069 0.169542
1070 0.18186
1071 0.179442
1072 0.177041
1073 0.172226
1074 0.178748
1075 0.17657
1076 0.167532
1077 0.182178
1078 0.182337
1079 0.174187
1080 0.170544
1081 0.170293
1082 0.176661
1083 0.169118
1084 0.182445
1085 0.182449
1086 0.178281
1087 0.183723
1088 0.181112
1089 0.17776
1090 0.179881
1091 0.181047
1092 0.17486
1093 0.18843
1094 0.188018
1095 0.177648
1096 0.170125
1097 0.188197
1098 0.18793
1099 0.170916
1100 0.175411
1101 0.174703
1102 0.180473
1103 0.17626
1104 0.166865
1105 0.164897
1106 0.17949
1107 0.184863
1108 0.176537
1109 0.178398
1110 0.178822
1111 0.169326
1112 0.171572
1113 0.182058
1114 0.179009
1115 0.175005
1116 0.176274
1117 0.168553
1118 0.166565
1119 0.185151
1120 0.16415
1121 0.173086
1122 0.167166
1123 0.176255
1124 0.178662
1125 0.160211
1126 0.17984
1127 0.18275
1128 0.181659
1129 0.162565
1130 0.173061
1131 0.190063
1132 0.172318
1133 0.184831
1134 0.170563
1135 0.164016
1136 0.190036
1137 0.186894
1138 0.172202
1139 0.16778
1140 0.167584
1141 0.188856
1142 0.179751
1143 0.179879
1144 0.167984
1145 0.172105
1146 0.171738
1147 0.184856
1148 0.175373
1149 0.162346
1150 0.17428
1151 0.171352
1152 0.170038
1153 0.178143
1154 0.175553
1155 0.179938
1156 0.164141
1157 0.173452
1158 0.171961
1159 0.184085
1160 0.173371
1161 0.168306
1162 0.186317
1163 0.1748
1164 0.178032
1165 0.18121
1166 0.183502
1167 0.175476
1168 0.187715
1169 0.180075
1170 0.17802
1171 0.1764
1172 0.180429
1173 0.186799
1174 0.171444
1175 0.167415
1176 0.18515
1177 0.188792
1178 0.177765
1179 0.162361
1180 0.166642
1181 0.173403
1182 0.176784
1183 0.186114
1184 0.168347
1185 0.172108
1186 0.183586
1187 0.173659
1188 0.164683
1189 0.165979
1190 0.178972
1191 0.174251
1192 0.17458
1193 0.183512
1194 0.168804
1195 0.163581
1196 0.17975
1197 0.17567
1198 0.164983
1199 0.170811
1200 0.171978
1201 0.179471
1202 0.181789
1203 0.16587
1204 0.170222
1205 0.174994
1206 0.183531
1207 0.180717
1208 0.175287
1209 0.167849
1210 0.172857
1211 0.175329
1212 0.173907
1213 0.173039
1214 0.178833
1215 0.17482
1216 0.178244
1217 0.17785
1218 0.160874
1219 0.18301
1220 0.186374
1221 0.1729
1222 0.162515
1223 0.186474
1224 0.178275
1225 0.176042
1226 0.178582
1227 0.178962
1228 0.188123
1229 0.166255
1230 0.178975
1231 0.188365
1232 0.16931
1233 0.186097
1234 0.175174
1235 0.168306
1236 0.184497
1237 0.175826
1238 0.170232
1239 0.174357
1240 0.184225
1241 0.180469
1242 0.178974
1243 0.180855
1244 0.167284
1245 0.171134
1246 0.192642
1247 0.170049
1248 0.175779
1249 0.174153
1250 0.176626
1251 0.168559
1252 0.179936
1253 0.178073
1254 0.164326
1255 0.161758
1256 0.175002
1257 0.168565
1258 0.171031
1259 0.180095
1260 0.166974
1261 0.16941
1262 0.169188
1263 0.178624
1264 0.174034
1265 0.182424
1266 0.170594
1267 0.18046
1268 0.16888
1269 0.165832
1270 0.168639
1271 0.169232
1272 0.184697
1273 0.167452
1274 0.161559
1275 0.15904
1276 0.172635
1277 0.163853
1278 0.164946
1279 0.173687
1280 0.159437
1281 0.174283
1282 0.168141
1283 0.15756
1284 0.169899
1285 0.172112
1286 0.169109
1287 0.165175
1288 0.164584
1289 0.177777
1290 0.175614
1291 0.169246
1292 0.179468
1293 0.180518
1294 0.167954
1295 0.1736
1296 0.189512
1297 0.172625
1298 0.175758
1299 0.175152
1300 0.164611
1301 0.175363
1302 0.177548
1303 0.175203
1304 0.171605
1305 0.171015
1306 0.170149
1307 0.16364
1308 0.183005
1309 0.185087
1310 0.17417
1311 0.179779
1312 0.176569
1313 0.184994
1314 0.183207
1315 0.170745
1316 0.177962
1317 0.17735
1318 0.184145
1319 0.186358
1320 0.172701
1321 0.173283
1322 0.186601
1323 0.171563
1324 0.170432
1325 0.187532
1326 0.174323
1327 0.170349
1328 0.169575
1329 0.186438
1330 0.178194
1331 0.180083
1332 0.172389
1333 0.163471
1334 0.179436
1335 0.165656
1336 0.179331
1337 0.169004
1338 0.168943
1339 0.164729
1340 0.172131
1341 0.175338
1342 0.172783
1343 0.173603
1344 0.161393
1345 0.163239
1346 0.180866
1347 0.168573
1348 0.164839
1349 0.164434
1350 0.172751
1351 0.17051
1352 0.172411
1353 0.165473
1354 0.172802
1355 0.178737
1356 0.167394
1357 0.17598
1358 0.177056
1359 0.1773
1360 0.179775
1361 0.176827
1362 0.186938
1363 0.169386
1364 0.168919
1365 0.182546
1366 0.169479
1367 0.177042
1368 0.176048
1369 0.163683
1370 0.178943
1371 0.180125
1372 0.17538
1373 0.164353
1374 0.175866
1375 0.184274
1376 0.175074
1377 0.180082
1378 0.175906
1379 0.163816
1380 0.183945
1381 0.188249
1382 0.167295
1383 0.1814
1384 0.188154
1385 0.178128
1386 0.174282
1387 0.171435
1388 0.184411
1389 0.176009
1390 0.185681
1391 0.185014
1392 0.169506
1393 0.177195
1394 0.179973
1395 0.185253
1396 0.186511
1397 0.176718
1398 0.188854
1399 0.170167
1400 0.181858
1401 0.175735
1402 0.18164
1403 0.176982
1404 0.186447
1405 0.182917
1406 0.179068
1407 0.180045
1408 0.175093
1409 0.181266
1410 0.173561
1411 0.184393
1412 0.182222
1413 0.168434
1414 0.175516
1415 0.177073
1416 0.185915
1417 0.179069
1418 0.175215
1419 0.17089
1420 0.177814
1421 0.177547
1422 0.187307
1423 0.175733
1424 0.182167
1425 0.183997
1426 0.176449
1427 0.169151
1428 0.172846
1429 0.182311
1430 0.172889
1431 0.180923
1432 0.17882
1433 0.175609
1434 0.177262
1435 0.178122
1436 0.181134
1437 0.185738
1438 0.187714
1439 0.182624
1440 0.19042
1441 0.182003
1442 0.172585
1443 0.192459
1444 0.18375
1445 0.175893
1446 0.175936
1447 0.182678
1448 0.170137
1449 0.173512
1450 0.171638
1451 0.175901
1452 0.168798
1453 0.164261
1454 0.182477
1455 0.177114
1456 0.160085
1457 0.169212
1458 0.166439
1459 0.166079
1460 0.166309
1461 0.16945
1462 0.1644
1463 0.175006
1464 0.174451
1465 0.169128
1466 0.163625
1467 0.164679
1468 0.17027
1469 0.178678
1470 0.163543
1471 0.166584
1472 0.173626
1473 0.161526
1474 0.172625
1475 0.176976
1476 0.163376
1477 0.173969
1478 0.169494
1479 0.174095
1480 0.166559
1481 0.175448
1482 0.16629
1483 0.169106
1484 0.173912
1485 0.169477
1486 0.175804
1487 0.163877
1488 0.163432
1489 0.183177
1490 0.163902
1491 0.168651
1492 0.166018
1493 0.180798
1494 0.17033
1495 0.178271
1496 0.181349
1497 0.166006
1498 0.184045
1499 0.179544
1500 0.184994
1501 0.181086
1502 0.182886
1503 0.181709
1504 0.175653
1505 0.183836
1506 0.176163
1507 0.168541
1508 0.180822
1509 0.178612
1510 0.180209
1511 0.187356
1512 0.162337
1513 0.182561
1514 0.172896
1515 0.167736
1516 0.178824
1517 0.187007
1518 0.182247
1519 0.178509
1520 0.174911
1521 0.180445
1522 0.17754
1523 0.169333
1524 0.17355
1525 0.169577
1526 0.180262
1527 0.182519
1528 0.173541
1529 0.172968
1530 0.178819
1531 0.179354
1532 0.166482
1533 0.17174
1534 0.186302
1535 0.168443
1536 0.170411
1537 0.17161
1538 0.167512
1539 0.169613
1540 0.175895
1541 0.168349
1542 0.160455
1543 0.173256
1544 0.18104
1545 0.16879
1546 0.164507
1547 0.183112
1548 0.173453
1549 0.182195
1550 0.178126
1551 0.165559
1552 0.181528
1553 0.171877
1554 0.178534
1555 0.179228
1556 0.174306
1557 0.174956
1558 0.170655
1559 0.176132
1560 0.170415
1561 0.185382
1562 0.169444
1563 0.166262
1564 0.175797
1565 0.177251
1566 0.163476
1567 0.176178
1568 0.183858
1569 0.163893
1570 0.175317
1571 0.184846
1572 0.181064
1573 0.167473
1574 0.180753
1575 0.170718
1576 0.165916
1577 0.182755
1578 0.178189
1579 0.163259
1580 0.173158
1581 0.184735
1582 0.171927
1583 0.16279
1584 0.176948
1585 0.175235
1586 0.17331
1587 0.175811
1588 0.178199
1589 0.179714
1590 0.170821
1591 0.170892
1592 0.175931
1593 0.184205
1594 0.186492
1595 0.169931
1596 0.179801
1597 0.180561
1598 0.1779
1599 0.175286
1600 0.181995
1601 0.180344
1602 0.180686
1603 0.172999
1604 0.17169
1605 0.168123
1606 0.184459
1607 0.176292
1608 0.169803
1609 0.168718
1610 0.178349
1611 0.181031
1612 0.169763
1613 0.162564
1614 0.168785
1615 0.164416
1616 0.173637
1617 0.165644
1618 0.173417
1619 0.174486
1620 0.167003
1621 0.179728
1622 0.171123
1623 0.17971
1624 0.180914
1625 0.165581
1626 0.176888
1627 0.179403
1628 0.183782
1629 0.171769
1630 0.167518
1631 0.176517
1632 0.17065
1633 0.179528
1634 0.17411
1635 0.170762
1636 0.170734
1637 0.183978
1638 0.173717
1639 0.166214
1640 0.173718
1641 0.166367
1642 0.183908
1643 0.178455
1644 0.172619
1645 0.181901
1646 0.179059
1647 0.172128
1648 0.182546
1649 0.180881
1650 0.177981
1651 0.171504
1652 0.188476
1653 0.185494
1654 0.167798
1655 0.170441
1656 0.172945
1657 0.174945
1658 0.180083
1659 0.18115
1660 0.175099
1661 0.175854
1662 0.17713
1663 0.167144
1664 0.171518
1665 0.177093
1666 0.168028
1667 0.17139
1668 0.172729
1669 0.17741
1670 0.180511
1671 0.164841
1672 0.177187
1673 0.182788
1674 0.166337
1675 0.166752
1676 0.176508
1677 0.187042
1678 0.176652
1679 0.17692
1680 0.1661
1681 0.18585
1682 0.18296
1683 0.171477
1684 0.184494
1685 0.170746
1686 0.173983
1687 0.173104
1688 0.18438
1689 0.185776
1690 0.166043
1691 0.17349
1692 0.169974
1693 0.177951
1694 0.173671
1695 0.184148
1696 0.171408
1697 0.162286
1698 0.168046
1699 0.168323
1700 0.170859
1701 0.16907
1702 0.165861
1703 0.16675
1704 0.16446
1705 0.173186
1706 0.182009
1707 0.163554
1708 0.16472
1709 0.177858
1710 0.170337
1711 0.169569
1712 0.17846
1713 0.176913
1714 0.181388
1715 0.177512
1716 0.184678
1717 0.175676
1718 0.164911
1719 0.181799
1720 0.173116
1721 0.177689
1722 0.17786
1723 0.182048
1724 0.180949
1725 0.170203
1726 0.174523
1727 0.189313
1728 0.172663
1729 0.175907
1730 0.183511
1731 0.17309
1732 0.176086
1733 0.177758
1734 0.168675
1735 0.185076
1736 0.174839
1737 0.17272
1738 0.171245
1739 0.166296
1740 0.181097
1741 0.184541
1742 0.178264
1743 0.179851
1744 0.173928
1745 0.18533
1746 0.171606
1747 0.172556
1748 0.179895
1749 0.170222
1750 0.183235
1751 0.184026
1752 0.172426
1753 0.168069
1754 0.171636
1755 0.169503
1756 0.166109
1757 0.179641
1758 0.181807
1759 0.165779
1760 0.162042
1761 0.182819
1762 0.174324
1763 0.168255
1764 0.16428
1765 0.177803
1766 0.180952
1767 0.169831
1768 0.168393
1769 0.174057
1770 0.164951
1771 0.167687
1772 0.184104
1773 0.168461
1774 0.163511
1775 0.170706
1776 0.170178
1777 0.168688
1778 0.170161
1779 0.176224
1780 0.183604
1781 0.161489
1782 0.169774
1783 0.167452
1784 0.174906
1785 0.172455
1786 0.174019
1787 0.175584
1788 0.17225
1789 0.169604
1790 0.171311
1791 0.18208
1792 0.18518
1793 0.167645
1794 0.173409
1795 0.178923
1796 0.180377
1797 0.165469
1798 0.17962
1799 0.181693
1800 0.167928
1801 0.177095
1802 0.184559
1803 0.169437
1804 0.179751
1805 0.184917
1806 0.18137
1807 0.172383
1808 0.180081
1809 0.186373
1810 0.178814
1811 0.170523
1812 0.172464
1813 0.18051
1814 0.17076
1815 0.183972
1816 0.171835
1817 0.165114
1818 0.179287
1819 0.174668
1820 0.173365
1821 0.166899
1822 0.168923
1823 0.183327
1824 0.167772
1825 0.179117
1826 0.182961
1827 0.17612
1828 0.178953
1829 0.179678
1830 0.168788
1831 0.172865
1832 0.179259
1833 0.190159
1834 0.168295
1835 0.161065
1836 0.18571
1837 0.187279
1838 0.164409
1839 0.16279
1840 0.176389
1841 0.188121
1842 0.162317
1843 0.173851
1844 0.171136
1845 0.178258
1846 0.173267
1847 0.181527
1848 0.171818
1849 0.181059
1850 0.18176
1851 0.171845
1852 0.183248
1853 0.189987
1854 0.180085
1855 0.188722
1856 0.17902
1857 0.182481
1858 0.185878
1859 0.188382
1860 0.187447
1861 0.179236
1862 0.172323
1863 0.187795
1864 0.175369
1865 0.183619
1866 0.184464
1867 0.179447
1868 0.187752
1869 0.169981
1870 0.180432
1871 0.188688
1872 0.18025
1873 0.17039
1874 0.16986
1875 0.173662
1876 0.170301
1877 0.176504
1878 0.178608
1879 0.169933
1880 0.171013
1881 0.17825
1882 0.165588
1883 0.178987
1884 0.185949
1885 0.180479
1886 0.163301
1887 0.185107
1888 0.175655
1889 0.166352
1890 0.187118
1891 0.184926
1892 0.173542
1893 0.172449
1894 0.171145
1895 0.169889
1896 0.183349
1897 0.174591
1898 0.165864
1899 0.166278
1900 0.185537
1901 0.16995
1902 0.160066
1903 0.175285
1904 0.179542
1905 0.167229
1906 0.16472
1907 0.171162
1908 0.169863
1909 0.175453
1910 0.166496
1911 0.168928
1912 0.175959
1913 0.181374
1914 0.182807
1915 0.164067
1916 0.183124
1917 0.17317
1918 0.165123
1919 0.176999
1920 0.186584
1921 0.171909
1922 0.167478
1923 0.163569
1924 0.165168
1925 0.175895
1926 0.180954
1927 0.160285
1928 0.172204
1929 0.177424
1930 0.16995
1931 0.181125
1932 0.166498
1933 0.167587
1934 0.178289
1935 0.177368
1936 0.167768
1937 0.163404
1938 0.18258
1939 0.180838
1940 0.164348
1941 0.180283
1942 0.166289
1943 0.184152
1944 0.175345
1945 0.165518
1946 0.187872
1947 0.168193
1948 0.174357
1949 0.181316
1950 0.171658
1951 0.177186
1952 0.176315
1953 0.183811
1954 0.183946
1955 0.16942
1956 0.171093
1957 0.178865
1958 0.184555
1959 0.180296
1960 0.181251
1961 0.167647
1962 0.178879
1963 0.186584
1964 0.174323
1965 0.176492
1966 0.176329
1967 0.176665
1968 0.186231
1969 0.18707
1970 0.181611
1971 0.18551
1972 0.179791
1973 0.189486
1974 0.17973
1975 0.188821
1976 0.181962
1977 0.176296
1978 0.188586
1979 0.180898
1980 0.174465
1981 0.167984
1982 0.188288
1983 0.181657
1984 0.174972
1985 0.169669
1986 0.184934
1987 0.183924
1988 0.186629
1989 0.170695
1990 0.174533
1991 0.180322
1992 0.171892
1993 0.184351
1994 0.188825
1995 0.174665
1996 0.176564
1997 0.176275
1998 0.177457
1999 0.184722
2000 0.173522
2001 0.167425
2002 0.170195
2003 0.170845
2004 0.170594
2005 0.177512
2006 0.163651
2007 0.171672
2008 0.164474
2009 0.163029
2010 0.175834
2011 0.180349
2012 0.165821
2013 0.172915
2014 0.175619
2015 0.16951
2016 0.181569
2017 0.166505
2018 0.176752
2019 0.170397
2020 0.18451
2021 0.174641
2022 0.170435
2023 0.181551
2024 0.174274
2025 0.177602
2026 0.173219
2027 0.181371
2028 0.183653
2029 0.173305
2030 0.179152
2031 0.171706
2032 0.172957
2033 0.178379
2034 0.183004
2035 0.181938
2036 0.172013
2037 0.176244
2038 0.167301
2039 0.168451
2040 0.176961
2041 0.179908
2042 0.175122
2043 0.17932
2044 0.163643
2045 0.179311
2046 0.178105
2047 0.183432
2048 0.175875
2049 0.180421
2050 0.173688
2051 0.170763
2052 0.175068
2053 0.18234
2054 0.183951
2055 0.178806
2056 0.163213
2057 0.178849
2058 0.171504
2059 0.179169
2060 0.187579
2061 0.17139
2062 0.160373
2063 0.180341
2064 0.172825
2065 0.166778
2066 0.175005
2067 0.167985
2068 0.173574
2069 0.171195
2070 0.167756
2071 0.170581
2072 0.160704
2073 0.172571
2074 0.178707
2075 0.165431
2076 0.170004
2077 0.183243
2078 0.16013
2079 0.175943
2080 0.187624
2081 0.170009
2082 0.165539
2083 0.179531
2084 0.167246
2085 0.183027
2086 0.178215
2087 0.1685
2088 0.176684
2089 0.181567
2090 0.181191
2091 0.178714
2092 0.174936
2093 0.175719
2094 0.188505
2095 0.187608
2096 0.180519
2097 0.179733
2098 0.177013
2099 0
