0 -6.93739
1 -2.59998
2 -15.1743
3 -35.8868
4 -48.5754
5 -59.9759
6 -68.737
7 -71.8062
8 -69.7132
9 -59.5586
10 -57.7479
11 -54.9043
12 -37.5486
13 -29.605
14 -9.63494
15 -9.80824
16 -1.65047
17 -1.40842
18 -1.66332
19 -0.534316
20 -0.388256
21 0.0330854
22 0.071674
23 0.266097
24 0.361696
25 0.459977
26 0.426854
27 0.383798
28 0.237512
29 0.481311
30 0.435517
31 0.413308
32 0.439409
33 0.299944
34 0.479857
35 0.412043
36 0.501217
37 0.429151
38 0.487124
39 0.338397
40 0.227635
41 0.286682
42 0.209542
43 0.1744
44 0.425312
45 0.383348
46 0.328843
47 0.51811
48 0.484429
49 0.574729
50 0.388467
51 0.291331
52 0.273935
53 0.323382
54 0.367076
55 0.358688
56 0.345982
57 0.514515
58 0.33263
59 0.508232
60 0.508254
61 0.549264
62 0.591509
63 0.343142
64 0.241189
65 0.204632
66 0.312499
67 0.395243
68 0.389701
69 0.468448
70 0.295882
71 0.361635
72 0.33897
73 0.427794
74 0.360074
75 0.504119
76 0.37653
77 0.301566
78 0.429511
79 0.31218
80 0.515984
81 0.562232
82 0.484083
83 0.317687
84 0.422509
85 0.402791
86 0.458595
87 0.497402
88 0.289776
89 0.424235
90 0.38876
91 0.525556
92 0.45856
93 0.349867
94 0.514422
95 0.511331
96 0.387972
97 0.523045
98 0.436186
99 0.514068
100 0.506655
101 0.599635
102 0.60505
103 0.486759
104 0.421479
105 0.480971
106 0.527541
107 0.398756
108 0.349071
109 0.246189
110 0.193392
111 0.360273
112 0.229667
113 0.373423
114 0.359771
115 0.299608
116 0.458115
117 0.288992
118 0.206955
119 0.19669
120 0.180068
121 0.379511
122 0.276966
123 0.461065
124 0.548688
125 0.530624
126 0.451787
127 0.393135
128 0.364892
129 0.43837
130 0.520013
131 0.454881
132 0.363044
133 0.506029
134 0.39078
135 0.399949
136 0.432047
137 0.425544
138 0.28217
139 0.332922
140 0.327246
141 0.241614
142 0.208725
143 0.393782
144 0.243179
145 0.345087
146 0.229707
147 0.409407
148 0.334293
149 0.245832
150 0.444566
151 0.246477
152 0.328732
153 0.270096
154 0.394364
155 0.481408
156 0.389136
157 0.402741
158 0.485018
159 0.368699
160 0.531932
161 0.367712
162 0.463103
163 0.322433
164 0.451098
165 0.265846
166 0.228069
167 0.243091
168 0.281539
169 0.428157
170 0.506843
171 0.556198
172 0.623067
173 0.464523
174 0.376833
175 0.32782
176 0.31399
177 0.299525
178 0.41074
179 0.470793
180 0.387265
181 0.423609
182 0.4488
183 0.395959
184 0.448891
185 0.315588
186 0.274544
187 0.476011
188 0.495153
189 0.364908
190 0.292153
191 0.241433
192 0.224399
193 0.394752
194 0.28711
195 0.303595
196 0.233707
197 0.417072
198 0.430468
199 0.451065
200 0.427721
201 0.467217
202 0.424218
203 0.387172
204 0.385507
205 0.430087
206 0.456192
207 0.327714
208 0.255282
209 0.423832
210 0.412512
211 0.537192
212 0.341211
213 0.460293
214 0.31783
215 0.294665
216 0.371334
217 0.288528
218 0.202148
219 0.419204
220 0.35509
221 0.367983
222 0.238065
223 0.197948
224 0.408386
225 0.476773
226 0.413937
227 0.535386
228 0.475543
229 0.462442
230 0.490339
231 0.431356
232 0.542131
233 0.476451
234 0.552306
235 0.367427
236 0.513083
237 0.514632
238 0.601408
239 0.546788
240 0.551022
241 0.413209
242 0.299142
243 0.31061
244 0.22844
245 0.312159
246 0.375445
247 0.444121
248 0.433812
249 0.387828
250 0.267053
251 0.288471
252 0.304878
253 0.223505
254 0.41004
255 0.470388
256 0.29101
257 0.249282
258 0.29046
259 0.337653
260 0.444237
261 0.304608
262 0.241201
263 0.349662
264 0.26352
265 0.202422
266 0.345771
267 0.308766
268 0.293227
269 0.267264
270 0.191294
271 0.218817
272 0.425215
273 0.289076
274 0.438734
275 0.439808
276 0.360563
277 0.505109
278 0.402487
279 0.390438
280 0.358055
281 0.279599
282 0.397438
283 0.349038
284 0.327558
285 0.353814
286 0.436184
287 0.526436
288 0.518672
289 0.383965
290 0.398728
291 0.3437
292 0.383225
293 0.388827
294 0.521535
295 0.547642
296 0.339785
297 0.365396
298 0.42318
299 0.260635
300 0.280617
301 0.461084
302 0.270074
303 0.358438
304 0.292433
305 0.262095
306 0.385921
307 0.428492
308 0.350838
309 0.419783
310 0.388959
311 0.501007
312 0.588719
313 0.471059
314 0.576167
315 0.382512
316 0.399254
317 0.385261
318 0.470272
319 0.438086
320 0.372505
321 0.347034
322 0.510392
323 0.360773
324 0.354651
325 0.239371
326 0.186436
327 0.388515
328 0.393136
329 0.256866
330 0.282317
331 0.445982
332 0.297561
333 0.468066
334 0.517415
335 0.324644
336 0.314752
337 0.421318
338 0.408514
339 0.347123
340 0.512379
341 0.466115
342 0.315692
343 0.492234
344 0.447391
345 0.542678
346 0.553618
347 0.621362
348 0.433662
349 0.311265
350 0.485739
351 0.476068
352 0.467695
353 0.378152
354 0.494226
355 0.462413
356 0.5613
357 0.511381
358 0.325608
359 0.428998
360 0.32
361 0.230709
362 0.260805
363 0.409862
364 0.330265
365 0.303863
366 0.365009
367 0.293076
368 0.415973
369 0.349877
370 0.412517
371 0.442951
372 0.454223
373 0.367103
374 0.261794
375 0.467013
376 0.542484
377 0.522657
378 0.31134
379 0.280056
380 0.481168
381 0.39581
382 0.52071
383 0.349332
384 0.315655
385 0.469034
386 0.52768
387 0.589195
388 0.53958
389 0.412598
390 0.316178
391 0.354365
392 0.24563
393 0.419113
394 0.441962
395 0.322576
396 0.520013
397 0.312874
398 0.478358
399 0.441772
400 0.267434
401 0.295394
402 0.461653
403 0.335126
404 0.491025
405 0.289887
406 0.370731
407 0.32881
408 0.337019
409 0.354661
410 0.326633
411 0.501812
412 0.463465
413 0.415401
414 0.263309
415 0.418783
416 0.457683
417 0.318341
418 0.24071
419 0.29528
420 0.302143
421 0.282759
422 0.217138
423 0.446526
424 0.364393
425 0.497398
426 0.494187
427 0.578951
428 0.518377
429 0.418643
430 0.415951
431 0.2674
432 0.370234
433 0.326406
434 0.404985
435 0.526954
436 0.434762
437 0.477751
438 0.32525
439 0.399782
440 0.294157
441 0.288561
442 0.343814
443 0.456321
444 0.467646
445 0.398024
446 0.251314
447 0.460553
448 0.465783
449 0.477617
450 0.439781
451 0.531411
452 0.408791
453 0.497464
454 0.524346
455 0.570278
456 0.49672
457 0.433477
458 0.537126
459 0.441343
460 0.487172
461 0.433548
462 0.382543
463 0.363931
464 0.498586
465 0.539682
466 0.422051
467 0.508367
468 0.514171
469 0.433784
470 0.475564
471 0.313481
472 0.38924
473 0.343672
474 0.425792
475 0.399123
476 0.510267
477 0.498306
478 0.542543
479 0.386744
480 0.280698
481 0.443198
482 0.450425
483 0.44336
484 0.478873
485 0.427563
486 0.429724
487 0.532244
488 0.365148
489 0.515964
490 0.32196
491 0.29682
492 0.240272
493 0.178721
494 0.435239
495 0.343773
496 0.532833
497 0.506182
498 0.482498
499 0.377456
500 0.305927
501 0.485472
502 0.548564
503 0.550208
504 0.595349
505 0.564604
506 0.457673
507 0.503171
508 0.534013
509 0.33553
510 0.280637
511 0.343779
512 0.44962
513 0.263166
514 0.383776
515 0.468465
516 0.390238
517 0.285902
518 0.212651
519 0.340662
520 0.235036
521 0.376768
522 0.495694
523 0.430117
524 0.299221
525 0.331213
526 0.406046
527 0.372085
528 0.513411
529 0.464042
530 0.48679
531 0.49103
532 0.397031
533 0.366464
534 0.497732
535 0.501737
536 0.330418
537 0.365066
538 0.290462
539 0.364288
540 0.382209
541 0.319832
542 0.278746
543 0.443416
544 0.316922
545 0.364105
546 0.428051
547 0.509588
548 0.295054
549 0.504872
550 0.358248
551 0.243583
552 0.295205
553 0.41364
554 0.281117
555 0.359151
556 0.35269
557 0.323679
558 0.330876
559 0.336992
560 0.447426
561 0.505782
562 0.516081
563 0.342454
564 0.337945
565 0.415079
566 0.374405
567 0.354439
568 0.444168
569 0.284529
570 0.4284
571 0.515476
572 0.591968
573 0.359833
574 0.280991
575 0.340127
576 0.25843
577 0.346204
578 0.467889
579 0.477059
580 0.4457
581 0.568492
582 0.488614
583 0.598835
584 0.596586
585 0.63493
586 0.403148
587 0.362374
588 0.276993
589 0.401492
590 0.278544
591 0.204283
592 0.317116
593 0.364316
594 0.445983
595 0.410194
596 0.353947
597 0.318861
598 0.331457
599 0.366957
600 0.471391
601 0.38792
602 0.50709
603 0.496176
604 0.58786
605 0.428805
606 0.511604
607 0.481865
608 0.581799
609 0.514323
610 0.353616
611 0.330182
612 0.262981
613 0.244441
614 0.207548
615 0.398353
616 0.309589
617 0.299151
618 0.371918
619 0.388215
620 0.374927
621 0.245745
622 0.23967
623 0.187965
624 0.209184
625 0.328815
626 0.348218
627 0.293015
628 0.500042
629 0.544881
630 0.474691
631 0.497167
632 0.419048
633 0.447389
634 0.515605
635 0.493914
636 0.358769
637 0.434117
638 0.462123
639 0.478753
640 0.33953
641 0.388214
642 0.526875
643 0.464451
644 0.430129
645 0.273578
646 0.403085
647 0.380904
648 0.356284
649 0.497322
650 0.31165
651 0.475868
652 0.528577
653 0.530288
654 0.601484
655 0.441491
656 0.50796
657 0.31028
658 0.450337
659 0.369174
660 0.449712
661 0.536681
662 0.365287
663 0.450673
664 0.492549
665 0.459691
666 0.541649
667 0.397374
668 0.489697
669 0.477145
670 0.30518
671 0.341224
672 0.230662
673 0.222323
674 0.338095
675 0.332164
676 0.412361
677 0.461144
678 0.274573
679 0.232624
680 0.354845
681 0.291573
682 0.362869
683 0.256616
684 0.452528
685 0.492351
686 0.536956
687 0.447289
688 0.505245
689 0.342639
690 0.476252
691 0.280886
692 0.414954
693 0.416253
694 0.335464
695 0.279604
696 0.469671
697 0.300109
698 0.289668
699 0.288848
700 0.445795
701 0.350973
702 0.324132
703 0.364437
704 0.448164
705 0.442891
706 0.563345
707 0.47697
708 0.435163
709 0.340562
710 0.224056
711 0.360162
712 0.336782
713 0.383671
714 0.377566
715 0.484435
716 0.375148
717 0.524576
718 0.397298
719 0.323288
720 0.372635
721 0.324672
722 0.497319
723 0.521281
724 0.380121
725 0.546062
726 0.392265
727 0.395562
728 0.460952
729 0.333717
730 0.249762
731 0.277368
732 0.405487
733 0.52323
734 0.546997
735 0.427804
736 0.561106
737 0.543283
738 0.338221
739 0.510609
740 0.327271
741 0.427405
742 0.496672
743 0.415154
744 0.312209
745 0.284968
746 0.29166
747 0.273919
748 0.380057
749 0.446107
750 0.349292
751 0.462507
752 0.414655
753 0.393413
754 0.524404
755 0.416152
756 0.461669
757 0.31339
758 0.423386
759 0.332717
760 0.368915
761 0.441761
762 0.495352
763 0.505285
764 0.389786
765 0.429407
766 0.458665
767 0.410665
768 0.363679
769 0.378364
770 0.409128
771 0.38604
772 0.532488
773 0.523112
774 0.493011
775 0.538617
776 0.417036
777 0.51688
778 0.513433
779 0.391271
780 0.547559
781 0.35376
782 0.242289
783 0.296987
784 0.279461
785 0.239037
786 0.229835
787 0.274099
788 0.323233
789 0.23355
790 0.376267
791 0.369731
792 0.492759
793 0.485556
794 0.324519
795 0.361195
796 0.336335
797 0.22874
798 0.412658
799 0.324324
800 0.50701
801 0.523453
802 0.486565
803 0.400051
804 0.269447
805 0.481568
806 0.514076
807 0.369842
808 0.54059
809 0.342632
810 0.536379
811 0.543035
812 0.428058
813 0.279989
814 0.273878
815 0.382152
816 0.410181
817 0.362387
818 0.299092
819 0.341724
820 0.304167
821 0.400198
822 0.369589
823 0.30772
824 0.308289
825 0.225088
826 0.398966
827 0.39394
828 0.407342
829 0.311738
830 0.485573
831 0.351492
832 0.306644
833 0.238512
834 0.41798
835 0.474147
836 0.292784
837 0.331503
838 0.332698
839 0.502236
840 0.549854
841 0.313302
842 0.296135
843 0.399492
844 0.522021
845 0.351719
846 0.326619
847 0.421282
848 0.323327
849 0.365349
850 0.397737
851 0.294796
852 0.244034
853 0.458057
854 0.481213
855 0.419501
856 0.517058
857 0.463667
858 0.514616
859 0.413492
860 0.453954
861 0.285381
862 0.441199
863 0.506521
864 0.416986
865 0.485904
866 0.483165
867 0.277172
868 0.243908
869 0.437192
870 0.491697
871 0.429514
872 0.537397
873 0.556575
874 0.581333
875 0.552451
876 0.513195
877 0.528698
878 0.512095
879 0.434761
880 0.29774
881 0.256933
882 0.349947
883 0.448948
884 0.265994
885 0.270148
886 0.341068
887 0.491794
888 0.529955
889 0.380126
890 0.255946
891 0.277924
892 0.360052
893 0.367907
894 0.257696
895 0.365475
896 0.247803
897 0.32572
898 0.257716
899 0.326437
900 0.240456
901 0.334151
902 0.217926
903 0.404002
904 0.266769
905 0.202683
906 0.223154
907 0.229531
908 0.44494
909 0.493534
910 0.314589
911 0.462178
912 0.261434
913 0.26301
914 0.304868
915 0.34902
916 0.493996
917 0.441145
918 0.333772
919 0.306848
920 0.471738
921 0.35718
922 0.365638
923 0.408644
924 0.412326
925 0.480975
926 0.440911
927 0.354984
928 0.412689
929 0.377524
930 0.497931
931 0.311943
932 0.494343
933 0.472832
934 0.511747
935 0.55696
936 0.56216
937 0.556773
938 0.508282
939 0.415698
940 0.326101
941 0.480111
942 0.467856
943 0.517656
944 0.301902
945 0.316165
946 0.236487
947 0.238758
948 0.254141
949 0.397814
950 0.392777
951 0.305846
952 0.239217
953 0.329454
954 0.44186
955 0.417403
956 0.427224
957 0.502345
958 0.519272
959 0.421126
960 0.472287
961 0.443708
962 0.320348
963 0.267428
964 0.189865
965 0.196375
966 0.161603
967 0.17424
968 0.371383
969 0.287439
970 0.34034
971 0.341923
972 0.275816
973 0.400627
974 0.367561
975 0.508314
976 0.489632
977 0.429148
978 0.400175
979 0.389481
980 0.355001
981 0.293218
982 0.272374
983 0.31014
984 0.328944
985 0.432349
986 0.49619
987 0.509408
988 0.528169
989 0.313719
990 0.498601
991 0.313307
992 0.436496
993 0.481082
994 0.545096
995 0.523652
996 0.448976
997 0.527679
998 0.579428
999 0.421764
1000 0.549151
1001 0.555657
1002 0.366233
1003 0.392606
1004 0.389104
1005 0.46688
1006 0.497013
1007 0.418691
1008 0.270071
1009 0.311407
1010 0.446177
1011 0.344844
1012 0.318695
1013 0.237771
1014 0.185259
1015 0.29015
1016 0.221653
1017 0.417299
1018 0.299103
1019 0.417412
1020 0.321992
1021 0.413769
1022 0.520575
1023 0.427453
1024 0.402683
1025 0.291604
1026 0.282614
1027 0.432338
1028 0.306068
1029 0.479062
1030 0.3927
1031 0.297626
1032 0.40365
1033 0.278682
1034 0.301087
1035 0.46561
1036 0.531016
1037 0.356638
1038 0.434651
1039 0.462488
1040 0.477767
1041 0.459928
1042 0.440114
1043 0.506512
1044 0.36624
1045 0.402588
1046 0.484012
1047 0.515087
1048 0.371941
1049 0.382323
1050 0.314317
1051 0.279294
1052 0.324072
1053 0.392789
1054 0.540053
1055 0.597894
1056 0.626549
1057 0.428624
1058 0.538136
1059 0.456667
1060 0.493314
1061 0.539839
1062 0.504142
1063 0.574936
1064 0.598647
1065 0.535952
1066 0.471504
1067 0.329541
1068 0.410563
1069 0.277873
1070 0.2634
1071 0.455163
1072 0.415953
1073 0.340893
1074 0.241997
1075 0.450491
1076 0.517944
1077 0.463137
1078 0.508302
1079 0.535405
1080 0.541812
1081 0.463828
1082 0.552686
1083 0.338929
1084 0.467958
1085 0.387794
1086 0.372525
1087 0.383219
1088 0.30498
1089 0.250282
1090 0.43002
1091 0.312251
1092 0.432383
1093 0.504427
1094 0.522411
1095 0.36283
1096 0.382179
1097 0.52635
1098 0.435551
1099 0.525725
1100 0.341223
1101 0.32712
1102 0.459025
1103 0.550537
1104 0.347555
1105 0.520408
1106 0.401784
1107 0.307195
1108 0.394239
1109 0.478016
1110 0.55121
1111 0.523019
1112 0.422177
1113 0.551015
1114 0.41071
1115 0.372689
1116 0.236939
1117 0.190821
1118 0.17283
1119 0.2655
1120 0.209457
1121 0.250694
1122 0.258647
1123 0.284892
1124 0.383414
1125 0.406948
1126 0.351337
1127 0.389764
1128 0.444946
1129 0.484896
1130 0.590623
1131 0.505005
1132 0.564094
1133 0.420894
1134 0.367496
1135 0.517528
1136 0.352771
1137 0.51744
1138 0.293094
1139 0.457218
1140 0.526955
1141 0.307408
1142 0.441603
1143 0.409636
1144 0.477727
1145 0.471529
1146 0.299039
1147 0.215206
1148 0.307647
1149 0.405533
1150 0.422162
1151 0.481959
1152 0.440937
1153 0.371174
1154 0.369642
1155 0.32259
1156 0.369927
1157 0.474565
1158 0.559071
1159 0.324908
1160 0.310984
1161 0.370675
1162 0.249456
1163 0.420902
1164 0.413536
1165 0.503113
1166 0.318757
1167 0.325106
1168 0.249816
1169 0.282109
1170 0.442932
1171 0.316103
1172 0.51119
1173 0.464716
1174 0.311364
1175 0.411982
1176 0.316172
1177 0.233659
1178 0.223114
1179 0.190152
1180 0.387606
1181 0.463019
1182 0.56221
1183 0.435262
1184 0.294448
1185 0.268657
1186 0.203992
1187 0.162963
1188 0.324436
1189 0.477563
1190 0.392616
1191 0.47144
1192 0.567527
1193 0.442572
1194 0.476681
1195 0.287022
1196 0.417046
1197 0.305742
1198 0.322534
1199 0.283478
1200 0.416905
1201 0.537099
1202 0.384407
1203 0.558368
1204 0.506562
1205 0.476278
1206 0.527872
1207 0.364345
1208 0.516552
1209 0.517937
1210 0.326778
1211 0.290349
1212 0.464143
1213 0.334194
1214 0.461628
1215 0.33647
1216 0.258102
1217 0.267447
1218 0.357752
1219 0.266689
1220 0.209845
1221 0.332399
1222 0.383535
1223 0.446808
1224 0.441229
1225 0.298568
1226 0.474812
1227 0.476949
1228 0.586563
1229 0.61685
1230 0.626711
1231 0.605569
1232 0.650059
1233 0.387823
1234 0.546695
1235 0.380564
1236 0.544236
1237 0.327937
1238 0.46345
1239 0.538476
1240 0.438005
1241 0.48907
1242 0.516148
1243 0.571959
1244 0.600369
1245 0.429225
1246 0.34281
1247 0.436713
1248 0.359966
1249 0.364248
1250 0.301601
1251 0.250269
1252 0.434643
1253 0.511967
1254 0.330406
1255 0.311576
1256 0.380156
1257 0.453144
1258 0.478682
1259 0.43311
1260 0.554041
1261 0.547778
1262 0.338753
1263 0.465657
1264 0.423936
1265 0.370595
1266 0.484188
1267 0.288094
1268 0.261569
1269 0.452844
1270 0.531757
1271 0.414178
1272 0.386945
1273 0.489888
1274 0.53879
1275 0.37033
1276 0.276195
1277 0.202282
1278 0.329965
1279 0.278692
1280 0.362541
1281 0.320901
1282 0.370944
1283 0.488544
1284 0.339387
1285 0.500377
1286 0.342014
1287 0.384751
1288 0.352835
1289 0.447297
1290 0.432239
1291 0.289514
1292 0.349802
1293 0.413301
1294 0.320562
1295 0.300389
1296 0.321825
1297 0.212704
1298 0.22251
1299 0.293142
1300 0.196524
1301 0.302313
1302 0.436044
1303 0.254322
1304 0.445837
1305 0.32815
1306 0.401425
1307 0.302692
1308 0.249064
1309 0.343402
1310 0.471237
1311 0.325272
1312 0.387718
1313 0.261075
1314 0.42664
1315 0.510443
1316 0.414641
1317 0.464285
1318 0.547055
1319 0.596676
1320 0.330464
1321 0.395566
1322 0.444304
1323 0.264501
1324 0.247003
1325 0.388064
1326 0.351623
1327 0.300261
1328 0.46863
1329 0.320255
1330 0.442472
1331 0.5501
1332 0.442239
1333 0.565731
1334 0.427103
1335 0.383677
1336 0.257573
1337 0.294471
1338 0.365547
1339 0.407367
1340 0.541285
1341 0.310951
1342 0.267678
1343 0.253981
1344 0.180368
1345 0.199452
1346 0.364733
1347 0.492079
1348 0.522027
1349 0.373342
1350 0.498112
1351 0.470444
1352 0.423194
1353 0.51513
1354 0.521995
1355 0.522286
1356 0.321415
1357 0.2492
1358 0.284591
1359 0.402036
1360 0.486508
1361 0.51614
1362 0.334685
1363 0.376212
1364 0.264632
1365 0.3788
1366 0.350285
1367 0.427422
1368 0.502239
1369 0.526766
1370 0.459008
1371 0.489671
1372 0.409548
1373 0.500246
1374 0.470286
1375 0.395843
1376 0.305431
1377 0.412525
1378 0.282052
1379 0.289854
1380 0.397293
1381 0.436264
1382 0.491895
1383 0.58382
1384 0.531212
1385 0.458166
1386 0.460011
1387 0.48268
1388 0.301995
1389 0.421393
1390 0.271772
1391 0.391869
1392 0.275538
1393 0.376609
1394 0.248315
1395 0.24715
1396 0.385178
1397 0.51542
1398 0.350266
1399 0.547712
1400 0.356173
1401 0.256789
1402 0.245085
1403 0.402494
1404 0.427113
1405 0.473123
1406 0.499016
1407 0.462429
1408 0.515898
1409 0.302649
1410 0.277278
1411 0.330751
1412 0.313422
1413 0.22989
1414 0.239431
1415 0.300244
1416 0.266502
1417 0.379293
1418 0.505219
1419 0.537768
1420 0.54214
1421 0.575642
1422 0.561409
1423 0.41397
1424 0.518215
1425 0.401126
1426 0.304851
1427 0.238388
1428 0.433598
1429 0.417136
1430 0.481689
1431 0.290684
1432 0.343036
1433 0.331413
1434 0.382598
1435 0.380777
1436 0.437658
1437 0.479612
1438 0.575206
1439 0.426393
1440 0.284014
1441 0.280626
1442 0.300218
1443 0.393829
1444 0.499856
1445 0.382811
1446 0.334346
1447 0.304324
1448 0.448856
1449 0.266398
1450 0.353759
1451 0.283902
1452 0.210064
1453 0.328412
1454 0.343121
1455 0.505818
1456 0.317563
1457 0.487808
1458 0.409109
1459 0.489765
1460 0.34586
1461 0.360643
1462 0.496904
1463 0.327404
1464 0.273215
1465 0.197522
1466 0.380756
1467 0.256804
1468 0.309051
1469 0.323914
1470 0.375833
1471 0.459652
1472 0.437726
1473 0.380166
1474 0.482833
1475 0.304287
1476 0.223436
1477 0.449257
1478 0.500749
1479 0.343329
1480 0.28976
1481 0.258767
1482 0.324904
1483 0.467169
1484 0.365227
1485 0.520927
1486 0.584026
1487 0.52927
1488 0.603219
1489 0.5986
1490 0.443967
1491 0.384483
1492 0.512641
1493 0.453849
1494 0.305903
1495 0.339742
1496 0.397966
1497 0.495943
1498 0.560976
1499 0.346698
1500 0.25668
1501 0.458032
1502 0.321567
1503 0.474597
1504 0.370437
1505 0.325654
1506 0.343704
1507 0.449892
1508 0.558005
1509 0.44117
1510 0.537886
1511 0.348129
1512 0.289467
1513 0.225218
1514 0.204876
1515 0.341747
1516 0.42606
1517 0.493855
1518 0.474862
1519 0.508519
1520 0.377457
1521 0.511086
1522 0.441003
1523 0.387731
1524 0.384741
1525 0.361861
1526 0.277207
1527 0.382125
1528 0.308582
1529 0.21412
1530 0.371583
1531 0.411828
1532 0.299151
1533 0.323162
1534 0.20583
1535 0.398709
1536 0.499677
1537 0.336046
1538 0.389357
1539 0.243547
1540 0.332455
1541 0.241423
1542 0.409649
1543 0.28381
1544 0.244354
1545 0.26788
1546 0.313614
1547 0.252532
1548 0.208404
1549 0.201194
1550 0.360739
1551 0.27666
1552 0.254933
1553 0.405189
1554 0.38151
1555 0.419167
1556 0.413124
1557 0.443039
1558 0.362383
1559 0.417603
1560 0.262395
1561 0.461552
1562 0.400806
1563 0.370989
1564 0.527176
1565 0.355333
1566 0.477687
1567 0.331686
1568 0.232524
1569 0.46227
1570 0.304821
1571 0.281879
1572 0.456146
1573 0.360683
1574 0.508398
1575 0.501037
1576 0.431794
1577 0.374893
1578 0.278085
1579 0.289727
1580 0.447253
1581 0.483071
1582 0.59167
1583 0.41222
1584 0.315746
1585 0.302359
1586 0.356965
1587 0.490944
1588 0.429497
1589 0.536643
1590 0.566926
1591 0.424256
1592 0.460049
1593 0.323713
1594 0.428915
1595 0.266816
1596 0.238925
1597 0.241642
1598 0.36169
1599 0.239402
1600 0.405874
1601 0.286948
1602 0.29836
1603 0.237804
1604 0.4416
1605 0.303127
1606 0.300582
1607 0.469072
1608 0.534623
1609 0.494581
1610 0.590397
1611 0.603198
1612 0.37139
1613 0.308122
1614 0.453458
1615 0.301642
1616 0.346356
1617 0.306734
1618 0.470466
1619 0.293759
1620 0.449148
1621 0.445901
1622 0.55805
1623 0.477411
1624 0.452724
1625 0.307164
1626 0.465269
1627 0.503917
1628 0.315228
1629 0.310985
1630 0.26911
1631 0.436846
1632 0.50869
1633 0.29209
1634 0.482948
1635 0.384658
1636 0.370736
1637 0.244178
1638 0.211726
1639 0.171119
1640 0.245148
1641 0.421338
1642 0.384879
1643 0.249254
1644 0.419341
1645 0.447674
1646 0.300444
1647 0.50649
1648 0.322006
1649 0.395902
1650 0.397346
1651 0.533464
1652 0.338601
1653 0.466051
1654 0.362702
1655 0.446135
1656 0.457723
1657 0.306457
1658 0.31643
1659 0.327876
1660 0.326286
1661 0.423818
1662 0.534582
1663 0.350687
1664 0.444001
1665 0.351109
1666 0.251036
1667 0.395007
1668 0.419037
1669 0.507263
1670 0.377324
1671 0.516073
1672 0.467846
1673 0.339871
1674 0.257005
1675 0.457752
1676 0.387828
1677 0.394958
1678 0.40707
1679 0.269246
1680 0.265145
1681 0.372176
1682 0.28478
1683 0.290772
1684 0.197287
1685 0.245909
1686 0.385531
1687 0.266656
1688 0.383706
1689 0.293111
1690 0.411967
1691 0.317231
1692 0.271399
1693 0.25661
1694 0.267589
1695 0.282511
1696 0.382979
1697 0.437286
1698 0.451868
1699 0.524538
1700 0.380151
1701 0.450439
1702 0.470478
1703 0.49392
1704 0.396474
1705 0.46504
1706 0.332589
1707 0.235011
1708 0.282622
1709 0.354749
1710 0.347158
1711 0.379262
1712 0.511915
1713 0.539751
1714 0.450828
1715 0.315681
1716 0.416411
1717 0.471795
1718 0.380413
1719 0.324056
1720 0.491371
1721 0.53991
1722 0.404937
1723 0.35101
1724 0.392958
1725 0.46983
1726 0.439095
1727 0.279187
1728 0.235109
1729 0.429646
1730 0.377145
1731 0.35761
1732 0.413189
1733 0.460447
1734 0.275634
1735 0.237153
1736 0.24921
1737 0.169436
1738 0.306849
1739 0.404183
1740 0.33378
1741 0.502018
1742 0.346858
1743 0.460481
1744 0.392235
1745 0.517278
1746 0.570567
1747 0.35737
1748 0.264574
1749 0.36521
1750 0.43698
1751 0.4798
1752 0.438993
1753 0.535291
1754 0.428464
1755 0.278678
1756 0.324313
1757 0.385435
1758 0.52098
1759 0.395451
1760 0.530731
1761 0.337298
1762 0.245036
1763 0.341071
1764 0.426098
1765 0.340325
1766 0.487245
1767 0.549233
1768 0.371983
1769 0.274417
1770 0.213292
1771 0.232041
1772 0.374926
1773 0.440692
1774 0.46431
1775 0.39381
1776 0.283784
1777 0.499659
1778 0.48079
1779 0.502429
1780 0.459427
1781 0.330282
1782 0.400654
1783 0.271413
1784 0.281351
1785 0.285876
1786 0.245862
1787 0.450163
1788 0.272886
1789 0.209185
1790 0.202888
1791 0.418181
1792 0.339814
1793 0.26949
1794 0.206779
1795 0.313153
1796 0.45182
1797 0.532001
1798 0.508146
1799 0.397964
1800 0.255125
1801 0.248243
1802 0.361056
1803 0.389233
1804 0.277108
1805 0.369044
1806 0.385887
1807 0.297105
1808 0.279303
1809 0.351073
1810 0.431378
1811 0.273805
1812 0.265792
1813 0.208479
1814 0.173644
1815 0.223271
1816 0.402984
1817 0.29694
1818 0.497743
1819 0.336837
1820 0.266371
1821 0.227077
1822 0.281684
1823 0.261339
1824 0.205307
1825 0.247189
1826 0.374829
1827 0.511159
1828 0.358854
1829 0.519888
1830 0.478392
1831 0.406258
1832 0.466703
1833 0.395305
1834 0.509072
1835 0.338779
1836 0.286092
1837 0.323758
1838 0.498086
1839 0.547106
1840 0.620627
1841 0.473403
1842 0.402281
1843 0.523336
1844 0.34985
1845 0.412908
1846 0.519364
1847 0.541842
1848 0.340115
1849 0.422864
1850 0.360312
1851 0.530369
1852 0.428293
1853 0.347235
1854 0.326643
1855 0.233538
1856 0.352822
1857 0.318695
1858 0.339156
1859 0.345403
1860 0.335462
1861 0.366227
1862 0.407784
1863 0.380721
1864 0.431462
1865 0.336223
1866 0.507142
1867 0.543534
1868 0.329256
1869 0.448839
1870 0.336809
1871 0.3546
1872 0.49634
1873 0.569781
1874 0.439671
1875 0.45838
1876 0.415487
1877 0.441803
1878 0.555639
1879 0.595994
1880 0.514879
1881 0.518479
1882 0.481778
1883 0.471657
1884 0.35778
1885 0.376347
1886 0.498279
1887 0.46708
1888 0.570818
1889 0.428522
1890 0.532578
1891 0.374029
1892 0.331726
1893 0.265258
1894 0.255135
1895 0.178874
1896 0.379124
1897 0.295462
1898 0.279759
1899 0.358376
1900 0.249328
1901 0.315675
1902 0.354694
1903 0.308958
1904 0.42237
1905 0.539509
1906 0.491222
1907 0.425406
1908 0.532094
1909 0.487182
1910 0.530362
1911 0.517905
1912 0.4363
1913 0.403288
1914 0.43191
1915 0.449371
1916 0.305044
1917 0.336377
1918 0.327655
1919 0.391089
1920 0.288803
1921 0.309418
1922 0.397104
1923 0.358657
1924 0.373613
1925 0.377597
1926 0.23506
1927 0.337396
1928 0.321377
1929 0.239966
1930 0.348385
1931 0.291948
1932 0.393237
1933 0.326537
1934 0.297815
1935 0.410268
1936 0.400142
1937 0.334307
1938 0.254497
1939 0.263906
1940 0.207126
1941 0.310381
1942 0.373189
1943 0.372515
1944 0.36994
1945 0.332709
1946 0.463448
1947 0.425524
1948 0.258899
1949 0.283048
1950 0.37026
1951 0.316124
1952 0.369901
1953 0.404292
1954 0.31403
1955 0.356438
1956 0.443523
1957 0.475044
1958 0.314342
1959 0.246652
1960 0.457001
1961 0.503963
1962 0.378667
1963 0.489327
1964 0.364059
1965 0.372677
1966 0.482568
1967 0.490001
1968 0.441975
1969 0.406948
1970 0.319719
1971 0.235214
1972 0.193189
1973 0.416287
1974 0.488093
1975 0.566466
1976 0.386098
1977 0.529669
1978 0.579824
1979 0.402077
1980 0.435939
1981 0.498447
1982 0.562772
1983 0.565879
1984 0.355867
1985 0.49967
1986 0.424389
1987 0.398912
1988 0.264163
1989 0.4817
1990 0.534768
1991 0.561787
1992 0.414338
1993 0.389214
1994 0.2459
1995 0.212205
1996 0.350484
1997 0.484012
1998 0.497471
1999 0.527238
2000 0.515403
2001 0.327559
2002 0.447142
2003 0.312201
2004 0.268979
2005 0.41814
2006 0.387439
2007 0.469594
2008 0.399698
2009 0.545862
2010 0.541489
2011 0.40981
2012 0.29747
2013 0.488056
2014 0.518256
2015 0.410007
2016 0.4826
2017 0.387706
2018 0.401153
2019 0.373282
2020 0.418843
2021 0.312665
2022 0.339454
2023 0.393598
2024 0.408539
2025 0.387132
2026 0.250503
2027 0.325415
2028 0.455658
2029 0.537399
2030 0.330273
2031 0.362946
2032 0.345342
2033 0.372358
2034 0.511035
2035 0.301124
2036 0.509155
2037 0.286488
2038 0.473028
2039 0.436583
2040 0.277748
2041 0.405038
2042 0.507321
2043 0.537476
2044 0.571268
2045 0.345237
2046 0.323674
2047 0.244374
2048 0.202872
2049 0.248847
2050 0.406721
2051 0.337535
2052 0.496185
2053 0.376927
2054 0.47199
2055 0.481078
2056 0.590404
2057 0.47469
2058 0.491769
2059 0.549112
2060 0.570866
2061 0.367077
2062 0.461886
2063 0.363566
2064 0.404026
2065 0.308397
2066 0.393144
2067 0.344582
2068 0.393545
2069 0.412681
2070 0.32906
2071 0.393414
2072 0.27907
2073 0.284325
2074 0.209016
2075 0.188563
2076 0.423911
2077 0.492623
2078 0.544713
2079 0.375817
2080 0.402118
2081 0.418116
2082 0.328307
2083 0.364132
2084 0.260964
2085 0.328589
2086 0.306894
2087 0.372524
2088 0.485358
2089 0.446913
2090 0.293212
2091 0.381958
2092 0.303855
2093 0.31795
2094 0.470658
2095 0.477801
2096 0.4965
2097 0.31559
2098 0.232996
2099 0
