0 4.12895
1 2.82755
2 -11.7705
3 -21.2374
4 -24.5661
5 -30.6644
6 -36.7249
7 -39.9436
8 -43.7784
9 -46.2701
10 -41.5706
11 -35.8631
12 -31.8372
13 -31.1637
14 -14.1584
15 -12.3531
16 -4.84387
17 -3.59557
18 -2.14543
19 -0.552726
20 -0.278213
21 -0.0259012
22 0.0721879
23 0.0573176
24 0.141485
25 0.153034
26 0.171608
27 0.168785
28 0.157237
29 0.191967
30 0.173809
31 0.163686
32 0.18496
33 0.170895
34 0.185912
35 0.179351
36 0.174264
37 0.184816
38 0.186899
39 0.177712
40 0.157545
41 0.173094
42 0.154449
43 0.13641
44 0.177272
45 0.161809
46 0.150786
47 0.187357
48 0.188046
49 0.177405
50 0.194059
51 0.171176
52 0.17489
53 0.164923
54 0.160589
55 0.158449
56 0.163618
57 0.184937
58 0.165691
59 0.183795
60 0.200528
61 0.180988
62 0.199596
63 0.180534
64 0.169234
65 0.170294
66 0.157812
67 0.159844
68 0.160654
69 0.178489
70 0.170878
71 0.170331
72 0.17796
73 0.165084
74 0.165547
75 0.178694
76 0.169772
77 0.157329
78 0.185449
79 0.16623
80 0.178366
81 0.199456
82 0.174956
83 0.176079
84 0.191501
85 0.180917
86 0.168715
87 0.186061
88 0.162718
89 0.183513
90 0.183489
91 0.176991
92 0.176594
93 0.166533
94 0.197856
95 0.187704
96 0.162425
97 0.196445
98 0.189344
99 0.179837
100 0.200351
101 0.195855
102 0.202535
103 0.189991
104 0.191421
105 0.204271
106 0.194378
107 0.171868
108 0.177558
109 0.172926
110 0.159206
111 0.180279
112 0.146772
113 0.150382
114 0.170482
115 0.153997
116 0.180717
117 0.164654
118 0.14748
119 0.161278
120 0.139282
121 0.152845
122 0.145948
123 0.159447
124 0.19894
125 0.178276
126 0.184371
127 0.18846
128 0.1809
129 0.185504
130 0.185734
131 0.178342
132 0.169264
133 0.199371
134 0.175218
135 0.163611
136 0.190336
137 0.175711
138 0.159032
139 0.171702
140 0.170652
141 0.149636
142 0.152592
143 0.181799
144 0.14928
145 0.15145
146 0.160262
147 0.164441
148 0.167967
149 0.144468
150 0.190493
151 0.15587
152 0.150219
153 0.172544
154 0.168706
155 0.179849
156 0.160022
157 0.176035
158 0.195653
159 0.174002
160 0.191058
161 0.182341
162 0.180014
163 0.18034
164 0.177813
165 0.166761
166 0.14998
167 0.166344
168 0.153788
169 0.165269
170 0.177834
171 0.184465
172 0.19835
173 0.189315
174 0.181005
175 0.188542
176 0.173358
177 0.163219
178 0.171036
179 0.177362
180 0.162428
181 0.177448
182 0.188965
183 0.171021
184 0.179294
185 0.170698
186 0.158458
187 0.190434
188 0.17079
189 0.153997
190 0.169504
191 0.169049
192 0.150402
193 0.166491
194 0.151143
195 0.15314
196 0.154505
197 0.173434
198 0.170774
199 0.160962
200 0.175445
201 0.186386
202 0.179738
203 0.176045
204 0.17807
205 0.179962
206 0.178584
207 0.166055
208 0.158106
209 0.187788
210 0.174062
211 0.169509
212 0.170577
213 0.181816
214 0.179107
215 0.158082
216 0.176382
217 0.156927
218 0.144583
219 0.180275
220 0.159943
221 0.152252
222 0.159556
223 0.154899
224 0.179343
225 0.165162
226 0.159234
227 0.195724
228 0.190833
229 0.178143
230 0.192799
231 0.186882
232 0.192464
233 0.191065
234 0.191196
235 0.181885
236 0.189933
237 0.201919
238 0.183044
239 0.19617
240 0.19897
241 0.186219
242 0.168533
243 0.174552
244 0.157921
245 0.155864
246 0.1665
247 0.1597
248 0.17021
249 0.170458
250 0.163032
251 0.165926
252 0.163017
253 0.14584
254 0.166821
255 0.169799
256 0.152142
257 0.159095
258 0.171399
259 0.156431
260 0.166347
261 0.158906
262 0.15644
263 0.177873
264 0.156037
265 0.143796
266 0.170141
267 0.1629
268 0.14616
269 0.159991
270 0.146902
271 0.149219
272 0.163609
273 0.151007
274 0.161743
275 0.189998
276 0.162938
277 0.18807
278 0.184372
279 0.167543
280 0.178969
281 0.162565
282 0.174268
283 0.16881
284 0.15794
285 0.170269
286 0.177888
287 0.17909
288 0.182416
289 0.173048
290 0.186509
291 0.178391
292 0.172919
293 0.171865
294 0.182138
295 0.185425
296 0.167616
297 0.180347
298 0.191432
299 0.154423
300 0.164797
301 0.187181
302 0.157021
303 0.161386
304 0.171727
305 0.145326
306 0.168289
307 0.171492
308 0.157625
309 0.180205
310 0.182223
311 0.182054
312 0.196775
313 0.177691
314 0.202036
315 0.187732
316 0.177521
317 0.187249
318 0.173735
319 0.176162
320 0.165989
321 0.17267
322 0.189007
323 0.161003
324 0.158246
325 0.167293
326 0.154908
327 0.17053
328 0.165445
329 0.139526
330 0.165466
331 0.184139
332 0.153071
333 0.170103
334 0.194955
335 0.160012
336 0.167294
337 0.195347
338 0.168578
339 0.158006
340 0.195061
341 0.183618
342 0.163436
343 0.19497
344 0.19015
345 0.176689
346 0.197175
347 0.203275
348 0.1863
349 0.172922
350 0.208061
351 0.187073
352 0.168746
353 0.179154
354 0.192256
355 0.183608
356 0.185337
357 0.192222
358 0.170366
359 0.190135
360 0.175329
361 0.149435
362 0.161542
363 0.174325
364 0.147555
365 0.148978
366 0.179388
367 0.161654
368 0.166645
369 0.165602
370 0.167507
371 0.180321
372 0.175069
373 0.166691
374 0.16386
375 0.19242
376 0.182005
377 0.168857
378 0.161616
379 0.170977
380 0.198127
381 0.166298
382 0.170691
383 0.177054
384 0.166694
385 0.192557
386 0.18385
387 0.180453
388 0.199009
389 0.188775
390 0.17738
391 0.179886
392 0.158781
393 0.165555
394 0.178353
395 0.157615
396 0.192759
397 0.169919
398 0.176802
399 0.190684
400 0.159075
401 0.169018
402 0.187561
403 0.162521
404 0.17338
405 0.171276
406 0.167476
407 0.174591
408 0.160264
409 0.166229
410 0.161784
411 0.179801
412 0.173956
413 0.169771
414 0.166992
415 0.182386
416 0.179854
417 0.156481
418 0.15983
419 0.174393
420 0.154045
421 0.151661
422 0.149157
423 0.177533
424 0.165749
425 0.169493
426 0.191843
427 0.189086
428 0.195287
429 0.184859
430 0.187279
431 0.1662
432 0.167738
433 0.167081
434 0.162085
435 0.187102
436 0.1748
437 0.182819
438 0.1771
439 0.176669
440 0.171146
441 0.155156
442 0.168433
443 0.170759
444 0.172425
445 0.170359
446 0.159972
447 0.186937
448 0.178556
449 0.166211
450 0.182697
451 0.195288
452 0.181891
453 0.185869
454 0.204625
455 0.191222
456 0.187563
457 0.191828
458 0.20515
459 0.18749
460 0.184634
461 0.187925
462 0.176256
463 0.1771
464 0.187364
465 0.184622
466 0.168
467 0.196354
468 0.201266
469 0.175552
470 0.191752
471 0.174051
472 0.176153
473 0.178883
474 0.173974
475 0.177239
476 0.183318
477 0.186873
478 0.187002
479 0.181104
480 0.168419
481 0.194692
482 0.178926
483 0.164196
484 0.183319
485 0.185219
486 0.180896
487 0.196915
488 0.175715
489 0.187523
490 0.176224
491 0.159601
492 0.164094
493 0.145827
494 0.16415
495 0.159368
496 0.163064
497 0.193825
498 0.180674
499 0.181113
500 0.170681
501 0.19164
502 0.185658
503 0.173059
504 0.200183
505 0.207816
506 0.190732
507 0.198845
508 0.200862
509 0.171779
510 0.170592
511 0.180357
512 0.169165
513 0.150578
514 0.16983
515 0.193389
516 0.158736
517 0.162497
518 0.162946
519 0.171026
520 0.149183
521 0.15409
522 0.174647
523 0.157331
524 0.160428
525 0.17765
526 0.177912
527 0.164205
528 0.174884
529 0.184033
530 0.179164
531 0.192294
532 0.176967
533 0.170396
534 0.192317
535 0.183379
536 0.165201
537 0.180299
538 0.174099
539 0.166549
540 0.170196
541 0.163469
542 0.161238
543 0.179167
544 0.164337
545 0.156935
546 0.180184
547 0.174199
548 0.156822
549 0.186416
550 0.180197
551 0.154721
552 0.175772
553 0.166925
554 0.150115
555 0.165753
556 0.17602
557 0.158435
558 0.16736
559 0.166328
560 0.175214
561 0.179391
562 0.182004
563 0.167096
564 0.175448
565 0.185202
566 0.166255
567 0.163286
568 0.183169
569 0.163065
570 0.17282
571 0.200252
572 0.183493
573 0.178491
574 0.169324
575 0.186823
576 0.156006
577 0.159299
578 0.174566
579 0.165948
580 0.17289
581 0.202667
582 0.189583
583 0.197334
584 0.212692
585 0.205524
586 0.183388
587 0.190911
588 0.180224
589 0.16866
590 0.155381
591 0.144383
592 0.174414
593 0.162375
594 0.162736
595 0.173004
596 0.171718
597 0.1717
598 0.171268
599 0.165225
600 0.170807
601 0.166036
602 0.180661
603 0.195727
604 0.192175
605 0.181943
606 0.192696
607 0.197593
608 0.188384
609 0.192465
610 0.177116
611 0.182782
612 0.173131
613 0.152553
614 0.154966
615 0.164436
616 0.149637
617 0.149837
618 0.178175
619 0.168719
620 0.164649
621 0.156871
622 0.156406
623 0.150108
624 0.143579
625 0.156071
626 0.15741
627 0.143879
628 0.180977
629 0.187909
630 0.167524
631 0.195351
632 0.19103
633 0.185974
634 0.192156
635 0.183196
636 0.170015
637 0.184771
638 0.192068
639 0.179046
640 0.169035
641 0.177439
642 0.195855
643 0.17302
644 0.175239
645 0.17149
646 0.180432
647 0.176251
648 0.159149
649 0.186206
650 0.168542
651 0.178213
652 0.201312
653 0.178334
654 0.200518
655 0.187586
656 0.192862
657 0.178736
658 0.182264
659 0.180213
660 0.169746
661 0.194238
662 0.174844
663 0.182589
664 0.196521
665 0.176009
666 0.192531
667 0.184627
668 0.186305
669 0.195984
670 0.165428
671 0.174092
672 0.164048
673 0.146077
674 0.165297
675 0.15419
676 0.16188
677 0.177831
678 0.163981
679 0.159376
680 0.180993
681 0.154016
682 0.157187
683 0.158404
684 0.172889
685 0.183109
686 0.173355
687 0.182409
688 0.192902
689 0.174638
690 0.181426
691 0.171367
692 0.17194
693 0.186083
694 0.156351
695 0.165231
696 0.190667
697 0.157608
698 0.151803
699 0.169942
700 0.172365
701 0.160617
702 0.155832
703 0.176342
704 0.17856
705 0.170352
706 0.189092
707 0.18879
708 0.184522
709 0.181971
710 0.162044
711 0.174667
712 0.165193
713 0.155894
714 0.168897
715 0.179071
716 0.17157
717 0.184274
718 0.184775
719 0.163652
720 0.182624
721 0.164467
722 0.17426
723 0.182492
724 0.162929
725 0.201689
726 0.188094
727 0.170761
728 0.19419
729 0.164874
730 0.157091
731 0.16891
732 0.169973
733 0.171975
734 0.178606
735 0.177916
736 0.205749
737 0.202619
738 0.166518
739 0.200568
740 0.182438
741 0.161529
742 0.190721
743 0.168156
744 0.167087
745 0.172605
746 0.165208
747 0.155527
748 0.160804
749 0.16916
750 0.159329
751 0.176575
752 0.185268
753 0.168862
754 0.193159
755 0.176131
756 0.179173
757 0.180882
758 0.180176
759 0.173647
760 0.163203
761 0.182497
762 0.179438
763 0.181313
764 0.176573
765 0.188497
766 0.192267
767 0.173464
768 0.172357
769 0.178953
770 0.177362
771 0.171534
772 0.189159
773 0.188598
774 0.18327
775 0.202747
776 0.187289
777 0.190474
778 0.197304
779 0.175678
780 0.199229
781 0.177918
782 0.154061
783 0.178042
784 0.15859
785 0.146877
786 0.147674
787 0.152635
788 0.154873
789 0.147453
790 0.168132
791 0.170946
792 0.169021
793 0.1872
794 0.160763
795 0.173971
796 0.177749
797 0.151774
798 0.177576
799 0.166653
800 0.169489
801 0.191294
802 0.175467
803 0.180631
804 0.167709
805 0.190847
806 0.184506
807 0.156686
808 0.196264
809 0.179692
810 0.178185
811 0.20182
812 0.171424
813 0.168671
814 0.172049
815 0.173515
816 0.163276
817 0.155685
818 0.162706
819 0.172145
820 0.160646
821 0.168559
822 0.167861
823 0.161257
824 0.163099
825 0.156737
826 0.166587
827 0.166259
828 0.159076
829 0.167586
830 0.189835
831 0.166631
832 0.158492
833 0.163059
834 0.169262
835 0.171581
836 0.15008
837 0.166697
838 0.177631
839 0.177673
840 0.182916
841 0.154515
842 0.171053
843 0.190637
844 0.17897
845 0.156674
846 0.163751
847 0.194024
848 0.165735
849 0.163466
850 0.178571
851 0.160507
852 0.15457
853 0.187832
854 0.177494
855 0.163688
856 0.18974
857 0.191665
858 0.1826
859 0.185875
860 0.183418
861 0.172082
862 0.176248
863 0.189017
864 0.169243
865 0.187518
866 0.194507
867 0.164011
868 0.171633
869 0.192727
870 0.175863
871 0.165054
872 0.191441
873 0.203638
874 0.192944
875 0.201912
876 0.198051
877 0.202768
878 0.196635
879 0.184552
880 0.171123
881 0.169697
882 0.172085
883 0.166841
884 0.14986
885 0.159861
886 0.176544
887 0.169425
888 0.17311
889 0.165725
890 0.16637
891 0.173732
892 0.165388
893 0.155786
894 0.148208
895 0.171975
896 0.155832
897 0.156618
898 0.159222
899 0.157107
900 0.152177
901 0.158833
902 0.151599
903 0.16156
904 0.150359
905 0.144673
906 0.161969
907 0.150669
908 0.15881
909 0.161727
910 0.151249
911 0.190539
912 0.168662
913 0.15785
914 0.171226
915 0.158185
916 0.16831
917 0.166143
918 0.16423
919 0.17335
920 0.191343
921 0.163572
922 0.154948
923 0.181952
924 0.171545
925 0.180649
926 0.179985
927 0.170434
928 0.182317
929 0.173564
930 0.175706
931 0.163686
932 0.179863
933 0.201452
934 0.175018
935 0.194783
936 0.198985
937 0.197316
938 0.197703
939 0.188951
940 0.178767
941 0.190118
942 0.181615
943 0.174717
944 0.171525
945 0.171353
946 0.167616
947 0.151729
948 0.152801
949 0.161974
950 0.161435
951 0.150986
952 0.159545
953 0.165814
954 0.167795
955 0.163349
956 0.175457
957 0.190041
958 0.190355
959 0.175088
960 0.189206
961 0.191777
962 0.164511
963 0.165181
964 0.159935
965 0.148759
966 0.141747
967 0.141816
968 0.163803
969 0.145464
970 0.145081
971 0.170451
972 0.15688
973 0.173277
974 0.169636
975 0.177131
976 0.182218
977 0.174234
978 0.185754
979 0.183888
980 0.171522
981 0.164434
982 0.162052
983 0.165107
984 0.159864
985 0.168707
986 0.17689
987 0.181169
988 0.192633
989 0.171151
990 0.197331
991 0.173326
992 0.16487
993 0.192135
994 0.178904
995 0.187881
996 0.189431
997 0.198638
998 0.203798
999 0.178153
1000 0.196845
1001 0.203669
1002 0.170237
1003 0.177836
1004 0.189328
1005 0.177443
1006 0.180628
1007 0.172259
1008 0.166867
1009 0.175256
1010 0.183561
1011 0.153978
1012 0.16187
1013 0.159529
1014 0.152824
1015 0.15937
1016 0.14827
1017 0.158835
1018 0.160543
1019 0.160754
1020 0.172542
1021 0.167236
1022 0.193219
1023 0.169353
1024 0.171368
1025 0.173396
1026 0.166473
1027 0.181457
1028 0.156045
1029 0.171045
1030 0.181545
1031 0.155745
1032 0.18506
1033 0.164198
1034 0.155685
1035 0.187408
1036 0.173814
1037 0.160633
1038 0.182251
1039 0.194446
1040 0.177002
1041 0.183215
1042 0.185012
1043 0.193918
1044 0.175018
1045 0.178464
1046 0.192823
1047 0.179399
1048 0.1733
1049 0.178971
1050 0.176459
1051 0.157044
1052 0.162108
1053 0.162486
1054 0.179527
1055 0.189644
1056 0.192584
1057 0.186759
1058 0.20469
1059 0.197134
1060 0.179231
1061 0.19981
1062 0.188815
1063 0.197955
1064 0.207414
1065 0.195786
1066 0.191502
1067 0.178159
1068 0.183047
1069 0.165464
1070 0.152547
1071 0.183519
1072 0.16567
1073 0.152981
1074 0.160241
1075 0.181934
1076 0.177507
1077 0.16585
1078 0.192057
1079 0.204345
1080 0.193339
1081 0.18735
1082 0.203732
1083 0.180476
1084 0.186996
1085 0.188152
1086 0.165381
1087 0.177486
1088 0.165939
1089 0.154416
1090 0.182006
1091 0.160501
1092 0.164917
1093 0.192633
1094 0.178844
1095 0.172541
1096 0.180514
1097 0.201854
1098 0.175023
1099 0.181095
1100 0.176063
1101 0.166897
1102 0.189046
1103 0.177544
1104 0.16075
1105 0.195958
1106 0.192068
1107 0.157866
1108 0.178566
1109 0.188247
1110 0.181076
1111 0.184517
1112 0.181092
1113 0.206218
1114 0.184562
1115 0.17301
1116 0.166272
1117 0.149878
1118 0.148029
1119 0.149341
1120 0.139825
1121 0.142972
1122 0.152179
1123 0.153048
1124 0.163201
1125 0.162213
1126 0.160282
1127 0.17656
1128 0.186503
1129 0.177338
1130 0.191545
1131 0.182978
1132 0.199064
1133 0.193098
1134 0.173428
1135 0.202108
1136 0.171785
1137 0.179184
1138 0.17184
1139 0.175904
1140 0.204062
1141 0.159952
1142 0.183047
1143 0.191284
1144 0.174726
1145 0.177584
1146 0.162044
1147 0.15696
1148 0.169616
1149 0.164891
1150 0.159365
1151 0.175462
1152 0.181219
1153 0.173196
1154 0.179183
1155 0.170395
1156 0.164218
1157 0.180023
1158 0.181421
1159 0.160257
1160 0.166148
1161 0.187372
1162 0.156743
1163 0.166383
1164 0.176131
1165 0.171944
1166 0.170628
1167 0.167429
1168 0.167453
1169 0.155279
1170 0.169934
1171 0.156053
1172 0.170363
1173 0.191597
1174 0.15901
1175 0.184439
1176 0.171975
1177 0.151726
1178 0.156511
1179 0.149567
1180 0.155046
1181 0.160909
1182 0.168372
1183 0.172628
1184 0.166422
1185 0.17719
1186 0.159638
1187 0.142184
1188 0.152404
1189 0.159968
1190 0.150934
1191 0.179148
1192 0.206766
1193 0.180937
1194 0.189302
1195 0.175596
1196 0.178348
1197 0.170553
1198 0.156569
1199 0.166136
1200 0.168194
1201 0.18211
1202 0.16633
1203 0.197497
1204 0.205573
1205 0.180621
1206 0.202467
1207 0.178997
1208 0.187517
1209 0.195858
1210 0.162866
1211 0.170531
1212 0.197352
1213 0.160702
1214 0.168795
1215 0.172832
1216 0.152046
1217 0.166051
1218 0.163532
1219 0.150221
1220 0.14707
1221 0.173304
1222 0.160512
1223 0.161104
1224 0.175379
1225 0.166203
1226 0.186255
1227 0.188188
1228 0.17482
1229 0.199309
1230 0.20474
1231 0.210387
1232 0.220263
1233 0.185064
1234 0.210488
1235 0.192252
1236 0.179013
1237 0.172791
1238 0.173244
1239 0.209374
1240 0.170377
1241 0.186107
1242 0.204215
1243 0.193087
1244 0.200703
1245 0.185755
1246 0.182174
1247 0.195265
1248 0.172714
1249 0.161461
1250 0.16791
1251 0.155389
1252 0.180863
1253 0.176855
1254 0.157464
1255 0.168469
1256 0.189521
1257 0.173234
1258 0.169439
1259 0.176503
1260 0.196666
1261 0.195701
1262 0.168751
1263 0.196873
1264 0.193896
1265 0.16316
1266 0.190583
1267 0.167953
1268 0.1543
1269 0.193218
1270 0.176827
1271 0.158731
1272 0.174655
1273 0.194847
1274 0.188251
1275 0.167504
1276 0.166752
1277 0.16471
1278 0.164088
1279 0.152176
1280 0.153297
1281 0.162712
1282 0.161945
1283 0.179009
1284 0.167187
1285 0.184382
1286 0.17826
1287 0.16911
1288 0.178389
1289 0.170691
1290 0.179735
1291 0.159272
1292 0.170914
1293 0.181339
1294 0.154845
1295 0.161239
1296 0.172474
1297 0.146916
1298 0.148945
1299 0.158481
1300 0.14422
1301 0.154069
1302 0.167842
1303 0.143418
1304 0.172667
1305 0.177002
1306 0.161206
1307 0.168014
1308 0.155521
1309 0.172549
1310 0.171502
1311 0.152969
1312 0.169106
1313 0.170543
1314 0.172803
1315 0.183549
1316 0.163819
1317 0.182723
1318 0.202056
1319 0.198073
1320 0.167985
1321 0.184176
1322 0.201683
1323 0.159206
1324 0.157238
1325 0.181137
1326 0.161064
1327 0.151621
1328 0.181884
1329 0.171802
1330 0.167789
1331 0.196018
1332 0.172894
1333 0.195418
1334 0.193974
1335 0.17726
1336 0.171023
1337 0.166176
1338 0.167367
1339 0.158224
1340 0.178721
1341 0.163473
1342 0.16102
1343 0.170176
1344 0.14842
1345 0.143668
1346 0.15987
1347 0.158839
1348 0.163999
1349 0.170921
1350 0.194172
1351 0.194983
1352 0.173547
1353 0.194956
1354 0.194672
1355 0.189456
1356 0.167259
1357 0.166275
1358 0.169788
1359 0.167773
1360 0.16831
1361 0.174078
1362 0.170865
1363 0.18051
1364 0.169045
1365 0.164492
1366 0.168258
1367 0.162814
1368 0.185206
1369 0.183674
1370 0.183966
1371 0.192137
1372 0.185888
1373 0.188036
1374 0.187138
1375 0.170787
1376 0.172713
1377 0.183885
1378 0.161502
1379 0.151676
1380 0.181622
1381 0.16823
1382 0.169146
1383 0.195568
1384 0.190523
1385 0.187387
1386 0.193126
1387 0.196518
1388 0.168903
1389 0.181591
1390 0.168803
1391 0.164438
1392 0.1652
1393 0.158791
1394 0.159243
1395 0.150861
1396 0.172507
1397 0.170825
1398 0.156035
1399 0.192152
1400 0.18257
1401 0.14569
1402 0.161299
1403 0.173926
1404 0.170122
1405 0.164679
1406 0.187744
1407 0.185389
1408 0.190808
1409 0.169831
1410 0.164315
1411 0.177977
1412 0.157628
1413 0.144382
1414 0.156352
1415 0.159245
1416 0.145693
1417 0.166132
1418 0.179443
1419 0.179567
1420 0.184238
1421 0.204299
1422 0.2014
1423 0.187391
1424 0.204157
1425 0.186398
1426 0.163072
1427 0.168824
1428 0.174961
1429 0.168581
1430 0.164751
1431 0.167679
1432 0.17405
1433 0.176006
1434 0.165109
1435 0.168459
1436 0.172786
1437 0.18421
1438 0.192681
1439 0.177778
1440 0.165288
1441 0.180325
1442 0.172635
1443 0.158625
1444 0.17226
1445 0.164237
1446 0.165957
1447 0.179722
1448 0.18043
1449 0.153098
1450 0.162031
1451 0.174251
1452 0.141519
1453 0.167835
1454 0.159012
1455 0.171681
1456 0.158027
1457 0.178678
1458 0.187269
1459 0.175888
1460 0.174583
1461 0.168594
1462 0.199386
1463 0.159628
1464 0.14959
1465 0.165231
1466 0.174549
1467 0.148845
1468 0.14841
1469 0.170662
1470 0.161595
1471 0.170483
1472 0.172548
1473 0.170715
1474 0.189045
1475 0.168967
1476 0.152491
1477 0.191063
1478 0.179024
1479 0.149339
1480 0.163865
1481 0.17428
1482 0.166873
1483 0.167706
1484 0.15893
1485 0.180668
1486 0.202389
1487 0.183026
1488 0.202133
1489 0.206775
1490 0.184963
1491 0.181159
1492 0.20067
1493 0.182758
1494 0.15813
1495 0.180571
1496 0.177513
1497 0.180155
1498 0.184954
1499 0.176272
1500 0.168138
1501 0.194819
1502 0.167191
1503 0.164945
1504 0.176547
1505 0.16179
1506 0.171743
1507 0.174795
1508 0.184089
1509 0.172474
1510 0.193051
1511 0.18768
1512 0.166741
1513 0.166418
1514 0.147703
1515 0.155299
1516 0.161002
1517 0.168375
1518 0.185905
1519 0.187808
1520 0.179681
1521 0.192187
1522 0.190086
1523 0.170629
1524 0.182407
1525 0.175131
1526 0.163238
1527 0.174707
1528 0.163406
1529 0.143655
1530 0.171936
1531 0.172898
1532 0.149993
1533 0.168089
1534 0.164621
1535 0.172483
1536 0.184291
1537 0.14429
1538 0.175749
1539 0.17476
1540 0.160071
1541 0.158489
1542 0.159491
1543 0.162284
1544 0.144573
1545 0.162219
1546 0.159129
1547 0.149776
1548 0.143396
1549 0.146572
1550 0.160855
1551 0.144369
1552 0.145955
1553 0.179294
1554 0.166303
1555 0.16481
1556 0.178368
1557 0.179976
1558 0.176547
1559 0.179194
1560 0.165961
1561 0.180541
1562 0.17841
1563 0.156519
1564 0.193386
1565 0.171148
1566 0.175407
1567 0.185872
1568 0.159434
1569 0.193294
1570 0.157427
1571 0.14181
1572 0.184122
1573 0.163683
1574 0.170421
1575 0.192966
1576 0.174754
1577 0.17672
1578 0.167785
1579 0.161506
1580 0.177385
1581 0.16831
1582 0.177368
1583 0.184898
1584 0.170995
1585 0.178791
1586 0.169655
1587 0.173605
1588 0.165736
1589 0.184157
1590 0.203177
1591 0.180954
1592 0.186193
1593 0.18422
1594 0.17574
1595 0.16062
1596 0.143178
1597 0.158534
1598 0.157799
1599 0.142258
1600 0.157863
1601 0.165611
1602 0.150086
1603 0.160805
1604 0.172513
1605 0.156698
1606 0.149871
1607 0.18569
1608 0.184031
1609 0.171349
1610 0.200887
1611 0.207368
1612 0.176243
1613 0.177654
1614 0.204051
1615 0.160492
1616 0.152076
1617 0.174414
1618 0.173257
1619 0.159297
1620 0.170371
1621 0.186389
1622 0.173881
1623 0.184864
1624 0.18422
1625 0.175186
1626 0.188301
1627 0.18883
1628 0.151235
1629 0.168133
1630 0.180245
1631 0.178556
1632 0.17694
1633 0.146515
1634 0.190983
1635 0.181608
1636 0.154403
1637 0.163065
1638 0.156304
1639 0.150527
1640 0.143321
1641 0.163216
1642 0.154118
1643 0.150253
1644 0.181562
1645 0.184039
1646 0.154947
1647 0.190838
1648 0.18274
1649 0.165282
1650 0.186733
1651 0.185981
1652 0.169601
1653 0.187502
1654 0.185389
1655 0.177367
1656 0.185499
1657 0.160447
1658 0.170467
1659 0.172592
1660 0.159631
1661 0.170019
1662 0.180645
1663 0.164661
1664 0.185061
1665 0.179879
1666 0.152518
1667 0.175547
1668 0.172428
1669 0.169536
1670 0.175114
1671 0.190172
1672 0.189695
1673 0.163415
1674 0.163664
1675 0.189952
1676 0.163846
1677 0.15886
1678 0.183217
1679 0.159169
1680 0.159526
1681 0.169299
1682 0.154677
1683 0.147871
1684 0.154285
1685 0.149786
1686 0.166606
1687 0.146876
1688 0.163636
1689 0.163217
1690 0.169043
1691 0.164327
1692 0.145864
1693 0.159517
1694 0.158878
1695 0.154063
1696 0.162114
1697 0.165426
1698 0.170756
1699 0.189198
1700 0.180079
1701 0.183002
1702 0.192833
1703 0.179832
1704 0.174462
1705 0.186765
1706 0.175846
1707 0.153578
1708 0.170656
1709 0.165225
1710 0.156184
1711 0.163101
1712 0.188929
1713 0.182291
1714 0.171812
1715 0.174554
1716 0.191646
1717 0.185614
1718 0.162819
1719 0.164641
1720 0.197163
1721 0.184443
1722 0.16137
1723 0.175151
1724 0.193414
1725 0.18231
1726 0.167082
1727 0.155291
1728 0.166461
1729 0.176168
1730 0.165699
1731 0.149651
1732 0.185965
1733 0.180636
1734 0.155138
1735 0.153756
1736 0.16755
1737 0.141285
1738 0.154601
1739 0.162635
1740 0.152769
1741 0.177803
1742 0.173739
1743 0.174746
1744 0.180951
1745 0.182615
1746 0.195694
1747 0.164864
1748 0.172558
1749 0.191983
1750 0.174698
1751 0.16678
1752 0.176974
1753 0.192464
1754 0.185026
1755 0.162288
1756 0.18406
1757 0.174976
1758 0.174078
1759 0.169401
1760 0.190388
1761 0.181018
1762 0.158692
1763 0.178746
1764 0.168033
1765 0.153354
1766 0.182974
1767 0.198787
1768 0.172558
1769 0.168656
1770 0.168258
1771 0.153501
1772 0.157017
1773 0.158848
1774 0.168029
1775 0.173666
1776 0.165034
1777 0.189338
1778 0.186321
1779 0.168802
1780 0.189614
1781 0.174607
1782 0.18236
1783 0.16356
1784 0.154614
1785 0.160361
1786 0.148918
1787 0.167949
1788 0.159281
1789 0.14165
1790 0.155873
1791 0.172758
1792 0.159663
1793 0.143512
1794 0.1569
1795 0.163475
1796 0.162268
1797 0.168837
1798 0.174975
1799 0.180166
1800 0.173097
1801 0.173036
1802 0.171681
1803 0.154198
1804 0.145464
1805 0.168703
1806 0.175299
1807 0.151873
1808 0.157955
1809 0.169194
1810 0.169547
1811 0.150197
1812 0.160479
1813 0.159435
1814 0.143573
1815 0.146062
1816 0.163058
1817 0.142343
1818 0.172204
1819 0.176956
1820 0.152937
1821 0.167093
1822 0.161413
1823 0.149115
1824 0.146629
1825 0.148823
1826 0.166517
1827 0.165243
1828 0.159939
1829 0.185069
1830 0.193491
1831 0.166782
1832 0.188337
1833 0.179561
1834 0.183431
1835 0.174619
1836 0.162553
1837 0.178394
1838 0.185872
1839 0.179102
1840 0.194141
1841 0.194395
1842 0.186998
1843 0.207745
1844 0.174083
1845 0.176971
1846 0.204737
1847 0.186516
1848 0.172153
1849 0.183452
1850 0.185344
1851 0.175521
1852 0.178416
1853 0.164131
1854 0.175909
1855 0.15807
1856 0.160764
1857 0.157852
1858 0.156029
1859 0.169732
1860 0.166502
1861 0.166692
1862 0.170893
1863 0.16673
1864 0.175661
1865 0.171952
1866 0.185938
1867 0.193516
1868 0.161822
1869 0.185009
1870 0.182535
1871 0.15886
1872 0.184167
1873 0.182729
1874 0.168819
1875 0.187284
1876 0.191917
1877 0.180107
1878 0.197995
1879 0.19464
1880 0.184593
1881 0.200626
1882 0.201917
1883 0.18757
1884 0.176072
1885 0.175211
1886 0.193031
1887 0.174917
1888 0.190004
1889 0.188681
1890 0.196139
1891 0.186561
1892 0.170092
1893 0.171727
1894 0.158616
1895 0.147796
1896 0.16724
1897 0.150978
1898 0.142342
1899 0.175717
1900 0.158365
1901 0.151825
1902 0.174649
1903 0.153863
1904 0.169104
1905 0.188735
1906 0.174366
1907 0.180758
1908 0.202501
1909 0.19027
1910 0.189912
1911 0.196988
1912 0.18096
1913 0.183285
1914 0.190787
1915 0.181286
1916 0.163521
1917 0.171955
1918 0.172188
1919 0.169234
1920 0.153286
1921 0.156141
1922 0.178265
1923 0.16
1924 0.164623
1925 0.177811
1926 0.153145
1927 0.169998
1928 0.165447
1929 0.141374
1930 0.166768
1931 0.162017
1932 0.163802
1933 0.168128
1934 0.15353
1935 0.181027
1936 0.167364
1937 0.152613
1938 0.160928
1939 0.166455
1940 0.152785
1941 0.151895
1942 0.164379
1943 0.156001
1944 0.165028
1945 0.169612
1946 0.183696
1947 0.17276
1948 0.151269
1949 0.1705
1950 0.175698
1951 0.154513
1952 0.15928
1953 0.174313
1954 0.159972
1955 0.171522
1956 0.186415
1957 0.175986
1958 0.157883
1959 0.162598
1960 0.186495
1961 0.173386
1962 0.149729
1963 0.190962
1964 0.182099
1965 0.16234
1966 0.189438
1967 0.179873
1968 0.173835
1969 0.180441
1970 0.171983
1971 0.162262
1972 0.151938
1973 0.171577
1974 0.169131
1975 0.170539
1976 0.177574
1977 0.193463
1978 0.203074
1979 0.172685
1980 0.1821
1981 0.20291
1982 0.189915
1983 0.187218
1984 0.18142
1985 0.201237
1986 0.192764
1987 0.164509
1988 0.165029
1989 0.192829
1990 0.186219
1991 0.172526
1992 0.187265
1993 0.190867
1994 0.174607
1995 0.155809
1996 0.171047
1997 0.173802
1998 0.164345
1999 0.183601
2000 0.198137
2001 0.177299
2002 0.189204
2003 0.173517
2004 0.14832
2005 0.179256
2006 0.163275
2007 0.170398
2008 0.184194
2009 0.18693
2010 0.195405
2011 0.168591
2012 0.169611
2013 0.19399
2014 0.185562
2015 0.164494
2016 0.193218
2017 0.187762
2018 0.174514
2019 0.178632
2020 0.176076
2021 0.168772
2022 0.164782
2023 0.177821
2024 0.168627
2025 0.169652
2026 0.161493
2027 0.164507
2028 0.179157
2029 0.172842
2030 0.162924
2031 0.183964
2032 0.183813
2033 0.166304
2034 0.185973
2035 0.159705
2036 0.180012
2037 0.177118
2038 0.171612
2039 0.192343
2040 0.148442
2041 0.176829
2042 0.189301
2043 0.172768
2044 0.190735
2045 0.180302
2046 0.171006
2047 0.173526
2048 0.143653
2049 0.149836
2050 0.160196
2051 0.153278
2052 0.169883
2053 0.177182
2054 0.176192
2055 0.18892
2056 0.185127
2057 0.185822
2058 0.190513
2059 0.209752
2060 0.199415
2061 0.172343
2062 0.193493
2063 0.187527
2064 0.165479
2065 0.164869
2066 0.171363
2067 0.175464
2068 0.165861
2069 0.177386
2070 0.162812
2071 0.171738
2072 0.1633
2073 0.157755
2074 0.15685
2075 0.135099
2076 0.167251
2077 0.16938
2078 0.169763
2079 0.174117
2080 0.187418
2081 0.192282
2082 0.164206
2083 0.172256
2084 0.163801
2085 0.164859
2086 0.164841
2087 0.159683
2088 0.177759
2089 0.172072
2090 0.16449
2091 0.183319
2092 0.173873
2093 0.157375
2094 0.185038
2095 0.178521
2096 0.175047
2097 0.171179
2098 0.168061
2099 0
