0 -1758.14
1 240.506
2 46.8503
3 -0.00600943
4 -0.865218
5 -0.0968443
6 0.103514
7 0.152655
8 0.140898
9 0.152499
10 0.162909
11 0.172467
12 0.182637
13 0.197918
14 0.186712
15 0.201912
16 0.183653
17 0.18159
18 0.197456
19 0.173953
20 0.165258
21 0.191104
22 0.174111
23 0.156957
24 0.169015
25 0.153308
26 0.172817
27 0.183697
28 0.161644
29 0.172894
30 0.193489
31 0.161933
32 0.172867
33 0.168416
34 0.162018
35 0.167303
36 0.167788
37 0.175676
38 0.165675
39 0.171963
40 0.154772
41 0.167151
42 0.161519
43 0.170573
44 0.158819
45 0.145627
46 0.185985
47 0.185824
48 0.167941
49 0.185035
50 0.185625
51 0.183304
52 0.177636
53 0.171746
54 0.180655
55 0.174862
56 0.18224
57 0.183217
58 0.192815
59 0.194145
60 0.19688
61 0.184046
62 0.168751
63 0.196504
64 0.16024
65 0.159934
66 0.160609
67 0.166259
68 0.169841
69 0.157608
70 0.165999
71 0.187639
72 0.162366
73 0.191853
74 0.192691
75 0.193278
76 0.1907
77 0.181564
78 0.175134
79 0.174911
80 0.171097
81 0.165641
82 0.169584
83 0.168605
84 0.159002
85 0.172369
86 0.162366
87 0.146354
88 0.179772
89 0.179021
90 0.167247
91 0.17751
92 0.189362
93 0.196329
94 0.183985
95 0.177428
96 0.175045
97 0.184013
98 0.162519
99 0.149884
100 0.174332
101 0.15866
102 0.16621
103 0.187478
104 0.151348
105 0.189146
106 0.198373
107 0.175001
108 0.192417
109 0.199839
110 0.196279
111 0.195991
112 0.190214
113 0.19038
114 0.174743
115 0.172019
116 0.146743
117 0.155669
118 0.166691
119 0.159254
120 0.165034
121 0.172184
122 0.164504
123 0.166731
124 0.182398
125 0.172659
126 0.151018
127 0.154504
128 0.173069
129 0.159647
130 0.147155
131 0.179661
132 0.184123
133 0.179613
134 0.203557
135 0.208875
136 0.183728
137 0.186338
138 0.16364
139 0.154232
140 0.155129
141 0.166692
142 0.152177
143 0.158889
144 0.182371
145 0.179029
146 0.145623
147 0.173531
148 0.185367
149 0.185657
150 0.190311
151 0.191705
152 0.192176
153 0.202604
154 0.18754
155 0.161991
156 0.188899
157 0.161457
158 0.148912
159 0.190513
160 0.156689
161 0.148358
162 0.171967
163 0.184038
164 0.160473
165 0.172435
166 0.197024
167 0.1595
168 0.169836
169 0.177136
170 0.141393
171 0.173704
172 0.169721
173 0.15288
174 0.187157
175 0.159766
176 0.162356
177 0.165045
178 0.159383
179 0.16578
180 0.163821
181 0.178124
182 0.171824
183 0.174934
184 0.165053
185 0.188988
186 0.160407
187 0.14586
188 0.154138
189 0.13765
190 0.168683
191 0.182519
192 0.172319
193 0.160292
194 0.178628
195 0.167995
196 0.155215
197 0.16054
198 0.163479
199 0.157971
200 0.158704
201 0.161401
202 0.154858
203 0.157233
204 0.173654
205 0.165222
206 0.158196
207 0.177487
208 0.183569
209 0.160861
210 0.165816
211 0.178422
212 0.173035
213 0.156454
214 0.173152
215 0.178377
216 0.168261
217 0.186726
218 0.178704
219 0.170387
220 0.173817
221 0.174207
222 0.170496
223 0.167514
224 0.16436
225 0.16333
226 0.184528
227 0.159482
228 0.174741
229 0.176163
230 0.170421
231 0.176916
232 0.17675
233 0.166457
234 0.201161
235 0.179305
236 0.18206
237 0.173635
238 0.175823
239 0.176808
240 0.154312
241 0.18415
242 0.164513
243 0.152631
244 0.168089
245 0.172153
246 0.163714
247 0.149616
248 0.162785
249 0.180584
250 0.185538
251 0.193195
252 0.169015
253 0.181965
254 0.194927
255 0.17541
256 0.186728
257 0.188477
258 0.172516
259 0.185249
260 0.189856
261 0.172344
262 0.182072
263 0.190699
264 0.18828
265 0.200898
266 0.178264
267 0.181297
268 0.20548
269 0.214113
270 0.20698
271 0.194221
272 0.176704
273 0.164832
274 0.166106
275 0.163468
276 0.163711
277 0.190537
278 0.188472
279 0.183173
280 0.18367
281 0.159135
282 0.193899
283 0.160165
284 0.157228
285 0.166907
286 0.172371
287 0.134941
288 0.165141
289 0.170821
290 0.16164
291 0.174291
292 0.188417
293 0.192783
294 0.181164
295 0.181754
296 0.186102
297 0.177163
298 0.162545
299 0.163435
300 0.183522
301 0.179415
302 0.167991
303 0.170179
304 0.185738
305 0.191285
306 0.164587
307 0.163701
308 0.195942
309 0.171601
310 0.178029
311 0.203549
312 0.179068
313 0.165954
314 0.182567
315 0.175039
316 0.170133
317 0.176413
318 0.176811
319 0.181873
320 0.183605
321 0.194387
322 0.189829
323 0.208368
324 0.192175
325 0.183691
326 0.201196
327 0.200723
328 0.18082
329 0.188603
330 0.210905
331 0.197265
332 0.214292
333 0.207194
334 0.189888
335 0.183118
336 0.183589
337 0.177706
338 0.173308
339 0.164601
340 0.164676
341 0.169778
342 0.180981
343 0.171793
344 0.178751
345 0.191278
346 0.163831
347 0.163921
348 0.15551
349 0.176495
350 0.164988
351 0.154701
352 0.181957
353 0.177382
354 0.164103
355 0.1573
356 0.169238
357 0.154862
358 0.154323
359 0.181012
360 0.156332
361 0.153515
362 0.186806
363 0.159717
364 0.164427
365 0.195007
366 0.193474
367 0.187031
368 0.188665
369 0.179527
370 0.162743
371 0.179526
372 0.162669
373 0.159393
374 0.16031
375 0.151452
376 0.148409
377 0.163105
378 0.15219
379 0.148691
380 0.174497
381 0.181323
382 0.149807
383 0.171844
384 0.153859
385 0.151428
386 0.15398
387 0.140305
388 0.165892
389 0.171228
390 0.152843
391 0.175834
392 0.196918
393 0.178194
394 0.188708
395 0.182266
396 0.17513
397 0.17852
398 0.165949
399 0.161818
400 0.169733
401 0.166238
402 0.174827
403 0.173483
404 0.195345
405 0.201541
406 0.196441
407 0.200095
408 0.176306
409 0.210774
410 0.208355
411 0.194004
412 0.203284
413 0.190173
414 0.185481
415 0.191742
416 0.178863
417 0.171772
418 0.168691
419 0.18714
420 0.187224
421 0.167084
422 0.164175
423 0.191778
424 0.170518
425 0.161059
426 0.174342
427 0.165057
428 0.158015
429 0.163296
430 0.156475
431 0.179397
432 0.177161
433 0.198384
434 0.166809
435 0.19522
436 0.186736
437 0.154759
438 0.16767
439 0.165994
440 0.177467
441 0.192511
442 0.18036
443 0.175143
444 0.17678
445 0.163809
446 0.152425
447 0.152564
448 0.153022
449 0.135472
450 0.151209
451 0.178159
452 0.157511
453 0.141591
454 0.167363
455 0.183047
456 0.147483
457 0.164888
458 0.185912
459 0.162203
460 0.174086
461 0.184469
462 0.163348
463 0.167141
464 0.176726
465 0.168423
466 0.173442
467 0.173847
468 0.204649
469 0.167197
470 0.178563
471 0.192478
472 0.171832
473 0.184999
474 0.166255
475 0.186782
476 0.171391
477 0.150845
478 0.179866
479 0.173644
480 0.1727
481 0.176606
482 0.187443
483 0.177082
484 0.172139
485 0.197897
486 0.186834
487 0.163514
488 0.185388
489 0.182273
490 0.171904
491 0.187884
492 0.199921
493 0.17948
494 0.172438
495 0.200599
496 0.181095
497 0.1801
498 0.176915
499 0.18501
500 0.168961
501 0.158857
502 0.160218
503 0.179728
504 0.155063
505 0.167747
506 0.171873
507 0.195405
508 0.166228
509 0.164746
510 0.171929
511 0.169466
512 0.155775
513 0.17336
514 0.176988
515 0.161819
516 0.203845
517 0.197042
518 0.186743
519 0.189915
520 0.174743
521 0.178907
522 0.167569
523 0.15848
524 0.169938
525 0.179493
526 0.166777
527 0.171187
528 0.181741
529 0.180966
530 0.161472
531 0.160091
532 0.148733
533 0.170025
534 0.175584
535 0.152259
536 0.181798
537 0.200202
538 0.149554
539 0.182068
540 0.170176
541 0.173856
542 0.175518
543 0.145698
544 0.185839
545 0.160342
546 0.152758
547 0.168506
548 0.16343
549 0.177476
550 0.163052
551 0.146228
552 0.180962
553 0.175351
554 0.149922
555 0.149936
556 0.178214
557 0.169476
558 0.1679
559 0.16246
560 0.168724
561 0.164882
562 0.184937
563 0.19175
564 0.182071
565 0.194577
566 0.195851
567 0.189635
568 0.185798
569 0.192804
570 0.182089
571 0.169495
572 0.189896
573 0.175205
574 0.176416
575 0.177654
576 0.195298
577 0.194901
578 0.195786
579 0.180813
580 0.173468
581 0.197047
582 0.170146
583 0.169889
584 0.174864
585 0.180424
586 0.175861
587 0.185436
588 0.178686
589 0.181813
590 0.172966
591 0.166369
592 0.18271
593 0.169053
594 0.163659
595 0.161841
596 0.168364
597 0.164261
598 0.150269
599 0.165042
600 0.170905
601 0.168442
602 0.187772
603 0.178069
604 0.167913
605 0.163672
606 0.143139
607 0.175556
608 0.142443
609 0.153569
610 0.170357
611 0.156172
612 0.170658
613 0.176813
614 0.16628
615 0.154201
616 0.163133
617 0.179986
618 0.154196
619 0.141172
620 0.158515
621 0.17232
622 0.164801
623 0.168197
624 0.176674
625 0.183419
626 0.16789
627 0.143471
628 0.173542
629 0.167268
630 0.165715
631 0.185416
632 0.170136
633 0.185138
634 0.17796
635 0.157416
636 0.159585
637 0.16649
638 0.161024
639 0.138725
640 0.16385
641 0.152412
642 0.149898
643 0.157896
644 0.146126
645 0.163789
646 0.166754
647 0.16251
648 0.1629
649 0.166338
650 0.166857
651 0.171147
652 0.161063
653 0.183138
654 0.185636
655 0.184851
656 0.18933
657 0.195683
658 0.173565
659 0.166309
660 0.178975
661 0.17041
662 0.14847
663 0.14942
664 0.178571
665 0.178364
666 0.147951
667 0.168247
668 0.178794
669 0.153276
670 0.176811
671 0.174279
672 0.143712
673 0.182622
674 0.199059
675 0.154373
676 0.1657
677 0.197573
678 0.178567
679 0.1872
680 0.189389
681 0.18668
682 0.193063
683 0.147401
684 0.177992
685 0.175921
686 0.154336
687 0.181927
688 0.191808
689 0.184816
690 0.167347
691 0.190328
692 0.196717
693 0.174963
694 0.17452
695 0.185864
696 0.18734
697 0.173514
698 0.190357
699 0.179323
700 0.188363
701 0.178365
702 0.176798
703 0.168901
704 0.157425
705 0.179904
706 0.163757
707 0.149842
708 0.181898
709 0.1738
710 0.159041
711 0.14988
712 0.169892
713 0.176516
714 0.146927
715 0.165956
716 0.171902
717 0.134165
718 0.16068
719 0.167655
720 0.148283
721 0.161994
722 0.177364
723 0.169902
724 0.159637
725 0.151607
726 0.160956
727 0.165634
728 0.180018
729 0.162405
730 0.18011
731 0.174693
732 0.183828
733 0.195853
734 0.175167
735 0.165115
736 0.175462
737 0.182271
738 0.183607
739 0.176556
740 0.178234
741 0.18533
742 0.17439
743 0.156475
744 0.167912
745 0.157997
746 0.171466
747 0.175457
748 0.174737
749 0.184414
750 0.196719
751 0.201609
752 0.190036
753 0.182796
754 0.177504
755 0.184778
756 0.183943
757 0.162262
758 0.200004
759 0.210227
760 0.193958
761 0.192119
762 0.206694
763 0.206648
764 0.191083
765 0.189025
766 0.166831
767 0.175408
768 0.175742
769 0.166105
770 0.183009
771 0.189844
772 0.17093
773 0.202139
774 0.188299
775 0.149297
776 0.172901
777 0.202703
778 0.160968
779 0.148025
780 0.182706
781 0.171173
782 0.169392
783 0.171066
784 0.191587
785 0.179558
786 0.160905
787 0.184107
788 0.181436
789 0.194
790 0.185248
791 0.1592
792 0.178904
793 0.173355
794 0.16001
795 0.156424
796 0.154287
797 0.173515
798 0.161876
799 0.186376
800 0.16431
801 0.180202
802 0.199225
803 0.172022
804 0.159988
805 0.188083
806 0.165889
807 0.16478
808 0.178909
809 0.163133
810 0.14208
811 0.17078
812 0.176099
813 0.164896
814 0.163893
815 0.152488
816 0.137367
817 0.177986
818 0.161545
819 0.177806
820 0.162077
821 0.186086
822 0.201964
823 0.186573
824 0.164254
825 0.204295
826 0.195717
827 0.163968
828 0.189025
829 0.178236
830 0.15647
831 0.172066
832 0.159725
833 0.145636
834 0.180327
835 0.168818
836 0.126448
837 0.166259
838 0.169402
839 0.151832
840 0.185729
841 0.16845
842 0.172118
843 0.182056
844 0.171623
845 0.164445
846 0.167718
847 0.178748
848 0.159171
849 0.175901
850 0.170659
851 0.175012
852 0.180243
853 0.161891
854 0.167481
855 0.168656
856 0.175195
857 0.167576
858 0.182133
859 0.20109
860 0.17426
861 0.161831
862 0.182484
863 0.161944
864 0.175924
865 0.179229
866 0.179782
867 0.187182
868 0.173533
869 0.214562
870 0.173949
871 0.151347
872 0.181064
873 0.163624
874 0.162499
875 0.1624
876 0.166154
877 0.186293
878 0.16775
879 0.164442
880 0.195577
881 0.203528
882 0.195941
883 0.181272
884 0.190786
885 0.183529
886 0.197152
887 0.172616
888 0.15849
889 0.157863
890 0.174037
891 0.15127
892 0.158351
893 0.166485
894 0.152741
895 0.184462
896 0.190042
897 0.166996
898 0.170953
899 0.174815
900 0.163043
901 0.167551
902 0.174321
903 0.161686
904 0.196884
905 0.223647
906 0.193019
907 0.172037
908 0.185187
909 0.197314
910 0.18046
911 0.166248
912 0.205571
913 0.176721
914 0.161411
915 0.196164
916 0.172016
917 0.162995
918 0.188145
919 0.181752
920 0.18085
921 0.163988
922 0.176055
923 0.186122
924 0.158145
925 0.154071
926 0.172035
927 0.17026
928 0.166779
929 0.159951
930 0.188254
931 0.178608
932 0.195872
933 0.177642
934 0.158849
935 0.186923
936 0.174219
937 0.179323
938 0.187569
939 0.160124
940 0.174691
941 0.199946
942 0.151913
943 0.175692
944 0.195982
945 0.181822
946 0.184819
947 0.19828
948 0.195149
949 0.205423
950 0.190218
951 0.184668
952 0.193508
953 0.192237
954 0.160296
955 0.159469
956 0.198577
957 0.172816
958 0.166126
959 0.191874
960 0.166853
961 0.170461
962 0.175712
963 0.187725
964 0.147168
965 0.174245
966 0.198993
967 0.154111
968 0.18597
969 0.190982
970 0.14962
971 0.154271
972 0.178285
973 0.16554
974 0.160346
975 0.175131
976 0.201285
977 0.173613
978 0.199403
979 0.191792
980 0.174742
981 0.200917
982 0.185449
983 0.15991
984 0.174095
985 0.180838
986 0.169217
987 0.164436
988 0.198749
989 0.195476
990 0.199159
991 0.171142
992 0.174141
993 0.212942
994 0.166919
995 0.163934
996 0.18206
997 0.177699
998 0.166176
999 0.164135
1000 0.187001
1001 0.166227
1002 0.165395
1003 0.165271
1004 0.157335
1005 0.160512
1006 0.149487
1007 0.159103
1008 0.14734
1009 0.15131
1010 0.177406
1011 0.162451
1012 0.17893
1013 0.197171
1014 0.193381
1015 0.178881
1016 0.193223
1017 0.172486
1018 0.167733
1019 0.181197
1020 0.16592
1021 0.157198
1022 0.182772
1023 0.180513
1024 0.172301
1025 0.193893
1026 0.173505
1027 0.212333
1028 0.180222
1029 0.142387
1030 0.177399
1031 0.163492
1032 0.155889
1033 0.17471
1034 0.182801
1035 0.193489
1036 0.203719
1037 0.200321
1038 0.205251
1039 0.186579
1040 0.165814
1041 0.172685
1042 0.168126
1043 0.173058
1044 0.178283
1045 0.183727
1046 0.186795
1047 0.180199
1048 0.167162
1049 0.175458
1050 0.169231
1051 0.14429
1052 0.176827
1053 0.161779
1054 0.139403
1055 0.162425
1056 0.163672
1057 0.171571
1058 0.16907
1059 0.180514
1060 0.190965
1061 0.187462
1062 0.200153
1063 0.191307
1064 0.189864
1065 0.200487
1066 0.176475
1067 0.185853
1068 0.203298
1069 0.180908
1070 0.180842
1071 0.183829
1072 0.159667
1073 0.16413
1074 0.173459
1075 0.15986
1076 0.146108
1077 0.175457
1078 0.182882
1079 0.181056
1080 0.175466
1081 0.178604
1082 0.178115
1083 0.157335
1084 0.162234
1085 0.179375
1086 0.167902
1087 0.199899
1088 0.210684
1089 0.20637
1090 0.197001
1091 0.188943
1092 0.169259
1093 0.195092
1094 0.177108
1095 0.163952
1096 0.164689
1097 0.190776
1098 0.185895
1099 0.150094
1100 0.178125
1101 0.173992
1102 0.160265
1103 0.155016
1104 0.143751
1105 0.152691
1106 0.170039
1107 0.17169
1108 0.167745
1109 0.193809
1110 0.203063
1111 0.17941
1112 0.178578
1113 0.184669
1114 0.161302
1115 0.160972
1116 0.154128
1117 0.147935
1118 0.155541
1119 0.16939
1120 0.152189
1121 0.154903
1122 0.17193
1123 0.159286
1124 0.163453
1125 0.149091
1126 0.189915
1127 0.185443
1128 0.18061
1129 0.167134
1130 0.187879
1131 0.205341
1132 0.162589
1133 0.183251
1134 0.177513
1135 0.161348
1136 0.191501
1137 0.184891
1138 0.159524
1139 0.172263
1140 0.179133
1141 0.192112
1142 0.183422
1143 0.179491
1144 0.179431
1145 0.17937
1146 0.181133
1147 0.165884
1148 0.161026
1149 0.142513
1150 0.180529
1151 0.16656
1152 0.149744
1153 0.165913
1154 0.166927
1155 0.178233
1156 0.160933
1157 0.173287
1158 0.172565
1159 0.174672
1160 0.164369
1161 0.156931
1162 0.189541
1163 0.184105
1164 0.165548
1165 0.200451
1166 0.185521
1167 0.195541
1168 0.202223
1169 0.190576
1170 0.177206
1171 0.172838
1172 0.169639
1173 0.163529
1174 0.151697
1175 0.159194
1176 0.185277
1177 0.181608
1178 0.179774
1179 0.154192
1180 0.177862
1181 0.171272
1182 0.151417
1183 0.157461
1184 0.152744
1185 0.178884
1186 0.186274
1187 0.171529
1188 0.165585
1189 0.161765
1190 0.182241
1191 0.152286
1192 0.166584
1193 0.185286
1194 0.172206
1195 0.172245
1196 0.1905
1197 0.167801
1198 0.145565
1199 0.158504
1200 0.17209
1201 0.156215
1202 0.165419
1203 0.162921
1204 0.178377
1205 0.190912
1206 0.183584
1207 0.182984
1208 0.184893
1209 0.180889
1210 0.175359
1211 0.166631
1212 0.155925
1213 0.154452
1214 0.169476
1215 0.171689
1216 0.179377
1217 0.192037
1218 0.156779
1219 0.184986
1220 0.197923
1221 0.163302
1222 0.161148
1223 0.196221
1224 0.179642
1225 0.162766
1226 0.18876
1227 0.179488
1228 0.197464
1229 0.170087
1230 0.177406
1231 0.181024
1232 0.150562
1233 0.190263
1234 0.177871
1235 0.153464
1236 0.179694
1237 0.164282
1238 0.148043
1239 0.171004
1240 0.175884
1241 0.168347
1242 0.180835
1243 0.187088
1244 0.181453
1245 0.176932
1246 0.190665
1247 0.155383
1248 0.158424
1249 0.171724
1250 0.158148
1251 0.160264
1252 0.163252
1253 0.17675
1254 0.150793
1255 0.160451
1256 0.17468
1257 0.146688
1258 0.155019
1259 0.16538
1260 0.153967
1261 0.168304
1262 0.179072
1263 0.173087
1264 0.170201
1265 0.178199
1266 0.182345
1267 0.178314
1268 0.176045
1269 0.149128
1270 0.16915
1271 0.140609
1272 0.175153
1273 0.147187
1274 0.151514
1275 0.162159
1276 0.153757
1277 0.149985
1278 0.146704
1279 0.172464
1280 0.152282
1281 0.170039
1282 0.173184
1283 0.150597
1284 0.171773
1285 0.176215
1286 0.151278
1287 0.156016
1288 0.169748
1289 0.172126
1290 0.168824
1291 0.163668
1292 0.191915
1293 0.187351
1294 0.176999
1295 0.190588
1296 0.211396
1297 0.164517
1298 0.169614
1299 0.171827
1300 0.156627
1301 0.157655
1302 0.155459
1303 0.149336
1304 0.156689
1305 0.16486
1306 0.166851
1307 0.153496
1308 0.187027
1309 0.179735
1310 0.167153
1311 0.196119
1312 0.193571
1313 0.208758
1314 0.197488
1315 0.176343
1316 0.175254
1317 0.179779
1318 0.175247
1319 0.169493
1320 0.161926
1321 0.174416
1322 0.174148
1323 0.163836
1324 0.156548
1325 0.191766
1326 0.159599
1327 0.146117
1328 0.176749
1329 0.190698
1330 0.184555
1331 0.180733
1332 0.182049
1333 0.166047
1334 0.171832
1335 0.150021
1336 0.14876
1337 0.159452
1338 0.153195
1339 0.151486
1340 0.16464
1341 0.170192
1342 0.166039
1343 0.184261
1344 0.164429
1345 0.154386
1346 0.16863
1347 0.150748
1348 0.146322
1349 0.159859
1350 0.169572
1351 0.154146
1352 0.15774
1353 0.163672
1354 0.179331
1355 0.174191
1356 0.163668
1357 0.185495
1358 0.191603
1359 0.18078
1360 0.189764
1361 0.180699
1362 0.190536
1363 0.169466
1364 0.157172
1365 0.175588
1366 0.15257
1367 0.161561
1368 0.165019
1369 0.143625
1370 0.173433
1371 0.176641
1372 0.16882
1373 0.16375
1374 0.187282
1375 0.189877
1376 0.175373
1377 0.186974
1378 0.190675
1379 0.162999
1380 0.192446
1381 0.173129
1382 0.148782
1383 0.197569
1384 0.208208
1385 0.180918
1386 0.172874
1387 0.176839
1388 0.177213
1389 0.167273
1390 0.166226
1391 0.182662
1392 0.169889
1393 0.186691
1394 0.191379
1395 0.175944
1396 0.195236
1397 0.190134
1398 0.205179
1399 0.174437
1400 0.189278
1401 0.179921
1402 0.171833
1403 0.164761
1404 0.169156
1405 0.178585
1406 0.184781
1407 0.204408
1408 0.187273
1409 0.184359
1410 0.17885
1411 0.173964
1412 0.173803
1413 0.149734
1414 0.169236
1415 0.178594
1416 0.175651
1417 0.180052
1418 0.178922
1419 0.183214
1420 0.183795
1421 0.18252
1422 0.178242
1423 0.168555
1424 0.180815
1425 0.206681
1426 0.18373
1427 0.172086
1428 0.168546
1429 0.167457
1430 0.164539
1431 0.159698
1432 0.180097
1433 0.177292
1434 0.192115
1435 0.194249
1436 0.203857
1437 0.200757
1438 0.199603
1439 0.190151
1440 0.220935
1441 0.195437
1442 0.176379
1443 0.205291
1444 0.172782
1445 0.15611
1446 0.166372
1447 0.163899
1448 0.148894
1449 0.147321
1450 0.161213
1451 0.152895
1452 0.152019
1453 0.140133
1454 0.178054
1455 0.173788
1456 0.150103
1457 0.174808
1458 0.168915
1459 0.143704
1460 0.153518
1461 0.14637
1462 0.146933
1463 0.159386
1464 0.163734
1465 0.167018
1466 0.165869
1467 0.173687
1468 0.169345
1469 0.170431
1470 0.143673
1471 0.142795
1472 0.172385
1473 0.150517
1474 0.155867
1475 0.177893
1476 0.161943
1477 0.182037
1478 0.183119
1479 0.171087
1480 0.167678
1481 0.179725
1482 0.165995
1483 0.156323
1484 0.171127
1485 0.157558
1486 0.170482
1487 0.153545
1488 0.152939
1489 0.175767
1490 0.142902
1491 0.15686
1492 0.170307
1493 0.179621
1494 0.168579
1495 0.173508
1496 0.196029
1497 0.178247
1498 0.209671
1499 0.197596
1500 0.201217
1501 0.201424
1502 0.194046
1503 0.195768
1504 0.182106
1505 0.177187
1506 0.159675
1507 0.15174
1508 0.168017
1509 0.166184
1510 0.172505
1511 0.190379
1512 0.155095
1513 0.190183
1514 0.182754
1515 0.151764
1516 0.178856
1517 0.176642
1518 0.168964
1519 0.177967
1520 0.192888
1521 0.192115
1522 0.178568
1523 0.152308
1524 0.164845
1525 0.157103
1526 0.152215
1527 0.174033
1528 0.171538
1529 0.184427
1530 0.200439
1531 0.196953
1532 0.169166
1533 0.17788
1534 0.177409
1535 0.15005
1536 0.14919
1537 0.169046
1538 0.150154
1539 0.151655
1540 0.16256
1541 0.146726
1542 0.145783
1543 0.171086
1544 0.18215
1545 0.156971
1546 0.165728
1547 0.191284
1548 0.176158
1549 0.181608
1550 0.184408
1551 0.163952
1552 0.197131
1553 0.179158
1554 0.16279
1555 0.171957
1556 0.161517
1557 0.168949
1558 0.163805
1559 0.176529
1560 0.161884
1561 0.176291
1562 0.165074
1563 0.155153
1564 0.176482
1565 0.161229
1566 0.148669
1567 0.174999
1568 0.166176
1569 0.161347
1570 0.172068
1571 0.195836
1572 0.183555
1573 0.183765
1574 0.198623
1575 0.167526
1576 0.143797
1577 0.184052
1578 0.161801
1579 0.129562
1580 0.165423
1581 0.187261
1582 0.157706
1583 0.154007
1584 0.182847
1585 0.174608
1586 0.163886
1587 0.179121
1588 0.180839
1589 0.179932
1590 0.17392
1591 0.169415
1592 0.184973
1593 0.170096
1594 0.176395
1595 0.172521
1596 0.187242
1597 0.19223
1598 0.178494
1599 0.173553
1600 0.180764
1601 0.174542
1602 0.174947
1603 0.170598
1604 0.167864
1605 0.167835
1606 0.17086
1607 0.163044
1608 0.149564
1609 0.165915
1610 0.172935
1611 0.168492
1612 0.164207
1613 0.155927
1614 0.174607
1615 0.154288
1616 0.15366
1617 0.152672
1618 0.152213
1619 0.166358
1620 0.161203
1621 0.186458
1622 0.178199
1623 0.191946
1624 0.201475
1625 0.168472
1626 0.178765
1627 0.181108
1628 0.174873
1629 0.156887
1630 0.161869
1631 0.17
1632 0.159444
1633 0.161289
1634 0.15862
1635 0.164738
1636 0.164721
1637 0.187062
1638 0.165332
1639 0.157447
1640 0.169381
1641 0.149962
1642 0.176132
1643 0.177149
1644 0.160814
1645 0.203977
1646 0.18502
1647 0.190297
1648 0.199803
1649 0.185592
1650 0.175507
1651 0.178331
1652 0.197281
1653 0.182819
1654 0.1455
1655 0.177473
1656 0.169736
1657 0.140266
1658 0.165597
1659 0.167643
1660 0.1725
1661 0.18435
1662 0.191187
1663 0.169805
1664 0.165265
1665 0.175365
1666 0.148981
1667 0.146698
1668 0.169585
1669 0.164521
1670 0.178411
1671 0.169187
1672 0.184317
1673 0.192427
1674 0.155926
1675 0.171428
1676 0.170566
1677 0.175909
1678 0.161965
1679 0.177956
1680 0.185102
1681 0.191575
1682 0.192446
1683 0.1709
1684 0.188438
1685 0.177831
1686 0.162407
1687 0.169315
1688 0.171268
1689 0.171268
1690 0.153848
1691 0.1731
1692 0.171524
1693 0.158318
1694 0.153299
1695 0.175922
1696 0.164593
1697 0.142435
1698 0.178059
1699 0.162449
1700 0.146569
1701 0.147179
1702 0.144891
1703 0.15298
1704 0.157138
1705 0.174109
1706 0.186376
1707 0.155359
1708 0.1707
1709 0.194421
1710 0.173759
1711 0.165743
1712 0.180688
1713 0.174041
1714 0.179274
1715 0.183481
1716 0.200708
1717 0.193149
1718 0.16847
1719 0.194645
1720 0.167477
1721 0.159275
1722 0.167904
1723 0.174354
1724 0.175084
1725 0.169013
1726 0.182415
1727 0.207434
1728 0.16626
1729 0.160785
1730 0.191809
1731 0.159281
1732 0.162164
1733 0.177584
1734 0.152536
1735 0.170559
1736 0.163902
1737 0.159652
1738 0.171988
1739 0.155658
1740 0.174609
1741 0.170991
1742 0.167202
1743 0.200111
1744 0.201688
1745 0.205855
1746 0.182052
1747 0.171619
1748 0.182396
1749 0.145099
1750 0.162023
1751 0.166497
1752 0.160996
1753 0.167571
1754 0.179413
1755 0.163087
1756 0.146511
1757 0.160485
1758 0.169606
1759 0.146521
1760 0.163765
1761 0.195461
1762 0.16479
1763 0.151258
1764 0.166817
1765 0.171078
1766 0.173061
1767 0.159517
1768 0.164859
1769 0.184369
1770 0.157111
1771 0.152233
1772 0.180341
1773 0.150841
1774 0.14135
1775 0.170724
1776 0.161396
1777 0.150307
1778 0.168764
1779 0.173373
1780 0.18706
1781 0.155617
1782 0.172865
1783 0.179958
1784 0.15999
1785 0.159811
1786 0.163837
1787 0.170546
1788 0.179105
1789 0.164404
1790 0.174597
1791 0.181221
1792 0.193308
1793 0.166399
1794 0.188232
1795 0.19233
1796 0.172539
1797 0.158388
1798 0.178105
1799 0.184155
1800 0.156976
1801 0.183521
1802 0.184673
1803 0.173435
1804 0.177491
1805 0.195802
1806 0.185614
1807 0.186721
1808 0.202288
1809 0.203589
1810 0.178605
1811 0.16049
1812 0.169687
1813 0.170823
1814 0.14448
1815 0.174404
1816 0.161465
1817 0.149543
1818 0.176438
1819 0.164392
1820 0.153823
1821 0.163096
1822 0.162573
1823 0.185057
1824 0.150171
1825 0.16868
1826 0.185736
1827 0.180769
1828 0.201781
1829 0.205454
1830 0.169049
1831 0.166435
1832 0.171253
1833 0.171688
1834 0.147121
1835 0.145833
1836 0.191474
1837 0.17485
1838 0.138979
1839 0.151157
1840 0.190204
1841 0.172131
1842 0.1513
1843 0.165422
1844 0.187725
1845 0.170153
1846 0.170544
1847 0.189945
1848 0.172074
1849 0.183723
1850 0.201033
1851 0.16948
1852 0.21291
1853 0.203232
1854 0.185099
1855 0.215063
1856 0.197966
1857 0.18925
1858 0.207898
1859 0.185328
1860 0.199117
1861 0.179082
1862 0.182169
1863 0.191236
1864 0.169086
1865 0.161099
1866 0.184315
1867 0.171273
1868 0.184672
1869 0.170557
1870 0.186332
1871 0.193314
1872 0.179236
1873 0.154547
1874 0.16047
1875 0.171823
1876 0.152054
1877 0.143006
1878 0.156842
1879 0.147122
1880 0.165382
1881 0.186979
1882 0.163297
1883 0.181981
1884 0.206765
1885 0.187224
1886 0.166405
1887 0.216616
1888 0.172006
1889 0.146457
1890 0.186734
1891 0.177767
1892 0.172669
1893 0.180985
1894 0.175636
1895 0.168178
1896 0.170108
1897 0.155922
1898 0.142414
1899 0.148481
1900 0.193212
1901 0.148919
1902 0.145375
1903 0.178129
1904 0.180126
1905 0.153736
1906 0.168548
1907 0.170772
1908 0.151863
1909 0.163725
1910 0.155744
1911 0.161861
1912 0.185057
1913 0.179375
1914 0.178948
1915 0.168117
1916 0.204674
1917 0.183778
1918 0.147594
1919 0.182651
1920 0.162743
1921 0.146442
1922 0.153588
1923 0.167785
1924 0.145472
1925 0.168622
1926 0.160495
1927 0.15595
1928 0.169627
1929 0.183437
1930 0.16277
1931 0.1798
1932 0.175502
1933 0.155735
1934 0.178922
1935 0.167646
1936 0.147451
1937 0.146328
1938 0.177801
1939 0.172384
1940 0.154844
1941 0.180868
1942 0.180058
1943 0.167604
1944 0.172543
1945 0.147181
1946 0.189805
1947 0.16949
1948 0.164743
1949 0.182187
1950 0.162469
1951 0.1782
1952 0.183153
1953 0.186419
1954 0.17625
1955 0.169028
1956 0.172877
1957 0.185833
1958 0.173883
1959 0.17209
1960 0.164134
1961 0.17484
1962 0.18798
1963 0.193475
1964 0.162856
1965 0.182451
1966 0.173123
1967 0.177026
1968 0.186554
1969 0.18421
1970 0.184378
1971 0.220365
1972 0.201963
1973 0.216088
1974 0.198278
1975 0.189216
1976 0.18919
1977 0.176611
1978 0.190312
1979 0.167051
1980 0.15022
1981 0.148845
1982 0.182121
1983 0.164398
1984 0.152711
1985 0.164988
1986 0.180542
1987 0.184349
1988 0.186704
1989 0.181677
1990 0.179733
1991 0.185474
1992 0.155724
1993 0.167628
1994 0.185788
1995 0.162992
1996 0.184586
1997 0.197166
1998 0.181189
1999 0.174091
2000 0.167206
2001 0.161814
2002 0.164106
2003 0.154635
2004 0.147811
2005 0.15834
2006 0.142052
2007 0.166426
2008 0.163698
2009 0.15267
2010 0.169656
2011 0.174317
2012 0.168291
2013 0.18267
2014 0.189322
2015 0.173548
2016 0.177442
2017 0.172654
2018 0.175171
2019 0.166642
2020 0.182133
2021 0.165825
2022 0.163237
2023 0.193649
2024 0.173726
2025 0.180666
2026 0.189178
2027 0.177392
2028 0.187948
2029 0.165374
2030 0.179051
2031 0.176724
2032 0.165137
2033 0.178483
2034 0.1644
2035 0.167383
2036 0.180384
2037 0.191885
2038 0.168304
2039 0.157
2040 0.171494
2041 0.166877
2042 0.161521
2043 0.175408
2044 0.168673
2045 0.178294
2046 0.192954
2047 0.186088
2048 0.188458
2049 0.188637
2050 0.177606
2051 0.172472
2052 0.17252
2053 0.176763
2054 0.166639
2055 0.176663
2056 0.166695
2057 0.181386
2058 0.181088
2059 0.160299
2060 0.1781
2061 0.168578
2062 0.160103
2063 0.190105
2064 0.163803
2065 0.133915
2066 0.168966
2067 0.157379
2068 0.153364
2069 0.15855
2070 0.154429
2071 0.151555
2072 0.14216
2073 0.158051
2074 0.174137
2075 0.154586
2076 0.178181
2077 0.196623
2078 0.162694
2079 0.172243
2080 0.194487
2081 0.163594
2082 0.15751
2083 0.198233
2084 0.156538
2085 0.169417
2086 0.179059
2087 0.165617
2088 0.182763
2089 0.184155
2090 0.179585
2091 0.189996
2092 0.193567
2093 0.195652
2094 0.196956
2095 0.190687
2096 0.195535
2097 0.195193
2098 0.190965
2099 0
