0 162.152
1 0.594
2 -0.472745
3 0.193175
4 0.15337
5 0.173765
6 0.186719
7 0.190888
8 0.191845
9 0.192013
10 0.193917
11 0.193324
12 0.194211
13 0.195424
14 0.194966
15 0.196137
16 0.193596
17 0.192995
18 0.194297
19 0.194285
20 0.193168
21 0.193605
22 0.192773
23 0.191857
24 0.191973
25 0.191569
26 0.194525
27 0.194084
28 0.193529
29 0.192546
30 0.196285
31 0.193901
32 0.194938
33 0.193153
34 0.195812
35 0.193424
36 0.192987
37 0.191942
38 0.194289
39 0.192539
40 0.192624
41 0.19229
42 0.191772
43 0.192688
44 0.192588
45 0.192135
46 0.195583
47 0.19546
48 0.193849
49 0.194004
50 0.192716
51 0.193028
52 0.19253
53 0.1943
54 0.193696
55 0.194697
56 0.194878
57 0.196404
58 0.197147
59 0.19724
60 0.197246
61 0.194584
62 0.192979
63 0.193502
64 0.192546
65 0.193416
66 0.192461
67 0.192346
68 0.193199
69 0.1928
70 0.193017
71 0.194819
72 0.195912
73 0.196577
74 0.193866
75 0.195292
76 0.194301
77 0.193513
78 0.193054
79 0.193436
80 0.192995
81 0.192596
82 0.191906
83 0.192761
84 0.192433
85 0.194526
86 0.192403
87 0.191881
88 0.193121
89 0.196326
90 0.196821
91 0.193798
92 0.194417
93 0.196898
94 0.19698
95 0.194301
96 0.192842
97 0.194764
98 0.192434
99 0.19145
100 0.191698
101 0.192234
102 0.194737
103 0.196198
104 0.194171
105 0.196273
106 0.195703
107 0.19443
108 0.194864
109 0.197628
110 0.197955
111 0.196632
112 0.194064
113 0.192797
114 0.192871
115 0.19229
116 0.192018
117 0.191464
118 0.192145
119 0.193463
120 0.193003
121 0.193567
122 0.192456
123 0.191713
124 0.19351
125 0.193415
126 0.192319
127 0.192095
128 0.193846
129 0.192869
130 0.192771
131 0.192933
132 0.196914
133 0.195962
134 0.197197
135 0.195344
136 0.193974
137 0.192402
138 0.191805
139 0.191882
140 0.192168
141 0.195027
142 0.193338
143 0.192174
144 0.192904
145 0.194793
146 0.193147
147 0.195072
148 0.194741
149 0.195957
150 0.194796
151 0.194553
152 0.194864
153 0.197561
154 0.194741
155 0.193151
156 0.19575
157 0.193178
158 0.192012
159 0.192276
160 0.192112
161 0.191573
162 0.196437
163 0.195672
164 0.193454
165 0.19268
166 0.195724
167 0.193466
168 0.192829
169 0.192366
170 0.192119
171 0.195331
172 0.192812
173 0.192162
174 0.193607
175 0.192644
176 0.192526
177 0.191951
178 0.19379
179 0.19231
180 0.193039
181 0.196856
182 0.196686
183 0.194481
184 0.19305
185 0.191982
186 0.191533
187 0.192123
188 0.19208
189 0.191884
190 0.192736
191 0.194095
192 0.193869
193 0.192921
194 0.194024
195 0.192578
196 0.192714
197 0.191952
198 0.191866
199 0.191715
200 0.193732
201 0.193068
202 0.192531
203 0.192034
204 0.192073
205 0.192548
206 0.191602
207 0.193485
208 0.194773
209 0.193157
210 0.192359
211 0.191716
212 0.192281
213 0.191986
214 0.195345
215 0.193303
216 0.19278
217 0.193241
218 0.194675
219 0.193933
220 0.193548
221 0.192254
222 0.192579
223 0.194591
224 0.192757
225 0.194527
226 0.195538
227 0.193721
228 0.193476
229 0.192512
230 0.191978
231 0.194136
232 0.193378
233 0.193599
234 0.196114
235 0.19413
236 0.194745
237 0.19359
238 0.19334
239 0.192736
240 0.191777
241 0.193926
242 0.192289
243 0.192806
244 0.191858
245 0.192008
246 0.192192
247 0.191593
248 0.192206
249 0.193167
250 0.196614
251 0.198108
252 0.19478
253 0.192824
254 0.194711
255 0.194768
256 0.196534
257 0.195114
258 0.193383
259 0.193226
260 0.196036
261 0.196352
262 0.195833
263 0.19323
264 0.194317
265 0.196172
266 0.194761
267 0.195078
268 0.197191
269 0.197997
270 0.195918
271 0.194178
272 0.192635
273 0.192369
274 0.192662
275 0.194693
276 0.194914
277 0.196253
278 0.193624
279 0.194833
280 0.192966
281 0.192804
282 0.195953
283 0.193167
284 0.192168
285 0.192061
286 0.192097
287 0.192044
288 0.195245
289 0.19248
290 0.194507
291 0.193376
292 0.1953
293 0.19452
294 0.195724
295 0.194188
296 0.193452
297 0.192597
298 0.192085
299 0.191815
300 0.195004
301 0.19737
302 0.194762
303 0.192967
304 0.192317
305 0.194548
306 0.192416
307 0.194053
308 0.196441
309 0.193659
310 0.194836
311 0.196135
312 0.194848
313 0.193297
314 0.19277
315 0.192516
316 0.19252
317 0.192861
318 0.193611
319 0.194931
320 0.195541
321 0.197365
322 0.196255
323 0.197943
324 0.196298
325 0.193732
326 0.194642
327 0.195301
328 0.194681
329 0.197695
330 0.197371
331 0.195571
332 0.195676
333 0.198988
334 0.195304
335 0.194811
336 0.192875
337 0.193052
338 0.191969
339 0.193917
340 0.192167
341 0.194171
342 0.19678
343 0.193756
344 0.195332
345 0.193741
346 0.193011
347 0.192008
348 0.191879
349 0.19578
350 0.193725
351 0.193434
352 0.192816
353 0.192782
354 0.191975
355 0.191633
356 0.19371
357 0.192184
358 0.192394
359 0.193437
360 0.192945
361 0.192084
362 0.193844
363 0.192705
364 0.196104
365 0.195041
366 0.19616
367 0.194319
368 0.194423
369 0.193338
370 0.192366
371 0.192664
372 0.191567
373 0.191971
374 0.191288
375 0.191351
376 0.191472
377 0.192476
378 0.192983
379 0.192286
380 0.193475
381 0.192565
382 0.191974
383 0.192049
384 0.192167
385 0.192853
386 0.191832
387 0.191813
388 0.19345
389 0.194912
390 0.193254
391 0.196582
392 0.196813
393 0.196665
394 0.19465
395 0.193326
396 0.192386
397 0.193074
398 0.192107
399 0.192867
400 0.191923
401 0.194021
402 0.195634
403 0.196793
404 0.197301
405 0.196245
406 0.195728
407 0.197599
408 0.194793
409 0.195863
410 0.198382
411 0.199049
412 0.197168
413 0.194558
414 0.192924
415 0.195136
416 0.195152
417 0.194876
418 0.193525
419 0.193129
420 0.193733
421 0.193167
422 0.191945
423 0.196626
424 0.193682
425 0.193431
426 0.192106
427 0.192192
428 0.191789
429 0.191966
430 0.192356
431 0.194498
432 0.195469
433 0.197479
434 0.194997
435 0.194081
436 0.192855
437 0.191779
438 0.193801
439 0.192465
440 0.196603
441 0.195967
442 0.194911
443 0.193169
444 0.192528
445 0.191948
446 0.191223
447 0.191645
448 0.194891
449 0.193028
450 0.191668
451 0.193537
452 0.19221
453 0.191689
454 0.192251
455 0.195004
456 0.193226
457 0.192613
458 0.195722
459 0.193708
460 0.193093
461 0.192618
462 0.19212
463 0.192556
464 0.195379
465 0.197141
466 0.19482
467 0.192853
468 0.195583
469 0.193416
470 0.196019
471 0.194954
472 0.193203
473 0.193261
474 0.192707
475 0.195486
476 0.192611
477 0.192193
478 0.191835
479 0.194022
480 0.193679
481 0.194573
482 0.194624
483 0.1933
484 0.192637
485 0.195311
486 0.1941
487 0.193361
488 0.193252
489 0.193104
490 0.194104
491 0.196627
492 0.197828
493 0.194956
494 0.193108
495 0.196203
496 0.195786
497 0.195809
498 0.193704
499 0.193254
500 0.192303
501 0.192343
502 0.191807
503 0.19564
504 0.193183
505 0.193628
506 0.192588
507 0.19601
508 0.193057
509 0.192539
510 0.191922
511 0.192498
512 0.191787
513 0.195255
514 0.19402
515 0.195016
516 0.195925
517 0.194842
518 0.194901
519 0.193716
520 0.193185
521 0.192612
522 0.192431
523 0.191788
524 0.194561
525 0.195804
526 0.196284
527 0.193854
528 0.192831
529 0.191867
530 0.19243
531 0.191669
532 0.191483
533 0.193312
534 0.193266
535 0.192791
536 0.193785
537 0.196833
538 0.194278
539 0.195681
540 0.193594
541 0.19528
542 0.193389
543 0.192261
544 0.194708
545 0.19279
546 0.192219
547 0.191558
548 0.192105
549 0.195825
550 0.193335
551 0.192533
552 0.19252
553 0.196387
554 0.19327
555 0.191986
556 0.192801
557 0.191863
558 0.192785
559 0.192208
560 0.194504
561 0.193004
562 0.194908
563 0.19823
564 0.194568
565 0.195484
566 0.193314
567 0.194701
568 0.194191
569 0.19672
570 0.194218
571 0.192619
572 0.193943
573 0.193377
574 0.19614
575 0.194419
576 0.196631
577 0.196341
578 0.198009
579 0.19481
580 0.192954
581 0.192867
582 0.193379
583 0.193057
584 0.195459
585 0.193839
586 0.193011
587 0.193278
588 0.19436
589 0.195856
590 0.193889
591 0.192642
592 0.192932
593 0.192146
594 0.19292
595 0.192001
596 0.192422
597 0.191692
598 0.191331
599 0.193573
600 0.192806
601 0.193136
602 0.193614
603 0.192811
604 0.192538
605 0.1923
606 0.191896
607 0.195218
608 0.192748
609 0.193328
610 0.192744
611 0.191716
612 0.19267
613 0.194384
614 0.194243
615 0.193202
616 0.192261
617 0.193096
618 0.191952
619 0.191494
620 0.191352
621 0.193159
622 0.193206
623 0.193878
624 0.192408
625 0.194074
626 0.192482
627 0.192009
628 0.193188
629 0.192965
630 0.194913
631 0.194714
632 0.19338
633 0.193174
634 0.193099
635 0.192226
636 0.191677
637 0.192521
638 0.191587
639 0.191547
640 0.191309
641 0.191151
642 0.192247
643 0.192337
644 0.192126
645 0.192216
646 0.193621
647 0.1922
648 0.192119
649 0.191685
650 0.193287
651 0.192425
652 0.194551
653 0.194786
654 0.194735
655 0.193004
656 0.197274
657 0.196691
658 0.19447
659 0.192667
660 0.192309
661 0.193546
662 0.192274
663 0.191938
664 0.192433
665 0.194216
666 0.192548
667 0.192408
668 0.194496
669 0.192925
670 0.195421
671 0.193836
672 0.19299
673 0.193279
674 0.195937
675 0.193659
676 0.193177
677 0.195655
678 0.195841
679 0.195563
680 0.19314
681 0.194373
682 0.193393
683 0.193055
684 0.193088
685 0.193735
686 0.193356
687 0.195203
688 0.197669
689 0.19637
690 0.194398
691 0.19377
692 0.194221
693 0.194283
694 0.193005
695 0.194509
696 0.194631
697 0.194039
698 0.195612
699 0.193859
700 0.194194
701 0.193457
702 0.193198
703 0.19249
704 0.192152
705 0.196138
706 0.193558
707 0.192357
708 0.192352
709 0.19229
710 0.192445
711 0.192132
712 0.193173
713 0.193731
714 0.193039
715 0.191789
716 0.191571
717 0.191658
718 0.192664
719 0.194154
720 0.193255
721 0.192553
722 0.191782
723 0.194474
724 0.193375
725 0.192966
726 0.192019
727 0.191787
728 0.193788
729 0.193509
730 0.195719
731 0.193633
732 0.19323
733 0.192695
734 0.194724
735 0.193293
736 0.194354
737 0.194226
738 0.195768
739 0.193947
740 0.192177
741 0.193964
742 0.193087
743 0.192341
744 0.191698
745 0.192042
746 0.194243
747 0.193593
748 0.195153
749 0.193617
750 0.195201
751 0.195893
752 0.196566
753 0.194493
754 0.192582
755 0.194411
756 0.196026
757 0.194522
758 0.195411
759 0.198289
760 0.197403
761 0.194714
762 0.19751
763 0.19617
764 0.195366
765 0.193426
766 0.192319
767 0.19234
768 0.193804
769 0.194915
770 0.197773
771 0.19503
772 0.193314
773 0.195342
774 0.196119
775 0.193786
776 0.192324
777 0.194381
778 0.192198
779 0.19244
780 0.195704
781 0.195655
782 0.194183
783 0.192925
784 0.194957
785 0.196079
786 0.194312
787 0.195719
788 0.193334
789 0.196292
790 0.194078
791 0.193022
792 0.19262
793 0.192742
794 0.192282
795 0.191934
796 0.191878
797 0.193037
798 0.196519
799 0.196629
800 0.194209
801 0.192593
802 0.193259
803 0.197228
804 0.194159
805 0.196428
806 0.193955
807 0.192336
808 0.194302
809 0.192268
810 0.192244
811 0.192485
812 0.193533
813 0.192641
814 0.193505
815 0.192431
816 0.192461
817 0.192734
818 0.194133
819 0.19635
820 0.194079
821 0.193826
822 0.196734
823 0.195944
824 0.193591
825 0.195409
826 0.19475
827 0.193234
828 0.193498
829 0.191958
830 0.192112
831 0.195109
832 0.193057
833 0.192148
834 0.19231
835 0.191315
836 0.191685
837 0.195278
838 0.194445
839 0.193121
840 0.193328
841 0.192747
842 0.195202
843 0.195174
844 0.1957
845 0.193721
846 0.192346
847 0.192821
848 0.192658
849 0.195152
850 0.193065
851 0.194702
852 0.192997
853 0.193007
854 0.192148
855 0.19324
856 0.194185
857 0.195005
858 0.193687
859 0.19726
860 0.193967
861 0.193261
862 0.193075
863 0.192171
864 0.196596
865 0.195341
866 0.197686
867 0.194728
868 0.192909
869 0.195839
870 0.192868
871 0.192828
872 0.191988
873 0.194201
874 0.192558
875 0.192228
876 0.192338
877 0.19485
878 0.193342
879 0.192869
880 0.193541
881 0.196842
882 0.198424
883 0.194777
884 0.194236
885 0.193147
886 0.19605
887 0.193133
888 0.192422
889 0.192268
890 0.194763
891 0.192284
892 0.193761
893 0.192942
894 0.19174
895 0.196523
896 0.195763
897 0.194018
898 0.192889
899 0.192067
900 0.19211
901 0.194271
902 0.195969
903 0.193475
904 0.194839
905 0.19767
906 0.199266
907 0.194932
908 0.192838
909 0.194667
910 0.194147
911 0.194008
912 0.196842
913 0.193967
914 0.192893
915 0.19342
916 0.192701
917 0.192664
918 0.194466
919 0.194326
920 0.194455
921 0.193201
922 0.19298
923 0.196313
924 0.193305
925 0.19239
926 0.192051
927 0.194756
928 0.192852
929 0.194813
930 0.19503
931 0.193345
932 0.194691
933 0.193046
934 0.192211
935 0.193185
936 0.193366
937 0.193286
938 0.195314
939 0.193683
940 0.192896
941 0.194561
942 0.19269
943 0.194991
944 0.194396
945 0.194328
946 0.194269
947 0.196709
948 0.197754
949 0.197913
950 0.195172
951 0.193264
952 0.19369
953 0.195305
954 0.193896
955 0.192485
956 0.195332
957 0.192915
958 0.19294
959 0.193324
960 0.194819
961 0.192962
962 0.192721
963 0.194638
964 0.193018
965 0.194901
966 0.196874
967 0.194553
968 0.193438
969 0.19254
970 0.192133
971 0.19198
972 0.192203
973 0.19415
974 0.192769
975 0.193287
976 0.196409
977 0.193558
978 0.196706
979 0.195566
980 0.194037
981 0.196765
982 0.194101
983 0.193209
984 0.192157
985 0.194413
986 0.193301
987 0.193699
988 0.19531
989 0.198032
990 0.198589
991 0.195092
992 0.19241
993 0.196021
994 0.19462
995 0.19317
996 0.192477
997 0.194598
998 0.193131
999 0.193149
1000 0.192994
1001 0.192596
1002 0.192052
1003 0.191859
1004 0.191563
1005 0.191354
1006 0.191454
1007 0.192607
1008 0.191961
1009 0.192863
1010 0.193819
1011 0.194545
1012 0.19653
1013 0.19721
1014 0.196196
1015 0.194256
1016 0.193033
1017 0.192897
1018 0.192831
1019 0.193498
1020 0.192979
1021 0.192141
1022 0.194965
1023 0.195066
1024 0.195243
1025 0.19528
1026 0.193226
1027 0.197124
1028 0.193095
1029 0.192104
1030 0.191894
1031 0.193894
1032 0.192539
1033 0.196499
1034 0.196019
1035 0.198
1036 0.197319
1037 0.195221
1038 0.194729
1039 0.193116
1040 0.192553
1041 0.194688
1042 0.192695
1043 0.194485
1044 0.192567
1045 0.196819
1046 0.196302
1047 0.194524
1048 0.193105
1049 0.192713
1050 0.191681
1051 0.191952
1052 0.194266
1053 0.192419
1054 0.191986
1055 0.191796
1056 0.192808
1057 0.195181
1058 0.195352
1059 0.193737
1060 0.193725
1061 0.193692
1062 0.196225
1063 0.195029
1064 0.194478
1065 0.195871
1066 0.19371
1067 0.196137
1068 0.196351
1069 0.193548
1070 0.194727
1071 0.193393
1072 0.19231
1073 0.191713
1074 0.19204
1075 0.192025
1076 0.191528
1077 0.194472
1078 0.194701
1079 0.194434
1080 0.193444
1081 0.191994
1082 0.192343
1083 0.191891
1084 0.194921
1085 0.195704
1086 0.196068
1087 0.198095
1088 0.196664
1089 0.195452
1090 0.195211
1091 0.1938
1092 0.192525
1093 0.195136
1094 0.19598
1095 0.194048
1096 0.192525
1097 0.195079
1098 0.194459
1099 0.193129
1100 0.192725
1101 0.191862
1102 0.1926
1103 0.192005
1104 0.191612
1105 0.191404
1106 0.193249
1107 0.196201
1108 0.195896
1109 0.198304
1110 0.196705
1111 0.19398
1112 0.192551
1113 0.192783
1114 0.192471
1115 0.192193
1116 0.192243
1117 0.192127
1118 0.191726
1119 0.194258
1120 0.192402
1121 0.192758
1122 0.191688
1123 0.193695
1124 0.19395
1125 0.192709
1126 0.195422
1127 0.195676
1128 0.196534
1129 0.194394
1130 0.193812
1131 0.196159
1132 0.193726
1133 0.196547
1134 0.193244
1135 0.191967
1136 0.196654
1137 0.195173
1138 0.193645
1139 0.192586
1140 0.192215
1141 0.195995
1142 0.194009
1143 0.195487
1144 0.19349
1145 0.193094
1146 0.19204
1147 0.194161
1148 0.192411
1149 0.192079
1150 0.19245
1151 0.191186
1152 0.191427
1153 0.193534
1154 0.193984
1155 0.195932
1156 0.193803
1157 0.193186
1158 0.192154
1159 0.194659
1160 0.193064
1161 0.192431
1162 0.196888
1163 0.193639
1164 0.195177
1165 0.196122
1166 0.197243
1167 0.19467
1168 0.197853
1169 0.194968
1170 0.193728
1171 0.192588
1172 0.192678
1173 0.193329
1174 0.192338
1175 0.191807
1176 0.194082
1177 0.196516
1178 0.194412
1179 0.193518
1180 0.192092
1181 0.191398
1182 0.192379
1183 0.195214
1184 0.193182
1185 0.193622
1186 0.195437
1187 0.193653
1188 0.192705
1189 0.192173
1190 0.19276
1191 0.192086
1192 0.193437
1193 0.196985
1194 0.194237
1195 0.192614
1196 0.193205
1197 0.19213
1198 0.192079
1199 0.191599
1200 0.19193
1201 0.194046
1202 0.195925
1203 0.194183
1204 0.193455
1205 0.194065
1206 0.196424
1207 0.196057
1208 0.194607
1209 0.192579
1210 0.1924
1211 0.19211
1212 0.1913
1213 0.191779
1214 0.192968
1215 0.193594
1216 0.194749
1217 0.194079
1218 0.193487
1219 0.195883
1220 0.195898
1221 0.194077
1222 0.192449
1223 0.197115
1224 0.193612
1225 0.193622
1226 0.193542
1227 0.19396
1228 0.19623
1229 0.194
1230 0.194384
1231 0.194482
1232 0.193038
1233 0.196004
1234 0.193341
1235 0.192044
1236 0.193636
1237 0.192749
1238 0.191984
1239 0.192519
1240 0.196207
1241 0.195504
1242 0.196567
1243 0.196014
1244 0.193664
1245 0.193003
1246 0.195841
1247 0.193453
1248 0.193217
1249 0.192197
1250 0.192542
1251 0.191689
1252 0.194013
1253 0.192802
1254 0.192308
1255 0.191375
1256 0.191831
1257 0.191165
1258 0.191961
1259 0.194114
1260 0.192917
1261 0.192788
1262 0.192174
1263 0.194241
1264 0.193486
1265 0.196425
1266 0.193554
1267 0.194955
1268 0.193325
1269 0.192395
1270 0.191579
1271 0.191572
1272 0.194552
1273 0.191731
1274 0.191508
1275 0.19145
1276 0.191624
1277 0.191128
1278 0.191408
1279 0.19223
1280 0.191471
1281 0.193855
1282 0.192303
1283 0.191771
1284 0.192357
1285 0.192386
1286 0.192144
1287 0.191816
1288 0.192065
1289 0.19426
1290 0.194607
1291 0.193669
1292 0.196115
1293 0.195828
1294 0.193962
1295 0.193631
1296 0.196416
1297 0.193931
1298 0.193568
1299 0.192414
1300 0.191724
1301 0.191935
1302 0.192137
1303 0.192453
1304 0.192535
1305 0.192859
1306 0.191966
1307 0.191721
1308 0.196096
1309 0.196774
1310 0.195566
1311 0.196729
1312 0.194886
1313 0.196137
1314 0.195311
1315 0.193137
1316 0.192871
1317 0.1917
1318 0.193351
1319 0.194809
1320 0.193376
1321 0.192519
1322 0.194384
1323 0.192891
1324 0.192243
1325 0.196157
1326 0.193272
1327 0.192565
1328 0.192053
1329 0.195814
1330 0.194387
1331 0.19566
1332 0.193536
1333 0.192639
1334 0.19265
1335 0.192285
1336 0.192844
1337 0.191553
1338 0.191962
1339 0.191737
1340 0.192535
1341 0.192908
1342 0.193246
1343 0.193465
1344 0.193191
1345 0.192256
1346 0.192827
1347 0.191966
1348 0.191666
1349 0.191548
1350 0.192315
1351 0.192287
1352 0.192791
1353 0.192327
1354 0.193489
1355 0.195302
1356 0.193683
1357 0.193791
1358 0.193826
1359 0.194631
1360 0.195353
1361 0.194535
1362 0.196726
1363 0.194032
1364 0.192525
1365 0.193288
1366 0.192335
1367 0.192251
1368 0.192278
1369 0.191811
1370 0.194952
1371 0.194536
1372 0.19383
1373 0.192885
1374 0.193212
1375 0.196434
1376 0.194463
1377 0.195322
1378 0.193864
1379 0.192541
1380 0.196784
1381 0.195431
1382 0.193346
1383 0.196158
1384 0.197472
1385 0.195287
1386 0.193818
1387 0.192676
1388 0.193301
1389 0.192251
1390 0.196526
1391 0.195159
1392 0.193314
1393 0.193497
1394 0.193592
1395 0.196774
1396 0.196987
1397 0.195102
1398 0.198124
1399 0.194928
1400 0.193797
1401 0.192765
1402 0.192478
1403 0.192541
1404 0.19578
1405 0.195496
1406 0.195231
1407 0.194877
1408 0.193728
1409 0.193788
1410 0.192371
1411 0.194233
1412 0.193621
1413 0.192515
1414 0.192599
1415 0.192918
1416 0.195896
1417 0.19521
1418 0.194577
1419 0.19317
1420 0.193427
1421 0.193083
1422 0.197417
1423 0.194385
1424 0.19597
1425 0.195506
1426 0.194011
1427 0.192892
1428 0.192023
1429 0.192521
1430 0.191572
1431 0.193984
1432 0.194388
1433 0.194461
1434 0.194536
1435 0.194583
1436 0.19512
1437 0.198192
1438 0.198962
1439 0.19708
1440 0.198576
1441 0.19517
1442 0.193088
1443 0.195796
1444 0.193313
1445 0.192367
1446 0.191975
1447 0.192465
1448 0.191897
1449 0.191639
1450 0.191108
1451 0.191882
1452 0.191828
1453 0.191927
1454 0.195507
1455 0.19358
1456 0.192465
1457 0.192303
1458 0.191802
1459 0.191353
1460 0.190983
1461 0.191638
1462 0.19137
1463 0.193878
1464 0.194531
1465 0.193615
1466 0.192412
1467 0.191364
1468 0.19179
1469 0.192019
1470 0.191735
1471 0.191848
1472 0.191788
1473 0.191746
1474 0.192402
1475 0.193361
1476 0.192108
1477 0.19379
1478 0.192888
1479 0.193315
1480 0.192632
1481 0.19256
1482 0.191907
1483 0.191855
1484 0.191733
1485 0.191812
1486 0.192384
1487 0.192571
1488 0.191953
1489 0.194542
1490 0.192694
1491 0.19237
1492 0.191911
1493 0.195032
1494 0.193276
1495 0.196669
1496 0.195677
1497 0.193474
1498 0.196945
1499 0.19481
1500 0.196899
1501 0.195562
1502 0.196081
1503 0.194704
1504 0.193238
1505 0.193622
1506 0.192343
1507 0.192112
1508 0.192685
1509 0.192273
1510 0.194354
1511 0.197604
1512 0.194489
1513 0.196332
1514 0.193131
1515 0.191961
1516 0.192847
1517 0.196309
1518 0.195785
1519 0.195927
1520 0.194343
1521 0.194121
1522 0.192971
1523 0.192572
1524 0.191736
1525 0.19132
1526 0.192869
1527 0.1944
1528 0.194148
1529 0.194374
1530 0.195067
1531 0.194474
1532 0.193012
1533 0.192186
1534 0.19384
1535 0.192455
1536 0.191912
1537 0.19147
1538 0.191493
1539 0.191405
1540 0.192276
1541 0.191795
1542 0.191413
1543 0.19333
1544 0.194731
1545 0.193574
1546 0.192518
1547 0.196859
1548 0.194019
1549 0.197019
1550 0.194637
1551 0.193198
1552 0.193875
1553 0.19236
1554 0.192836
1555 0.193461
1556 0.192904
1557 0.193079
1558 0.192406
1559 0.192485
1560 0.192524
1561 0.195554
1562 0.19345
1563 0.192153
1564 0.192568
1565 0.192506
1566 0.192194
1567 0.193355
1568 0.19445
1569 0.192774
1570 0.194641
1571 0.196278
1572 0.195888
1573 0.193555
1574 0.194325
1575 0.192928
1576 0.192476
1577 0.193125
1578 0.191861
1579 0.192247
1580 0.192892
1581 0.194785
1582 0.193156
1583 0.192497
1584 0.193323
1585 0.193136
1586 0.193076
1587 0.193575
1588 0.194641
1589 0.195133
1590 0.193597
1591 0.192298
1592 0.19255
1593 0.194622
1594 0.195982
1595 0.193668
1596 0.194448
1597 0.1941
1598 0.193275
1599 0.192738
1600 0.193933
1601 0.193722
1602 0.194209
1603 0.193007
1604 0.192242
1605 0.191679
1606 0.193821
1607 0.192513
1608 0.192499
1609 0.191669
1610 0.193797
1611 0.19441
1612 0.19308
1613 0.192432
1614 0.191539
1615 0.191256
1616 0.191675
1617 0.190812
1618 0.193002
1619 0.193614
1620 0.193358
1621 0.196759
1622 0.19433
1623 0.196413
1624 0.195527
1625 0.193555
1626 0.193069
1627 0.192684
1628 0.193557
1629 0.192343
1630 0.191518
1631 0.191917
1632 0.191178
1633 0.192997
1634 0.192552
1635 0.192161
1636 0.192527
1637 0.195753
1638 0.193328
1639 0.19225
1640 0.192439
1641 0.192223
1642 0.195343
1643 0.193499
1644 0.193465
1645 0.196253
1646 0.195835
1647 0.193817
1648 0.195086
1649 0.194661
1650 0.193627
1651 0.192162
1652 0.196182
1653 0.194196
1654 0.192971
1655 0.191863
1656 0.191355
1657 0.191763
1658 0.192509
1659 0.193824
1660 0.19403
1661 0.194391
1662 0.19385
1663 0.193265
1664 0.191976
1665 0.191786
1666 0.191334
1667 0.191728
1668 0.191788
1669 0.193459
1670 0.195106
1671 0.193489
1672 0.195082
1673 0.194913
1674 0.193271
1675 0.191702
1676 0.192612
1677 0.195645
1678 0.193921
1679 0.194266
1680 0.192644
1681 0.196682
1682 0.195125
1683 0.193689
1684 0.195256
1685 0.193092
1686 0.192638
1687 0.19191
1688 0.194666
1689 0.195058
1690 0.19321
1691 0.192563
1692 0.191937
1693 0.192337
1694 0.192138
1695 0.195284
1696 0.19293
1697 0.192474
1698 0.19177
1699 0.190901
1700 0.191627
1701 0.191383
1702 0.190855
1703 0.191829
1704 0.191682
1705 0.194054
1706 0.196642
1707 0.193956
1708 0.193038
1709 0.19396
1710 0.19263
1711 0.192248
1712 0.193721
1713 0.194003
1714 0.196381
1715 0.195623
1716 0.197496
1717 0.19468
1718 0.193186
1719 0.192981
1720 0.191942
1721 0.192236
1722 0.192886
1723 0.195948
1724 0.195841
1725 0.194039
1726 0.193287
1727 0.196161
1728 0.193412
1729 0.193119
1730 0.193721
1731 0.19268
1732 0.193053
1733 0.192646
1734 0.192103
1735 0.1958
1736 0.193321
1737 0.193026
1738 0.19227
1739 0.191996
1740 0.195026
1741 0.196227
1742 0.197084
1743 0.197442
1744 0.195138
1745 0.196454
1746 0.194297
1747 0.19205
1748 0.191853
1749 0.191871
1750 0.194733
1751 0.195081
1752 0.194007
1753 0.193044
1754 0.192315
1755 0.19155
1756 0.191918
1757 0.193275
1758 0.193549
1759 0.192237
1760 0.192048
1761 0.194339
1762 0.193253
1763 0.192322
1764 0.191854
1765 0.193825
1766 0.194195
1767 0.193197
1768 0.19293
1769 0.192456
1770 0.192184
1771 0.191824
1772 0.194384
1773 0.192052
1774 0.191588
1775 0.192413
1776 0.191381
1777 0.191503
1778 0.191967
1779 0.193848
1780 0.196943
1781 0.194249
1782 0.193207
1783 0.191784
1784 0.19217
1785 0.192229
1786 0.192523
1787 0.193366
1788 0.193174
1789 0.193028
1790 0.193128
1791 0.195158
1792 0.196927
1793 0.194327
1794 0.193242
1795 0.193741
1796 0.193528
1797 0.192762
1798 0.193772
1799 0.193199
1800 0.192357
1801 0.192882
1802 0.194827
1803 0.192951
1804 0.194758
1805 0.196725
1806 0.196252
1807 0.194271
1808 0.194678
1809 0.195532
1810 0.193838
1811 0.192737
1812 0.191677
1813 0.192177
1814 0.191584
1815 0.194377
1816 0.192393
1817 0.191575
1818 0.194026
1819 0.193124
1820 0.192884
1821 0.192291
1822 0.191883
1823 0.193833
1824 0.192447
1825 0.195792
1826 0.196168
1827 0.195782
1828 0.195542
1829 0.19497
1830 0.193477
1831 0.192129
1832 0.192374
1833 0.194489
1834 0.193174
1835 0.192355
1836 0.194425
1837 0.194593
1838 0.193483
1839 0.192109
1840 0.193234
1841 0.19584
1842 0.193296
1843 0.194201
1844 0.192501
1845 0.194386
1846 0.193001
1847 0.195925
1848 0.194045
1849 0.195646
1850 0.194998
1851 0.193555
1852 0.196007
1853 0.197968
1854 0.195969
1855 0.198216
1856 0.194978
1857 0.194884
1858 0.194637
1859 0.195852
1860 0.195174
1861 0.193792
1862 0.192172
1863 0.193993
1864 0.192276
1865 0.193978
1866 0.194412
1867 0.194958
1868 0.196734
1869 0.194473
1870 0.193926
1871 0.194929
1872 0.1938
1873 0.19282
1874 0.19232
1875 0.191329
1876 0.191125
1877 0.191931
1878 0.192967
1879 0.192749
1880 0.192828
1881 0.19377
1882 0.192635
1883 0.195518
1884 0.196535
1885 0.195461
1886 0.193513
1887 0.1965
1888 0.193241
1889 0.191896
1890 0.196366
1891 0.19513
1892 0.194177
1893 0.193206
1894 0.192328
1895 0.191689
1896 0.193286
1897 0.192441
1898 0.191697
1899 0.191807
1900 0.195161
1901 0.192351
1902 0.191504
1903 0.193515
1904 0.193834
1905 0.192366
1906 0.19153
1907 0.192144
1908 0.191983
1909 0.192313
1910 0.191535
1911 0.191814
1912 0.193879
1913 0.19718
1914 0.197815
1915 0.194342
1916 0.196334
1917 0.19339
1918 0.192253
1919 0.192326
1920 0.194119
1921 0.192613
1922 0.192003
1923 0.192045
1924 0.19187
1925 0.19248
1926 0.193796
1927 0.192227
1928 0.194289
1929 0.194815
1930 0.193852
1931 0.195389
1932 0.193415
1933 0.192671
1934 0.192834
1935 0.192583
1936 0.191927
1937 0.191814
1938 0.195415
1939 0.194158
1940 0.192952
1941 0.194838
1942 0.192799
1943 0.196716
1944 0.193294
1945 0.19235
1946 0.195722
1947 0.193148
1948 0.192853
1949 0.193414
1950 0.192636
1951 0.192977
1952 0.193633
1953 0.196944
1954 0.196394
1955 0.194011
1956 0.192355
1957 0.192445
1958 0.193337
1959 0.19352
1960 0.194076
1961 0.19257
1962 0.193751
1963 0.194896
1964 0.193435
1965 0.192885
1966 0.192897
1967 0.193089
1968 0.196532
1969 0.198088
1970 0.196506
1971 0.197435
1972 0.195892
1973 0.197492
1974 0.19444
1975 0.195324
1976 0.193387
1977 0.192516
1978 0.194421
1979 0.193137
1980 0.192031
1981 0.192205
1982 0.195552
1983 0.193546
1984 0.193134
1985 0.192544
1986 0.196097
1987 0.196305
1988 0.197565
1989 0.194471
1990 0.192776
1991 0.192364
1992 0.191844
1993 0.19487
1994 0.196148
1995 0.194135
1996 0.194098
1997 0.193477
1998 0.193596
1999 0.194506
2000 0.193126
2001 0.192503
2002 0.191705
2003 0.191073
2004 0.19086
2005 0.191959
2006 0.191722
2007 0.192818
2008 0.191827
2009 0.191438
2010 0.193667
2011 0.195545
2012 0.193782
2013 0.194637
2014 0.194121
2015 0.192692
2016 0.194249
2017 0.193033
2018 0.193282
2019 0.192298
2020 0.195521
2021 0.193616
2022 0.193231
2023 0.195377
2024 0.193994
2025 0.193486
2026 0.192676
2027 0.194787
2028 0.195041
2029 0.193757
2030 0.193462
2031 0.192002
2032 0.191996
2033 0.19254
2034 0.194363
2035 0.195237
2036 0.193739
2037 0.193769
2038 0.192997
2039 0.191765
2040 0.192043
2041 0.192524
2042 0.193289
2043 0.194581
2044 0.193071
2045 0.194487
2046 0.193635
2047 0.19663
2048 0.194762
2049 0.195241
2050 0.193104
2051 0.191907
2052 0.192044
2053 0.193725
2054 0.19508
2055 0.194
2056 0.19275
2057 0.193858
2058 0.192256
2059 0.1937
2060 0.1961
2061 0.193876
2062 0.192595
2063 0.194078
2064 0.192312
2065 0.19165
2066 0.19182
2067 0.191374
2068 0.192315
2069 0.192126
2070 0.191411
2071 0.191711
2072 0.192251
2073 0.192755
2074 0.193046
2075 0.192263
2076 0.19321
2077 0.196708
2078 0.193946
2079 0.194627
2080 0.196375
2081 0.194182
2082 0.192798
2083 0.193194
2084 0.192746
2085 0.195392
2086 0.193614
2087 0.192649
2088 0.194301
2089 0.195163
2090 0.195395
2091 0.1953
2092 0.194154
2093 0.194019
2094 0.197159
2095 0.196778
2096 0.195767
2097 0.195522
2098 0.194151
2099 0
