0 -1.85448
1 -1.41568
2 -1.22441
3 -1.12904
4 -1.21327
5 -1.48171
6 -1.74289
7 -2.0861
8 -2.31166
9 -2.51156
10 -2.31396
11 -1.83555
12 -0.455139
13 -0.0486891
14 0.32619
15 0.00866934
16 0.190332
17 0.069916
18 0.0872667
19 0.132743
20 0.199956
21 0.166405
22 0.173233
23 0.179507
24 0.167833
25 0.170436
26 0.180835
27 0.162472
28 0.16415
29 0.158896
30 0.174184
31 0.162446
32 0.178191
33 0.179358
34 0.172432
35 0.174118
36 0.187757
37 0.181781
38 0.178562
39 0.17696
40 0.168341
41 0.183044
42 0.186772
43 0.163002
44 0.171606
45 0.1862
46 0.165828
47 0.172525
48 0.172811
49 0.179535
50 0.166303
51 0.167402
52 0.171107
53 0.179863
54 0.165739
55 0.172752
56 0.176917
57 0.187436
58 0.169397
59 0.185591
60 0.178263
61 0.184473
62 0.172117
63 0.180554
64 0.187947
65 0.16864
66 0.160426
67 0.18873
68 0.174175
69 0.159243
70 0.164855
71 0.184384
72 0.178083
73 0.161611
74 0.18326
75 0.187125
76 0.164008
77 0.173732
78 0.182148
79 0.170995
80 0.158714
81 0.17775
82 0.173206
83 0.176349
84 0.173713
85 0.184391
86 0.190331
87 0.192528
88 0.173091
89 0.18018
90 0.194268
91 0.161241
92 0.167409
93 0.180024
94 0.165605
95 0.168846
96 0.164772
97 0.176265
98 0.167628
99 0.180139
100 0.168659
101 0.171913
102 0.178375
103 0.168518
104 0.178415
105 0.186418
106 0.172044
107 0.173698
108 0.195362
109 0.185966
110 0.161296
111 0.166337
112 0.178421
113 0.16026
114 0.164856
115 0.177773
116 0.166312
117 0.175158
118 0.192265
119 0.184289
120 0.16787
121 0.16835
122 0.169252
123 0.160954
124 0.143529
125 0.16877
126 0.166078
127 0.160656
128 0.175373
129 0.178881
130 0.167618
131 0.18116
132 0.165
133 0.17654
134 0.170808
135 0.155812
136 0.162012
137 0.169133
138 0.16518
139 0.167422
140 0.164384
141 0.168444
142 0.183638
143 0.180816
144 0.156989
145 0.185211
146 0.182378
147 0.171425
148 0.162946
149 0.193835
150 0.187997
151 0.176144
152 0.172251
153 0.19228
154 0.187071
155 0.172725
156 0.18328
157 0.191287
158 0.162939
159 0.170813
160 0.170182
161 0.167263
162 0.155751
163 0.162222
164 0.173355
165 0.157032
166 0.153732
167 0.190329
168 0.158016
169 0.1686
170 0.170928
171 0.181144
172 0.159025
173 0.182929
174 0.170801
175 0.157165
176 0.173689
177 0.168085
178 0.171768
179 0.161001
180 0.175624
181 0.172222
182 0.171688
183 0.172544
184 0.165849
185 0.158418
186 0.177614
187 0.152971
188 0.167562
189 0.159285
190 0.15873
191 0.176973
192 0.167153
193 0.157104
194 0.171852
195 0.170637
196 0.157182
197 0.162696
198 0.180857
199 0.175309
200 0.175584
201 0.186242
202 0.186282
203 0.164902
204 0.180195
205 0.171437
206 0.170533
207 0.166886
208 0.182632
209 0.17277
210 0.169332
211 0.170158
212 0.180822
213 0.155347
214 0.177288
215 0.162754
216 0.167461
217 0.177627
218 0.159293
219 0.17872
220 0.185884
221 0.163697
222 0.164568
223 0.193475
224 0.167165
225 0.150712
226 0.192685
227 0.178916
228 0.180819
229 0.17417
230 0.175123
231 0.168228
232 0.181702
233 0.171046
234 0.162964
235 0.168974
236 0.178373
237 0.170412
238 0.171184
239 0.171053
240 0.160338
241 0.169511
242 0.160794
243 0.17284
244 0.169764
245 0.167363
246 0.179303
247 0.166331
248 0.175609
249 0.178549
250 0.178922
251 0.1806
252 0.177716
253 0.191906
254 0.176815
255 0.184115
256 0.173674
257 0.165942
258 0.171216
259 0.16042
260 0.173874
261 0.168366
262 0.162745
263 0.17264
264 0.169813
265 0.175854
266 0.172237
267 0.183175
268 0.173596
269 0.184152
270 0.190101
271 0.176377
272 0.179676
273 0.168884
274 0.173751
275 0.166625
276 0.176415
277 0.161571
278 0.162705
279 0.164604
280 0.163095
281 0.172206
282 0.160423
283 0.171238
284 0.175932
285 0.170371
286 0.186658
287 0.192374
288 0.165691
289 0.169686
290 0.17126
291 0.183713
292 0.164296
293 0.153496
294 0.16809
295 0.16578
296 0.158495
297 0.160192
298 0.173178
299 0.160654
300 0.171314
301 0.181892
302 0.170622
303 0.178127
304 0.163023
305 0.184441
306 0.178902
307 0.173356
308 0.166767
309 0.178418
310 0.167758
311 0.161069
312 0.172598
313 0.156059
314 0.159667
315 0.166732
316 0.176114
317 0.15514
318 0.170117
319 0.179772
320 0.17635
321 0.175275
322 0.176
323 0.16652
324 0.182289
325 0.170415
326 0.163537
327 0.160651
328 0.161895
329 0.162978
330 0.153831
331 0.172923
332 0.155245
333 0.155703
334 0.174882
335 0.161286
336 0.172512
337 0.168161
338 0.176972
339 0.18468
340 0.17098
341 0.178634
342 0.181198
343 0.177485
344 0.160392
345 0.16171
346 0.161651
347 0.170636
348 0.173466
349 0.160959
350 0.175463
351 0.173717
352 0.170989
353 0.176199
354 0.16673
355 0.176237
356 0.166992
357 0.189357
358 0.177216
359 0.186639
360 0.173428
361 0.17956
362 0.16644
363 0.16744
364 0.172004
365 0.176406
366 0.153592
367 0.159365
368 0.171076
369 0.161343
370 0.153781
371 0.169799
372 0.157051
373 0.156161
374 0.173125
375 0.180076
376 0.178841
377 0.165391
378 0.172099
379 0.174427
380 0.179031
381 0.151635
382 0.160881
383 0.17983
384 0.161509
385 0.168419
386 0.168243
387 0.176791
388 0.162495
389 0.165717
390 0.181665
391 0.161066
392 0.168063
393 0.187182
394 0.161957
395 0.162199
396 0.164709
397 0.181084
398 0.151217
399 0.150145
400 0.170947
401 0.17226
402 0.162633
403 0.167286
404 0.185802
405 0.181515
406 0.171341
407 0.176451
408 0.17521
409 0.163454
410 0.174545
411 0.161511
412 0.160614
413 0.155475
414 0.169792
415 0.165293
416 0.162855
417 0.159085
418 0.173628
419 0.180871
420 0.164965
421 0.183944
422 0.17048
423 0.186157
424 0.169918
425 0.162554
426 0.163874
427 0.171887
428 0.170855
429 0.174762
430 0.169582
431 0.185863
432 0.178869
433 0.183986
434 0.188671
435 0.171782
436 0.163887
437 0.182198
438 0.179519
439 0.165655
440 0.160748
441 0.167514
442 0.16899
443 0.166998
444 0.170302
445 0.155172
446 0.172028
447 0.177262
448 0.165198
449 0.159143
450 0.172055
451 0.182989
452 0.167149
453 0.161215
454 0.160705
455 0.183396
456 0.17427
457 0.148967
458 0.176367
459 0.17246
460 0.169815
461 0.162232
462 0.15718
463 0.173485
464 0.168491
465 0.163097
466 0.177381
467 0.162951
468 0.175531
469 0.166476
470 0.162055
471 0.167528
472 0.160991
473 0.176653
474 0.158718
475 0.170518
476 0.175634
477 0.182165
478 0.184119
479 0.167637
480 0.165437
481 0.190308
482 0.166429
483 0.160894
484 0.162816
485 0.162596
486 0.173792
487 0.154536
488 0.164263
489 0.163875
490 0.181734
491 0.175796
492 0.168032
493 0.166035
494 0.186647
495 0.167816
496 0.170119
497 0.177825
498 0.168644
499 0.181536
500 0.183862
501 0.165548
502 0.182294
503 0.167662
504 0.174237
505 0.163962
506 0.158897
507 0.182828
508 0.155881
509 0.154694
510 0.161869
511 0.177495
512 0.169768
513 0.161873
514 0.171273
515 0.182777
516 0.164865
517 0.170872
518 0.168577
519 0.174125
520 0.171038
521 0.178474
522 0.166351
523 0.175242
524 0.175089
525 0.156766
526 0.171467
527 0.1698
528 0.163925
529 0.160913
530 0.18375
531 0.167706
532 0.164067
533 0.164671
534 0.184083
535 0.181742
536 0.164424
537 0.163372
538 0.19577
539 0.173505
540 0.167585
541 0.1694
542 0.177054
543 0.158052
544 0.184078
545 0.178129
546 0.168023
547 0.179314
548 0.194993
549 0.192789
550 0.16801
551 0.16681
552 0.189365
553 0.164406
554 0.174994
555 0.179361
556 0.169435
557 0.176241
558 0.188843
559 0.178314
560 0.168804
561 0.164806
562 0.187516
563 0.169617
564 0.165352
565 0.19087
566 0.189598
567 0.18984
568 0.177747
569 0.172053
570 0.191027
571 0.185885
572 0.183054
573 0.16621
574 0.177071
575 0.17351
576 0.172565
577 0.162851
578 0.175734
579 0.176944
580 0.165252
581 0.166566
582 0.182499
583 0.182205
584 0.16262
585 0.173569
586 0.179801
587 0.191789
588 0.162726
589 0.167014
590 0.160916
591 0.17026
592 0.172281
593 0.159976
594 0.160577
595 0.165644
596 0.185146
597 0.167213
598 0.165149
599 0.17587
600 0.168238
601 0.167052
602 0.16155
603 0.156848
604 0.165887
605 0.163319
606 0.177354
607 0.171739
608 0.174661
609 0.181596
610 0.17712
611 0.172635
612 0.172112
613 0.166356
614 0.183103
615 0.163065
616 0.163129
617 0.175309
618 0.16475
619 0.167448
620 0.17565
621 0.169759
622 0.178556
623 0.167863
624 0.162745
625 0.17775
626 0.167599
627 0.161127
628 0.168185
629 0.175918
630 0.15875
631 0.179678
632 0.168592
633 0.153327
634 0.166234
635 0.167005
636 0.155386
637 0.160473
638 0.172596
639 0.171172
640 0.169003
641 0.178639
642 0.176072
643 0.17116
644 0.167919
645 0.164115
646 0.16708
647 0.174133
648 0.154846
649 0.170642
650 0.171909
651 0.176678
652 0.170843
653 0.180445
654 0.174611
655 0.178232
656 0.169456
657 0.187058
658 0.165479
659 0.175146
660 0.181915
661 0.17825
662 0.18563
663 0.1709
664 0.180192
665 0.179766
666 0.180938
667 0.154392
668 0.175238
669 0.186868
670 0.176649
671 0.173663
672 0.176456
673 0.187448
674 0.180666
675 0.164539
676 0.183592
677 0.167864
678 0.165378
679 0.16562
680 0.162122
681 0.17069
682 0.157011
683 0.166513
684 0.188039
685 0.1709
686 0.174713
687 0.166581
688 0.167706
689 0.18142
690 0.171513
691 0.168126
692 0.165716
693 0.171497
694 0.162196
695 0.158611
696 0.172694
697 0.164704
698 0.171882
699 0.174912
700 0.179027
701 0.174899
702 0.182905
703 0.154554
704 0.171473
705 0.175318
706 0.163455
707 0.164158
708 0.160193
709 0.179006
710 0.162788
711 0.177147
712 0.169878
713 0.18248
714 0.171826
715 0.166392
716 0.179614
717 0.181298
718 0.172395
719 0.16215
720 0.178926
721 0.167856
722 0.159611
723 0.159386
724 0.159194
725 0.163296
726 0.170386
727 0.1793
728 0.162562
729 0.167974
730 0.186396
731 0.179435
732 0.166312
733 0.175763
734 0.192214
735 0.18377
736 0.181488
737 0.174909
738 0.18361
739 0.187056
740 0.180018
741 0.175107
742 0.183916
743 0.181142
744 0.192956
745 0.166974
746 0.178128
747 0.182495
748 0.168455
749 0.157243
750 0.173733
751 0.168462
752 0.156891
753 0.163297
754 0.171495
755 0.164449
756 0.176416
757 0.168304
758 0.167656
759 0.167953
760 0.177891
761 0.17822
762 0.157642
763 0.162503
764 0.168144
765 0.170009
766 0.16587
767 0.178451
768 0.168602
769 0.16883
770 0.18286
771 0.163275
772 0.165727
773 0.171635
774 0.176601
775 0.175798
776 0.181227
777 0.17939
778 0.175616
779 0.169988
780 0.171919
781 0.17511
782 0.169566
783 0.177694
784 0.166981
785 0.162714
786 0.172987
787 0.173438
788 0.160525
789 0.175461
790 0.175956
791 0.186115
792 0.171907
793 0.16334
794 0.164962
795 0.162777
796 0.172259
797 0.171439
798 0.15597
799 0.16687
800 0.182352
801 0.163726
802 0.165596
803 0.168721
804 0.173967
805 0.170797
806 0.167298
807 0.160955
808 0.177678
809 0.167514
810 0.175134
811 0.18587
812 0.181603
813 0.173883
814 0.189336
815 0.182808
816 0.182684
817 0.180721
818 0.17722
819 0.176773
820 0.18941
821 0.167585
822 0.175369
823 0.167562
824 0.166834
825 0.164638
826 0.159319
827 0.158883
828 0.160775
829 0.167919
830 0.168936
831 0.174237
832 0.18056
833 0.180281
834 0.18979
835 0.182709
836 0.185929
837 0.17564
838 0.168052
839 0.169171
840 0.156417
841 0.173254
842 0.180669
843 0.173494
844 0.169821
845 0.184302
846 0.172887
847 0.17558
848 0.153744
849 0.15793
850 0.162454
851 0.171083
852 0.165842
853 0.173678
854 0.165761
855 0.184969
856 0.169241
857 0.17058
858 0.157857
859 0.166963
860 0.165119
861 0.168754
862 0.164479
863 0.17858
864 0.180006
865 0.171025
866 0.169702
867 0.16398
868 0.169063
869 0.174796
870 0.167292
871 0.186672
872 0.176201
873 0.179683
874 0.193601
875 0.185863
876 0.17071
877 0.165972
878 0.186419
879 0.163472
880 0.178397
881 0.16384
882 0.163703
883 0.177526
884 0.163807
885 0.167343
886 0.173323
887 0.171485
888 0.176485
889 0.191103
890 0.169298
891 0.181094
892 0.174737
893 0.186242
894 0.174071
895 0.172235
896 0.172248
897 0.171532
898 0.181734
899 0.178426
900 0.163347
901 0.185713
902 0.183342
903 0.177831
904 0.162666
905 0.16361
906 0.164534
907 0.156708
908 0.149279
909 0.166499
910 0.15365
911 0.175027
912 0.156231
913 0.175945
914 0.161848
915 0.157954
916 0.161874
917 0.17026
918 0.166873
919 0.157283
920 0.1688
921 0.171944
922 0.164237
923 0.153595
924 0.160189
925 0.154055
926 0.165231
927 0.169263
928 0.159273
929 0.175927
930 0.17773
931 0.184257
932 0.179994
933 0.175942
934 0.188589
935 0.170007
936 0.174575
937 0.169321
938 0.174915
939 0.172308
940 0.174327
941 0.179126
942 0.172841
943 0.193126
944 0.169612
945 0.177639
946 0.191034
947 0.170974
948 0.171579
949 0.182362
950 0.180145
951 0.169455
952 0.158819
953 0.182402
954 0.16701
955 0.161628
956 0.165583
957 0.17663
958 0.171378
959 0.164779
960 0.171896
961 0.179819
962 0.177153
963 0.170619
964 0.169012
965 0.186229
966 0.174332
967 0.165342
968 0.167613
969 0.163111
970 0.15809
971 0.168045
972 0.176178
973 0.154108
974 0.176037
975 0.170011
976 0.172892
977 0.177149
978 0.177943
979 0.168937
980 0.178341
981 0.177925
982 0.165159
983 0.163843
984 0.177363
985 0.169625
986 0.177302
987 0.184443
988 0.183171
989 0.179222
990 0.17075
991 0.190869
992 0.177252
993 0.184122
994 0.176637
995 0.168422
996 0.187961
997 0.165485
998 0.177661
999 0.173592
1000 0.167098
1001 0.166448
1002 0.18323
1003 0.175895
1004 0.177728
1005 0.176162
1006 0.17731
1007 0.16876
1008 0.176815
1009 0.172392
1010 0.174176
1011 0.18168
1012 0.175786
1013 0.185021
1014 0.16792
1015 0.170924
1016 0.165025
1017 0.156074
1018 0.162924
1019 0.171967
1020 0.174744
1021 0.177364
1022 0.162446
1023 0.17487
1024 0.181838
1025 0.181133
1026 0.175801
1027 0.172082
1028 0.167018
1029 0.185355
1030 0.170447
1031 0.165147
1032 0.18058
1033 0.184194
1034 0.18367
1035 0.185898
1036 0.171688
1037 0.194817
1038 0.185357
1039 0.176365
1040 0.172868
1041 0.188627
1042 0.163047
1043 0.181701
1044 0.169583
1045 0.159948
1046 0.163079
1047 0.16055
1048 0.151983
1049 0.16229
1050 0.169537
1051 0.152873
1052 0.164553
1053 0.165421
1054 0.16952
1055 0.159569
1056 0.169723
1057 0.173637
1058 0.166204
1059 0.173433
1060 0.172156
1061 0.170309
1062 0.161329
1063 0.168405
1064 0.174473
1065 0.180497
1066 0.178543
1067 0.171227
1068 0.182129
1069 0.178686
1070 0.163897
1071 0.169093
1072 0.177676
1073 0.167451
1074 0.16892
1075 0.169334
1076 0.167062
1077 0.176463
1078 0.155966
1079 0.170474
1080 0.162383
1081 0.159014
1082 0.16247
1083 0.179287
1084 0.148443
1085 0.165979
1086 0.174412
1087 0.170196
1088 0.177932
1089 0.185368
1090 0.169564
1091 0.184825
1092 0.169643
1093 0.181504
1094 0.171469
1095 0.164199
1096 0.180432
1097 0.176168
1098 0.173184
1099 0.163995
1100 0.165124
1101 0.162653
1102 0.154648
1103 0.150391
1104 0.165237
1105 0.175093
1106 0.171748
1107 0.168766
1108 0.174843
1109 0.177814
1110 0.17843
1111 0.176703
1112 0.175824
1113 0.163966
1114 0.195944
1115 0.188838
1116 0.185368
1117 0.169642
1118 0.191081
1119 0.186554
1120 0.17626
1121 0.185627
1122 0.175816
1123 0.182134
1124 0.186373
1125 0.187667
1126 0.191662
1127 0.174155
1128 0.190819
1129 0.179724
1130 0.184999
1131 0.170759
1132 0.185869
1133 0.183389
1134 0.167556
1135 0.162298
1136 0.160062
1137 0.170694
1138 0.147418
1139 0.163861
1140 0.17825
1141 0.17792
1142 0.171893
1143 0.176822
1144 0.181893
1145 0.17643
1146 0.181726
1147 0.168113
1148 0.193534
1149 0.176019
1150 0.16507
1151 0.185725
1152 0.183558
1153 0.175285
1154 0.177511
1155 0.18836
1156 0.196397
1157 0.197173
1158 0.175911
1159 0.17559
1160 0.171357
1161 0.172711
1162 0.157693
1163 0.149361
1164 0.169045
1165 0.154669
1166 0.162461
1167 0.170512
1168 0.180056
1169 0.166608
1170 0.183622
1171 0.173614
1172 0.166206
1173 0.187364
1174 0.176265
1175 0.174208
1176 0.171181
1177 0.187011
1178 0.189033
1179 0.176874
1180 0.184428
1181 0.179133
1182 0.179424
1183 0.175353
1184 0.160954
1185 0.168657
1186 0.16746
1187 0.175556
1188 0.169013
1189 0.188701
1190 0.186512
1191 0.180181
1192 0.18737
1193 0.181874
1194 0.170661
1195 0.175811
1196 0.18904
1197 0.159869
1198 0.180889
1199 0.177525
1200 0.179878
1201 0.174672
1202 0.17223
1203 0.176203
1204 0.162005
1205 0.158436
1206 0.175069
1207 0.158772
1208 0.167
1209 0.172695
1210 0.165322
1211 0.169616
1212 0.177322
1213 0.184373
1214 0.152856
1215 0.175662
1216 0.177934
1217 0.169391
1218 0.155012
1219 0.162752
1220 0.167222
1221 0.160736
1222 0.165562
1223 0.164889
1224 0.160568
1225 0.158238
1226 0.169501
1227 0.157204
1228 0.156432
1229 0.158918
1230 0.165248
1231 0.175819
1232 0.17006
1233 0.177412
1234 0.182249
1235 0.168694
1236 0.17663
1237 0.170363
1238 0.163494
1239 0.16837
1240 0.170599
1241 0.163265
1242 0.162958
1243 0.169613
1244 0.179704
1245 0.177773
1246 0.16852
1247 0.179713
1248 0.187637
1249 0.17993
1250 0.187307
1251 0.17786
1252 0.18857
1253 0.175637
1254 0.180101
1255 0.173433
1256 0.17851
1257 0.167494
1258 0.169639
1259 0.173522
1260 0.159404
1261 0.161706
1262 0.173509
1263 0.158274
1264 0.160859
1265 0.168192
1266 0.180035
1267 0.176483
1268 0.163007
1269 0.17277
1270 0.172601
1271 0.160772
1272 0.170991
1273 0.167403
1274 0.161674
1275 0.185421
1276 0.168145
1277 0.175421
1278 0.188332
1279 0.182525
1280 0.174931
1281 0.180833
1282 0.186113
1283 0.174307
1284 0.171197
1285 0.172386
1286 0.169774
1287 0.164146
1288 0.176139
1289 0.170739
1290 0.163056
1291 0.173552
1292 0.183887
1293 0.159269
1294 0.166633
1295 0.168703
1296 0.175633
1297 0.163206
1298 0.176534
1299 0.185938
1300 0.166061
1301 0.183657
1302 0.173205
1303 0.172469
1304 0.16478
1305 0.169151
1306 0.170328
1307 0.160117
1308 0.1775
1309 0.170475
1310 0.165604
1311 0.157029
1312 0.168274
1313 0.163793
1314 0.151592
1315 0.159934
1316 0.174668
1317 0.174096
1318 0.157332
1319 0.169469
1320 0.167177
1321 0.175505
1322 0.172896
1323 0.170251
1324 0.173489
1325 0.171336
1326 0.172918
1327 0.172857
1328 0.166841
1329 0.172088
1330 0.175298
1331 0.180515
1332 0.188246
1333 0.177668
1334 0.178902
1335 0.190882
1336 0.188385
1337 0.160935
1338 0.175373
1339 0.174513
1340 0.17401
1341 0.176314
1342 0.166974
1343 0.17003
1344 0.180363
1345 0.172519
1346 0.170285
1347 0.160827
1348 0.169415
1349 0.17572
1350 0.161121
1351 0.173106
1352 0.167479
1353 0.171398
1354 0.184649
1355 0.171313
1356 0.184454
1357 0.186426
1358 0.179749
1359 0.174444
1360 0.175116
1361 0.17778
1362 0.175194
1363 0.166896
1364 0.174547
1365 0.166179
1366 0.170797
1367 0.166945
1368 0.15975
1369 0.180635
1370 0.153901
1371 0.171403
1372 0.173454
1373 0.177965
1374 0.168719
1375 0.181235
1376 0.174479
1377 0.162008
1378 0.160749
1379 0.169102
1380 0.164279
1381 0.161851
1382 0.175807
1383 0.164742
1384 0.161163
1385 0.17394
1386 0.182934
1387 0.15766
1388 0.181001
1389 0.172439
1390 0.175455
1391 0.170993
1392 0.179322
1393 0.180028
1394 0.167647
1395 0.16738
1396 0.176964
1397 0.177856
1398 0.166391
1399 0.169057
1400 0.161471
1401 0.18517
1402 0.16308
1403 0.157703
1404 0.164795
1405 0.167555
1406 0.147682
1407 0.156189
1408 0.177716
1409 0.172846
1410 0.16816
1411 0.188795
1412 0.180177
1413 0.185963
1414 0.170101
1415 0.187934
1416 0.184797
1417 0.172603
1418 0.183904
1419 0.174572
1420 0.170403
1421 0.179029
1422 0.177165
1423 0.159472
1424 0.159981
1425 0.168727
1426 0.180122
1427 0.163676
1428 0.161507
1429 0.185846
1430 0.175959
1431 0.162709
1432 0.166737
1433 0.174224
1434 0.170024
1435 0.166202
1436 0.18202
1437 0.179038
1438 0.18552
1439 0.172482
1440 0.176429
1441 0.172286
1442 0.176631
1443 0.173974
1444 0.163696
1445 0.166947
1446 0.191253
1447 0.17902
1448 0.16306
1449 0.168838
1450 0.175758
1451 0.182643
1452 0.176569
1453 0.173731
1454 0.174759
1455 0.169514
1456 0.17072
1457 0.167412
1458 0.160801
1459 0.16321
1460 0.171812
1461 0.177139
1462 0.176872
1463 0.183267
1464 0.181818
1465 0.181999
1466 0.166278
1467 0.178448
1468 0.183809
1469 0.160537
1470 0.165653
1471 0.178191
1472 0.168231
1473 0.174407
1474 0.154602
1475 0.16511
1476 0.167692
1477 0.171156
1478 0.17469
1479 0.184774
1480 0.167672
1481 0.185144
1482 0.178236
1483 0.171895
1484 0.171599
1485 0.160004
1486 0.176014
1487 0.163163
1488 0.186451
1489 0.167725
1490 0.155654
1491 0.175643
1492 0.169864
1493 0.158161
1494 0.159102
1495 0.167046
1496 0.174177
1497 0.185091
1498 0.163314
1499 0.167356
1500 0.174737
1501 0.18657
1502 0.163503
1503 0.153756
1504 0.182324
1505 0.185376
1506 0.168258
1507 0.174128
1508 0.18758
1509 0.166217
1510 0.185079
1511 0.183164
1512 0.181523
1513 0.179664
1514 0.186992
1515 0.180198
1516 0.173671
1517 0.18104
1518 0.180816
1519 0.166772
1520 0.161559
1521 0.178093
1522 0.161138
1523 0.156416
1524 0.175785
1525 0.159634
1526 0.170276
1527 0.183105
1528 0.166787
1529 0.170933
1530 0.17367
1531 0.172214
1532 0.158822
1533 0.168751
1534 0.172588
1535 0.163159
1536 0.164417
1537 0.18381
1538 0.183654
1539 0.167546
1540 0.182974
1541 0.191919
1542 0.166514
1543 0.167515
1544 0.177853
1545 0.160212
1546 0.166619
1547 0.180002
1548 0.167631
1549 0.165423
1550 0.180227
1551 0.173708
1552 0.164219
1553 0.159282
1554 0.183976
1555 0.161531
1556 0.164184
1557 0.165727
1558 0.173987
1559 0.177267
1560 0.167324
1561 0.164897
1562 0.160531
1563 0.177578
1564 0.162424
1565 0.157375
1566 0.172665
1567 0.18061
1568 0.162267
1569 0.167656
1570 0.185514
1571 0.164207
1572 0.16764
1573 0.181307
1574 0.183337
1575 0.177517
1576 0.178025
1577 0.18433
1578 0.17851
1579 0.181071
1580 0.178342
1581 0.166135
1582 0.182451
1583 0.166429
1584 0.17466
1585 0.167801
1586 0.18085
1587 0.169415
1588 0.176886
1589 0.182587
1590 0.179381
1591 0.1678
1592 0.168193
1593 0.17943
1594 0.168416
1595 0.173296
1596 0.163858
1597 0.187512
1598 0.17405
1599 0.162111
1600 0.185079
1601 0.153577
1602 0.171101
1603 0.157104
1604 0.161536
1605 0.158903
1606 0.160578
1607 0.16588
1608 0.161469
1609 0.166049
1610 0.158379
1611 0.16104
1612 0.177903
1613 0.167318
1614 0.163746
1615 0.183176
1616 0.178803
1617 0.171618
1618 0.167658
1619 0.177369
1620 0.164816
1621 0.15215
1622 0.167792
1623 0.161432
1624 0.170939
1625 0.168422
1626 0.174061
1627 0.188331
1628 0.166065
1629 0.174057
1630 0.181374
1631 0.18175
1632 0.171706
1633 0.191054
1634 0.182339
1635 0.166886
1636 0.170906
1637 0.16123
1638 0.154038
1639 0.160556
1640 0.164954
1641 0.166238
1642 0.179145
1643 0.187539
1644 0.177366
1645 0.172397
1646 0.182666
1647 0.181177
1648 0.163823
1649 0.16063
1650 0.177172
1651 0.180312
1652 0.168945
1653 0.184956
1654 0.191357
1655 0.175451
1656 0.183879
1657 0.190222
1658 0.183079
1659 0.184153
1660 0.172965
1661 0.183337
1662 0.168831
1663 0.183976
1664 0.168698
1665 0.175077
1666 0.171968
1667 0.184313
1668 0.181772
1669 0.171406
1670 0.180675
1671 0.17481
1672 0.181812
1673 0.171104
1674 0.179635
1675 0.186893
1676 0.169089
1677 0.163222
1678 0.16438
1679 0.175928
1680 0.169234
1681 0.150019
1682 0.164605
1683 0.161469
1684 0.176054
1685 0.175062
1686 0.168044
1687 0.181743
1688 0.183889
1689 0.182478
1690 0.183164
1691 0.169331
1692 0.178083
1693 0.181617
1694 0.174957
1695 0.1815
1696 0.187611
1697 0.173083
1698 0.179946
1699 0.185112
1700 0.163485
1701 0.167779
1702 0.179481
1703 0.177749
1704 0.169168
1705 0.165647
1706 0.160721
1707 0.179952
1708 0.165952
1709 0.169445
1710 0.180015
1711 0.171315
1712 0.177253
1713 0.187151
1714 0.171981
1715 0.173108
1716 0.180744
1717 0.184494
1718 0.163411
1719 0.19083
1720 0.175298
1721 0.159876
1722 0.168218
1723 0.178666
1724 0.173875
1725 0.167676
1726 0.171771
1727 0.188027
1728 0.183135
1729 0.174355
1730 0.175659
1731 0.189503
1732 0.168588
1733 0.176387
1734 0.172727
1735 0.186805
1736 0.178753
1737 0.173958
1738 0.188007
1739 0.183454
1740 0.164949
1741 0.165768
1742 0.17193
1743 0.167242
1744 0.151711
1745 0.174997
1746 0.165394
1747 0.179966
1748 0.179223
1749 0.165996
1750 0.175413
1751 0.175723
1752 0.168556
1753 0.175886
1754 0.179455
1755 0.182698
1756 0.178538
1757 0.168454
1758 0.192874
1759 0.172983
1760 0.160517
1761 0.169645
1762 0.166392
1763 0.158196
1764 0.168188
1765 0.162953
1766 0.156581
1767 0.180188
1768 0.165631
1769 0.183583
1770 0.167574
1771 0.176839
1772 0.165779
1773 0.17588
1774 0.161189
1775 0.15362
1776 0.175937
1777 0.1711
1778 0.152078
1779 0.163662
1780 0.181568
1781 0.167024
1782 0.159435
1783 0.176528
1784 0.184118
1785 0.169207
1786 0.179518
1787 0.184143
1788 0.187297
1789 0.176328
1790 0.170538
1791 0.185798
1792 0.173638
1793 0.158603
1794 0.175489
1795 0.170676
1796 0.161591
1797 0.168892
1798 0.169742
1799 0.173774
1800 0.169035
1801 0.170267
1802 0.176193
1803 0.16083
1804 0.162342
1805 0.157129
1806 0.165207
1807 0.160512
1808 0.162672
1809 0.180942
1810 0.175549
1811 0.175591
1812 0.172357
1813 0.178938
1814 0.182182
1815 0.180421
1816 0.169352
1817 0.190043
1818 0.196955
1819 0.18133
1820 0.177308
1821 0.179042
1822 0.174692
1823 0.167627
1824 0.163102
1825 0.175996
1826 0.180819
1827 0.180961
1828 0.174296
1829 0.173743
1830 0.184996
1831 0.17772
1832 0.154077
1833 0.176592
1834 0.182473
1835 0.155294
1836 0.161986
1837 0.166056
1838 0.168473
1839 0.165203
1840 0.157543
1841 0.165301
1842 0.162497
1843 0.161065
1844 0.171299
1845 0.150818
1846 0.167778
1847 0.163382
1848 0.164106
1849 0.169263
1850 0.174125
1851 0.158346
1852 0.165409
1853 0.188937
1854 0.183482
1855 0.165125
1856 0.175152
1857 0.178961
1858 0.177048
1859 0.178781
1860 0.17201
1861 0.180632
1862 0.189638
1863 0.172705
1864 0.166389
1865 0.176098
1866 0.163294
1867 0.16725
1868 0.174472
1869 0.170738
1870 0.169741
1871 0.172862
1872 0.17407
1873 0.163911
1874 0.156965
1875 0.168891
1876 0.161351
1877 0.158384
1878 0.159801
1879 0.156833
1880 0.154905
1881 0.168583
1882 0.172186
1883 0.157087
1884 0.175157
1885 0.175317
1886 0.174425
1887 0.172797
1888 0.167417
1889 0.184635
1890 0.173372
1891 0.179141
1892 0.178804
1893 0.176558
1894 0.170439
1895 0.174776
1896 0.185274
1897 0.168984
1898 0.181416
1899 0.173406
1900 0.180857
1901 0.171559
1902 0.177873
1903 0.172494
1904 0.170761
1905 0.174725
1906 0.172234
1907 0.185494
1908 0.180127
1909 0.172579
1910 0.166135
1911 0.184331
1912 0.166598
1913 0.15646
1914 0.161989
1915 0.172678
1916 0.176156
1917 0.157947
1918 0.170454
1919 0.161369
1920 0.167634
1921 0.162736
1922 0.172698
1923 0.167323
1924 0.180916
1925 0.179433
1926 0.179458
1927 0.175986
1928 0.168851
1929 0.180704
1930 0.18466
1931 0.164082
1932 0.183922
1933 0.186755
1934 0.17302
1935 0.189689
1936 0.169703
1937 0.174955
1938 0.18111
1939 0.174762
1940 0.182334
1941 0.173895
1942 0.167211
1943 0.178746
1944 0.183337
1945 0.167753
1946 0.180619
1947 0.168782
1948 0.17499
1949 0.169034
1950 0.164604
1951 0.159225
1952 0.160275
1953 0.180193
1954 0.154867
1955 0.172444
1956 0.174726
1957 0.170269
1958 0.177513
1959 0.162821
1960 0.173423
1961 0.165342
1962 0.179956
1963 0.177103
1964 0.161289
1965 0.18118
1966 0.17042
1967 0.163985
1968 0.15842
1969 0.158081
1970 0.170133
1971 0.17524
1972 0.169748
1973 0.187069
1974 0.183952
1975 0.19175
1976 0.191498
1977 0.184035
1978 0.195923
1979 0.17301
1980 0.189597
1981 0.178468
1982 0.188232
1983 0.172599
1984 0.16198
1985 0.17048
1986 0.165735
1987 0.168147
1988 0.153481
1989 0.18248
1990 0.186544
1991 0.164886
1992 0.17796
1993 0.168611
1994 0.17683
1995 0.161199
1996 0.170408
1997 0.177698
1998 0.182671
1999 0.163087
2000 0.182847
2001 0.18423
2002 0.180737
2003 0.161302
2004 0.189362
2005 0.179541
2006 0.177985
2007 0.164709
2008 0.170368
2009 0.168911
2010 0.167501
2011 0.169374
2012 0.17318
2013 0.165259
2014 0.161543
2015 0.178315
2016 0.177575
2017 0.169947
2018 0.170656
2019 0.171812
2020 0.172514
2021 0.161989
2022 0.161991
2023 0.160059
2024 0.15699
2025 0.182604
2026 0.18299
2027 0.174856
2028 0.185666
2029 0.190128
2030 0.161537
2031 0.167782
2032 0.167425
2033 0.176478
2034 0.175694
2035 0.159029
2036 0.176595
2037 0.180273
2038 0.163987
2039 0.157104
2040 0.155957
2041 0.177226
2042 0.159506
2043 0.154508
2044 0.181969
2045 0.174921
2046 0.165277
2047 0.174899
2048 0.182178
2049 0.158576
2050 0.165043
2051 0.183136
2052 0.179422
2053 0.156216
2054 0.173209
2055 0.176397
2056 0.164396
2057 0.173231
2058 0.179767
2059 0.162
2060 0.181673
2061 0.171674
2062 0.172635
2063 0.177537
2064 0.18845
2065 0.171504
2066 0.17243
2067 0.186439
2068 0.184738
2069 0.168495
2070 0.1618
2071 0.168944
2072 0.172204
2073 0.157258
2074 0.147353
2075 0.156627
2076 0.152941
2077 0.151359
2078 0.158651
2079 0.169794
2080 0.154278
2081 0.168931
2082 0.162553
2083 0.172986
2084 0.179035
2085 0.165324
2086 0.165958
2087 0.183053
2088 0.177226
2089 0.166981
2090 0.171591
2091 0.167721
2092 0.158455
2093 0.180717
2094 0.166611
2095 0.158812
2096 0.174585
2097 0.180493
2098 0.164923
2099 0
