0 0.126335
1 0.170114
2 0.178183
3 0.179613
4 0.18143
5 0.17732
6 0.178053
7 0.175225
8 0.175635
9 0.175083
10 0.175464
11 0.17763
12 0.175718
13 0.177198
14 0.178965
15 0.178532
16 0.177264
17 0.177554
18 0.183427
19 0.182369
20 0.188645
21 0.188832
22 0.190579
23 0.194188
24 0.191053
25 0.192146
26 0.193435
27 0.190701
28 0.193039
29 0.191864
30 0.193783
31 0.192814
32 0.195227
33 0.195273
34 0.193926
35 0.193442
36 0.194601
37 0.194587
38 0.193908
39 0.194864
40 0.192675
41 0.19333
42 0.194881
43 0.192387
44 0.192869
45 0.194096
46 0.192766
47 0.194913
48 0.194368
49 0.19432
50 0.193072
51 0.192081
52 0.19157
53 0.194319
54 0.193753
55 0.194237
56 0.194275
57 0.195939
58 0.192879
59 0.194673
60 0.194727
61 0.195849
62 0.193687
63 0.193307
64 0.194943
65 0.192506
66 0.19067
67 0.194167
68 0.194034
69 0.192386
70 0.193062
71 0.19517
72 0.195986
73 0.193504
74 0.194447
75 0.194147
76 0.19274
77 0.192667
78 0.194751
79 0.193235
80 0.191662
81 0.193372
82 0.193867
83 0.194881
84 0.194794
85 0.194756
86 0.195531
87 0.195237
88 0.190853
89 0.194072
90 0.195448
91 0.191434
92 0.193346
93 0.194752
94 0.191655
95 0.193728
96 0.193636
97 0.194739
98 0.193307
99 0.194175
100 0.193078
101 0.192914
102 0.193718
103 0.192908
104 0.19468
105 0.196089
106 0.193409
107 0.193631
108 0.195119
109 0.195054
110 0.191803
111 0.192913
112 0.193474
113 0.190934
114 0.193398
115 0.195125
116 0.19135
117 0.194028
118 0.19583
119 0.194812
120 0.192618
121 0.192917
122 0.192221
123 0.192073
124 0.190036
125 0.194793
126 0.193647
127 0.192571
128 0.194663
129 0.194272
130 0.192082
131 0.19413
132 0.192527
133 0.194416
134 0.193744
135 0.190606
136 0.191928
137 0.193008
138 0.192512
139 0.194783
140 0.193568
141 0.192395
142 0.194513
143 0.194998
144 0.19177
145 0.194295
146 0.194373
147 0.193548
148 0.192885
149 0.19396
150 0.195537
151 0.193773
152 0.192818
153 0.194755
154 0.195702
155 0.193481
156 0.194931
157 0.195833
158 0.192835
159 0.193067
160 0.191936
161 0.192846
162 0.191835
163 0.191871
164 0.194045
165 0.192343
166 0.191051
167 0.194503
168 0.192191
169 0.193576
170 0.193561
171 0.193802
172 0.191966
173 0.194941
174 0.192199
175 0.191999
176 0.193241
177 0.192871
178 0.193905
179 0.193392
180 0.194389
181 0.193799
182 0.191891
183 0.193514
184 0.192805
185 0.190383
186 0.193982
187 0.192301
188 0.194941
189 0.192708
190 0.19198
191 0.195277
192 0.193727
193 0.190629
194 0.193085
195 0.192816
196 0.190707
197 0.193697
198 0.194978
199 0.195325
200 0.194553
201 0.19471
202 0.194279
203 0.192314
204 0.193773
205 0.194328
206 0.194351
207 0.192218
208 0.194505
209 0.193369
210 0.192017
211 0.193077
212 0.195119
213 0.191786
214 0.193855
215 0.191844
216 0.192935
217 0.194536
218 0.190835
219 0.194921
220 0.195737
221 0.192284
222 0.192413
223 0.195769
224 0.192892
225 0.191877
226 0.195663
227 0.194648
228 0.195008
229 0.193546
230 0.193223
231 0.191769
232 0.193664
233 0.194215
234 0.193483
235 0.193099
236 0.193759
237 0.193411
238 0.194492
239 0.194016
240 0.191331
241 0.192743
242 0.19223
243 0.193553
244 0.194044
245 0.193683
246 0.194339
247 0.192321
248 0.193781
249 0.194282
250 0.19503
251 0.194849
252 0.193796
253 0.195347
254 0.191832
255 0.193914
256 0.193134
257 0.191572
258 0.1935
259 0.192354
260 0.19478
261 0.193644
262 0.192733
263 0.193253
264 0.193455
265 0.193629
266 0.194355
267 0.195394
268 0.192346
269 0.194346
270 0.194996
271 0.193561
272 0.194399
273 0.192971
274 0.193248
275 0.19278
276 0.19424
277 0.193342
278 0.192322
279 0.191129
280 0.191657
281 0.193672
282 0.193403
283 0.194787
284 0.195271
285 0.192743
286 0.194245
287 0.195762
288 0.192503
289 0.193461
290 0.190661
291 0.194348
292 0.19325
293 0.191608
294 0.192712
295 0.192834
296 0.192175
297 0.193374
298 0.19435
299 0.192941
300 0.193536
301 0.194232
302 0.193119
303 0.194516
304 0.190805
305 0.194634
306 0.194343
307 0.194759
308 0.19318
309 0.193768
310 0.192256
311 0.192657
312 0.19305
313 0.192428
314 0.192314
315 0.192557
316 0.194584
317 0.192368
318 0.193047
319 0.194495
320 0.19436
321 0.194848
322 0.19411
323 0.191842
324 0.195263
325 0.193551
326 0.192516
327 0.192472
328 0.19161
329 0.192507
330 0.191798
331 0.195567
332 0.193037
333 0.192192
334 0.193663
335 0.191794
336 0.193715
337 0.193082
338 0.194559
339 0.195494
340 0.192631
341 0.193719
342 0.194529
343 0.194736
344 0.192988
345 0.191561
346 0.19213
347 0.193372
348 0.193821
349 0.193721
350 0.193632
351 0.192073
352 0.192713
353 0.194568
354 0.193433
355 0.194433
356 0.192526
357 0.195482
358 0.194062
359 0.193605
360 0.192818
361 0.194687
362 0.19142
363 0.192518
364 0.194401
365 0.195126
366 0.192945
367 0.192131
368 0.193076
369 0.192296
370 0.190912
371 0.194134
372 0.192391
373 0.190863
374 0.193994
375 0.194399
376 0.19593
377 0.193509
378 0.192738
379 0.192531
380 0.194583
381 0.191058
382 0.192706
383 0.194181
384 0.190989
385 0.193842
386 0.19376
387 0.194337
388 0.192879
389 0.192733
390 0.195022
391 0.192872
392 0.193875
393 0.195951
394 0.193094
395 0.190756
396 0.191918
397 0.194706
398 0.192341
399 0.19205
400 0.194677
401 0.19312
402 0.193449
403 0.193099
404 0.195283
405 0.194918
406 0.192775
407 0.193751
408 0.192711
409 0.191257
410 0.194609
411 0.193096
412 0.193203
413 0.192443
414 0.193778
415 0.193031
416 0.193488
417 0.190983
418 0.194133
419 0.194429
420 0.192022
421 0.1951
422 0.193029
423 0.195534
424 0.193807
425 0.192544
426 0.192105
427 0.193386
428 0.192794
429 0.195045
430 0.193789
431 0.193758
432 0.193585
433 0.195018
434 0.195596
435 0.193998
436 0.192301
437 0.195109
438 0.193971
439 0.193739
440 0.192943
441 0.192386
442 0.191791
443 0.193009
444 0.194457
445 0.191499
446 0.194199
447 0.194636
448 0.193521
449 0.192394
450 0.194304
451 0.195147
452 0.194576
453 0.191416
454 0.191863
455 0.194466
456 0.194045
457 0.192514
458 0.194931
459 0.193367
460 0.193541
461 0.192731
462 0.191427
463 0.193848
464 0.193263
465 0.192981
466 0.194654
467 0.190779
468 0.193979
469 0.193311
470 0.19249
471 0.193039
472 0.193032
473 0.195522
474 0.192775
475 0.193267
476 0.194297
477 0.195164
478 0.194441
479 0.19361
480 0.191507
481 0.195297
482 0.193222
483 0.193521
484 0.192657
485 0.191764
486 0.194417
487 0.192228
488 0.193395
489 0.191187
490 0.194612
491 0.194173
492 0.194094
493 0.19251
494 0.195432
495 0.193032
496 0.19429
497 0.194295
498 0.192926
499 0.194496
500 0.194492
501 0.192266
502 0.194649
503 0.191718
504 0.193108
505 0.19282
506 0.191001
507 0.194317
508 0.192392
509 0.191818
510 0.19246
511 0.192834
512 0.194825
513 0.192787
514 0.192716
515 0.194112
516 0.192605
517 0.193649
518 0.193501
519 0.194444
520 0.194002
521 0.194663
522 0.191381
523 0.194224
524 0.193925
525 0.190487
526 0.193712
527 0.193801
528 0.192897
529 0.192171
530 0.195684
531 0.193733
532 0.193994
533 0.191405
534 0.194599
535 0.19565
536 0.191144
537 0.192068
538 0.194717
539 0.193512
540 0.19352
541 0.194231
542 0.194313
543 0.192057
544 0.195218
545 0.195074
546 0.1938
547 0.192762
548 0.195059
549 0.195586
550 0.192269
551 0.192506
552 0.195036
553 0.191791
554 0.194677
555 0.195156
556 0.19377
557 0.193816
558 0.19434
559 0.193631
560 0.194052
561 0.190616
562 0.194839
563 0.193507
564 0.193236
565 0.195307
566 0.195851
567 0.195734
568 0.193673
569 0.19193
570 0.193979
571 0.195106
572 0.1942
573 0.193078
574 0.193418
575 0.191607
576 0.193046
577 0.193643
578 0.195181
579 0.195085
580 0.193013
581 0.192032
582 0.194292
583 0.194725
584 0.194116
585 0.19385
586 0.192662
587 0.19533
588 0.193003
589 0.192848
590 0.19256
591 0.193854
592 0.194664
593 0.193646
594 0.19182
595 0.192803
596 0.195011
597 0.192569
598 0.193699
599 0.193611
600 0.191304
601 0.192758
602 0.19275
603 0.191877
604 0.193753
605 0.19259
606 0.194965
607 0.194025
608 0.192219
609 0.194257
610 0.194143
611 0.193243
612 0.193762
613 0.192609
614 0.195867
615 0.1931
616 0.193032
617 0.19471
618 0.192829
619 0.192195
620 0.193888
621 0.193263
622 0.193988
623 0.193228
624 0.191945
625 0.193442
626 0.193251
627 0.19299
628 0.194407
629 0.194655
630 0.19051
631 0.194141
632 0.1923
633 0.190427
634 0.192697
635 0.193482
636 0.191663
637 0.193192
638 0.194081
639 0.194098
640 0.193726
641 0.19417
642 0.193915
643 0.193324
644 0.19187
645 0.192316
646 0.192834
647 0.194855
648 0.192903
649 0.193805
650 0.192774
651 0.193874
652 0.193104
653 0.194773
654 0.193747
655 0.194156
656 0.192929
657 0.195056
658 0.192143
659 0.19484
660 0.194807
661 0.194617
662 0.194957
663 0.192405
664 0.19415
665 0.193583
666 0.194014
667 0.192318
668 0.194683
669 0.193972
670 0.195299
671 0.194516
672 0.192878
673 0.194057
674 0.194858
675 0.192974
676 0.194699
677 0.191682
678 0.192557
679 0.192241
680 0.190825
681 0.194511
682 0.192663
683 0.192468
684 0.194894
685 0.19372
686 0.194548
687 0.193241
688 0.19168
689 0.195057
690 0.194301
691 0.192394
692 0.192851
693 0.192425
694 0.191569
695 0.192852
696 0.195256
697 0.194083
698 0.194064
699 0.193426
700 0.193804
701 0.193478
702 0.194072
703 0.192069
704 0.193831
705 0.193579
706 0.19334
707 0.193533
708 0.191952
709 0.19409
710 0.192483
711 0.195363
712 0.194581
713 0.193989
714 0.193419
715 0.192163
716 0.193106
717 0.194963
718 0.194556
719 0.192377
720 0.193171
721 0.192604
722 0.192431
723 0.193055
724 0.191275
725 0.192822
726 0.194504
727 0.194326
728 0.193335
729 0.192291
730 0.194643
731 0.194741
732 0.193879
733 0.193746
734 0.195044
735 0.194558
736 0.195405
737 0.19364
738 0.193201
739 0.194811
740 0.194301
741 0.192994
742 0.194374
743 0.193678
744 0.196076
745 0.192948
746 0.195066
747 0.194478
748 0.193291
749 0.191119
750 0.194494
751 0.193172
752 0.191608
753 0.193243
754 0.193597
755 0.191868
756 0.194407
757 0.193964
758 0.192708
759 0.192747
760 0.193291
761 0.194824
762 0.192769
763 0.191353
764 0.192645
765 0.193084
766 0.193371
767 0.194839
768 0.19296
769 0.192913
770 0.193766
771 0.191671
772 0.193375
773 0.194211
774 0.193492
775 0.194806
776 0.193974
777 0.192772
778 0.193399
779 0.192712
780 0.193588
781 0.19475
782 0.193968
783 0.195034
784 0.192928
785 0.190463
786 0.193578
787 0.193781
788 0.192334
789 0.194939
790 0.193727
791 0.195781
792 0.193905
793 0.192157
794 0.192267
795 0.192385
796 0.193194
797 0.195188
798 0.192565
799 0.191813
800 0.194553
801 0.192779
802 0.193338
803 0.193649
804 0.193834
805 0.193824
806 0.193367
807 0.191398
808 0.195209
809 0.193202
810 0.193622
811 0.195572
812 0.193578
813 0.191446
814 0.194845
815 0.194847
816 0.195298
817 0.194474
818 0.193198
819 0.192672
820 0.19455
821 0.192854
822 0.195272
823 0.193303
824 0.191714
825 0.191968
826 0.191963
827 0.192243
828 0.192773
829 0.194438
830 0.194245
831 0.194215
832 0.194326
833 0.194277
834 0.195498
835 0.19298
836 0.195152
837 0.193646
838 0.191707
839 0.192509
840 0.191814
841 0.194696
842 0.195383
843 0.19518
844 0.192829
845 0.194536
846 0.190702
847 0.194278
848 0.192152
849 0.191445
850 0.192359
851 0.193942
852 0.194297
853 0.194236
854 0.192099
855 0.195042
856 0.19289
857 0.19145
858 0.191712
859 0.193296
860 0.191998
861 0.194273
862 0.193646
863 0.19506
864 0.194489
865 0.193512
866 0.19287
867 0.192045
868 0.192431
869 0.194219
870 0.194286
871 0.195035
872 0.193689
873 0.193081
874 0.195393
875 0.194824
876 0.193268
877 0.192716
878 0.193793
879 0.191607
880 0.194902
881 0.193191
882 0.190951
883 0.19418
884 0.192333
885 0.192979
886 0.194234
887 0.193842
888 0.194592
889 0.195549
890 0.191665
891 0.19504
892 0.193026
893 0.193756
894 0.194232
895 0.194266
896 0.192603
897 0.192816
898 0.194938
899 0.195804
900 0.193443
901 0.195017
902 0.194572
903 0.193368
904 0.191573
905 0.191885
906 0.192095
907 0.191374
908 0.191896
909 0.194854
910 0.191681
911 0.194344
912 0.192303
913 0.195487
914 0.192914
915 0.190814
916 0.193099
917 0.194374
918 0.192758
919 0.192509
920 0.192573
921 0.193517
922 0.193037
923 0.192295
924 0.192264
925 0.191604
926 0.193601
927 0.194973
928 0.193746
929 0.193501
930 0.193541
931 0.194409
932 0.194457
933 0.194254
934 0.19579
935 0.192423
936 0.193636
937 0.191679
938 0.193532
939 0.194879
940 0.193559
941 0.195036
942 0.192836
943 0.195138
944 0.193034
945 0.194757
946 0.196219
947 0.194069
948 0.193323
949 0.195019
950 0.194196
951 0.193133
952 0.1918
953 0.194923
954 0.191142
955 0.193034
956 0.192474
957 0.19426
958 0.193853
959 0.193879
960 0.193418
961 0.194173
962 0.193422
963 0.193754
964 0.192847
965 0.194163
966 0.193965
967 0.192492
968 0.193125
969 0.192019
970 0.191909
971 0.194907
972 0.195313
973 0.191881
974 0.193888
975 0.193005
976 0.192059
977 0.19507
978 0.194994
979 0.193003
980 0.193439
981 0.193443
982 0.1924
983 0.192651
984 0.195433
985 0.194214
986 0.195297
987 0.194079
988 0.194191
989 0.193141
990 0.191759
991 0.195003
992 0.194425
993 0.1951
994 0.193746
995 0.192242
996 0.194717
997 0.192856
998 0.194633
999 0.194565
1000 0.193387
1001 0.19104
1002 0.194215
1003 0.194429
1004 0.195082
1005 0.194822
1006 0.193858
1007 0.1919
1008 0.193708
1009 0.193525
1010 0.195129
1011 0.195823
1012 0.191796
1013 0.194545
1014 0.192107
1015 0.191866
1016 0.193307
1017 0.192379
1018 0.192776
1019 0.193623
1020 0.195157
1021 0.194613
1022 0.192529
1023 0.192277
1024 0.193718
1025 0.19504
1026 0.194003
1027 0.194315
1028 0.19192
1029 0.194014
1030 0.19339
1031 0.194133
1032 0.19482
1033 0.195106
1034 0.194612
1035 0.195213
1036 0.192715
1037 0.194368
1038 0.194746
1039 0.193538
1040 0.192433
1041 0.195252
1042 0.191974
1043 0.195193
1044 0.19321
1045 0.191847
1046 0.192186
1047 0.19213
1048 0.190966
1049 0.194421
1050 0.194639
1051 0.19142
1052 0.192257
1053 0.192454
1054 0.193579
1055 0.192886
1056 0.194554
1057 0.194544
1058 0.193004
1059 0.192807
1060 0.193032
1061 0.193164
1062 0.191555
1063 0.193612
1064 0.193646
1065 0.195406
1066 0.194681
1067 0.192995
1068 0.194244
1069 0.193827
1070 0.191241
1071 0.193913
1072 0.194557
1073 0.192476
1074 0.193575
1075 0.192752
1076 0.191511
1077 0.194208
1078 0.192145
1079 0.194515
1080 0.192751
1081 0.191285
1082 0.191697
1083 0.194775
1084 0.190372
1085 0.194567
1086 0.193646
1087 0.193267
1088 0.194604
1089 0.195551
1090 0.191824
1091 0.194127
1092 0.191965
1093 0.194471
1094 0.1942
1095 0.191436
1096 0.194324
1097 0.194047
1098 0.192241
1099 0.19274
1100 0.192418
1101 0.192431
1102 0.19199
1103 0.191464
1104 0.193016
1105 0.194943
1106 0.193499
1107 0.192947
1108 0.192938
1109 0.192147
1110 0.194071
1111 0.195517
1112 0.195464
1113 0.192655
1114 0.195607
1115 0.195448
1116 0.194892
1117 0.192178
1118 0.194928
1119 0.194612
1120 0.192032
1121 0.195282
1122 0.193096
1123 0.19424
1124 0.19516
1125 0.195144
1126 0.196445
1127 0.19354
1128 0.195644
1129 0.194041
1130 0.194613
1131 0.191638
1132 0.194444
1133 0.194347
1134 0.191409
1135 0.192148
1136 0.19152
1137 0.194363
1138 0.192176
1139 0.194169
1140 0.194165
1141 0.194974
1142 0.192886
1143 0.193279
1144 0.193654
1145 0.192948
1146 0.19529
1147 0.19336
1148 0.195869
1149 0.193172
1150 0.192056
1151 0.194169
1152 0.194996
1153 0.194451
1154 0.195769
1155 0.194764
1156 0.194429
1157 0.195876
1158 0.193348
1159 0.193053
1160 0.192133
1161 0.193144
1162 0.192405
1163 0.191772
1164 0.19372
1165 0.192222
1166 0.19306
1167 0.19356
1168 0.195269
1169 0.193801
1170 0.193652
1171 0.192678
1172 0.191807
1173 0.194672
1174 0.19464
1175 0.194579
1176 0.19315
1177 0.194484
1178 0.195254
1179 0.194531
1180 0.194528
1181 0.192074
1182 0.193675
1183 0.19339
1184 0.191394
1185 0.193453
1186 0.193373
1187 0.195249
1188 0.194378
1189 0.195532
1190 0.194701
1191 0.194252
1192 0.193622
1193 0.19386
1194 0.192664
1195 0.193559
1196 0.19556
1197 0.19249
1198 0.194502
1199 0.193241
1200 0.194492
1201 0.194536
1202 0.193719
1203 0.192839
1204 0.192387
1205 0.191395
1206 0.193583
1207 0.193088
1208 0.194387
1209 0.194355
1210 0.193053
1211 0.193103
1212 0.194826
1213 0.195568
1214 0.19134
1215 0.193566
1216 0.194034
1217 0.192046
1218 0.19214
1219 0.191858
1220 0.192673
1221 0.193331
1222 0.19459
1223 0.193867
1224 0.192559
1225 0.191313
1226 0.193886
1227 0.192363
1228 0.19167
1229 0.192753
1230 0.192981
1231 0.194437
1232 0.194075
1233 0.194874
1234 0.194851
1235 0.192545
1236 0.193944
1237 0.192999
1238 0.192432
1239 0.193253
1240 0.193959
1241 0.193268
1242 0.192033
1243 0.193214
1244 0.195045
1245 0.195574
1246 0.194411
1247 0.194146
1248 0.194842
1249 0.193795
1250 0.194913
1251 0.194052
1252 0.194832
1253 0.191583
1254 0.194531
1255 0.192812
1256 0.194493
1257 0.193328
1258 0.194047
1259 0.194099
1260 0.192332
1261 0.192222
1262 0.194969
1263 0.192575
1264 0.192108
1265 0.19319
1266 0.194353
1267 0.194139
1268 0.193302
1269 0.193192
1270 0.193337
1271 0.192114
1272 0.194832
1273 0.193737
1274 0.192828
1275 0.194783
1276 0.192163
1277 0.193524
1278 0.194811
1279 0.194665
1280 0.193428
1281 0.195171
1282 0.19469
1283 0.193968
1284 0.193077
1285 0.193186
1286 0.191872
1287 0.192528
1288 0.194554
1289 0.193202
1290 0.193033
1291 0.192692
1292 0.194685
1293 0.192763
1294 0.194881
1295 0.192673
1296 0.194537
1297 0.192399
1298 0.194678
1299 0.19527
1300 0.191616
1301 0.19483
1302 0.193061
1303 0.192629
1304 0.192481
1305 0.193327
1306 0.194134
1307 0.193152
1308 0.195222
1309 0.193793
1310 0.193111
1311 0.190676
1312 0.193319
1313 0.192396
1314 0.191534
1315 0.192914
1316 0.195531
1317 0.194772
1318 0.193323
1319 0.192678
1320 0.192182
1321 0.194329
1322 0.193647
1323 0.194889
1324 0.193521
1325 0.191395
1326 0.192568
1327 0.193314
1328 0.193489
1329 0.194773
1330 0.194449
1331 0.194687
1332 0.195432
1333 0.192812
1334 0.193706
1335 0.195164
1336 0.194909
1337 0.192729
1338 0.19288
1339 0.19255
1340 0.193858
1341 0.195826
1342 0.194183
1343 0.193018
1344 0.194164
1345 0.193104
1346 0.193682
1347 0.191744
1348 0.193459
1349 0.194463
1350 0.191486
1351 0.193934
1352 0.193332
1353 0.193241
1354 0.195021
1355 0.193633
1356 0.195102
1357 0.195226
1358 0.193115
1359 0.193635
1360 0.193114
1361 0.192934
1362 0.1945
1363 0.193063
1364 0.194146
1365 0.192773
1366 0.193932
1367 0.193654
1368 0.192268
1369 0.194946
1370 0.192148
1371 0.194565
1372 0.192238
1373 0.195066
1374 0.193616
1375 0.194205
1376 0.193068
1377 0.19245
1378 0.19173
1379 0.193265
1380 0.193396
1381 0.192998
1382 0.194769
1383 0.190947
1384 0.19189
1385 0.193527
1386 0.195042
1387 0.193654
1388 0.195026
1389 0.192198
1390 0.193164
1391 0.193096
1392 0.195037
1393 0.195266
1394 0.191887
1395 0.192579
1396 0.192684
1397 0.193477
1398 0.193992
1399 0.194683
1400 0.191849
1401 0.193959
1402 0.19219
1403 0.192366
1404 0.192195
1405 0.192116
1406 0.191784
1407 0.19257
1408 0.193984
1409 0.195074
1410 0.193881
1411 0.195363
1412 0.193061
1413 0.19561
1414 0.192644
1415 0.194649
1416 0.195041
1417 0.193831
1418 0.195115
1419 0.191849
1420 0.192482
1421 0.194619
1422 0.1945
1423 0.193308
1424 0.192384
1425 0.192509
1426 0.194437
1427 0.19349
1428 0.193107
1429 0.19509
1430 0.191613
1431 0.192752
1432 0.191875
1433 0.192912
1434 0.19431
1435 0.194166
1436 0.195577
1437 0.194512
1438 0.193989
1439 0.192654
1440 0.193217
1441 0.192121
1442 0.194231
1443 0.194564
1444 0.191887
1445 0.192161
1446 0.194959
1447 0.19512
1448 0.193676
1449 0.193688
1450 0.192586
1451 0.194164
1452 0.194615
1453 0.19448
1454 0.19435
1455 0.191036
1456 0.192307
1457 0.193043
1458 0.192195
1459 0.193471
1460 0.194649
1461 0.194682
1462 0.194323
1463 0.194632
1464 0.194181
1465 0.194012
1466 0.190406
1467 0.19413
1468 0.195195
1469 0.192217
1470 0.192822
1471 0.194188
1472 0.192191
1473 0.194297
1474 0.192226
1475 0.192691
1476 0.192892
1477 0.192633
1478 0.194877
1479 0.195483
1480 0.190859
1481 0.194206
1482 0.192818
1483 0.192637
1484 0.194206
1485 0.192588
1486 0.194688
1487 0.19276
1488 0.194403
1489 0.192732
1490 0.19164
1491 0.192874
1492 0.193275
1493 0.192075
1494 0.193519
1495 0.192834
1496 0.194688
1497 0.196371
1498 0.193256
1499 0.191663
1500 0.191818
1501 0.19452
1502 0.192529
1503 0.192763
1504 0.193485
1505 0.194565
1506 0.193749
1507 0.195005
1508 0.196275
1509 0.193213
1510 0.194909
1511 0.194889
1512 0.194521
1513 0.193543
1514 0.194778
1515 0.193591
1516 0.19218
1517 0.194394
1518 0.195188
1519 0.19322
1520 0.192202
1521 0.194589
1522 0.192295
1523 0.1925
1524 0.19474
1525 0.191984
1526 0.193595
1527 0.194314
1528 0.193125
1529 0.193248
1530 0.193688
1531 0.193491
1532 0.192419
1533 0.193371
1534 0.193873
1535 0.192202
1536 0.192872
1537 0.19505
1538 0.193795
1539 0.193264
1540 0.19377
1541 0.19494
1542 0.192878
1543 0.193718
1544 0.195443
1545 0.192755
1546 0.192853
1547 0.195029
1548 0.192957
1549 0.19192
1550 0.194094
1551 0.193376
1552 0.191748
1553 0.192216
1554 0.195082
1555 0.193376
1556 0.192958
1557 0.192685
1558 0.192844
1559 0.194383
1560 0.192297
1561 0.19287
1562 0.191499
1563 0.193157
1564 0.192922
1565 0.192816
1566 0.19454
1567 0.194896
1568 0.192684
1569 0.192388
1570 0.194875
1571 0.190575
1572 0.193525
1573 0.194794
1574 0.193719
1575 0.194344
1576 0.193988
1577 0.194437
1578 0.193871
1579 0.195223
1580 0.194809
1581 0.193013
1582 0.193716
1583 0.193061
1584 0.194578
1585 0.191875
1586 0.19521
1587 0.193409
1588 0.193212
1589 0.19404
1590 0.194869
1591 0.193335
1592 0.192906
1593 0.194636
1594 0.193066
1595 0.194665
1596 0.191576
1597 0.1951
1598 0.19295
1599 0.191087
1600 0.194035
1601 0.191677
1602 0.195466
1603 0.192912
1604 0.192782
1605 0.192174
1606 0.19212
1607 0.191739
1608 0.192829
1609 0.193601
1610 0.19172
1611 0.192242
1612 0.195171
1613 0.194029
1614 0.193425
1615 0.195611
1616 0.193625
1617 0.193887
1618 0.191214
1619 0.193481
1620 0.192665
1621 0.190638
1622 0.192951
1623 0.192497
1624 0.194454
1625 0.193793
1626 0.194123
1627 0.196083
1628 0.192898
1629 0.192662
1630 0.194598
1631 0.195258
1632 0.193181
1633 0.195282
1634 0.193165
1635 0.192071
1636 0.192013
1637 0.192385
1638 0.192423
1639 0.193744
1640 0.192829
1641 0.193362
1642 0.195005
1643 0.194319
1644 0.194717
1645 0.192931
1646 0.193181
1647 0.194091
1648 0.19327
1649 0.192169
1650 0.193812
1651 0.19506
1652 0.193706
1653 0.195213
1654 0.195037
1655 0.192981
1656 0.194335
1657 0.194288
1658 0.194964
1659 0.195315
1660 0.192886
1661 0.194028
1662 0.192589
1663 0.195499
1664 0.194339
1665 0.192934
1666 0.192584
1667 0.194105
1668 0.193565
1669 0.193666
1670 0.194546
1671 0.192602
1672 0.194652
1673 0.193647
1674 0.194145
1675 0.195217
1676 0.19366
1677 0.192293
1678 0.192094
1679 0.194226
1680 0.194558
1681 0.192254
1682 0.191791
1683 0.192344
1684 0.194443
1685 0.195048
1686 0.194485
1687 0.195242
1688 0.194232
1689 0.194177
1690 0.194391
1691 0.193074
1692 0.193912
1693 0.193988
1694 0.193715
1695 0.194928
1696 0.195096
1697 0.193142
1698 0.194681
1699 0.194937
1700 0.192891
1701 0.194015
1702 0.195064
1703 0.194606
1704 0.193097
1705 0.192534
1706 0.191253
1707 0.194545
1708 0.193386
1709 0.194715
1710 0.195912
1711 0.192982
1712 0.19388
1713 0.195042
1714 0.1938
1715 0.193608
1716 0.194924
1717 0.195414
1718 0.190729
1719 0.194951
1720 0.193323
1721 0.191573
1722 0.192169
1723 0.19439
1724 0.195175
1725 0.194761
1726 0.193254
1727 0.195018
1728 0.194517
1729 0.192066
1730 0.193811
1731 0.195073
1732 0.192263
1733 0.193681
1734 0.19299
1735 0.195027
1736 0.195044
1737 0.193875
1738 0.195685
1739 0.194506
1740 0.191698
1741 0.191765
1742 0.193319
1743 0.192843
1744 0.191916
1745 0.194719
1746 0.192538
1747 0.194855
1748 0.195142
1749 0.193223
1750 0.193302
1751 0.192988
1752 0.192648
1753 0.194646
1754 0.193847
1755 0.195287
1756 0.193331
1757 0.190849
1758 0.194385
1759 0.19369
1760 0.192464
1761 0.193819
1762 0.192591
1763 0.191903
1764 0.193522
1765 0.191318
1766 0.191743
1767 0.194531
1768 0.191899
1769 0.194952
1770 0.192973
1771 0.194964
1772 0.192647
1773 0.193603
1774 0.192325
1775 0.191973
1776 0.192903
1777 0.194004
1778 0.191867
1779 0.192282
1780 0.194762
1781 0.194211
1782 0.192402
1783 0.193917
1784 0.194364
1785 0.193365
1786 0.194641
1787 0.194664
1788 0.195334
1789 0.194631
1790 0.191272
1791 0.194096
1792 0.193205
1793 0.191643
1794 0.193751
1795 0.193622
1796 0.192281
1797 0.193798
1798 0.193189
1799 0.194319
1800 0.193826
1801 0.191748
1802 0.193963
1803 0.191834
1804 0.192321
1805 0.192218
1806 0.194073
1807 0.193178
1808 0.193187
1809 0.19542
1810 0.194063
1811 0.194129
1812 0.191847
1813 0.193504
1814 0.194516
1815 0.194538
1816 0.193462
1817 0.194703
1818 0.195904
1819 0.19449
1820 0.194312
1821 0.194361
1822 0.193477
1823 0.191912
1824 0.192595
1825 0.193881
1826 0.193817
1827 0.195605
1828 0.193665
1829 0.191581
1830 0.194257
1831 0.194995
1832 0.191674
1833 0.194337
1834 0.194238
1835 0.192424
1836 0.192124
1837 0.191921
1838 0.193464
1839 0.194424
1840 0.191908
1841 0.192775
1842 0.192192
1843 0.191997
1844 0.193643
1845 0.191422
1846 0.193523
1847 0.192684
1848 0.19133
1849 0.193514
1850 0.194261
1851 0.191097
1852 0.193271
1853 0.194954
1854 0.196087
1855 0.193886
1856 0.193739
1857 0.193319
1858 0.193539
1859 0.194395
1860 0.193956
1861 0.19447
1862 0.195098
1863 0.19345
1864 0.19176
1865 0.194217
1866 0.192366
1867 0.194151
1868 0.195567
1869 0.193676
1870 0.19214
1871 0.192787
1872 0.193107
1873 0.191936
1874 0.192423
1875 0.193965
1876 0.192423
1877 0.192456
1878 0.19252
1879 0.191903
1880 0.191459
1881 0.193344
1882 0.195107
1883 0.192484
1884 0.194395
1885 0.193293
1886 0.193374
1887 0.193855
1888 0.193451
1889 0.195531
1890 0.193895
1891 0.193998
1892 0.194005
1893 0.194287
1894 0.193253
1895 0.19234
1896 0.195137
1897 0.192726
1898 0.195158
1899 0.193411
1900 0.193883
1901 0.193345
1902 0.194646
1903 0.194017
1904 0.193878
1905 0.193719
1906 0.192114
1907 0.19505
1908 0.195407
1909 0.192336
1910 0.192247
1911 0.194774
1912 0.19283
1913 0.192718
1914 0.194056
1915 0.193883
1916 0.194749
1917 0.191351
1918 0.193109
1919 0.191836
1920 0.19279
1921 0.192792
1922 0.194591
1923 0.193667
1924 0.195196
1925 0.194624
1926 0.19493
1927 0.193498
1928 0.192192
1929 0.194362
1930 0.195443
1931 0.191863
1932 0.195169
1933 0.194684
1934 0.191667
1935 0.195203
1936 0.192993
1937 0.193416
1938 0.19449
1939 0.193636
1940 0.195804
1941 0.194262
1942 0.190661
1943 0.194246
1944 0.194609
1945 0.192617
1946 0.19466
1947 0.192069
1948 0.193162
1949 0.192386
1950 0.192816
1951 0.193073
1952 0.193057
1953 0.194972
1954 0.192202
1955 0.193221
1956 0.192329
1957 0.192856
1958 0.195061
1959 0.192556
1960 0.193346
1961 0.192622
1962 0.194214
1963 0.194798
1964 0.191981
1965 0.195646
1966 0.193471
1967 0.191457
1968 0.191917
1969 0.191826
1970 0.193093
1971 0.19482
1972 0.194801
1973 0.195966
1974 0.194056
1975 0.195663
1976 0.195828
1977 0.19472
1978 0.194866
1979 0.191985
1980 0.194753
1981 0.192327
1982 0.194743
1983 0.193365
1984 0.19187
1985 0.192567
1986 0.192888
1987 0.19412
1988 0.192335
1989 0.194306
1990 0.195559
1991 0.193056
1992 0.193827
1993 0.192517
1994 0.194058
1995 0.192108
1996 0.193537
1997 0.193932
1998 0.196136
1999 0.193266
2000 0.194288
2001 0.194754
2002 0.195551
2003 0.191007
2004 0.195162
2005 0.194062
2006 0.19417
2007 0.192923
2008 0.192541
2009 0.192834
2010 0.193827
2011 0.194521
2012 0.194865
2013 0.19326
2014 0.19089
2015 0.194216
2016 0.194134
2017 0.193918
2018 0.194339
2019 0.192186
2020 0.193236
2021 0.191898
2022 0.193164
2023 0.193512
2024 0.192846
2025 0.194783
2026 0.195778
2027 0.194074
2028 0.193897
2029 0.195127
2030 0.19207
2031 0.191769
2032 0.193492
2033 0.194932
2034 0.196387
2035 0.193295
2036 0.193247
2037 0.193831
2038 0.192511
2039 0.191163
2040 0.191692
2041 0.194321
2042 0.192393
2043 0.19199
2044 0.1951
2045 0.194307
2046 0.193197
2047 0.195196
2048 0.194942
2049 0.192413
2050 0.192298
2051 0.194991
2052 0.195234
2053 0.191494
2054 0.193345
2055 0.193219
2056 0.191694
2057 0.193659
2058 0.195492
2059 0.1926
2060 0.195103
2061 0.192179
2062 0.193705
2063 0.194335
2064 0.194403
2065 0.193032
2066 0.192816
2067 0.193647
2068 0.194743
2069 0.193938
2070 0.193278
2071 0.192024
2072 0.192755
2073 0.191943
2074 0.191656
2075 0.191038
2076 0.191627
2077 0.191767
2078 0.193296
2079 0.194813
2080 0.193021
2081 0.193322
2082 0.192047
2083 0.193346
2084 0.194944
2085 0.194201
2086 0.192153
2087 0.194717
2088 0.193678
2089 0.192502
2090 0.193544
2091 0.192691
2092 0.191196
2093 0.194076
2094 0.193006
2095 0.192108
2096 0.194365
2097 0.193954
2098 0.194087
2099 0
