0 0.0991497
1 -0.234721
2 -0.373497
3 -0.490969
4 -0.590194
5 -0.668192
6 -0.758312
7 -0.75249
8 -0.802339
9 -0.676443
10 -0.579353
11 -0.321412
12 -0.0753534
13 0.0617029
14 0.12792
15 0.145374
16 0.154829
17 0.170336
18 0.175732
19 0.168904
20 0.18372
21 0.172525
22 0.185642
23 0.18818
24 0.163982
25 0.175392
26 0.176992
27 0.1602
28 0.16583
29 0.161739
30 0.169228
31 0.165464
32 0.176311
33 0.179694
34 0.168365
35 0.174409
36 0.181485
37 0.177328
38 0.178671
39 0.183145
40 0.169239
41 0.178434
42 0.183383
43 0.157515
44 0.167477
45 0.177726
46 0.157952
47 0.1749
48 0.173945
49 0.173836
50 0.164573
51 0.162402
52 0.170234
53 0.178833
54 0.172478
55 0.176006
56 0.178552
57 0.182787
58 0.169799
59 0.179718
60 0.181182
61 0.177574
62 0.170559
63 0.176681
64 0.18186
65 0.164398
66 0.163957
67 0.186904
68 0.173227
69 0.162279
70 0.17194
71 0.181144
72 0.181709
73 0.167175
74 0.186242
75 0.181503
76 0.165586
77 0.177144
78 0.179314
79 0.167799
80 0.16307
81 0.177749
82 0.173238
83 0.175449
84 0.178269
85 0.177837
86 0.184466
87 0.178837
88 0.162226
89 0.178002
90 0.18469
91 0.159326
92 0.168966
93 0.184897
94 0.163546
95 0.177195
96 0.174755
97 0.174016
98 0.168098
99 0.174972
100 0.170139
101 0.165297
102 0.180869
103 0.165491
104 0.179484
105 0.19107
106 0.16449
107 0.173461
108 0.186125
109 0.178945
110 0.164427
111 0.171162
112 0.180849
113 0.165635
114 0.168659
115 0.181595
116 0.156728
117 0.170244
118 0.18408
119 0.17305
120 0.162772
121 0.173979
122 0.170315
123 0.158621
124 0.152336
125 0.172428
126 0.167328
127 0.163101
128 0.181147
129 0.175942
130 0.163324
131 0.182645
132 0.169689
133 0.176831
134 0.175807
135 0.161165
136 0.166318
137 0.172068
138 0.164154
139 0.171628
140 0.166731
141 0.164275
142 0.181489
143 0.179242
144 0.161103
145 0.182874
146 0.183401
147 0.164203
148 0.168511
149 0.181998
150 0.185648
151 0.16935
152 0.171995
153 0.185195
154 0.182491
155 0.169486
156 0.183947
157 0.19188
158 0.165805
159 0.174562
160 0.175508
161 0.165198
162 0.161411
163 0.165658
164 0.179829
165 0.161136
166 0.157164
167 0.186426
168 0.159219
169 0.162709
170 0.175258
171 0.179215
172 0.166853
173 0.183602
174 0.176092
175 0.156019
176 0.174643
177 0.16876
178 0.172702
179 0.169366
180 0.174498
181 0.175507
182 0.166137
183 0.174605
184 0.167757
185 0.156554
186 0.173737
187 0.164672
188 0.175425
189 0.166844
190 0.157023
191 0.183621
192 0.163768
193 0.154322
194 0.17026
195 0.169569
196 0.160774
197 0.171693
198 0.180451
199 0.176446
200 0.175251
201 0.177423
202 0.181228
203 0.166819
204 0.176986
205 0.179903
206 0.169806
207 0.170407
208 0.176209
209 0.173191
210 0.165035
211 0.170777
212 0.180942
213 0.159543
214 0.176183
215 0.169183
216 0.166306
217 0.180227
218 0.162142
219 0.180207
220 0.183804
221 0.165745
222 0.167396
223 0.193546
224 0.169732
225 0.15976
226 0.190896
227 0.179384
228 0.174313
229 0.179158
230 0.168668
231 0.164691
232 0.177826
233 0.175346
234 0.165693
235 0.17131
236 0.175904
237 0.166919
238 0.173202
239 0.172025
240 0.160561
241 0.167171
242 0.162726
243 0.173317
244 0.169692
245 0.167063
246 0.17335
247 0.159248
248 0.170204
249 0.174271
250 0.175484
251 0.175523
252 0.171241
253 0.181766
254 0.169982
255 0.170458
256 0.173247
257 0.163414
258 0.170943
259 0.159617
260 0.169858
261 0.170202
262 0.161457
263 0.171407
264 0.170445
265 0.175954
266 0.172275
267 0.177824
268 0.169829
269 0.175775
270 0.182671
271 0.171108
272 0.174117
273 0.168588
274 0.167816
275 0.168248
276 0.172462
277 0.1675
278 0.159373
279 0.164095
280 0.157502
281 0.170192
282 0.167777
283 0.170593
284 0.176735
285 0.16309
286 0.180754
287 0.187977
288 0.162903
289 0.170694
290 0.16719
291 0.172453
292 0.171498
293 0.157962
294 0.170264
295 0.167675
296 0.161818
297 0.167537
298 0.171086
299 0.161778
300 0.170243
301 0.181187
302 0.165692
303 0.17252
304 0.161546
305 0.17355
306 0.17725
307 0.168514
308 0.169578
309 0.174359
310 0.166447
311 0.163097
312 0.17211
313 0.158595
314 0.160646
315 0.171479
316 0.178546
317 0.163431
318 0.169288
319 0.183485
320 0.169903
321 0.175261
322 0.174458
323 0.162894
324 0.180995
325 0.168074
326 0.165947
327 0.163966
328 0.158869
329 0.163808
330 0.152466
331 0.170046
332 0.162203
333 0.151794
334 0.173854
335 0.155833
336 0.166017
337 0.17509
338 0.171508
339 0.18278
340 0.169362
341 0.173077
342 0.179061
343 0.172294
344 0.164249
345 0.162041
346 0.167079
347 0.169686
348 0.174884
349 0.166497
350 0.170098
351 0.166239
352 0.164074
353 0.175003
354 0.165355
355 0.171401
356 0.162572
357 0.178677
358 0.170892
359 0.172342
360 0.172408
361 0.184728
362 0.170174
363 0.163409
364 0.182938
365 0.174308
366 0.162816
367 0.163282
368 0.17608
369 0.16376
370 0.159239
371 0.176987
372 0.159962
373 0.15467
374 0.175227
375 0.173303
376 0.175337
377 0.168305
378 0.167455
379 0.173413
380 0.180748
381 0.163839
382 0.164978
383 0.180853
384 0.163722
385 0.172327
386 0.176553
387 0.174394
388 0.168564
389 0.164641
390 0.18069
391 0.16573
392 0.172251
393 0.184067
394 0.163347
395 0.163093
396 0.167835
397 0.177504
398 0.162474
399 0.152394
400 0.176117
401 0.164673
402 0.16443
403 0.171139
404 0.178751
405 0.17691
406 0.173344
407 0.175509
408 0.170567
409 0.164171
410 0.178868
411 0.164343
412 0.160027
413 0.166651
414 0.168436
415 0.166861
416 0.166475
417 0.166674
418 0.174119
419 0.17758
420 0.16249
421 0.181537
422 0.1718
423 0.183019
424 0.175202
425 0.165738
426 0.170564
427 0.17346
428 0.169192
429 0.175084
430 0.169629
431 0.175348
432 0.171118
433 0.180508
434 0.182399
435 0.172236
436 0.168979
437 0.190342
438 0.178123
439 0.174191
440 0.173212
441 0.163397
442 0.169118
443 0.1684
444 0.178566
445 0.165612
446 0.177773
447 0.182251
448 0.16359
449 0.163158
450 0.175404
451 0.181873
452 0.169978
453 0.167983
454 0.165947
455 0.182692
456 0.176306
457 0.158335
458 0.186988
459 0.175977
460 0.169743
461 0.172105
462 0.162196
463 0.176732
464 0.17439
465 0.160154
466 0.17868
467 0.165754
468 0.17615
469 0.17344
470 0.161784
471 0.172552
472 0.165378
473 0.178396
474 0.165144
475 0.17376
476 0.184311
477 0.17755
478 0.183121
479 0.165774
480 0.162397
481 0.180394
482 0.165814
483 0.160017
484 0.167909
485 0.158362
486 0.176744
487 0.15912
488 0.160343
489 0.164996
490 0.172476
491 0.173335
492 0.170421
493 0.164457
494 0.1831
495 0.173568
496 0.175958
497 0.180802
498 0.168333
499 0.183079
500 0.180727
501 0.156928
502 0.175545
503 0.165751
504 0.160636
505 0.167054
506 0.149847
507 0.175692
508 0.161835
509 0.152277
510 0.168456
511 0.168396
512 0.172585
513 0.160229
514 0.169932
515 0.179421
516 0.164448
517 0.170316
518 0.17222
519 0.172248
520 0.173088
521 0.174082
522 0.165242
523 0.177498
524 0.17274
525 0.15497
526 0.171692
527 0.174975
528 0.161753
529 0.162049
530 0.184482
531 0.170198
532 0.169275
533 0.169526
534 0.183477
535 0.185421
536 0.162775
537 0.163041
538 0.184303
539 0.169128
540 0.162729
541 0.175572
542 0.174419
543 0.162683
544 0.183994
545 0.181206
546 0.16462
547 0.177187
548 0.18553
549 0.183727
550 0.168568
551 0.16561
552 0.180954
553 0.156636
554 0.173096
555 0.177519
556 0.165497
557 0.176143
558 0.185612
559 0.173825
560 0.177386
561 0.168837
562 0.18377
563 0.174935
564 0.170883
565 0.189402
566 0.184118
567 0.183718
568 0.175607
569 0.165574
570 0.177386
571 0.18097
572 0.180184
573 0.167936
574 0.179033
575 0.17369
576 0.16817
577 0.170029
578 0.176549
579 0.181576
580 0.166954
581 0.167465
582 0.185507
583 0.180788
584 0.168782
585 0.173455
586 0.176726
587 0.181437
588 0.167406
589 0.167677
590 0.169078
591 0.167437
592 0.172533
593 0.165944
594 0.163808
595 0.170481
596 0.183972
597 0.169458
598 0.169337
599 0.17432
600 0.159945
601 0.165871
602 0.16475
603 0.154254
604 0.172424
605 0.160494
606 0.172017
607 0.16953
608 0.166522
609 0.178287
610 0.176411
611 0.172554
612 0.175038
613 0.169629
614 0.184254
615 0.168485
616 0.166809
617 0.188181
618 0.166266
619 0.17023
620 0.179393
621 0.167525
622 0.177441
623 0.168298
624 0.160205
625 0.172433
626 0.168138
627 0.162328
628 0.174368
629 0.17855
630 0.161981
631 0.183215
632 0.170961
633 0.158431
634 0.172667
635 0.167775
636 0.154602
637 0.166933
638 0.171876
639 0.167834
640 0.171265
641 0.181179
642 0.174236
643 0.170877
644 0.171474
645 0.163548
646 0.166096
647 0.173171
648 0.158227
649 0.165963
650 0.167106
651 0.171172
652 0.170429
653 0.174655
654 0.173816
655 0.185095
656 0.174282
657 0.185043
658 0.174464
659 0.179676
660 0.181821
661 0.17547
662 0.189242
663 0.170544
664 0.17989
665 0.17859
666 0.1762
667 0.16296
668 0.177197
669 0.182703
670 0.175652
671 0.179345
672 0.17257
673 0.17924
674 0.179394
675 0.16866
676 0.187758
677 0.170748
678 0.167086
679 0.172434
680 0.163987
681 0.178123
682 0.165533
683 0.164861
684 0.183692
685 0.168799
686 0.174271
687 0.169536
688 0.158405
689 0.179779
690 0.170701
691 0.165268
692 0.169408
693 0.168654
694 0.165878
695 0.162766
696 0.176795
697 0.166616
698 0.170249
699 0.173559
700 0.174859
701 0.174517
702 0.182323
703 0.165532
704 0.175935
705 0.181258
706 0.165595
707 0.174838
708 0.168601
709 0.179465
710 0.166245
711 0.17893
712 0.178662
713 0.17339
714 0.175101
715 0.166206
716 0.177309
717 0.182159
718 0.169486
719 0.166099
720 0.170317
721 0.166773
722 0.161364
723 0.167965
724 0.159141
725 0.167365
726 0.174858
727 0.174764
728 0.162594
729 0.166134
730 0.182028
731 0.177838
732 0.16709
733 0.172784
734 0.184008
735 0.176206
736 0.177865
737 0.173536
738 0.177847
739 0.183308
740 0.173837
741 0.174154
742 0.179573
743 0.174699
744 0.182937
745 0.16174
746 0.17574
747 0.179622
748 0.162655
749 0.161067
750 0.176974
751 0.168142
752 0.160108
753 0.172434
754 0.171501
755 0.164908
756 0.17804
757 0.174095
758 0.163009
759 0.171642
760 0.174198
761 0.177295
762 0.163541
763 0.162443
764 0.169787
765 0.167975
766 0.170658
767 0.174601
768 0.165257
769 0.168292
770 0.175553
771 0.158224
772 0.166897
773 0.177807
774 0.173741
775 0.177535
776 0.176353
777 0.170817
778 0.174445
779 0.168462
780 0.173233
781 0.17904
782 0.171338
783 0.179978
784 0.166237
785 0.159272
786 0.176155
787 0.170442
788 0.163462
789 0.178856
790 0.170504
791 0.179601
792 0.175787
793 0.162065
794 0.167245
795 0.164801
796 0.170308
797 0.181082
798 0.162148
799 0.169308
800 0.186114
801 0.162329
802 0.167834
803 0.174057
804 0.170021
805 0.171296
806 0.170137
807 0.16193
808 0.18071
809 0.164154
810 0.172114
811 0.191212
812 0.169093
813 0.16808
814 0.189842
815 0.178739
816 0.176139
817 0.17666
818 0.171461
819 0.172268
820 0.181169
821 0.172078
822 0.17553
823 0.173263
824 0.16358
825 0.167011
826 0.160648
827 0.16283
828 0.161258
829 0.171833
830 0.169505
831 0.171516
832 0.180815
833 0.176748
834 0.183834
835 0.177361
836 0.179003
837 0.178037
838 0.164801
839 0.170162
840 0.159984
841 0.175559
842 0.180074
843 0.172882
844 0.16697
845 0.1803
846 0.163112
847 0.171256
848 0.166717
849 0.157729
850 0.169264
851 0.169021
852 0.172318
853 0.168171
854 0.161697
855 0.175033
856 0.165823
857 0.158692
858 0.163143
859 0.170112
860 0.166834
861 0.169696
862 0.172503
863 0.180383
864 0.17903
865 0.171439
866 0.172336
867 0.164858
868 0.167685
869 0.174131
870 0.170492
871 0.180273
872 0.171765
873 0.169601
874 0.186605
875 0.17823
876 0.1658
877 0.16905
878 0.177679
879 0.165118
880 0.179511
881 0.169804
882 0.159954
883 0.180283
884 0.160387
885 0.164063
886 0.176276
887 0.165979
888 0.177755
889 0.188282
890 0.164551
891 0.182292
892 0.17358
893 0.174916
894 0.179894
895 0.171485
896 0.17334
897 0.168547
898 0.183361
899 0.183146
900 0.166681
901 0.185613
902 0.181501
903 0.168713
904 0.170431
905 0.16238
906 0.163753
907 0.160633
908 0.15484
909 0.171092
910 0.158733
911 0.173824
912 0.167169
913 0.179855
914 0.171735
915 0.157625
916 0.174668
917 0.174343
918 0.168343
919 0.161144
920 0.168725
921 0.173234
922 0.163186
923 0.16084
924 0.161785
925 0.156315
926 0.173003
927 0.175172
928 0.16411
929 0.174367
930 0.173649
931 0.176842
932 0.180503
933 0.17479
934 0.186038
935 0.169214
936 0.172697
937 0.166886
938 0.169489
939 0.183783
940 0.175552
941 0.180856
942 0.172477
943 0.183126
944 0.167474
945 0.175604
946 0.192529
947 0.169316
948 0.172904
949 0.187776
950 0.173862
951 0.175086
952 0.167776
953 0.191233
954 0.171492
955 0.167054
956 0.173393
957 0.173966
958 0.170811
959 0.166833
960 0.171303
961 0.175094
962 0.173867
963 0.171336
964 0.169371
965 0.181963
966 0.174397
967 0.161124
968 0.172401
969 0.163718
970 0.154696
971 0.17973
972 0.177969
973 0.160508
974 0.174572
975 0.174084
976 0.170803
977 0.184449
978 0.177838
979 0.17172
980 0.175441
981 0.170344
982 0.164461
983 0.167929
984 0.184266
985 0.175743
986 0.180629
987 0.18582
988 0.172949
989 0.174438
990 0.173045
991 0.188011
992 0.179098
993 0.180639
994 0.178379
995 0.163278
996 0.181804
997 0.16979
998 0.180125
999 0.179695
1000 0.167988
1001 0.169506
1002 0.180598
1003 0.174789
1004 0.176424
1005 0.179412
1006 0.172033
1007 0.167484
1008 0.180898
1009 0.172799
1010 0.173437
1011 0.181371
1012 0.164528
1013 0.176276
1014 0.167217
1015 0.164544
1016 0.171758
1017 0.158504
1018 0.164702
1019 0.172294
1020 0.174155
1021 0.171802
1022 0.159562
1023 0.171519
1024 0.172158
1025 0.175811
1026 0.176279
1027 0.175386
1028 0.16839
1029 0.182448
1030 0.175683
1031 0.168541
1032 0.179821
1033 0.179215
1034 0.178873
1035 0.179468
1036 0.163166
1037 0.182531
1038 0.180437
1039 0.166308
1040 0.1712
1041 0.187096
1042 0.166499
1043 0.183982
1044 0.175187
1045 0.160916
1046 0.170671
1047 0.161782
1048 0.155681
1049 0.171873
1050 0.175909
1051 0.159614
1052 0.166949
1053 0.170372
1054 0.169135
1055 0.159432
1056 0.169695
1057 0.175944
1058 0.163083
1059 0.173802
1060 0.172159
1061 0.16656
1062 0.163939
1063 0.170057
1064 0.171313
1065 0.176563
1066 0.17561
1067 0.163933
1068 0.176943
1069 0.175717
1070 0.162573
1071 0.176815
1072 0.179025
1073 0.169775
1074 0.173779
1075 0.168897
1076 0.161752
1077 0.178104
1078 0.15666
1079 0.169025
1080 0.167873
1081 0.158193
1082 0.167295
1083 0.178571
1084 0.159422
1085 0.17326
1086 0.176829
1087 0.168734
1088 0.182781
1089 0.177966
1090 0.162332
1091 0.183284
1092 0.167974
1093 0.171371
1094 0.1766
1095 0.161462
1096 0.177145
1097 0.174826
1098 0.164967
1099 0.164906
1100 0.165019
1101 0.16275
1102 0.158892
1103 0.155686
1104 0.167615
1105 0.178156
1106 0.17158
1107 0.165586
1108 0.173693
1109 0.169808
1110 0.170055
1111 0.179567
1112 0.179505
1113 0.165919
1114 0.187299
1115 0.187771
1116 0.171221
1117 0.171249
1118 0.182971
1119 0.182439
1120 0.17134
1121 0.188211
1122 0.175064
1123 0.179256
1124 0.186076
1125 0.180076
1126 0.192287
1127 0.174585
1128 0.189578
1129 0.183318
1130 0.175426
1131 0.171991
1132 0.177997
1133 0.183434
1134 0.161699
1135 0.167497
1136 0.165266
1137 0.172583
1138 0.15499
1139 0.165792
1140 0.175957
1141 0.17265
1142 0.173294
1143 0.171198
1144 0.175451
1145 0.172167
1146 0.177707
1147 0.166895
1148 0.178776
1149 0.169716
1150 0.158491
1151 0.181229
1152 0.177018
1153 0.173354
1154 0.186103
1155 0.182299
1156 0.186307
1157 0.193031
1158 0.167628
1159 0.178623
1160 0.169987
1161 0.17108
1162 0.166233
1163 0.158178
1164 0.173525
1165 0.163747
1166 0.162022
1167 0.176702
1168 0.179125
1169 0.170882
1170 0.17622
1171 0.1713
1172 0.166145
1173 0.17964
1174 0.176045
1175 0.169762
1176 0.17086
1177 0.181844
1178 0.187301
1179 0.17471
1180 0.180598
1181 0.176641
1182 0.174565
1183 0.175139
1184 0.164088
1185 0.176181
1186 0.174218
1187 0.177681
1188 0.176854
1189 0.181373
1190 0.181985
1191 0.176404
1192 0.185147
1193 0.175304
1194 0.16727
1195 0.179893
1196 0.183482
1197 0.161997
1198 0.174411
1199 0.173378
1200 0.171878
1201 0.176405
1202 0.169001
1203 0.169028
1204 0.167823
1205 0.161686
1206 0.181797
1207 0.170222
1208 0.174252
1209 0.181154
1210 0.162945
1211 0.16728
1212 0.179379
1213 0.186346
1214 0.162307
1215 0.176915
1216 0.185685
1217 0.164934
1218 0.162793
1219 0.1643
1220 0.170132
1221 0.165756
1222 0.171218
1223 0.170211
1224 0.161104
1225 0.160521
1226 0.172799
1227 0.157482
1228 0.159034
1229 0.167683
1230 0.165028
1231 0.176151
1232 0.168572
1233 0.175905
1234 0.174359
1235 0.161931
1236 0.172545
1237 0.170926
1238 0.161841
1239 0.175991
1240 0.174205
1241 0.164473
1242 0.167172
1243 0.171188
1244 0.182216
1245 0.179144
1246 0.173348
1247 0.178138
1248 0.180263
1249 0.169675
1250 0.17933
1251 0.174168
1252 0.174774
1253 0.170142
1254 0.180384
1255 0.170651
1256 0.175621
1257 0.172632
1258 0.172627
1259 0.175415
1260 0.162216
1261 0.165259
1262 0.177699
1263 0.156857
1264 0.16299
1265 0.171809
1266 0.171725
1267 0.17412
1268 0.164867
1269 0.168582
1270 0.171883
1271 0.162805
1272 0.17898
1273 0.172826
1274 0.164691
1275 0.194401
1276 0.168498
1277 0.173783
1278 0.189309
1279 0.171024
1280 0.169979
1281 0.182551
1282 0.18234
1283 0.170684
1284 0.171549
1285 0.17427
1286 0.166673
1287 0.161485
1288 0.175262
1289 0.173549
1290 0.163377
1291 0.170117
1292 0.18149
1293 0.162728
1294 0.17515
1295 0.171397
1296 0.181163
1297 0.174823
1298 0.17863
1299 0.188713
1300 0.166867
1301 0.184861
1302 0.174201
1303 0.168152
1304 0.169565
1305 0.168527
1306 0.174193
1307 0.166904
1308 0.181572
1309 0.173712
1310 0.164279
1311 0.166734
1312 0.171092
1313 0.165475
1314 0.15962
1315 0.16457
1316 0.178416
1317 0.1695
1318 0.164659
1319 0.169249
1320 0.165315
1321 0.178153
1322 0.174045
1323 0.173305
1324 0.167737
1325 0.166298
1326 0.168982
1327 0.170826
1328 0.170804
1329 0.17729
1330 0.175214
1331 0.176845
1332 0.187281
1333 0.174552
1334 0.175138
1335 0.18788
1336 0.18611
1337 0.164878
1338 0.169789
1339 0.172878
1340 0.171921
1341 0.184346
1342 0.170563
1343 0.168679
1344 0.183327
1345 0.169666
1346 0.169797
1347 0.169571
1348 0.171208
1349 0.176993
1350 0.163366
1351 0.175744
1352 0.171465
1353 0.163982
1354 0.18059
1355 0.166189
1356 0.17589
1357 0.182722
1358 0.173876
1359 0.171849
1360 0.171567
1361 0.174936
1362 0.17846
1363 0.167638
1364 0.174436
1365 0.167548
1366 0.16993
1367 0.172099
1368 0.160776
1369 0.183951
1370 0.164914
1371 0.174099
1372 0.173598
1373 0.175225
1374 0.173128
1375 0.173204
1376 0.166874
1377 0.163064
1378 0.164998
1379 0.173462
1380 0.17072
1381 0.16327
1382 0.180249
1383 0.160183
1384 0.156368
1385 0.176135
1386 0.18188
1387 0.166137
1388 0.180401
1389 0.170959
1390 0.17025
1391 0.168504
1392 0.174123
1393 0.182038
1394 0.166998
1395 0.170056
1396 0.174404
1397 0.175651
1398 0.16841
1399 0.170348
1400 0.159984
1401 0.172884
1402 0.164889
1403 0.157726
1404 0.166862
1405 0.166307
1406 0.161117
1407 0.164628
1408 0.176425
1409 0.175289
1410 0.168257
1411 0.177814
1412 0.165313
1413 0.178974
1414 0.164889
1415 0.172469
1416 0.183126
1417 0.165581
1418 0.178996
1419 0.171666
1420 0.165446
1421 0.18447
1422 0.178209
1423 0.16358
1424 0.166731
1425 0.172369
1426 0.179156
1427 0.169692
1428 0.164934
1429 0.187109
1430 0.169865
1431 0.166531
1432 0.169716
1433 0.170901
1434 0.176222
1435 0.171061
1436 0.181581
1437 0.17672
1438 0.17598
1439 0.171326
1440 0.172938
1441 0.171099
1442 0.174489
1443 0.177956
1444 0.164826
1445 0.162081
1446 0.181065
1447 0.176382
1448 0.161279
1449 0.169195
1450 0.166301
1451 0.175706
1452 0.179357
1453 0.171621
1454 0.175757
1455 0.16764
1456 0.166953
1457 0.171459
1458 0.164205
1459 0.167901
1460 0.174173
1461 0.174538
1462 0.173717
1463 0.178679
1464 0.176169
1465 0.174457
1466 0.160503
1467 0.174501
1468 0.180093
1469 0.160185
1470 0.166027
1471 0.17859
1472 0.165548
1473 0.175228
1474 0.166428
1475 0.162039
1476 0.173006
1477 0.171325
1478 0.17732
1479 0.181167
1480 0.159639
1481 0.181896
1482 0.173186
1483 0.164018
1484 0.178047
1485 0.162732
1486 0.176208
1487 0.167837
1488 0.179546
1489 0.170543
1490 0.155341
1491 0.174435
1492 0.167836
1493 0.155031
1494 0.168593
1495 0.16188
1496 0.171642
1497 0.183363
1498 0.163497
1499 0.166036
1500 0.167932
1501 0.176743
1502 0.168365
1503 0.159256
1504 0.17491
1505 0.178289
1506 0.170149
1507 0.178726
1508 0.18327
1509 0.162777
1510 0.181257
1511 0.181085
1512 0.171077
1513 0.179371
1514 0.183841
1515 0.174092
1516 0.170922
1517 0.181871
1518 0.178135
1519 0.167986
1520 0.165065
1521 0.185726
1522 0.167185
1523 0.162574
1524 0.187463
1525 0.159149
1526 0.168202
1527 0.180376
1528 0.160205
1529 0.168342
1530 0.174052
1531 0.170478
1532 0.162308
1533 0.169072
1534 0.173658
1535 0.163886
1536 0.165857
1537 0.181492
1538 0.178582
1539 0.165395
1540 0.177719
1541 0.181529
1542 0.159584
1543 0.16841
1544 0.179405
1545 0.157045
1546 0.16836
1547 0.184004
1548 0.164401
1549 0.166874
1550 0.179902
1551 0.168461
1552 0.162671
1553 0.166796
1554 0.179586
1555 0.168134
1556 0.160094
1557 0.170188
1558 0.168889
1559 0.179765
1560 0.169874
1561 0.166619
1562 0.165804
1563 0.171579
1564 0.164891
1565 0.161753
1566 0.179087
1567 0.177404
1568 0.166145
1569 0.166371
1570 0.181471
1571 0.158067
1572 0.165978
1573 0.185401
1574 0.172857
1575 0.174949
1576 0.17753
1577 0.177723
1578 0.171243
1579 0.177403
1580 0.177104
1581 0.165491
1582 0.177536
1583 0.17036
1584 0.174154
1585 0.166351
1586 0.176345
1587 0.169626
1588 0.167517
1589 0.177623
1590 0.17753
1591 0.168326
1592 0.166541
1593 0.179593
1594 0.164995
1595 0.174287
1596 0.171236
1597 0.184534
1598 0.172193
1599 0.161395
1600 0.182967
1601 0.157682
1602 0.175512
1603 0.168955
1604 0.163826
1605 0.169094
1606 0.161488
1607 0.168248
1608 0.165034
1609 0.169866
1610 0.162953
1611 0.159587
1612 0.17821
1613 0.16944
1614 0.160472
1615 0.180697
1616 0.169548
1617 0.167983
1618 0.164731
1619 0.168932
1620 0.166938
1621 0.153799
1622 0.167681
1623 0.160276
1624 0.169744
1625 0.167207
1626 0.167175
1627 0.180278
1628 0.158693
1629 0.170243
1630 0.180674
1631 0.177282
1632 0.172528
1633 0.184775
1634 0.172442
1635 0.167514
1636 0.167798
1637 0.162493
1638 0.163337
1639 0.17026
1640 0.165654
1641 0.168565
1642 0.18431
1643 0.182132
1644 0.177447
1645 0.173488
1646 0.175865
1647 0.179323
1648 0.16606
1649 0.162558
1650 0.17643
1651 0.177103
1652 0.166186
1653 0.182148
1654 0.19019
1655 0.16966
1656 0.18514
1657 0.188234
1658 0.178369
1659 0.185905
1660 0.170256
1661 0.181121
1662 0.17236
1663 0.186507
1664 0.179539
1665 0.169749
1666 0.171997
1667 0.178833
1668 0.177733
1669 0.168759
1670 0.182461
1671 0.175069
1672 0.1796
1673 0.174279
1674 0.176012
1675 0.187676
1676 0.170542
1677 0.162665
1678 0.167442
1679 0.178796
1680 0.174905
1681 0.156516
1682 0.169956
1683 0.170521
1684 0.177424
1685 0.177148
1686 0.172669
1687 0.183505
1688 0.178675
1689 0.176105
1690 0.181381
1691 0.165938
1692 0.173493
1693 0.180726
1694 0.166294
1695 0.181071
1696 0.185513
1697 0.166795
1698 0.18152
1699 0.183972
1700 0.165743
1701 0.176403
1702 0.183281
1703 0.173474
1704 0.174772
1705 0.162803
1706 0.158363
1707 0.177536
1708 0.162053
1709 0.170921
1710 0.185436
1711 0.163175
1712 0.17403
1713 0.184034
1714 0.170093
1715 0.175044
1716 0.18349
1717 0.183091
1718 0.165937
1719 0.182946
1720 0.178013
1721 0.158413
1722 0.167224
1723 0.175259
1724 0.175044
1725 0.172081
1726 0.169183
1727 0.182978
1728 0.177744
1729 0.168636
1730 0.176971
1731 0.183053
1732 0.169323
1733 0.169443
1734 0.169496
1735 0.177277
1736 0.181019
1737 0.170367
1738 0.185696
1739 0.182039
1740 0.162714
1741 0.164672
1742 0.172309
1743 0.171733
1744 0.155225
1745 0.178111
1746 0.167192
1747 0.174689
1748 0.181171
1749 0.165898
1750 0.17422
1751 0.173435
1752 0.168115
1753 0.179861
1754 0.18069
1755 0.180777
1756 0.173081
1757 0.161649
1758 0.182243
1759 0.170363
1760 0.156461
1761 0.174698
1762 0.166039
1763 0.159965
1764 0.172924
1765 0.165111
1766 0.160042
1767 0.186758
1768 0.171481
1769 0.180122
1770 0.173741
1771 0.174505
1772 0.169219
1773 0.165223
1774 0.1674
1775 0.158364
1776 0.172364
1777 0.172667
1778 0.156492
1779 0.166474
1780 0.17936
1781 0.169121
1782 0.163007
1783 0.178186
1784 0.177401
1785 0.169218
1786 0.178573
1787 0.181776
1788 0.181407
1789 0.178432
1790 0.170692
1791 0.183775
1792 0.172009
1793 0.158847
1794 0.17453
1795 0.167002
1796 0.158733
1797 0.174269
1798 0.168823
1799 0.17121
1800 0.17269
1801 0.16837
1802 0.174904
1803 0.16353
1804 0.163454
1805 0.164414
1806 0.167654
1807 0.165086
1808 0.163435
1809 0.181345
1810 0.171618
1811 0.169649
1812 0.172038
1813 0.17397
1814 0.179049
1815 0.17965
1816 0.165346
1817 0.179336
1818 0.185365
1819 0.171872
1820 0.174917
1821 0.179286
1822 0.173868
1823 0.165797
1824 0.165538
1825 0.173859
1826 0.177864
1827 0.178193
1828 0.172176
1829 0.166341
1830 0.183011
1831 0.17888
1832 0.160028
1833 0.187626
1834 0.181131
1835 0.161956
1836 0.167389
1837 0.171569
1838 0.166723
1839 0.170483
1840 0.15908
1841 0.165196
1842 0.164589
1843 0.158687
1844 0.170576
1845 0.155075
1846 0.165035
1847 0.163821
1848 0.158293
1849 0.170967
1850 0.176409
1851 0.161532
1852 0.171673
1853 0.183409
1854 0.178268
1855 0.168873
1856 0.172241
1857 0.176406
1858 0.173233
1859 0.181618
1860 0.173164
1861 0.17705
1862 0.190317
1863 0.168865
1864 0.162313
1865 0.176635
1866 0.161326
1867 0.167362
1868 0.178629
1869 0.163782
1870 0.166075
1871 0.171747
1872 0.168004
1873 0.166298
1874 0.160271
1875 0.171032
1876 0.163009
1877 0.15976
1878 0.162768
1879 0.158835
1880 0.159035
1881 0.17204
1882 0.175327
1883 0.155348
1884 0.179493
1885 0.169483
1886 0.164475
1887 0.17484
1888 0.165602
1889 0.177883
1890 0.170846
1891 0.172185
1892 0.17646
1893 0.17538
1894 0.169725
1895 0.172418
1896 0.18129
1897 0.164308
1898 0.182188
1899 0.169572
1900 0.16897
1901 0.17577
1902 0.181604
1903 0.175411
1904 0.172924
1905 0.178226
1906 0.171832
1907 0.180451
1908 0.179236
1909 0.166809
1910 0.166446
1911 0.182479
1912 0.168404
1913 0.160568
1914 0.174292
1915 0.172272
1916 0.178215
1917 0.165628
1918 0.169533
1919 0.165362
1920 0.16902
1921 0.1615
1922 0.171084
1923 0.171563
1924 0.176191
1925 0.177608
1926 0.179405
1927 0.173049
1928 0.16516
1929 0.180297
1930 0.181695
1931 0.166003
1932 0.182115
1933 0.18598
1934 0.170028
1935 0.19103
1936 0.174273
1937 0.170872
1938 0.185283
1939 0.172176
1940 0.187386
1941 0.174773
1942 0.160198
1943 0.183158
1944 0.177752
1945 0.166621
1946 0.174937
1947 0.163385
1948 0.16727
1949 0.166131
1950 0.161359
1951 0.166254
1952 0.160835
1953 0.173013
1954 0.156532
1955 0.163378
1956 0.172035
1957 0.160939
1958 0.177138
1959 0.164977
1960 0.163903
1961 0.166038
1962 0.170799
1963 0.177303
1964 0.155912
1965 0.178777
1966 0.171232
1967 0.159972
1968 0.164469
1969 0.159996
1970 0.17094
1971 0.173999
1972 0.175296
1973 0.184479
1974 0.176998
1975 0.18704
1976 0.188851
1977 0.178026
1978 0.192804
1979 0.170443
1980 0.187063
1981 0.180583
1982 0.176565
1983 0.177375
1984 0.164475
1985 0.174161
1986 0.169078
1987 0.171579
1988 0.162206
1989 0.177765
1990 0.18623
1991 0.164736
1992 0.186639
1993 0.174691
1994 0.177447
1995 0.172595
1996 0.169263
1997 0.17272
1998 0.176429
1999 0.161197
2000 0.173173
2001 0.180149
2002 0.179667
2003 0.163028
2004 0.183826
2005 0.180959
2006 0.179223
2007 0.171514
2008 0.168625
2009 0.174882
2010 0.173916
2011 0.17131
2012 0.171075
2013 0.166943
2014 0.163524
2015 0.178845
2016 0.173439
2017 0.172975
2018 0.179386
2019 0.165509
2020 0.175218
2021 0.164998
2022 0.165794
2023 0.171116
2024 0.165682
2025 0.177695
2026 0.182115
2027 0.165909
2028 0.180335
2029 0.183078
2030 0.160672
2031 0.166685
2032 0.173518
2033 0.175437
2034 0.179926
2035 0.166299
2036 0.17267
2037 0.183645
2038 0.163471
2039 0.165301
2040 0.1642
2041 0.17666
2042 0.167226
2043 0.157704
2044 0.188931
2045 0.175697
2046 0.163262
2047 0.184666
2048 0.175021
2049 0.158417
2050 0.171959
2051 0.187717
2052 0.175792
2053 0.164818
2054 0.176519
2055 0.171344
2056 0.156786
2057 0.171219
2058 0.181786
2059 0.163744
2060 0.183906
2061 0.173511
2062 0.171116
2063 0.179506
2064 0.176071
2065 0.163404
2066 0.167634
2067 0.17705
2068 0.178171
2069 0.167112
2070 0.170268
2071 0.167021
2072 0.170587
2073 0.163201
2074 0.156695
2075 0.164629
2076 0.158895
2077 0.157446
2078 0.168973
2079 0.174329
2080 0.162794
2081 0.164665
2082 0.164272
2083 0.170968
2084 0.177104
2085 0.16771
2086 0.168636
2087 0.183034
2088 0.173211
2089 0.167328
2090 0.173517
2091 0.165199
2092 0.15629
2093 0.177736
2094 0.1672
2095 0.157769
2096 0.184311
2097 0.180304
2098 0.170766
2099 0
