0 0.341293
1 -0.494671
2 0.700419
3 0.79
4 -0.368903
5 -0.109334
6 0.743312
7 0.248347
8 -0.33046
9 0.253499
10 0.577809
11 5.4478e-07
12 -0.106452
13 0.394361
14 0.354166
15 -0.050673
16 0.0777143
17 0.406573
18 0.179301
19 -0.00888122
20 0.212375
21 0.323827
22 0.113682
23 0.0655507
24 0.251681
25 0.250274
26 0.0916039
27 0.143834
28 0.256747
29 0.177114
30 0.104594
31 0.188907
32 0.240788
33 0.144281
34 0.119646
35 0.215072
36 0.208269
37 0.1413
38 0.170581
39 0.194979
40 0.174497
41 0.171872
42 0.190158
43 0.176096
44 0.172529
45 0.174931
46 0.181794
47 0.174983
48 0.173833
49 0.163212
50 0.173069
51 0.205597
52 0.158429
53 0.155866
54 0.204319
55 0.168437
56 0.162048
57 0.186179
58 0.17888
59 0.168884
60 0.159846
61 0.17783
62 0.182243
63 0.189121
64 0.154859
65 0.176092
66 0.190806
67 0.164979
68 0.166578
69 0.190231
70 0.195549
71 0.148381
72 0.159569
73 0.20997
74 0.183387
75 0.137516
76 0.168483
77 0.203797
78 0.172639
79 0.158929
80 0.174576
81 0.198753
82 0.181328
83 0.150306
84 0.188484
85 0.183376
86 0.169883
87 0.16211
88 0.178704
89 0.181796
90 0.159588
91 0.183321
92 0.184632
93 0.170339
94 0.161149
95 0.177274
96 0.19517
97 0.164283
98 0.156514
99 0.183919
100 0.197349
101 0.151876
102 0.160529
103 0.203046
104 0.197924
105 0.134344
106 0.158512
107 0.227736
108 0.173517
109 0.11931
110 0.189718
111 0.218735
112 0.15293
113 0.134878
114 0.207955
115 0.198498
116 0.155707
117 0.1733
118 0.198702
119 0.165379
120 0.147021
121 0.203183
122 0.181264
123 0.163358
124 0.169526
125 0.185277
126 0.17716
127 0.173247
128 0.174449
129 0.186607
130 0.175992
131 0.160302
132 0.177694
133 0.18479
134 0.168385
135 0.176013
136 0.1766
137 0.170988
138 0.192129
139 0.187794
140 0.15389
141 0.172391
142 0.201248
143 0.170776
144 0.138381
145 0.189125
146 0.196716
147 0.152139
148 0.182758
149 0.191583
150 0.169555
151 0.152406
152 0.191491
153 0.191241
154 0.164549
155 0.155731
156 0.193455
157 0.189896
158 0.15763
159 0.174068
160 0.199575
161 0.164664
162 0.143541
163 0.192206
164 0.193074
165 0.167338
166 0.174695
167 0.194504
168 0.173094
169 0.153667
170 0.176707
171 0.200618
172 0.17534
173 0.143714
174 0.185087
175 0.20002
176 0.152977
177 0.177474
178 0.181017
179 0.188376
180 0.172404
181 0.176161
182 0.168936
183 0.166529
184 0.198397
185 0.159281
186 0.171826
187 0.179497
188 0.187057
189 0.180446
190 0.163074
191 0.172904
192 0.201694
193 0.166573
194 0.162381
195 0.18888
196 0.174937
197 0.170595
198 0.160846
199 0.17834
200 0.18016
201 0.168829
202 0.187935
203 0.186688
204 0.16463
205 0.166326
206 0.192405
207 0.168169
208 0.154549
209 0.185958
210 0.206897
211 0.173763
212 0.129614
213 0.204201
214 0.206934
215 0.136302
216 0.156398
217 0.230407
218 0.16056
219 0.138927
220 0.21032
221 0.179872
222 0.158778
223 0.180535
224 0.17323
225 0.186882
226 0.172806
227 0.162576
228 0.188062
229 0.180446
230 0.151183
231 0.192229
232 0.203461
233 0.137334
234 0.171777
235 0.212864
236 0.176213
237 0.145281
238 0.195958
239 0.180107
240 0.161496
241 0.187754
242 0.17266
243 0.163764
244 0.171053
245 0.182681
246 0.180615
247 0.161251
248 0.194041
249 0.187136
250 0.140996
251 0.192557
252 0.195065
253 0.167765
254 0.150324
255 0.187494
256 0.187233
257 0.160153
258 0.175388
259 0.192052
260 0.168924
261 0.170661
262 0.190526
263 0.171673
264 0.152638
265 0.185309
266 0.19882
267 0.151329
268 0.178594
269 0.210181
270 0.146026
271 0.161307
272 0.204981
273 0.169624
274 0.153342
275 0.199195
276 0.194579
277 0.159482
278 0.157016
279 0.175766
280 0.212488
281 0.149826
282 0.162493
283 0.214858
284 0.155142
285 0.166975
286 0.178511
287 0.194236
288 0.165914
289 0.170354
290 0.190363
291 0.171052
292 0.177414
293 0.186276
294 0.174601
295 0.153719
296 0.190735
297 0.182762
298 0.167339
299 0.166588
300 0.186226
301 0.194825
302 0.157198
303 0.168144
304 0.189057
305 0.175785
306 0.151895
307 0.192232
308 0.203641
309 0.149836
310 0.165137
311 0.211662
312 0.18332
313 0.13272
314 0.163893
315 0.209829
316 0.17291
317 0.160177
318 0.187587
319 0.20076
320 0.141883
321 0.171796
322 0.204995
323 0.163604
324 0.170858
325 0.174254
326 0.186209
327 0.173211
328 0.169947
329 0.18136
330 0.180779
331 0.162226
332 0.178824
333 0.184449
334 0.169774
335 0.161909
336 0.189572
337 0.170615
338 0.172034
339 0.190243
340 0.166898
341 0.163823
342 0.184056
343 0.188052
344 0.168881
345 0.168127
346 0.172203
347 0.178478
348 0.176251
349 0.190921
350 0.161636
351 0.178087
352 0.178448
353 0.176253
354 0.189092
355 0.150905
356 0.186888
357 0.177005
358 0.16957
359 0.185228
360 0.191138
361 0.156555
362 0.168536
363 0.200274
364 0.161347
365 0.153882
366 0.202134
367 0.173928
368 0.158663
369 0.174018
370 0.199838
371 0.182069
372 0.138365
373 0.183466
374 0.192305
375 0.156836
376 0.167388
377 0.202134
378 0.176538
379 0.160404
380 0.189402
381 0.192781
382 0.158065
383 0.164142
384 0.186494
385 0.167853
386 0.170485
387 0.18981
388 0.166239
389 0.170621
390 0.183979
391 0.1904
392 0.167622
393 0.154751
394 0.181707
395 0.197924
396 0.168166
397 0.155079
398 0.176066
399 0.198022
400 0.171552
401 0.164926
402 0.178962
403 0.191731
404 0.175537
405 0.150925
406 0.186246
407 0.203089
408 0.143354
409 0.178468
410 0.207938
411 0.172421
412 0.144968
413 0.18749
414 0.207458
415 0.158313
416 0.153545
417 0.204699
418 0.175451
419 0.165564
420 0.179346
421 0.191946
422 0.155361
423 0.151585
424 0.211129
425 0.172103
426 0.1415
427 0.197201
428 0.188109
429 0.173255
430 0.161551
431 0.19505
432 0.170124
433 0.152527
434 0.189046
435 0.206738
436 0.165175
437 0.140379
438 0.208592
439 0.202028
440 0.127783
441 0.169353
442 0.227179
443 0.17497
444 0.133924
445 0.194021
446 0.210007
447 0.142803
448 0.147353
449 0.204841
450 0.200594
451 0.134927
452 0.171479
453 0.217434
454 0.175091
455 0.122977
456 0.183772
457 0.213072
458 0.161792
459 0.147759
460 0.206114
461 0.204048
462 0.146997
463 0.144264
464 0.220492
465 0.202018
466 0.125268
467 0.178911
468 0.227789
469 0.148491
470 0.136091
471 0.214717
472 0.185648
473 0.15203
474 0.167574
475 0.214249
476 0.176775
477 0.151244
478 0.186522
479 0.188178
480 0.1761
481 0.143906
482 0.194055
483 0.208153
484 0.155538
485 0.154226
486 0.187878
487 0.201343
488 0.163323
489 0.161444
490 0.179049
491 0.176253
492 0.186293
493 0.173708
494 0.150511
495 0.197061
496 0.179484
497 0.163733
498 0.175899
499 0.175252
500 0.174576
501 0.171405
502 0.185758
503 0.179563
504 0.173041
505 0.160569
506 0.199486
507 0.192679
508 0.152363
509 0.150261
510 0.200976
511 0.181808
512 0.149073
513 0.197445
514 0.186688
515 0.167845
516 0.166566
517 0.1943
518 0.18022
519 0.157132
520 0.177877
521 0.199352
522 0.155933
523 0.159755
524 0.193384
525 0.196881
526 0.144387
527 0.167883
528 0.218403
529 0.168541
530 0.14411
531 0.190782
532 0.20549
533 0.163593
534 0.161702
535 0.19013
536 0.177616
537 0.153561
538 0.184758
539 0.198037
540 0.156047
541 0.176856
542 0.19404
543 0.166899
544 0.155191
545 0.199288
546 0.197731
547 0.134214
548 0.160749
549 0.222531
550 0.17983
551 0.140479
552 0.178288
553 0.197634
554 0.16884
555 0.158544
556 0.198997
557 0.185151
558 0.145317
559 0.187422
560 0.209312
561 0.155379
562 0.148117
563 0.186425
564 0.203086
565 0.162966
566 0.158392
567 0.183123
568 0.19338
569 0.160148
570 0.162021
571 0.203502
572 0.186167
573 0.135902
574 0.173721
575 0.208581
576 0.156006
577 0.165224
578 0.207935
579 0.185031
580 0.131812
581 0.177527
582 0.213837
583 0.152052
584 0.158384
585 0.208925
586 0.195211
587 0.15137
588 0.17163
589 0.200068
590 0.157283
591 0.168652
592 0.183807
593 0.196705
594 0.145046
595 0.182295
596 0.193535
597 0.153962
598 0.181578
599 0.184207
600 0.176815
601 0.170672
602 0.170168
603 0.183079
604 0.188819
605 0.156258
606 0.177144
607 0.183573
608 0.175689
609 0.154605
610 0.195542
611 0.184298
612 0.141224
613 0.19349
614 0.184108
615 0.154993
616 0.176775
617 0.193315
618 0.161453
619 0.159854
620 0.199797
621 0.175278
622 0.151852
623 0.17419
624 0.201786
625 0.170123
626 0.166502
627 0.179435
628 0.196778
629 0.159713
630 0.153507
631 0.191203
632 0.20407
633 0.154688
634 0.151446
635 0.207852
636 0.188223
637 0.135729
638 0.170166
639 0.227939
640 0.15593
641 0.142534
642 0.19954
643 0.194261
644 0.165078
645 0.172114
646 0.18512
647 0.179874
648 0.162331
649 0.18246
650 0.169854
651 0.171553
652 0.178076
653 0.191671
654 0.174194
655 0.167116
656 0.180203
657 0.166795
658 0.177024
659 0.191295
660 0.162912
661 0.169362
662 0.175003
663 0.181082
664 0.171169
665 0.168153
666 0.181324
667 0.192585
668 0.157513
669 0.174529
670 0.196047
671 0.16556
672 0.147059
673 0.190732
674 0.188438
675 0.172198
676 0.164692
677 0.177941
678 0.197982
679 0.180252
680 0.135271
681 0.188473
682 0.213535
683 0.151532
684 0.16375
685 0.184876
686 0.173616
687 0.164925
688 0.187116
689 0.176557
690 0.163768
691 0.172662
692 0.178784
693 0.169709
694 0.184722
695 0.178236
696 0.158472
697 0.178543
698 0.189834
699 0.180557
700 0.159818
701 0.174875
702 0.19011
703 0.17471
704 0.169934
705 0.179222
706 0.18001
707 0.17692
708 0.182074
709 0.16691
710 0.166879
711 0.174162
712 0.175831
713 0.195881
714 0.153655
715 0.173152
716 0.187337
717 0.182833
718 0.177902
719 0.180722
720 0.167539
721 0.181457
722 0.174761
723 0.158452
724 0.178312
725 0.18536
726 0.18487
727 0.178069
728 0.156813
729 0.177638
730 0.204391
731 0.161877
732 0.140167
733 0.20094
734 0.185517
735 0.167783
736 0.165019
737 0.198935
738 0.179156
739 0.14904
740 0.184159
741 0.200296
742 0.15764
743 0.143751
744 0.211191
745 0.179203
746 0.143217
747 0.192102
748 0.186368
749 0.149043
750 0.172315
751 0.211394
752 0.15565
753 0.147523
754 0.213612
755 0.17266
756 0.15481
757 0.18316
758 0.177573
759 0.16818
760 0.18597
761 0.194563
762 0.157123
763 0.177443
764 0.186092
765 0.169684
766 0.152728
767 0.182
768 0.19628
769 0.154162
770 0.176942
771 0.209608
772 0.16729
773 0.150738
774 0.176388
775 0.185182
776 0.161194
777 0.187986
778 0.179836
779 0.153476
780 0.172774
781 0.195478
782 0.186754
783 0.170873
784 0.151654
785 0.196922
786 0.182528
787 0.146614
788 0.17873
789 0.199472
790 0.172572
791 0.151839
792 0.182628
793 0.207265
794 0.163626
795 0.157696
796 0.18215
797 0.190536
798 0.154325
799 0.167733
800 0.191465
801 0.174023
802 0.156706
803 0.192758
804 0.184479
805 0.14738
806 0.170773
807 0.203753
808 0.162591
809 0.169935
810 0.182264
811 0.182159
812 0.167125
813 0.173492
814 0.19487
815 0.15825
816 0.159497
817 0.201473
818 0.180965
819 0.166396
820 0.184941
821 0.16838
822 0.166615
823 0.1784
824 0.176602
825 0.176752
826 0.165571
827 0.171406
828 0.184569
829 0.168738
830 0.188905
831 0.173817
832 0.165908
833 0.177253
834 0.170158
835 0.191397
836 0.171721
837 0.153139
838 0.183556
839 0.191592
840 0.178172
841 0.156829
842 0.173348
843 0.197487
844 0.164164
845 0.155725
846 0.203605
847 0.18436
848 0.142402
849 0.180809
850 0.197522
851 0.167964
852 0.151759
853 0.179323
854 0.188127
855 0.182424
856 0.170901
857 0.169358
858 0.192201
859 0.167009
860 0.169805
861 0.173069
862 0.181588
863 0.168996
864 0.181905
865 0.176124
866 0.158866
867 0.198264
868 0.184006
869 0.16575
870 0.167475
871 0.180939
872 0.178085
873 0.175816
874 0.170254
875 0.172992
876 0.177796
877 0.17238
878 0.181271
879 0.180496
880 0.16228
881 0.187231
882 0.192331
883 0.156286
884 0.164438
885 0.185068
886 0.182626
887 0.169019
888 0.167534
889 0.180431
890 0.194107
891 0.165008
892 0.159142
893 0.194514
894 0.189081
895 0.153062
896 0.178845
897 0.189787
898 0.173746
899 0.147334
900 0.191984
901 0.185161
902 0.170164
903 0.156214
904 0.185792
905 0.197647
906 0.175329
907 0.164916
908 0.175811
909 0.19088
910 0.170581
911 0.17491
912 0.173751
913 0.182635
914 0.189061
915 0.142906
916 0.189728
917 0.185901
918 0.165451
919 0.173651
920 0.179781
921 0.19156
922 0.152001
923 0.171668
924 0.183392
925 0.17234
926 0.17887
927 0.171114
928 0.184793
929 0.172928
930 0.17969
931 0.165058
932 0.180559
933 0.171799
934 0.166866
935 0.190337
936 0.177964
937 0.15532
938 0.182172
939 0.177376
940 0.182846
941 0.160336
942 0.171992
943 0.200354
944 0.164699
945 0.146042
946 0.197166
947 0.191109
948 0.155627
949 0.158462
950 0.192035
951 0.196724
952 0.167594
953 0.151495
954 0.179587
955 0.212672
956 0.143615
957 0.153982
958 0.204673
959 0.174975
960 0.163135
961 0.186485
962 0.184025
963 0.172368
964 0.169594
965 0.170861
966 0.179319
967 0.173488
968 0.191237
969 0.185303
970 0.160441
971 0.165118
972 0.200529
973 0.184194
974 0.143511
975 0.163292
976 0.199225
977 0.186777
978 0.163039
979 0.166345
980 0.198182
981 0.165848
982 0.16232
983 0.190206
984 0.17885
985 0.170883
986 0.173237
987 0.181345
988 0.17216
989 0.165667
990 0.177319
991 0.179895
992 0.187437
993 0.152857
994 0.173889
995 0.184798
996 0.184999
997 0.174889
998 0.171732
999 0.166911
1000 0.17159
1001 0.201493
1002 0.178971
1003 0.156892
1004 0.180048
1005 0.172796
1006 0.191145
1007 0.159612
1008 0.176516
1009 0.18606
1010 0.167982
1011 0.163202
1012 0.193697
1013 0.164738
1014 0.182764
1015 0.176207
1016 0.171049
1017 0.184196
1018 0.171663
1019 0.177388
1020 0.173284
1021 0.174755
1022 0.167553
1023 0.187233
1024 0.168803
1025 0.16331
1026 0.1795
1027 0.186205
1028 0.163428
1029 0.182995
1030 0.174262
1031 0.173247
1032 0.164844
1033 0.181319
1034 0.18548
1035 0.165659
1036 0.165383
1037 0.178017
1038 0.204161
1039 0.168926
1040 0.164084
1041 0.179379
1042 0.182927
1043 0.168161
1044 0.159126
1045 0.200288
1046 0.184957
1047 0.141307
1048 0.171278
1049 0.214085
1050 0.178925
1051 0.145607
1052 0.179586
1053 0.192269
1054 0.161821
1055 0.183279
1056 0.191259
1057 0.174323
1058 0.162299
1059 0.187559
1060 0.161891
1061 0.170311
1062 0.185545
1063 0.172445
1064 0.182882
1065 0.176556
1066 0.158256
1067 0.185905
1068 0.181687
1069 0.15514
1070 0.191185
1071 0.185649
1072 0.161824
1073 0.186693
1074 0.169958
1075 0.183421
1076 0.164688
1077 0.169409
1078 0.192734
1079 0.179749
1080 0.170449
1081 0.164262
1082 0.17407
1083 0.198034
1084 0.166174
1085 0.166655
1086 0.189733
1087 0.190329
1088 0.156146
1089 0.152474
1090 0.204417
1091 0.195683
1092 0.14754
1093 0.162589
1094 0.190619
1095 0.197296
1096 0.14395
1097 0.168626
1098 0.204088
1099 0.188105
1100 0.141555
1101 0.187884
1102 0.184046
1103 0.15708
1104 0.186743
1105 0.192806
1106 0.149891
1107 0.172316
1108 0.202987
1109 0.177449
1110 0.15493
1111 0.193249
1112 0.165643
1113 0.16722
1114 0.182529
1115 0.182269
1116 0.16601
1117 0.160311
1118 0.201136
1119 0.182752
1120 0.143981
1121 0.170699
1122 0.19297
1123 0.196992
1124 0.14417
1125 0.174264
1126 0.219082
1127 0.163131
1128 0.15187
1129 0.190095
1130 0.188222
1131 0.171076
1132 0.159044
1133 0.190033
1134 0.177693
1135 0.166964
1136 0.172274
1137 0.176232
1138 0.196414
1139 0.158055
1140 0.178006
1141 0.200724
1142 0.16278
1143 0.160195
1144 0.195356
1145 0.176914
1146 0.148082
1147 0.201643
1148 0.183142
1149 0.164819
1150 0.155777
1151 0.196503
1152 0.201291
1153 0.147643
1154 0.173098
1155 0.192194
1156 0.16587
1157 0.178627
1158 0.174626
1159 0.171304
1160 0.174331
1161 0.191045
1162 0.171246
1163 0.161469
1164 0.185243
1165 0.191612
1166 0.161821
1167 0.149652
1168 0.206618
1169 0.178695
1170 0.154985
1171 0.169892
1172 0.199544
1173 0.175939
1174 0.170342
1175 0.170193
1176 0.187846
1177 0.181894
1178 0.16289
1179 0.161543
1180 0.189223
1181 0.174976
1182 0.171752
1183 0.17282
1184 0.175074
1185 0.18174
1186 0.17711
1187 0.171725
1188 0.171459
1189 0.173046
1190 0.198491
1191 0.16462
1192 0.160782
1193 0.203262
1194 0.168836
1195 0.139087
1196 0.203316
1197 0.199197
1198 0.151512
1199 0.177532
1200 0.190029
1201 0.173431
1202 0.173316
1203 0.17005
1204 0.164809
1205 0.18779
1206 0.177156
1207 0.166463
1208 0.164984
1209 0.199517
1210 0.184022
1211 0.137575
1212 0.174022
1213 0.209128
1214 0.158227
1215 0.169017
1216 0.176197
1217 0.187979
1218 0.16043
1219 0.184104
1220 0.187839
1221 0.171901
1222 0.163208
1223 0.193733
1224 0.178291
1225 0.153515
1226 0.169957
1227 0.187562
1228 0.184921
1229 0.16733
1230 0.169544
1231 0.18703
1232 0.164692
1233 0.168221
1234 0.198711
1235 0.163702
1236 0.180013
1237 0.196326
1238 0.172863
1239 0.165539
1240 0.177392
1241 0.188746
1242 0.155456
1243 0.162509
1244 0.209
1245 0.160985
1246 0.154372
1247 0.185938
1248 0.209537
1249 0.166994
1250 0.131297
1251 0.187794
1252 0.204726
1253 0.162382
1254 0.170361
1255 0.183209
1256 0.191052
1257 0.159783
1258 0.176186
1259 0.188108
1260 0.156207
1261 0.16041
1262 0.198404
1263 0.189733
1264 0.138085
1265 0.196681
1266 0.201053
1267 0.157169
1268 0.160735
1269 0.192883
1270 0.168923
1271 0.157424
1272 0.190912
1273 0.197508
1274 0.160259
1275 0.176165
1276 0.168242
1277 0.18325
1278 0.191532
1279 0.170792
1280 0.164759
1281 0.18847
1282 0.169506
1283 0.167505
1284 0.169759
1285 0.201562
1286 0.156725
1287 0.172855
1288 0.190944
1289 0.187317
1290 0.151644
1291 0.172428
1292 0.199584
1293 0.159856
1294 0.168759
1295 0.180136
1296 0.183673
1297 0.17146
1298 0.185556
1299 0.170692
1300 0.171329
1301 0.181975
1302 0.160441
1303 0.191723
1304 0.174382
1305 0.16549
1306 0.192183
1307 0.175276
1308 0.152513
1309 0.178812
1310 0.180954
1311 0.164325
1312 0.168898
1313 0.201058
1314 0.170055
1315 0.150812
1316 0.199703
1317 0.192034
1318 0.148645
1319 0.157114
1320 0.219985
1321 0.162843
1322 0.134434
1323 0.196399
1324 0.207381
1325 0.153188
1326 0.155695
1327 0.189882
1328 0.197117
1329 0.151355
1330 0.169613
1331 0.194238
1332 0.182624
1333 0.149353
1334 0.165213
1335 0.210756
1336 0.179459
1337 0.15979
1338 0.158785
1339 0.181967
1340 0.184973
1341 0.177183
1342 0.167779
1343 0.189487
1344 0.191177
1345 0.14603
1346 0.160868
1347 0.220691
1348 0.178396
1349 0.123237
1350 0.200552
1351 0.196335
1352 0.156202
1353 0.163539
1354 0.193953
1355 0.186486
1356 0.158118
1357 0.173994
1358 0.199847
1359 0.15868
1360 0.169428
1361 0.181288
1362 0.168199
1363 0.17258
1364 0.173864
1365 0.193452
1366 0.160406
1367 0.181104
1368 0.17409
1369 0.170792
1370 0.192477
1371 0.172579
1372 0.166565
1373 0.18792
1374 0.176737
1375 0.163551
1376 0.179549
1377 0.18995
1378 0.154467
1379 0.173563
1380 0.190195
1381 0.162328
1382 0.17897
1383 0.198266
1384 0.17408
1385 0.15129
1386 0.196248
1387 0.185068
1388 0.146476
1389 0.193888
1390 0.187427
1391 0.169254
1392 0.173774
1393 0.177586
1394 0.177569
1395 0.157319
1396 0.189114
1397 0.199105
1398 0.155253
1399 0.166805
1400 0.191574
1401 0.169337
1402 0.164334
1403 0.187259
1404 0.169436
1405 0.184707
1406 0.189714
1407 0.152351
1408 0.168713
1409 0.209223
1410 0.17206
1411 0.146636
1412 0.180668
1413 0.2105
1414 0.148889
1415 0.167892
1416 0.192379
1417 0.175038
1418 0.161521
1419 0.178549
1420 0.174936
1421 0.178185
1422 0.188002
1423 0.162806
1424 0.16612
1425 0.202056
1426 0.163698
1427 0.159811
1428 0.181943
1429 0.187905
1430 0.172663
1431 0.157514
1432 0.17816
1433 0.185068
1434 0.191526
1435 0.149857
1436 0.184545
1437 0.198596
1438 0.142991
1439 0.166541
1440 0.205144
1441 0.179275
1442 0.149711
1443 0.173685
1444 0.20019
1445 0.184772
1446 0.142162
1447 0.177025
1448 0.220148
1449 0.169926
1450 0.145876
1451 0.183526
1452 0.21219
1453 0.141252
1454 0.167517
1455 0.201084
1456 0.173444
1457 0.153115
1458 0.171011
1459 0.213364
1460 0.155763
1461 0.147492
1462 0.217813
1463 0.186632
1464 0.144654
1465 0.172151
1466 0.211614
1467 0.170932
1468 0.143118
1469 0.197874
1470 0.18621
1471 0.157007
1472 0.176966
1473 0.178621
1474 0.169958
1475 0.190674
1476 0.177869
1477 0.155083
1478 0.19565
1479 0.193398
1480 0.159043
1481 0.172489
1482 0.192675
1483 0.169392
1484 0.164409
1485 0.186262
1486 0.181023
1487 0.172134
1488 0.1673
1489 0.16852
1490 0.19381
1491 0.189914
1492 0.139193
1493 0.169436
1494 0.199383
1495 0.192072
1496 0.140438
1497 0.180381
1498 0.197594
1499 0.172312
1500 0.149284
1501 0.19388
1502 0.187461
1503 0.157006
1504 0.166802
1505 0.197738
1506 0.183196
1507 0.152045
1508 0.170731
1509 0.191047
1510 0.17876
1511 0.167279
1512 0.170104
1513 0.183833
1514 0.189863
1515 0.174387
1516 0.170879
1517 0.177238
1518 0.171343
1519 0.183121
1520 0.168439
1521 0.169855
1522 0.180867
1523 0.166161
1524 0.165269
1525 0.187178
1526 0.187661
1527 0.1535
1528 0.172379
1529 0.198985
1530 0.171145
1531 0.160784
1532 0.199649
1533 0.173418
1534 0.165893
1535 0.179606
1536 0.179605
1537 0.175827
1538 0.160148
1539 0.175003
1540 0.180934
1541 0.186018
1542 0.178156
1543 0.163407
1544 0.164424
1545 0.182675
1546 0.174338
1547 0.179116
1548 0.171423
1549 0.189213
1550 0.173056
1551 0.177304
1552 0.160632
1553 0.174357
1554 0.188969
1555 0.185137
1556 0.176039
1557 0.154398
1558 0.195173
1559 0.185593
1560 0.158606
1561 0.158081
1562 0.193395
1563 0.181023
1564 0.172679
1565 0.179607
1566 0.181619
1567 0.164418
1568 0.177799
1569 0.180796
1570 0.158485
1571 0.191401
1572 0.181366
1573 0.152126
1574 0.171484
1575 0.196301
1576 0.175242
1577 0.170817
1578 0.177992
1579 0.168413
1580 0.177151
1581 0.190673
1582 0.17226
1583 0.15902
1584 0.170553
1585 0.20905
1586 0.178812
1587 0.132204
1588 0.175981
1589 0.205095
1590 0.175477
1591 0.147773
1592 0.200168
1593 0.20323
1594 0.143969
1595 0.171964
1596 0.187788
1597 0.180362
1598 0.163109
1599 0.184344
1600 0.175486
1601 0.153588
1602 0.190353
1603 0.191034
1604 0.155185
1605 0.177759
1606 0.192057
1607 0.175497
1608 0.163263
1609 0.193497
1610 0.177402
1611 0.169752
1612 0.17172
1613 0.188368
1614 0.162417
1615 0.178099
1616 0.197833
1617 0.171036
1618 0.143451
1619 0.201834
1620 0.196429
1621 0.136986
1622 0.154831
1623 0.209284
1624 0.180001
1625 0.159895
1626 0.190028
1627 0.196281
1628 0.1439
1629 0.177306
1630 0.188442
1631 0.182432
1632 0.168743
1633 0.164626
1634 0.185461
1635 0.193914
1636 0.148554
1637 0.166882
1638 0.217836
1639 0.169052
1640 0.153337
1641 0.180097
1642 0.20155
1643 0.152766
1644 0.160831
1645 0.187717
1646 0.201876
1647 0.142007
1648 0.17275
1649 0.196938
1650 0.165579
1651 0.149912
1652 0.204886
1653 0.17928
1654 0.161924
1655 0.173163
1656 0.17754
1657 0.167337
1658 0.17501
1659 0.17257
1660 0.175723
1661 0.171736
1662 0.173554
1663 0.179463
1664 0.186191
1665 0.165417
1666 0.166973
1667 0.18842
1668 0.181144
1669 0.156731
1670 0.184685
1671 0.175218
1672 0.188034
1673 0.164887
1674 0.180952
1675 0.175052
1676 0.182037
1677 0.180113
1678 0.149133
1679 0.191809
1680 0.190696
1681 0.156256
1682 0.162229
1683 0.208956
1684 0.166836
1685 0.164511
1686 0.18318
1687 0.182564
1688 0.162893
1689 0.162495
1690 0.193987
1691 0.192745
1692 0.153025
1693 0.175698
1694 0.186196
1695 0.171627
1696 0.178194
1697 0.184063
1698 0.176001
1699 0.153211
1700 0.181138
1701 0.199448
1702 0.156476
1703 0.158377
1704 0.199876
1705 0.182049
1706 0.1678
1707 0.163972
1708 0.197014
1709 0.162967
1710 0.168748
1711 0.184426
1712 0.18911
1713 0.152593
1714 0.165945
1715 0.215761
1716 0.155126
1717 0.160267
1718 0.210351
1719 0.172555
1720 0.1424
1721 0.175308
1722 0.218918
1723 0.161146
1724 0.147774
1725 0.19918
1726 0.201361
1727 0.133899
1728 0.163113
1729 0.216605
1730 0.190756
1731 0.121578
1732 0.177957
1733 0.236681
1734 0.160335
1735 0.13347
1736 0.181545
1737 0.211681
1738 0.155767
1739 0.150879
1740 0.195454
1741 0.20216
1742 0.153091
1743 0.16959
1744 0.185465
1745 0.193558
1746 0.145529
1747 0.16359
1748 0.219639
1749 0.162356
1750 0.141826
1751 0.195664
1752 0.215661
1753 0.139708
1754 0.164659
1755 0.194232
1756 0.183603
1757 0.163941
1758 0.175544
1759 0.192148
1760 0.157446
1761 0.17281
1762 0.181035
1763 0.174251
1764 0.161858
1765 0.198236
1766 0.188272
1767 0.158571
1768 0.167574
1769 0.188075
1770 0.167498
1771 0.183483
1772 0.184647
1773 0.148662
1774 0.187657
1775 0.203323
1776 0.167527
1777 0.164976
1778 0.172625
1779 0.19888
1780 0.182723
1781 0.147456
1782 0.185742
1783 0.188379
1784 0.155819
1785 0.178242
1786 0.182496
1787 0.172153
1788 0.16389
1789 0.186723
1790 0.197895
1791 0.162881
1792 0.14477
1793 0.205746
1794 0.179222
1795 0.148846
1796 0.182724
1797 0.200397
1798 0.153503
1799 0.154115
1800 0.203253
1801 0.197093
1802 0.148008
1803 0.152817
1804 0.206403
1805 0.192356
1806 0.133911
1807 0.182123
1808 0.206893
1809 0.146589
1810 0.172176
1811 0.199804
1812 0.177104
1813 0.165713
1814 0.166007
1815 0.188382
1816 0.183288
1817 0.163764
1818 0.181104
1819 0.171069
1820 0.18103
1821 0.178815
1822 0.174486
1823 0.159642
1824 0.17949
1825 0.202804
1826 0.155515
1827 0.174462
1828 0.188633
1829 0.176713
1830 0.15005
1831 0.183108
1832 0.19119
1833 0.153888
1834 0.164523
1835 0.203672
1836 0.180859
1837 0.136813
1838 0.204302
1839 0.196334
1840 0.15609
1841 0.17205
1842 0.181329
1843 0.172567
1844 0.171863
1845 0.17642
1846 0.189204
1847 0.1711
1848 0.172526
1849 0.186818
1850 0.161708
1851 0.161485
1852 0.193853
1853 0.199281
1854 0.143895
1855 0.157479
1856 0.21528
1857 0.168433
1858 0.159544
1859 0.185324
1860 0.181223
1861 0.154494
1862 0.181251
1863 0.185994
1864 0.16784
1865 0.179867
1866 0.183444
1867 0.163381
1868 0.181484
1869 0.188936
1870 0.178872
1871 0.161141
1872 0.176859
1873 0.194783
1874 0.160881
1875 0.15165
1876 0.204659
1877 0.203344
1878 0.135844
1879 0.16845
1880 0.217785
1881 0.157858
1882 0.140263
1883 0.210872
1884 0.198701
1885 0.133805
1886 0.16929
1887 0.20695
1888 0.180089
1889 0.162563
1890 0.159343
1891 0.182438
1892 0.196987
1893 0.166762
1894 0.169329
1895 0.18673
1896 0.173076
1897 0.171312
1898 0.169036
1899 0.178208
1900 0.185148
1901 0.158655
1902 0.170591
1903 0.195624
1904 0.179785
1905 0.156967
1906 0.174778
1907 0.185264
1908 0.179107
1909 0.152354
1910 0.179851
1911 0.185381
1912 0.187486
1913 0.161587
1914 0.16886
1915 0.183832
1916 0.180941
1917 0.178973
1918 0.173778
1919 0.160477
1920 0.179393
1921 0.194516
1922 0.157198
1923 0.165168
1924 0.200061
1925 0.184055
1926 0.150455
1927 0.186297
1928 0.188468
1929 0.164637
1930 0.166676
1931 0.178954
1932 0.188319
1933 0.162762
1934 0.159778
1935 0.19995
1936 0.178141
1937 0.166647
1938 0.178509
1939 0.194275
1940 0.163808
1941 0.161206
1942 0.193329
1943 0.168996
1944 0.165901
1945 0.173683
1946 0.175581
1947 0.193967
1948 0.176105
1949 0.162091
1950 0.172497
1951 0.177584
1952 0.172579
1953 0.194077
1954 0.162978
1955 0.167569
1956 0.188912
1957 0.166926
1958 0.177149
1959 0.172835
1960 0.191972
1961 0.170771
1962 0.163486
1963 0.17812
1964 0.190955
1965 0.173346
1966 0.168571
1967 0.171383
1968 0.181144
1969 0.18387
1970 0.164649
1971 0.175775
1972 0.175216
1973 0.176608
1974 0.174062
1975 0.169023
1976 0.187549
1977 0.187249
1978 0.165068
1979 0.177141
1980 0.168218
1981 0.183204
1982 0.192761
1983 0.170404
1984 0.163043
1985 0.193572
1986 0.166624
1987 0.172829
1988 0.167297
1989 0.178764
1990 0.177978
1991 0.181307
1992 0.174734
1993 0.167974
1994 0.180719
1995 0.16828
1996 0.16585
1997 0.194236
1998 0.195868
1999 0.134917
2000 0.183469
2001 0.203372
2002 0.149585
2003 0.162517
2004 0.193759
2005 0.20117
2006 0.165342
2007 0.164782
2008 0.176986
2009 0.194913
2010 0.161069
2011 0.159625
2012 0.190248
2013 0.182198
2014 0.155846
2015 0.168666
2016 0.205752
2017 0.182845
2018 0.15872
2019 0.17816
2020 0.182282
2021 0.179611
2022 0.149914
2023 0.187301
2024 0.190601
2025 0.154645
2026 0.179688
2027 0.190847
2028 0.1618
2029 0.164587
2030 0.20381
2031 0.167433
2032 0.16304
2033 0.198327
2034 0.166166
2035 0.163439
2036 0.189031
2037 0.178244
2038 0.169584
2039 0.170817
2040 0.179087
2041 0.193545
2042 0.173383
2043 0.170917
2044 0.176042
2045 0.174923
2046 0.181384
2047 0.184271
2048 0.175304
2049 0.157095
2050 0.164346
2051 0.2003
2052 0.169445
2053 0.148462
2054 0.182855
2055 0.207641
2056 0.167476
2057 0.165496
2058 0.195769
2059 0.180938
2060 0.151217
2061 0.188403
2062 0.202302
2063 0.153448
2064 0.158044
2065 0.207308
2066 0.191382
2067 0.144533
2068 0.163921
2069 0.197108
2070 0.186091
2071 0.158845
2072 0.158161
2073 0.184465
2074 0.197754
2075 0.16442
2076 0.168545
2077 0.195352
2078 0.169619
2079 0.158797
2080 0.187619
2081 0.189919
2082 0.165471
2083 0.164807
2084 0.191342
2085 0.191013
2086 0.150648
2087 0.168389
2088 0.204373
2089 0.168451
2090 0.142729
2091 0.188109
2092 0.188703
2093 0.15732
2094 0.167312
2095 0.198112
2096 0.186795
2097 0.14811
2098 0.189735
2099 0
