0 -6.49286
1 1.29574
2 -14.2
3 -28.478
4 -39.9625
5 -47.856
6 -56.0686
7 -58.6953
8 -62.0748
9 -61.1818
10 -60.5211
11 -62.135
12 -55.0734
13 -45.5901
14 -45.5794
15 -32.7822
16 -20.7091
17 -17.7007
18 -8.13148
19 -2.87476
20 -2.30158
21 -0.365252
22 -0.169624
23 -0.195335
24 0.106869
25 0.0913778
26 0.156544
27 0.123194
28 0.141895
29 0.150885
30 0.158183
31 0.160917
32 0.168829
33 0.180625
34 0.171202
35 0.1807
36 0.186209
37 0.187247
38 0.184472
39 0.189707
40 0.176905
41 0.191605
42 0.189567
43 0.163754
44 0.17258
45 0.186662
46 0.150918
47 0.172211
48 0.182311
49 0.179019
50 0.174754
51 0.166561
52 0.170039
53 0.176013
54 0.156383
55 0.169171
56 0.183838
57 0.195923
58 0.178909
59 0.190794
60 0.199085
61 0.187296
62 0.182216
63 0.187173
64 0.198017
65 0.167696
66 0.159044
67 0.19403
68 0.167721
69 0.152646
70 0.164016
71 0.182741
72 0.176953
73 0.16062
74 0.192803
75 0.190426
76 0.166227
77 0.178332
78 0.186246
79 0.166133
80 0.159998
81 0.178763
82 0.169084
83 0.165051
84 0.180112
85 0.187925
86 0.199066
87 0.197314
88 0.173749
89 0.189978
90 0.205984
91 0.163437
92 0.170189
93 0.19291
94 0.152895
95 0.170922
96 0.177919
97 0.171343
98 0.167412
99 0.179108
100 0.181241
101 0.157136
102 0.17829
103 0.169294
104 0.182833
105 0.188101
106 0.158067
107 0.179153
108 0.200804
109 0.183004
110 0.163207
111 0.174554
112 0.186054
113 0.154242
114 0.160306
115 0.181168
116 0.15956
117 0.17878
118 0.199314
119 0.173093
120 0.161898
121 0.173173
122 0.164618
123 0.147992
124 0.146113
125 0.168269
126 0.161653
127 0.157933
128 0.184895
129 0.181526
130 0.165804
131 0.183002
132 0.164123
133 0.169786
134 0.174992
135 0.149964
136 0.164872
137 0.164679
138 0.158529
139 0.158306
140 0.166801
141 0.163874
142 0.187009
143 0.178386
144 0.150096
145 0.194071
146 0.19655
147 0.162174
148 0.16842
149 0.187834
150 0.190546
151 0.169754
152 0.177142
153 0.199523
154 0.190024
155 0.173468
156 0.200827
157 0.207797
158 0.177764
159 0.175509
160 0.174197
161 0.160684
162 0.148951
163 0.157413
164 0.164117
165 0.141385
166 0.146905
167 0.168958
168 0.147197
169 0.14652
170 0.178526
171 0.17014
172 0.168638
173 0.177853
174 0.16907
175 0.146424
176 0.176717
177 0.160275
178 0.15504
179 0.15952
180 0.173601
181 0.171447
182 0.161358
183 0.176409
184 0.161863
185 0.150508
186 0.171454
187 0.155098
188 0.15886
189 0.163864
190 0.153136
191 0.184974
192 0.153467
193 0.141259
194 0.178462
195 0.159307
196 0.144474
197 0.16564
198 0.175546
199 0.169841
200 0.174087
201 0.193858
202 0.191048
203 0.169473
204 0.180129
205 0.176555
206 0.16465
207 0.170448
208 0.18636
209 0.177318
210 0.16625
211 0.175796
212 0.177901
213 0.153911
214 0.165911
215 0.159037
216 0.152446
217 0.179605
218 0.155759
219 0.176423
220 0.200779
221 0.168058
222 0.169843
223 0.209737
224 0.172486
225 0.147191
226 0.199841
227 0.17689
228 0.160312
229 0.184632
230 0.176923
231 0.164104
232 0.178163
233 0.171864
234 0.159097
235 0.172298
236 0.174807
237 0.164356
238 0.175082
239 0.175362
240 0.155768
241 0.170575
242 0.159071
243 0.165887
244 0.163592
245 0.164652
246 0.176028
247 0.160206
248 0.174853
249 0.181259
250 0.171989
251 0.187425
252 0.181969
253 0.20711
254 0.18414
255 0.183188
256 0.183208
257 0.16138
258 0.171622
259 0.161968
260 0.168525
261 0.165178
262 0.154245
263 0.172059
264 0.168302
265 0.170709
266 0.176496
267 0.187517
268 0.180807
269 0.186085
270 0.203199
271 0.181335
272 0.187864
273 0.173784
274 0.172287
275 0.168853
276 0.165043
277 0.163213
278 0.147284
279 0.158315
280 0.150015
281 0.155083
282 0.15655
283 0.165697
284 0.180566
285 0.172168
286 0.193948
287 0.204192
288 0.167438
289 0.174794
290 0.169724
291 0.172071
292 0.164427
293 0.148159
294 0.164348
295 0.154934
296 0.150954
297 0.159624
298 0.168106
299 0.15819
300 0.171032
301 0.184744
302 0.168507
303 0.179112
304 0.165186
305 0.180305
306 0.186261
307 0.170084
308 0.170877
309 0.174697
310 0.170112
311 0.152808
312 0.162718
313 0.14866
314 0.153543
315 0.1646
316 0.165007
317 0.150133
318 0.166302
319 0.183599
320 0.170202
321 0.177515
322 0.186706
323 0.173414
324 0.195983
325 0.174784
326 0.166327
327 0.170923
328 0.155021
329 0.160362
330 0.140187
331 0.155355
332 0.15039
333 0.136752
334 0.17835
335 0.155522
336 0.15933
337 0.173788
338 0.165986
339 0.186849
340 0.172684
341 0.182956
342 0.193085
343 0.177242
344 0.165394
345 0.159478
346 0.164607
347 0.159961
348 0.166211
349 0.160608
350 0.17375
351 0.168338
352 0.162575
353 0.175005
354 0.162522
355 0.16768
356 0.167161
357 0.183817
358 0.179651
359 0.172933
360 0.17654
361 0.184944
362 0.172312
363 0.157801
364 0.186886
365 0.169849
366 0.150592
367 0.155821
368 0.172243
369 0.15301
370 0.14495
371 0.163149
372 0.145617
373 0.148553
374 0.178199
375 0.167517
376 0.170194
377 0.16791
378 0.16515
379 0.172602
380 0.175087
381 0.154509
382 0.156323
383 0.187735
384 0.157173
385 0.166769
386 0.174636
387 0.169132
388 0.165833
389 0.162367
390 0.180893
391 0.158066
392 0.165882
393 0.199931
394 0.164717
395 0.160744
396 0.167255
397 0.169396
398 0.151945
399 0.143239
400 0.179305
401 0.160818
402 0.155649
403 0.172787
404 0.178541
405 0.183561
406 0.175312
407 0.191454
408 0.174834
409 0.164154
410 0.176966
411 0.161857
412 0.156578
413 0.164089
414 0.164326
415 0.16338
416 0.156744
417 0.158218
418 0.16874
419 0.17946
420 0.165762
421 0.188702
422 0.175881
423 0.183256
424 0.185351
425 0.158617
426 0.164775
427 0.171154
428 0.165204
429 0.16674
430 0.172219
431 0.180182
432 0.183957
433 0.193597
434 0.197189
435 0.176115
436 0.16625
437 0.196337
438 0.179881
439 0.16999
440 0.169701
441 0.163105
442 0.166369
443 0.161477
444 0.162738
445 0.156273
446 0.170798
447 0.181415
448 0.15776
449 0.166908
450 0.177601
451 0.180325
452 0.170246
453 0.16447
454 0.161788
455 0.1895
456 0.168612
457 0.146377
458 0.190004
459 0.179191
460 0.162093
461 0.166766
462 0.15353
463 0.174412
464 0.167352
465 0.154758
466 0.183601
467 0.164331
468 0.169422
469 0.173717
470 0.156558
471 0.168112
472 0.158387
473 0.171839
474 0.154073
475 0.165163
476 0.18802
477 0.176711
478 0.188272
479 0.178985
480 0.162517
481 0.192394
482 0.173726
483 0.152885
484 0.165167
485 0.157975
486 0.175487
487 0.152692
488 0.148698
489 0.1619
490 0.167222
491 0.174369
492 0.165397
493 0.163574
494 0.191682
495 0.176436
496 0.164372
497 0.185275
498 0.168958
499 0.194569
500 0.194645
501 0.165237
502 0.191624
503 0.175899
504 0.162921
505 0.166352
506 0.147011
507 0.1737
508 0.151471
509 0.142385
510 0.166874
511 0.159637
512 0.160561
513 0.153104
514 0.167498
515 0.1837
516 0.159738
517 0.170147
518 0.173712
519 0.170785
520 0.176228
521 0.181255
522 0.168779
523 0.17902
524 0.182912
525 0.156671
526 0.180518
527 0.173723
528 0.155737
529 0.155959
530 0.184637
531 0.172211
532 0.158713
533 0.167979
534 0.185988
535 0.190378
536 0.157017
537 0.157608
538 0.203659
539 0.174486
540 0.159194
541 0.179685
542 0.177472
543 0.157755
544 0.185846
545 0.183042
546 0.15805
547 0.180558
548 0.199897
549 0.195044
550 0.175545
551 0.175324
552 0.20119
553 0.162564
554 0.168462
555 0.188574
556 0.169998
557 0.187097
558 0.192738
559 0.177362
560 0.175802
561 0.167269
562 0.181882
563 0.176221
564 0.168965
565 0.197483
566 0.195938
567 0.192187
568 0.186501
569 0.177484
570 0.19622
571 0.181514
572 0.174458
573 0.170239
574 0.186628
575 0.180198
576 0.168299
577 0.172962
578 0.169757
579 0.183157
580 0.165562
581 0.166624
582 0.195168
583 0.177322
584 0.163774
585 0.184234
586 0.194593
587 0.190262
588 0.172324
589 0.169194
590 0.175884
591 0.16497
592 0.167953
593 0.15718
594 0.16068
595 0.17456
596 0.180671
597 0.166907
598 0.167575
599 0.181745
600 0.162644
601 0.165548
602 0.156619
603 0.146202
604 0.163408
605 0.158765
606 0.161177
607 0.178936
608 0.169447
609 0.186867
610 0.18078
611 0.176432
612 0.178616
613 0.170852
614 0.188573
615 0.166203
616 0.163301
617 0.188766
618 0.15445
619 0.16605
620 0.176012
621 0.161641
622 0.169582
623 0.168912
624 0.155623
625 0.175581
626 0.161946
627 0.154522
628 0.168393
629 0.171704
630 0.149017
631 0.180523
632 0.16626
633 0.145543
634 0.163044
635 0.14902
636 0.142069
637 0.158753
638 0.1607
639 0.155806
640 0.16637
641 0.177188
642 0.178812
643 0.167818
644 0.173331
645 0.162171
646 0.162799
647 0.16069
648 0.153387
649 0.165144
650 0.172625
651 0.164225
652 0.169113
653 0.169583
654 0.181362
655 0.182289
656 0.179337
657 0.189159
658 0.176049
659 0.179184
660 0.193254
661 0.178437
662 0.196929
663 0.174882
664 0.184952
665 0.185255
666 0.176999
667 0.165614
668 0.187014
669 0.196268
670 0.175189
671 0.18768
672 0.181186
673 0.197456
674 0.188268
675 0.170702
676 0.188366
677 0.170128
678 0.163932
679 0.164726
680 0.153811
681 0.168202
682 0.153768
683 0.155847
684 0.194199
685 0.170757
686 0.173111
687 0.177299
688 0.161849
689 0.185321
690 0.173658
691 0.159918
692 0.167126
693 0.163736
694 0.157302
695 0.154847
696 0.16552
697 0.160771
698 0.169661
699 0.1762
700 0.177388
701 0.172804
702 0.176102
703 0.159956
704 0.178827
705 0.187382
706 0.157632
707 0.167765
708 0.166794
709 0.172226
710 0.164636
711 0.171916
712 0.185749
713 0.175319
714 0.181144
715 0.16418
716 0.179286
717 0.181473
718 0.170923
719 0.167864
720 0.181844
721 0.166557
722 0.154647
723 0.160016
724 0.1493
725 0.14832
726 0.173188
727 0.166806
728 0.164394
729 0.165885
730 0.199029
731 0.182214
732 0.169461
733 0.177716
734 0.196712
735 0.185628
736 0.186988
737 0.184854
738 0.196876
739 0.19882
740 0.180835
741 0.183795
742 0.19417
743 0.18224
744 0.197633
745 0.170462
746 0.18847
747 0.191908
748 0.158484
749 0.160891
750 0.178833
751 0.161103
752 0.15172
753 0.169613
754 0.164089
755 0.15493
756 0.175918
757 0.172912
758 0.154579
759 0.16895
760 0.17242
761 0.166799
762 0.153176
763 0.157597
764 0.173025
765 0.157073
766 0.162249
767 0.172607
768 0.163424
769 0.166212
770 0.1871
771 0.159175
772 0.164544
773 0.178791
774 0.175061
775 0.178992
776 0.182377
777 0.178177
778 0.179893
779 0.16893
780 0.170165
781 0.179441
782 0.170927
783 0.178096
784 0.170364
785 0.159111
786 0.179471
787 0.166236
788 0.160363
789 0.185783
790 0.178274
791 0.187366
792 0.182462
793 0.156956
794 0.170541
795 0.164546
796 0.16334
797 0.164153
798 0.149026
799 0.166023
800 0.191096
801 0.163199
802 0.16598
803 0.180673
804 0.164923
805 0.166418
806 0.16514
807 0.160311
808 0.178856
809 0.167079
810 0.166635
811 0.202556
812 0.168636
813 0.166678
814 0.202898
815 0.180697
816 0.172395
817 0.194576
818 0.182651
819 0.181744
820 0.193003
821 0.175839
822 0.179436
823 0.172674
824 0.168367
825 0.166124
826 0.153287
827 0.14622
828 0.149188
829 0.154056
830 0.162055
831 0.169587
832 0.185441
833 0.187484
834 0.195291
835 0.193779
836 0.198127
837 0.186128
838 0.169363
839 0.176083
840 0.160198
841 0.164543
842 0.17244
843 0.165783
844 0.170426
845 0.199015
846 0.17818
847 0.167651
848 0.162863
849 0.148858
850 0.169068
851 0.158315
852 0.159959
853 0.159847
854 0.157416
855 0.18236
856 0.167371
857 0.155992
858 0.156971
859 0.157735
860 0.153697
861 0.158516
862 0.167139
863 0.174213
864 0.185185
865 0.17295
866 0.17233
867 0.157814
868 0.163722
869 0.164152
870 0.160639
871 0.184064
872 0.181206
873 0.182569
874 0.208937
875 0.190233
876 0.169516
877 0.176309
878 0.183188
879 0.160664
880 0.16883
881 0.166515
882 0.156341
883 0.184352
884 0.159651
885 0.157827
886 0.180397
887 0.167037
888 0.180854
889 0.197162
890 0.164312
891 0.187879
892 0.183274
893 0.171195
894 0.189747
895 0.179146
896 0.17934
897 0.17199
898 0.188364
899 0.185896
900 0.161331
901 0.190466
902 0.195505
903 0.169129
904 0.170281
905 0.157793
906 0.153948
907 0.143952
908 0.141138
909 0.15485
910 0.148288
911 0.152555
912 0.157085
913 0.168704
914 0.167471
915 0.145862
916 0.17915
917 0.163538
918 0.156371
919 0.153089
920 0.166063
921 0.170117
922 0.153228
923 0.149309
924 0.148885
925 0.144832
926 0.156034
927 0.161733
928 0.153858
929 0.177098
930 0.185769
931 0.183005
932 0.188104
933 0.181665
934 0.192449
935 0.171867
936 0.181112
937 0.169218
938 0.16468
939 0.184476
940 0.173286
941 0.185914
942 0.178922
943 0.200852
944 0.17823
945 0.182596
946 0.202196
947 0.172327
948 0.175712
949 0.201087
950 0.184454
951 0.174413
952 0.162705
953 0.188577
954 0.169188
955 0.152724
956 0.165869
957 0.166103
958 0.165142
959 0.160611
960 0.170499
961 0.178128
962 0.176302
963 0.169716
964 0.167685
965 0.188883
966 0.174906
967 0.161694
968 0.175223
969 0.157222
970 0.15451
971 0.170088
972 0.160849
973 0.160315
974 0.181834
975 0.178478
976 0.167364
977 0.184658
978 0.180472
979 0.168269
980 0.184103
981 0.183112
982 0.163327
983 0.162943
984 0.174974
985 0.166948
986 0.177402
987 0.195294
988 0.189172
989 0.181886
990 0.176631
991 0.196331
992 0.183768
993 0.178161
994 0.183279
995 0.166293
996 0.187576
997 0.165546
998 0.168902
999 0.187703
1000 0.167047
1001 0.165844
1002 0.18523
1003 0.179993
1004 0.17711
1005 0.188841
1006 0.178696
1007 0.180632
1008 0.18585
1009 0.173219
1010 0.176016
1011 0.193398
1012 0.175644
1013 0.193818
1014 0.171339
1015 0.165862
1016 0.172674
1017 0.153469
1018 0.157232
1019 0.168731
1020 0.168681
1021 0.167994
1022 0.157012
1023 0.172943
1024 0.177753
1025 0.165339
1026 0.176015
1027 0.18437
1028 0.170358
1029 0.18998
1030 0.17603
1031 0.160458
1032 0.182639
1033 0.182891
1034 0.188394
1035 0.193669
1036 0.178221
1037 0.196142
1038 0.198871
1039 0.170269
1040 0.183851
1041 0.203683
1042 0.170667
1043 0.182832
1044 0.174246
1045 0.15042
1046 0.165537
1047 0.150522
1048 0.14546
1049 0.155584
1050 0.163054
1051 0.146434
1052 0.156787
1053 0.165166
1054 0.154282
1055 0.15034
1056 0.162248
1057 0.177375
1058 0.16086
1059 0.174999
1060 0.170367
1061 0.163032
1062 0.159632
1063 0.16674
1064 0.173381
1065 0.175737
1066 0.184116
1067 0.173019
1068 0.192829
1069 0.180617
1070 0.158441
1071 0.182103
1072 0.175505
1073 0.16088
1074 0.170759
1075 0.171613
1076 0.158334
1077 0.174254
1078 0.157914
1079 0.164713
1080 0.161335
1081 0.145119
1082 0.158403
1083 0.1617
1084 0.15626
1085 0.158749
1086 0.176535
1087 0.163138
1088 0.191649
1089 0.181082
1090 0.161815
1091 0.187034
1092 0.178449
1093 0.164663
1094 0.175639
1095 0.158132
1096 0.183443
1097 0.178876
1098 0.162481
1099 0.162438
1100 0.162465
1101 0.152677
1102 0.144535
1103 0.144012
1104 0.154544
1105 0.163876
1106 0.15407
1107 0.16261
1108 0.177357
1109 0.173784
1110 0.172119
1111 0.179494
1112 0.17769
1113 0.159861
1114 0.200019
1115 0.205885
1116 0.176665
1117 0.178309
1118 0.202436
1119 0.187236
1120 0.17314
1121 0.2009
1122 0.179524
1123 0.186966
1124 0.20478
1125 0.183694
1126 0.206999
1127 0.183563
1128 0.20672
1129 0.195585
1130 0.17923
1131 0.179805
1132 0.189203
1133 0.184929
1134 0.156447
1135 0.160105
1136 0.157855
1137 0.157045
1138 0.145955
1139 0.154256
1140 0.17665
1141 0.164659
1142 0.171614
1143 0.176235
1144 0.188221
1145 0.18053
1146 0.187943
1147 0.180415
1148 0.199778
1149 0.176261
1150 0.157463
1151 0.194352
1152 0.173967
1153 0.171122
1154 0.193272
1155 0.196712
1156 0.206496
1157 0.218819
1158 0.189577
1159 0.191425
1160 0.174024
1161 0.16548
1162 0.152834
1163 0.143249
1164 0.158068
1165 0.144293
1166 0.144897
1167 0.174546
1168 0.169491
1169 0.174474
1170 0.185556
1171 0.176617
1172 0.164739
1173 0.182753
1174 0.174509
1175 0.159829
1176 0.178571
1177 0.187482
1178 0.197459
1179 0.179943
1180 0.187536
1181 0.188199
1182 0.181479
1183 0.176554
1184 0.151994
1185 0.16922
1186 0.166076
1187 0.167995
1188 0.174378
1189 0.183878
1190 0.194311
1191 0.188808
1192 0.200521
1193 0.18672
1194 0.172589
1195 0.188977
1196 0.191163
1197 0.170475
1198 0.188191
1199 0.178505
1200 0.170034
1201 0.180838
1202 0.1707
1203 0.171764
1204 0.161898
1205 0.151303
1206 0.170199
1207 0.158636
1208 0.159499
1209 0.180055
1210 0.16307
1211 0.169442
1212 0.188317
1213 0.175781
1214 0.155724
1215 0.179578
1216 0.193059
1217 0.162017
1218 0.152795
1219 0.156231
1220 0.162891
1221 0.152436
1222 0.160635
1223 0.161601
1224 0.157138
1225 0.155932
1226 0.162879
1227 0.148976
1228 0.143506
1229 0.160664
1230 0.157077
1231 0.173269
1232 0.169582
1233 0.174582
1234 0.18502
1235 0.16528
1236 0.180643
1237 0.169426
1238 0.154966
1239 0.173978
1240 0.168379
1241 0.159366
1242 0.163306
1243 0.168777
1244 0.182984
1245 0.175748
1246 0.170168
1247 0.187077
1248 0.199449
1249 0.183619
1250 0.194423
1251 0.19113
1252 0.186575
1253 0.178086
1254 0.188112
1255 0.180796
1256 0.174772
1257 0.171014
1258 0.171087
1259 0.177953
1260 0.154764
1261 0.160857
1262 0.175051
1263 0.154958
1264 0.157492
1265 0.16927
1266 0.167311
1267 0.175649
1268 0.167627
1269 0.173499
1270 0.171239
1271 0.158464
1272 0.168667
1273 0.159811
1274 0.153913
1275 0.190842
1276 0.165329
1277 0.167731
1278 0.198618
1279 0.175948
1280 0.173568
1281 0.197846
1282 0.19332
1283 0.178631
1284 0.172159
1285 0.17774
1286 0.169632
1287 0.160293
1288 0.173257
1289 0.171086
1290 0.160668
1291 0.168299
1292 0.180125
1293 0.16146
1294 0.169587
1295 0.168798
1296 0.17458
1297 0.170362
1298 0.174457
1299 0.196417
1300 0.168865
1301 0.191258
1302 0.182961
1303 0.166601
1304 0.168373
1305 0.161202
1306 0.162757
1307 0.155726
1308 0.177516
1309 0.174345
1310 0.166848
1311 0.161505
1312 0.1653
1313 0.15225
1314 0.14113
1315 0.158739
1316 0.171993
1317 0.162297
1318 0.156787
1319 0.171223
1320 0.164009
1321 0.172023
1322 0.172019
1323 0.166818
1324 0.18076
1325 0.169481
1326 0.170085
1327 0.171382
1328 0.156648
1329 0.166682
1330 0.175786
1331 0.186151
1332 0.198553
1333 0.182613
1334 0.185892
1335 0.204223
1336 0.197329
1337 0.168456
1338 0.1807
1339 0.184881
1340 0.168581
1341 0.180495
1342 0.166978
1343 0.167375
1344 0.19175
1345 0.174126
1346 0.160549
1347 0.168459
1348 0.16892
1349 0.176691
1350 0.157488
1351 0.175093
1352 0.174419
1353 0.16409
1354 0.184598
1355 0.166712
1356 0.181409
1357 0.2008
1358 0.185213
1359 0.184859
1360 0.182061
1361 0.183675
1362 0.180857
1363 0.166505
1364 0.177158
1365 0.169116
1366 0.169837
1367 0.171925
1368 0.151932
1369 0.182429
1370 0.165221
1371 0.16718
1372 0.180466
1373 0.174598
1374 0.184258
1375 0.182028
1376 0.17501
1377 0.15726
1378 0.153565
1379 0.15865
1380 0.156605
1381 0.15186
1382 0.17855
1383 0.158632
1384 0.157856
1385 0.187135
1386 0.170481
1387 0.158178
1388 0.175661
1389 0.168156
1390 0.166712
1391 0.172163
1392 0.168373
1393 0.182005
1394 0.166078
1395 0.172065
1396 0.1791
1397 0.176924
1398 0.168265
1399 0.167006
1400 0.160536
1401 0.177627
1402 0.172131
1403 0.152128
1404 0.162054
1405 0.149383
1406 0.144582
1407 0.146234
1408 0.170071
1409 0.166833
1410 0.167568
1411 0.195189
1412 0.176579
1413 0.193013
1414 0.179082
1415 0.17874
1416 0.203476
1417 0.176943
1418 0.197082
1419 0.18081
1420 0.170254
1421 0.191578
1422 0.177091
1423 0.155283
1424 0.164628
1425 0.171096
1426 0.174606
1427 0.161115
1428 0.161322
1429 0.19795
1430 0.1674
1431 0.159694
1432 0.165983
1433 0.168534
1434 0.167832
1435 0.162367
1436 0.185168
1437 0.188881
1438 0.182052
1439 0.175426
1440 0.17603
1441 0.168431
1442 0.167901
1443 0.174491
1444 0.162948
1445 0.168662
1446 0.18627
1447 0.176313
1448 0.162706
1449 0.180318
1450 0.175333
1451 0.179504
1452 0.182743
1453 0.17523
1454 0.181691
1455 0.173072
1456 0.171855
1457 0.166789
1458 0.14693
1459 0.155607
1460 0.166956
1461 0.171295
1462 0.175958
1463 0.190923
1464 0.185371
1465 0.182626
1466 0.167979
1467 0.18149
1468 0.186952
1469 0.155257
1470 0.163316
1471 0.187186
1472 0.159236
1473 0.168867
1474 0.161503
1475 0.157674
1476 0.166057
1477 0.161431
1478 0.165655
1479 0.174162
1480 0.167414
1481 0.193914
1482 0.175677
1483 0.159089
1484 0.188061
1485 0.151616
1486 0.16799
1487 0.170129
1488 0.17447
1489 0.172952
1490 0.146964
1491 0.177386
1492 0.160534
1493 0.14545
1494 0.163861
1495 0.159665
1496 0.163064
1497 0.177835
1498 0.166802
1499 0.166712
1500 0.173627
1501 0.172001
1502 0.165136
1503 0.151083
1504 0.175552
1505 0.177069
1506 0.167407
1507 0.181782
1508 0.198822
1509 0.177822
1510 0.192699
1511 0.194129
1512 0.175015
1513 0.195163
1514 0.194026
1515 0.182535
1516 0.174875
1517 0.190479
1518 0.182893
1519 0.163411
1520 0.166755
1521 0.186415
1522 0.159478
1523 0.146727
1524 0.178754
1525 0.150689
1526 0.164101
1527 0.189729
1528 0.159524
1529 0.170785
1530 0.181035
1531 0.167799
1532 0.148964
1533 0.165446
1534 0.171941
1535 0.154292
1536 0.15969
1537 0.186699
1538 0.180805
1539 0.161842
1540 0.185957
1541 0.193472
1542 0.165262
1543 0.172335
1544 0.183233
1545 0.158557
1546 0.166171
1547 0.179541
1548 0.159168
1549 0.157597
1550 0.178765
1551 0.159562
1552 0.149914
1553 0.154638
1554 0.173816
1555 0.158161
1556 0.147302
1557 0.171377
1558 0.161759
1559 0.166803
1560 0.16168
1561 0.158783
1562 0.156885
1563 0.166632
1564 0.156771
1565 0.145852
1566 0.170037
1567 0.176614
1568 0.160606
1569 0.165828
1570 0.19936
1571 0.154545
1572 0.165712
1573 0.191283
1574 0.17346
1575 0.176095
1576 0.185647
1577 0.192308
1578 0.176654
1579 0.187337
1580 0.18305
1581 0.169751
1582 0.189337
1583 0.171605
1584 0.172375
1585 0.178318
1586 0.185211
1587 0.177915
1588 0.172808
1589 0.187864
1590 0.178055
1591 0.165884
1592 0.166952
1593 0.1879
1594 0.164624
1595 0.16876
1596 0.175794
1597 0.182754
1598 0.173199
1599 0.151832
1600 0.192312
1601 0.150809
1602 0.164084
1603 0.166999
1604 0.147866
1605 0.159292
1606 0.147803
1607 0.153968
1608 0.147859
1609 0.149059
1610 0.144991
1611 0.145818
1612 0.170302
1613 0.164647
1614 0.159834
1615 0.197963
1616 0.178964
1617 0.172234
1618 0.172382
1619 0.174752
1620 0.165443
1621 0.143907
1622 0.164019
1623 0.149092
1624 0.160368
1625 0.166373
1626 0.167763
1627 0.187882
1628 0.171765
1629 0.180506
1630 0.185845
1631 0.179661
1632 0.182838
1633 0.19179
1634 0.177587
1635 0.167666
1636 0.170362
1637 0.153344
1638 0.145409
1639 0.15132
1640 0.155679
1641 0.160391
1642 0.190331
1643 0.18975
1644 0.180763
1645 0.183008
1646 0.18905
1647 0.188246
1648 0.166807
1649 0.161377
1650 0.179099
1651 0.179108
1652 0.1694
1653 0.193923
1654 0.209467
1655 0.176609
1656 0.201882
1657 0.213179
1658 0.187706
1659 0.195132
1660 0.182941
1661 0.193884
1662 0.165974
1663 0.179174
1664 0.185914
1665 0.165535
1666 0.175713
1667 0.182295
1668 0.178185
1669 0.168393
1670 0.185905
1671 0.179744
1672 0.181618
1673 0.177974
1674 0.180914
1675 0.193511
1676 0.180722
1677 0.166882
1678 0.169726
1679 0.181422
1680 0.161958
1681 0.143566
1682 0.166451
1683 0.170724
1684 0.166103
1685 0.177444
1686 0.16831
1687 0.189847
1688 0.189147
1689 0.185832
1690 0.193645
1691 0.176157
1692 0.183541
1693 0.19358
1694 0.175707
1695 0.1946
1696 0.197785
1697 0.173328
1698 0.197288
1699 0.190814
1700 0.161687
1701 0.180608
1702 0.191248
1703 0.173821
1704 0.185763
1705 0.179603
1706 0.157276
1707 0.179028
1708 0.16686
1709 0.166982
1710 0.185997
1711 0.162381
1712 0.18202
1713 0.193889
1714 0.166625
1715 0.178113
1716 0.189167
1717 0.190809
1718 0.173178
1719 0.207264
1720 0.182353
1721 0.153456
1722 0.162329
1723 0.17587
1724 0.16896
1725 0.166495
1726 0.173686
1727 0.191674
1728 0.189762
1729 0.17176
1730 0.182439
1731 0.192541
1732 0.173133
1733 0.172769
1734 0.181398
1735 0.187783
1736 0.1901
1737 0.177214
1738 0.198293
1739 0.197754
1740 0.166362
1741 0.165216
1742 0.177366
1743 0.163655
1744 0.147747
1745 0.173405
1746 0.168593
1747 0.16922
1748 0.186197
1749 0.169554
1750 0.181152
1751 0.177115
1752 0.166235
1753 0.176784
1754 0.180601
1755 0.171866
1756 0.184601
1757 0.170481
1758 0.186102
1759 0.162794
1760 0.149374
1761 0.177293
1762 0.160192
1763 0.152524
1764 0.170641
1765 0.156015
1766 0.138924
1767 0.175003
1768 0.158491
1769 0.164882
1770 0.177189
1771 0.178825
1772 0.173666
1773 0.168458
1774 0.173584
1775 0.13927
1776 0.161618
1777 0.160554
1778 0.141223
1779 0.163381
1780 0.181349
1781 0.160052
1782 0.15733
1783 0.183181
1784 0.180694
1785 0.166267
1786 0.186467
1787 0.186111
1788 0.189342
1789 0.192296
1790 0.180983
1791 0.19253
1792 0.178881
1793 0.159309
1794 0.173454
1795 0.159333
1796 0.150364
1797 0.172444
1798 0.167372
1799 0.163301
1800 0.17437
1801 0.168219
1802 0.17663
1803 0.156635
1804 0.160056
1805 0.15506
1806 0.151958
1807 0.154886
1808 0.150829
1809 0.182379
1810 0.175088
1811 0.171009
1812 0.177084
1813 0.176159
1814 0.185825
1815 0.179367
1816 0.168732
1817 0.195658
1818 0.205216
1819 0.183531
1820 0.184793
1821 0.194583
1822 0.179462
1823 0.16877
1824 0.16769
1825 0.176333
1826 0.17096
1827 0.175391
1828 0.180851
1829 0.172832
1830 0.201584
1831 0.183222
1832 0.157797
1833 0.191831
1834 0.180445
1835 0.156938
1836 0.166901
1837 0.171339
1838 0.163543
1839 0.15537
1840 0.152963
1841 0.156144
1842 0.152919
1843 0.144915
1844 0.161712
1845 0.143594
1846 0.150638
1847 0.161005
1848 0.151555
1849 0.164534
1850 0.161415
1851 0.151113
1852 0.166082
1853 0.187927
1854 0.174844
1855 0.168511
1856 0.18168
1857 0.18409
1858 0.169782
1859 0.1848
1860 0.17712
1861 0.185096
1862 0.199179
1863 0.179093
1864 0.15804
1865 0.188406
1866 0.160072
1867 0.158054
1868 0.185007
1869 0.160434
1870 0.166296
1871 0.175224
1872 0.165055
1873 0.156788
1874 0.150894
1875 0.162713
1876 0.153007
1877 0.140913
1878 0.151063
1879 0.143523
1880 0.13683
1881 0.148453
1882 0.156236
1883 0.136187
1884 0.174101
1885 0.185505
1886 0.161832
1887 0.178916
1888 0.166227
1889 0.182805
1890 0.180671
1891 0.173521
1892 0.184173
1893 0.180773
1894 0.170672
1895 0.177624
1896 0.187712
1897 0.171343
1898 0.179304
1899 0.184525
1900 0.16936
1901 0.179316
1902 0.181789
1903 0.178531
1904 0.171123
1905 0.185234
1906 0.173233
1907 0.187929
1908 0.190679
1909 0.170415
1910 0.172255
1911 0.197543
1912 0.169879
1913 0.148474
1914 0.17203
1915 0.168795
1916 0.170655
1917 0.162396
1918 0.167225
1919 0.166433
1920 0.162115
1921 0.161973
1922 0.164311
1923 0.172528
1924 0.177855
1925 0.191598
1926 0.185065
1927 0.183167
1928 0.172278
1929 0.190749
1930 0.180439
1931 0.162472
1932 0.192114
1933 0.201979
1934 0.174167
1935 0.204024
1936 0.180304
1937 0.167341
1938 0.195202
1939 0.174675
1940 0.190774
1941 0.182339
1942 0.157474
1943 0.191139
1944 0.185752
1945 0.166072
1946 0.179144
1947 0.163926
1948 0.171666
1949 0.166283
1950 0.149456
1951 0.153138
1952 0.151458
1953 0.166037
1954 0.160004
1955 0.156974
1956 0.17572
1957 0.156471
1958 0.175507
1959 0.168756
1960 0.165023
1961 0.171498
1962 0.173135
1963 0.178457
1964 0.16478
1965 0.185213
1966 0.184094
1967 0.15962
1968 0.166015
1969 0.151726
1970 0.163915
1971 0.155586
1972 0.166362
1973 0.187278
1974 0.187722
1975 0.196263
1976 0.210309
1977 0.193374
1978 0.204219
1979 0.176278
1980 0.199488
1981 0.18882
1982 0.170898
1983 0.179156
1984 0.162494
1985 0.17189
1986 0.159406
1987 0.155726
1988 0.150529
1989 0.168308
1990 0.18186
1991 0.160288
1992 0.181514
1993 0.172579
1994 0.172219
1995 0.173724
1996 0.160641
1997 0.174418
1998 0.186859
1999 0.163319
2000 0.177229
2001 0.198697
2002 0.183744
2003 0.165256
2004 0.199746
2005 0.199025
2006 0.176095
2007 0.176815
2008 0.169785
2009 0.171628
2010 0.16414
2011 0.165102
2012 0.168016
2013 0.167599
2014 0.166303
2015 0.180678
2016 0.17283
2017 0.170254
2018 0.186396
2019 0.168395
2020 0.176906
2021 0.152575
2022 0.15332
2023 0.157707
2024 0.153089
2025 0.164847
2026 0.182486
2027 0.171552
2028 0.191267
2029 0.207161
2030 0.165035
2031 0.16954
2032 0.183344
2033 0.170552
2034 0.169113
2035 0.164487
2036 0.182146
2037 0.186247
2038 0.150911
2039 0.152842
2040 0.15164
2041 0.165031
2042 0.159831
2043 0.131734
2044 0.174949
2045 0.170283
2046 0.150813
2047 0.178214
2048 0.181254
2049 0.155862
2050 0.180256
2051 0.190365
2052 0.175678
2053 0.170356
2054 0.18691
2055 0.172745
2056 0.154132
2057 0.168588
2058 0.169599
2059 0.159585
2060 0.183308
2061 0.17921
2062 0.173205
2063 0.19501
2064 0.180234
2065 0.168865
2066 0.178201
2067 0.189949
2068 0.17659
2069 0.169678
2070 0.166555
2071 0.168091
2072 0.167244
2073 0.147898
2074 0.128589
2075 0.143171
2076 0.134564
2077 0.133956
2078 0.155367
2079 0.16593
2080 0.153736
2081 0.164869
2082 0.167804
2083 0.166384
2084 0.174494
2085 0.159599
2086 0.168748
2087 0.190219
2088 0.179573
2089 0.1693
2090 0.177882
2091 0.159199
2092 0.145824
2093 0.178333
2094 0.163862
2095 0.143035
2096 0.184308
2097 0.178628
2098 0.166438
2099 0
