0 9.9013
1 1.54352
2 -26.6867
3 -45.5973
4 -51.4754
5 -48.1589
6 -44.2788
7 -39.0287
8 -37.1393
9 -30.4053
10 -25.4323
11 -28.8702
12 -31.2907
13 -36.8859
14 -30.8007
15 -28.4995
16 -25.0146
17 -14.9453
18 -5.98554
19 -5.4329
20 -3.72816
21 -2.23529
22 -1.04577
23 -0.356363
24 -0.303879
25 -0.0468417
26 0.0179864
27 0.0890299
28 0.133983
29 0.122075
30 0.148329
31 0.158664
32 0.177019
33 0.185
34 0.183331
35 0.178337
36 0.176767
37 0.193783
38 0.189727
39 0.192134
40 0.159631
41 0.17785
42 0.18532
43 0.181436
44 0.185212
45 0.180177
46 0.176656
47 0.195816
48 0.181301
49 0.189735
50 0.177865
51 0.152899
52 0.16708
53 0.189532
54 0.19283
55 0.183057
56 0.172104
57 0.182689
58 0.182545
59 0.199573
60 0.195842
61 0.205049
62 0.193981
63 0.189515
64 0.194263
65 0.177628
66 0.182774
67 0.181647
68 0.188466
69 0.179725
70 0.158408
71 0.185916
72 0.206076
73 0.181455
74 0.178028
75 0.174808
76 0.177404
77 0.19016
78 0.193037
79 0.190271
80 0.173419
81 0.172644
82 0.185363
83 0.204018
84 0.194842
85 0.183601
86 0.192983
87 0.19416
88 0.191265
89 0.184221
90 0.211678
91 0.188156
92 0.179322
93 0.17806
94 0.173188
95 0.202126
96 0.188584
97 0.182886
98 0.175645
99 0.177969
100 0.164629
101 0.167739
102 0.18982
103 0.185149
104 0.193666
105 0.191228
106 0.170915
107 0.162845
108 0.186988
109 0.204731
110 0.188364
111 0.181602
112 0.168617
113 0.172337
114 0.177508
115 0.182676
116 0.166426
117 0.179666
118 0.19616
119 0.178402
120 0.168058
121 0.168542
122 0.163498
123 0.172459
124 0.172084
125 0.176914
126 0.173266
127 0.166514
128 0.167625
129 0.178143
130 0.180823
131 0.193393
132 0.17587
133 0.18321
134 0.179946
135 0.153603
136 0.150925
137 0.1661
138 0.172691
139 0.181493
140 0.172253
141 0.15772
142 0.187354
143 0.190821
144 0.175186
145 0.188962
146 0.186298
147 0.182067
148 0.183193
149 0.180464
150 0.206536
151 0.197484
152 0.182973
153 0.18841
154 0.202421
155 0.199292
156 0.204017
157 0.196994
158 0.173571
159 0.187004
160 0.172417
161 0.179316
162 0.172505
163 0.160932
164 0.168928
165 0.160739
166 0.145644
167 0.165881
168 0.157582
169 0.170134
170 0.1573
171 0.156691
172 0.16325
173 0.179839
174 0.17223
175 0.170317
176 0.161456
177 0.154958
178 0.185986
179 0.173023
180 0.171188
181 0.171878
182 0.166
183 0.174797
184 0.162728
185 0.163891
186 0.181968
187 0.172886
188 0.179673
189 0.170444
190 0.159116
191 0.195387
192 0.174988
193 0.168615
194 0.163479
195 0.146674
196 0.167114
197 0.177445
198 0.186249
199 0.188916
200 0.178161
201 0.174382
202 0.180112
203 0.176528
204 0.189296
205 0.187507
206 0.192062
207 0.182711
208 0.181026
209 0.174469
210 0.172848
211 0.178208
212 0.181814
213 0.169778
214 0.175246
215 0.154704
216 0.16691
217 0.189953
218 0.159636
219 0.176809
220 0.182045
221 0.171223
222 0.172487
223 0.178239
224 0.170562
225 0.169967
226 0.169041
227 0.178856
228 0.205628
229 0.186264
230 0.173745
231 0.171501
232 0.190356
233 0.195542
234 0.182989
235 0.172945
236 0.159184
237 0.174018
238 0.186219
239 0.183059
240 0.160665
241 0.165713
242 0.16001
243 0.183278
244 0.180465
245 0.175691
246 0.171761
247 0.151819
248 0.170805
249 0.191015
250 0.196234
251 0.1937
252 0.179296
253 0.191758
254 0.18518
255 0.200758
256 0.183561
257 0.172267
258 0.190922
259 0.177825
260 0.188107
261 0.179259
262 0.166706
263 0.171745
264 0.162318
265 0.189686
266 0.192193
267 0.185848
268 0.174138
269 0.186589
270 0.194663
271 0.192712
272 0.200076
273 0.17964
274 0.180945
275 0.182738
276 0.188135
277 0.173756
278 0.16186
279 0.155548
280 0.152751
281 0.170553
282 0.174287
283 0.171084
284 0.166681
285 0.160333
286 0.19052
287 0.211153
288 0.175241
289 0.189883
290 0.163051
291 0.191115
292 0.181399
293 0.159123
294 0.164556
295 0.167505
296 0.169368
297 0.172576
298 0.170975
299 0.167833
300 0.168409
301 0.176417
302 0.178543
303 0.187808
304 0.163164
305 0.188288
306 0.194128
307 0.18662
308 0.175302
309 0.167307
310 0.162856
311 0.173223
312 0.186807
313 0.163385
314 0.158809
315 0.160267
316 0.175121
317 0.160694
318 0.162629
319 0.169282
320 0.181222
321 0.185791
322 0.16672
323 0.163355
324 0.188389
325 0.191064
326 0.17946
327 0.168979
328 0.164502
329 0.176105
330 0.160027
331 0.163891
332 0.161398
333 0.149373
334 0.159834
335 0.161144
336 0.191182
337 0.173416
338 0.172508
339 0.188654
340 0.166522
341 0.180434
342 0.189089
343 0.189655
344 0.18122
345 0.167699
346 0.158656
347 0.18883
348 0.194891
349 0.171543
350 0.163751
351 0.154896
352 0.166768
353 0.186217
354 0.180126
355 0.186548
356 0.168417
357 0.182079
358 0.187789
359 0.181278
360 0.166931
361 0.177007
362 0.179639
363 0.174579
364 0.188379
365 0.181827
366 0.175329
367 0.160732
368 0.166593
369 0.168353
370 0.177934
371 0.174172
372 0.152987
373 0.157939
374 0.164796
375 0.185302
376 0.199679
377 0.169056
378 0.164762
379 0.170178
380 0.196541
381 0.186478
382 0.167418
383 0.170675
384 0.15925
385 0.180753
386 0.17373
387 0.176679
388 0.176352
389 0.167789
390 0.188349
391 0.167433
392 0.180938
393 0.196973
394 0.163928
395 0.165156
396 0.164719
397 0.191255
398 0.18394
399 0.160277
400 0.168478
401 0.15901
402 0.18375
403 0.174002
404 0.182461
405 0.190334
406 0.182312
407 0.176439
408 0.166641
409 0.178823
410 0.203794
411 0.178001
412 0.171358
413 0.162816
414 0.167758
415 0.172571
416 0.168254
417 0.163651
418 0.175258
419 0.1821
420 0.175023
421 0.188415
422 0.169059
423 0.196444
424 0.195187
425 0.179044
426 0.173948
427 0.175178
428 0.187808
429 0.194789
430 0.172692
431 0.173395
432 0.174875
433 0.187425
434 0.21183
435 0.182814
436 0.165509
437 0.192318
438 0.197744
439 0.197949
440 0.169682
441 0.154819
442 0.174084
443 0.179813
444 0.189712
445 0.158644
446 0.172433
447 0.179289
448 0.170811
449 0.170144
450 0.167856
451 0.189661
452 0.193404
453 0.169315
454 0.16017
455 0.188022
456 0.199907
457 0.177506
458 0.170593
459 0.16648
460 0.185682
461 0.173689
462 0.161509
463 0.190228
464 0.183362
465 0.168176
466 0.169696
467 0.149902
468 0.180548
469 0.173481
470 0.166154
471 0.178155
472 0.167905
473 0.182706
474 0.159559
475 0.173644
476 0.186479
477 0.189844
478 0.201708
479 0.181379
480 0.160198
481 0.196645
482 0.189741
483 0.183034
484 0.171093
485 0.148427
486 0.194347
487 0.170516
488 0.175971
489 0.156875
490 0.171997
491 0.177912
492 0.175408
493 0.160145
494 0.177131
495 0.176812
496 0.196931
497 0.189592
498 0.177007
499 0.199202
500 0.19238
501 0.17268
502 0.184489
503 0.165621
504 0.170904
505 0.169027
506 0.152123
507 0.188479
508 0.160535
509 0.161635
510 0.149634
511 0.151878
512 0.187397
513 0.168598
514 0.153401
515 0.165498
516 0.167482
517 0.191257
518 0.174319
519 0.176689
520 0.184425
521 0.178299
522 0.170613
523 0.177751
524 0.18034
525 0.168082
526 0.180379
527 0.178583
528 0.173557
529 0.164172
530 0.171391
531 0.172055
532 0.177746
533 0.16603
534 0.185084
535 0.203228
536 0.174305
537 0.161291
538 0.180988
539 0.190566
540 0.19257
541 0.174026
542 0.167227
543 0.168405
544 0.199934
545 0.195408
546 0.181621
547 0.187729
548 0.187288
549 0.20915
550 0.18812
551 0.169321
552 0.180488
553 0.174855
554 0.214235
555 0.191949
556 0.18311
557 0.183299
558 0.183055
559 0.186478
560 0.190232
561 0.17119
562 0.192363
563 0.186505
564 0.185087
565 0.198204
566 0.194553
567 0.195314
568 0.177951
569 0.171942
570 0.199606
571 0.224779
572 0.216208
573 0.175154
574 0.169572
575 0.172031
576 0.189431
577 0.193318
578 0.189939
579 0.187144
580 0.164285
581 0.166089
582 0.192232
583 0.21443
584 0.198704
585 0.175127
586 0.172348
587 0.203976
588 0.19723
589 0.185723
590 0.165924
591 0.171629
592 0.18529
593 0.176232
594 0.160108
595 0.159172
596 0.192081
597 0.191022
598 0.173006
599 0.163692
600 0.157541
601 0.180659
602 0.16969
603 0.162071
604 0.175641
605 0.162562
606 0.174402
607 0.170821
608 0.163209
609 0.187193
610 0.188044
611 0.18221
612 0.178034
613 0.170306
614 0.196674
615 0.182376
616 0.180568
617 0.179859
618 0.172282
619 0.188736
620 0.179226
621 0.177753
622 0.185866
623 0.162706
624 0.161091
625 0.166772
626 0.176513
627 0.176928
628 0.175477
629 0.179317
630 0.161393
631 0.178606
632 0.166955
633 0.159729
634 0.173295
635 0.161134
636 0.160748
637 0.158341
638 0.160311
639 0.1721
640 0.168486
641 0.170127
642 0.174059
643 0.169913
644 0.170698
645 0.160888
646 0.166717
647 0.179667
648 0.163465
649 0.163766
650 0.161279
651 0.173878
652 0.185725
653 0.183568
654 0.173018
655 0.18358
656 0.176419
657 0.188881
658 0.175777
659 0.196743
660 0.200788
661 0.193415
662 0.206404
663 0.172828
664 0.188371
665 0.184246
666 0.202663
667 0.181392
668 0.18165
669 0.190651
670 0.198767
671 0.196012
672 0.177883
673 0.198871
674 0.197734
675 0.187088
676 0.195405
677 0.161857
678 0.165814
679 0.166753
680 0.165151
681 0.193036
682 0.16816
683 0.165518
684 0.176711
685 0.166535
686 0.189081
687 0.164886
688 0.164329
689 0.203621
690 0.195587
691 0.183433
692 0.16517
693 0.15824
694 0.166028
695 0.175328
696 0.192081
697 0.175989
698 0.166628
699 0.163659
700 0.167796
701 0.177047
702 0.19169
703 0.162772
704 0.175209
705 0.176828
706 0.172806
707 0.178919
708 0.168687
709 0.188171
710 0.177871
711 0.187581
712 0.181694
713 0.175869
714 0.18704
715 0.175535
716 0.192246
717 0.20298
718 0.197245
719 0.167377
720 0.164164
721 0.165353
722 0.180818
723 0.173233
724 0.154977
725 0.164401
726 0.177566
727 0.181089
728 0.164014
729 0.157305
730 0.180437
731 0.199641
732 0.193431
733 0.170909
734 0.195237
735 0.204399
736 0.209474
737 0.180542
738 0.187999
739 0.208247
740 0.202748
741 0.186076
742 0.1824
743 0.181706
744 0.217936
745 0.185368
746 0.192819
747 0.190535
748 0.178047
749 0.176148
750 0.177833
751 0.172008
752 0.171563
753 0.164373
754 0.155699
755 0.165642
756 0.173383
757 0.172363
758 0.16261
759 0.166807
760 0.168347
761 0.190003
762 0.168829
763 0.166227
764 0.15571
765 0.166421
766 0.180253
767 0.17931
768 0.161284
769 0.161733
770 0.171073
771 0.163439
772 0.187569
773 0.176593
774 0.179221
775 0.192191
776 0.175502
777 0.170249
778 0.180343
779 0.180613
780 0.185099
781 0.19483
782 0.185579
783 0.183813
784 0.16653
785 0.157427
786 0.190297
787 0.185044
788 0.17701
789 0.176147
790 0.163363
791 0.196955
792 0.184918
793 0.163808
794 0.172201
795 0.181474
796 0.195714
797 0.199136
798 0.160277
799 0.161243
800 0.17131
801 0.1746
802 0.177508
803 0.164796
804 0.165312
805 0.184889
806 0.174049
807 0.160612
808 0.186243
809 0.182784
810 0.190412
811 0.189882
812 0.159116
813 0.16534
814 0.181266
815 0.200153
816 0.207413
817 0.184795
818 0.165592
819 0.177568
820 0.200893
821 0.193477
822 0.201707
823 0.166949
824 0.171259
825 0.170726
826 0.165539
827 0.172279
828 0.167945
829 0.165023
830 0.163155
831 0.164401
832 0.177462
833 0.178448
834 0.200818
835 0.18684
836 0.197194
837 0.190554
838 0.184812
839 0.173074
840 0.166345
841 0.201183
842 0.195081
843 0.182175
844 0.160783
845 0.165214
846 0.163197
847 0.203725
848 0.182437
849 0.173281
850 0.163808
851 0.166628
852 0.184619
853 0.177622
854 0.155748
855 0.171378
856 0.167669
857 0.171339
858 0.161203
859 0.15811
860 0.168194
861 0.16894
862 0.168659
863 0.17281
864 0.178385
865 0.17106
866 0.171049
867 0.167314
868 0.184852
869 0.192309
870 0.185013
871 0.189692
872 0.165878
873 0.174782
874 0.195321
875 0.198404
876 0.189106
877 0.167359
878 0.176344
879 0.173341
880 0.198179
881 0.170956
882 0.165121
883 0.180772
884 0.162947
885 0.178707
886 0.177535
887 0.169613
888 0.192831
889 0.188779
890 0.167369
891 0.193257
892 0.17529
893 0.194272
894 0.205417
895 0.183874
896 0.170194
897 0.165547
898 0.200151
899 0.205524
900 0.172014
901 0.184289
902 0.178973
903 0.182343
904 0.174943
905 0.157713
906 0.163156
907 0.166726
908 0.160971
909 0.161883
910 0.148534
911 0.160707
912 0.149369
913 0.166323
914 0.159934
915 0.167336
916 0.178683
917 0.170351
918 0.176278
919 0.158725
920 0.152384
921 0.163426
922 0.1709
923 0.162022
924 0.147871
925 0.147841
926 0.176417
927 0.182727
928 0.165207
929 0.171023
930 0.15387
931 0.188297
932 0.19806
933 0.185728
934 0.201522
935 0.167183
936 0.181726
937 0.171465
938 0.18731
939 0.200642
940 0.194845
941 0.191252
942 0.169979
943 0.198191
944 0.182266
945 0.201767
946 0.217388
947 0.181901
948 0.182506
949 0.18654
950 0.193722
951 0.196174
952 0.174321
953 0.181451
954 0.172377
955 0.17446
956 0.173743
957 0.164588
958 0.179971
959 0.169109
960 0.166537
961 0.173673
962 0.176229
963 0.178218
964 0.172551
965 0.188378
966 0.183931
967 0.169747
968 0.170804
969 0.165793
970 0.168316
971 0.186414
972 0.177142
973 0.169118
974 0.159521
975 0.150536
976 0.185527
977 0.207365
978 0.188345
979 0.173908
980 0.170382
981 0.170043
982 0.17806
983 0.172648
984 0.191474
985 0.17928
986 0.187505
987 0.181626
988 0.17529
989 0.183733
990 0.185824
991 0.200724
992 0.205688
993 0.199873
994 0.17585
995 0.160166
996 0.196183
997 0.181544
998 0.191333
999 0.18559
1000 0.164709
1001 0.15884
1002 0.177856
1003 0.206758
1004 0.203858
1005 0.184794
1006 0.166691
1007 0.169015
1008 0.193146
1009 0.185682
1010 0.201298
1011 0.201258
1012 0.173783
1013 0.183028
1014 0.166245
1015 0.179757
1016 0.180462
1017 0.17073
1018 0.176914
1019 0.167962
1020 0.177227
1021 0.173756
1022 0.158185
1023 0.163682
1024 0.183633
1025 0.203843
1026 0.203625
1027 0.17484
1028 0.157722
1029 0.181159
1030 0.193421
1031 0.188504
1032 0.190469
1033 0.181061
1034 0.188475
1035 0.186199
1036 0.174663
1037 0.205019
1038 0.201814
1039 0.193244
1040 0.190635
1041 0.192587
1042 0.172889
1043 0.200267
1044 0.177564
1045 0.170199
1046 0.175095
1047 0.154485
1048 0.163886
1049 0.17608
1050 0.168502
1051 0.147193
1052 0.149906
1053 0.15808
1054 0.178585
1055 0.179078
1056 0.178177
1057 0.164338
1058 0.161636
1059 0.171436
1060 0.168903
1061 0.18004
1062 0.177403
1063 0.177326
1064 0.181342
1065 0.192185
1066 0.187058
1067 0.173408
1068 0.183996
1069 0.176355
1070 0.178056
1071 0.183412
1072 0.182384
1073 0.17714
1074 0.174106
1075 0.161422
1076 0.161354
1077 0.185527
1078 0.162737
1079 0.174508
1080 0.161072
1081 0.160335
1082 0.162172
1083 0.167057
1084 0.167069
1085 0.163095
1086 0.161063
1087 0.153861
1088 0.177385
1089 0.177874
1090 0.175684
1091 0.177489
1092 0.174004
1093 0.196568
1094 0.191363
1095 0.169972
1096 0.175242
1097 0.165587
1098 0.175083
1099 0.170121
1100 0.163516
1101 0.166755
1102 0.163108
1103 0.154638
1104 0.167168
1105 0.169179
1106 0.174466
1107 0.164919
1108 0.158394
1109 0.158232
1110 0.185244
1111 0.203623
1112 0.184714
1113 0.166708
1114 0.181921
1115 0.204462
1116 0.202005
1117 0.175991
1118 0.188369
1119 0.204451
1120 0.197909
1121 0.18991
1122 0.176557
1123 0.199149
1124 0.207948
1125 0.197699
1126 0.219572
1127 0.178121
1128 0.207497
1129 0.199972
1130 0.206197
1131 0.200657
1132 0.189425
1133 0.196179
1134 0.173311
1135 0.167369
1136 0.157716
1137 0.184021
1138 0.173624
1139 0.170434
1140 0.165811
1141 0.170441
1142 0.183897
1143 0.170898
1144 0.183429
1145 0.18477
1146 0.200479
1147 0.183197
1148 0.189694
1149 0.1749
1150 0.171606
1151 0.19181
1152 0.193686
1153 0.205299
1154 0.187872
1155 0.176029
1156 0.198877
1157 0.218268
1158 0.188887
1159 0.19113
1160 0.173524
1161 0.173956
1162 0.180185
1163 0.161538
1164 0.164699
1165 0.160709
1166 0.159692
1167 0.169739
1168 0.171245
1169 0.17386
1170 0.16707
1171 0.159907
1172 0.162981
1173 0.205653
1174 0.189732
1175 0.18209
1176 0.165258
1177 0.171338
1178 0.201416
1179 0.195517
1180 0.18829
1181 0.173636
1182 0.182212
1183 0.184011
1184 0.174554
1185 0.180123
1186 0.171376
1187 0.190454
1188 0.186451
1189 0.18457
1190 0.182994
1191 0.181682
1192 0.200237
1193 0.191881
1194 0.176444
1195 0.196521
1196 0.200497
1197 0.178304
1198 0.180438
1199 0.170912
1200 0.183089
1201 0.185729
1202 0.177478
1203 0.178549
1204 0.160571
1205 0.158214
1206 0.185482
1207 0.171317
1208 0.177279
1209 0.16626
1210 0.150646
1211 0.173463
1212 0.190462
1213 0.203612
1214 0.169112
1215 0.167056
1216 0.176923
1217 0.181191
1218 0.181593
1219 0.152259
1220 0.166401
1221 0.173303
1222 0.183714
1223 0.171589
1224 0.144899
1225 0.147309
1226 0.166442
1227 0.162604
1228 0.165802
1229 0.155448
1230 0.16694
1231 0.186762
1232 0.173056
1233 0.174734
1234 0.177846
1235 0.16343
1236 0.187472
1237 0.180013
1238 0.173809
1239 0.185978
1240 0.171944
1241 0.175333
1242 0.163292
1243 0.164876
1244 0.194634
1245 0.202846
1246 0.189517
1247 0.176044
1248 0.184108
1249 0.191835
1250 0.215188
1251 0.198177
1252 0.193504
1253 0.185376
1254 0.189437
1255 0.185207
1256 0.191596
1257 0.186781
1258 0.171406
1259 0.178022
1260 0.158998
1261 0.17076
1262 0.18117
1263 0.16579
1264 0.171258
1265 0.163001
1266 0.185632
1267 0.187356
1268 0.164236
1269 0.159736
1270 0.165766
1271 0.170982
1272 0.189546
1273 0.169731
1274 0.165491
1275 0.179131
1276 0.154636
1277 0.176634
1278 0.19152
1279 0.18087
1280 0.180186
1281 0.182686
1282 0.189376
1283 0.190764
1284 0.179765
1285 0.175372
1286 0.179297
1287 0.182348
1288 0.183117
1289 0.17752
1290 0.168899
1291 0.160838
1292 0.174919
1293 0.179432
1294 0.190419
1295 0.173028
1296 0.180304
1297 0.175868
1298 0.179739
1299 0.188323
1300 0.167068
1301 0.196506
1302 0.180813
1303 0.182753
1304 0.183587
1305 0.171409
1306 0.180139
1307 0.171603
1308 0.187776
1309 0.169356
1310 0.171392
1311 0.160714
1312 0.16324
1313 0.166785
1314 0.16353
1315 0.158618
1316 0.171571
1317 0.17966
1318 0.162769
1319 0.153134
1320 0.159702
1321 0.195466
1322 0.19796
1323 0.179584
1324 0.164309
1325 0.153946
1326 0.170372
1327 0.182696
1328 0.181315
1329 0.187357
1330 0.167187
1331 0.171785
1332 0.18672
1333 0.18245
1334 0.190089
1335 0.201076
1336 0.212206
1337 0.181842
1338 0.179426
1339 0.178169
1340 0.198455
1341 0.221045
1342 0.180726
1343 0.166183
1344 0.17301
1345 0.177934
1346 0.184281
1347 0.177965
1348 0.173151
1349 0.186169
1350 0.167734
1351 0.181499
1352 0.167253
1353 0.175823
1354 0.197224
1355 0.170413
1356 0.182785
1357 0.188863
1358 0.184098
1359 0.190925
1360 0.182014
1361 0.19197
1362 0.204597
1363 0.186515
1364 0.179413
1365 0.168621
1366 0.179381
1367 0.179379
1368 0.167236
1369 0.191392
1370 0.163081
1371 0.189463
1372 0.174926
1373 0.176648
1374 0.191967
1375 0.185315
1376 0.178302
1377 0.163353
1378 0.163384
1379 0.177976
1380 0.185513
1381 0.169088
1382 0.176366
1383 0.151887
1384 0.161792
1385 0.176954
1386 0.198718
1387 0.186421
1388 0.170559
1389 0.155335
1390 0.17199
1391 0.187189
1392 0.189225
1393 0.192171
1394 0.169387
1395 0.164094
1396 0.168826
1397 0.18616
1398 0.19643
1399 0.187022
1400 0.16138
1401 0.176467
1402 0.163378
1403 0.169922
1404 0.155702
1405 0.15848
1406 0.161609
1407 0.157582
1408 0.178099
1409 0.179361
1410 0.172855
1411 0.17819
1412 0.16557
1413 0.198463
1414 0.187926
1415 0.192948
1416 0.206942
1417 0.17824
1418 0.195538
1419 0.176975
1420 0.187825
1421 0.21247
1422 0.20029
1423 0.184947
1424 0.162783
1425 0.155393
1426 0.183369
1427 0.192629
1428 0.176519
1429 0.185603
1430 0.166289
1431 0.171127
1432 0.17229
1433 0.182861
1434 0.194405
1435 0.179308
1436 0.178565
1437 0.174604
1438 0.175665
1439 0.176731
1440 0.17655
1441 0.184267
1442 0.185445
1443 0.193264
1444 0.173317
1445 0.16097
1446 0.183857
1447 0.194128
1448 0.181959
1449 0.165849
1450 0.152466
1451 0.189332
1452 0.206855
1453 0.18531
1454 0.177797
1455 0.166659
1456 0.171599
1457 0.185397
1458 0.174176
1459 0.175197
1460 0.16967
1461 0.172579
1462 0.176723
1463 0.179221
1464 0.182786
1465 0.19398
1466 0.166812
1467 0.182885
1468 0.200726
1469 0.176108
1470 0.169436
1471 0.163503
1472 0.165416
1473 0.192379
1474 0.167166
1475 0.159007
1476 0.160964
1477 0.177815
1478 0.202499
1479 0.190697
1480 0.15269
1481 0.178425
1482 0.173564
1483 0.185042
1484 0.179704
1485 0.157686
1486 0.179448
1487 0.171315
1488 0.180144
1489 0.175179
1490 0.15498
1491 0.169862
1492 0.162919
1493 0.172905
1494 0.165876
1495 0.167245
1496 0.177787
1497 0.198875
1498 0.171481
1499 0.169887
1500 0.161623
1501 0.187714
1502 0.186497
1503 0.158526
1504 0.167999
1505 0.177158
1506 0.177147
1507 0.193268
1508 0.193281
1509 0.169202
1510 0.196345
1511 0.191806
1512 0.196493
1513 0.188195
1514 0.18741
1515 0.186415
1516 0.184115
1517 0.194644
1518 0.202566
1519 0.179177
1520 0.161897
1521 0.179157
1522 0.167259
1523 0.172637
1524 0.183604
1525 0.151538
1526 0.183352
1527 0.184824
1528 0.169163
1529 0.183228
1530 0.170985
1531 0.175282
1532 0.171842
1533 0.174045
1534 0.181218
1535 0.172564
1536 0.174644
1537 0.186241
1538 0.191929
1539 0.176843
1540 0.178422
1541 0.184199
1542 0.173179
1543 0.18825
1544 0.18715
1545 0.166762
1546 0.17437
1547 0.176008
1548 0.167422
1549 0.164811
1550 0.171651
1551 0.165436
1552 0.162779
1553 0.165376
1554 0.178176
1555 0.174661
1556 0.169632
1557 0.157096
1558 0.158102
1559 0.184291
1560 0.177422
1561 0.162109
1562 0.148078
1563 0.168106
1564 0.175102
1565 0.169995
1566 0.168411
1567 0.189073
1568 0.168619
1569 0.166656
1570 0.195974
1571 0.177708
1572 0.192405
1573 0.18953
1574 0.188881
1575 0.194687
1576 0.176151
1577 0.182753
1578 0.182104
1579 0.204466
1580 0.194026
1581 0.176348
1582 0.180879
1583 0.18209
1584 0.197403
1585 0.182051
1586 0.188697
1587 0.180795
1588 0.181461
1589 0.1768
1590 0.179514
1591 0.183867
1592 0.173346
1593 0.179646
1594 0.17837
1595 0.198225
1596 0.170882
1597 0.187162
1598 0.182505
1599 0.174929
1600 0.187554
1601 0.156343
1602 0.192926
1603 0.161625
1604 0.16189
1605 0.162423
1606 0.157001
1607 0.161744
1608 0.15254
1609 0.167855
1610 0.153698
1611 0.14902
1612 0.175311
1613 0.171713
1614 0.170383
1615 0.179616
1616 0.166722
1617 0.187632
1618 0.167099
1619 0.172007
1620 0.180994
1621 0.166644
1622 0.176547
1623 0.156129
1624 0.173987
1625 0.170736
1626 0.163752
1627 0.186458
1628 0.167368
1629 0.174494
1630 0.187644
1631 0.194762
1632 0.182638
1633 0.185196
1634 0.168541
1635 0.176141
1636 0.171445
1637 0.172364
1638 0.177834
1639 0.170775
1640 0.162199
1641 0.162449
1642 0.178023
1643 0.1949
1644 0.192764
1645 0.17055
1646 0.179001
1647 0.185654
1648 0.193833
1649 0.1818
1650 0.177611
1651 0.189835
1652 0.189069
1653 0.191796
1654 0.196111
1655 0.178947
1656 0.199224
1657 0.209036
1658 0.200387
1659 0.219014
1660 0.181424
1661 0.181113
1662 0.184016
1663 0.194177
1664 0.19832
1665 0.182746
1666 0.178461
1667 0.173872
1668 0.184299
1669 0.185134
1670 0.188283
1671 0.169155
1672 0.18851
1673 0.1886
1674 0.18774
1675 0.197217
1676 0.191069
1677 0.179017
1678 0.171626
1679 0.182864
1680 0.186258
1681 0.166658
1682 0.153034
1683 0.162574
1684 0.203499
1685 0.201316
1686 0.170861
1687 0.17625
1688 0.173101
1689 0.190216
1690 0.195423
1691 0.182249
1692 0.19465
1693 0.195775
1694 0.184175
1695 0.202473
1696 0.195671
1697 0.177387
1698 0.188238
1699 0.19221
1700 0.181143
1701 0.1785
1702 0.190566
1703 0.191384
1704 0.189876
1705 0.173038
1706 0.165208
1707 0.190169
1708 0.193897
1709 0.190058
1710 0.182808
1711 0.146313
1712 0.167289
1713 0.190208
1714 0.187433
1715 0.190915
1716 0.186078
1717 0.189335
1718 0.182373
1719 0.20036
1720 0.179024
1721 0.164684
1722 0.183499
1723 0.191135
1724 0.199882
1725 0.191443
1726 0.170106
1727 0.182122
1728 0.189467
1729 0.18714
1730 0.184864
1731 0.189467
1732 0.184858
1733 0.18744
1734 0.178154
1735 0.195637
1736 0.210518
1737 0.195692
1738 0.193698
1739 0.175823
1740 0.171034
1741 0.158873
1742 0.17866
1743 0.187836
1744 0.176207
1745 0.169696
1746 0.152581
1747 0.178848
1748 0.180351
1749 0.168708
1750 0.180111
1751 0.17029
1752 0.179404
1753 0.199071
1754 0.189018
1755 0.187489
1756 0.179093
1757 0.154161
1758 0.194919
1759 0.188171
1760 0.177712
1761 0.177267
1762 0.146036
1763 0.158716
1764 0.175778
1765 0.156661
1766 0.154691
1767 0.169135
1768 0.165652
1769 0.182956
1770 0.167677
1771 0.174506
1772 0.169535
1773 0.176703
1774 0.159206
1775 0.153341
1776 0.180049
1777 0.186057
1778 0.165867
1779 0.154386
1780 0.170075
1781 0.178246
1782 0.170417
1783 0.172258
1784 0.176896
1785 0.183043
1786 0.193543
1787 0.189863
1788 0.1954
1789 0.191138
1790 0.172883
1791 0.186161
1792 0.180491
1793 0.180272
1794 0.187079
1795 0.169228
1796 0.168284
1797 0.176212
1798 0.165713
1799 0.18133
1800 0.171921
1801 0.165586
1802 0.180245
1803 0.164346
1804 0.172245
1805 0.160386
1806 0.172168
1807 0.172217
1808 0.160357
1809 0.176893
1810 0.17934
1811 0.178415
1812 0.171328
1813 0.179699
1814 0.201225
1815 0.204717
1816 0.180443
1817 0.179152
1818 0.197309
1819 0.196871
1820 0.194669
1821 0.183698
1822 0.189077
1823 0.18614
1824 0.179518
1825 0.192321
1826 0.201257
1827 0.198182
1828 0.169192
1829 0.160144
1830 0.18997
1831 0.199673
1832 0.175159
1833 0.189875
1834 0.173708
1835 0.171619
1836 0.166424
1837 0.156386
1838 0.174296
1839 0.182679
1840 0.157136
1841 0.143592
1842 0.146059
1843 0.159239
1844 0.181754
1845 0.15398
1846 0.1634
1847 0.144435
1848 0.15628
1849 0.171692
1850 0.177548
1851 0.15816
1852 0.168148
1853 0.177801
1854 0.183905
1855 0.179232
1856 0.167321
1857 0.168231
1858 0.1896
1859 0.210119
1860 0.186054
1861 0.181468
1862 0.196859
1863 0.182177
1864 0.169049
1865 0.190187
1866 0.172768
1867 0.188371
1868 0.190996
1869 0.159862
1870 0.17077
1871 0.16948
1872 0.172094
1873 0.180901
1874 0.168441
1875 0.176297
1876 0.159009
1877 0.160082
1878 0.150558
1879 0.156801
1880 0.155472
1881 0.166634
1882 0.187458
1883 0.159143
1884 0.161065
1885 0.151
1886 0.165924
1887 0.190411
1888 0.161172
1889 0.178679
1890 0.175713
1891 0.183481
1892 0.184681
1893 0.190457
1894 0.189509
1895 0.180968
1896 0.192625
1897 0.170053
1898 0.200474
1899 0.176321
1900 0.180209
1901 0.182789
1902 0.191047
1903 0.195645
1904 0.182353
1905 0.180185
1906 0.17525
1907 0.197919
1908 0.204903
1909 0.180669
1910 0.16347
1911 0.178289
1912 0.176707
1913 0.187835
1914 0.174507
1915 0.180421
1916 0.193795
1917 0.169087
1918 0.175939
1919 0.161116
1920 0.177572
1921 0.181272
1922 0.180178
1923 0.178913
1924 0.180557
1925 0.184439
1926 0.188872
1927 0.18359
1928 0.175741
1929 0.196095
1930 0.210341
1931 0.195954
1932 0.198623
1933 0.189098
1934 0.182215
1935 0.212747
1936 0.19189
1937 0.181482
1938 0.196227
1939 0.177963
1940 0.200674
1941 0.1806
1942 0.166887
1943 0.200298
1944 0.206281
1945 0.19954
1946 0.193006
1947 0.163707
1948 0.173819
1949 0.173868
1950 0.172593
1951 0.157888
1952 0.162389
1953 0.177873
1954 0.163271
1955 0.158462
1956 0.160129
1957 0.155215
1958 0.176428
1959 0.169432
1960 0.166665
1961 0.162899
1962 0.183339
1963 0.19816
1964 0.173936
1965 0.184822
1966 0.170492
1967 0.174577
1968 0.178001
1969 0.172696
1970 0.183544
1971 0.185989
1972 0.180415
1973 0.19151
1974 0.167406
1975 0.197235
1976 0.209441
1977 0.196415
1978 0.221183
1979 0.169826
1980 0.188611
1981 0.188585
1982 0.206734
1983 0.186298
1984 0.172686
1985 0.181228
1986 0.165795
1987 0.184438
1988 0.166495
1989 0.168723
1990 0.181854
1991 0.158873
1992 0.185088
1993 0.154626
1994 0.179467
1995 0.165434
1996 0.171586
1997 0.183244
1998 0.20728
1999 0.179506
2000 0.171324
2001 0.187192
2002 0.192586
2003 0.188626
2004 0.193927
2005 0.194983
2006 0.188741
2007 0.186861
2008 0.162161
2009 0.166527
2010 0.184668
2011 0.192837
2012 0.178785
2013 0.166909
2014 0.153631
2015 0.180259
2016 0.191473
2017 0.188228
2018 0.171296
2019 0.144868
2020 0.164456
2021 0.168583
2022 0.17722
2023 0.173461
2024 0.163692
2025 0.178445
2026 0.183335
2027 0.172653
2028 0.182716
2029 0.180815
2030 0.173332
2031 0.165006
2032 0.188735
2033 0.191741
2034 0.206091
2035 0.174779
2036 0.163472
2037 0.17058
2038 0.17305
2039 0.18177
2040 0.152404
2041 0.169935
2042 0.164066
2043 0.147076
2044 0.173696
2045 0.184634
2046 0.175009
2047 0.178186
2048 0.171951
2049 0.154262
2050 0.174668
2051 0.190133
2052 0.194718
2053 0.183738
2054 0.159213
2055 0.155044
2056 0.172413
2057 0.192752
2058 0.181439
2059 0.166071
2060 0.169386
2061 0.152127
2062 0.168663
2063 0.182243
2064 0.181644
2065 0.182325
2066 0.172392
2067 0.180297
2068 0.199324
2069 0.191823
2070 0.174894
2071 0.163877
2072 0.169643
2073 0.179965
2074 0.163661
2075 0.15921
2076 0.140306
2077 0.146913
2078 0.166013
2079 0.169251
2080 0.155576
2081 0.164127
2082 0.147131
2083 0.173699
2084 0.198206
2085 0.179962
2086 0.17021
2087 0.176485
2088 0.179876
2089 0.174353
2090 0.173267
2091 0.159831
2092 0.161345
2093 0.178232
2094 0.177379
2095 0.165459
2096 0.175135
2097 0.170578
2098 0.182231
2099 0
