0 11.858
1 5.75311
2 11.4805
3 22.9242
4 23.7559
5 24.3999
6 23.3183
7 23.3598
8 23.1461
9 22.9324
10 22.1462
11 22.8404
12 21.0006
13 22.6428
14 20.8182
15 22.3119
16 22.4718
17 20.1079
18 23.2551
19 15.3497
20 17.3979
21 12.1838
22 8.73162
23 7.43867
24 2.42698
25 2.1771
26 1.21509
27 0.444722
28 0.280823
29 0.494587
30 0.398034
31 0.38107
32 0.41756
33 0.295841
34 0.469322
35 0.398101
36 0.493789
37 0.431874
38 0.493585
39 0.33141
40 0.228748
41 0.282367
42 0.219171
43 0.176094
44 0.424173
45 0.386702
46 0.327066
47 0.523905
48 0.489522
49 0.574542
50 0.38427
51 0.279082
52 0.274212
53 0.322145
54 0.366366
55 0.358693
56 0.346086
57 0.510805
58 0.339306
59 0.52478
60 0.510329
61 0.553946
62 0.589689
63 0.339167
64 0.258693
65 0.208719
66 0.313863
67 0.395561
68 0.385017
69 0.470707
70 0.309161
71 0.35975
72 0.336979
73 0.420877
74 0.35809
75 0.503225
76 0.379952
77 0.298188
78 0.430008
79 0.302957
80 0.514179
81 0.558959
82 0.496157
83 0.309229
84 0.419775
85 0.399926
86 0.4595
87 0.497767
88 0.293389
89 0.428027
90 0.383786
91 0.521497
92 0.451951
93 0.355492
94 0.518235
95 0.505754
96 0.380165
97 0.527059
98 0.432924
99 0.511954
100 0.491893
101 0.60044
102 0.613052
103 0.488194
104 0.419134
105 0.478504
106 0.528655
107 0.399194
108 0.349008
109 0.248638
110 0.181452
111 0.352271
112 0.232613
113 0.383249
114 0.355721
115 0.304369
116 0.453922
117 0.273091
118 0.200698
119 0.206271
120 0.194172
121 0.398958
122 0.272214
123 0.46779
124 0.546577
125 0.517239
126 0.445049
127 0.381485
128 0.355154
129 0.423457
130 0.518401
131 0.457454
132 0.364804
133 0.506834
134 0.394644
135 0.393847
136 0.427613
137 0.419847
138 0.283003
139 0.325016
140 0.328979
141 0.233779
142 0.206424
143 0.390727
144 0.240659
145 0.336331
146 0.22264
147 0.409831
148 0.334115
149 0.249849
150 0.434833
151 0.255185
152 0.323924
153 0.262735
154 0.423276
155 0.471272
156 0.391266
157 0.414844
158 0.475234
159 0.36158
160 0.529668
161 0.371711
162 0.460169
163 0.314743
164 0.455062
165 0.268517
166 0.232201
167 0.238964
168 0.294162
169 0.431073
170 0.503752
171 0.566378
172 0.635146
173 0.459837
174 0.372092
175 0.323829
176 0.313554
177 0.297292
178 0.417457
179 0.47502
180 0.387119
181 0.422281
182 0.439518
183 0.392566
184 0.442673
185 0.309133
186 0.269175
187 0.479046
188 0.498575
189 0.361455
190 0.288772
191 0.246199
192 0.232421
193 0.395037
194 0.290352
195 0.305332
196 0.235939
197 0.40616
198 0.42456
199 0.443826
200 0.429639
201 0.461664
202 0.429401
203 0.381801
204 0.379567
205 0.424575
206 0.449785
207 0.327092
208 0.254282
209 0.422164
210 0.405918
211 0.542994
212 0.344169
213 0.468034
214 0.319814
215 0.293566
216 0.367004
217 0.280301
218 0.202256
219 0.415124
220 0.350254
221 0.359579
222 0.23753
223 0.19277
224 0.403899
225 0.476667
226 0.408498
227 0.537765
228 0.475605
229 0.463298
230 0.484443
231 0.434835
232 0.548587
233 0.476308
234 0.554126
235 0.366206
236 0.511407
237 0.521039
238 0.608629
239 0.547379
240 0.553601
241 0.41708
242 0.296027
243 0.311211
244 0.233773
245 0.311692
246 0.375403
247 0.448938
248 0.433404
249 0.378977
250 0.264877
251 0.289402
252 0.302224
253 0.228307
254 0.406026
255 0.463003
256 0.284759
257 0.255331
258 0.294831
259 0.34077
260 0.444173
261 0.300738
262 0.238145
263 0.345912
264 0.261263
265 0.199618
266 0.344479
267 0.313287
268 0.296131
269 0.266875
270 0.195256
271 0.212209
272 0.431004
273 0.30117
274 0.441275
275 0.438639
276 0.365392
277 0.504147
278 0.398374
279 0.383512
280 0.355701
281 0.278826
282 0.394471
283 0.353664
284 0.329417
285 0.351587
286 0.434588
287 0.522809
288 0.515761
289 0.379639
290 0.390644
291 0.34396
292 0.385386
293 0.392286
294 0.51678
295 0.550157
296 0.334534
297 0.364246
298 0.428677
299 0.261434
300 0.279986
301 0.465761
302 0.275945
303 0.353037
304 0.305462
305 0.269002
306 0.38637
307 0.424804
308 0.354972
309 0.415142
310 0.39004
311 0.49955
312 0.581137
313 0.473873
314 0.577847
315 0.381852
316 0.402595
317 0.381141
318 0.465437
319 0.431658
320 0.371102
321 0.340288
322 0.511999
323 0.363928
324 0.347099
325 0.231637
326 0.184455
327 0.398427
328 0.395479
329 0.257784
330 0.276648
331 0.435599
332 0.298465
333 0.467157
334 0.514924
335 0.315576
336 0.3034
337 0.416629
338 0.400228
339 0.338916
340 0.510407
341 0.458043
342 0.31772
343 0.491886
344 0.452191
345 0.550462
346 0.556463
347 0.628673
348 0.438888
349 0.306717
350 0.490602
351 0.466926
352 0.475214
353 0.374395
354 0.496366
355 0.463132
356 0.565725
357 0.508409
358 0.330568
359 0.427656
360 0.324118
361 0.234015
362 0.255196
363 0.412859
364 0.337556
365 0.301348
366 0.363146
367 0.295542
368 0.41397
369 0.345303
370 0.403402
371 0.440485
372 0.460371
373 0.36383
374 0.266258
375 0.466181
376 0.533039
377 0.520701
378 0.317736
379 0.278758
380 0.471006
381 0.391207
382 0.52214
383 0.355339
384 0.310123
385 0.455244
386 0.52689
387 0.58723
388 0.538021
389 0.404865
390 0.3172
391 0.353486
392 0.250163
393 0.421112
394 0.44803
395 0.323
396 0.527335
397 0.31414
398 0.481335
399 0.442738
400 0.261445
401 0.286994
402 0.470051
403 0.330931
404 0.487438
405 0.287818
406 0.371278
407 0.326197
408 0.338946
409 0.357569
410 0.321657
411 0.493436
412 0.461291
413 0.413789
414 0.258268
415 0.416885
416 0.451464
417 0.314042
418 0.245517
419 0.292274
420 0.305667
421 0.287143
422 0.216028
423 0.450006
424 0.368743
425 0.507252
426 0.493319
427 0.585782
428 0.522105
429 0.414856
430 0.418318
431 0.268229
432 0.373322
433 0.328547
434 0.40534
435 0.526448
436 0.435339
437 0.473572
438 0.326013
439 0.399774
440 0.299025
441 0.292253
442 0.350564
443 0.452045
444 0.466313
445 0.398807
446 0.249996
447 0.457746
448 0.454287
449 0.475692
450 0.43976
451 0.526348
452 0.409374
453 0.498393
454 0.523117
455 0.570091
456 0.498999
457 0.429325
458 0.531952
459 0.438843
460 0.491574
461 0.437393
462 0.378076
463 0.357835
464 0.499913
465 0.54122
466 0.423273
467 0.517508
468 0.515016
469 0.441492
470 0.479475
471 0.315798
472 0.3852
473 0.346631
474 0.429475
475 0.403384
476 0.516627
477 0.494195
478 0.551758
479 0.383254
480 0.278093
481 0.436113
482 0.449366
483 0.441407
484 0.488283
485 0.437795
486 0.431445
487 0.530989
488 0.368904
489 0.521641
490 0.330467
491 0.295864
492 0.243347
493 0.194658
494 0.434592
495 0.353557
496 0.528253
497 0.50486
498 0.480562
499 0.375083
500 0.302119
501 0.48242
502 0.547469
503 0.557452
504 0.610939
505 0.571292
506 0.465502
507 0.506433
508 0.547124
509 0.345066
510 0.275388
511 0.342875
512 0.456686
513 0.260549
514 0.392879
515 0.47792
516 0.400564
517 0.279032
518 0.213824
519 0.341143
520 0.238963
521 0.381074
522 0.492357
523 0.427657
524 0.293949
525 0.324416
526 0.407424
527 0.36864
528 0.5103
529 0.469317
530 0.488224
531 0.493044
532 0.390428
533 0.368322
534 0.489034
535 0.507442
536 0.329019
537 0.359171
538 0.287287
539 0.355281
540 0.379542
541 0.320563
542 0.27365
543 0.448415
544 0.315977
545 0.355744
546 0.423006
547 0.514264
548 0.28779
549 0.512665
550 0.353515
551 0.236038
552 0.293747
553 0.427633
554 0.285637
555 0.361478
556 0.352655
557 0.324225
558 0.335319
559 0.341251
560 0.445576
561 0.507366
562 0.516386
563 0.339947
564 0.336663
565 0.406982
566 0.37876
567 0.355415
568 0.448245
569 0.283403
570 0.437611
571 0.512173
572 0.591194
573 0.36063
574 0.282385
575 0.338247
576 0.257039
577 0.34371
578 0.463399
579 0.484261
580 0.450822
581 0.570983
582 0.490687
583 0.599666
584 0.5958
585 0.644023
586 0.414626
587 0.364001
588 0.275744
589 0.410399
590 0.278763
591 0.207023
592 0.32159
593 0.366529
594 0.440224
595 0.403152
596 0.344723
597 0.310186
598 0.332918
599 0.366846
600 0.467125
601 0.382963
602 0.508989
603 0.497462
604 0.584112
605 0.429051
606 0.515489
607 0.478007
608 0.582286
609 0.512502
610 0.353499
611 0.334929
612 0.25895
613 0.251224
614 0.2138
615 0.398484
616 0.31318
617 0.293029
618 0.369599
619 0.394405
620 0.364871
621 0.237818
622 0.228224
623 0.190113
624 0.21277
625 0.335732
626 0.3526
627 0.288389
628 0.500474
629 0.536845
630 0.479644
631 0.499725
632 0.417423
633 0.45099
634 0.510993
635 0.496727
636 0.367225
637 0.43731
638 0.458534
639 0.48284
640 0.342143
641 0.393505
642 0.518221
643 0.464901
644 0.428195
645 0.269961
646 0.396942
647 0.38024
648 0.349723
649 0.500413
650 0.316723
651 0.483537
652 0.529172
653 0.530822
654 0.604389
655 0.447027
656 0.511049
657 0.315469
658 0.449538
659 0.371038
660 0.44213
661 0.532267
662 0.374476
663 0.457414
664 0.503105
665 0.464216
666 0.554787
667 0.398253
668 0.493365
669 0.483499
670 0.300608
671 0.340268
672 0.239513
673 0.228816
674 0.3375
675 0.333488
676 0.410364
677 0.457778
678 0.280834
679 0.231308
680 0.358075
681 0.292789
682 0.36476
683 0.261814
684 0.443568
685 0.495686
686 0.534052
687 0.443193
688 0.509424
689 0.349541
690 0.481872
691 0.292654
692 0.416322
693 0.423726
694 0.3378
695 0.292076
696 0.470876
697 0.304779
698 0.281385
699 0.2814
700 0.446085
701 0.34626
702 0.317576
703 0.362184
704 0.443129
705 0.439902
706 0.565791
707 0.476525
708 0.433037
709 0.333837
710 0.22883
711 0.360214
712 0.342634
713 0.382008
714 0.387038
715 0.483175
716 0.369631
717 0.523274
718 0.404383
719 0.320463
720 0.372591
721 0.326073
722 0.50176
723 0.514395
724 0.383864
725 0.550495
726 0.388566
727 0.39389
728 0.456687
729 0.329608
730 0.250507
731 0.282649
732 0.408472
733 0.511879
734 0.531735
735 0.41701
736 0.569005
737 0.543905
738 0.329241
739 0.508473
740 0.326392
741 0.428088
742 0.492398
743 0.416848
744 0.30976
745 0.281969
746 0.293628
747 0.277786
748 0.381379
749 0.44591
750 0.352306
751 0.461112
752 0.416883
753 0.389966
754 0.520895
755 0.419194
756 0.460162
757 0.314291
758 0.432146
759 0.334486
760 0.365913
761 0.440689
762 0.495676
763 0.506562
764 0.388533
765 0.432281
766 0.458501
767 0.41003
768 0.362608
769 0.378931
770 0.404072
771 0.382282
772 0.529495
773 0.521317
774 0.494377
775 0.537678
776 0.42035
777 0.512566
778 0.518053
779 0.389743
780 0.547709
781 0.343589
782 0.233085
783 0.28687
784 0.281856
785 0.245777
786 0.237911
787 0.279377
788 0.317623
789 0.229946
790 0.376014
791 0.3669
792 0.490612
793 0.473153
794 0.317089
795 0.354696
796 0.338705
797 0.227605
798 0.413002
799 0.313684
800 0.50466
801 0.525899
802 0.485465
803 0.39972
804 0.267504
805 0.470536
806 0.504197
807 0.364869
808 0.549296
809 0.342996
810 0.538198
811 0.534919
812 0.429638
813 0.277706
814 0.27188
815 0.376753
816 0.403876
817 0.351934
818 0.298827
819 0.352918
820 0.307898
821 0.398737
822 0.371902
823 0.306394
824 0.311122
825 0.225711
826 0.396227
827 0.39746
828 0.408963
829 0.315097
830 0.481549
831 0.355156
832 0.302928
833 0.237864
834 0.413903
835 0.464697
836 0.284884
837 0.341569
838 0.333777
839 0.504887
840 0.541516
841 0.306959
842 0.295927
843 0.400545
844 0.523609
845 0.352154
846 0.328557
847 0.420568
848 0.329164
849 0.364561
850 0.391203
851 0.29566
852 0.249558
853 0.459622
854 0.481001
855 0.414357
856 0.525651
857 0.463617
858 0.51308
859 0.415656
860 0.456032
861 0.283434
862 0.449315
863 0.504131
864 0.419847
865 0.482753
866 0.48494
867 0.28634
868 0.244146
869 0.435754
870 0.484917
871 0.427669
872 0.540756
873 0.552287
874 0.576994
875 0.546755
876 0.515224
877 0.527896
878 0.5137
879 0.436187
880 0.304151
881 0.256626
882 0.348665
883 0.451908
884 0.274669
885 0.274465
886 0.337814
887 0.491218
888 0.523499
889 0.377463
890 0.243816
891 0.265828
892 0.359893
893 0.366673
894 0.26649
895 0.363452
896 0.249864
897 0.323065
898 0.254486
899 0.333368
900 0.251835
901 0.333808
902 0.231033
903 0.416057
904 0.275406
905 0.205581
906 0.222807
907 0.231727
908 0.448688
909 0.498231
910 0.317568
911 0.454176
912 0.263486
913 0.262031
914 0.304044
915 0.349462
916 0.49226
917 0.439892
918 0.326382
919 0.299658
920 0.463703
921 0.353728
922 0.363569
923 0.403216
924 0.407096
925 0.47826
926 0.434667
927 0.352143
928 0.42029
929 0.373266
930 0.500021
931 0.308225
932 0.487813
933 0.466477
934 0.516763
935 0.560395
936 0.565995
937 0.565121
938 0.511643
939 0.413525
940 0.325426
941 0.477333
942 0.469329
943 0.515329
944 0.291215
945 0.310644
946 0.236022
947 0.234311
948 0.263274
949 0.400551
950 0.395442
951 0.308294
952 0.234662
953 0.333088
954 0.444725
955 0.410544
956 0.4284
957 0.506463
958 0.516867
959 0.420025
960 0.470382
961 0.441775
962 0.312387
963 0.260905
964 0.191637
965 0.210082
966 0.170451
967 0.177671
968 0.375436
969 0.28015
970 0.338302
971 0.330814
972 0.275674
973 0.401774
974 0.363183
975 0.503335
976 0.484167
977 0.431611
978 0.397633
979 0.386736
980 0.351574
981 0.292803
982 0.272607
983 0.311354
984 0.33503
985 0.430463
986 0.493153
987 0.511696
988 0.529834
989 0.309876
990 0.508662
991 0.316562
992 0.436914
993 0.479245
994 0.543195
995 0.525128
996 0.456499
997 0.528605
998 0.578119
999 0.431341
1000 0.548046
1001 0.559135
1002 0.368344
1003 0.394748
1004 0.389778
1005 0.470011
1006 0.496765
1007 0.426578
1008 0.266115
1009 0.313785
1010 0.452237
1011 0.346507
1012 0.310996
1013 0.240763
1014 0.180237
1015 0.288413
1016 0.228387
1017 0.421945
1018 0.307056
1019 0.426157
1020 0.323989
1021 0.412159
1022 0.516843
1023 0.430739
1024 0.393419
1025 0.286652
1026 0.277196
1027 0.422139
1028 0.305491
1029 0.477185
1030 0.385233
1031 0.292989
1032 0.403238
1033 0.281145
1034 0.295678
1035 0.459736
1036 0.531759
1037 0.358435
1038 0.440072
1039 0.459759
1040 0.479845
1041 0.457635
1042 0.44141
1043 0.509291
1044 0.373106
1045 0.409829
1046 0.482484
1047 0.521785
1048 0.370902
1049 0.376325
1050 0.316177
1051 0.284085
1052 0.325121
1053 0.390359
1054 0.534427
1055 0.603537
1056 0.634978
1057 0.427165
1058 0.549478
1059 0.463289
1060 0.500675
1061 0.546259
1062 0.510854
1063 0.580602
1064 0.596051
1065 0.539524
1066 0.474245
1067 0.341912
1068 0.408928
1069 0.282342
1070 0.268577
1071 0.458547
1072 0.414795
1073 0.339815
1074 0.249381
1075 0.445378
1076 0.509046
1077 0.461772
1078 0.515376
1079 0.52944
1080 0.541509
1081 0.456382
1082 0.550026
1083 0.340703
1084 0.463425
1085 0.383642
1086 0.371045
1087 0.386408
1088 0.30282
1089 0.258597
1090 0.426075
1091 0.319565
1092 0.433972
1093 0.501683
1094 0.52474
1095 0.363452
1096 0.386279
1097 0.520568
1098 0.428925
1099 0.529206
1100 0.343029
1101 0.318814
1102 0.452302
1103 0.546841
1104 0.341889
1105 0.523738
1106 0.400006
1107 0.308527
1108 0.393442
1109 0.472199
1110 0.557416
1111 0.527816
1112 0.431532
1113 0.552865
1114 0.418462
1115 0.364724
1116 0.24054
1117 0.195934
1118 0.186579
1119 0.270222
1120 0.211834
1121 0.252274
1122 0.256503
1123 0.293159
1124 0.390161
1125 0.409403
1126 0.348979
1127 0.387726
1128 0.438201
1129 0.488888
1130 0.588808
1131 0.509356
1132 0.569215
1133 0.4235
1134 0.365706
1135 0.520472
1136 0.35348
1137 0.526421
1138 0.295906
1139 0.463391
1140 0.519261
1141 0.302234
1142 0.439212
1143 0.41531
1144 0.481826
1145 0.474138
1146 0.300963
1147 0.218119
1148 0.307531
1149 0.406304
1150 0.423758
1151 0.482021
1152 0.443599
1153 0.371488
1154 0.361842
1155 0.325952
1156 0.369757
1157 0.472865
1158 0.559759
1159 0.327231
1160 0.298564
1161 0.36863
1162 0.251708
1163 0.418634
1164 0.408576
1165 0.507594
1166 0.312253
1167 0.317175
1168 0.247514
1169 0.28273
1170 0.445894
1171 0.318973
1172 0.509164
1173 0.462656
1174 0.311631
1175 0.408452
1176 0.323474
1177 0.234954
1178 0.220937
1179 0.198367
1180 0.392497
1181 0.454709
1182 0.565344
1183 0.436244
1184 0.291936
1185 0.267706
1186 0.212524
1187 0.169463
1188 0.323325
1189 0.462628
1190 0.390053
1191 0.465256
1192 0.566157
1193 0.448525
1194 0.477669
1195 0.295392
1196 0.421038
1197 0.312794
1198 0.321314
1199 0.286196
1200 0.422043
1201 0.52939
1202 0.382922
1203 0.563369
1204 0.511924
1205 0.474186
1206 0.532725
1207 0.358317
1208 0.526112
1209 0.519023
1210 0.31832
1211 0.289374
1212 0.46536
1213 0.331932
1214 0.460229
1215 0.339839
1216 0.260937
1217 0.268642
1218 0.355824
1219 0.268963
1220 0.212765
1221 0.333125
1222 0.389848
1223 0.447981
1224 0.43588
1225 0.291922
1226 0.474283
1227 0.472335
1228 0.581101
1229 0.614332
1230 0.632198
1231 0.612934
1232 0.652894
1233 0.391943
1234 0.550399
1235 0.373965
1236 0.549915
1237 0.327821
1238 0.464717
1239 0.523642
1240 0.432828
1241 0.49334
1242 0.512584
1243 0.570591
1244 0.601149
1245 0.439067
1246 0.336826
1247 0.433052
1248 0.36326
1249 0.369785
1250 0.293906
1251 0.244681
1252 0.422595
1253 0.510597
1254 0.323467
1255 0.313003
1256 0.372829
1257 0.45375
1258 0.468176
1259 0.429259
1260 0.559921
1261 0.557291
1262 0.332473
1263 0.465091
1264 0.422718
1265 0.367639
1266 0.489709
1267 0.292751
1268 0.25831
1269 0.455506
1270 0.524317
1271 0.413433
1272 0.38914
1273 0.485796
1274 0.538854
1275 0.373162
1276 0.271452
1277 0.193364
1278 0.324121
1279 0.279584
1280 0.364244
1281 0.32381
1282 0.37576
1283 0.486
1284 0.341462
1285 0.496944
1286 0.349339
1287 0.386003
1288 0.347485
1289 0.445122
1290 0.429253
1291 0.289886
1292 0.358849
1293 0.409523
1294 0.327799
1295 0.297906
1296 0.318733
1297 0.212863
1298 0.211533
1299 0.292883
1300 0.203536
1301 0.308415
1302 0.436428
1303 0.255456
1304 0.451487
1305 0.322288
1306 0.39358
1307 0.307863
1308 0.248689
1309 0.340484
1310 0.464654
1311 0.327841
1312 0.390794
1313 0.270558
1314 0.435134
1315 0.501369
1316 0.410738
1317 0.468295
1318 0.551076
1319 0.60727
1320 0.337725
1321 0.403622
1322 0.438555
1323 0.257496
1324 0.24873
1325 0.386909
1326 0.356926
1327 0.300637
1328 0.468706
1329 0.326793
1330 0.433594
1331 0.529417
1332 0.431328
1333 0.565304
1334 0.427331
1335 0.384115
1336 0.260678
1337 0.291906
1338 0.369969
1339 0.406092
1340 0.537822
1341 0.301311
1342 0.247119
1343 0.245091
1344 0.186024
1345 0.205919
1346 0.365823
1347 0.488238
1348 0.519178
1349 0.374403
1350 0.506362
1351 0.465366
1352 0.41787
1353 0.519075
1354 0.519275
1355 0.528765
1356 0.318468
1357 0.242879
1358 0.288962
1359 0.393329
1360 0.488372
1361 0.510216
1362 0.332746
1363 0.370754
1364 0.27233
1365 0.379471
1366 0.353056
1367 0.431431
1368 0.50456
1369 0.527866
1370 0.455442
1371 0.485203
1372 0.406188
1373 0.503414
1374 0.465559
1375 0.395232
1376 0.301783
1377 0.410736
1378 0.290654
1379 0.294479
1380 0.405986
1381 0.440438
1382 0.4924
1383 0.59466
1384 0.532859
1385 0.459861
1386 0.449795
1387 0.474925
1388 0.299262
1389 0.426761
1390 0.269972
1391 0.39285
1392 0.267606
1393 0.376269
1394 0.252709
1395 0.241454
1396 0.391473
1397 0.516319
1398 0.340861
1399 0.544536
1400 0.352278
1401 0.234711
1402 0.225776
1403 0.386763
1404 0.419971
1405 0.477182
1406 0.493558
1407 0.470506
1408 0.505944
1409 0.29499
1410 0.267918
1411 0.321675
1412 0.313105
1413 0.221382
1414 0.25129
1415 0.302923
1416 0.270589
1417 0.372911
1418 0.501832
1419 0.54725
1420 0.544446
1421 0.58519
1422 0.552283
1423 0.419154
1424 0.514904
1425 0.396304
1426 0.30685
1427 0.237705
1428 0.444546
1429 0.431103
1430 0.479012
1431 0.291438
1432 0.337247
1433 0.327693
1434 0.384817
1435 0.380037
1436 0.441878
1437 0.468691
1438 0.562663
1439 0.429004
1440 0.288939
1441 0.283684
1442 0.304175
1443 0.398712
1444 0.491389
1445 0.385085
1446 0.335041
1447 0.303414
1448 0.443918
1449 0.266168
1450 0.355867
1451 0.282585
1452 0.22185
1453 0.337455
1454 0.340836
1455 0.516744
1456 0.316932
1457 0.495856
1458 0.403523
1459 0.496556
1460 0.353901
1461 0.347422
1462 0.489286
1463 0.340805
1464 0.26024
1465 0.204306
1466 0.388701
1467 0.267762
1468 0.309326
1469 0.319267
1470 0.375938
1471 0.45821
1472 0.440299
1473 0.379565
1474 0.477852
1475 0.306101
1476 0.225975
1477 0.435736
1478 0.505121
1479 0.337276
1480 0.277848
1481 0.257214
1482 0.324458
1483 0.461183
1484 0.364449
1485 0.52152
1486 0.576425
1487 0.532813
1488 0.62112
1489 0.613803
1490 0.46025
1491 0.380416
1492 0.511969
1493 0.459386
1494 0.302712
1495 0.332676
1496 0.391642
1497 0.486925
1498 0.565294
1499 0.355043
1500 0.246814
1501 0.459154
1502 0.326241
1503 0.467618
1504 0.368825
1505 0.32159
1506 0.340261
1507 0.441164
1508 0.551788
1509 0.440606
1510 0.536066
1511 0.359475
1512 0.286976
1513 0.2203
1514 0.215483
1515 0.34675
1516 0.415978
1517 0.490067
1518 0.480236
1519 0.514244
1520 0.379921
1521 0.509677
1522 0.444304
1523 0.385895
1524 0.383841
1525 0.367198
1526 0.278538
1527 0.383513
1528 0.317163
1529 0.216578
1530 0.371003
1531 0.409088
1532 0.291258
1533 0.318546
1534 0.220814
1535 0.412133
1536 0.499504
1537 0.335931
1538 0.395318
1539 0.252895
1540 0.333635
1541 0.253734
1542 0.407488
1543 0.300786
1544 0.252645
1545 0.276132
1546 0.313622
1547 0.259876
1548 0.199281
1549 0.226031
1550 0.363073
1551 0.287569
1552 0.261747
1553 0.402874
1554 0.37926
1555 0.419531
1556 0.413436
1557 0.444665
1558 0.363182
1559 0.428266
1560 0.260706
1561 0.460044
1562 0.400906
1563 0.368801
1564 0.528024
1565 0.359129
1566 0.48216
1567 0.341917
1568 0.22957
1569 0.456756
1570 0.308141
1571 0.28118
1572 0.459769
1573 0.371144
1574 0.505068
1575 0.492089
1576 0.431311
1577 0.37449
1578 0.275287
1579 0.291415
1580 0.441732
1581 0.476614
1582 0.58331
1583 0.409345
1584 0.301982
1585 0.296425
1586 0.348292
1587 0.481659
1588 0.432566
1589 0.538001
1590 0.561529
1591 0.420608
1592 0.456884
1593 0.321527
1594 0.433586
1595 0.285975
1596 0.23784
1597 0.247781
1598 0.371335
1599 0.247357
1600 0.398754
1601 0.291748
1602 0.293988
1603 0.237005
1604 0.441565
1605 0.303419
1606 0.297762
1607 0.461169
1608 0.517378
1609 0.484287
1610 0.592905
1611 0.605663
1612 0.355104
1613 0.298511
1614 0.457745
1615 0.296503
1616 0.345659
1617 0.299495
1618 0.477759
1619 0.293152
1620 0.450749
1621 0.43189
1622 0.549941
1623 0.478326
1624 0.447715
1625 0.309648
1626 0.463309
1627 0.490933
1628 0.296748
1629 0.291462
1630 0.257325
1631 0.444102
1632 0.492428
1633 0.289314
1634 0.498014
1635 0.37147
1636 0.363717
1637 0.240185
1638 0.200832
1639 0.178288
1640 0.25778
1641 0.421077
1642 0.373903
1643 0.2379
1644 0.416289
1645 0.439435
1646 0.287379
1647 0.502818
1648 0.320115
1649 0.400593
1650 0.388744
1651 0.543262
1652 0.340523
1653 0.466255
1654 0.367782
1655 0.446418
1656 0.456125
1657 0.308529
1658 0.312525
1659 0.327328
1660 0.325128
1661 0.420023
1662 0.528014
1663 0.362155
1664 0.446749
1665 0.351
1666 0.25303
1667 0.395241
1668 0.416279
1669 0.511282
1670 0.389225
1671 0.523227
1672 0.466767
1673 0.33968
1674 0.252149
1675 0.452704
1676 0.388267
1677 0.401619
1678 0.40439
1679 0.278819
1680 0.267322
1681 0.36538
1682 0.286355
1683 0.294186
1684 0.209196
1685 0.25603
1686 0.392596
1687 0.257142
1688 0.37954
1689 0.29026
1690 0.40611
1691 0.316389
1692 0.266052
1693 0.25055
1694 0.269339
1695 0.285984
1696 0.387357
1697 0.438877
1698 0.446849
1699 0.523378
1700 0.376351
1701 0.460944
1702 0.470619
1703 0.492115
1704 0.400668
1705 0.466167
1706 0.330061
1707 0.242661
1708 0.289727
1709 0.366247
1710 0.350358
1711 0.382154
1712 0.517493
1713 0.53693
1714 0.444205
1715 0.313032
1716 0.419476
1717 0.469602
1718 0.371082
1719 0.314557
1720 0.498911
1721 0.541446
1722 0.402965
1723 0.351268
1724 0.39526
1725 0.468288
1726 0.44188
1727 0.291666
1728 0.235635
1729 0.428298
1730 0.393327
1731 0.345263
1732 0.414294
1733 0.460442
1734 0.271065
1735 0.238609
1736 0.24895
1737 0.180185
1738 0.30413
1739 0.394818
1740 0.334072
1741 0.499278
1742 0.35651
1743 0.455641
1744 0.379356
1745 0.512818
1746 0.57789
1747 0.353848
1748 0.241505
1749 0.356885
1750 0.4392
1751 0.474133
1752 0.438465
1753 0.534235
1754 0.421003
1755 0.286779
1756 0.321993
1757 0.384144
1758 0.520557
1759 0.402573
1760 0.54374
1761 0.342382
1762 0.246095
1763 0.342714
1764 0.419171
1765 0.345491
1766 0.472672
1767 0.540733
1768 0.36838
1769 0.263925
1770 0.21888
1771 0.242305
1772 0.371937
1773 0.444829
1774 0.45191
1775 0.395393
1776 0.291441
1777 0.491179
1778 0.485896
1779 0.49746
1780 0.454354
1781 0.331666
1782 0.398059
1783 0.271214
1784 0.277659
1785 0.288104
1786 0.250028
1787 0.45287
1788 0.299539
1789 0.210041
1790 0.215514
1791 0.423312
1792 0.335472
1793 0.258695
1794 0.216636
1795 0.320506
1796 0.444583
1797 0.528962
1798 0.500812
1799 0.397167
1800 0.259796
1801 0.24717
1802 0.364088
1803 0.392699
1804 0.28144
1805 0.373902
1806 0.38636
1807 0.295725
1808 0.279324
1809 0.344487
1810 0.435452
1811 0.275524
1812 0.255929
1813 0.212104
1814 0.17451
1815 0.226643
1816 0.409372
1817 0.297109
1818 0.500516
1819 0.334187
1820 0.240597
1821 0.220143
1822 0.276849
1823 0.270841
1824 0.214651
1825 0.247336
1826 0.374677
1827 0.505244
1828 0.359927
1829 0.5268
1830 0.480041
1831 0.401094
1832 0.461126
1833 0.393285
1834 0.511004
1835 0.33786
1836 0.280362
1837 0.322341
1838 0.496882
1839 0.537961
1840 0.609225
1841 0.479397
1842 0.401373
1843 0.531481
1844 0.354817
1845 0.415852
1846 0.511451
1847 0.548553
1848 0.344991
1849 0.425455
1850 0.361976
1851 0.530786
1852 0.429901
1853 0.33967
1854 0.329971
1855 0.239844
1856 0.352124
1857 0.315754
1858 0.344545
1859 0.345986
1860 0.335504
1861 0.366712
1862 0.406294
1863 0.377711
1864 0.437445
1865 0.342617
1866 0.501659
1867 0.554635
1868 0.325061
1869 0.44838
1870 0.336863
1871 0.354711
1872 0.49362
1873 0.567484
1874 0.434842
1875 0.454455
1876 0.404939
1877 0.428372
1878 0.547254
1879 0.592268
1880 0.514579
1881 0.526188
1882 0.480797
1883 0.466815
1884 0.356736
1885 0.379803
1886 0.500446
1887 0.466691
1888 0.556773
1889 0.429871
1890 0.533921
1891 0.368965
1892 0.32504
1893 0.263558
1894 0.257302
1895 0.191961
1896 0.377605
1897 0.298915
1898 0.278814
1899 0.359604
1900 0.243292
1901 0.316494
1902 0.345333
1903 0.314438
1904 0.426864
1905 0.538698
1906 0.490716
1907 0.424797
1908 0.536843
1909 0.489078
1910 0.527161
1911 0.518184
1912 0.439093
1913 0.404955
1914 0.429597
1915 0.449829
1916 0.307841
1917 0.333163
1918 0.324038
1919 0.390903
1920 0.29436
1921 0.306881
1922 0.395817
1923 0.353621
1924 0.371518
1925 0.364697
1926 0.235322
1927 0.341791
1928 0.319145
1929 0.24229
1930 0.343644
1931 0.29406
1932 0.395861
1933 0.322847
1934 0.296694
1935 0.410077
1936 0.399387
1937 0.331718
1938 0.251164
1939 0.256551
1940 0.199914
1941 0.317228
1942 0.367889
1943 0.373985
1944 0.363937
1945 0.32961
1946 0.457947
1947 0.422713
1948 0.251971
1949 0.278695
1950 0.368952
1951 0.314397
1952 0.375625
1953 0.404769
1954 0.310241
1955 0.356469
1956 0.442517
1957 0.475588
1958 0.316566
1959 0.229998
1960 0.449592
1961 0.486172
1962 0.382757
1963 0.494565
1964 0.365197
1965 0.382865
1966 0.476007
1967 0.491946
1968 0.440486
1969 0.413585
1970 0.306717
1971 0.229069
1972 0.192504
1973 0.427897
1974 0.473208
1975 0.55773
1976 0.388854
1977 0.542954
1978 0.581367
1979 0.401253
1980 0.438384
1981 0.495888
1982 0.565847
1983 0.57012
1984 0.370762
1985 0.501248
1986 0.42463
1987 0.379028
1988 0.254021
1989 0.483791
1990 0.534635
1991 0.558927
1992 0.418001
1993 0.382407
1994 0.244799
1995 0.220969
1996 0.355655
1997 0.48533
1998 0.507586
1999 0.536075
2000 0.517189
2001 0.3345
2002 0.455893
2003 0.316055
2004 0.267285
2005 0.417564
2006 0.385791
2007 0.46459
2008 0.40072
2009 0.553338
2010 0.539307
2011 0.406178
2012 0.298055
2013 0.487122
2014 0.511613
2015 0.415965
2016 0.480839
2017 0.39569
2018 0.401178
2019 0.372372
2020 0.425044
2021 0.314463
2022 0.345357
2023 0.398296
2024 0.410566
2025 0.393084
2026 0.245598
2027 0.333026
2028 0.449528
2029 0.536509
2030 0.323132
2031 0.362517
2032 0.342865
2033 0.366621
2034 0.507692
2035 0.308888
2036 0.521381
2037 0.283832
2038 0.480958
2039 0.431652
2040 0.278346
2041 0.396399
2042 0.499825
2043 0.555934
2044 0.584768
2045 0.355579
2046 0.322141
2047 0.249561
2048 0.211821
2049 0.243372
2050 0.396543
2051 0.343397
2052 0.503853
2053 0.377197
2054 0.4815
2055 0.46915
2056 0.588438
2057 0.468656
2058 0.489409
2059 0.543575
2060 0.566999
2061 0.369796
2062 0.461529
2063 0.353962
2064 0.403084
2065 0.303677
2066 0.383363
2067 0.34236
2068 0.395269
2069 0.412776
2070 0.327997
2071 0.3893
2072 0.27689
2073 0.284687
2074 0.219632
2075 0.209776
2076 0.432242
2077 0.499691
2078 0.543723
2079 0.371279
2080 0.398824
2081 0.41169
2082 0.333633
2083 0.364387
2084 0.262088
2085 0.321516
2086 0.310018
2087 0.374341
2088 0.486461
2089 0.455517
2090 0.296116
2091 0.374955
2092 0.31003
2093 0.319455
2094 0.466695
2095 0.473755
2096 0.494335
2097 0.311757
2098 0.232563
2099 0
