0 1.81714
1 1.15304
2 2.13881
3 2.35728
4 2.27305
5 1.81096
6 1.13389
7 0.529879
8 -0.100148
9 -0.576478
10 -0.430459
11 -0.434278
12 -0.841227
13 -0.946127
14 -0.408139
15 -0.686366
16 -0.195133
17 0.0650063
18 0.100021
19 0.201811
20 0.263193
21 0.285604
22 0.220842
23 0.195578
24 0.198259
25 0.196733
26 0.193315
27 0.191286
28 0.195041
29 0.192722
30 0.19291
31 0.194878
32 0.192861
33 0.192443
34 0.191717
35 0.191132
36 0.192914
37 0.195749
38 0.193679
39 0.19361
40 0.195834
41 0.196753
42 0.196474
43 0.197277
44 0.196093
45 0.19596
46 0.195329
47 0.195112
48 0.193367
49 0.192811
50 0.195828
51 0.192682
52 0.193169
53 0.194102
54 0.191677
55 0.193581
56 0.193171
57 0.192646
58 0.193177
59 0.191663
60 0.190897
61 0.190795
62 0.193959
63 0.191307
64 0.192436
65 0.192182
66 0.191934
67 0.191674
68 0.193059
69 0.195966
70 0.193741
71 0.193041
72 0.194051
73 0.194055
74 0.192724
75 0.191948
76 0.191213
77 0.190789
78 0.191213
79 0.191412
80 0.192931
81 0.194728
82 0.193202
83 0.195132
84 0.193828
85 0.194687
86 0.193253
87 0.192308
88 0.191192
89 0.190895
90 0.192217
91 0.191262
92 0.191494
93 0.191635
94 0.191541
95 0.193049
96 0.191661
97 0.191048
98 0.191487
99 0.192481
100 0.191077
101 0.191134
102 0.19159
103 0.194883
104 0.192558
105 0.19264
106 0.194476
107 0.192318
108 0.191766
109 0.191
110 0.191329
111 0.191006
112 0.190935
113 0.191307
114 0.191574
115 0.194417
116 0.195544
117 0.196355
118 0.194138
119 0.193344
120 0.19399
121 0.192191
122 0.194808
123 0.19311
124 0.192912
125 0.192801
126 0.193237
127 0.193239
128 0.194902
129 0.194988
130 0.193144
131 0.193208
132 0.192679
133 0.19234
134 0.193029
135 0.19221
136 0.191958
137 0.195374
138 0.19668
139 0.194961
140 0.195069
141 0.195799
142 0.195008
143 0.193265
144 0.192168
145 0.191498
146 0.190994
147 0.195119
148 0.193262
149 0.194273
150 0.193083
151 0.193395
152 0.193226
153 0.193614
154 0.192879
155 0.192748
156 0.193257
157 0.193436
158 0.19374
159 0.195164
160 0.194024
161 0.193003
162 0.191697
163 0.191509
164 0.193259
165 0.19463
166 0.19648
167 0.195967
168 0.194374
169 0.193319
170 0.194663
171 0.195299
172 0.193061
173 0.192834
174 0.192786
175 0.191795
176 0.193702
177 0.19234
178 0.195566
179 0.195222
180 0.197104
181 0.194606
182 0.193212
183 0.195702
184 0.192125
185 0.193591
186 0.192411
187 0.193941
188 0.195591
189 0.19377
190 0.193592
191 0.196585
192 0.194688
193 0.196009
194 0.195456
195 0.194023
196 0.194355
197 0.192918
198 0.19236
199 0.191072
200 0.190581
201 0.193136
202 0.194142
203 0.193681
204 0.193477
205 0.194535
206 0.192684
207 0.19184
208 0.191129
209 0.194734
210 0.197119
211 0.194497
212 0.196092
213 0.19405
214 0.19331
215 0.192956
216 0.195976
217 0.19373
218 0.193902
219 0.195119
220 0.193142
221 0.196048
222 0.19438
223 0.193003
224 0.195474
225 0.19386
226 0.193141
227 0.193989
228 0.193055
229 0.191795
230 0.194756
231 0.195397
232 0.193907
233 0.194396
234 0.194005
235 0.19493
236 0.195313
237 0.196857
238 0.194347
239 0.194628
240 0.196531
241 0.19402
242 0.192994
243 0.192086
244 0.191334
245 0.191405
246 0.1911
247 0.195083
248 0.194162
249 0.19307
250 0.195386
251 0.193863
252 0.196435
253 0.193868
254 0.19321
255 0.192187
256 0.191649
257 0.192678
258 0.193171
259 0.19262
260 0.194131
261 0.195176
262 0.193909
263 0.192824
264 0.192538
265 0.193099
266 0.191838
267 0.195974
268 0.197601
269 0.194283
270 0.195477
271 0.194302
272 0.192574
273 0.19299
274 0.194376
275 0.195227
276 0.196889
277 0.193749
278 0.192825
279 0.1961
280 0.19307
281 0.195628
282 0.196196
283 0.193717
284 0.196881
285 0.193508
286 0.195466
287 0.193477
288 0.195126
289 0.195188
290 0.194096
291 0.196198
292 0.197124
293 0.196665
294 0.194078
295 0.194738
296 0.193095
297 0.194631
298 0.192934
299 0.192955
300 0.196001
301 0.194363
302 0.194808
303 0.193924
304 0.193112
305 0.191908
306 0.192882
307 0.195391
308 0.193619
309 0.19414
310 0.196792
311 0.197634
312 0.19516
313 0.193715
314 0.191659
315 0.191446
316 0.193092
317 0.193301
318 0.196472
319 0.19406
320 0.195055
321 0.194146
322 0.192998
323 0.196618
324 0.193429
325 0.19424
326 0.193713
327 0.193633
328 0.194138
329 0.193886
330 0.193048
331 0.193786
332 0.193025
333 0.192535
334 0.192
335 0.192509
336 0.192283
337 0.192811
338 0.194059
339 0.192603
340 0.192545
341 0.191971
342 0.192888
343 0.193385
344 0.193532
345 0.19257
346 0.19164
347 0.191697
348 0.195473
349 0.192677
350 0.194504
351 0.192992
352 0.194235
353 0.196295
354 0.193474
355 0.196421
356 0.192595
357 0.192448
358 0.193967
359 0.196358
360 0.194297
361 0.194063
362 0.195058
363 0.192696
364 0.192264
365 0.193196
366 0.191834
367 0.192113
368 0.191717
369 0.193129
370 0.194735
371 0.193352
372 0.193442
373 0.192375
374 0.191204
375 0.191413
376 0.192184
377 0.192098
378 0.193252
379 0.194991
380 0.196451
381 0.19583
382 0.194593
383 0.193265
384 0.192017
385 0.192216
386 0.192747
387 0.191774
388 0.191862
389 0.191858
390 0.195022
391 0.195103
392 0.193348
393 0.192388
394 0.19353
395 0.193627
396 0.192317
397 0.19181
398 0.192427
399 0.192477
400 0.193715
401 0.192857
402 0.194434
403 0.195106
404 0.193676
405 0.194147
406 0.194793
407 0.193447
408 0.195675
409 0.195545
410 0.197397
411 0.194772
412 0.194639
413 0.195951
414 0.195758
415 0.195206
416 0.195817
417 0.193857
418 0.196735
419 0.195341
420 0.19747
421 0.194351
422 0.193234
423 0.194244
424 0.192719
425 0.191323
426 0.192133
427 0.192011
428 0.195481
429 0.193749
430 0.196358
431 0.193557
432 0.192395
433 0.192448
434 0.195944
435 0.196049
436 0.193818
437 0.196638
438 0.196291
439 0.194391
440 0.193717
441 0.194806
442 0.195843
443 0.194857
444 0.19616
445 0.195678
446 0.194278
447 0.193063
448 0.192202
449 0.193316
450 0.192141
451 0.192581
452 0.193736
453 0.194444
454 0.192878
455 0.191644
456 0.191401
457 0.191382
458 0.191692
459 0.192923
460 0.195676
461 0.195441
462 0.193327
463 0.195078
464 0.197068
465 0.194421
466 0.197125
467 0.197298
468 0.194884
469 0.194693
470 0.194301
471 0.193023
472 0.19398
473 0.192972
474 0.196047
475 0.196143
476 0.1975
477 0.196919
478 0.195739
479 0.197825
480 0.194391
481 0.195558
482 0.196798
483 0.195907
484 0.194832
485 0.193239
486 0.194488
487 0.195529
488 0.195839
489 0.193478
490 0.192611
491 0.195694
492 0.194674
493 0.192215
494 0.193551
495 0.19177
496 0.193322
497 0.193191
498 0.191918
499 0.191771
500 0.191332
501 0.192726
502 0.192778
503 0.193499
504 0.192141
505 0.195815
506 0.197759
507 0.196183
508 0.194092
509 0.19296
510 0.192049
511 0.191654
512 0.195162
513 0.193018
514 0.195488
515 0.194579
516 0.196752
517 0.195597
518 0.194726
519 0.19494
520 0.195736
521 0.193555
522 0.192859
523 0.19252
524 0.194906
525 0.192607
526 0.192569
527 0.195058
528 0.194069
529 0.194285
530 0.193567
531 0.194628
532 0.197099
533 0.198071
534 0.196262
535 0.195179
536 0.193657
537 0.194455
538 0.194106
539 0.193288
540 0.196343
541 0.195314
542 0.194227
543 0.193319
544 0.195423
545 0.196767
546 0.194204
547 0.193139
548 0.193554
549 0.193909
550 0.194801
551 0.193658
552 0.191972
553 0.192378
554 0.192464
555 0.195566
556 0.193925
557 0.193229
558 0.195018
559 0.197011
560 0.195518
561 0.194109
562 0.193216
563 0.193509
564 0.193902
565 0.193769
566 0.192629
567 0.193009
568 0.192162
569 0.191968
570 0.194049
571 0.194726
572 0.193309
573 0.192664
574 0.191966
575 0.191671
576 0.193119
577 0.195306
578 0.195721
579 0.193807
580 0.193192
581 0.192552
582 0.191562
583 0.192602
584 0.19295
585 0.195744
586 0.19756
587 0.197975
588 0.197553
589 0.194853
590 0.195023
591 0.193636
592 0.19648
593 0.194418
594 0.197411
595 0.194422
596 0.192794
597 0.194836
598 0.193243
599 0.194685
600 0.194078
601 0.193009
602 0.19317
603 0.195099
604 0.193451
605 0.194122
606 0.193012
607 0.192914
608 0.192629
609 0.194005
610 0.192368
611 0.192002
612 0.194694
613 0.191551
614 0.191242
615 0.191708
616 0.191882
617 0.191491
618 0.191303
619 0.192575
620 0.191711
621 0.19104
622 0.190962
623 0.191659
624 0.191566
625 0.193479
626 0.192744
627 0.196219
628 0.193926
629 0.192982
630 0.1921
631 0.195049
632 0.194166
633 0.192846
634 0.194436
635 0.193459
636 0.192593
637 0.192376
638 0.195384
639 0.193154
640 0.193357
641 0.192802
642 0.192575
643 0.195864
644 0.196121
645 0.19546
646 0.195532
647 0.194456
648 0.19524
649 0.193717
650 0.192336
651 0.191888
652 0.194436
653 0.194302
654 0.194756
655 0.194861
656 0.193446
657 0.193303
658 0.194858
659 0.192974
660 0.192581
661 0.19223
662 0.191704
663 0.191611
664 0.191011
665 0.191328
666 0.193334
667 0.192142
668 0.193609
669 0.194177
670 0.193133
671 0.192076
672 0.19145
673 0.19147
674 0.19358
675 0.192427
676 0.191776
677 0.194852
678 0.197606
679 0.194053
680 0.193843
681 0.193883
682 0.193865
683 0.197206
684 0.194213
685 0.192509
686 0.191823
687 0.192996
688 0.19175
689 0.191789
690 0.191049
691 0.191105
692 0.190525
693 0.192244
694 0.191692
695 0.191759
696 0.191282
697 0.192101
698 0.193933
699 0.193288
700 0.193267
701 0.192743
702 0.193287
703 0.194126
704 0.193833
705 0.19373
706 0.194502
707 0.196539
708 0.195034
709 0.192804
710 0.192192
711 0.191989
712 0.195081
713 0.193074
714 0.193546
715 0.192032
716 0.193154
717 0.195953
718 0.197468
719 0.195294
720 0.196926
721 0.195248
722 0.1931
723 0.192251
724 0.191466
725 0.194945
726 0.196635
727 0.193778
728 0.193536
729 0.195926
730 0.194457
731 0.192874
732 0.191993
733 0.191844
734 0.194722
735 0.192774
736 0.195937
737 0.194834
738 0.193862
739 0.194334
740 0.194445
741 0.193126
742 0.192334
743 0.193728
744 0.192316
745 0.191908
746 0.193455
747 0.192192
748 0.191577
749 0.19162
750 0.193258
751 0.192301
752 0.191863
753 0.192819
754 0.191859
755 0.193996
756 0.193324
757 0.192015
758 0.192027
759 0.193022
760 0.196109
761 0.193811
762 0.197145
763 0.195225
764 0.194554
765 0.193484
766 0.191901
767 0.191768
768 0.19159
769 0.192911
770 0.19637
771 0.195273
772 0.195219
773 0.19329
774 0.191862
775 0.191518
776 0.19471
777 0.193107
778 0.191909
779 0.191124
780 0.190587
781 0.194787
782 0.196546
783 0.193889
784 0.195432
785 0.193119
786 0.192008
787 0.192006
788 0.192252
789 0.193065
790 0.192329
791 0.192154
792 0.194742
793 0.194541
794 0.194623
795 0.193854
796 0.193245
797 0.192241
798 0.192047
799 0.191685
800 0.191069
801 0.190722
802 0.193002
803 0.191859
804 0.191722
805 0.191385
806 0.190949
807 0.190802
808 0.193342
809 0.192299
810 0.192687
811 0.192524
812 0.192863
813 0.195033
814 0.192951
815 0.19237
816 0.192454
817 0.192147
818 0.195842
819 0.197019
820 0.194418
821 0.192859
822 0.192374
823 0.191952
824 0.192086
825 0.191448
826 0.191529
827 0.190788
828 0.190461
829 0.195205
830 0.192778
831 0.193047
832 0.192011
833 0.191462
834 0.194548
835 0.193116
836 0.191753
837 0.191198
838 0.191747
839 0.194721
840 0.193053
841 0.192319
842 0.192626
843 0.19235
844 0.19182
845 0.194258
846 0.193396
847 0.192662
848 0.192731
849 0.192356
850 0.192478
851 0.191883
852 0.191281
853 0.190431
854 0.193451
855 0.193688
856 0.192946
857 0.194838
858 0.193018
859 0.194212
860 0.193003
861 0.192399
862 0.191694
863 0.193349
864 0.19221
865 0.191757
866 0.194621
867 0.193517
868 0.19608
869 0.194535
870 0.193191
871 0.192868
872 0.193843
873 0.192951
874 0.192499
875 0.192082
876 0.191674
877 0.193051
878 0.192664
879 0.19258
880 0.194704
881 0.195136
882 0.193962
883 0.193587
884 0.192653
885 0.192306
886 0.193041
887 0.191925
888 0.191938
889 0.194625
890 0.19326
891 0.192731
892 0.193726
893 0.194066
894 0.193402
895 0.194867
896 0.19404
897 0.194164
898 0.193118
899 0.193436
900 0.192144
901 0.19378
902 0.192313
903 0.192002
904 0.193267
905 0.196742
906 0.196259
907 0.195194
908 0.195557
909 0.195508
910 0.196703
911 0.194438
912 0.195446
913 0.197463
914 0.193703
915 0.19664
916 0.193707
917 0.193785
918 0.193898
919 0.192567
920 0.196501
921 0.192647
922 0.193213
923 0.192019
924 0.191327
925 0.192958
926 0.192058
927 0.194259
928 0.192732
929 0.194921
930 0.19298
931 0.193806
932 0.192119
933 0.191934
934 0.1934
935 0.192492
936 0.191967
937 0.191949
938 0.191346
939 0.193771
940 0.192212
941 0.192217
942 0.19332
943 0.192154
944 0.191794
945 0.191786
946 0.191686
947 0.192083
948 0.190834
949 0.191074
950 0.19307
951 0.195046
952 0.192668
953 0.192584
954 0.195729
955 0.19343
956 0.192776
957 0.191833
958 0.190731
959 0.192609
960 0.193674
961 0.193133
962 0.195007
963 0.194482
964 0.192916
965 0.192475
966 0.191419
967 0.195211
968 0.19727
969 0.195269
970 0.194445
971 0.195973
972 0.196412
973 0.194145
974 0.192942
975 0.19235
976 0.192266
977 0.19395
978 0.193272
979 0.194631
980 0.193272
981 0.194056
982 0.193026
983 0.19273
984 0.193982
985 0.193538
986 0.193697
987 0.193101
988 0.192643
989 0.191737
990 0.191288
991 0.194016
992 0.192386
993 0.191782
994 0.191496
995 0.193082
996 0.194315
997 0.194729
998 0.193705
999 0.192294
1000 0.19492
1001 0.195869
1002 0.195426
1003 0.194405
1004 0.193625
1005 0.195882
1006 0.193502
1007 0.194939
1008 0.19331
1009 0.192965
1010 0.192353
1011 0.192965
1012 0.191558
1013 0.195576
1014 0.193266
1015 0.193189
1016 0.194495
1017 0.193386
1018 0.194768
1019 0.193033
1020 0.193186
1021 0.192478
1022 0.193669
1023 0.192089
1024 0.19132
1025 0.190687
1026 0.190821
1027 0.190976
1028 0.19359
1029 0.192003
1030 0.192775
1031 0.191821
1032 0.191704
1033 0.192192
1034 0.191826
1035 0.191311
1036 0.190965
1037 0.194933
1038 0.193989
1039 0.196314
1040 0.194782
1041 0.193886
1042 0.193177
1043 0.191977
1044 0.194893
1045 0.194004
1046 0.192251
1047 0.191693
1048 0.193153
1049 0.194752
1050 0.193942
1051 0.194297
1052 0.192491
1053 0.192149
1054 0.195566
1055 0.195582
1056 0.196692
1057 0.195622
1058 0.196863
1059 0.194206
1060 0.193418
1061 0.192382
1062 0.191715
1063 0.194669
1064 0.193627
1065 0.192334
1066 0.193016
1067 0.192036
1068 0.191233
1069 0.19388
1070 0.192924
1071 0.192918
1072 0.195877
1073 0.193785
1074 0.196661
1075 0.193823
1076 0.192868
1077 0.19333
1078 0.193238
1079 0.195762
1080 0.193835
1081 0.193059
1082 0.194426
1083 0.193119
1084 0.193786
1085 0.194068
1086 0.196391
1087 0.194774
1088 0.193615
1089 0.193031
1090 0.194659
1091 0.194575
1092 0.192774
1093 0.192325
1094 0.19476
1095 0.192662
1096 0.192182
1097 0.192515
1098 0.195605
1099 0.194139
1100 0.1965
1101 0.193212
1102 0.192526
1103 0.195159
1104 0.194335
1105 0.193153
1106 0.193082
1107 0.193601
1108 0.19423
1109 0.194705
1110 0.196573
1111 0.193513
1112 0.193527
1113 0.192907
1114 0.192715
1115 0.191771
1116 0.191591
1117 0.193648
1118 0.193172
1119 0.192326
1120 0.191472
1121 0.191583
1122 0.195458
1123 0.192324
1124 0.193385
1125 0.196042
1126 0.194333
1127 0.196544
1128 0.194996
1129 0.194421
1130 0.19635
1131 0.194501
1132 0.195398
1133 0.193415
1134 0.193692
1135 0.192744
1136 0.19214
1137 0.195344
1138 0.192908
1139 0.195654
1140 0.197293
1141 0.19546
1142 0.195766
1143 0.195957
1144 0.194172
1145 0.193384
1146 0.19613
1147 0.19391
1148 0.1961
1149 0.193342
1150 0.193826
1151 0.196106
1152 0.194643
1153 0.196973
1154 0.194336
1155 0.193653
1156 0.196134
1157 0.193832
1158 0.192976
1159 0.192151
1160 0.19447
1161 0.193654
1162 0.193118
1163 0.193453
1164 0.194493
1165 0.193697
1166 0.19277
1167 0.193436
1168 0.19188
1169 0.193242
1170 0.192092
1171 0.192007
1172 0.192622
1173 0.195686
1174 0.193507
1175 0.194406
1176 0.194969
1177 0.194596
1178 0.192871
1179 0.19208
1180 0.191525
1181 0.192596
1182 0.191938
1183 0.191488
1184 0.19252
1185 0.192755
1186 0.192633
1187 0.1924
1188 0.191827
1189 0.196044
1190 0.193686
1191 0.19368
1192 0.196494
1193 0.193784
1194 0.192985
1195 0.193743
1196 0.192501
1197 0.193885
1198 0.196918
1199 0.194695
1200 0.195256
1201 0.196565
1202 0.195007
1203 0.193193
1204 0.192761
1205 0.192232
1206 0.19237
1207 0.192037
1208 0.194354
1209 0.193939
1210 0.192791
1211 0.191812
1212 0.19188
1213 0.191794
1214 0.194086
1215 0.192486
1216 0.192399
1217 0.192166
1218 0.194591
1219 0.19428
1220 0.194892
1221 0.193145
1222 0.196126
1223 0.194973
1224 0.193546
1225 0.192348
1226 0.191079
1227 0.192843
1228 0.193298
1229 0.192577
1230 0.193245
1231 0.192268
1232 0.192066
1233 0.193458
1234 0.191687
1235 0.195861
1236 0.197118
1237 0.19723
1238 0.197889
1239 0.196562
1240 0.196523
1241 0.193971
1242 0.192797
1243 0.195157
1244 0.192576
1245 0.191999
1246 0.191675
1247 0.195728
1248 0.195517
1249 0.193282
1250 0.192431
1251 0.191222
1252 0.19204
1253 0.195088
1254 0.192777
1255 0.19525
1256 0.194167
1257 0.196176
1258 0.195633
1259 0.193817
1260 0.192542
1261 0.192032
1262 0.192706
1263 0.19134
1264 0.196634
1265 0.194296
1266 0.195126
1267 0.195216
1268 0.194177
1269 0.192777
1270 0.19195
1271 0.191985
1272 0.19372
1273 0.193849
1274 0.197377
1275 0.194075
1276 0.194434
1277 0.1961
1278 0.196272
1279 0.195919
1280 0.196335
1281 0.194149
1282 0.19352
1283 0.191934
1284 0.195286
1285 0.193683
1286 0.194185
1287 0.193357
1288 0.196238
1289 0.194441
1290 0.194192
1291 0.193435
1292 0.19263
1293 0.194018
1294 0.192248
1295 0.192295
1296 0.1926
1297 0.195868
1298 0.193877
1299 0.19433
1300 0.193719
1301 0.192654
1302 0.195553
1303 0.193606
1304 0.193459
1305 0.195632
1306 0.193762
1307 0.193134
1308 0.192048
1309 0.191473
1310 0.190678
1311 0.190781
1312 0.193254
1313 0.191783
1314 0.191977
1315 0.193937
1316 0.193711
1317 0.192695
1318 0.192423
1319 0.195255
1320 0.193113
1321 0.192221
1322 0.191375
1323 0.191498
1324 0.192091
1325 0.192558
1326 0.191916
1327 0.19327
1328 0.192056
1329 0.192792
1330 0.192367
1331 0.193733
1332 0.192534
1333 0.191843
1334 0.192632
1335 0.193795
1336 0.197154
1337 0.194091
1338 0.193066
1339 0.192179
1340 0.192996
1341 0.19239
1342 0.195318
1343 0.19697
1344 0.194307
1345 0.193378
1346 0.196028
1347 0.194956
1348 0.193459
1349 0.195106
1350 0.192887
1351 0.193608
1352 0.192777
1353 0.192829
1354 0.193465
1355 0.192958
1356 0.194091
1357 0.195327
1358 0.193702
1359 0.194955
1360 0.193064
1361 0.191927
1362 0.191209
1363 0.190459
1364 0.193001
1365 0.191366
1366 0.194969
1367 0.192183
1368 0.192103
1369 0.195012
1370 0.193504
1371 0.194575
1372 0.195431
1373 0.194272
1374 0.193799
1375 0.193952
1376 0.194359
1377 0.192566
1378 0.193042
1379 0.192118
1380 0.191342
1381 0.193107
1382 0.195152
1383 0.195662
1384 0.194235
1385 0.196863
1386 0.194744
1387 0.193709
1388 0.196591
1389 0.193894
1390 0.196319
1391 0.196849
1392 0.195425
1393 0.194116
1394 0.193346
1395 0.194015
1396 0.19573
1397 0.194203
1398 0.194645
1399 0.193965
1400 0.19331
1401 0.192867
1402 0.192661
1403 0.192805
1404 0.196136
1405 0.196446
1406 0.193806
1407 0.1931
1408 0.195346
1409 0.194651
1410 0.193936
1411 0.19319
1412 0.194209
1413 0.192646
1414 0.195741
1415 0.193521
1416 0.192898
1417 0.192428
1418 0.192106
1419 0.191555
1420 0.192616
1421 0.195098
1422 0.192559
1423 0.193112
1424 0.195436
1425 0.192815
1426 0.192455
1427 0.192191
1428 0.192488
1429 0.193258
1430 0.192158
1431 0.191223
1432 0.191939
1433 0.195358
1434 0.191607
1435 0.196437
1436 0.19453
1437 0.193292
1438 0.192444
1439 0.191791
1440 0.192118
1441 0.193001
1442 0.192328
1443 0.192556
1444 0.194931
1445 0.192623
1446 0.193383
1447 0.196028
1448 0.196186
1449 0.196485
1450 0.194966
1451 0.196025
1452 0.194189
1453 0.196528
1454 0.194721
1455 0.193776
1456 0.19255
1457 0.191536
1458 0.194572
1459 0.192275
1460 0.191727
1461 0.195449
1462 0.193365
1463 0.194513
1464 0.193728
1465 0.195477
1466 0.195059
1467 0.194451
1468 0.19532
1469 0.193149
1470 0.194125
1471 0.194274
1472 0.192591
1473 0.192691
1474 0.195688
1475 0.194009
1476 0.193172
1477 0.195349
1478 0.195024
1479 0.196064
1480 0.19729
1481 0.196479
1482 0.19528
1483 0.195454
1484 0.194807
1485 0.194165
1486 0.195681
1487 0.193737
1488 0.192115
1489 0.193887
1490 0.196226
1491 0.193725
1492 0.192044
1493 0.19146
1494 0.194628
1495 0.192159
1496 0.193331
1497 0.192922
1498 0.193355
1499 0.192735
1500 0.193912
1501 0.192684
1502 0.192262
1503 0.19187
1504 0.193034
1505 0.193649
1506 0.193224
1507 0.192751
1508 0.191913
1509 0.192674
1510 0.193085
1511 0.192548
1512 0.192881
1513 0.194014
1514 0.196074
1515 0.196656
1516 0.19562
1517 0.193895
1518 0.194604
1519 0.193462
1520 0.193246
1521 0.192566
1522 0.191227
1523 0.191612
1524 0.190701
1525 0.19152
1526 0.191396
1527 0.191359
1528 0.192328
1529 0.192107
1530 0.193051
1531 0.196145
1532 0.194105
1533 0.195508
1534 0.194515
1535 0.194033
1536 0.194614
1537 0.193245
1538 0.191633
1539 0.191751
1540 0.193196
1541 0.19458
1542 0.193387
1543 0.192512
1544 0.191367
1545 0.190808
1546 0.192215
1547 0.191335
1548 0.194474
1549 0.193635
1550 0.196326
1551 0.193727
1552 0.19283
1553 0.192862
1554 0.194548
1555 0.19634
1556 0.193545
1557 0.196063
1558 0.195012
1559 0.194138
1560 0.193255
1561 0.192614
1562 0.191754
1563 0.193857
1564 0.1952
1565 0.195463
1566 0.194076
1567 0.19456
1568 0.19272
1569 0.192968
1570 0.195099
1571 0.193223
1572 0.192187
1573 0.191075
1574 0.191464
1575 0.19171
1576 0.194796
1577 0.193446
1578 0.192806
1579 0.192813
1580 0.194813
1581 0.194186
1582 0.192881
1583 0.192904
1584 0.195642
1585 0.195867
1586 0.193847
1587 0.191892
1588 0.191547
1589 0.192423
1590 0.191259
1591 0.194404
1592 0.195972
1593 0.194192
1594 0.196581
1595 0.1935
1596 0.193837
1597 0.193996
1598 0.195317
1599 0.193438
1600 0.192064
1601 0.193699
1602 0.192865
1603 0.192049
1604 0.193686
1605 0.193041
1606 0.194503
1607 0.193851
1608 0.196946
1609 0.194749
1610 0.196978
1611 0.195149
1612 0.195237
1613 0.193205
1614 0.194381
1615 0.196373
1616 0.195641
1617 0.194134
1618 0.196332
1619 0.19534
1620 0.19351
1621 0.192027
1622 0.190705
1623 0.190448
1624 0.192778
1625 0.195212
1626 0.195438
1627 0.194251
1628 0.194502
1629 0.193561
1630 0.195194
1631 0.195192
1632 0.193875
1633 0.193415
1634 0.19539
1635 0.193195
1636 0.193014
1637 0.196087
1638 0.194105
1639 0.195889
1640 0.194258
1641 0.194817
1642 0.19376
1643 0.192738
1644 0.191583
1645 0.194663
1646 0.192813
1647 0.194288
1648 0.192264
1649 0.191316
1650 0.191017
1651 0.1926
1652 0.191888
1653 0.194172
1654 0.193002
1655 0.192176
1656 0.191218
1657 0.190589
1658 0.19025
1659 0.190131
1660 0.190151
1661 0.190137
1662 0.190824
1663 0.192586
1664 0.191886
1665 0.192081
1666 0.19225
1667 0.192836
1668 0.191915
1669 0.193495
1670 0.192729
1671 0.197379
1672 0.193707
1673 0.195571
1674 0.193634
1675 0.19588
1676 0.195727
1677 0.193889
1678 0.195788
1679 0.193406
1680 0.193137
1681 0.192509
1682 0.194227
1683 0.192315
1684 0.19557
1685 0.193768
1686 0.193926
1687 0.192436
1688 0.19257
1689 0.191721
1690 0.194204
1691 0.193502
1692 0.194684
1693 0.192583
1694 0.192882
1695 0.194725
1696 0.194812
1697 0.195495
1698 0.193688
1699 0.192793
1700 0.193514
1701 0.192363
1702 0.19249
1703 0.192024
1704 0.192427
1705 0.195182
1706 0.193648
1707 0.195572
1708 0.19294
1709 0.193405
1710 0.19282
1711 0.19415
1712 0.193089
1713 0.1924
1714 0.194343
1715 0.19218
1716 0.1945
1717 0.196422
1718 0.19363
1719 0.192804
1720 0.192238
1721 0.194574
1722 0.193229
1723 0.193373
1724 0.193611
1725 0.194757
1726 0.193732
1727 0.192339
1728 0.192969
1729 0.195639
1730 0.193935
1731 0.192775
1732 0.195686
1733 0.195152
1734 0.195208
1735 0.193639
1736 0.192881
1737 0.191634
1738 0.191804
1739 0.191502
1740 0.193488
1741 0.19315
1742 0.19468
1743 0.193088
1744 0.195079
1745 0.194241
1746 0.19288
1747 0.194744
1748 0.19303
1749 0.192422
1750 0.192528
1751 0.196263
1752 0.193791
1753 0.195594
1754 0.193804
1755 0.193815
1756 0.194634
1757 0.195038
1758 0.195412
1759 0.193885
1760 0.194046
1761 0.191761
1762 0.191356
1763 0.190873
1764 0.193986
1765 0.195048
1766 0.194401
1767 0.194677
1768 0.193619
1769 0.192865
1770 0.195724
1771 0.194772
1772 0.193037
1773 0.194668
1774 0.195327
1775 0.19638
1776 0.197186
1777 0.195104
1778 0.196748
1779 0.19759
1780 0.195963
1781 0.196648
1782 0.194341
1783 0.19328
1784 0.194167
1785 0.192679
1786 0.192256
1787 0.191393
1788 0.192537
1789 0.195792
1790 0.195233
1791 0.193863
1792 0.194762
1793 0.192555
1794 0.192522
1795 0.192552
1796 0.19318
1797 0.19189
1798 0.191848
1799 0.192256
1800 0.194317
1801 0.193564
1802 0.192516
1803 0.192464
1804 0.193133
1805 0.191912
1806 0.19421
1807 0.192195
1808 0.192455
1809 0.193487
1810 0.192586
1811 0.193921
1812 0.195171
1813 0.192885
1814 0.193367
1815 0.19347
1816 0.193385
1817 0.195061
1818 0.193365
1819 0.194242
1820 0.194505
1821 0.194498
1822 0.193287
1823 0.193097
1824 0.194793
1825 0.192582
1826 0.195536
1827 0.194187
1828 0.194513
1829 0.193061
1830 0.192689
1831 0.191927
1832 0.191496
1833 0.19061
1834 0.192555
1835 0.192309
1836 0.192327
1837 0.195072
1838 0.193143
1839 0.195925
1840 0.196042
1841 0.19369
1842 0.192836
1843 0.192468
1844 0.192185
1845 0.193845
1846 0.193191
1847 0.194352
1848 0.195442
1849 0.193789
1850 0.192397
1851 0.192896
1852 0.19597
1853 0.193972
1854 0.192631
1855 0.192716
1856 0.191866
1857 0.195708
1858 0.194245
1859 0.193183
1860 0.192322
1861 0.192584
1862 0.191816
1863 0.191743
1864 0.193762
1865 0.193427
1866 0.192535
1867 0.193792
1868 0.194266
1869 0.196673
1870 0.195394
1871 0.195055
1872 0.196366
1873 0.193979
1874 0.192394
1875 0.193313
1876 0.196445
1877 0.193974
1878 0.19501
1879 0.195414
1880 0.193194
1881 0.192651
1882 0.194106
1883 0.194008
1884 0.193218
1885 0.192785
1886 0.191856
1887 0.194119
1888 0.196619
1889 0.194132
1890 0.193093
1891 0.193423
1892 0.192866
1893 0.194663
1894 0.194847
1895 0.193753
1896 0.194146
1897 0.192745
1898 0.192253
1899 0.19258
1900 0.191834
1901 0.191993
1902 0.192818
1903 0.193102
1904 0.193404
1905 0.192517
1906 0.192147
1907 0.19258
1908 0.191262
1909 0.190859
1910 0.190766
1911 0.19369
1912 0.192381
1913 0.192451
1914 0.192287
1915 0.19304
1916 0.196017
1917 0.194506
1918 0.193565
1919 0.192584
1920 0.193492
1921 0.192033
1922 0.192498
1923 0.193445
1924 0.194049
1925 0.193703
1926 0.19534
1927 0.194208
1928 0.193931
1929 0.193699
1930 0.192681
1931 0.193285
1932 0.192478
1933 0.191778
1934 0.192863
1935 0.191774
1936 0.194562
1937 0.19361
1938 0.196436
1939 0.194633
1940 0.194241
1941 0.194419
1942 0.193055
1943 0.193638
1944 0.191953
1945 0.190956
1946 0.193708
1947 0.193802
1948 0.193966
1949 0.192777
1950 0.192111
1951 0.191632
1952 0.19661
1953 0.19245
1954 0.192938
1955 0.192838
1956 0.191886
1957 0.193899
1958 0.192439
1959 0.197102
1960 0.194315
1961 0.19395
1962 0.19308
1963 0.193483
1964 0.194484
1965 0.195523
1966 0.193105
1967 0.193258
1968 0.193868
1969 0.193057
1970 0.193547
1971 0.192397
1972 0.192351
1973 0.192083
1974 0.191495
1975 0.19291
1976 0.193725
1977 0.194324
1978 0.196007
1979 0.193726
1980 0.194194
1981 0.196747
1982 0.196387
1983 0.195545
1984 0.196144
1985 0.193995
1986 0.195023
1987 0.193588
1988 0.192334
1989 0.191965
1990 0.193628
1991 0.192933
1992 0.192939
1993 0.192942
1994 0.191658
1995 0.190828
1996 0.19336
1997 0.196064
1998 0.193565
1999 0.195441
2000 0.193014
2001 0.192346
2002 0.191763
2003 0.191608
2004 0.19527
2005 0.196976
2006 0.196521
2007 0.195103
2008 0.196475
2009 0.194237
2010 0.193407
2011 0.192716
2012 0.192284
2013 0.191678
2014 0.191609
2015 0.192316
2016 0.1944
2017 0.196339
2018 0.195391
2019 0.194723
2020 0.19535
2021 0.193436
2022 0.194124
2023 0.193401
2024 0.19206
2025 0.193656
2026 0.193097
2027 0.192111
2028 0.192154
2029 0.19475
2030 0.192597
2031 0.194555
2032 0.195378
2033 0.194349
2034 0.194462
2035 0.193445
2036 0.193173
2037 0.1944
2038 0.192985
2039 0.192532
2040 0.195251
2041 0.195709
2042 0.197367
2043 0.195556
2044 0.194182
2045 0.194973
2046 0.196985
2047 0.196724
2048 0.195527
2049 0.193621
2050 0.192875
2051 0.192339
2052 0.191335
2053 0.191144
2054 0.192433
2055 0.193326
2056 0.195295
2057 0.196909
2058 0.195607
2059 0.194577
2060 0.196693
2061 0.197947
2062 0.195529
2063 0.194583
2064 0.195097
2065 0.196708
2066 0.196298
2067 0.193473
2068 0.192633
2069 0.193732
2070 0.194155
2071 0.192628
2072 0.192004
2073 0.192887
2074 0.192689
2075 0.194527
2076 0.195521
2077 0.194091
2078 0.19356
2079 0.193371
2080 0.194449
2081 0.194221
2082 0.193381
2083 0.194461
2084 0.196266
2085 0.194665
2086 0.193702
2087 0.194464
2088 0.193074
2089 0.192123
2090 0.191697
2091 0.190987
2092 0.190799
2093 0.189992
2094 0.191893
2095 0.193105
2096 0.192259
2097 0.196217
2098 0.197277
2099 0
