0 390.895
1 -7.5836
2 -10.934
3 0.932802
4 0.412814
5 0.101317
6 0.146203
7 0.190588
8 0.19783
9 0.194296
10 0.192285
11 0.192935
12 0.191602
13 0.190406
14 0.195629
15 0.19111
16 0.194452
17 0.194626
18 0.195954
19 0.192368
20 0.192732
21 0.194716
22 0.193281
23 0.191717
24 0.192181
25 0.192918
26 0.193926
27 0.193707
28 0.193174
29 0.192822
30 0.191536
31 0.193437
32 0.192066
33 0.192382
34 0.191867
35 0.191315
36 0.192021
37 0.195256
38 0.192174
39 0.192478
40 0.195168
41 0.19744
42 0.196369
43 0.199058
44 0.195644
45 0.196559
46 0.195574
47 0.19488
48 0.193729
49 0.191929
50 0.195627
51 0.19382
52 0.193347
53 0.194359
54 0.193064
55 0.193508
56 0.192516
57 0.193146
58 0.192946
59 0.191921
60 0.191031
61 0.190079
62 0.19336
63 0.193513
64 0.192278
65 0.192519
66 0.191496
67 0.191607
68 0.192236
69 0.196431
70 0.194468
71 0.193625
72 0.192823
73 0.193521
74 0.19265
75 0.192266
76 0.19197
77 0.191584
78 0.192568
79 0.191187
80 0.19364
81 0.193734
82 0.193608
83 0.194889
84 0.193116
85 0.194577
86 0.192789
87 0.191899
88 0.191263
89 0.191543
90 0.192503
91 0.191935
92 0.191684
93 0.191397
94 0.19107
95 0.192105
96 0.191461
97 0.191632
98 0.19137
99 0.194125
100 0.191858
101 0.192226
102 0.192032
103 0.194708
104 0.192755
105 0.193485
106 0.193556
107 0.193573
108 0.192452
109 0.191493
110 0.193169
111 0.193245
112 0.192833
113 0.191726
114 0.19121
115 0.192346
116 0.197259
117 0.195423
118 0.194308
119 0.194147
120 0.193201
121 0.192201
122 0.194955
123 0.192881
124 0.192566
125 0.192139
126 0.192728
127 0.192853
128 0.194718
129 0.194442
130 0.193078
131 0.192283
132 0.192501
133 0.191702
134 0.193262
135 0.192421
136 0.192338
137 0.194632
138 0.197597
139 0.195018
140 0.195243
141 0.196012
142 0.194715
143 0.193939
144 0.191686
145 0.192867
146 0.191336
147 0.195822
148 0.193833
149 0.192655
150 0.192013
151 0.192412
152 0.19321
153 0.193118
154 0.192144
155 0.192656
156 0.192542
157 0.193102
158 0.194434
159 0.194511
160 0.194695
161 0.192556
162 0.191131
163 0.19207
164 0.193288
165 0.193872
166 0.197632
167 0.196041
168 0.195374
169 0.19379
170 0.193875
171 0.194454
172 0.19319
173 0.193142
174 0.192755
175 0.191455
176 0.194422
177 0.193141
178 0.194939
179 0.195556
180 0.197246
181 0.195849
182 0.193664
183 0.196063
184 0.193302
185 0.195205
186 0.192262
187 0.194323
188 0.194262
189 0.193744
190 0.193173
191 0.19696
192 0.195765
193 0.195848
194 0.194747
195 0.193913
196 0.193878
197 0.192283
198 0.191679
199 0.192343
200 0.19049
201 0.194117
202 0.194687
203 0.193274
204 0.192902
205 0.193414
206 0.192914
207 0.192665
208 0.192114
209 0.19444
210 0.196392
211 0.195255
212 0.196677
213 0.195135
214 0.19272
215 0.193047
216 0.195802
217 0.193745
218 0.193779
219 0.195486
220 0.193118
221 0.195628
222 0.194297
223 0.193036
224 0.196643
225 0.193837
226 0.192987
227 0.194413
228 0.194013
229 0.19284
230 0.194972
231 0.195679
232 0.193617
233 0.193461
234 0.194612
235 0.195406
236 0.194488
237 0.197191
238 0.194622
239 0.194603
240 0.197114
241 0.193056
242 0.193246
243 0.191971
244 0.192271
245 0.191337
246 0.191204
247 0.194961
248 0.194757
249 0.19158
250 0.196221
251 0.193626
252 0.196774
253 0.192885
254 0.193565
255 0.19225
256 0.191369
257 0.192313
258 0.192546
259 0.191655
260 0.19465
261 0.194238
262 0.192734
263 0.192666
264 0.191814
265 0.192565
266 0.191809
267 0.195378
268 0.198068
269 0.194637
270 0.194962
271 0.193892
272 0.192475
273 0.192329
274 0.195125
275 0.194958
276 0.197202
277 0.193207
278 0.193173
279 0.197769
280 0.193866
281 0.196267
282 0.1957
283 0.192546
284 0.198481
285 0.194197
286 0.195346
287 0.193567
288 0.195122
289 0.194513
290 0.192561
291 0.196408
292 0.197437
293 0.197125
294 0.194762
295 0.195222
296 0.193117
297 0.193982
298 0.192432
299 0.19331
300 0.196028
301 0.194126
302 0.195298
303 0.192885
304 0.192945
305 0.191441
306 0.193314
307 0.194782
308 0.193063
309 0.194024
310 0.196547
311 0.198132
312 0.194923
313 0.195271
314 0.190461
315 0.191439
316 0.193203
317 0.193791
318 0.196268
319 0.193755
320 0.195075
321 0.193161
322 0.193166
323 0.196708
324 0.192814
325 0.193822
326 0.192855
327 0.193214
328 0.19366
329 0.19365
330 0.192844
331 0.192845
332 0.192637
333 0.193277
334 0.191856
335 0.193383
336 0.191366
337 0.192104
338 0.192613
339 0.191382
340 0.191657
341 0.191708
342 0.193094
343 0.193217
344 0.192521
345 0.192119
346 0.192045
347 0.19231
348 0.195514
349 0.193881
350 0.193994
351 0.192489
352 0.194206
353 0.196097
354 0.19484
355 0.196123
356 0.193166
357 0.192956
358 0.194178
359 0.196943
360 0.194173
361 0.194269
362 0.193916
363 0.192794
364 0.19284
365 0.193658
366 0.191624
367 0.192519
368 0.191666
369 0.193951
370 0.194467
371 0.192835
372 0.194029
373 0.192258
374 0.192936
375 0.191793
376 0.191922
377 0.192998
378 0.193321
379 0.195093
380 0.196797
381 0.195905
382 0.195007
383 0.192802
384 0.192454
385 0.191915
386 0.191664
387 0.1917
388 0.191628
389 0.191252
390 0.193916
391 0.193994
392 0.192749
393 0.192295
394 0.19227
395 0.193524
396 0.193557
397 0.191367
398 0.191397
399 0.192799
400 0.193201
401 0.192776
402 0.193849
403 0.194988
404 0.19292
405 0.192569
406 0.195479
407 0.19277
408 0.195965
409 0.195998
410 0.196938
411 0.195172
412 0.193843
413 0.196274
414 0.195361
415 0.194991
416 0.195134
417 0.193344
418 0.19641
419 0.195592
420 0.196951
421 0.194906
422 0.193818
423 0.193853
424 0.192737
425 0.192309
426 0.19261
427 0.191991
428 0.197044
429 0.19327
430 0.196337
431 0.193956
432 0.193048
433 0.192403
434 0.196888
435 0.196642
436 0.193115
437 0.196104
438 0.196954
439 0.193918
440 0.192887
441 0.195828
442 0.196578
443 0.196006
444 0.195904
445 0.195948
446 0.194949
447 0.192709
448 0.192828
449 0.192314
450 0.191924
451 0.192131
452 0.193331
453 0.193736
454 0.193219
455 0.191557
456 0.192814
457 0.192355
458 0.191198
459 0.193419
460 0.196053
461 0.19501
462 0.194776
463 0.195052
464 0.197225
465 0.195105
466 0.19661
467 0.199049
468 0.195855
469 0.195048
470 0.193963
471 0.193394
472 0.194285
473 0.192612
474 0.195022
475 0.195946
476 0.197636
477 0.19698
478 0.195667
479 0.198929
480 0.195123
481 0.195698
482 0.196843
483 0.195934
484 0.196153
485 0.193204
486 0.195473
487 0.195732
488 0.195048
489 0.192705
490 0.192993
491 0.195532
492 0.193549
493 0.194232
494 0.193326
495 0.192155
496 0.193209
497 0.192008
498 0.192127
499 0.191747
500 0.191004
501 0.19161
502 0.193807
503 0.193676
504 0.191678
505 0.195557
506 0.199602
507 0.19578
508 0.194546
509 0.192397
510 0.193106
511 0.192315
512 0.195811
513 0.193548
514 0.196048
515 0.193675
516 0.196076
517 0.196053
518 0.195017
519 0.195224
520 0.195905
521 0.19279
522 0.192896
523 0.191932
524 0.193436
525 0.192744
526 0.193057
527 0.195544
528 0.193531
529 0.194262
530 0.193005
531 0.194881
532 0.196615
533 0.198276
534 0.197149
535 0.195664
536 0.193944
537 0.194001
538 0.194079
539 0.192387
540 0.196242
541 0.195259
542 0.194753
543 0.192111
544 0.194999
545 0.196514
546 0.193436
547 0.192995
548 0.193423
549 0.193483
550 0.194228
551 0.193393
552 0.19221
553 0.192817
554 0.191953
555 0.195232
556 0.195022
557 0.192636
558 0.194167
559 0.196739
560 0.195798
561 0.194733
562 0.193012
563 0.194087
564 0.193238
565 0.193664
566 0.192487
567 0.192554
568 0.191796
569 0.19174
570 0.193154
571 0.193407
572 0.192449
573 0.192102
574 0.191565
575 0.190787
576 0.192977
577 0.196565
578 0.195756
579 0.193219
580 0.193056
581 0.192577
582 0.192644
583 0.191297
584 0.19401
585 0.196123
586 0.199265
587 0.199169
588 0.198762
589 0.195402
590 0.19564
591 0.193485
592 0.196934
593 0.193132
594 0.198417
595 0.194221
596 0.19274
597 0.194748
598 0.193033
599 0.194415
600 0.194044
601 0.193164
602 0.192838
603 0.194419
604 0.192504
605 0.194288
606 0.192732
607 0.193537
608 0.191726
609 0.193532
610 0.193822
611 0.193011
612 0.194743
613 0.193187
614 0.192436
615 0.19278
616 0.191439
617 0.191476
618 0.19107
619 0.192332
620 0.192334
621 0.191506
622 0.191263
623 0.19201
624 0.191548
625 0.193405
626 0.191962
627 0.197393
628 0.194319
629 0.192617
630 0.192577
631 0.195526
632 0.194338
633 0.19282
634 0.193675
635 0.193747
636 0.192122
637 0.192406
638 0.195346
639 0.193257
640 0.194182
641 0.191862
642 0.192354
643 0.195389
644 0.197071
645 0.195065
646 0.196046
647 0.194581
648 0.195219
649 0.192895
650 0.1931
651 0.191305
652 0.193458
653 0.194607
654 0.195278
655 0.194384
656 0.193028
657 0.191867
658 0.193289
659 0.193323
660 0.194318
661 0.192109
662 0.191771
663 0.191755
664 0.192246
665 0.192168
666 0.192084
667 0.191868
668 0.193727
669 0.193779
670 0.193723
671 0.192213
672 0.191386
673 0.191506
674 0.192905
675 0.193252
676 0.192536
677 0.19402
678 0.197068
679 0.195112
680 0.193538
681 0.194922
682 0.193988
683 0.197023
684 0.193421
685 0.191467
686 0.192289
687 0.192343
688 0.191708
689 0.19239
690 0.191669
691 0.190955
692 0.190393
693 0.192553
694 0.191156
695 0.191935
696 0.191699
697 0.191319
698 0.193994
699 0.192818
700 0.193158
701 0.192465
702 0.192744
703 0.194324
704 0.193358
705 0.193154
706 0.194185
707 0.19652
708 0.194591
709 0.194288
710 0.193153
711 0.192069
712 0.195227
713 0.194441
714 0.193743
715 0.191583
716 0.193319
717 0.194966
718 0.198299
719 0.195158
720 0.19741
721 0.195501
722 0.192957
723 0.19139
724 0.191972
725 0.193255
726 0.198102
727 0.194046
728 0.193354
729 0.197595
730 0.194072
731 0.193137
732 0.194132
733 0.19201
734 0.193208
735 0.192077
736 0.195582
737 0.194535
738 0.193132
739 0.194131
740 0.194346
741 0.19399
742 0.192663
743 0.193592
744 0.193025
745 0.192562
746 0.19366
747 0.190529
748 0.191365
749 0.190436
750 0.19331
751 0.193208
752 0.192025
753 0.193477
754 0.191633
755 0.19417
756 0.1934
757 0.192108
758 0.191361
759 0.193531
760 0.195601
761 0.194841
762 0.197653
763 0.195055
764 0.193393
765 0.192796
766 0.1927
767 0.192829
768 0.191181
769 0.194099
770 0.196003
771 0.196483
772 0.195437
773 0.192764
774 0.192681
775 0.191197
776 0.19363
777 0.193159
778 0.191447
779 0.190978
780 0.191074
781 0.192891
782 0.197276
783 0.194434
784 0.195165
785 0.193059
786 0.19255
787 0.192882
788 0.191882
789 0.193038
790 0.191324
791 0.191704
792 0.194201
793 0.194347
794 0.19438
795 0.194061
796 0.191918
797 0.192497
798 0.192304
799 0.192107
800 0.191545
801 0.190703
802 0.192442
803 0.192504
804 0.192213
805 0.191931
806 0.191875
807 0.191
808 0.192267
809 0.192337
810 0.192408
811 0.192155
812 0.192843
813 0.195044
814 0.192491
815 0.192187
816 0.193452
817 0.192391
818 0.195022
819 0.198786
820 0.193793
821 0.194466
822 0.193098
823 0.192054
824 0.191911
825 0.191619
826 0.190618
827 0.191337
828 0.191214
829 0.195981
830 0.192976
831 0.192692
832 0.19263
833 0.191883
834 0.195111
835 0.192174
836 0.191903
837 0.19167
838 0.191281
839 0.193815
840 0.193296
841 0.192575
842 0.192817
843 0.192428
844 0.191589
845 0.193886
846 0.193679
847 0.19211
848 0.192028
849 0.192553
850 0.193271
851 0.192246
852 0.191626
853 0.18987
854 0.19454
855 0.192829
856 0.193393
857 0.194337
858 0.192583
859 0.193953
860 0.192178
861 0.19262
862 0.191672
863 0.192685
864 0.191873
865 0.191548
866 0.193771
867 0.194293
868 0.196481
869 0.194462
870 0.193591
871 0.192933
872 0.193751
873 0.192029
874 0.192497
875 0.192533
876 0.190999
877 0.192695
878 0.192684
879 0.19164
880 0.19518
881 0.194348
882 0.19425
883 0.192284
884 0.192212
885 0.192193
886 0.192755
887 0.191898
888 0.191462
889 0.194308
890 0.192653
891 0.192577
892 0.194138
893 0.193157
894 0.193229
895 0.194433
896 0.193398
897 0.1942
898 0.192726
899 0.192382
900 0.191741
901 0.193618
902 0.192585
903 0.192058
904 0.192858
905 0.196243
906 0.196088
907 0.194135
908 0.195815
909 0.194573
910 0.197642
911 0.194777
912 0.195274
913 0.197987
914 0.195166
915 0.196779
916 0.194206
917 0.193993
918 0.193297
919 0.192489
920 0.196115
921 0.193608
922 0.193342
923 0.192958
924 0.192782
925 0.192601
926 0.19108
927 0.192998
928 0.191627
929 0.193603
930 0.192145
931 0.193359
932 0.192221
933 0.192686
934 0.19306
935 0.192832
936 0.191764
937 0.193295
938 0.192295
939 0.194001
940 0.193083
941 0.192585
942 0.192714
943 0.192168
944 0.192151
945 0.19179
946 0.193484
947 0.193523
948 0.191895
949 0.19086
950 0.192696
951 0.194271
952 0.192309
953 0.192463
954 0.195719
955 0.193031
956 0.193476
957 0.192759
958 0.19156
959 0.19327
960 0.193286
961 0.193693
962 0.194671
963 0.19421
964 0.193493
965 0.191223
966 0.191343
967 0.195229
968 0.1981
969 0.196778
970 0.193534
971 0.195983
972 0.196663
973 0.19399
974 0.194331
975 0.192713
976 0.191955
977 0.193517
978 0.193352
979 0.193242
980 0.192479
981 0.192917
982 0.193097
983 0.19235
984 0.193989
985 0.193381
986 0.193361
987 0.193181
988 0.191985
989 0.191761
990 0.19078
991 0.194416
992 0.192921
993 0.191954
994 0.191288
995 0.193262
996 0.19476
997 0.193555
998 0.192706
999 0.191965
1000 0.196023
1001 0.196354
1002 0.195986
1003 0.195054
1004 0.192872
1005 0.196443
1006 0.19385
1007 0.195123
1008 0.19288
1009 0.192261
1010 0.191818
1011 0.192562
1012 0.191993
1013 0.196506
1014 0.193043
1015 0.193668
1016 0.194235
1017 0.192991
1018 0.194549
1019 0.192869
1020 0.192849
1021 0.192102
1022 0.192414
1023 0.192028
1024 0.191328
1025 0.192078
1026 0.191949
1027 0.19214
1028 0.192142
1029 0.191585
1030 0.192567
1031 0.19212
1032 0.191861
1033 0.192227
1034 0.190647
1035 0.190888
1036 0.191589
1037 0.196428
1038 0.194779
1039 0.196445
1040 0.194629
1041 0.193627
1042 0.192412
1043 0.192199
1044 0.194853
1045 0.193814
1046 0.192557
1047 0.191117
1048 0.19292
1049 0.194374
1050 0.194524
1051 0.193977
1052 0.192238
1053 0.192159
1054 0.195869
1055 0.195635
1056 0.197212
1057 0.197004
1058 0.196784
1059 0.193824
1060 0.193234
1061 0.193296
1062 0.192483
1063 0.195171
1064 0.19407
1065 0.192873
1066 0.193102
1067 0.191572
1068 0.191579
1069 0.193679
1070 0.192741
1071 0.193615
1072 0.196423
1073 0.193229
1074 0.197249
1075 0.193511
1076 0.193252
1077 0.193427
1078 0.193538
1079 0.196126
1080 0.193473
1081 0.193132
1082 0.194224
1083 0.193264
1084 0.194139
1085 0.194317
1086 0.196785
1087 0.195893
1088 0.192806
1089 0.193921
1090 0.194229
1091 0.193953
1092 0.192583
1093 0.192648
1094 0.194326
1095 0.192562
1096 0.192729
1097 0.191423
1098 0.195058
1099 0.192998
1100 0.19606
1101 0.193898
1102 0.192423
1103 0.19442
1104 0.193445
1105 0.192691
1106 0.191884
1107 0.193269
1108 0.193651
1109 0.194888
1110 0.197357
1111 0.194947
1112 0.193757
1113 0.193384
1114 0.192536
1115 0.192072
1116 0.192497
1117 0.194102
1118 0.193263
1119 0.192075
1120 0.191627
1121 0.192863
1122 0.195331
1123 0.193094
1124 0.194296
1125 0.196061
1126 0.194972
1127 0.197208
1128 0.195055
1129 0.193988
1130 0.196953
1131 0.193402
1132 0.194716
1133 0.1931
1134 0.193624
1135 0.193665
1136 0.192574
1137 0.194767
1138 0.1934
1139 0.195962
1140 0.196626
1141 0.194746
1142 0.195264
1143 0.19481
1144 0.193835
1145 0.19233
1146 0.197862
1147 0.194196
1148 0.19562
1149 0.192692
1150 0.194361
1151 0.196044
1152 0.194583
1153 0.197976
1154 0.194421
1155 0.193684
1156 0.196616
1157 0.193107
1158 0.192675
1159 0.191663
1160 0.194269
1161 0.193216
1162 0.193874
1163 0.192018
1164 0.194357
1165 0.193982
1166 0.193316
1167 0.193199
1168 0.19292
1169 0.192724
1170 0.191154
1171 0.191949
1172 0.192611
1173 0.196095
1174 0.193529
1175 0.194196
1176 0.19553
1177 0.195198
1178 0.192882
1179 0.19125
1180 0.191416
1181 0.192429
1182 0.19256
1183 0.191412
1184 0.191311
1185 0.192247
1186 0.192848
1187 0.192112
1188 0.191265
1189 0.197137
1190 0.193067
1191 0.194131
1192 0.197248
1193 0.194754
1194 0.192083
1195 0.193639
1196 0.192597
1197 0.194384
1198 0.197353
1199 0.193849
1200 0.194419
1201 0.197626
1202 0.194731
1203 0.19318
1204 0.192466
1205 0.193424
1206 0.19186
1207 0.191865
1208 0.194273
1209 0.193535
1210 0.191947
1211 0.191298
1212 0.191902
1213 0.190669
1214 0.194634
1215 0.192692
1216 0.193853
1217 0.190466
1218 0.193622
1219 0.19438
1220 0.193942
1221 0.192916
1222 0.196374
1223 0.194607
1224 0.192385
1225 0.192316
1226 0.192218
1227 0.192571
1228 0.191851
1229 0.192845
1230 0.193539
1231 0.191702
1232 0.191673
1233 0.192959
1234 0.19185
1235 0.195942
1236 0.197827
1237 0.199716
1238 0.19931
1239 0.196587
1240 0.19598
1241 0.193942
1242 0.194082
1243 0.193979
1244 0.194007
1245 0.192921
1246 0.192003
1247 0.197529
1248 0.19472
1249 0.1933
1250 0.191956
1251 0.193324
1252 0.191947
1253 0.194526
1254 0.19329
1255 0.195947
1256 0.193572
1257 0.19658
1258 0.195126
1259 0.192686
1260 0.192736
1261 0.192184
1262 0.192983
1263 0.191987
1264 0.197469
1265 0.195932
1266 0.195246
1267 0.194877
1268 0.194431
1269 0.193527
1270 0.192303
1271 0.192115
1272 0.193053
1273 0.194444
1274 0.198287
1275 0.194707
1276 0.19433
1277 0.196395
1278 0.196477
1279 0.195168
1280 0.195578
1281 0.19411
1282 0.192628
1283 0.192287
1284 0.19537
1285 0.193337
1286 0.194332
1287 0.192811
1288 0.196062
1289 0.194258
1290 0.194111
1291 0.193541
1292 0.19312
1293 0.19333
1294 0.192006
1295 0.192365
1296 0.192059
1297 0.196876
1298 0.194004
1299 0.194098
1300 0.194439
1301 0.192947
1302 0.196515
1303 0.193814
1304 0.193853
1305 0.196195
1306 0.194363
1307 0.193045
1308 0.191608
1309 0.191261
1310 0.190993
1311 0.189324
1312 0.19253
1313 0.193239
1314 0.192233
1315 0.19281
1316 0.193161
1317 0.191033
1318 0.192078
1319 0.195576
1320 0.193567
1321 0.191245
1322 0.192281
1323 0.191141
1324 0.192203
1325 0.190944
1326 0.191609
1327 0.192149
1328 0.191658
1329 0.192718
1330 0.191957
1331 0.1928
1332 0.190792
1333 0.191361
1334 0.192381
1335 0.193707
1336 0.195731
1337 0.194732
1338 0.19218
1339 0.191702
1340 0.192617
1341 0.191619
1342 0.194423
1343 0.19785
1344 0.193648
1345 0.192818
1346 0.194965
1347 0.195481
1348 0.193453
1349 0.194095
1350 0.193296
1351 0.193935
1352 0.192695
1353 0.192838
1354 0.192904
1355 0.193281
1356 0.194331
1357 0.194538
1358 0.192765
1359 0.194914
1360 0.192489
1361 0.191392
1362 0.191469
1363 0.191744
1364 0.19241
1365 0.192443
1366 0.196454
1367 0.192639
1368 0.191758
1369 0.195265
1370 0.194187
1371 0.195038
1372 0.194823
1373 0.194077
1374 0.193583
1375 0.194631
1376 0.193484
1377 0.19318
1378 0.192766
1379 0.192474
1380 0.191991
1381 0.192849
1382 0.195183
1383 0.19493
1384 0.193671
1385 0.198643
1386 0.195199
1387 0.193351
1388 0.197292
1389 0.193958
1390 0.197023
1391 0.196309
1392 0.195313
1393 0.192943
1394 0.193816
1395 0.194211
1396 0.194925
1397 0.194474
1398 0.196048
1399 0.194165
1400 0.192022
1401 0.192763
1402 0.19359
1403 0.192342
1404 0.195888
1405 0.198201
1406 0.192826
1407 0.192857
1408 0.194984
1409 0.193928
1410 0.193754
1411 0.191949
1412 0.193481
1413 0.192336
1414 0.196439
1415 0.192204
1416 0.193046
1417 0.192822
1418 0.192153
1419 0.191225
1420 0.19189
1421 0.193572
1422 0.191381
1423 0.192002
1424 0.194112
1425 0.192958
1426 0.1923
1427 0.191972
1428 0.190984
1429 0.192575
1430 0.191141
1431 0.190699
1432 0.191335
1433 0.194617
1434 0.192854
1435 0.196252
1436 0.196103
1437 0.193161
1438 0.192976
1439 0.191582
1440 0.19289
1441 0.192695
1442 0.191294
1443 0.191864
1444 0.194736
1445 0.192267
1446 0.193504
1447 0.195638
1448 0.198619
1449 0.195943
1450 0.195155
1451 0.197625
1452 0.195265
1453 0.198015
1454 0.194087
1455 0.193056
1456 0.192662
1457 0.191781
1458 0.19557
1459 0.193453
1460 0.193336
1461 0.195074
1462 0.194961
1463 0.195512
1464 0.192976
1465 0.195872
1466 0.195352
1467 0.194434
1468 0.195289
1469 0.193415
1470 0.194865
1471 0.193893
1472 0.191723
1473 0.19262
1474 0.195689
1475 0.194806
1476 0.192748
1477 0.195306
1478 0.197727
1479 0.196952
1480 0.197686
1481 0.196699
1482 0.19612
1483 0.194501
1484 0.194792
1485 0.194336
1486 0.194825
1487 0.194715
1488 0.19358
1489 0.193014
1490 0.194931
1491 0.193123
1492 0.19239
1493 0.191766
1494 0.194879
1495 0.192735
1496 0.193373
1497 0.192065
1498 0.193317
1499 0.191428
1500 0.19333
1501 0.192455
1502 0.192317
1503 0.191916
1504 0.192103
1505 0.193503
1506 0.193018
1507 0.192429
1508 0.191592
1509 0.191166
1510 0.192951
1511 0.191329
1512 0.192055
1513 0.193734
1514 0.196585
1515 0.196318
1516 0.195288
1517 0.194615
1518 0.194829
1519 0.19326
1520 0.192953
1521 0.192223
1522 0.191796
1523 0.193917
1524 0.191698
1525 0.192474
1526 0.192087
1527 0.191515
1528 0.192473
1529 0.191313
1530 0.192956
1531 0.196241
1532 0.193561
1533 0.196105
1534 0.194379
1535 0.194178
1536 0.194593
1537 0.192753
1538 0.191855
1539 0.191357
1540 0.193206
1541 0.193816
1542 0.192295
1543 0.192293
1544 0.190651
1545 0.192464
1546 0.192205
1547 0.191905
1548 0.194024
1549 0.193179
1550 0.196705
1551 0.193727
1552 0.192368
1553 0.191439
1554 0.193397
1555 0.198369
1556 0.194605
1557 0.196992
1558 0.194656
1559 0.19363
1560 0.192457
1561 0.192061
1562 0.191121
1563 0.194705
1564 0.195454
1565 0.19442
1566 0.193193
1567 0.194917
1568 0.193129
1569 0.193016
1570 0.195558
1571 0.194112
1572 0.191665
1573 0.191402
1574 0.192343
1575 0.191186
1576 0.194431
1577 0.193293
1578 0.191859
1579 0.19219
1580 0.193758
1581 0.194233
1582 0.192288
1583 0.192341
1584 0.197478
1585 0.196066
1586 0.193687
1587 0.19289
1588 0.193292
1589 0.19242
1590 0.191361
1591 0.195445
1592 0.196027
1593 0.194217
1594 0.197396
1595 0.194192
1596 0.194357
1597 0.192807
1598 0.195308
1599 0.193609
1600 0.191838
1601 0.193075
1602 0.192253
1603 0.19176
1604 0.193183
1605 0.193551
1606 0.193287
1607 0.194337
1608 0.19722
1609 0.194921
1610 0.197224
1611 0.194975
1612 0.19535
1613 0.194178
1614 0.194976
1615 0.197343
1616 0.196408
1617 0.193656
1618 0.196055
1619 0.194968
1620 0.191876
1621 0.193067
1622 0.191817
1623 0.190478
1624 0.192937
1625 0.195486
1626 0.198278
1627 0.193744
1628 0.193438
1629 0.193216
1630 0.194977
1631 0.195704
1632 0.193939
1633 0.193422
1634 0.195937
1635 0.192655
1636 0.193357
1637 0.195915
1638 0.194461
1639 0.197265
1640 0.194327
1641 0.194564
1642 0.193016
1643 0.192101
1644 0.192183
1645 0.195506
1646 0.193211
1647 0.194032
1648 0.191717
1649 0.190815
1650 0.190286
1651 0.191627
1652 0.192487
1653 0.194045
1654 0.19163
1655 0.191658
1656 0.19107
1657 0.191418
1658 0.192826
1659 0.191628
1660 0.191707
1661 0.191816
1662 0.190469
1663 0.191597
1664 0.191395
1665 0.192065
1666 0.192281
1667 0.192085
1668 0.19164
1669 0.193988
1670 0.191736
1671 0.197143
1672 0.193334
1673 0.195452
1674 0.192401
1675 0.195006
1676 0.195296
1677 0.195115
1678 0.195676
1679 0.193871
1680 0.193026
1681 0.191547
1682 0.192758
1683 0.192701
1684 0.196385
1685 0.193735
1686 0.193647
1687 0.192789
1688 0.191713
1689 0.192674
1690 0.193547
1691 0.193474
1692 0.194099
1693 0.192051
1694 0.192273
1695 0.195038
1696 0.19533
1697 0.194806
1698 0.193521
1699 0.192679
1700 0.193638
1701 0.191599
1702 0.192829
1703 0.193052
1704 0.191763
1705 0.194537
1706 0.193089
1707 0.195241
1708 0.192925
1709 0.194195
1710 0.192587
1711 0.194998
1712 0.192646
1713 0.1931
1714 0.195481
1715 0.193931
1716 0.194452
1717 0.196941
1718 0.195225
1719 0.193849
1720 0.192411
1721 0.196195
1722 0.193531
1723 0.19481
1724 0.194873
1725 0.195874
1726 0.193112
1727 0.191924
1728 0.193413
1729 0.196208
1730 0.193806
1731 0.193738
1732 0.196074
1733 0.195969
1734 0.1954
1735 0.192602
1736 0.192243
1737 0.193291
1738 0.19232
1739 0.191681
1740 0.192762
1741 0.19393
1742 0.194275
1743 0.19229
1744 0.196175
1745 0.193922
1746 0.193493
1747 0.194411
1748 0.192801
1749 0.192827
1750 0.192675
1751 0.196479
1752 0.193703
1753 0.196761
1754 0.193735
1755 0.192963
1756 0.193775
1757 0.194079
1758 0.194045
1759 0.193591
1760 0.193869
1761 0.192701
1762 0.192026
1763 0.190802
1764 0.195455
1765 0.195234
1766 0.195016
1767 0.194251
1768 0.19196
1769 0.191343
1770 0.195642
1771 0.195234
1772 0.19326
1773 0.193224
1774 0.195226
1775 0.197095
1776 0.199021
1777 0.194744
1778 0.196755
1779 0.199157
1780 0.195534
1781 0.197111
1782 0.195412
1783 0.193786
1784 0.193577
1785 0.192357
1786 0.192451
1787 0.191429
1788 0.191788
1789 0.195254
1790 0.195418
1791 0.193923
1792 0.194504
1793 0.193138
1794 0.192425
1795 0.191712
1796 0.191913
1797 0.19216
1798 0.192247
1799 0.191526
1800 0.193652
1801 0.193264
1802 0.191914
1803 0.191114
1804 0.192268
1805 0.191482
1806 0.193745
1807 0.193058
1808 0.192723
1809 0.194028
1810 0.192845
1811 0.194559
1812 0.196109
1813 0.193481
1814 0.193178
1815 0.19326
1816 0.194015
1817 0.193595
1818 0.193477
1819 0.193874
1820 0.194633
1821 0.194124
1822 0.193326
1823 0.19159
1824 0.193834
1825 0.192435
1826 0.19769
1827 0.194007
1828 0.193727
1829 0.191863
1830 0.192242
1831 0.192276
1832 0.193059
1833 0.192843
1834 0.191635
1835 0.193001
1836 0.191313
1837 0.197533
1838 0.194124
1839 0.196433
1840 0.1974
1841 0.193188
1842 0.193624
1843 0.192995
1844 0.192519
1845 0.193631
1846 0.193704
1847 0.195097
1848 0.194937
1849 0.193532
1850 0.192426
1851 0.192247
1852 0.195792
1853 0.195266
1854 0.19271
1855 0.192143
1856 0.191866
1857 0.196466
1858 0.194256
1859 0.192057
1860 0.191419
1861 0.192319
1862 0.192271
1863 0.192787
1864 0.193671
1865 0.19325
1866 0.192241
1867 0.19338
1868 0.194801
1869 0.196905
1870 0.19463
1871 0.195677
1872 0.196163
1873 0.194398
1874 0.192604
1875 0.194966
1876 0.196734
1877 0.19426
1878 0.194606
1879 0.194235
1880 0.192729
1881 0.192442
1882 0.193223
1883 0.194106
1884 0.19314
1885 0.193958
1886 0.191787
1887 0.193599
1888 0.196615
1889 0.193324
1890 0.192763
1891 0.192651
1892 0.193639
1893 0.194462
1894 0.194666
1895 0.193683
1896 0.193676
1897 0.192055
1898 0.192622
1899 0.194099
1900 0.19206
1901 0.191528
1902 0.19133
1903 0.192404
1904 0.191965
1905 0.19241
1906 0.191948
1907 0.193315
1908 0.192399
1909 0.19169
1910 0.191531
1911 0.196946
1912 0.192713
1913 0.193329
1914 0.191051
1915 0.191708
1916 0.194644
1917 0.195045
1918 0.192822
1919 0.192561
1920 0.192646
1921 0.191869
1922 0.191829
1923 0.19319
1924 0.192761
1925 0.192343
1926 0.194995
1927 0.193323
1928 0.193918
1929 0.193781
1930 0.192712
1931 0.19332
1932 0.191667
1933 0.191913
1934 0.192037
1935 0.192077
1936 0.193246
1937 0.193754
1938 0.196172
1939 0.194797
1940 0.19453
1941 0.19342
1942 0.192809
1943 0.194525
1944 0.191743
1945 0.191311
1946 0.195258
1947 0.194775
1948 0.193547
1949 0.193619
1950 0.191387
1951 0.191426
1952 0.195664
1953 0.193315
1954 0.193837
1955 0.191672
1956 0.192374
1957 0.192461
1958 0.191464
1959 0.197304
1960 0.193499
1961 0.193466
1962 0.1926
1963 0.193547
1964 0.193983
1965 0.194331
1966 0.192824
1967 0.19285
1968 0.19376
1969 0.192222
1970 0.193365
1971 0.191687
1972 0.191976
1973 0.192211
1974 0.191362
1975 0.192983
1976 0.193756
1977 0.195093
1978 0.194936
1979 0.193183
1980 0.194424
1981 0.196252
1982 0.197284
1983 0.196399
1984 0.197273
1985 0.19423
1986 0.194653
1987 0.193664
1988 0.192938
1989 0.191423
1990 0.19289
1991 0.192493
1992 0.193019
1993 0.193739
1994 0.191894
1995 0.191266
1996 0.194047
1997 0.195454
1998 0.194946
1999 0.196059
2000 0.192319
2001 0.192488
2002 0.192994
2003 0.192233
2004 0.195701
2005 0.200252
2006 0.197295
2007 0.194092
2008 0.197157
2009 0.194784
2010 0.193787
2011 0.19244
2012 0.192466
2013 0.191736
2014 0.191446
2015 0.192934
2016 0.193145
2017 0.196849
2018 0.19606
2019 0.193709
2020 0.194395
2021 0.193518
2022 0.194146
2023 0.193979
2024 0.192682
2025 0.193954
2026 0.193266
2027 0.19194
2028 0.191327
2029 0.193453
2030 0.192726
2031 0.194629
2032 0.19674
2033 0.193151
2034 0.193745
2035 0.19357
2036 0.193544
2037 0.193945
2038 0.192098
2039 0.19232
2040 0.195235
2041 0.194997
2042 0.197574
2043 0.195674
2044 0.194491
2045 0.194625
2046 0.196978
2047 0.198308
2048 0.193685
2049 0.192917
2050 0.19272
2051 0.192363
2052 0.191906
2053 0.191484
2054 0.192101
2055 0.192721
2056 0.195604
2057 0.198936
2058 0.19741
2059 0.194808
2060 0.196126
2061 0.198704
2062 0.195978
2063 0.195348
2064 0.195299
2065 0.198125
2066 0.196678
2067 0.195566
2068 0.193961
2069 0.193852
2070 0.193574
2071 0.192343
2072 0.191278
2073 0.192389
2074 0.192628
2075 0.194542
2076 0.194506
2077 0.193365
2078 0.194151
2079 0.194127
2080 0.194362
2081 0.194099
2082 0.193149
2083 0.193886
2084 0.196112
2085 0.194084
2086 0.193736
2087 0.194596
2088 0.191515
2089 0.19281
2090 0.19203
2091 0.192225
2092 0.191671
2093 0.192072
2094 0.191734
2095 0.192022
2096 0.191746
2097 0.194868
2098 0.198206
2099 0
