0 -0.00875043
1 0.137715
2 0.178224
3 0.192501
4 0.196417
5 0.19374
6 0.19456
7 0.192008
8 0.193076
9 0.192743
10 0.193872
11 0.195109
12 0.194162
13 0.195123
14 0.196032
15 0.194201
16 0.192555
17 0.193051
18 0.194076
19 0.193462
20 0.195528
21 0.19303
22 0.194972
23 0.195833
24 0.192609
25 0.192848
26 0.193636
27 0.192393
28 0.193046
29 0.191809
30 0.193924
31 0.192329
32 0.194812
33 0.195018
34 0.193843
35 0.193149
36 0.194298
37 0.194573
38 0.194972
39 0.195002
40 0.192596
41 0.193789
42 0.19507
43 0.19255
44 0.19273
45 0.194167
46 0.192506
47 0.19445
48 0.194157
49 0.195015
50 0.193087
51 0.191728
52 0.192015
53 0.194196
54 0.193942
55 0.194588
56 0.193959
57 0.195607
58 0.193081
59 0.194861
60 0.194484
61 0.195721
62 0.193332
63 0.193918
64 0.195042
65 0.192618
66 0.191337
67 0.19395
68 0.194
69 0.192568
70 0.192525
71 0.194363
72 0.195708
73 0.193031
74 0.194539
75 0.194159
76 0.192592
77 0.193269
78 0.194757
79 0.193448
80 0.191971
81 0.19308
82 0.193362
83 0.194631
84 0.194722
85 0.194776
86 0.195434
87 0.195369
88 0.192354
89 0.193841
90 0.195647
91 0.192921
92 0.192915
93 0.194332
94 0.191948
95 0.193737
96 0.193081
97 0.194417
98 0.192853
99 0.19466
100 0.19312
101 0.192733
102 0.194205
103 0.192629
104 0.19469
105 0.196047
106 0.19314
107 0.193007
108 0.194578
109 0.195441
110 0.192626
111 0.192568
112 0.193285
113 0.192169
114 0.193078
115 0.195142
116 0.192361
117 0.193662
118 0.195377
119 0.194767
120 0.192226
121 0.192435
122 0.191892
123 0.191794
124 0.190737
125 0.194545
126 0.193781
127 0.193474
128 0.194592
129 0.194155
130 0.192251
131 0.194371
132 0.192341
133 0.194065
134 0.193489
135 0.191873
136 0.191549
137 0.192851
138 0.193284
139 0.194781
140 0.193522
141 0.192487
142 0.19461
143 0.194868
144 0.191903
145 0.194247
146 0.194896
147 0.193718
148 0.192549
149 0.194401
150 0.195757
151 0.194134
152 0.193231
153 0.19462
154 0.195518
155 0.193712
156 0.194967
157 0.195767
158 0.192987
159 0.192806
160 0.19252
161 0.192711
162 0.191695
163 0.192182
164 0.194027
165 0.192158
166 0.190986
167 0.194877
168 0.192347
169 0.193326
170 0.193136
171 0.194763
172 0.191967
173 0.194961
174 0.19307
175 0.191521
176 0.192642
177 0.192684
178 0.193961
179 0.193076
180 0.194034
181 0.193584
182 0.192803
183 0.193396
184 0.192729
185 0.191257
186 0.193855
187 0.192214
188 0.194596
189 0.192309
190 0.191429
191 0.194571
192 0.1935
193 0.19178
194 0.192741
195 0.1927
196 0.191681
197 0.193313
198 0.194934
199 0.19562
200 0.19447
201 0.19431
202 0.19395
203 0.191838
204 0.193491
205 0.194181
206 0.194287
207 0.193393
208 0.194458
209 0.193541
210 0.192466
211 0.192614
212 0.194528
213 0.19186
214 0.19402
215 0.191846
216 0.192674
217 0.194522
218 0.192367
219 0.194755
220 0.195929
221 0.193547
222 0.19174
223 0.195097
224 0.192882
225 0.191126
226 0.194457
227 0.194551
228 0.195077
229 0.194553
230 0.193291
231 0.191549
232 0.1939
233 0.194208
234 0.193564
235 0.193055
236 0.19369
237 0.192979
238 0.194097
239 0.193904
240 0.192124
241 0.19245
242 0.191856
243 0.194165
244 0.193966
245 0.193783
246 0.19426
247 0.191792
248 0.193015
249 0.193907
250 0.195162
251 0.195205
252 0.193836
253 0.195496
254 0.19334
255 0.193868
256 0.193158
257 0.192197
258 0.193355
259 0.192009
260 0.194288
261 0.193471
262 0.192724
263 0.192881
264 0.193165
265 0.194396
266 0.194416
267 0.195538
268 0.193652
269 0.194209
270 0.195021
271 0.194001
272 0.194587
273 0.192597
274 0.192829
275 0.192387
276 0.194395
277 0.193292
278 0.192008
279 0.191616
280 0.191124
281 0.193497
282 0.19369
283 0.194708
284 0.194944
285 0.192793
286 0.194266
287 0.195871
288 0.192718
289 0.193308
290 0.191466
291 0.194245
292 0.193362
293 0.192183
294 0.192345
295 0.192216
296 0.191907
297 0.19318
298 0.194269
299 0.192897
300 0.19322
301 0.194958
302 0.193183
303 0.194656
304 0.191771
305 0.194552
306 0.194258
307 0.194716
308 0.192837
309 0.193319
310 0.191979
311 0.192319
312 0.193578
313 0.192315
314 0.192109
315 0.192952
316 0.194686
317 0.192412
318 0.192906
319 0.194543
320 0.194186
321 0.194611
322 0.193922
323 0.192305
324 0.195053
325 0.193428
326 0.193624
327 0.192213
328 0.191375
329 0.192131
330 0.191002
331 0.19472
332 0.192771
333 0.191599
334 0.19351
335 0.191724
336 0.193645
337 0.193965
338 0.194499
339 0.19568
340 0.193355
341 0.193517
342 0.19398
343 0.194429
344 0.192753
345 0.191569
346 0.191717
347 0.193195
348 0.194832
349 0.193691
350 0.193687
351 0.192431
352 0.192268
353 0.194004
354 0.193372
355 0.194613
356 0.192397
357 0.195089
358 0.193822
359 0.194775
360 0.192784
361 0.194777
362 0.19241
363 0.191982
364 0.193986
365 0.194911
366 0.192709
367 0.191592
368 0.19249
369 0.191947
370 0.191592
371 0.193897
372 0.192307
373 0.191613
374 0.193708
375 0.194404
376 0.195885
377 0.193273
378 0.192317
379 0.192132
380 0.194856
381 0.19233
382 0.192426
383 0.19404
384 0.192263
385 0.19364
386 0.193642
387 0.194345
388 0.192589
389 0.19205
390 0.194376
391 0.192388
392 0.193901
393 0.195824
394 0.193004
395 0.19168
396 0.191323
397 0.194589
398 0.192694
399 0.191306
400 0.193595
401 0.192896
402 0.193343
403 0.193053
404 0.195112
405 0.194931
406 0.194253
407 0.193722
408 0.192769
409 0.191715
410 0.194736
411 0.192896
412 0.192881
413 0.191897
414 0.193453
415 0.192871
416 0.19329
417 0.191955
418 0.193934
419 0.19459
420 0.193148
421 0.195199
422 0.193008
423 0.195213
424 0.193754
425 0.192565
426 0.191702
427 0.193183
428 0.193508
429 0.195046
430 0.193708
431 0.194553
432 0.193393
433 0.195093
434 0.195741
435 0.194063
436 0.191805
437 0.194385
438 0.193895
439 0.19435
440 0.192779
441 0.191995
442 0.192372
443 0.19272
444 0.194472
445 0.192181
446 0.194054
447 0.194184
448 0.193374
449 0.191844
450 0.193645
451 0.19499
452 0.194563
453 0.192794
454 0.19145
455 0.194476
456 0.1947
457 0.191922
458 0.194267
459 0.193178
460 0.193654
461 0.192579
462 0.191171
463 0.193781
464 0.194294
465 0.192965
466 0.194652
467 0.191834
468 0.193919
469 0.193052
470 0.192446
471 0.192829
472 0.192475
473 0.195056
474 0.192162
475 0.193656
476 0.194241
477 0.195286
478 0.195652
479 0.19365
480 0.191401
481 0.194698
482 0.193028
483 0.193227
484 0.192099
485 0.191085
486 0.194293
487 0.192198
488 0.193249
489 0.191995
490 0.194513
491 0.194354
492 0.194394
493 0.191829
494 0.194616
495 0.192977
496 0.194381
497 0.194369
498 0.192924
499 0.194434
500 0.195605
501 0.192248
502 0.194661
503 0.192387
504 0.192972
505 0.192251
506 0.190896
507 0.194698
508 0.192673
509 0.191631
510 0.191941
511 0.193426
512 0.194923
513 0.192856
514 0.193156
515 0.194128
516 0.192528
517 0.193331
518 0.193222
519 0.194107
520 0.193816
521 0.194656
522 0.192418
523 0.194083
524 0.193971
525 0.191745
526 0.193433
527 0.193619
528 0.192943
529 0.191386
530 0.194708
531 0.193616
532 0.193953
533 0.191786
534 0.19433
535 0.195836
536 0.192996
537 0.191467
538 0.19445
539 0.193925
540 0.193269
541 0.193545
542 0.193849
543 0.191387
544 0.194613
545 0.195016
546 0.193657
547 0.193565
548 0.195041
549 0.195992
550 0.193412
551 0.19188
552 0.194384
553 0.192065
554 0.19481
555 0.194839
556 0.193763
557 0.193553
558 0.194829
559 0.19377
560 0.194092
561 0.191685
562 0.194785
563 0.193627
564 0.193663
565 0.195242
566 0.195682
567 0.195607
568 0.193538
569 0.191807
570 0.193594
571 0.195185
572 0.19577
573 0.193056
574 0.193391
575 0.192085
576 0.192733
577 0.193271
578 0.194949
579 0.195308
580 0.193242
581 0.191802
582 0.194318
583 0.195589
584 0.194321
585 0.193693
586 0.193429
587 0.19556
588 0.193241
589 0.192877
590 0.192078
591 0.193139
592 0.194236
593 0.193396
594 0.192213
595 0.192497
596 0.195072
597 0.194129
598 0.193573
599 0.193558
600 0.191659
601 0.192601
602 0.192082
603 0.191591
604 0.193736
605 0.192784
606 0.194774
607 0.193796
608 0.193436
609 0.194188
610 0.194336
611 0.193936
612 0.193647
613 0.192276
614 0.195205
615 0.192747
616 0.192788
617 0.194218
618 0.19242
619 0.192932
620 0.193744
621 0.193296
622 0.194548
623 0.193083
624 0.191685
625 0.192896
626 0.193117
627 0.1927
628 0.193981
629 0.194609
630 0.191819
631 0.193959
632 0.192215
633 0.191208
634 0.192243
635 0.193074
636 0.19169
637 0.192929
638 0.193525
639 0.193908
640 0.193412
641 0.194738
642 0.194039
643 0.193324
644 0.192578
645 0.191916
646 0.192572
647 0.194492
648 0.192461
649 0.193241
650 0.192419
651 0.193847
652 0.193582
653 0.194706
654 0.193547
655 0.195038
656 0.192753
657 0.195108
658 0.192828
659 0.194837
660 0.194499
661 0.194569
662 0.195274
663 0.192631
664 0.193823
665 0.193291
666 0.19504
667 0.19225
668 0.194643
669 0.194828
670 0.195434
671 0.19462
672 0.193075
673 0.194032
674 0.194427
675 0.192945
676 0.194868
677 0.192497
678 0.192366
679 0.1919
680 0.191597
681 0.194461
682 0.192705
683 0.192727
684 0.19503
685 0.193587
686 0.194247
687 0.192946
688 0.191702
689 0.194691
690 0.194193
691 0.193836
692 0.192626
693 0.192332
694 0.191736
695 0.192326
696 0.194645
697 0.193977
698 0.193991
699 0.193313
700 0.193626
701 0.19325
702 0.195019
703 0.191959
704 0.19378
705 0.194
706 0.19315
707 0.193153
708 0.191808
709 0.194366
710 0.192287
711 0.194963
712 0.19435
713 0.195143
714 0.193526
715 0.191951
716 0.193446
717 0.195012
718 0.194766
719 0.192647
720 0.193077
721 0.192033
722 0.192058
723 0.192811
724 0.191868
725 0.192539
726 0.194377
727 0.195484
728 0.193295
729 0.192179
730 0.194395
731 0.194911
732 0.193785
733 0.193469
734 0.195225
735 0.194808
736 0.195352
737 0.19329
738 0.193917
739 0.194874
740 0.19451
741 0.193924
742 0.194261
743 0.193671
744 0.195752
745 0.192374
746 0.194361
747 0.194078
748 0.193108
749 0.191436
750 0.194172
751 0.193068
752 0.192681
753 0.192918
754 0.193489
755 0.192236
756 0.19448
757 0.193627
758 0.192527
759 0.192365
760 0.193196
761 0.194716
762 0.192484
763 0.192131
764 0.192286
765 0.19306
766 0.193675
767 0.194997
768 0.192775
769 0.19257
770 0.193856
771 0.192067
772 0.193083
773 0.194012
774 0.19472
775 0.194894
776 0.194153
777 0.193368
778 0.193279
779 0.192348
780 0.193292
781 0.194885
782 0.194001
783 0.194754
784 0.192519
785 0.19121
786 0.193298
787 0.19382
788 0.19343
789 0.194864
790 0.193798
791 0.19566
792 0.193959
793 0.191993
794 0.19172
795 0.191999
796 0.193422
797 0.195119
798 0.192323
799 0.192422
800 0.194575
801 0.192975
802 0.193424
803 0.193418
804 0.193397
805 0.193478
806 0.193164
807 0.191545
808 0.194859
809 0.192905
810 0.19456
811 0.195709
812 0.193935
813 0.192122
814 0.194757
815 0.194794
816 0.195294
817 0.194481
818 0.193146
819 0.192435
820 0.194631
821 0.193886
822 0.19532
823 0.19326
824 0.192472
825 0.191585
826 0.191526
827 0.191882
828 0.192329
829 0.193834
830 0.194011
831 0.193999
832 0.194843
833 0.194389
834 0.195631
835 0.194418
836 0.195279
837 0.193849
838 0.192045
839 0.1923
840 0.191088
841 0.194151
842 0.195442
843 0.195871
844 0.192927
845 0.194573
846 0.191974
847 0.194241
848 0.192145
849 0.191764
850 0.191764
851 0.193358
852 0.194057
853 0.194268
854 0.192069
855 0.194606
856 0.192564
857 0.192578
858 0.191295
859 0.193198
860 0.192644
861 0.194141
862 0.193435
863 0.194824
864 0.19458
865 0.19361
866 0.192603
867 0.191521
868 0.192745
869 0.194137
870 0.194281
871 0.19584
872 0.193622
873 0.193046
874 0.195125
875 0.195082
876 0.193236
877 0.192318
878 0.193824
879 0.192093
880 0.194647
881 0.192905
882 0.192026
883 0.194077
884 0.192392
885 0.193162
886 0.194126
887 0.193571
888 0.19437
889 0.195975
890 0.192261
891 0.194676
892 0.19261
893 0.194642
894 0.194248
895 0.194429
896 0.193292
897 0.192285
898 0.19459
899 0.195592
900 0.193011
901 0.194329
902 0.194251
903 0.193225
904 0.192356
905 0.191596
906 0.191907
907 0.191839
908 0.191217
909 0.194358
910 0.191965
911 0.194645
912 0.191938
913 0.195019
914 0.192471
915 0.191684
916 0.192778
917 0.194382
918 0.193893
919 0.19212
920 0.192162
921 0.193151
922 0.19295
923 0.192003
924 0.191753
925 0.190942
926 0.193685
927 0.195022
928 0.19373
929 0.19425
930 0.193363
931 0.194477
932 0.194643
933 0.194033
934 0.195343
935 0.192424
936 0.193749
937 0.191806
938 0.19326
939 0.194842
940 0.195009
941 0.195175
942 0.192934
943 0.195222
944 0.192647
945 0.194469
946 0.195783
947 0.193982
948 0.192971
949 0.194533
950 0.194126
951 0.1943
952 0.191649
953 0.19494
954 0.192329
955 0.192774
956 0.192108
957 0.193993
958 0.193748
959 0.19358
960 0.193118
961 0.194115
962 0.194051
963 0.193734
964 0.192522
965 0.194711
966 0.194037
967 0.192587
968 0.192861
969 0.191629
970 0.191161
971 0.194255
972 0.195508
973 0.1929
974 0.193607
975 0.192699
976 0.193046
977 0.195017
978 0.195264
979 0.193819
980 0.193228
981 0.192949
982 0.192128
983 0.192203
984 0.194853
985 0.194229
986 0.195281
987 0.195151
988 0.194387
989 0.193201
990 0.19249
991 0.194973
992 0.194594
993 0.19522
994 0.19369
995 0.191757
996 0.194053
997 0.19238
998 0.194767
999 0.194504
1000 0.19324
1001 0.191901
1002 0.19399
1003 0.194675
1004 0.195697
1005 0.194854
1006 0.193679
1007 0.191753
1008 0.193838
1009 0.193329
1010 0.194924
1011 0.195869
1012 0.193411
1013 0.194562
1014 0.192068
1015 0.192385
1016 0.193111
1017 0.192128
1018 0.192495
1019 0.193322
1020 0.194763
1021 0.194414
1022 0.191951
1023 0.19244
1024 0.19358
1025 0.195154
1026 0.195281
1027 0.194407
1028 0.191896
1029 0.193661
1030 0.193181
1031 0.193706
1032 0.19445
1033 0.195149
1034 0.194957
1035 0.195193
1036 0.192282
1037 0.194773
1038 0.194903
1039 0.193796
1040 0.19305
1041 0.19551
1042 0.192078
1043 0.194667
1044 0.193004
1045 0.19186
1046 0.191665
1047 0.191657
1048 0.1916
1049 0.194212
1050 0.194747
1051 0.192523
1052 0.191812
1053 0.191869
1054 0.193201
1055 0.192466
1056 0.194054
1057 0.194253
1058 0.192579
1059 0.193374
1060 0.192952
1061 0.193198
1062 0.192288
1063 0.193325
1064 0.193516
1065 0.195309
1066 0.194796
1067 0.19284
1068 0.193761
1069 0.193769
1070 0.19205
1071 0.193606
1072 0.194478
1073 0.193849
1074 0.193452
1075 0.192632
1076 0.191687
1077 0.194483
1078 0.191857
1079 0.193964
1080 0.192244
1081 0.19184
1082 0.19135
1083 0.194756
1084 0.19196
1085 0.194411
1086 0.193655
1087 0.193746
1088 0.194527
1089 0.195264
1090 0.191999
1091 0.194396
1092 0.192013
1093 0.194205
1094 0.194044
1095 0.192828
1096 0.194182
1097 0.194177
1098 0.192994
1099 0.192453
1100 0.191813
1101 0.191924
1102 0.191598
1103 0.191186
1104 0.192615
1105 0.194922
1106 0.195041
1107 0.192901
1108 0.192869
1109 0.192568
1110 0.193856
1111 0.195338
1112 0.195299
1113 0.191928
1114 0.19461
1115 0.195256
1116 0.195002
1117 0.193003
1118 0.194759
1119 0.194714
1120 0.193472
1121 0.19531
1122 0.19328
1123 0.194491
1124 0.195127
1125 0.195079
1126 0.1961
1127 0.193062
1128 0.195176
1129 0.193986
1130 0.194708
1131 0.192661
1132 0.194314
1133 0.194479
1134 0.192521
1135 0.19174
1136 0.190964
1137 0.193704
1138 0.191509
1139 0.193546
1140 0.193837
1141 0.195028
1142 0.194028
1143 0.193252
1144 0.193583
1145 0.193874
1146 0.195417
1147 0.193569
1148 0.195704
1149 0.193029
1150 0.191571
1151 0.193522
1152 0.195141
1153 0.194931
1154 0.19567
1155 0.194573
1156 0.195424
1157 0.196185
1158 0.193624
1159 0.193537
1160 0.191674
1161 0.192659
1162 0.191957
1163 0.191142
1164 0.193029
1165 0.191963
1166 0.192728
1167 0.194049
1168 0.195407
1169 0.193916
1170 0.194337
1171 0.192479
1172 0.19154
1173 0.194193
1174 0.194648
1175 0.194533
1176 0.192978
1177 0.19445
1178 0.195647
1179 0.194723
1180 0.194473
1181 0.193172
1182 0.193576
1183 0.193441
1184 0.191818
1185 0.193225
1186 0.192853
1187 0.194865
1188 0.194141
1189 0.19549
1190 0.194691
1191 0.194115
1192 0.194496
1193 0.193943
1194 0.192631
1195 0.19399
1196 0.195822
1197 0.192722
1198 0.194139
1199 0.192867
1200 0.194015
1201 0.194181
1202 0.193449
1203 0.193407
1204 0.192256
1205 0.190987
1206 0.193778
1207 0.192856
1208 0.194411
1209 0.194349
1210 0.192786
1211 0.192422
1212 0.194356
1213 0.196017
1214 0.192383
1215 0.193222
1216 0.193896
1217 0.193445
1218 0.191841
1219 0.191561
1220 0.192556
1221 0.19303
1222 0.19412
1223 0.193513
1224 0.192192
1225 0.191151
1226 0.193508
1227 0.192029
1228 0.192547
1229 0.19239
1230 0.192953
1231 0.194577
1232 0.193838
1233 0.194547
1234 0.194455
1235 0.192065
1236 0.193563
1237 0.192797
1238 0.192069
1239 0.193744
1240 0.193925
1241 0.193415
1242 0.192487
1243 0.192748
1244 0.194722
1245 0.195486
1246 0.194324
1247 0.193798
1248 0.194524
1249 0.193576
1250 0.195437
1251 0.194166
1252 0.19492
1253 0.1928
1254 0.194517
1255 0.1929
1256 0.194477
1257 0.19299
1258 0.193541
1259 0.193602
1260 0.191846
1261 0.191956
1262 0.194632
1263 0.192248
1264 0.192918
1265 0.192881
1266 0.194482
1267 0.194573
1268 0.193058
1269 0.192628
1270 0.192803
1271 0.191558
1272 0.194396
1273 0.193621
1274 0.192393
1275 0.195231
1276 0.192102
1277 0.193553
1278 0.19508
1279 0.194736
1280 0.193407
1281 0.194794
1282 0.194841
1283 0.194016
1284 0.192817
1285 0.192924
1286 0.192568
1287 0.192317
1288 0.194492
1289 0.194238
1290 0.192807
1291 0.19242
1292 0.194258
1293 0.192308
1294 0.194287
1295 0.192488
1296 0.194688
1297 0.192944
1298 0.194544
1299 0.195309
1300 0.193267
1301 0.194838
1302 0.193169
1303 0.192888
1304 0.192037
1305 0.19263
1306 0.193642
1307 0.192672
1308 0.195038
1309 0.193767
1310 0.192933
1311 0.191477
1312 0.193108
1313 0.192407
1314 0.191862
1315 0.192281
1316 0.194956
1317 0.194624
1318 0.193067
1319 0.192465
1320 0.191931
1321 0.194379
1322 0.194823
1323 0.195003
1324 0.193631
1325 0.192002
1326 0.192193
1327 0.192873
1328 0.193388
1329 0.194805
1330 0.194277
1331 0.194542
1332 0.195594
1333 0.193969
1334 0.193661
1335 0.19516
1336 0.196165
1337 0.192634
1338 0.192688
1339 0.192462
1340 0.193626
1341 0.19536
1342 0.194026
1343 0.19259
1344 0.193824
1345 0.193039
1346 0.193607
1347 0.192759
1348 0.193235
1349 0.194557
1350 0.192373
1351 0.19382
1352 0.192928
1353 0.19317
1354 0.195295
1355 0.19371
1356 0.194882
1357 0.195215
1358 0.194429
1359 0.193681
1360 0.192988
1361 0.193622
1362 0.194524
1363 0.193125
1364 0.193928
1365 0.192346
1366 0.193313
1367 0.19321
1368 0.191626
1369 0.194896
1370 0.192189
1371 0.194568
1372 0.193326
1373 0.195112
1374 0.193824
1375 0.194442
1376 0.192931
1377 0.191951
1378 0.191281
1379 0.193172
1380 0.193561
1381 0.192893
1382 0.194702
1383 0.192356
1384 0.191471
1385 0.193388
1386 0.19531
1387 0.193349
1388 0.194582
1389 0.192037
1390 0.193175
1391 0.192703
1392 0.194778
1393 0.195278
1394 0.193542
1395 0.19238
1396 0.192565
1397 0.193932
1398 0.193809
1399 0.19449
1400 0.191946
1401 0.194254
1402 0.192051
1403 0.192051
1404 0.191671
1405 0.192798
1406 0.191524
1407 0.192359
1408 0.194362
1409 0.195163
1410 0.194026
1411 0.195065
1412 0.192574
1413 0.195029
1414 0.192628
1415 0.194733
1416 0.195438
1417 0.193998
1418 0.195178
1419 0.193169
1420 0.192121
1421 0.194561
1422 0.194869
1423 0.193182
1424 0.191766
1425 0.192035
1426 0.194715
1427 0.193963
1428 0.19302
1429 0.195084
1430 0.193139
1431 0.192624
1432 0.191694
1433 0.19309
1434 0.194195
1435 0.194047
1436 0.195294
1437 0.194503
1438 0.194046
1439 0.192475
1440 0.193013
1441 0.192795
1442 0.194137
1443 0.194628
1444 0.19296
1445 0.19152
1446 0.194594
1447 0.195142
1448 0.193494
1449 0.193148
1450 0.192279
1451 0.194247
1452 0.195112
1453 0.194565
1454 0.194297
1455 0.192167
1456 0.191951
1457 0.192843
1458 0.192377
1459 0.19312
1460 0.19404
1461 0.194446
1462 0.194209
1463 0.194733
1464 0.19417
1465 0.194001
1466 0.191591
1467 0.193851
1468 0.195386
1469 0.193301
1470 0.19231
1471 0.193512
1472 0.192209
1473 0.194642
1474 0.192309
1475 0.192393
1476 0.192508
1477 0.193382
1478 0.19489
1479 0.195695
1480 0.192285
1481 0.194175
1482 0.192647
1483 0.192678
1484 0.194349
1485 0.19239
1486 0.194224
1487 0.192135
1488 0.194904
1489 0.192778
1490 0.191374
1491 0.192965
1492 0.193155
1493 0.191994
1494 0.19308
1495 0.192334
1496 0.194048
1497 0.195896
1498 0.192809
1499 0.192223
1500 0.191495
1501 0.194596
1502 0.193793
1503 0.192395
1504 0.193232
1505 0.194496
1506 0.193502
1507 0.194487
1508 0.195785
1509 0.19273
1510 0.194551
1511 0.194793
1512 0.194511
1513 0.194594
1514 0.194857
1515 0.193796
1516 0.192911
1517 0.194207
1518 0.195102
1519 0.193269
1520 0.191563
1521 0.19372
1522 0.192113
1523 0.192044
1524 0.19498
1525 0.192037
1526 0.193489
1527 0.19476
1528 0.192987
1529 0.19309
1530 0.193416
1531 0.193517
1532 0.19204
1533 0.192879
1534 0.193761
1535 0.193078
1536 0.192702
1537 0.194995
1538 0.195092
1539 0.193127
1540 0.19369
1541 0.194853
1542 0.192544
1543 0.193055
1544 0.194757
1545 0.192324
1546 0.192667
1547 0.194691
1548 0.192698
1549 0.192827
1550 0.193951
1551 0.193538
1552 0.19217
1553 0.191489
1554 0.194307
1555 0.193204
1556 0.192681
1557 0.192388
1558 0.192595
1559 0.194413
1560 0.193679
1561 0.192739
1562 0.19132
1563 0.193058
1564 0.19266
1565 0.192417
1566 0.194071
1567 0.195107
1568 0.193177
1569 0.192176
1570 0.195
1571 0.192185
1572 0.193272
1573 0.194775
1574 0.194792
1575 0.194273
1576 0.193857
1577 0.194295
1578 0.193677
1579 0.194745
1580 0.194528
1581 0.192557
1582 0.193857
1583 0.192997
1584 0.19462
1585 0.193125
1586 0.195225
1587 0.193587
1588 0.193562
1589 0.193852
1590 0.194503
1591 0.193167
1592 0.192481
1593 0.194246
1594 0.193046
1595 0.194703
1596 0.192784
1597 0.195109
1598 0.193094
1599 0.191823
1600 0.194074
1601 0.191481
1602 0.194854
1603 0.192444
1604 0.192769
1605 0.191771
1606 0.191687
1607 0.192368
1608 0.192572
1609 0.193606
1610 0.192269
1611 0.191559
1612 0.194536
1613 0.193961
1614 0.193067
1615 0.195024
1616 0.193597
1617 0.193874
1618 0.192102
1619 0.193317
1620 0.192641
1621 0.191358
1622 0.192596
1623 0.192145
1624 0.194126
1625 0.193536
1626 0.193762
1627 0.195639
1628 0.192379
1629 0.192982
1630 0.194459
1631 0.195416
1632 0.194643
1633 0.195411
1634 0.193342
1635 0.192168
1636 0.19167
1637 0.19161
1638 0.191976
1639 0.1936
1640 0.193321
1641 0.193244
1642 0.194943
1643 0.195627
1644 0.194925
1645 0.193083
1646 0.193361
1647 0.194153
1648 0.193048
1649 0.191947
1650 0.193684
1651 0.19489
1652 0.193785
1653 0.195144
1654 0.196097
1655 0.193222
1656 0.194309
1657 0.195057
1658 0.195047
1659 0.195483
1660 0.193313
1661 0.194187
1662 0.192091
1663 0.194932
1664 0.194249
1665 0.193608
1666 0.192374
1667 0.193984
1668 0.194684
1669 0.193617
1670 0.194627
1671 0.19333
1672 0.194715
1673 0.193478
1674 0.194043
1675 0.19554
1676 0.193972
1677 0.192132
1678 0.191486
1679 0.194375
1680 0.194704
1681 0.192215
1682 0.192054
1683 0.191806
1684 0.194255
1685 0.195072
1686 0.194289
1687 0.194798
1688 0.194063
1689 0.19417
1690 0.194811
1691 0.193105
1692 0.193754
1693 0.194837
1694 0.193674
1695 0.195072
1696 0.195498
1697 0.192753
1698 0.194157
1699 0.194495
1700 0.192542
1701 0.19338
1702 0.194712
1703 0.194553
1704 0.194349
1705 0.192456
1706 0.190966
1707 0.194488
1708 0.193141
1709 0.194674
1710 0.19554
1711 0.192556
1712 0.193142
1713 0.194537
1714 0.193626
1715 0.193963
1716 0.194811
1717 0.195566
1718 0.192402
1719 0.194896
1720 0.193452
1721 0.191997
1722 0.191475
1723 0.193565
1724 0.194894
1725 0.194762
1726 0.193379
1727 0.194759
1728 0.194523
1729 0.193466
1730 0.193652
1731 0.19521
1732 0.193406
1733 0.193487
1734 0.192695
1735 0.194779
1736 0.195202
1737 0.193793
1738 0.195246
1739 0.194463
1740 0.192865
1741 0.191491
1742 0.193134
1743 0.193652
1744 0.191385
1745 0.194367
1746 0.192884
1747 0.194968
1748 0.194786
1749 0.193178
1750 0.193146
1751 0.193123
1752 0.192539
1753 0.19459
1754 0.195053
1755 0.195486
1756 0.193555
1757 0.191421
1758 0.194445
1759 0.193481
1760 0.192447
1761 0.193806
1762 0.192663
1763 0.191706
1764 0.193339
1765 0.192455
1766 0.19136
1767 0.194422
1768 0.192869
1769 0.195107
1770 0.192804
1771 0.194539
1772 0.192228
1773 0.193363
1774 0.192026
1775 0.191445
1776 0.193226
1777 0.193977
1778 0.191862
1779 0.19256
1780 0.194754
1781 0.194273
1782 0.192559
1783 0.19382
1784 0.193985
1785 0.19332
1786 0.194569
1787 0.195204
1788 0.195494
1789 0.194689
1790 0.19252
1791 0.194006
1792 0.19326
1793 0.192018
1794 0.19362
1795 0.193146
1796 0.192123
1797 0.193731
1798 0.193356
1799 0.194208
1800 0.193608
1801 0.19287
1802 0.193931
1803 0.191857
1804 0.192336
1805 0.191626
1806 0.193408
1807 0.192865
1808 0.192763
1809 0.195061
1810 0.194102
1811 0.194075
1812 0.192873
1813 0.19334
1814 0.194643
1815 0.19533
1816 0.193118
1817 0.19443
1818 0.195693
1819 0.194511
1820 0.194007
1821 0.19398
1822 0.193329
1823 0.192591
1824 0.192338
1825 0.193726
1826 0.194811
1827 0.195782
1828 0.193906
1829 0.191965
1830 0.194233
1831 0.194671
1832 0.19186
1833 0.194395
1834 0.19442
1835 0.192474
1836 0.191651
1837 0.192361
1838 0.193304
1839 0.19454
1840 0.192536
1841 0.192547
1842 0.19151
1843 0.191639
1844 0.19376
1845 0.191765
1846 0.19318
1847 0.192248
1848 0.192292
1849 0.193295
1850 0.194324
1851 0.19183
1852 0.192799
1853 0.194407
1854 0.195865
1855 0.193649
1856 0.193568
1857 0.193089
1858 0.193367
1859 0.195153
1860 0.194055
1861 0.194489
1862 0.19575
1863 0.193497
1864 0.191592
1865 0.193502
1866 0.191856
1867 0.193487
1868 0.195025
1869 0.193335
1870 0.192832
1871 0.192584
1872 0.193041
1873 0.192774
1874 0.191964
1875 0.193651
1876 0.192391
1877 0.192193
1878 0.191864
1879 0.191452
1880 0.190821
1881 0.193341
1882 0.195131
1883 0.192314
1884 0.194745
1885 0.193181
1886 0.193432
1887 0.193725
1888 0.193057
1889 0.194938
1890 0.193756
1891 0.193907
1892 0.194088
1893 0.194244
1894 0.193038
1895 0.193152
1896 0.19519
1897 0.192936
1898 0.195292
1899 0.193113
1900 0.193588
1901 0.193108
1902 0.194832
1903 0.194036
1904 0.193703
1905 0.193476
1906 0.192862
1907 0.194985
1908 0.195587
1909 0.193718
1910 0.191683
1911 0.194373
1912 0.192933
1913 0.19233
1914 0.193173
1915 0.19358
1916 0.194907
1917 0.192409
1918 0.192912
1919 0.191488
1920 0.193307
1921 0.192443
1922 0.194508
1923 0.194005
1924 0.19532
1925 0.19439
1926 0.194663
1927 0.193378
1928 0.192223
1929 0.194041
1930 0.195556
1931 0.193598
1932 0.195093
1933 0.194895
1934 0.192869
1935 0.195385
1936 0.192963
1937 0.193348
1938 0.194561
1939 0.193448
1940 0.19541
1941 0.194068
1942 0.191614
1943 0.193923
1944 0.194638
1945 0.19407
1946 0.194717
1947 0.192061
1948 0.192927
1949 0.192049
1950 0.192228
1951 0.192569
1952 0.192618
1953 0.195276
1954 0.192267
1955 0.193022
1956 0.192951
1957 0.192571
1958 0.195029
1959 0.193022
1960 0.193261
1961 0.19194
1962 0.193776
1963 0.195026
1964 0.19255
1965 0.195316
1966 0.193199
1967 0.192714
1968 0.191537
1969 0.191632
1970 0.19319
1971 0.194715
1972 0.194691
1973 0.195672
1974 0.193752
1975 0.195232
1976 0.195706
1977 0.194633
1978 0.19581
1979 0.192072
1980 0.194823
1981 0.193424
1982 0.194801
1983 0.193347
1984 0.191927
1985 0.192315
1986 0.192185
1987 0.193619
1988 0.191619
1989 0.194113
1990 0.195521
1991 0.192845
1992 0.194454
1993 0.192272
1994 0.194098
1995 0.19243
1996 0.193285
1997 0.193361
1998 0.195617
1999 0.192784
2000 0.193995
2001 0.194581
2002 0.195785
2003 0.192628
2004 0.195029
2005 0.194206
2006 0.195039
2007 0.192675
2008 0.192151
2009 0.19246
2010 0.193745
2011 0.1942
2012 0.194564
2013 0.192878
2014 0.191452
2015 0.193974
2016 0.194151
2017 0.195055
2018 0.194392
2019 0.192173
2020 0.192844
2021 0.191403
2022 0.192447
2023 0.192992
2024 0.192309
2025 0.194699
2026 0.195823
2027 0.193978
2028 0.194767
2029 0.195393
2030 0.192366
2031 0.19186
2032 0.193098
2033 0.194573
2034 0.196005
2035 0.192794
2036 0.192919
2037 0.19351
2038 0.192288
2039 0.192039
2040 0.191179
2041 0.194265
2042 0.192925
2043 0.191202
2044 0.194239
2045 0.194065
2046 0.192862
2047 0.194616
2048 0.194781
2049 0.191996
2050 0.192587
2051 0.194927
2052 0.195563
2053 0.192857
2054 0.193052
2055 0.192867
2056 0.191758
2057 0.193442
2058 0.195016
2059 0.192716
2060 0.195276
2061 0.193076
2062 0.193645
2063 0.194229
2064 0.19548
2065 0.192936
2066 0.19269
2067 0.193571
2068 0.194914
2069 0.193786
2070 0.192903
2071 0.191478
2072 0.192696
2073 0.191708
2074 0.191251
2075 0.191445
2076 0.191147
2077 0.19147
2078 0.193171
2079 0.195033
2080 0.192977
2081 0.192915
2082 0.191447
2083 0.193206
2084 0.194835
2085 0.194085
2086 0.193293
2087 0.194681
2088 0.193914
2089 0.193003
2090 0.193488
2091 0.192232
2092 0.190973
2093 0.194243
2094 0.193429
2095 0.192044
2096 0.194171
2097 0.195062
2098 0.194252
2099 0
