0 -13.4308
1 5.18759
2 -3.73521
3 -0.948455
4 -0.735496
5 -0.810942
6 -1.034
7 -1.10177
8 -0.933775
9 -1.12017
10 -0.979403
11 -1.74739
12 -0.604214
13 -1.18461
14 -1.65158
15 -0.137685
16 -2.22207
17 0.291442
18 -1.49336
19 -1.55131
20 0.532442
21 -0.617879
22 -0.0748869
23 0.0668532
24 -0.0490661
25 0.1615
26 0.12694
27 0.136946
28 0.16717
29 0.161854
30 0.174038
31 0.185588
32 0.170495
33 0.162818
34 0.15276
35 0.168003
36 0.172108
37 0.172848
38 0.161651
39 0.159947
40 0.189129
41 0.203493
42 0.183844
43 0.188653
44 0.199303
45 0.204394
46 0.198008
47 0.202778
48 0.178024
49 0.174323
50 0.194152
51 0.177368
52 0.164326
53 0.1655
54 0.171128
55 0.171076
56 0.173232
57 0.180248
58 0.168426
59 0.166974
60 0.157219
61 0.15538
62 0.17188
63 0.151813
64 0.151582
65 0.152046
66 0.168469
67 0.155894
68 0.169479
69 0.180644
70 0.164853
71 0.160491
72 0.178901
73 0.196788
74 0.17017
75 0.154508
76 0.158034
77 0.167735
78 0.165755
79 0.148965
80 0.148465
81 0.168291
82 0.175476
83 0.169979
84 0.171848
85 0.189651
86 0.172233
87 0.181657
88 0.164356
89 0.162568
90 0.170433
91 0.165521
92 0.162533
93 0.149927
94 0.154622
95 0.166597
96 0.167069
97 0.154943
98 0.15288
99 0.169566
100 0.151979
101 0.149829
102 0.148064
103 0.176175
104 0.153013
105 0.144562
106 0.169374
107 0.183372
108 0.151213
109 0.149993
110 0.171606
111 0.169225
112 0.15017
113 0.148299
114 0.154105
115 0.167992
116 0.17309
117 0.181544
118 0.163795
119 0.166284
120 0.19649
121 0.179257
122 0.182969
123 0.16783
124 0.181057
125 0.163079
126 0.188295
127 0.175728
128 0.176977
129 0.180584
130 0.179108
131 0.17644
132 0.176548
133 0.178564
134 0.179218
135 0.168445
136 0.162759
137 0.175176
138 0.193279
139 0.181207
140 0.164663
141 0.195959
142 0.202064
143 0.169917
144 0.175732
145 0.174219
146 0.166229
147 0.167062
148 0.172987
149 0.16664
150 0.150247
151 0.180893
152 0.177114
153 0.182114
154 0.158179
155 0.170755
156 0.172237
157 0.176998
158 0.173414
159 0.185371
160 0.176319
161 0.162444
162 0.173521
163 0.173759
164 0.179841
165 0.171192
166 0.178354
167 0.180368
168 0.178004
169 0.180232
170 0.196229
171 0.198994
172 0.171917
173 0.164941
174 0.175508
175 0.181808
176 0.176855
177 0.161188
178 0.176133
179 0.178373
180 0.199725
181 0.16964
182 0.173047
183 0.192025
184 0.176468
185 0.179973
186 0.152979
187 0.183375
188 0.180091
189 0.178514
190 0.160361
191 0.193869
192 0.192302
193 0.194697
194 0.186087
195 0.189417
196 0.190386
197 0.172402
198 0.176364
199 0.158758
200 0.164743
201 0.156565
202 0.168978
203 0.162589
204 0.158219
205 0.18569
206 0.1728
207 0.167378
208 0.1592
209 0.189564
210 0.178633
211 0.156306
212 0.164618
213 0.183143
214 0.187423
215 0.158518
216 0.200182
217 0.170617
218 0.172801
219 0.183908
220 0.172639
221 0.172711
222 0.180325
223 0.176713
224 0.170372
225 0.189154
226 0.182265
227 0.173332
228 0.182024
229 0.161342
230 0.183249
231 0.195149
232 0.172296
233 0.1624
234 0.187984
235 0.203935
236 0.177938
237 0.188456
238 0.171376
239 0.189683
240 0.197857
241 0.188994
242 0.170453
243 0.167331
244 0.174231
245 0.169923
246 0.160879
247 0.171141
248 0.169147
249 0.162652
250 0.167342
251 0.182196
252 0.191569
253 0.165607
254 0.179916
255 0.171666
256 0.179821
257 0.171609
258 0.170172
259 0.164816
260 0.169989
261 0.186548
262 0.17934
263 0.163705
264 0.175925
265 0.189859
266 0.16873
267 0.174043
268 0.179236
269 0.165868
270 0.171831
271 0.189785
272 0.181666
273 0.163234
274 0.186644
275 0.190187
276 0.183373
277 0.168918
278 0.161214
279 0.202329
280 0.180072
281 0.180082
282 0.170068
283 0.166024
284 0.175152
285 0.169397
286 0.199119
287 0.170537
288 0.199311
289 0.1759
290 0.181069
291 0.192023
292 0.204803
293 0.19599
294 0.171235
295 0.197642
296 0.190932
297 0.197497
298 0.168798
299 0.181121
300 0.186653
301 0.187143
302 0.175912
303 0.177243
304 0.185437
305 0.165619
306 0.185444
307 0.19254
308 0.175837
309 0.167042
310 0.194888
311 0.205085
312 0.182821
313 0.160323
314 0.173922
315 0.181424
316 0.170824
317 0.166941
318 0.17132
319 0.158639
320 0.181271
321 0.185629
322 0.194137
323 0.181012
324 0.174365
325 0.179271
326 0.17446
327 0.193257
328 0.177012
329 0.182715
330 0.171169
331 0.18528
332 0.182358
333 0.180012
334 0.16343
335 0.175358
336 0.16256
337 0.176196
338 0.174846
339 0.169279
340 0.157447
341 0.167259
342 0.181082
343 0.17446
344 0.171505
345 0.159437
346 0.161169
347 0.173822
348 0.189303
349 0.161841
350 0.169556
351 0.159734
352 0.190599
353 0.180679
354 0.1739
355 0.178595
356 0.164892
357 0.185538
358 0.172266
359 0.206364
360 0.170251
361 0.178605
362 0.19102
363 0.182243
364 0.174312
365 0.181924
366 0.171579
367 0.162476
368 0.153337
369 0.179059
370 0.168422
371 0.165081
372 0.156738
373 0.163276
374 0.166846
375 0.157691
376 0.170947
377 0.159347
378 0.162021
379 0.174185
380 0.191023
381 0.184115
382 0.185318
383 0.186559
384 0.173815
385 0.175623
386 0.179052
387 0.160063
388 0.152744
389 0.163309
390 0.183054
391 0.172674
392 0.167655
393 0.159043
394 0.190298
395 0.18844
396 0.165955
397 0.145378
398 0.172942
399 0.184326
400 0.176375
401 0.158541
402 0.177662
403 0.189024
404 0.17754
405 0.177423
406 0.195047
407 0.173776
408 0.180998
409 0.190497
410 0.198878
411 0.174367
412 0.186483
413 0.200552
414 0.202897
415 0.183138
416 0.190393
417 0.18463
418 0.198473
419 0.199463
420 0.208164
421 0.174266
422 0.162461
423 0.190898
424 0.177923
425 0.159502
426 0.157
427 0.162327
428 0.161909
429 0.155959
430 0.177736
431 0.155319
432 0.168866
433 0.165255
434 0.206459
435 0.18407
436 0.1598
437 0.174553
438 0.198015
439 0.185224
440 0.163711
441 0.193533
442 0.200823
443 0.178167
444 0.185271
445 0.199372
446 0.185848
447 0.17863
448 0.176832
449 0.19196
450 0.165379
451 0.165872
452 0.172689
453 0.184742
454 0.156354
455 0.161073
456 0.168982
457 0.173309
458 0.153719
459 0.157744
460 0.173253
461 0.179796
462 0.154331
463 0.188287
464 0.210946
465 0.195138
466 0.180924
467 0.201931
468 0.19323
469 0.185634
470 0.198142
471 0.18518
472 0.183805
473 0.170092
474 0.199405
475 0.184723
476 0.202675
477 0.189588
478 0.193473
479 0.20852
480 0.182328
481 0.197784
482 0.19612
483 0.21106
484 0.171672
485 0.167893
486 0.194915
487 0.201465
488 0.194785
489 0.169567
490 0.168317
491 0.203057
492 0.194055
493 0.160434
494 0.165945
495 0.165882
496 0.179062
497 0.166197
498 0.167785
499 0.160988
500 0.165857
501 0.17273
502 0.162562
503 0.174543
504 0.153359
505 0.183555
506 0.19952
507 0.198394
508 0.159555
509 0.174683
510 0.181827
511 0.174958
512 0.169647
513 0.172807
514 0.174252
515 0.17358
516 0.204846
517 0.186652
518 0.196285
519 0.186672
520 0.203039
521 0.183119
522 0.176403
523 0.17935
524 0.198249
525 0.166969
526 0.171633
527 0.184067
528 0.193171
529 0.173664
530 0.169732
531 0.192406
532 0.196406
533 0.205285
534 0.186234
535 0.192624
536 0.181415
537 0.202898
538 0.196309
539 0.173928
540 0.186344
541 0.18645
542 0.185582
543 0.166753
544 0.196959
545 0.198089
546 0.177661
547 0.154322
548 0.186247
549 0.198698
550 0.178908
551 0.164374
552 0.167149
553 0.177814
554 0.182264
555 0.185069
556 0.173967
557 0.169428
558 0.18044
559 0.209599
560 0.195434
561 0.174512
562 0.16459
563 0.193718
564 0.188434
565 0.178758
566 0.158578
567 0.178415
568 0.175643
569 0.173854
570 0.175793
571 0.182312
572 0.164706
573 0.1603
574 0.169979
575 0.163883
576 0.158966
577 0.179198
578 0.183663
579 0.152403
580 0.168505
581 0.183797
582 0.174758
583 0.168378
584 0.170797
585 0.186783
586 0.183161
587 0.192053
588 0.201306
589 0.182843
590 0.199063
591 0.192146
592 0.206562
593 0.165517
594 0.198366
595 0.17271
596 0.176059
597 0.171782
598 0.181102
599 0.185477
600 0.175426
601 0.178655
602 0.173534
603 0.198006
604 0.176748
605 0.181989
606 0.172623
607 0.184957
608 0.158195
609 0.185978
610 0.171535
611 0.159094
612 0.163522
613 0.159419
614 0.161164
615 0.1557
616 0.175586
617 0.148039
618 0.147898
619 0.168746
620 0.16515
621 0.151675
622 0.145126
623 0.167804
624 0.161678
625 0.165933
626 0.154864
627 0.176378
628 0.169542
629 0.172673
630 0.162405
631 0.204342
632 0.181543
633 0.162992
634 0.17233
635 0.188134
636 0.169895
637 0.162149
638 0.191299
639 0.176921
640 0.170159
641 0.161197
642 0.177632
643 0.180281
644 0.195604
645 0.177249
646 0.17994
647 0.193485
648 0.202503
649 0.181367
650 0.185444
651 0.170931
652 0.195339
653 0.177914
654 0.181959
655 0.1756
656 0.16951
657 0.181636
658 0.194017
659 0.179936
660 0.167478
661 0.158356
662 0.173075
663 0.165752
664 0.163554
665 0.154859
666 0.171999
667 0.161671
668 0.165942
669 0.17105
670 0.174647
671 0.153177
672 0.165947
673 0.165969
674 0.171829
675 0.162028
676 0.155565
677 0.165732
678 0.195012
679 0.171705
680 0.165669
681 0.190136
682 0.193022
683 0.17588
684 0.168281
685 0.169469
686 0.164544
687 0.19365
688 0.164486
689 0.162524
690 0.156102
691 0.162157
692 0.154385
693 0.167153
694 0.160638
695 0.150452
696 0.149441
697 0.16643
698 0.174539
699 0.16406
700 0.162899
701 0.16569
702 0.18602
703 0.184222
704 0.178526
705 0.179256
706 0.185731
707 0.197679
708 0.191794
709 0.180375
710 0.166437
711 0.177619
712 0.189721
713 0.160458
714 0.160544
715 0.146763
716 0.180238
717 0.17632
718 0.195086
719 0.17377
720 0.189813
721 0.195702
722 0.184493
723 0.18087
724 0.18075
725 0.181802
726 0.178596
727 0.168172
728 0.15953
729 0.205895
730 0.191084
731 0.169248
732 0.168462
733 0.169761
734 0.179852
735 0.15669
736 0.180787
737 0.167537
738 0.18081
739 0.178069
740 0.191692
741 0.18118
742 0.157776
743 0.185827
744 0.168422
745 0.169417
746 0.165312
747 0.169051
748 0.145673
749 0.154298
750 0.181408
751 0.155297
752 0.148577
753 0.163021
754 0.161199
755 0.156425
756 0.160976
757 0.164581
758 0.147503
759 0.178826
760 0.184478
761 0.169338
762 0.177475
763 0.184929
764 0.193099
765 0.16783
766 0.175265
767 0.175202
768 0.161795
769 0.157668
770 0.173046
771 0.176745
772 0.168922
773 0.170355
774 0.17043
775 0.160856
776 0.184679
777 0.166588
778 0.148272
779 0.146248
780 0.163215
781 0.16895
782 0.163562
783 0.152334
784 0.169997
785 0.177739
786 0.181329
787 0.163285
788 0.176461
789 0.175553
790 0.16079
791 0.15795
792 0.181076
793 0.184815
794 0.179273
795 0.167997
796 0.184296
797 0.174079
798 0.183544
799 0.166854
800 0.16503
801 0.155089
802 0.168704
803 0.16365
804 0.152547
805 0.148454
806 0.167439
807 0.162581
808 0.159595
809 0.155969
810 0.166516
811 0.158306
812 0.182318
813 0.178706
814 0.163024
815 0.161708
816 0.175312
817 0.185173
818 0.176634
819 0.181132
820 0.17282
821 0.171214
822 0.18012
823 0.185556
824 0.17108
825 0.165359
826 0.156972
827 0.152865
828 0.154648
829 0.165598
830 0.162887
831 0.163918
832 0.157279
833 0.163624
834 0.176566
835 0.17149
836 0.161032
837 0.14429
838 0.171605
839 0.176013
840 0.16214
841 0.155351
842 0.167814
843 0.174547
844 0.163813
845 0.174852
846 0.176805
847 0.164771
848 0.167412
849 0.17135
850 0.17507
851 0.158136
852 0.159867
853 0.149188
854 0.174303
855 0.171371
856 0.162283
857 0.164618
858 0.17231
859 0.185785
860 0.168177
861 0.176123
862 0.160557
863 0.185237
864 0.165087
865 0.155528
866 0.17198
867 0.180515
868 0.182808
869 0.168863
870 0.177632
871 0.17761
872 0.19569
873 0.180482
874 0.16776
875 0.161112
876 0.167343
877 0.176312
878 0.172747
879 0.160373
880 0.172387
881 0.187724
882 0.179951
883 0.168403
884 0.167802
885 0.183161
886 0.177013
887 0.166238
888 0.158244
889 0.175027
890 0.176879
891 0.164818
892 0.168109
893 0.189811
894 0.179149
895 0.180243
896 0.183557
897 0.183747
898 0.159342
899 0.179865
900 0.167616
901 0.183271
902 0.152703
903 0.164253
904 0.163431
905 0.195727
906 0.178182
907 0.175234
908 0.182216
909 0.201465
910 0.210432
911 0.182481
912 0.196634
913 0.201225
914 0.180905
915 0.188765
916 0.171934
917 0.193883
918 0.170604
919 0.181734
920 0.180952
921 0.170886
922 0.175151
923 0.161134
924 0.180879
925 0.167655
926 0.163241
927 0.161696
928 0.159743
929 0.177625
930 0.161168
931 0.181515
932 0.161737
933 0.165279
934 0.16724
935 0.179171
936 0.159254
937 0.158016
938 0.164902
939 0.171483
940 0.151987
941 0.161851
942 0.160468
943 0.169433
944 0.151751
945 0.157487
946 0.170543
947 0.160308
948 0.148954
949 0.147829
950 0.165477
951 0.177989
952 0.156524
953 0.147017
954 0.183539
955 0.170855
956 0.165101
957 0.153414
958 0.168287
959 0.162861
960 0.171593
961 0.166038
962 0.164796
963 0.183187
964 0.175579
965 0.16856
966 0.173857
967 0.194653
968 0.181973
969 0.179951
970 0.167101
971 0.197198
972 0.212462
973 0.186821
974 0.157471
975 0.168252
976 0.192369
977 0.181677
978 0.163733
979 0.165705
980 0.169026
981 0.186505
982 0.1767
983 0.176484
984 0.172039
985 0.175577
986 0.180112
987 0.171038
988 0.179076
989 0.166765
990 0.170484
991 0.176924
992 0.156406
993 0.162984
994 0.153959
995 0.179163
996 0.167182
997 0.17453
998 0.157702
999 0.156501
1000 0.190699
1001 0.199877
1002 0.180437
1003 0.16713
1004 0.164848
1005 0.199114
1006 0.180069
1007 0.184718
1008 0.166232
1009 0.183296
1010 0.163039
1011 0.184037
1012 0.15801
1013 0.173462
1014 0.166868
1015 0.174252
1016 0.162327
1017 0.177587
1018 0.176944
1019 0.174827
1020 0.181228
1021 0.165145
1022 0.186866
1023 0.165665
1024 0.16743
1025 0.160386
1026 0.167869
1027 0.153833
1028 0.16106
1029 0.155242
1030 0.16376
1031 0.151888
1032 0.166373
1033 0.160572
1034 0.164763
1035 0.150226
1036 0.15686
1037 0.176915
1038 0.173161
1039 0.171886
1040 0.160383
1041 0.184816
1042 0.183854
1043 0.17574
1044 0.182392
1045 0.181871
1046 0.1647
1047 0.148442
1048 0.185633
1049 0.187483
1050 0.174858
1051 0.165165
1052 0.167996
1053 0.171881
1054 0.195847
1055 0.193176
1056 0.18396
1057 0.17877
1058 0.205422
1059 0.169872
1060 0.186299
1061 0.18307
1062 0.180782
1063 0.174469
1064 0.175573
1065 0.164447
1066 0.168245
1067 0.176264
1068 0.162916
1069 0.170029
1070 0.169307
1071 0.168554
1072 0.17504
1073 0.17154
1074 0.178505
1075 0.17133
1076 0.182847
1077 0.177748
1078 0.195342
1079 0.181784
1080 0.166296
1081 0.162317
1082 0.18651
1083 0.189076
1084 0.178843
1085 0.171956
1086 0.196212
1087 0.182199
1088 0.168446
1089 0.178598
1090 0.200521
1091 0.188963
1092 0.162253
1093 0.156748
1094 0.193206
1095 0.173109
1096 0.16752
1097 0.157277
1098 0.200062
1099 0.170079
1100 0.18281
1101 0.162558
1102 0.171297
1103 0.179651
1104 0.196917
1105 0.157739
1106 0.16145
1107 0.182504
1108 0.191303
1109 0.176031
1110 0.189953
1111 0.167495
1112 0.18189
1113 0.180962
1114 0.19895
1115 0.162305
1116 0.158722
1117 0.167567
1118 0.175845
1119 0.165835
1120 0.149386
1121 0.154022
1122 0.178914
1123 0.158321
1124 0.156982
1125 0.166976
1126 0.190954
1127 0.17879
1128 0.182498
1129 0.188521
1130 0.196469
1131 0.193397
1132 0.190052
1133 0.17854
1134 0.194611
1135 0.17591
1136 0.169516
1137 0.180863
1138 0.174225
1139 0.173783
1140 0.184722
1141 0.193235
1142 0.175894
1143 0.202759
1144 0.189814
1145 0.177763
1146 0.199149
1147 0.186901
1148 0.193086
1149 0.154454
1150 0.190838
1151 0.185737
1152 0.196524
1153 0.175981
1154 0.172997
1155 0.18286
1156 0.192877
1157 0.190585
1158 0.172894
1159 0.163614
1160 0.197312
1161 0.181487
1162 0.173403
1163 0.173243
1164 0.19387
1165 0.182996
1166 0.156697
1167 0.182672
1168 0.172591
1169 0.174444
1170 0.146724
1171 0.17459
1172 0.166719
1173 0.186571
1174 0.167931
1175 0.17558
1176 0.185668
1177 0.195123
1178 0.16768
1179 0.176722
1180 0.172598
1181 0.182217
1182 0.160226
1183 0.158129
1184 0.155685
1185 0.175498
1186 0.167284
1187 0.164495
1188 0.16077
1189 0.185308
1190 0.175876
1191 0.171737
1192 0.177783
1193 0.183843
1194 0.164819
1195 0.179171
1196 0.187164
1197 0.171013
1198 0.171983
1199 0.178713
1200 0.182584
1201 0.197242
1202 0.195758
1203 0.165615
1204 0.181035
1205 0.189051
1206 0.179486
1207 0.153697
1208 0.1737
1209 0.172183
1210 0.158971
1211 0.144454
1212 0.169275
1213 0.165735
1214 0.16037
1215 0.153577
1216 0.158203
1217 0.143532
1218 0.182293
1219 0.16396
1220 0.180771
1221 0.160424
1222 0.191374
1223 0.183645
1224 0.182131
1225 0.168088
1226 0.174475
1227 0.182533
1228 0.176105
1229 0.16634
1230 0.161802
1231 0.157889
1232 0.170683
1233 0.1805
1234 0.162768
1235 0.16453
1236 0.188068
1237 0.200229
1238 0.182331
1239 0.195633
1240 0.208028
1241 0.186656
1242 0.182352
1243 0.192238
1244 0.180556
1245 0.162089
1246 0.155783
1247 0.192863
1248 0.170302
1249 0.158893
1250 0.14843
1251 0.166067
1252 0.182814
1253 0.170615
1254 0.162418
1255 0.175716
1256 0.178656
1257 0.200668
1258 0.186862
1259 0.167583
1260 0.159788
1261 0.185323
1262 0.185154
1263 0.154569
1264 0.165248
1265 0.17359
1266 0.183817
1267 0.167828
1268 0.18944
1269 0.16785
1270 0.170205
1271 0.180426
1272 0.182641
1273 0.168819
1274 0.18055
1275 0.164402
1276 0.181347
1277 0.191173
1278 0.207814
1279 0.178626
1280 0.188512
1281 0.183889
1282 0.187573
1283 0.166934
1284 0.192744
1285 0.164276
1286 0.178387
1287 0.166627
1288 0.197329
1289 0.166195
1290 0.178261
1291 0.180359
1292 0.178144
1293 0.178811
1294 0.169508
1295 0.171881
1296 0.165788
1297 0.194768
1298 0.171175
1299 0.178019
1300 0.178891
1301 0.170626
1302 0.18838
1303 0.173217
1304 0.180072
1305 0.171788
1306 0.188879
1307 0.164026
1308 0.168342
1309 0.167125
1310 0.15613
1311 0.15128
1312 0.162703
1313 0.153597
1314 0.146062
1315 0.15774
1316 0.179847
1317 0.169616
1318 0.151611
1319 0.184796
1320 0.165469
1321 0.159773
1322 0.14921
1323 0.176846
1324 0.158441
1325 0.152247
1326 0.147694
1327 0.168469
1328 0.165376
1329 0.171085
1330 0.161738
1331 0.175941
1332 0.165637
1333 0.155153
1334 0.165184
1335 0.179531
1336 0.182662
1337 0.158725
1338 0.157379
1339 0.165408
1340 0.1932
1341 0.169524
1342 0.167451
1343 0.177161
1344 0.169591
1345 0.161594
1346 0.20226
1347 0.199387
1348 0.164479
1349 0.167949
1350 0.169384
1351 0.179737
1352 0.161907
1353 0.177613
1354 0.169043
1355 0.180031
1356 0.179338
1357 0.184792
1358 0.1742
1359 0.181783
1360 0.173822
1361 0.173073
1362 0.161446
1363 0.16793
1364 0.167752
1365 0.15282
1366 0.169002
1367 0.151583
1368 0.168892
1369 0.171595
1370 0.18321
1371 0.171666
1372 0.178384
1373 0.18787
1374 0.183386
1375 0.183929
1376 0.192196
1377 0.171437
1378 0.182052
1379 0.176644
1380 0.16659
1381 0.164396
1382 0.184862
1383 0.180959
1384 0.164932
1385 0.187948
1386 0.188602
1387 0.185536
1388 0.192552
1389 0.185158
1390 0.189591
1391 0.185769
1392 0.197346
1393 0.181949
1394 0.174736
1395 0.198261
1396 0.198968
1397 0.191497
1398 0.173499
1399 0.179383
1400 0.18028
1401 0.18112
1402 0.186104
1403 0.157628
1404 0.175482
1405 0.17843
1406 0.173385
1407 0.157893
1408 0.191001
1409 0.195703
1410 0.170616
1411 0.166046
1412 0.195224
1413 0.173911
1414 0.184157
1415 0.169237
1416 0.182342
1417 0.170724
1418 0.179584
1419 0.15243
1420 0.167074
1421 0.180979
1422 0.17184
1423 0.154786
1424 0.176054
1425 0.182013
1426 0.16733
1427 0.161073
1428 0.180631
1429 0.173027
1430 0.16569
1431 0.154992
1432 0.15884
1433 0.177205
1434 0.158059
1435 0.168526
1436 0.168049
1437 0.168982
1438 0.155012
1439 0.183424
1440 0.183217
1441 0.164928
1442 0.159067
1443 0.168584
1444 0.181198
1445 0.170341
1446 0.159884
1447 0.181129
1448 0.205215
1449 0.185538
1450 0.172529
1451 0.212347
1452 0.190038
1453 0.213137
1454 0.184584
1455 0.191427
1456 0.170891
1457 0.170511
1458 0.18668
1459 0.16857
1460 0.167426
1461 0.164878
1462 0.18743
1463 0.172775
1464 0.168346
1465 0.202551
1466 0.191393
1467 0.193751
1468 0.19251
1469 0.183429
1470 0.191759
1471 0.186141
1472 0.17479
1473 0.164467
1474 0.193869
1475 0.185349
1476 0.160821
1477 0.173671
1478 0.203003
1479 0.196818
1480 0.189437
1481 0.205494
1482 0.191705
1483 0.197903
1484 0.200536
1485 0.19568
1486 0.196441
1487 0.186802
1488 0.1692
1489 0.185506
1490 0.196473
1491 0.174132
1492 0.151612
1493 0.162678
1494 0.192689
1495 0.161886
1496 0.16301
1497 0.157105
1498 0.188763
1499 0.159455
1500 0.18003
1501 0.165753
1502 0.173891
1503 0.162899
1504 0.176205
1505 0.177528
1506 0.175668
1507 0.158818
1508 0.161834
1509 0.175858
1510 0.176205
1511 0.170208
1512 0.160353
1513 0.178035
1514 0.19007
1515 0.186318
1516 0.174956
1517 0.183433
1518 0.203033
1519 0.18688
1520 0.1821
1521 0.176248
1522 0.170452
1523 0.152174
1524 0.162861
1525 0.168689
1526 0.14488
1527 0.148532
1528 0.161719
1529 0.169
1530 0.158511
1531 0.171618
1532 0.172827
1533 0.181264
1534 0.183887
1535 0.18926
1536 0.182843
1537 0.182536
1538 0.169909
1539 0.160866
1540 0.187105
1541 0.173553
1542 0.168837
1543 0.150885
1544 0.164328
1545 0.168236
1546 0.168652
1547 0.1538
1548 0.159052
1549 0.1592
1550 0.180767
1551 0.162505
1552 0.169993
1553 0.170628
1554 0.197547
1555 0.177544
1556 0.16726
1557 0.175551
1558 0.191393
1559 0.197804
1560 0.166068
1561 0.175719
1562 0.169416
1563 0.186685
1564 0.18061
1565 0.179998
1566 0.160172
1567 0.190381
1568 0.18415
1569 0.172244
1570 0.185244
1571 0.182339
1572 0.170277
1573 0.152476
1574 0.171419
1575 0.166996
1576 0.166849
1577 0.165807
1578 0.157587
1579 0.163226
1580 0.190527
1581 0.185354
1582 0.166123
1583 0.150433
1584 0.195281
1585 0.189725
1586 0.171394
1587 0.144391
1588 0.171255
1589 0.180634
1590 0.158408
1591 0.172443
1592 0.17501
1593 0.1825
1594 0.185384
1595 0.174561
1596 0.194473
1597 0.18818
1598 0.202704
1599 0.170469
1600 0.163172
1601 0.180654
1602 0.182111
1603 0.167846
1604 0.158512
1605 0.176766
1606 0.180698
1607 0.176816
1608 0.195377
1609 0.189732
1610 0.201776
1611 0.186944
1612 0.199253
1613 0.173716
1614 0.195517
1615 0.201893
1616 0.199596
1617 0.163562
1618 0.191196
1619 0.194903
1620 0.186257
1621 0.148278
1622 0.170149
1623 0.170391
1624 0.168183
1625 0.170806
1626 0.174529
1627 0.156294
1628 0.180844
1629 0.174283
1630 0.197911
1631 0.185095
1632 0.183445
1633 0.16527
1634 0.19757
1635 0.181171
1636 0.164174
1637 0.189106
1638 0.197567
1639 0.182695
1640 0.175835
1641 0.20168
1642 0.180086
1643 0.187291
1644 0.159708
1645 0.183997
1646 0.156345
1647 0.169169
1648 0.157569
1649 0.173872
1650 0.149603
1651 0.17143
1652 0.159361
1653 0.163785
1654 0.15709
1655 0.164364
1656 0.151413
1657 0.17269
1658 0.161243
1659 0.149857
1660 0.137351
1661 0.145869
1662 0.141394
1663 0.160195
1664 0.153125
1665 0.146706
1666 0.158734
1667 0.171992
1668 0.162879
1669 0.168469
1670 0.160316
1671 0.174334
1672 0.167098
1673 0.185159
1674 0.157985
1675 0.203048
1676 0.183727
1677 0.179534
1678 0.180433
1679 0.192971
1680 0.188303
1681 0.156094
1682 0.190182
1683 0.172747
1684 0.182817
1685 0.170773
1686 0.183105
1687 0.167662
1688 0.17326
1689 0.175211
1690 0.184965
1691 0.177984
1692 0.17191
1693 0.165069
1694 0.177805
1695 0.188129
1696 0.195576
1697 0.179151
1698 0.1652
1699 0.18164
1700 0.187224
1701 0.175457
1702 0.156712
1703 0.169051
1704 0.176495
1705 0.182404
1706 0.168706
1707 0.17548
1708 0.161449
1709 0.186942
1710 0.172947
1711 0.187343
1712 0.155968
1713 0.168249
1714 0.183424
1715 0.170307
1716 0.164708
1717 0.186903
1718 0.185539
1719 0.161958
1720 0.16508
1721 0.200708
1722 0.180239
1723 0.175541
1724 0.171219
1725 0.18906
1726 0.168953
1727 0.166761
1728 0.178114
1729 0.194542
1730 0.160914
1731 0.156855
1732 0.186135
1733 0.204629
1734 0.179161
1735 0.148656
1736 0.181055
1737 0.180337
1738 0.184418
1739 0.159131
1740 0.176114
1741 0.172145
1742 0.176508
1743 0.160934
1744 0.189282
1745 0.16846
1746 0.171506
1747 0.181043
1748 0.186338
1749 0.156473
1750 0.160289
1751 0.191432
1752 0.171535
1753 0.172601
1754 0.160331
1755 0.187636
1756 0.180241
1757 0.194757
1758 0.177973
1759 0.167585
1760 0.183371
1761 0.18065
1762 0.177527
1763 0.150466
1764 0.180885
1765 0.177559
1766 0.179523
1767 0.162535
1768 0.176738
1769 0.172232
1770 0.196111
1771 0.185928
1772 0.160495
1773 0.170275
1774 0.199527
1775 0.203638
1776 0.183248
1777 0.17117
1778 0.197514
1779 0.212312
1780 0.199825
1781 0.187216
1782 0.186273
1783 0.192828
1784 0.195265
1785 0.18306
1786 0.172804
1787 0.158883
1788 0.174636
1789 0.175684
1790 0.180149
1791 0.16
1792 0.177007
1793 0.174565
1794 0.175889
1795 0.168501
1796 0.181681
1797 0.155646
1798 0.158363
1799 0.165271
1800 0.180912
1801 0.16241
1802 0.151984
1803 0.158807
1804 0.183563
1805 0.168138
1806 0.165602
1807 0.16433
1808 0.156859
1809 0.166791
1810 0.179545
1811 0.177837
1812 0.170694
1813 0.175979
1814 0.173709
1815 0.182453
1816 0.192278
1817 0.184277
1818 0.160806
1819 0.185024
1820 0.187935
1821 0.192257
1822 0.152593
1823 0.1698
1824 0.192395
1825 0.178958
1826 0.174515
1827 0.1721
1828 0.191305
1829 0.159848
1830 0.182061
1831 0.171442
1832 0.166388
1833 0.147705
1834 0.166311
1835 0.161094
1836 0.143736
1837 0.15875
1838 0.170078
1839 0.180543
1840 0.172345
1841 0.18495
1842 0.170243
1843 0.186269
1844 0.18832
1845 0.177297
1846 0.1664
1847 0.185079
1848 0.185528
1849 0.1791
1850 0.155778
1851 0.181075
1852 0.202266
1853 0.166922
1854 0.152007
1855 0.167797
1856 0.177936
1857 0.183485
1858 0.173529
1859 0.174246
1860 0.152908
1861 0.180527
1862 0.168436
1863 0.169161
1864 0.169
1865 0.173567
1866 0.163331
1867 0.174958
1868 0.190752
1869 0.197144
1870 0.180741
1871 0.182557
1872 0.195578
1873 0.192056
1874 0.15886
1875 0.185103
1876 0.201853
1877 0.176339
1878 0.169063
1879 0.184031
1880 0.187329
1881 0.173036
1882 0.189421
1883 0.19068
1884 0.169732
1885 0.162866
1886 0.171683
1887 0.182747
1888 0.188283
1889 0.167184
1890 0.157182
1891 0.180197
1892 0.192403
1893 0.180019
1894 0.168959
1895 0.180836
1896 0.186431
1897 0.177611
1898 0.177834
1899 0.175419
1900 0.168507
1901 0.154426
1902 0.163468
1903 0.180651
1904 0.162772
1905 0.159788
1906 0.162285
1907 0.177302
1908 0.159345
1909 0.164003
1910 0.156123
1911 0.175113
1912 0.160794
1913 0.159743
1914 0.148507
1915 0.178499
1916 0.183836
1917 0.179692
1918 0.158121
1919 0.166998
1920 0.191814
1921 0.178128
1922 0.162247
1923 0.171176
1924 0.181977
1925 0.167752
1926 0.177571
1927 0.17838
1928 0.185066
1929 0.180205
1930 0.17798
1931 0.180863
1932 0.172867
1933 0.165783
1934 0.174221
1935 0.176582
1936 0.174939
1937 0.171604
1938 0.186528
1939 0.175501
1940 0.18476
1941 0.192366
1942 0.180933
1943 0.182735
1944 0.168843
1945 0.160958
1946 0.16785
1947 0.179902
1948 0.170046
1949 0.156954
1950 0.163453
1951 0.172212
1952 0.184494
1953 0.168631
1954 0.158825
1955 0.16315
1956 0.175455
1957 0.173203
1958 0.166461
1959 0.180189
1960 0.166705
1961 0.181054
1962 0.163732
1963 0.188537
1964 0.186914
1965 0.183091
1966 0.168755
1967 0.174841
1968 0.184286
1969 0.180845
1970 0.171222
1971 0.167795
1972 0.175646
1973 0.171264
1974 0.167966
1975 0.164712
1976 0.180057
1977 0.179744
1978 0.173914
1979 0.16327
1980 0.181919
1981 0.202678
1982 0.202186
1983 0.174251
1984 0.192815
1985 0.189498
1986 0.198052
1987 0.173479
1988 0.187405
1989 0.168459
1990 0.189882
1991 0.169877
1992 0.168087
1993 0.169374
1994 0.164829
1995 0.157641
1996 0.172705
1997 0.184272
1998 0.15592
1999 0.160253
2000 0.177067
2001 0.176061
2002 0.159379
2003 0.163231
2004 0.182468
2005 0.180738
2006 0.186183
2007 0.163858
2008 0.19837
2009 0.191787
2010 0.191248
2011 0.177121
2012 0.186646
2013 0.166754
2014 0.157829
2015 0.168244
2016 0.180755
2017 0.179099
2018 0.172764
2019 0.173709
2020 0.190797
2021 0.172682
2022 0.190465
2023 0.170256
2024 0.174081
2025 0.175395
2026 0.182785
2027 0.166627
2028 0.158326
2029 0.185683
2030 0.173804
2031 0.175791
2032 0.181412
2033 0.177845
2034 0.175727
2035 0.182866
2036 0.189231
2037 0.177114
2038 0.177813
2039 0.165843
2040 0.188671
2041 0.194746
2042 0.193997
2043 0.185879
2044 0.186526
2045 0.19819
2046 0.217296
2047 0.203502
2048 0.174893
2049 0.158753
2050 0.194154
2051 0.181492
2052 0.155012
2053 0.140711
2054 0.166791
2055 0.162671
2056 0.170792
2057 0.171586
2058 0.184694
2059 0.182894
2060 0.209
2061 0.215355
2062 0.202244
2063 0.180887
2064 0.191589
2065 0.21616
2066 0.194895
2067 0.181163
2068 0.177021
2069 0.196037
2070 0.189491
2071 0.169065
2072 0.152725
2073 0.176289
2074 0.180229
2075 0.173767
2076 0.168098
2077 0.17861
2078 0.172722
2079 0.187653
2080 0.190958
2081 0.181644
2082 0.173713
2083 0.180905
2084 0.201307
2085 0.182785
2086 0.177389
2087 0.190119
2088 0.188473
2089 0.16567
2090 0.169486
2091 0.167567
2092 0.163221
2093 0.15077
2094 0.152107
2095 0.157573
2096 0.152991
2097 0.16286
2098 0.188418
2099 0
