0 0.178069
1 0.0673676
2 -1.39947
3 -1.7351
4 -1.31746
5 -0.754167
6 -0.335979
7 -0.130249
8 0.0103356
9 0.0839907
10 0.0989631
11 -0.00202616
12 0.0804653
13 0.124461
14 0.0730356
15 0.0758485
16 -0.0216759
17 0.204705
18 -0.0310225
19 0.0291438
20 0.0283132
21 0.14
22 -0.18753
23 -0.125019
24 0.321588
25 -0.276194
26 -0.0401292
27 0.214679
28 0.00229977
29 0.104706
30 0.191662
31 0.154744
32 0.167739
33 0.182349
34 0.185266
35 0.187752
36 0.18832
37 0.193311
38 0.195891
39 0.193482
40 0.193887
41 0.197668
42 0.196353
43 0.197261
44 0.195956
45 0.196075
46 0.195592
47 0.195332
48 0.193373
49 0.192619
50 0.196011
51 0.193082
52 0.193307
53 0.193667
54 0.192712
55 0.193689
56 0.19288
57 0.19241
58 0.192732
59 0.192401
60 0.191392
61 0.191017
62 0.193459
63 0.191543
64 0.192141
65 0.191687
66 0.191553
67 0.191701
68 0.192066
69 0.196396
70 0.193639
71 0.192742
72 0.193289
73 0.1936
74 0.192152
75 0.192512
76 0.191357
77 0.190978
78 0.191886
79 0.19126
80 0.192531
81 0.194483
82 0.193654
83 0.195175
84 0.193201
85 0.194803
86 0.192938
87 0.192462
88 0.191951
89 0.191643
90 0.191926
91 0.191893
92 0.192525
93 0.191707
94 0.191535
95 0.192085
96 0.191863
97 0.191545
98 0.19082
99 0.192177
100 0.191212
101 0.191084
102 0.191129
103 0.195382
104 0.192687
105 0.192794
106 0.193862
107 0.192496
108 0.191987
109 0.191436
110 0.191048
111 0.191149
112 0.191186
113 0.190861
114 0.190659
115 0.193289
116 0.196299
117 0.19613
118 0.193953
119 0.193076
120 0.19435
121 0.192814
122 0.195154
123 0.193336
124 0.192513
125 0.192282
126 0.193638
127 0.192995
128 0.194906
129 0.194707
130 0.193583
131 0.192847
132 0.192363
133 0.19194
134 0.193205
135 0.192222
136 0.191931
137 0.19469
138 0.198012
139 0.194673
140 0.194549
141 0.195703
142 0.194585
143 0.19328
144 0.192586
145 0.191717
146 0.191408
147 0.19462
148 0.193278
149 0.194169
150 0.193071
151 0.192979
152 0.192571
153 0.19352
154 0.192374
155 0.192665
156 0.192831
157 0.192964
158 0.193997
159 0.195395
160 0.193846
161 0.192935
162 0.192028
163 0.191494
164 0.192834
165 0.194654
166 0.197465
167 0.196011
168 0.194551
169 0.193263
170 0.194241
171 0.194758
172 0.193168
173 0.192656
174 0.192329
175 0.192121
176 0.194461
177 0.192457
178 0.195234
179 0.195591
180 0.197987
181 0.19424
182 0.193328
183 0.195264
184 0.193204
185 0.193843
186 0.192443
187 0.193747
188 0.195318
189 0.193856
190 0.193241
191 0.197076
192 0.194539
193 0.195811
194 0.195164
195 0.193462
196 0.194035
197 0.192959
198 0.192117
199 0.190604
200 0.190993
201 0.193213
202 0.194295
203 0.193962
204 0.193491
205 0.194452
206 0.192806
207 0.19226
208 0.191507
209 0.195021
210 0.197498
211 0.194276
212 0.195925
213 0.19455
214 0.192987
215 0.192511
216 0.195685
217 0.19333
218 0.194004
219 0.194826
220 0.193024
221 0.195669
222 0.194683
223 0.192894
224 0.195155
225 0.193637
226 0.192941
227 0.194152
228 0.19256
229 0.192415
230 0.194633
231 0.195867
232 0.193719
233 0.193891
234 0.193838
235 0.195441
236 0.195277
237 0.197403
238 0.194564
239 0.194625
240 0.196899
241 0.19377
242 0.193134
243 0.192126
244 0.191793
245 0.191771
246 0.191049
247 0.195366
248 0.194406
249 0.193026
250 0.195363
251 0.193597
252 0.19634
253 0.193723
254 0.193019
255 0.192218
256 0.191865
257 0.192682
258 0.192846
259 0.192594
260 0.193852
261 0.195297
262 0.193793
263 0.192992
264 0.192652
265 0.19323
266 0.192464
267 0.195677
268 0.19775
269 0.194128
270 0.194838
271 0.193883
272 0.193004
273 0.192179
274 0.19441
275 0.195349
276 0.197209
277 0.194218
278 0.193671
279 0.196861
280 0.193457
281 0.194956
282 0.196085
283 0.193725
284 0.196629
285 0.193899
286 0.194546
287 0.193179
288 0.194794
289 0.194633
290 0.193512
291 0.196526
292 0.197455
293 0.196712
294 0.194082
295 0.195386
296 0.1934
297 0.194186
298 0.192769
299 0.193027
300 0.196319
301 0.194264
302 0.194378
303 0.193529
304 0.192831
305 0.192392
306 0.193818
307 0.195597
308 0.193649
309 0.193841
310 0.196375
311 0.197694
312 0.194663
313 0.193619
314 0.192472
315 0.19141
316 0.193137
317 0.193451
318 0.196656
319 0.193916
320 0.194862
321 0.193674
322 0.192716
323 0.196371
324 0.193958
325 0.19383
326 0.193457
327 0.193695
328 0.193494
329 0.193653
330 0.19267
331 0.193394
332 0.1928
333 0.192727
334 0.1921
335 0.192153
336 0.192077
337 0.192451
338 0.193908
339 0.192961
340 0.19222
341 0.192027
342 0.193012
343 0.193397
344 0.193255
345 0.192401
346 0.191787
347 0.191492
348 0.19537
349 0.193048
350 0.194887
351 0.193044
352 0.193642
353 0.19662
354 0.193924
355 0.19617
356 0.193497
357 0.193287
358 0.19419
359 0.196999
360 0.194448
361 0.194026
362 0.194887
363 0.193402
364 0.192604
365 0.193362
366 0.192321
367 0.192223
368 0.191623
369 0.19347
370 0.194667
371 0.193143
372 0.192785
373 0.191896
374 0.191561
375 0.191382
376 0.191819
377 0.192316
378 0.193289
379 0.195459
380 0.196662
381 0.195512
382 0.194862
383 0.193568
384 0.192857
385 0.192335
386 0.192271
387 0.192106
388 0.192105
389 0.191689
390 0.195117
391 0.194161
392 0.193065
393 0.192369
394 0.193241
395 0.193452
396 0.192551
397 0.192094
398 0.19243
399 0.192548
400 0.193472
401 0.192857
402 0.194412
403 0.195149
404 0.193724
405 0.193926
406 0.195005
407 0.193026
408 0.19548
409 0.195471
410 0.197079
411 0.194687
412 0.194269
413 0.196193
414 0.195293
415 0.194869
416 0.195665
417 0.193736
418 0.196681
419 0.195184
420 0.19668
421 0.193866
422 0.193091
423 0.193991
424 0.192273
425 0.191662
426 0.192229
427 0.191438
428 0.195103
429 0.193394
430 0.196716
431 0.193765
432 0.19267
433 0.191972
434 0.195841
435 0.196095
436 0.193884
437 0.196822
438 0.196318
439 0.193559
440 0.193485
441 0.194442
442 0.196476
443 0.19518
444 0.196181
445 0.19623
446 0.194287
447 0.192923
448 0.192386
449 0.193651
450 0.192203
451 0.192526
452 0.193488
453 0.193985
454 0.19313
455 0.192163
456 0.191366
457 0.191373
458 0.191052
459 0.193013
460 0.196446
461 0.196092
462 0.193714
463 0.195293
464 0.197339
465 0.194787
466 0.197201
467 0.198371
468 0.19522
469 0.194334
470 0.194326
471 0.193032
472 0.194165
473 0.192751
474 0.196157
475 0.196278
476 0.197849
477 0.196606
478 0.195308
479 0.198118
480 0.194577
481 0.194794
482 0.196246
483 0.196348
484 0.194715
485 0.193272
486 0.195476
487 0.195795
488 0.195858
489 0.193669
490 0.192753
491 0.195461
492 0.194053
493 0.192821
494 0.193523
495 0.1924
496 0.193631
497 0.192858
498 0.192169
499 0.191803
500 0.191256
501 0.192597
502 0.193045
503 0.194075
504 0.192825
505 0.196194
506 0.197876
507 0.196464
508 0.193869
509 0.193192
510 0.192219
511 0.191555
512 0.195174
513 0.193256
514 0.196075
515 0.194217
516 0.196725
517 0.195244
518 0.194608
519 0.194502
520 0.196181
521 0.193774
522 0.192911
523 0.192774
524 0.195188
525 0.192739
526 0.192507
527 0.195518
528 0.194373
529 0.194281
530 0.193646
531 0.194457
532 0.196745
533 0.197956
534 0.196629
535 0.194699
536 0.193274
537 0.193702
538 0.194385
539 0.193163
540 0.196511
541 0.195602
542 0.194075
543 0.193114
544 0.195309
545 0.197067
546 0.193769
547 0.192894
548 0.193266
549 0.193932
550 0.194824
551 0.193744
552 0.192666
553 0.192492
554 0.1925
555 0.195811
556 0.194086
557 0.193105
558 0.195067
559 0.197066
560 0.195655
561 0.194019
562 0.193224
563 0.19373
564 0.193388
565 0.193692
566 0.19249
567 0.193263
568 0.19223
569 0.19213
570 0.194688
571 0.194701
572 0.193189
573 0.192297
574 0.19175
575 0.19157
576 0.192342
577 0.195294
578 0.196302
579 0.194034
580 0.192987
581 0.192366
582 0.192006
583 0.192162
584 0.192816
585 0.19688
586 0.197796
587 0.198248
588 0.197106
589 0.194588
590 0.195169
591 0.19338
592 0.196502
593 0.193534
594 0.197218
595 0.193916
596 0.192757
597 0.19479
598 0.192935
599 0.194798
600 0.194144
601 0.192923
602 0.193111
603 0.194898
604 0.193065
605 0.194493
606 0.192839
607 0.192849
608 0.192102
609 0.194855
610 0.192899
611 0.192037
612 0.194457
613 0.192317
614 0.191779
615 0.191815
616 0.191882
617 0.191328
618 0.191191
619 0.192387
620 0.191802
621 0.191428
622 0.191121
623 0.191573
624 0.19167
625 0.193498
626 0.192922
627 0.196671
628 0.194216
629 0.192934
630 0.192088
631 0.19489
632 0.193419
633 0.192787
634 0.194229
635 0.193665
636 0.19259
637 0.192225
638 0.195619
639 0.193101
640 0.193918
641 0.192919
642 0.192298
643 0.196304
644 0.196616
645 0.19517
646 0.195499
647 0.194376
648 0.195359
649 0.193058
650 0.1927
651 0.19201
652 0.194926
653 0.194948
654 0.195397
655 0.194774
656 0.193448
657 0.193138
658 0.194386
659 0.193015
660 0.192734
661 0.19226
662 0.192041
663 0.191563
664 0.191307
665 0.191288
666 0.193506
667 0.19231
668 0.193658
669 0.193921
670 0.192865
671 0.192308
672 0.191485
673 0.191102
674 0.19395
675 0.192319
676 0.191986
677 0.195088
678 0.19685
679 0.194319
680 0.193747
681 0.193901
682 0.193705
683 0.1974
684 0.19417
685 0.192858
686 0.192029
687 0.193005
688 0.192035
689 0.191662
690 0.191283
691 0.19136
692 0.191133
693 0.192328
694 0.192169
695 0.191631
696 0.191417
697 0.191441
698 0.194034
699 0.192933
700 0.1929
701 0.192561
702 0.193236
703 0.194334
704 0.194083
705 0.193623
706 0.194678
707 0.196882
708 0.194384
709 0.193572
710 0.192697
711 0.192274
712 0.195503
713 0.192917
714 0.193163
715 0.191934
716 0.193039
717 0.196532
718 0.197893
719 0.195431
720 0.197274
721 0.194485
722 0.193501
723 0.192538
724 0.191595
725 0.194901
726 0.196731
727 0.193822
728 0.193395
729 0.196417
730 0.194112
731 0.192682
732 0.192462
733 0.191744
734 0.194079
735 0.192935
736 0.195419
737 0.19468
738 0.193535
739 0.194032
740 0.194622
741 0.193151
742 0.192354
743 0.193847
744 0.192064
745 0.19163
746 0.19352
747 0.192498
748 0.191793
749 0.191
750 0.193253
751 0.191739
752 0.191691
753 0.193036
754 0.192074
755 0.193489
756 0.192626
757 0.192319
758 0.191754
759 0.192976
760 0.196262
761 0.194364
762 0.196929
763 0.195042
764 0.194059
765 0.193104
766 0.19195
767 0.191628
768 0.191423
769 0.192789
770 0.196278
771 0.19551
772 0.19526
773 0.192845
774 0.192712
775 0.191903
776 0.194193
777 0.19265
778 0.191514
779 0.191338
780 0.191016
781 0.194145
782 0.196415
783 0.193888
784 0.195014
785 0.193283
786 0.192358
787 0.191864
788 0.19187
789 0.192807
790 0.191918
791 0.191879
792 0.194591
793 0.194649
794 0.195133
795 0.193499
796 0.19335
797 0.192451
798 0.192288
799 0.19147
800 0.19128
801 0.191267
802 0.193165
803 0.191957
804 0.19191
805 0.191281
806 0.191163
807 0.19079
808 0.193337
809 0.192654
810 0.192777
811 0.192394
812 0.192746
813 0.19464
814 0.193158
815 0.192255
816 0.192422
817 0.192404
818 0.196423
819 0.19747
820 0.194264
821 0.193492
822 0.19244
823 0.192158
824 0.192254
825 0.191556
826 0.191419
827 0.191084
828 0.190477
829 0.194681
830 0.19258
831 0.192432
832 0.192319
833 0.191909
834 0.194687
835 0.192589
836 0.192008
837 0.191764
838 0.191866
839 0.194579
840 0.19275
841 0.192466
842 0.19308
843 0.192098
844 0.191938
845 0.194205
846 0.193255
847 0.19257
848 0.19276
849 0.192307
850 0.192777
851 0.191932
852 0.191513
853 0.191277
854 0.193384
855 0.19396
856 0.193297
857 0.194858
858 0.193358
859 0.194137
860 0.19276
861 0.192437
862 0.191745
863 0.193554
864 0.192059
865 0.192053
866 0.194725
867 0.193596
868 0.196703
869 0.194714
870 0.19332
871 0.192811
872 0.193533
873 0.19244
874 0.192205
875 0.192004
876 0.191682
877 0.192623
878 0.192804
879 0.192007
880 0.194374
881 0.195549
882 0.194332
883 0.19327
884 0.192696
885 0.192623
886 0.192613
887 0.191895
888 0.191869
889 0.194427
890 0.193257
891 0.192748
892 0.193367
893 0.194141
894 0.193445
895 0.194964
896 0.193773
897 0.193974
898 0.192929
899 0.193046
900 0.191887
901 0.193448
902 0.192278
903 0.191921
904 0.192651
905 0.196421
906 0.196657
907 0.195025
908 0.195462
909 0.195177
910 0.197095
911 0.194086
912 0.195727
913 0.197881
914 0.194907
915 0.196992
916 0.193495
917 0.19393
918 0.193376
919 0.192848
920 0.196171
921 0.193461
922 0.19352
923 0.192245
924 0.191897
925 0.192512
926 0.19143
927 0.192908
928 0.192129
929 0.194843
930 0.192925
931 0.193485
932 0.192541
933 0.191815
934 0.192867
935 0.192282
936 0.191756
937 0.191546
938 0.191604
939 0.193224
940 0.192209
941 0.191643
942 0.193583
943 0.192433
944 0.191861
945 0.191703
946 0.191224
947 0.191353
948 0.191142
949 0.191086
950 0.19275
951 0.19474
952 0.1932
953 0.192396
954 0.195515
955 0.193017
956 0.192192
957 0.191435
958 0.191545
959 0.192577
960 0.193241
961 0.193064
962 0.194849
963 0.194008
964 0.193558
965 0.192521
966 0.191984
967 0.195981
968 0.198274
969 0.196172
970 0.194217
971 0.195971
972 0.196595
973 0.194007
974 0.192857
975 0.192129
976 0.192523
977 0.194296
978 0.192912
979 0.194432
980 0.193158
981 0.193116
982 0.193068
983 0.192546
984 0.194168
985 0.193529
986 0.193775
987 0.193116
988 0.192526
989 0.192003
990 0.191853
991 0.194413
992 0.192731
993 0.192024
994 0.191936
995 0.192838
996 0.194606
997 0.194618
998 0.193055
999 0.192598
1000 0.195216
1001 0.195696
1002 0.195718
1003 0.194407
1004 0.193268
1005 0.196648
1006 0.193766
1007 0.194848
1008 0.193466
1009 0.192536
1010 0.191712
1011 0.192783
1012 0.191704
1013 0.195514
1014 0.193272
1015 0.193363
1016 0.193879
1017 0.193432
1018 0.194567
1019 0.193188
1020 0.192787
1021 0.192078
1022 0.1938
1023 0.192142
1024 0.191334
1025 0.191128
1026 0.191053
1027 0.190947
1028 0.192751
1029 0.192077
1030 0.192236
1031 0.19199
1032 0.19147
1033 0.191486
1034 0.19136
1035 0.191326
1036 0.191317
1037 0.194572
1038 0.194369
1039 0.196284
1040 0.194014
1041 0.193691
1042 0.193017
1043 0.192453
1044 0.19472
1045 0.194094
1046 0.192375
1047 0.192275
1048 0.192828
1049 0.194713
1050 0.194904
1051 0.193962
1052 0.192958
1053 0.192359
1054 0.195973
1055 0.195481
1056 0.197204
1057 0.196144
1058 0.196735
1059 0.194277
1060 0.193464
1061 0.192185
1062 0.191797
1063 0.195037
1064 0.19376
1065 0.192221
1066 0.19307
1067 0.192106
1068 0.19175
1069 0.193972
1070 0.192635
1071 0.193165
1072 0.195973
1073 0.193654
1074 0.196803
1075 0.193837
1076 0.193074
1077 0.192888
1078 0.193769
1079 0.195784
1080 0.193423
1081 0.192531
1082 0.194386
1083 0.192864
1084 0.193909
1085 0.193877
1086 0.196737
1087 0.194721
1088 0.193571
1089 0.193689
1090 0.194508
1091 0.194316
1092 0.193092
1093 0.192803
1094 0.19457
1095 0.192488
1096 0.192262
1097 0.191992
1098 0.195363
1099 0.193735
1100 0.196759
1101 0.194053
1102 0.193042
1103 0.195147
1104 0.194258
1105 0.192941
1106 0.192782
1107 0.193145
1108 0.194275
1109 0.194774
1110 0.197898
1111 0.194404
1112 0.193674
1113 0.192942
1114 0.192969
1115 0.19203
1116 0.191827
1117 0.193868
1118 0.193234
1119 0.192444
1120 0.191722
1121 0.191727
1122 0.195484
1123 0.192568
1124 0.193151
1125 0.19585
1126 0.194927
1127 0.197133
1128 0.19498
1129 0.194115
1130 0.196585
1131 0.193912
1132 0.194405
1133 0.193179
1134 0.193748
1135 0.192663
1136 0.192107
1137 0.195849
1138 0.192751
1139 0.195946
1140 0.197204
1141 0.195209
1142 0.195166
1143 0.195723
1144 0.193629
1145 0.192583
1146 0.196156
1147 0.193392
1148 0.196023
1149 0.1933
1150 0.193834
1151 0.195938
1152 0.194809
1153 0.197122
1154 0.194454
1155 0.193037
1156 0.196295
1157 0.193655
1158 0.192889
1159 0.192399
1160 0.194737
1161 0.193397
1162 0.192979
1163 0.193149
1164 0.194402
1165 0.1933
1166 0.192381
1167 0.193929
1168 0.192083
1169 0.19286
1170 0.191985
1171 0.191999
1172 0.192699
1173 0.196186
1174 0.193608
1175 0.194696
1176 0.195524
1177 0.194668
1178 0.193378
1179 0.192647
1180 0.19196
1181 0.192855
1182 0.19175
1183 0.191705
1184 0.191877
1185 0.192663
1186 0.193137
1187 0.192248
1188 0.191831
1189 0.196137
1190 0.193167
1191 0.193352
1192 0.196417
1193 0.194031
1194 0.19322
1195 0.193351
1196 0.192684
1197 0.194029
1198 0.19714
1199 0.194428
1200 0.195107
1201 0.197075
1202 0.194332
1203 0.193281
1204 0.193268
1205 0.191745
1206 0.192081
1207 0.191695
1208 0.194027
1209 0.193765
1210 0.192745
1211 0.191667
1212 0.191485
1213 0.191221
1214 0.194275
1215 0.192282
1216 0.192553
1217 0.191631
1218 0.194131
1219 0.193509
1220 0.194133
1221 0.192973
1222 0.195918
1223 0.194364
1224 0.193428
1225 0.192381
1226 0.191809
1227 0.192734
1228 0.192877
1229 0.192874
1230 0.192762
1231 0.192333
1232 0.191877
1233 0.193328
1234 0.192134
1235 0.196172
1236 0.197779
1237 0.198371
1238 0.198333
1239 0.196269
1240 0.196446
1241 0.193983
1242 0.193018
1243 0.195017
1244 0.192931
1245 0.191953
1246 0.191466
1247 0.195875
1248 0.195643
1249 0.193437
1250 0.192816
1251 0.191487
1252 0.19209
1253 0.195359
1254 0.192956
1255 0.195244
1256 0.193905
1257 0.196907
1258 0.194906
1259 0.193527
1260 0.192396
1261 0.192518
1262 0.192311
1263 0.191671
1264 0.19581
1265 0.193916
1266 0.195365
1267 0.19487
1268 0.193701
1269 0.192627
1270 0.191661
1271 0.191943
1272 0.193586
1273 0.194289
1274 0.197589
1275 0.194156
1276 0.193851
1277 0.195861
1278 0.196167
1279 0.195734
1280 0.195725
1281 0.193765
1282 0.193347
1283 0.19246
1284 0.195406
1285 0.1931
1286 0.194228
1287 0.192978
1288 0.196437
1289 0.193448
1290 0.193614
1291 0.193308
1292 0.192223
1293 0.193639
1294 0.192373
1295 0.19233
1296 0.192315
1297 0.196089
1298 0.19401
1299 0.194392
1300 0.193378
1301 0.192818
1302 0.19558
1303 0.19288
1304 0.193452
1305 0.19599
1306 0.194182
1307 0.192962
1308 0.1926
1309 0.191815
1310 0.191713
1311 0.190788
1312 0.192989
1313 0.191705
1314 0.191473
1315 0.193516
1316 0.193352
1317 0.192713
1318 0.192582
1319 0.195564
1320 0.193314
1321 0.192196
1322 0.191428
1323 0.191573
1324 0.19234
1325 0.191888
1326 0.191837
1327 0.192958
1328 0.19216
1329 0.192834
1330 0.192203
1331 0.19351
1332 0.192167
1333 0.192036
1334 0.192366
1335 0.193053
1336 0.197052
1337 0.194088
1338 0.193321
1339 0.192037
1340 0.192211
1341 0.192062
1342 0.195042
1343 0.197249
1344 0.194457
1345 0.193025
1346 0.195822
1347 0.19447
1348 0.193158
1349 0.194775
1350 0.192962
1351 0.19369
1352 0.192437
1353 0.192468
1354 0.193519
1355 0.193246
1356 0.193836
1357 0.195467
1358 0.193319
1359 0.194998
1360 0.193085
1361 0.19191
1362 0.19141
1363 0.191452
1364 0.193386
1365 0.19184
1366 0.194833
1367 0.192998
1368 0.192567
1369 0.194945
1370 0.193487
1371 0.194
1372 0.195094
1373 0.193715
1374 0.193197
1375 0.193704
1376 0.194157
1377 0.192734
1378 0.193136
1379 0.19234
1380 0.191688
1381 0.192876
1382 0.195685
1383 0.195899
1384 0.194405
1385 0.197348
1386 0.194501
1387 0.193175
1388 0.196862
1389 0.193897
1390 0.197
1391 0.196893
1392 0.19486
1393 0.19403
1394 0.193345
1395 0.194235
1396 0.195928
1397 0.194326
1398 0.195063
1399 0.193929
1400 0.192673
1401 0.192971
1402 0.192286
1403 0.19213
1404 0.196036
1405 0.196383
1406 0.193634
1407 0.192755
1408 0.195318
1409 0.194603
1410 0.193277
1411 0.192914
1412 0.194872
1413 0.192925
1414 0.195829
1415 0.193036
1416 0.192774
1417 0.192425
1418 0.192371
1419 0.19223
1420 0.192386
1421 0.194916
1422 0.192719
1423 0.192482
1424 0.19494
1425 0.192721
1426 0.192624
1427 0.192297
1428 0.192444
1429 0.192717
1430 0.191884
1431 0.191616
1432 0.191457
1433 0.195544
1434 0.19268
1435 0.196365
1436 0.195696
1437 0.194348
1438 0.192536
1439 0.191824
1440 0.192566
1441 0.192565
1442 0.191861
1443 0.192235
1444 0.195299
1445 0.192855
1446 0.192288
1447 0.195994
1448 0.196901
1449 0.196619
1450 0.194683
1451 0.198056
1452 0.194334
1453 0.196534
1454 0.194088
1455 0.193366
1456 0.192494
1457 0.191785
1458 0.19487
1459 0.192233
1460 0.19181
1461 0.195249
1462 0.194202
1463 0.195005
1464 0.19382
1465 0.196033
1466 0.195195
1467 0.194237
1468 0.195663
1469 0.193738
1470 0.19395
1471 0.194449
1472 0.192964
1473 0.19193
1474 0.195817
1475 0.194572
1476 0.192845
1477 0.195927
1478 0.195854
1479 0.196347
1480 0.197315
1481 0.196424
1482 0.194958
1483 0.194839
1484 0.194602
1485 0.194082
1486 0.195512
1487 0.193462
1488 0.192761
1489 0.194709
1490 0.195863
1491 0.193026
1492 0.192335
1493 0.191647
1494 0.19455
1495 0.191934
1496 0.193287
1497 0.192574
1498 0.193717
1499 0.192455
1500 0.193581
1501 0.192554
1502 0.192195
1503 0.19146
1504 0.192584
1505 0.193688
1506 0.193238
1507 0.192116
1508 0.191905
1509 0.19267
1510 0.193065
1511 0.19236
1512 0.192266
1513 0.19419
1514 0.196197
1515 0.196932
1516 0.195453
1517 0.19392
1518 0.195153
1519 0.193038
1520 0.192898
1521 0.192402
1522 0.192191
1523 0.191668
1524 0.1907
1525 0.191406
1526 0.191498
1527 0.191251
1528 0.191679
1529 0.191481
1530 0.192878
1531 0.19636
1532 0.194247
1533 0.19578
1534 0.194551
1535 0.193842
1536 0.19449
1537 0.192881
1538 0.192389
1539 0.191981
1540 0.192981
1541 0.195174
1542 0.193238
1543 0.192273
1544 0.192079
1545 0.191343
1546 0.191623
1547 0.191244
1548 0.193816
1549 0.193247
1550 0.196237
1551 0.193871
1552 0.192408
1553 0.191946
1554 0.194811
1555 0.197255
1556 0.194453
1557 0.196259
1558 0.194744
1559 0.194524
1560 0.192844
1561 0.192545
1562 0.191625
1563 0.194553
1564 0.195215
1565 0.194823
1566 0.19348
1567 0.194282
1568 0.193208
1569 0.192594
1570 0.194878
1571 0.193078
1572 0.192133
1573 0.191646
1574 0.191568
1575 0.191792
1576 0.194683
1577 0.193691
1578 0.192755
1579 0.192614
1580 0.194854
1581 0.194555
1582 0.19307
1583 0.192712
1584 0.19619
1585 0.195709
1586 0.193082
1587 0.192704
1588 0.191725
1589 0.192577
1590 0.191469
1591 0.19507
1592 0.196289
1593 0.195183
1594 0.197029
1595 0.194364
1596 0.193948
1597 0.193415
1598 0.195373
1599 0.193218
1600 0.19286
1601 0.193339
1602 0.192631
1603 0.192171
1604 0.193564
1605 0.193123
1606 0.193985
1607 0.19406
1608 0.197256
1609 0.195187
1610 0.197293
1611 0.195228
1612 0.195791
1613 0.193454
1614 0.195036
1615 0.197578
1616 0.195682
1617 0.193628
1618 0.19676
1619 0.194706
1620 0.192728
1621 0.192494
1622 0.191507
1623 0.191101
1624 0.192535
1625 0.195472
1626 0.197483
1627 0.194708
1628 0.19473
1629 0.192618
1630 0.195475
1631 0.195329
1632 0.193564
1633 0.193151
1634 0.195813
1635 0.193144
1636 0.193101
1637 0.196273
1638 0.193926
1639 0.196249
1640 0.193963
1641 0.195705
1642 0.193635
1643 0.192842
1644 0.192156
1645 0.195181
1646 0.192816
1647 0.194155
1648 0.192294
1649 0.191695
1650 0.191611
1651 0.193409
1652 0.191923
1653 0.193773
1654 0.192908
1655 0.191999
1656 0.192056
1657 0.190888
1658 0.190777
1659 0.19067
1660 0.190499
1661 0.190132
1662 0.190322
1663 0.191987
1664 0.191722
1665 0.191704
1666 0.191824
1667 0.192057
1668 0.191846
1669 0.192195
1670 0.191826
1671 0.19579
1672 0.193145
1673 0.195697
1674 0.193645
1675 0.195901
1676 0.195449
1677 0.193757
1678 0.195251
1679 0.193236
1680 0.19283
1681 0.1922
1682 0.194585
1683 0.192702
1684 0.195746
1685 0.19405
1686 0.193814
1687 0.192879
1688 0.19234
1689 0.191934
1690 0.194073
1691 0.193266
1692 0.194987
1693 0.193135
1694 0.193019
1695 0.194675
1696 0.19544
1697 0.195741
1698 0.193627
1699 0.193261
1700 0.193878
1701 0.19256
1702 0.192363
1703 0.192112
1704 0.192369
1705 0.195259
1706 0.193226
1707 0.195556
1708 0.193099
1709 0.193741
1710 0.192839
1711 0.194585
1712 0.193065
1713 0.192343
1714 0.195266
1715 0.193526
1716 0.194915
1717 0.196989
1718 0.194008
1719 0.193607
1720 0.192333
1721 0.194817
1722 0.193168
1723 0.193457
1724 0.194193
1725 0.195784
1726 0.193537
1727 0.192717
1728 0.192907
1729 0.196524
1730 0.193422
1731 0.192136
1732 0.195291
1733 0.195326
1734 0.194904
1735 0.193722
1736 0.192941
1737 0.192116
1738 0.191733
1739 0.191043
1740 0.193229
1741 0.193462
1742 0.19517
1743 0.193626
1744 0.196572
1745 0.193772
1746 0.192738
1747 0.195395
1748 0.192715
1749 0.19234
1750 0.191928
1751 0.195808
1752 0.19348
1753 0.195692
1754 0.193312
1755 0.193462
1756 0.19385
1757 0.194705
1758 0.195068
1759 0.193283
1760 0.19393
1761 0.192541
1762 0.192502
1763 0.191585
1764 0.194323
1765 0.195006
1766 0.195984
1767 0.194479
1768 0.19354
1769 0.192548
1770 0.196374
1771 0.195084
1772 0.193715
1773 0.193808
1774 0.194478
1775 0.196941
1776 0.197373
1777 0.194537
1778 0.19689
1779 0.1987
1780 0.1957
1781 0.19632
1782 0.193898
1783 0.193431
1784 0.1943
1785 0.192585
1786 0.192519
1787 0.192161
1788 0.192302
1789 0.19632
1790 0.194963
1791 0.19333
1792 0.194763
1793 0.192511
1794 0.192003
1795 0.192461
1796 0.193135
1797 0.191893
1798 0.192005
1799 0.191439
1800 0.194099
1801 0.19352
1802 0.192086
1803 0.192032
1804 0.192748
1805 0.192037
1806 0.193516
1807 0.192404
1808 0.192299
1809 0.193992
1810 0.192591
1811 0.194076
1812 0.196325
1813 0.194011
1814 0.193511
1815 0.193354
1816 0.193549
1817 0.19467
1818 0.192705
1819 0.194302
1820 0.194108
1821 0.194395
1822 0.192982
1823 0.192489
1824 0.194971
1825 0.192908
1826 0.196382
1827 0.19423
1828 0.193905
1829 0.192976
1830 0.193036
1831 0.191905
1832 0.191731
1833 0.191088
1834 0.191758
1835 0.191685
1836 0.191763
1837 0.195443
1838 0.193557
1839 0.196148
1840 0.196621
1841 0.193966
1842 0.193226
1843 0.192854
1844 0.19242
1845 0.194069
1846 0.193147
1847 0.195124
1848 0.195968
1849 0.193902
1850 0.193457
1851 0.192594
1852 0.19686
1853 0.193371
1854 0.19234
1855 0.19306
1856 0.192013
1857 0.195532
1858 0.194663
1859 0.193339
1860 0.192394
1861 0.192139
1862 0.191145
1863 0.191521
1864 0.193756
1865 0.193463
1866 0.192588
1867 0.193755
1868 0.194442
1869 0.197428
1870 0.194965
1871 0.19478
1872 0.195801
1873 0.193875
1874 0.193084
1875 0.193902
1876 0.197122
1877 0.194012
1878 0.194905
1879 0.195121
1880 0.193175
1881 0.192327
1882 0.194234
1883 0.193793
1884 0.192797
1885 0.192718
1886 0.191989
1887 0.194128
1888 0.197605
1889 0.193825
1890 0.192583
1891 0.193349
1892 0.193372
1893 0.195134
1894 0.194597
1895 0.193503
1896 0.194037
1897 0.192977
1898 0.192633
1899 0.192874
1900 0.192248
1901 0.191688
1902 0.191716
1903 0.192955
1904 0.192494
1905 0.192402
1906 0.191988
1907 0.192519
1908 0.191998
1909 0.191177
1910 0.191278
1911 0.194747
1912 0.192935
1913 0.192377
1914 0.191732
1915 0.192202
1916 0.195254
1917 0.194447
1918 0.193353
1919 0.192726
1920 0.193175
1921 0.192461
1922 0.191914
1923 0.192761
1924 0.193597
1925 0.193099
1926 0.195408
1927 0.193507
1928 0.193891
1929 0.193157
1930 0.192371
1931 0.193279
1932 0.191956
1933 0.191872
1934 0.19267
1935 0.191957
1936 0.19382
1937 0.193768
1938 0.197023
1939 0.194867
1940 0.194158
1941 0.193943
1942 0.192738
1943 0.192561
1944 0.191604
1945 0.191539
1946 0.193987
1947 0.194373
1948 0.193975
1949 0.193278
1950 0.192465
1951 0.192045
1952 0.195982
1953 0.192852
1954 0.19338
1955 0.192629
1956 0.192222
1957 0.193116
1958 0.191982
1959 0.195986
1960 0.19381
1961 0.19366
1962 0.192718
1963 0.19361
1964 0.194373
1965 0.194675
1966 0.192965
1967 0.193027
1968 0.193707
1969 0.192914
1970 0.193218
1971 0.192404
1972 0.192477
1973 0.191937
1974 0.191836
1975 0.192774
1976 0.19431
1977 0.194548
1978 0.195467
1979 0.193765
1980 0.193829
1981 0.19611
1982 0.196358
1983 0.195545
1984 0.196896
1985 0.194201
1986 0.195373
1987 0.193453
1988 0.192133
1989 0.1918
1990 0.193004
1991 0.192901
1992 0.192599
1993 0.193071
1994 0.192446
1995 0.192299
1996 0.192956
1997 0.196406
1998 0.19327
1999 0.195004
2000 0.193096
2001 0.192855
2002 0.191986
2003 0.191187
2004 0.19536
2005 0.197302
2006 0.196843
2007 0.19434
2008 0.196233
2009 0.194009
2010 0.193088
2011 0.192623
2012 0.192166
2013 0.19166
2014 0.191479
2015 0.192706
2016 0.194069
2017 0.196813
2018 0.195901
2019 0.19471
2020 0.195193
2021 0.193523
2022 0.194301
2023 0.192397
2024 0.191929
2025 0.193888
2026 0.193168
2027 0.192694
2028 0.192299
2029 0.194953
2030 0.19298
2031 0.194663
2032 0.196658
2033 0.19361
2034 0.193904
2035 0.193568
2036 0.192993
2037 0.194024
2038 0.19301
2039 0.192619
2040 0.195332
2041 0.195665
2042 0.1976
2043 0.195349
2044 0.194134
2045 0.194447
2046 0.19703
2047 0.197522
2048 0.194505
2049 0.193832
2050 0.192969
2051 0.191118
2052 0.191578
2053 0.191159
2054 0.192046
2055 0.192771
2056 0.196587
2057 0.197766
2058 0.196365
2059 0.19429
2060 0.196795
2061 0.198609
2062 0.195571
2063 0.194645
2064 0.195523
2065 0.197841
2066 0.195835
2067 0.194115
2068 0.193554
2069 0.194135
2070 0.193919
2071 0.192679
2072 0.192213
2073 0.192947
2074 0.192621
2075 0.194642
2076 0.195499
2077 0.193434
2078 0.193202
2079 0.193594
2080 0.193987
2081 0.194299
2082 0.193606
2083 0.194274
2084 0.196405
2085 0.194102
2086 0.193703
2087 0.19481
2088 0.193149
2089 0.192312
2090 0.191752
2091 0.191885
2092 0.190993
2093 0.190627
2094 0.190901
2095 0.192554
2096 0.192089
2097 0.195709
2098 0.19752
2099 0
