0 0.167371
1 0.162666
2 0.154289
3 0.143824
4 0.134469
5 0.128537
6 0.126211
7 0.124114
8 0.122204
9 0.124626
10 0.127149
11 0.135334
12 0.145732
13 0.165347
14 0.160749
15 0.176503
16 0.15928
17 0.177392
18 0.181242
19 0.181685
20 0.180529
21 0.179218
22 0.176267
23 0.17312
24 0.171389
25 0.17291
26 0.176546
27 0.17999
28 0.177806
29 0.173461
30 0.171659
31 0.170351
32 0.171419
33 0.174649
34 0.176074
35 0.179256
36 0.17655
37 0.170066
38 0.170174
39 0.174996
40 0.179203
41 0.178815
42 0.179602
43 0.176081
44 0.172837
45 0.171818
46 0.173154
47 0.173849
48 0.178616
49 0.179791
50 0.171826
51 0.170732
52 0.172703
53 0.171986
54 0.176755
55 0.177424
56 0.177759
57 0.174565
58 0.168767
59 0.167424
60 0.170994
61 0.17865
62 0.176326
63 0.177817
64 0.175068
65 0.170923
66 0.169557
67 0.17135
68 0.17764
69 0.178572
70 0.176817
71 0.175579
72 0.171353
73 0.16978
74 0.171106
75 0.173741
76 0.175776
77 0.178397
78 0.173889
79 0.172394
80 0.17114
81 0.172639
82 0.178538
83 0.177941
84 0.17821
85 0.173946
86 0.171173
87 0.169545
88 0.168597
89 0.175031
90 0.17842
91 0.177889
92 0.173845
93 0.171719
94 0.17158
95 0.170598
96 0.171887
97 0.175546
98 0.180167
99 0.174659
100 0.171042
101 0.170286
102 0.1738
103 0.172743
104 0.174728
105 0.179366
106 0.176975
107 0.17155
108 0.16984
109 0.169252
110 0.172195
111 0.175196
112 0.177725
113 0.1757
114 0.176033
115 0.173348
116 0.171817
117 0.17198
118 0.175303
119 0.180765
120 0.176057
121 0.175073
122 0.170183
123 0.171465
124 0.174042
125 0.17633
126 0.17682
127 0.179866
128 0.17545
129 0.170114
130 0.169702
131 0.172878
132 0.177151
133 0.178904
134 0.175595
135 0.17376
136 0.173664
137 0.173086
138 0.171904
139 0.177487
140 0.181757
141 0.1772
142 0.171209
143 0.170639
144 0.169529
145 0.171336
146 0.177811
147 0.177427
148 0.179239
149 0.173536
150 0.17093
151 0.169135
152 0.174218
153 0.176839
154 0.178542
155 0.176715
156 0.174253
157 0.17241
158 0.172625
159 0.17179
160 0.174187
161 0.178879
162 0.17618
163 0.173845
164 0.171651
165 0.174079
166 0.175895
167 0.176332
168 0.176577
169 0.178704
170 0.174676
171 0.169015
172 0.17038
173 0.173685
174 0.176633
175 0.179754
176 0.174904
177 0.176401
178 0.172593
179 0.172381
180 0.171821
181 0.17621
182 0.181569
183 0.174835
184 0.173847
185 0.168708
186 0.173128
187 0.176738
188 0.175851
189 0.177421
190 0.180685
191 0.174283
192 0.171217
193 0.170871
194 0.174079
195 0.179617
196 0.176546
197 0.174763
198 0.171595
199 0.169813
200 0.172091
201 0.173322
202 0.176982
203 0.180396
204 0.178427
205 0.171761
206 0.168338
207 0.16979
208 0.176134
209 0.178069
210 0.175378
211 0.181188
212 0.174884
213 0.168579
214 0.169218
215 0.176702
216 0.176502
217 0.178289
218 0.178035
219 0.172459
220 0.173439
221 0.172384
222 0.170238
223 0.178188
224 0.179617
225 0.176229
226 0.174272
227 0.170236
228 0.169508
229 0.17622
230 0.178542
231 0.175197
232 0.179061
233 0.174726
234 0.170907
235 0.170705
236 0.177536
237 0.177923
238 0.178761
239 0.17744
240 0.171359
241 0.170944
242 0.170776
243 0.171943
244 0.175099
245 0.177803
246 0.178849
247 0.173169
248 0.168534
249 0.174404
250 0.175689
251 0.178077
252 0.176199
253 0.177947
254 0.172663
255 0.168993
256 0.170078
257 0.174646
258 0.178709
259 0.179564
260 0.17716
261 0.172183
262 0.169743
263 0.171984
264 0.173716
265 0.174197
266 0.181649
267 0.178976
268 0.170413
269 0.171549
270 0.172671
271 0.173766
272 0.176967
273 0.178901
274 0.177419
275 0.174242
276 0.169971
277 0.168791
278 0.177407
279 0.176724
280 0.178383
281 0.177357
282 0.171197
283 0.173723
284 0.170969
285 0.174946
286 0.176049
287 0.181148
288 0.177224
289 0.171217
290 0.171729
291 0.17463
292 0.17817
293 0.177495
294 0.178619
295 0.174067
296 0.172295
297 0.169925
298 0.171599
299 0.177523
300 0.179526
301 0.178402
302 0.174341
303 0.170852
304 0.168761
305 0.173846
306 0.177294
307 0.176867
308 0.179612
309 0.176864
310 0.172313
311 0.168803
312 0.171873
313 0.176662
314 0.176843
315 0.176763
316 0.1748
317 0.174104
318 0.169746
319 0.173808
320 0.175542
321 0.178803
322 0.179538
323 0.172396
324 0.17138
325 0.171334
326 0.174546
327 0.17718
328 0.178222
329 0.177147
330 0.174175
331 0.170423
332 0.169512
333 0.172568
334 0.178564
335 0.176615
336 0.17681
337 0.174412
338 0.17039
339 0.170339
340 0.172046
341 0.176511
342 0.179931
343 0.177354
344 0.172234
345 0.169744
346 0.170491
347 0.175668
348 0.174927
349 0.179542
350 0.177527
351 0.174647
352 0.172714
353 0.167756
354 0.176197
355 0.176347
356 0.177246
357 0.177309
358 0.17634
359 0.171369
360 0.171448
361 0.174311
362 0.174361
363 0.178801
364 0.178092
365 0.171145
366 0.170083
367 0.169718
368 0.175094
369 0.178095
370 0.175974
371 0.178709
372 0.172545
373 0.168229
374 0.168462
375 0.173997
376 0.177828
377 0.178933
378 0.178665
379 0.176084
380 0.172179
381 0.171576
382 0.171928
383 0.173615
384 0.179184
385 0.177648
386 0.171724
387 0.170778
388 0.171108
389 0.17559
390 0.176794
391 0.176459
392 0.177708
393 0.174996
394 0.170735
395 0.168764
396 0.171865
397 0.178185
398 0.178469
399 0.177068
400 0.174088
401 0.173298
402 0.172498
403 0.170667
404 0.176953
405 0.180939
406 0.17531
407 0.175223
408 0.171678
409 0.173562
410 0.174842
411 0.177446
412 0.178986
413 0.177807
414 0.174044
415 0.171908
416 0.169361
417 0.176772
418 0.17997
419 0.1795
420 0.174304
421 0.171888
422 0.172318
423 0.168917
424 0.171149
425 0.176913
426 0.178243
427 0.178274
428 0.172912
429 0.172807
430 0.170432
431 0.172602
432 0.177095
433 0.179389
434 0.177262
435 0.171922
436 0.173236
437 0.171728
438 0.172913
439 0.179124
440 0.180259
441 0.176086
442 0.172028
443 0.173149
444 0.174913
445 0.174311
446 0.175656
447 0.177979
448 0.176012
449 0.169732
450 0.170146
451 0.173782
452 0.17766
453 0.17574
454 0.176201
455 0.174908
456 0.171812
457 0.168994
458 0.171723
459 0.177478
460 0.180508
461 0.176494
462 0.177124
463 0.173203
464 0.170464
465 0.174953
466 0.17815
467 0.176684
468 0.179034
469 0.175968
470 0.169436
471 0.170576
472 0.171791
473 0.179431
474 0.180201
475 0.179129
476 0.175363
477 0.171967
478 0.173599
479 0.169872
480 0.177402
481 0.181145
482 0.177574
483 0.173374
484 0.170214
485 0.173697
486 0.176148
487 0.177435
488 0.176248
489 0.177225
490 0.175518
491 0.169997
492 0.167563
493 0.17599
494 0.177235
495 0.178005
496 0.17618
497 0.173301
498 0.171091
499 0.16964
500 0.172434
501 0.176268
502 0.180671
503 0.176026
504 0.17546
505 0.171691
506 0.172459
507 0.173416
508 0.177222
509 0.17503
510 0.175976
511 0.175493
512 0.170143
513 0.172213
514 0.174603
515 0.180731
516 0.179749
517 0.176245
518 0.173313
519 0.172585
520 0.170702
521 0.172997
522 0.17619
523 0.180916
524 0.175057
525 0.172388
526 0.172007
527 0.172278
528 0.175942
529 0.178226
530 0.178733
531 0.177658
532 0.174237
533 0.171498
534 0.171075
535 0.174178
536 0.179823
537 0.178596
538 0.174123
539 0.174217
540 0.172163
541 0.172174
542 0.174127
543 0.179364
544 0.180035
545 0.172988
546 0.170227
547 0.170734
548 0.172935
549 0.17741
550 0.178385
551 0.176759
552 0.175543
553 0.17164
554 0.171877
555 0.17154
556 0.174872
557 0.181487
558 0.17999
559 0.174372
560 0.170972
561 0.169821
562 0.174009
563 0.17563
564 0.177304
565 0.178039
566 0.175695
567 0.170192
568 0.168676
569 0.174569
570 0.178774
571 0.176452
572 0.176692
573 0.174756
574 0.169588
575 0.17054
576 0.173128
577 0.177396
578 0.178605
579 0.177999
580 0.174136
581 0.168514
582 0.171091
583 0.174575
584 0.17759
585 0.179609
586 0.180932
587 0.175861
588 0.169516
589 0.170891
590 0.17226
591 0.180221
592 0.177333
593 0.178823
594 0.172159
595 0.169873
596 0.173695
597 0.171815
598 0.177417
599 0.180079
600 0.176167
601 0.173053
602 0.171637
603 0.170721
604 0.175911
605 0.177084
606 0.177557
607 0.174774
608 0.174584
609 0.169996
610 0.168118
611 0.176068
612 0.176278
613 0.176339
614 0.176279
615 0.173896
616 0.16977
617 0.16943
618 0.172977
619 0.174367
620 0.178461
621 0.176275
622 0.173629
623 0.169673
624 0.172293
625 0.174122
626 0.178545
627 0.176836
628 0.177302
629 0.173902
630 0.172149
631 0.168846
632 0.173079
633 0.180154
634 0.178961
635 0.174502
636 0.173157
637 0.173409
638 0.169611
639 0.172741
640 0.175694
641 0.179494
642 0.179374
643 0.174942
644 0.170948
645 0.173328
646 0.175661
647 0.178001
648 0.175233
649 0.177322
650 0.173101
651 0.171336
652 0.170531
653 0.176271
654 0.180097
655 0.176786
656 0.175963
657 0.173279
658 0.17012
659 0.171756
660 0.17177
661 0.176227
662 0.178115
663 0.175083
664 0.172507
665 0.171592
666 0.170255
667 0.175405
668 0.17846
669 0.17691
670 0.175586
671 0.172771
672 0.168932
673 0.170604
674 0.172658
675 0.177229
676 0.181118
677 0.178102
678 0.170784
679 0.172155
680 0.173529
681 0.172363
682 0.178451
683 0.178589
684 0.175267
685 0.171834
686 0.170106
687 0.170063
688 0.17411
689 0.176579
690 0.175603
691 0.17552
692 0.17421
693 0.170116
694 0.168336
695 0.173259
696 0.177779
697 0.179178
698 0.176155
699 0.174779
700 0.171982
701 0.171134
702 0.173074
703 0.176648
704 0.180269
705 0.17838
706 0.174782
707 0.16975
708 0.171592
709 0.173294
710 0.175026
711 0.178641
712 0.174887
713 0.174249
714 0.169866
715 0.170733
716 0.175404
717 0.180704
718 0.179187
719 0.178253
720 0.17265
721 0.169556
722 0.170705
723 0.171747
724 0.177909
725 0.181098
726 0.175368
727 0.172704
728 0.172478
729 0.171313
730 0.172938
731 0.178086
732 0.175187
733 0.177675
734 0.172331
735 0.171871
736 0.170914
737 0.175011
738 0.180218
739 0.17912
740 0.174558
741 0.170755
742 0.17246
743 0.169784
744 0.172128
745 0.17776
746 0.177998
747 0.174541
748 0.172304
749 0.170854
750 0.168681
751 0.173219
752 0.178925
753 0.174979
754 0.17852
755 0.173718
756 0.168015
757 0.168787
758 0.174992
759 0.180286
760 0.177948
761 0.1792
762 0.174348
763 0.171471
764 0.169128
765 0.171391
766 0.17501
767 0.177005
768 0.178052
769 0.175647
770 0.171188
771 0.172916
772 0.174016
773 0.174602
774 0.174432
775 0.178754
776 0.173198
777 0.168447
778 0.168539
779 0.172566
780 0.178863
781 0.179698
782 0.175686
783 0.177735
784 0.171212
785 0.167805
786 0.170829
787 0.175742
788 0.18021
789 0.176723
790 0.173986
791 0.173007
792 0.171749
793 0.173993
794 0.175437
795 0.178129
796 0.176854
797 0.17394
798 0.170259
799 0.168338
800 0.171037
801 0.177815
802 0.177505
803 0.175243
804 0.175238
805 0.172107
806 0.168022
807 0.1718
808 0.173857
809 0.179565
810 0.178538
811 0.175686
812 0.17307
813 0.16919
814 0.170926
815 0.174619
816 0.176136
817 0.181059
818 0.177906
819 0.170982
820 0.17008
821 0.17153
822 0.174549
823 0.177403
824 0.175684
825 0.175602
826 0.172022
827 0.168358
828 0.171955
829 0.173635
830 0.179215
831 0.178632
832 0.17405
833 0.173959
834 0.169922
835 0.168973
836 0.172372
837 0.176342
838 0.180785
839 0.175874
840 0.172553
841 0.171355
842 0.170284
843 0.172824
844 0.178437
845 0.177341
846 0.176891
847 0.174199
848 0.169977
849 0.169688
850 0.172281
851 0.176139
852 0.176912
853 0.177385
854 0.173664
855 0.17137
856 0.173331
857 0.172212
858 0.17725
859 0.178019
860 0.17627
861 0.171992
862 0.17149
863 0.17025
864 0.171673
865 0.178773
866 0.177747
867 0.17946
868 0.173979
869 0.169976
870 0.169597
871 0.17479
872 0.178063
873 0.177573
874 0.175591
875 0.17288
876 0.17179
877 0.171176
878 0.17115
879 0.17833
880 0.181249
881 0.176425
882 0.173112
883 0.169568
884 0.171288
885 0.17432
886 0.174963
887 0.176691
888 0.179953
889 0.174124
890 0.169722
891 0.171006
892 0.174754
893 0.177959
894 0.179655
895 0.176569
896 0.174627
897 0.169424
898 0.171018
899 0.170641
900 0.177384
901 0.177543
902 0.175904
903 0.174176
904 0.17259
905 0.172914
906 0.17487
907 0.178868
908 0.178207
909 0.178741
910 0.172841
911 0.171616
912 0.172511
913 0.172242
914 0.181359
915 0.178034
916 0.17564
917 0.17152
918 0.170739
919 0.174757
920 0.172481
921 0.177337
922 0.17716
923 0.17468
924 0.172468
925 0.168685
926 0.173204
927 0.175653
928 0.178669
929 0.175969
930 0.178058
931 0.17178
932 0.168419
933 0.17074
934 0.173997
935 0.177787
936 0.178554
937 0.173996
938 0.17393
939 0.168833
940 0.169738
941 0.174378
942 0.175409
943 0.177728
944 0.177069
945 0.172202
946 0.169468
947 0.169284
948 0.172328
949 0.177416
950 0.178685
951 0.176524
952 0.173181
953 0.173022
954 0.166687
955 0.173389
956 0.177433
957 0.175914
958 0.17702
959 0.174703
960 0.171995
961 0.172623
962 0.173269
963 0.175213
964 0.178804
965 0.176186
966 0.175005
967 0.171659
968 0.172632
969 0.174922
970 0.179324
971 0.178379
972 0.175806
973 0.171585
974 0.169069
975 0.169945
976 0.174434
977 0.178604
978 0.180193
979 0.174931
980 0.173451
981 0.170951
982 0.170606
983 0.174606
984 0.177178
985 0.180172
986 0.176137
987 0.171466
988 0.168514
989 0.170893
990 0.176913
991 0.174896
992 0.17727
993 0.175561
994 0.174027
995 0.171685
996 0.17103
997 0.172837
998 0.176816
999 0.180542
1000 0.176586
1001 0.17364
1002 0.172112
1003 0.170303
1004 0.175778
1005 0.174225
1006 0.180762
1007 0.176979
1008 0.171529
1009 0.168581
1010 0.172686
1011 0.173376
1012 0.178956
1013 0.176383
1014 0.177882
1015 0.174445
1016 0.16968
1017 0.171358
1018 0.174281
1019 0.179099
1020 0.177377
1021 0.176364
1022 0.170276
1023 0.169955
1024 0.171034
1025 0.172367
1026 0.174477
1027 0.180722
1028 0.176078
1029 0.172696
1030 0.168071
1031 0.17147
1032 0.174845
1033 0.175315
1034 0.175685
1035 0.176705
1036 0.17619
1037 0.171058
1038 0.171853
1039 0.174213
1040 0.178901
1041 0.178426
1042 0.174282
1043 0.17486
1044 0.171284
1045 0.168671
1046 0.171075
1047 0.17727
1048 0.180729
1049 0.17733
1050 0.174036
1051 0.170381
1052 0.17054
1053 0.176039
1054 0.177347
1055 0.17953
1056 0.179308
1057 0.175362
1058 0.168193
1059 0.170114
1060 0.172239
1061 0.176797
1062 0.180386
1063 0.176423
1064 0.172496
1065 0.172249
1066 0.170508
1067 0.17031
1068 0.177819
1069 0.179115
1070 0.176952
1071 0.175203
1072 0.169378
1073 0.174404
1074 0.173999
1075 0.175594
1076 0.177445
1077 0.178351
1078 0.175256
1079 0.169408
1080 0.169269
1081 0.175737
1082 0.177834
1083 0.178343
1084 0.177159
1085 0.175869
1086 0.171178
1087 0.16867
1088 0.173859
1089 0.177565
1090 0.179615
1091 0.175959
1092 0.171617
1093 0.171718
1094 0.169131
1095 0.173655
1096 0.177612
1097 0.179506
1098 0.176054
1099 0.174775
1100 0.169084
1101 0.169411
1102 0.175567
1103 0.179124
1104 0.176548
1105 0.176695
1106 0.173927
1107 0.171776
1108 0.172551
1109 0.176413
1110 0.174446
1111 0.180259
1112 0.176454
1113 0.171779
1114 0.168368
1115 0.17025
1116 0.177345
1117 0.177295
1118 0.175951
1119 0.175636
1120 0.171859
1121 0.172058
1122 0.167421
1123 0.175376
1124 0.181803
1125 0.178619
1126 0.177508
1127 0.173535
1128 0.171703
1129 0.173879
1130 0.173272
1131 0.177728
1132 0.178781
1133 0.176558
1134 0.171166
1135 0.168859
1136 0.174186
1137 0.174482
1138 0.17909
1139 0.179486
1140 0.177093
1141 0.173741
1142 0.171854
1143 0.16994
1144 0.173538
1145 0.181814
1146 0.177727
1147 0.176064
1148 0.169488
1149 0.172383
1150 0.175887
1151 0.174694
1152 0.179282
1153 0.178778
1154 0.174642
1155 0.172898
1156 0.168441
1157 0.172548
1158 0.177258
1159 0.179785
1160 0.176195
1161 0.174694
1162 0.172527
1163 0.171919
1164 0.171317
1165 0.173683
1166 0.181129
1167 0.176647
1168 0.173875
1169 0.169191
1170 0.171737
1171 0.17428
1172 0.177389
1173 0.176534
1174 0.180372
1175 0.176282
1176 0.170631
1177 0.168107
1178 0.173299
1179 0.176374
1180 0.178148
1181 0.175558
1182 0.174413
1183 0.17227
1184 0.170692
1185 0.171417
1186 0.174738
1187 0.17876
1188 0.179973
1189 0.173081
1190 0.17161
1191 0.173828
1192 0.172241
1193 0.172907
1194 0.178569
1195 0.178092
1196 0.175092
1197 0.173492
1198 0.170127
1199 0.174997
1200 0.180145
1201 0.177602
1202 0.174694
1203 0.175247
1204 0.170883
1205 0.169243
1206 0.169431
1207 0.178033
1208 0.180248
1209 0.174853
1210 0.173706
1211 0.171418
1212 0.169135
1213 0.173679
1214 0.172722
1215 0.17783
1216 0.177275
1217 0.176415
1218 0.171992
1219 0.17114
1220 0.17266
1221 0.178792
1222 0.178623
1223 0.176614
1224 0.174215
1225 0.170675
1226 0.170657
1227 0.170785
1228 0.175311
1229 0.180213
1230 0.176666
1231 0.174392
1232 0.172098
1233 0.16897
1234 0.174686
1235 0.17757
1236 0.17966
1237 0.180708
1238 0.175665
1239 0.172121
1240 0.167734
1241 0.172369
1242 0.179365
1243 0.175736
1244 0.175935
1245 0.173512
1246 0.174092
1247 0.171954
1248 0.169398
1249 0.174477
1250 0.178072
1251 0.177533
1252 0.175741
1253 0.171314
1254 0.173829
1255 0.173816
1256 0.177014
1257 0.177236
1258 0.177206
1259 0.173697
1260 0.170871
1261 0.16882
1262 0.170014
1263 0.180001
1264 0.179436
1265 0.178203
1266 0.175301
1267 0.171955
1268 0.168791
1269 0.170072
1270 0.175009
1271 0.180179
1272 0.178464
1273 0.176535
1274 0.169251
1275 0.172476
1276 0.176376
1277 0.17651
1278 0.177998
1279 0.180394
1280 0.173974
1281 0.170009
1282 0.167687
1283 0.175613
1284 0.176011
1285 0.178693
1286 0.176568
1287 0.176865
1288 0.171066
1289 0.170547
1290 0.17294
1291 0.174815
1292 0.180519
1293 0.176015
1294 0.173125
1295 0.170301
1296 0.173862
1297 0.174429
1298 0.177229
1299 0.177727
1300 0.176309
1301 0.175741
1302 0.169389
1303 0.170151
1304 0.175673
1305 0.178195
1306 0.177269
1307 0.176163
1308 0.171908
1309 0.169131
1310 0.168837
1311 0.172644
1312 0.174058
1313 0.178677
1314 0.179793
1315 0.174249
1316 0.169815
1317 0.169863
1318 0.176199
1319 0.173305
1320 0.175403
1321 0.177523
1322 0.174621
1323 0.170893
1324 0.169647
1325 0.171811
1326 0.177881
1327 0.177281
1328 0.177217
1329 0.174819
1330 0.172984
1331 0.169223
1332 0.168877
1333 0.175501
1334 0.179789
1335 0.179541
1336 0.173291
1337 0.171492
1338 0.170164
1339 0.171971
1340 0.172803
1341 0.179515
1342 0.181994
1343 0.174405
1344 0.170434
1345 0.172146
1346 0.172202
1347 0.174024
1348 0.180141
1349 0.175451
1350 0.176663
1351 0.172041
1352 0.16953
1353 0.171314
1354 0.175732
1355 0.180301
1356 0.179393
1357 0.174029
1358 0.17347
1359 0.169729
1360 0.169761
1361 0.173525
1362 0.175115
1363 0.180038
1364 0.174584
1365 0.173689
1366 0.167841
1367 0.172608
1368 0.178452
1369 0.176958
1370 0.177977
1371 0.178234
1372 0.173032
1373 0.169963
1374 0.171404
1375 0.175826
1376 0.177638
1377 0.178611
1378 0.17426
1379 0.169991
1380 0.171787
1381 0.174498
1382 0.175277
1383 0.177276
1384 0.182266
1385 0.175637
1386 0.170154
1387 0.17188
1388 0.171974
1389 0.178882
1390 0.180578
1391 0.177676
1392 0.175139
1393 0.169715
1394 0.171379
1395 0.172866
1396 0.175881
1397 0.181384
1398 0.178091
1399 0.172499
1400 0.170328
1401 0.170883
1402 0.171181
1403 0.177972
1404 0.179235
1405 0.177224
1406 0.174415
1407 0.172845
1408 0.169366
1409 0.173156
1410 0.178023
1411 0.180098
1412 0.174468
1413 0.175536
1414 0.17057
1415 0.169919
1416 0.172669
1417 0.17618
1418 0.177495
1419 0.177042
1420 0.174652
1421 0.168896
1422 0.171509
1423 0.177065
1424 0.174925
1425 0.177287
1426 0.176511
1427 0.173829
1428 0.170968
1429 0.168514
1430 0.17208
1431 0.176773
1432 0.180235
1433 0.174499
1434 0.177025
1435 0.172525
1436 0.167575
1437 0.171764
1438 0.175839
1439 0.179778
1440 0.176946
1441 0.172942
1442 0.171301
1443 0.173009
1444 0.171871
1445 0.174973
1446 0.180056
1447 0.179935
1448 0.175228
1449 0.171301
1450 0.172793
1451 0.171709
1452 0.179824
1453 0.179128
1454 0.176157
1455 0.172466
1456 0.16956
1457 0.173189
1458 0.170105
1459 0.175608
1460 0.181776
1461 0.177262
1462 0.174032
1463 0.170936
1464 0.174032
1465 0.175848
1466 0.176691
1467 0.17904
1468 0.176679
1469 0.174139
1470 0.171396
1471 0.168131
1472 0.173169
1473 0.180934
1474 0.178486
1475 0.174982
1476 0.176013
1477 0.172617
1478 0.172338
1479 0.17603
1480 0.178893
1481 0.179937
1482 0.17646
1483 0.172292
1484 0.169685
1485 0.17397
1486 0.176324
1487 0.175831
1488 0.178347
1489 0.177071
1490 0.170283
1491 0.168826
1492 0.169373
1493 0.176571
1494 0.177313
1495 0.178294
1496 0.175013
1497 0.173767
1498 0.16976
1499 0.172243
1500 0.173435
1501 0.17702
1502 0.178487
1503 0.176088
1504 0.172719
1505 0.169566
1506 0.171665
1507 0.174851
1508 0.177653
1509 0.177464
1510 0.175488
1511 0.172645
1512 0.17193
1513 0.172116
1514 0.176724
1515 0.180409
1516 0.178194
1517 0.175813
1518 0.169854
1519 0.170836
1520 0.172953
1521 0.172308
1522 0.174306
1523 0.178319
1524 0.175993
1525 0.170078
1526 0.16992
1527 0.172404
1528 0.174747
1529 0.177516
1530 0.179872
1531 0.176304
1532 0.174421
1533 0.171225
1534 0.170749
1535 0.175476
1536 0.177806
1537 0.177048
1538 0.173482
1539 0.173099
1540 0.171979
1541 0.17146
1542 0.172788
1543 0.175986
1544 0.177425
1545 0.175917
1546 0.171476
1547 0.171966
1548 0.172143
1549 0.177226
1550 0.176057
1551 0.176703
1552 0.176033
1553 0.174129
1554 0.172087
1555 0.169508
1556 0.177888
1557 0.17973
1558 0.177921
1559 0.173989
1560 0.173089
1561 0.170054
1562 0.172294
1563 0.17464
1564 0.178358
1565 0.179921
1566 0.177215
1567 0.171471
1568 0.167724
1569 0.174046
1570 0.1756
1571 0.175201
1572 0.176185
1573 0.176909
1574 0.173123
1575 0.171504
1576 0.17044
1577 0.173356
1578 0.178992
1579 0.179837
1580 0.175799
1581 0.171989
1582 0.169641
1583 0.174194
1584 0.174218
1585 0.174643
1586 0.178551
1587 0.175916
1588 0.172126
1589 0.16783
1590 0.174238
1591 0.17838
1592 0.177566
1593 0.179641
1594 0.175847
1595 0.173528
1596 0.170629
1597 0.171959
1598 0.173083
1599 0.177005
1600 0.179788
1601 0.174741
1602 0.170807
1603 0.172159
1604 0.172999
1605 0.174881
1606 0.17757
1607 0.181672
1608 0.176148
1609 0.173058
1610 0.170001
1611 0.174713
1612 0.175858
1613 0.179022
1614 0.178697
1615 0.175562
1616 0.170778
1617 0.17316
1618 0.17218
1619 0.174032
1620 0.177614
1621 0.176555
1622 0.171979
1623 0.171086
1624 0.173013
1625 0.175867
1626 0.175408
1627 0.179685
1628 0.176633
1629 0.175182
1630 0.171889
1631 0.169273
1632 0.174136
1633 0.179953
1634 0.176466
1635 0.176145
1636 0.176315
1637 0.171605
1638 0.172145
1639 0.172754
1640 0.17865
1641 0.178418
1642 0.17611
1643 0.171841
1644 0.172307
1645 0.168779
1646 0.174529
1647 0.176279
1648 0.176273
1649 0.175779
1650 0.174669
1651 0.169274
1652 0.171411
1653 0.173033
1654 0.175893
1655 0.176974
1656 0.175874
1657 0.172112
1658 0.170453
1659 0.168873
1660 0.169273
1661 0.174005
1662 0.180004
1663 0.177347
1664 0.174634
1665 0.172508
1666 0.171008
1667 0.170832
1668 0.174649
1669 0.174866
1670 0.181741
1671 0.175909
1672 0.173139
1673 0.168832
1674 0.175371
1675 0.178152
1676 0.174875
1677 0.178902
1678 0.175998
1679 0.172101
1680 0.169553
1681 0.172428
1682 0.172934
1683 0.181064
1684 0.179254
1685 0.175323
1686 0.170881
1687 0.169211
1688 0.172437
1689 0.175318
1690 0.176636
1691 0.180829
1692 0.175391
1693 0.171186
1694 0.170654
1695 0.1739
1696 0.178009
1697 0.176755
1698 0.177408
1699 0.175834
1700 0.170631
1701 0.169365
1702 0.171103
1703 0.174882
1704 0.181031
1705 0.177738
1706 0.176456
1707 0.169823
1708 0.172027
1709 0.172976
1710 0.175507
1711 0.174555
1712 0.179096
1713 0.178094
1714 0.169058
1715 0.17125
1716 0.174896
1717 0.176264
1718 0.177178
1719 0.175928
1720 0.17738
1721 0.171518
1722 0.170031
1723 0.172243
1724 0.177694
1725 0.177827
1726 0.176689
1727 0.175043
1728 0.172962
1729 0.168511
1730 0.171379
1731 0.177555
1732 0.178033
1733 0.179527
1734 0.173697
1735 0.17149
1736 0.16796
1737 0.17176
1738 0.176
1739 0.179232
1740 0.177333
1741 0.176824
1742 0.171552
1743 0.172463
1744 0.168944
1745 0.174926
1746 0.181379
1747 0.17606
1748 0.173467
1749 0.171731
1750 0.17346
1751 0.17217
1752 0.176849
1753 0.175676
1754 0.180121
1755 0.176415
1756 0.171687
1757 0.170508
1758 0.172135
1759 0.17842
1760 0.17717
1761 0.175664
1762 0.173001
1763 0.173551
1764 0.171884
1765 0.172579
1766 0.176281
1767 0.179517
1768 0.176582
1769 0.176083
1770 0.170547
1771 0.168982
1772 0.175037
1773 0.177221
1774 0.178873
1775 0.179608
1776 0.173587
1777 0.172861
1778 0.171784
1779 0.173981
1780 0.180901
1781 0.17882
1782 0.174869
1783 0.173269
1784 0.169741
1785 0.17075
1786 0.171607
1787 0.176924
1788 0.181448
1789 0.176831
1790 0.17144
1791 0.17249
1792 0.169558
1793 0.173019
1794 0.177461
1795 0.178113
1796 0.175777
1797 0.172012
1798 0.17054
1799 0.170801
1800 0.173526
1801 0.176686
1802 0.179106
1803 0.176426
1804 0.171212
1805 0.172284
1806 0.171481
1807 0.1701
1808 0.177647
1809 0.179135
1810 0.177279
1811 0.174876
1812 0.169862
1813 0.172304
1814 0.175518
1815 0.176923
1816 0.178377
1817 0.176431
1818 0.174832
1819 0.171071
1820 0.170652
1821 0.171793
1822 0.178286
1823 0.180497
1824 0.174472
1825 0.174852
1826 0.171338
1827 0.171969
1828 0.171919
1829 0.17735
1830 0.178319
1831 0.173819
1832 0.171459
1833 0.170689
1834 0.171148
1835 0.17195
1836 0.179428
1837 0.177059
1838 0.179453
1839 0.175308
1840 0.169321
1841 0.169624
1842 0.174105
1843 0.177963
1844 0.1791
1845 0.176179
1846 0.174913
1847 0.172681
1848 0.169791
1849 0.171389
1850 0.176547
1851 0.18121
1852 0.175179
1853 0.172166
1854 0.171492
1855 0.169999
1856 0.176118
1857 0.177598
1858 0.17711
1859 0.176186
1860 0.173718
1861 0.168996
1862 0.169189
1863 0.17526
1864 0.1789
1865 0.177472
1866 0.177534
1867 0.174519
1868 0.173165
1869 0.171732
1870 0.174096
1871 0.178396
1872 0.178644
1873 0.174493
1874 0.173638
1875 0.171476
1876 0.170952
1877 0.176855
1878 0.179959
1879 0.175767
1880 0.175522
1881 0.174012
1882 0.170559
1883 0.169579
1884 0.175186
1885 0.178197
1886 0.178918
1887 0.177249
1888 0.17052
1889 0.170261
1890 0.173767
1891 0.173774
1892 0.177766
1893 0.180145
1894 0.176177
1895 0.172329
1896 0.168144
1897 0.171928
1898 0.177001
1899 0.175618
1900 0.176095
1901 0.176528
1902 0.173178
1903 0.169844
1904 0.170414
1905 0.17419
1906 0.179386
1907 0.176192
1908 0.174649
1909 0.171086
1910 0.172963
1911 0.171572
1912 0.172928
1913 0.175562
1914 0.179936
1915 0.178382
1916 0.173067
1917 0.168729
1918 0.172196
1919 0.176303
1920 0.174584
1921 0.176757
1922 0.178426
1923 0.17442
1924 0.170079
1925 0.17222
1926 0.174129
1927 0.179168
1928 0.178776
1929 0.174931
1930 0.173387
1931 0.16984
1932 0.169337
1933 0.17356
1934 0.175581
1935 0.180891
1936 0.177696
1937 0.174731
1938 0.169919
1939 0.17282
1940 0.176754
1941 0.175429
1942 0.177267
1943 0.175032
1944 0.171521
1945 0.171967
1946 0.170687
1947 0.174945
1948 0.178614
1949 0.177079
1950 0.174453
1951 0.17432
1952 0.169545
1953 0.171326
1954 0.173808
1955 0.175348
1956 0.180052
1957 0.175448
1958 0.174533
1959 0.169644
1960 0.172608
1961 0.17516
1962 0.177722
1963 0.17767
1964 0.17787
1965 0.172726
1966 0.17014
1967 0.170927
1968 0.173801
1969 0.179461
1970 0.177661
1971 0.175607
1972 0.17163
1973 0.169631
1974 0.172444
1975 0.174735
1976 0.177736
1977 0.181184
1978 0.174956
1979 0.172669
1980 0.1712
1981 0.173454
1982 0.177515
1983 0.180564
1984 0.17623
1985 0.177187
1986 0.17034
1987 0.16878
1988 0.169528
1989 0.176401
1990 0.17972
1991 0.177521
1992 0.175573
1993 0.170428
1994 0.169128
1995 0.173146
1996 0.175947
1997 0.174224
1998 0.181956
1999 0.176479
2000 0.169558
2001 0.168822
2002 0.170413
2003 0.178093
2004 0.179975
2005 0.179278
2006 0.176214
2007 0.174493
2008 0.170033
2009 0.170193
2010 0.174467
2011 0.178887
2012 0.176933
2013 0.1733
2014 0.172572
2015 0.172037
2016 0.17418
2017 0.176227
2018 0.177941
2019 0.180633
2020 0.173368
2021 0.17184
2022 0.168393
2023 0.17173
2024 0.178479
2025 0.177944
2026 0.175826
2027 0.17579
2028 0.173883
2029 0.168711
2030 0.172359
2031 0.177458
2032 0.178346
2033 0.17859
2034 0.175242
2035 0.170911
2036 0.171742
2037 0.172438
2038 0.174171
2039 0.179003
2040 0.179915
2041 0.176694
2042 0.171673
2043 0.170064
2044 0.174169
2045 0.179501
2046 0.179747
2047 0.175861
2048 0.173628
2049 0.172269
2050 0.168596
2051 0.168735
2052 0.173499
2053 0.180148
2054 0.178285
2055 0.176503
2056 0.173728
2057 0.172971
2058 0.173464
2059 0.178127
2060 0.179167
2061 0.177966
2062 0.174337
2063 0.172271
2064 0.171605
2065 0.174516
2066 0.178374
2067 0.178154
2068 0.176562
2069 0.172375
2070 0.169055
2071 0.169717
2072 0.173924
2073 0.175803
2074 0.180504
2075 0.178375
2076 0.172332
2077 0.170055
2078 0.172266
2079 0.17606
2080 0.177841
2081 0.177433
2082 0.178037
2083 0.174606
2084 0.169441
2085 0.170781
2086 0.176083
2087 0.178482
2088 0.176548
2089 0.174978
2090 0.170558
2091 0.169294
2092 0.169934
2093 0.172702
2094 0.177037
2095 0.178739
2096 0.178864
2097 0.174831
2098 0.169806
2099 0
