0 -101.343
1 -14.2024
2 -0.915357
3 -9.20427
4 -15.0801
5 -16.4688
6 -18.0685
7 -18.538
8 -18.6808
9 -18.506
10 -18.6007
11 -18.3444
12 -17.9531
13 -17.5028
14 -17.7432
15 -17.7962
16 -17.2496
17 -18.3757
18 -18.6583
19 -15.9262
20 -16.9954
21 -14.0393
22 -15.9842
23 -6.73535
24 -9.27889
25 -10.578
26 -0.604699
27 -4.58686
28 -2.00362
29 0.196859
30 -1.02847
31 0.0563163
32 0.143532
33 0.0222364
34 0.319795
35 0.277851
36 0.426518
37 0.376344
38 0.477578
39 0.330451
40 0.227602
41 0.292586
42 0.218251
43 0.179296
44 0.424984
45 0.372603
46 0.309446
47 0.509046
48 0.482545
49 0.568298
50 0.381666
51 0.280564
52 0.274222
53 0.329383
54 0.37172
55 0.36197
56 0.340582
57 0.511332
58 0.337163
59 0.508859
60 0.512148
61 0.549656
62 0.591819
63 0.339573
64 0.246857
65 0.195771
66 0.318289
67 0.400095
68 0.379341
69 0.482224
70 0.30521
71 0.362789
72 0.348451
73 0.421621
74 0.357786
75 0.50433
76 0.378648
77 0.305011
78 0.434347
79 0.305576
80 0.505515
81 0.558741
82 0.486146
83 0.314462
84 0.416596
85 0.402619
86 0.461926
87 0.496503
88 0.293813
89 0.422401
90 0.386966
91 0.523177
92 0.462169
93 0.364066
94 0.521487
95 0.508201
96 0.385556
97 0.528777
98 0.434195
99 0.509516
100 0.503919
101 0.597026
102 0.605867
103 0.485216
104 0.41946
105 0.477854
106 0.52403
107 0.399285
108 0.35758
109 0.237576
110 0.188452
111 0.362575
112 0.215113
113 0.376115
114 0.356205
115 0.301379
116 0.449823
117 0.265838
118 0.205596
119 0.189935
120 0.185687
121 0.39466
122 0.271932
123 0.470218
124 0.54677
125 0.517198
126 0.44931
127 0.387752
128 0.357364
129 0.434931
130 0.518888
131 0.452309
132 0.366626
133 0.508604
134 0.394346
135 0.39144
136 0.432296
137 0.423418
138 0.284965
139 0.333183
140 0.32992
141 0.242885
142 0.216498
143 0.395952
144 0.243605
145 0.345553
146 0.220718
147 0.402704
148 0.323534
149 0.247279
150 0.431802
151 0.238629
152 0.320371
153 0.256139
154 0.397787
155 0.484019
156 0.391898
157 0.408729
158 0.477544
159 0.37261
160 0.532692
161 0.368397
162 0.456181
163 0.31964
164 0.450428
165 0.262973
166 0.229743
167 0.241749
168 0.288969
169 0.430004
170 0.502356
171 0.555202
172 0.618678
173 0.460156
174 0.377065
175 0.322075
176 0.311731
177 0.302535
178 0.418413
179 0.471919
180 0.38729
181 0.421752
182 0.448974
183 0.392945
184 0.444007
185 0.303806
186 0.279776
187 0.481179
188 0.492527
189 0.359631
190 0.295367
191 0.236909
192 0.238257
193 0.405057
194 0.285014
195 0.309329
196 0.237848
197 0.405806
198 0.437938
199 0.447058
200 0.428723
201 0.468216
202 0.421659
203 0.389701
204 0.382178
205 0.426014
206 0.455523
207 0.329404
208 0.262174
209 0.42276
210 0.408978
211 0.544471
212 0.33521
213 0.460881
214 0.31514
215 0.289802
216 0.36568
217 0.277519
218 0.204112
219 0.418246
220 0.358553
221 0.364476
222 0.238034
223 0.191292
224 0.410684
225 0.478346
226 0.409377
227 0.539225
228 0.476364
229 0.46331
230 0.492036
231 0.431586
232 0.538285
233 0.477343
234 0.554312
235 0.375696
236 0.511884
237 0.522428
238 0.606517
239 0.550083
240 0.550729
241 0.412784
242 0.2992
243 0.309525
244 0.231753
245 0.309068
246 0.378895
247 0.443195
248 0.430329
249 0.386898
250 0.265779
251 0.287323
252 0.307224
253 0.221356
254 0.406189
255 0.465721
256 0.281439
257 0.255063
258 0.287492
259 0.33967
260 0.439439
261 0.2997
262 0.241763
263 0.351507
264 0.271239
265 0.204402
266 0.344428
267 0.314057
268 0.301196
269 0.269318
270 0.189263
271 0.224666
272 0.429718
273 0.291665
274 0.436012
275 0.438184
276 0.364093
277 0.507963
278 0.397676
279 0.394769
280 0.358183
281 0.275271
282 0.400932
283 0.348804
284 0.329736
285 0.356804
286 0.434832
287 0.526973
288 0.517106
289 0.388434
290 0.402316
291 0.349882
292 0.386446
293 0.38733
294 0.519709
295 0.548393
296 0.330233
297 0.365617
298 0.421289
299 0.261594
300 0.285362
301 0.464521
302 0.273238
303 0.357321
304 0.295664
305 0.272293
306 0.385268
307 0.432732
308 0.355249
309 0.421504
310 0.390111
311 0.50573
312 0.58629
313 0.467819
314 0.569157
315 0.381455
316 0.403938
317 0.383906
318 0.471495
319 0.434932
320 0.373118
321 0.346939
322 0.515994
323 0.35828
324 0.349416
325 0.231442
326 0.187737
327 0.395941
328 0.396723
329 0.262751
330 0.280056
331 0.452464
332 0.29213
333 0.466711
334 0.518767
335 0.322627
336 0.310823
337 0.422948
338 0.40449
339 0.343252
340 0.507151
341 0.463264
342 0.317848
343 0.491931
344 0.445825
345 0.546705
346 0.556078
347 0.61952
348 0.436874
349 0.311988
350 0.473642
351 0.467371
352 0.466447
353 0.36953
354 0.494732
355 0.458649
356 0.559633
357 0.508594
358 0.334936
359 0.427353
360 0.319469
361 0.23431
362 0.256062
363 0.412092
364 0.329672
365 0.302815
366 0.36073
367 0.295466
368 0.415056
369 0.350494
370 0.406675
371 0.441773
372 0.460357
373 0.37269
374 0.268627
375 0.467349
376 0.53272
377 0.525672
378 0.315429
379 0.283697
380 0.481173
381 0.390303
382 0.525689
383 0.352579
384 0.309698
385 0.465501
386 0.539242
387 0.586289
388 0.540962
389 0.412335
390 0.322974
391 0.355873
392 0.251413
393 0.420151
394 0.452754
395 0.325241
396 0.52285
397 0.312571
398 0.480322
399 0.446631
400 0.272363
401 0.288866
402 0.469321
403 0.330822
404 0.495407
405 0.286019
406 0.370152
407 0.329376
408 0.340948
409 0.365038
410 0.324952
411 0.50489
412 0.461371
413 0.418694
414 0.271975
415 0.421206
416 0.454162
417 0.313636
418 0.247664
419 0.293729
420 0.312206
421 0.293746
422 0.222566
423 0.451023
424 0.369581
425 0.501794
426 0.501293
427 0.583925
428 0.524629
429 0.418454
430 0.415204
431 0.269858
432 0.373478
433 0.324933
434 0.403782
435 0.52777
436 0.430055
437 0.477679
438 0.323348
439 0.397171
440 0.298448
441 0.297281
442 0.345008
443 0.451282
444 0.461969
445 0.394373
446 0.252168
447 0.454827
448 0.463146
449 0.482077
450 0.438273
451 0.525403
452 0.405629
453 0.490115
454 0.525606
455 0.567845
456 0.499199
457 0.432635
458 0.530895
459 0.434704
460 0.486476
461 0.437195
462 0.386413
463 0.366131
464 0.504053
465 0.540467
466 0.422582
467 0.51675
468 0.515021
469 0.437446
470 0.481445
471 0.316849
472 0.387393
473 0.346854
474 0.431805
475 0.405535
476 0.519384
477 0.498078
478 0.553198
479 0.381644
480 0.276262
481 0.441124
482 0.457122
483 0.444754
484 0.484533
485 0.434095
486 0.433171
487 0.52848
488 0.366319
489 0.52436
490 0.324299
491 0.296026
492 0.231062
493 0.184082
494 0.431492
495 0.342681
496 0.526373
497 0.50488
498 0.486262
499 0.380222
500 0.304907
501 0.48388
502 0.540698
503 0.541353
504 0.593997
505 0.569978
506 0.466859
507 0.501829
508 0.542314
509 0.344682
510 0.282953
511 0.341334
512 0.453936
513 0.268274
514 0.383056
515 0.478749
516 0.394506
517 0.284721
518 0.215213
519 0.33935
520 0.228285
521 0.370787
522 0.494118
523 0.426817
524 0.303049
525 0.330944
526 0.412163
527 0.369504
528 0.506452
529 0.457088
530 0.491187
531 0.495792
532 0.397486
533 0.369993
534 0.490628
535 0.50921
536 0.332676
537 0.359446
538 0.295936
539 0.360247
540 0.380626
541 0.32171
542 0.276105
543 0.443927
544 0.315792
545 0.363114
546 0.424884
547 0.508821
548 0.29516
549 0.506423
550 0.349973
551 0.251362
552 0.29052
553 0.424572
554 0.279798
555 0.356319
556 0.351162
557 0.329325
558 0.335145
559 0.335236
560 0.450429
561 0.506346
562 0.517689
563 0.344643
564 0.337418
565 0.417699
566 0.372397
567 0.356679
568 0.45278
569 0.285978
570 0.433176
571 0.51659
572 0.58185
573 0.348535
574 0.275663
575 0.333885
576 0.251649
577 0.341735
578 0.46401
579 0.477998
580 0.451918
581 0.566357
582 0.492714
583 0.594055
584 0.595397
585 0.63653
586 0.406429
587 0.357402
588 0.26864
589 0.402262
590 0.282941
591 0.209386
592 0.312971
593 0.372181
594 0.445087
595 0.400337
596 0.347639
597 0.313049
598 0.327428
599 0.366681
600 0.469327
601 0.386902
602 0.505839
603 0.495908
604 0.585732
605 0.43396
606 0.503908
607 0.478429
608 0.577592
609 0.515608
610 0.3518
611 0.328787
612 0.263172
613 0.244239
614 0.205211
615 0.397568
616 0.310067
617 0.301345
618 0.374124
619 0.395322
620 0.373973
621 0.238451
622 0.235282
623 0.182842
624 0.211946
625 0.333203
626 0.350506
627 0.293726
628 0.492016
629 0.528028
630 0.474089
631 0.500786
632 0.417074
633 0.456144
634 0.512865
635 0.492612
636 0.363714
637 0.436191
638 0.466495
639 0.483024
640 0.345627
641 0.398011
642 0.532298
643 0.461793
644 0.428004
645 0.272979
646 0.401328
647 0.385118
648 0.352569
649 0.495896
650 0.316056
651 0.471481
652 0.533981
653 0.526324
654 0.602852
655 0.448063
656 0.51548
657 0.309988
658 0.449132
659 0.365987
660 0.439212
661 0.54005
662 0.369583
663 0.45565
664 0.500977
665 0.457741
666 0.544435
667 0.39822
668 0.487527
669 0.480313
670 0.301056
671 0.342075
672 0.237447
673 0.234836
674 0.340846
675 0.3372
676 0.408355
677 0.455523
678 0.274259
679 0.240046
680 0.362919
681 0.291386
682 0.361799
683 0.255108
684 0.443068
685 0.483113
686 0.526777
687 0.446774
688 0.504916
689 0.349239
690 0.47734
691 0.287473
692 0.410376
693 0.419128
694 0.339622
695 0.285026
696 0.464661
697 0.297253
698 0.28561
699 0.287216
700 0.449106
701 0.34643
702 0.320285
703 0.363606
704 0.446558
705 0.439723
706 0.567843
707 0.477259
708 0.441917
709 0.339453
710 0.229586
711 0.358395
712 0.340141
713 0.383718
714 0.385277
715 0.487565
716 0.37174
717 0.519216
718 0.404704
719 0.324678
720 0.37111
721 0.327157
722 0.501769
723 0.516665
724 0.383192
725 0.54965
726 0.398025
727 0.392187
728 0.463949
729 0.332395
730 0.251154
731 0.281311
732 0.413425
733 0.523558
734 0.544234
735 0.422217
736 0.564087
737 0.540487
738 0.325725
739 0.5061
740 0.324041
741 0.424403
742 0.489681
743 0.414775
744 0.310935
745 0.281444
746 0.291663
747 0.277211
748 0.377325
749 0.445912
750 0.34612
751 0.4581
752 0.412834
753 0.397195
754 0.519547
755 0.405767
756 0.459249
757 0.316985
758 0.425198
759 0.334738
760 0.368508
761 0.44177
762 0.49348
763 0.505052
764 0.389837
765 0.429777
766 0.461328
767 0.414694
768 0.371132
769 0.380063
770 0.405153
771 0.387031
772 0.534943
773 0.527983
774 0.49723
775 0.543433
776 0.419503
777 0.516943
778 0.514437
779 0.388249
780 0.543786
781 0.337205
782 0.233891
783 0.282723
784 0.272622
785 0.244852
786 0.235716
787 0.282287
788 0.323764
789 0.222971
790 0.372407
791 0.369088
792 0.48954
793 0.470787
794 0.320546
795 0.35514
796 0.332694
797 0.224784
798 0.406498
799 0.319468
800 0.500059
801 0.521484
802 0.479506
803 0.39899
804 0.264675
805 0.475688
806 0.511016
807 0.365488
808 0.526003
809 0.335032
810 0.528808
811 0.539251
812 0.43748
813 0.289525
814 0.269926
815 0.386526
816 0.41211
817 0.357482
818 0.30124
819 0.346302
820 0.314123
821 0.396879
822 0.372506
823 0.310371
824 0.30882
825 0.222353
826 0.390214
827 0.398763
828 0.408361
829 0.312849
830 0.479341
831 0.348431
832 0.300373
833 0.225898
834 0.416267
835 0.468867
836 0.284089
837 0.336498
838 0.330938
839 0.503432
840 0.550994
841 0.315802
842 0.29402
843 0.402362
844 0.523313
845 0.350404
846 0.328145
847 0.421853
848 0.327493
849 0.366745
850 0.398446
851 0.292714
852 0.248301
853 0.449725
854 0.483264
855 0.410205
856 0.518121
857 0.46029
858 0.514535
859 0.411519
860 0.454189
861 0.287392
862 0.442129
863 0.505802
864 0.412841
865 0.484979
866 0.480857
867 0.286055
868 0.244131
869 0.437913
870 0.491856
871 0.428417
872 0.544189
873 0.561669
874 0.582631
875 0.552168
876 0.512654
877 0.525703
878 0.51756
879 0.433729
880 0.296749
881 0.253483
882 0.345963
883 0.448655
884 0.265056
885 0.281488
886 0.34215
887 0.500952
888 0.524702
889 0.381218
890 0.256216
891 0.270553
892 0.360718
893 0.365144
894 0.269315
895 0.357487
896 0.245868
897 0.318872
898 0.258604
899 0.336762
900 0.251566
901 0.334369
902 0.22964
903 0.415414
904 0.25968
905 0.200432
906 0.222139
907 0.231049
908 0.447635
909 0.501109
910 0.316932
911 0.456946
912 0.25898
913 0.261251
914 0.306733
915 0.349728
916 0.495983
917 0.440536
918 0.337731
919 0.294796
920 0.466363
921 0.349268
922 0.36091
923 0.401127
924 0.408086
925 0.481075
926 0.441259
927 0.355141
928 0.415039
929 0.375419
930 0.502393
931 0.309033
932 0.484239
933 0.474905
934 0.508431
935 0.561891
936 0.565452
937 0.559033
938 0.514534
939 0.410426
940 0.324562
941 0.481811
942 0.470373
943 0.521955
944 0.297345
945 0.316709
946 0.237691
947 0.239407
948 0.260243
949 0.402056
950 0.395812
951 0.306821
952 0.234395
953 0.330599
954 0.446963
955 0.409096
956 0.424702
957 0.505783
958 0.51515
959 0.425054
960 0.467227
961 0.434206
962 0.314408
963 0.259722
964 0.188927
965 0.200599
966 0.171271
967 0.177326
968 0.369207
969 0.285965
970 0.33939
971 0.339984
972 0.27296
973 0.402427
974 0.365779
975 0.504309
976 0.481713
977 0.428673
978 0.398546
979 0.388372
980 0.350086
981 0.293877
982 0.270274
983 0.307064
984 0.33157
985 0.431863
986 0.496477
987 0.508126
988 0.52552
989 0.314045
990 0.504156
991 0.305661
992 0.433536
993 0.478268
994 0.536892
995 0.526123
996 0.454898
997 0.532125
998 0.575916
999 0.430023
1000 0.540956
1001 0.556615
1002 0.366697
1003 0.394139
1004 0.391776
1005 0.46509
1006 0.498546
1007 0.421795
1008 0.266847
1009 0.308976
1010 0.455196
1011 0.344765
1012 0.318991
1013 0.236407
1014 0.179155
1015 0.290444
1016 0.218519
1017 0.416298
1018 0.302891
1019 0.424796
1020 0.320593
1021 0.408818
1022 0.525136
1023 0.422219
1024 0.396484
1025 0.288155
1026 0.279983
1027 0.430315
1028 0.303103
1029 0.477203
1030 0.391846
1031 0.289021
1032 0.404081
1033 0.279222
1034 0.296751
1035 0.462215
1036 0.536971
1037 0.355616
1038 0.439194
1039 0.46659
1040 0.479164
1041 0.460528
1042 0.436627
1043 0.507774
1044 0.369781
1045 0.402401
1046 0.485627
1047 0.521457
1048 0.372092
1049 0.38094
1050 0.316319
1051 0.287749
1052 0.325743
1053 0.389541
1054 0.534837
1055 0.59376
1056 0.628559
1057 0.43437
1058 0.537743
1059 0.459352
1060 0.500522
1061 0.553283
1062 0.506816
1063 0.579002
1064 0.596304
1065 0.532597
1066 0.473906
1067 0.337529
1068 0.406741
1069 0.274572
1070 0.2609
1071 0.453102
1072 0.414236
1073 0.346584
1074 0.247017
1075 0.44835
1076 0.51616
1077 0.461158
1078 0.515062
1079 0.529077
1080 0.543907
1081 0.462262
1082 0.543711
1083 0.345363
1084 0.464108
1085 0.385662
1086 0.370818
1087 0.385769
1088 0.306618
1089 0.248193
1090 0.427479
1091 0.307857
1092 0.431323
1093 0.50147
1094 0.523005
1095 0.366368
1096 0.378641
1097 0.523744
1098 0.434176
1099 0.519835
1100 0.333457
1101 0.315482
1102 0.461708
1103 0.547719
1104 0.347137
1105 0.514072
1106 0.396729
1107 0.319354
1108 0.392647
1109 0.476262
1110 0.55866
1111 0.520712
1112 0.43385
1113 0.55215
1114 0.411944
1115 0.371985
1116 0.233539
1117 0.18312
1118 0.174977
1119 0.271656
1120 0.214874
1121 0.247975
1122 0.263574
1123 0.28794
1124 0.381441
1125 0.407879
1126 0.345814
1127 0.389108
1128 0.442237
1129 0.485134
1130 0.587293
1131 0.503569
1132 0.566033
1133 0.430103
1134 0.378937
1135 0.522034
1136 0.349853
1137 0.513795
1138 0.285018
1139 0.448593
1140 0.516924
1141 0.300851
1142 0.439478
1143 0.407887
1144 0.479116
1145 0.475793
1146 0.299475
1147 0.217065
1148 0.300096
1149 0.400003
1150 0.425025
1151 0.478661
1152 0.44459
1153 0.370656
1154 0.3718
1155 0.32029
1156 0.367722
1157 0.473513
1158 0.561771
1159 0.328109
1160 0.303703
1161 0.358859
1162 0.250085
1163 0.412887
1164 0.414083
1165 0.509047
1166 0.312621
1167 0.327388
1168 0.249532
1169 0.283054
1170 0.443649
1171 0.30993
1172 0.503234
1173 0.461427
1174 0.313717
1175 0.417746
1176 0.320941
1177 0.233495
1178 0.22863
1179 0.192807
1180 0.392654
1181 0.455525
1182 0.56523
1183 0.441485
1184 0.302849
1185 0.266042
1186 0.20474
1187 0.169781
1188 0.327535
1189 0.47353
1190 0.386418
1191 0.467405
1192 0.565254
1193 0.435524
1194 0.473632
1195 0.288489
1196 0.416343
1197 0.306024
1198 0.323655
1199 0.282429
1200 0.425031
1201 0.535069
1202 0.385071
1203 0.558632
1204 0.512833
1205 0.47298
1206 0.530008
1207 0.359486
1208 0.512857
1209 0.516285
1210 0.31878
1211 0.29351
1212 0.461378
1213 0.328539
1214 0.461892
1215 0.328185
1216 0.25105
1217 0.265966
1218 0.357221
1219 0.264589
1220 0.207239
1221 0.329114
1222 0.386286
1223 0.447374
1224 0.43932
1225 0.30476
1226 0.474003
1227 0.480878
1228 0.584865
1229 0.612013
1230 0.628325
1231 0.611981
1232 0.661061
1233 0.400343
1234 0.549206
1235 0.373392
1236 0.54294
1237 0.326212
1238 0.459639
1239 0.540102
1240 0.433847
1241 0.483625
1242 0.513511
1243 0.572772
1244 0.59799
1245 0.426186
1246 0.340322
1247 0.430471
1248 0.360112
1249 0.366101
1250 0.295769
1251 0.250579
1252 0.431652
1253 0.500818
1254 0.326903
1255 0.314678
1256 0.373429
1257 0.457852
1258 0.476538
1259 0.427647
1260 0.551609
1261 0.549062
1262 0.336713
1263 0.457706
1264 0.426593
1265 0.372571
1266 0.483814
1267 0.282242
1268 0.267765
1269 0.455135
1270 0.52984
1271 0.416356
1272 0.393335
1273 0.495217
1274 0.541481
1275 0.371228
1276 0.271163
1277 0.199083
1278 0.322706
1279 0.27691
1280 0.363021
1281 0.31989
1282 0.380025
1283 0.492591
1284 0.337554
1285 0.491916
1286 0.347658
1287 0.389106
1288 0.352262
1289 0.445753
1290 0.437125
1291 0.284925
1292 0.352086
1293 0.414243
1294 0.32086
1295 0.298304
1296 0.315217
1297 0.212974
1298 0.220775
1299 0.290298
1300 0.205111
1301 0.314121
1302 0.440584
1303 0.255975
1304 0.454968
1305 0.324161
1306 0.402338
1307 0.301898
1308 0.245547
1309 0.341902
1310 0.47534
1311 0.322762
1312 0.384868
1313 0.260659
1314 0.430397
1315 0.516493
1316 0.410543
1317 0.468812
1318 0.557622
1319 0.606305
1320 0.345246
1321 0.395885
1322 0.443813
1323 0.263933
1324 0.253028
1325 0.389888
1326 0.354541
1327 0.305617
1328 0.47182
1329 0.326337
1330 0.440905
1331 0.548761
1332 0.444127
1333 0.571296
1334 0.434541
1335 0.381155
1336 0.254546
1337 0.291712
1338 0.36986
1339 0.409203
1340 0.538658
1341 0.306123
1342 0.261105
1343 0.248056
1344 0.186329
1345 0.20761
1346 0.369486
1347 0.491576
1348 0.520227
1349 0.37528
1350 0.500659
1351 0.471647
1352 0.417954
1353 0.517465
1354 0.515979
1355 0.526565
1356 0.328303
1357 0.250981
1358 0.283762
1359 0.395419
1360 0.484096
1361 0.519498
1362 0.333984
1363 0.375763
1364 0.264744
1365 0.381711
1366 0.35727
1367 0.428534
1368 0.501715
1369 0.522114
1370 0.456006
1371 0.48292
1372 0.404046
1373 0.499314
1374 0.470356
1375 0.395914
1376 0.303218
1377 0.41065
1378 0.28407
1379 0.292258
1380 0.406365
1381 0.442028
1382 0.497312
1383 0.590426
1384 0.540038
1385 0.465202
1386 0.457482
1387 0.476979
1388 0.297762
1389 0.425184
1390 0.273571
1391 0.393343
1392 0.264079
1393 0.373186
1394 0.247204
1395 0.246341
1396 0.393839
1397 0.519969
1398 0.336562
1399 0.545337
1400 0.347306
1401 0.24715
1402 0.225211
1403 0.382362
1404 0.4316
1405 0.471456
1406 0.493861
1407 0.46784
1408 0.511218
1409 0.292702
1410 0.257961
1411 0.319094
1412 0.315933
1413 0.234303
1414 0.2442
1415 0.311032
1416 0.270792
1417 0.366774
1418 0.50734
1419 0.540535
1420 0.543376
1421 0.576104
1422 0.556569
1423 0.418798
1424 0.513008
1425 0.392452
1426 0.305836
1427 0.246908
1428 0.441464
1429 0.434927
1430 0.489499
1431 0.299446
1432 0.345181
1433 0.327045
1434 0.382554
1435 0.384078
1436 0.4374
1437 0.47824
1438 0.570559
1439 0.430763
1440 0.287116
1441 0.281276
1442 0.305507
1443 0.403151
1444 0.493039
1445 0.381523
1446 0.331831
1447 0.299031
1448 0.442799
1449 0.262435
1450 0.348796
1451 0.279121
1452 0.215784
1453 0.333553
1454 0.349238
1455 0.514729
1456 0.310131
1457 0.487553
1458 0.410677
1459 0.498035
1460 0.349162
1461 0.357046
1462 0.496901
1463 0.333395
1464 0.274524
1465 0.195819
1466 0.388661
1467 0.263713
1468 0.311324
1469 0.318358
1470 0.379557
1471 0.462799
1472 0.437668
1473 0.380781
1474 0.476812
1475 0.311713
1476 0.228536
1477 0.441371
1478 0.507499
1479 0.350686
1480 0.281466
1481 0.258013
1482 0.327457
1483 0.469209
1484 0.356863
1485 0.506867
1486 0.572951
1487 0.525137
1488 0.604756
1489 0.602166
1490 0.448027
1491 0.389202
1492 0.517149
1493 0.460924
1494 0.312913
1495 0.328927
1496 0.394096
1497 0.491133
1498 0.568396
1499 0.347459
1500 0.249921
1501 0.455189
1502 0.314594
1503 0.470029
1504 0.374389
1505 0.330764
1506 0.347181
1507 0.457238
1508 0.559556
1509 0.445292
1510 0.536626
1511 0.36099
1512 0.289169
1513 0.220753
1514 0.205178
1515 0.344222
1516 0.416817
1517 0.488185
1518 0.472396
1519 0.517525
1520 0.377006
1521 0.509401
1522 0.436588
1523 0.389145
1524 0.388251
1525 0.363392
1526 0.279946
1527 0.382408
1528 0.313174
1529 0.216742
1530 0.367729
1531 0.404769
1532 0.297809
1533 0.315641
1534 0.216413
1535 0.404854
1536 0.501299
1537 0.333877
1538 0.393948
1539 0.250136
1540 0.340424
1541 0.252687
1542 0.410769
1543 0.282888
1544 0.248393
1545 0.277524
1546 0.320531
1547 0.256034
1548 0.206478
1549 0.206966
1550 0.366088
1551 0.280158
1552 0.25425
1553 0.409665
1554 0.38001
1555 0.418137
1556 0.412652
1557 0.445525
1558 0.366807
1559 0.425662
1560 0.26134
1561 0.454424
1562 0.401033
1563 0.377917
1564 0.525049
1565 0.351832
1566 0.47301
1567 0.336388
1568 0.228015
1569 0.464649
1570 0.298559
1571 0.273311
1572 0.461491
1573 0.367533
1574 0.506737
1575 0.505107
1576 0.434482
1577 0.380574
1578 0.275895
1579 0.286579
1580 0.445957
1581 0.484502
1582 0.593688
1583 0.424327
1584 0.318239
1585 0.299083
1586 0.356748
1587 0.495521
1588 0.426296
1589 0.534438
1590 0.565053
1591 0.422504
1592 0.458516
1593 0.315652
1594 0.42436
1595 0.266315
1596 0.229621
1597 0.246001
1598 0.367207
1599 0.242836
1600 0.40577
1601 0.293388
1602 0.300625
1603 0.238661
1604 0.439242
1605 0.306009
1606 0.303429
1607 0.472301
1608 0.538627
1609 0.49755
1610 0.593576
1611 0.602551
1612 0.370486
1613 0.303527
1614 0.446929
1615 0.300957
1616 0.349128
1617 0.30835
1618 0.47952
1619 0.284967
1620 0.437213
1621 0.440429
1622 0.553079
1623 0.469236
1624 0.448536
1625 0.306429
1626 0.460983
1627 0.503016
1628 0.307829
1629 0.301989
1630 0.251152
1631 0.450328
1632 0.518766
1633 0.289737
1634 0.493628
1635 0.376082
1636 0.377307
1637 0.232212
1638 0.201528
1639 0.17052
1640 0.256281
1641 0.422992
1642 0.374807
1643 0.253267
1644 0.421235
1645 0.445789
1646 0.304419
1647 0.501305
1648 0.315135
1649 0.392322
1650 0.392446
1651 0.535611
1652 0.335868
1653 0.465226
1654 0.366316
1655 0.452151
1656 0.456963
1657 0.3047
1658 0.321081
1659 0.327413
1660 0.323243
1661 0.424029
1662 0.539605
1663 0.350166
1664 0.440417
1665 0.341594
1666 0.254118
1667 0.387865
1668 0.414735
1669 0.509682
1670 0.381641
1671 0.519874
1672 0.472868
1673 0.346075
1674 0.255563
1675 0.444833
1676 0.385453
1677 0.402583
1678 0.396454
1679 0.26765
1680 0.263264
1681 0.370577
1682 0.277186
1683 0.295039
1684 0.196875
1685 0.258591
1686 0.401005
1687 0.268689
1688 0.384751
1689 0.291232
1690 0.408278
1691 0.308404
1692 0.260416
1693 0.250019
1694 0.25998
1695 0.285842
1696 0.385136
1697 0.438555
1698 0.439993
1699 0.517261
1700 0.38094
1701 0.448639
1702 0.475911
1703 0.495122
1704 0.392737
1705 0.460006
1706 0.320621
1707 0.239392
1708 0.275629
1709 0.359107
1710 0.344726
1711 0.380084
1712 0.521343
1713 0.543347
1714 0.455589
1715 0.322786
1716 0.414383
1717 0.475266
1718 0.377882
1719 0.316157
1720 0.494837
1721 0.550083
1722 0.405042
1723 0.355705
1724 0.397513
1725 0.475613
1726 0.440093
1727 0.282672
1728 0.223689
1729 0.431659
1730 0.385125
1731 0.349402
1732 0.410103
1733 0.455761
1734 0.272552
1735 0.239587
1736 0.231604
1737 0.165747
1738 0.299928
1739 0.400304
1740 0.332658
1741 0.496797
1742 0.354312
1743 0.456347
1744 0.387345
1745 0.522576
1746 0.587272
1747 0.352547
1748 0.25604
1749 0.35295
1750 0.448656
1751 0.472343
1752 0.440043
1753 0.536543
1754 0.422466
1755 0.27511
1756 0.312101
1757 0.378074
1758 0.525999
1759 0.385967
1760 0.547754
1761 0.333793
1762 0.258025
1763 0.335283
1764 0.423145
1765 0.346418
1766 0.480989
1767 0.556049
1768 0.36911
1769 0.274613
1770 0.205714
1771 0.231918
1772 0.37632
1773 0.432571
1774 0.45454
1775 0.395638
1776 0.289186
1777 0.493339
1778 0.495881
1779 0.499546
1780 0.464884
1781 0.333009
1782 0.399138
1783 0.267617
1784 0.27809
1785 0.286717
1786 0.243724
1787 0.451234
1788 0.271226
1789 0.223029
1790 0.213389
1791 0.430501
1792 0.320784
1793 0.263418
1794 0.207459
1795 0.318767
1796 0.452939
1797 0.528035
1798 0.511699
1799 0.403913
1800 0.258569
1801 0.234964
1802 0.364788
1803 0.39308
1804 0.284265
1805 0.365981
1806 0.39508
1807 0.301031
1808 0.283141
1809 0.340202
1810 0.440868
1811 0.257401
1812 0.251555
1813 0.202618
1814 0.178008
1815 0.222284
1816 0.410452
1817 0.289435
1818 0.500332
1819 0.325473
1820 0.259202
1821 0.233549
1822 0.285152
1823 0.266638
1824 0.213582
1825 0.253247
1826 0.377201
1827 0.510614
1828 0.356693
1829 0.520066
1830 0.488117
1831 0.40696
1832 0.470084
1833 0.399545
1834 0.51563
1835 0.341721
1836 0.277512
1837 0.323195
1838 0.498654
1839 0.544416
1840 0.619532
1841 0.477979
1842 0.398817
1843 0.52959
1844 0.359558
1845 0.413898
1846 0.522604
1847 0.54987
1848 0.344149
1849 0.423158
1850 0.366749
1851 0.529235
1852 0.427826
1853 0.348498
1854 0.328026
1855 0.231131
1856 0.353445
1857 0.322487
1858 0.342064
1859 0.346623
1860 0.335349
1861 0.369191
1862 0.407303
1863 0.37529
1864 0.43805
1865 0.340758
1866 0.509554
1867 0.542902
1868 0.331399
1869 0.441057
1870 0.335725
1871 0.361804
1872 0.495448
1873 0.559398
1874 0.436258
1875 0.464425
1876 0.407999
1877 0.436794
1878 0.556008
1879 0.600638
1880 0.517464
1881 0.529909
1882 0.479248
1883 0.471113
1884 0.354818
1885 0.373011
1886 0.509256
1887 0.464916
1888 0.569371
1889 0.432643
1890 0.530654
1891 0.377844
1892 0.332883
1893 0.265431
1894 0.254994
1895 0.184588
1896 0.376308
1897 0.301142
1898 0.277246
1899 0.358886
1900 0.238952
1901 0.319911
1902 0.343476
1903 0.308645
1904 0.414634
1905 0.531811
1906 0.483925
1907 0.425644
1908 0.533108
1909 0.485461
1910 0.527698
1911 0.51533
1912 0.437174
1913 0.400848
1914 0.430575
1915 0.444849
1916 0.301105
1917 0.333984
1918 0.326527
1919 0.391401
1920 0.292902
1921 0.307876
1922 0.395902
1923 0.356804
1924 0.376783
1925 0.371976
1926 0.236549
1927 0.33536
1928 0.311045
1929 0.240211
1930 0.337554
1931 0.285047
1932 0.395704
1933 0.325765
1934 0.304349
1935 0.407552
1936 0.398495
1937 0.329526
1938 0.24948
1939 0.256939
1940 0.202251
1941 0.312658
1942 0.36929
1943 0.369329
1944 0.368658
1945 0.331941
1946 0.461383
1947 0.41193
1948 0.259509
1949 0.2682
1950 0.365243
1951 0.319684
1952 0.371817
1953 0.408384
1954 0.317192
1955 0.357211
1956 0.444976
1957 0.478514
1958 0.331891
1959 0.249392
1960 0.453019
1961 0.508753
1962 0.381721
1963 0.497945
1964 0.369018
1965 0.38268
1966 0.481454
1967 0.49323
1968 0.44918
1969 0.408192
1970 0.315881
1971 0.230311
1972 0.200152
1973 0.429228
1974 0.481785
1975 0.553566
1976 0.397622
1977 0.531034
1978 0.589496
1979 0.398889
1980 0.438594
1981 0.501417
1982 0.565385
1983 0.567226
1984 0.359446
1985 0.50248
1986 0.421125
1987 0.402778
1988 0.266066
1989 0.480434
1990 0.530516
1991 0.558649
1992 0.416366
1993 0.395885
1994 0.244651
1995 0.215238
1996 0.354618
1997 0.491182
1998 0.499322
1999 0.527183
2000 0.517872
2001 0.329375
2002 0.447407
2003 0.307423
2004 0.265689
2005 0.420696
2006 0.383924
2007 0.46678
2008 0.408709
2009 0.553949
2010 0.543483
2011 0.413348
2012 0.289715
2013 0.493704
2014 0.520975
2015 0.411091
2016 0.492243
2017 0.398683
2018 0.410327
2019 0.371629
2020 0.423681
2021 0.319863
2022 0.349251
2023 0.403663
2024 0.406855
2025 0.39395
2026 0.254526
2027 0.330727
2028 0.458881
2029 0.539161
2030 0.321895
2031 0.371938
2032 0.345612
2033 0.375039
2034 0.506847
2035 0.300817
2036 0.507257
2037 0.285277
2038 0.467727
2039 0.440528
2040 0.277969
2041 0.397104
2042 0.494609
2043 0.540928
2044 0.557894
2045 0.340453
2046 0.318088
2047 0.239063
2048 0.193296
2049 0.239635
2050 0.393766
2051 0.347223
2052 0.497388
2053 0.371025
2054 0.474836
2055 0.470961
2056 0.578112
2057 0.473253
2058 0.482955
2059 0.547784
2060 0.560515
2061 0.36683
2062 0.456451
2063 0.352485
2064 0.395247
2065 0.302562
2066 0.383821
2067 0.343376
2068 0.388806
2069 0.40943
2070 0.326649
2071 0.384744
2072 0.271458
2073 0.275474
2074 0.205494
2075 0.187987
2076 0.436558
2077 0.491881
2078 0.535942
2079 0.379283
2080 0.40154
2081 0.416336
2082 0.332622
2083 0.365447
2084 0.258585
2085 0.327897
2086 0.307987
2087 0.371129
2088 0.479818
2089 0.445151
2090 0.29704
2091 0.386811
2092 0.299541
2093 0.316543
2094 0.46552
2095 0.473274
2096 0.492102
2097 0.313676
2098 0.23172
2099 0
