0 1.47784
1 1.50067
2 2.00208
3 2.81824
4 3.23539
5 3.3814
6 3.48159
7 3.24709
8 3.39121
9 2.84922
10 2.21015
11 1.44961
12 0.291572
13 0.12442
14 0.170188
15 0.178671
16 0.18892
17 0.188449
18 0.193889
19 0.191587
20 0.192694
21 0.194286
22 0.19349
23 0.192229
24 0.193245
25 0.193105
26 0.1946
27 0.194155
28 0.193415
29 0.192642
30 0.192219
31 0.193647
32 0.192581
33 0.19214
34 0.191517
35 0.191739
36 0.192992
37 0.195077
38 0.193411
39 0.193622
40 0.195082
41 0.197124
42 0.195459
43 0.197473
44 0.19542
45 0.195954
46 0.195916
47 0.195264
48 0.193389
49 0.192542
50 0.195849
51 0.193461
52 0.193277
53 0.194454
54 0.192839
55 0.193797
56 0.193048
57 0.192593
58 0.192419
59 0.191721
60 0.190793
61 0.19026
62 0.192973
63 0.192289
64 0.193263
65 0.19253
66 0.191202
67 0.191044
68 0.192256
69 0.196244
70 0.1938
71 0.19338
72 0.193802
73 0.19322
74 0.192546
75 0.191792
76 0.190584
77 0.191368
78 0.191841
79 0.191221
80 0.193118
81 0.194384
82 0.193161
83 0.195078
84 0.193653
85 0.194434
86 0.19279
87 0.192146
88 0.190949
89 0.190722
90 0.192215
91 0.192218
92 0.192218
93 0.191333
94 0.191669
95 0.192232
96 0.191777
97 0.191349
98 0.191103
99 0.191818
100 0.191021
101 0.190516
102 0.191479
103 0.194927
104 0.193541
105 0.192183
106 0.194094
107 0.192827
108 0.192032
109 0.191756
110 0.191669
111 0.19103
112 0.190621
113 0.190867
114 0.190036
115 0.193945
116 0.195289
117 0.195889
118 0.19425
119 0.192906
120 0.193941
121 0.19265
122 0.195148
123 0.193603
124 0.192901
125 0.192946
126 0.19332
127 0.193226
128 0.195143
129 0.194149
130 0.193671
131 0.192902
132 0.191964
133 0.192488
134 0.19339
135 0.192046
136 0.191859
137 0.195397
138 0.196579
139 0.195231
140 0.194904
141 0.195932
142 0.194564
143 0.193068
144 0.192911
145 0.19175
146 0.191303
147 0.195044
148 0.193269
149 0.194161
150 0.192234
151 0.193181
152 0.193257
153 0.193971
154 0.192539
155 0.192398
156 0.193149
157 0.193228
158 0.193561
159 0.195617
160 0.19394
161 0.192829
162 0.192079
163 0.191156
164 0.192892
165 0.194492
166 0.19639
167 0.195473
168 0.193757
169 0.192919
170 0.194209
171 0.195313
172 0.193686
173 0.193252
174 0.192715
175 0.192214
176 0.195097
177 0.192423
178 0.195203
179 0.195052
180 0.196901
181 0.194703
182 0.193522
183 0.19573
184 0.193106
185 0.194383
186 0.192771
187 0.193895
188 0.195431
189 0.19379
190 0.193468
191 0.196338
192 0.194528
193 0.196173
194 0.195027
195 0.193858
196 0.194444
197 0.192809
198 0.19206
199 0.190816
200 0.190524
201 0.193179
202 0.194131
203 0.193808
204 0.19344
205 0.194285
206 0.192851
207 0.191474
208 0.19137
209 0.195002
210 0.196648
211 0.193907
212 0.196427
213 0.194469
214 0.193194
215 0.193184
216 0.195986
217 0.193528
218 0.194119
219 0.19501
220 0.193227
221 0.195944
222 0.194852
223 0.193201
224 0.195963
225 0.193864
226 0.193402
227 0.194452
228 0.192818
229 0.19244
230 0.195481
231 0.196215
232 0.193751
233 0.194132
234 0.19407
235 0.195247
236 0.195564
237 0.19763
238 0.194656
239 0.19504
240 0.197098
241 0.193987
242 0.193477
243 0.191668
244 0.191578
245 0.191534
246 0.191505
247 0.195328
248 0.194384
249 0.193506
250 0.195645
251 0.193776
252 0.195833
253 0.193601
254 0.193264
255 0.191975
256 0.19209
257 0.192892
258 0.19306
259 0.192247
260 0.194122
261 0.195025
262 0.193995
263 0.192803
264 0.192517
265 0.193271
266 0.192115
267 0.19545
268 0.197893
269 0.194608
270 0.195184
271 0.193808
272 0.192594
273 0.192477
274 0.194059
275 0.194694
276 0.196541
277 0.194199
278 0.193451
279 0.196709
280 0.19352
281 0.19534
282 0.196417
283 0.193811
284 0.196751
285 0.193741
286 0.195559
287 0.194364
288 0.195258
289 0.194909
290 0.194023
291 0.196483
292 0.196901
293 0.196648
294 0.194551
295 0.195319
296 0.193697
297 0.194355
298 0.192749
299 0.192964
300 0.195765
301 0.193954
302 0.194553
303 0.193628
304 0.192954
305 0.191934
306 0.193213
307 0.195273
308 0.193564
309 0.193603
310 0.196711
311 0.197668
312 0.195336
313 0.192855
314 0.192374
315 0.191368
316 0.193147
317 0.193569
318 0.196492
319 0.193432
320 0.195124
321 0.193996
322 0.1931
323 0.196375
324 0.19358
325 0.193992
326 0.193827
327 0.194097
328 0.193746
329 0.194026
330 0.192573
331 0.193385
332 0.193003
333 0.192799
334 0.192017
335 0.192604
336 0.191931
337 0.192453
338 0.193999
339 0.192979
340 0.192247
341 0.192177
342 0.193064
343 0.193602
344 0.193363
345 0.192018
346 0.191196
347 0.19169
348 0.195192
349 0.192947
350 0.194886
351 0.19322
352 0.19411
353 0.197199
354 0.193875
355 0.196243
356 0.193446
357 0.193586
358 0.194436
359 0.197057
360 0.194281
361 0.194295
362 0.195455
363 0.193279
364 0.192927
365 0.193002
366 0.192231
367 0.191985
368 0.191686
369 0.193335
370 0.194435
371 0.193009
372 0.192455
373 0.192104
374 0.190981
375 0.191601
376 0.19239
377 0.191964
378 0.193166
379 0.194707
380 0.196798
381 0.195511
382 0.194917
383 0.193569
384 0.191921
385 0.191974
386 0.192964
387 0.192188
388 0.191801
389 0.191748
390 0.194685
391 0.194199
392 0.192901
393 0.192248
394 0.193095
395 0.193547
396 0.192968
397 0.191744
398 0.191986
399 0.192757
400 0.193436
401 0.192774
402 0.194387
403 0.195039
404 0.193148
405 0.193713
406 0.194753
407 0.193078
408 0.195736
409 0.195966
410 0.196775
411 0.194466
412 0.194407
413 0.195906
414 0.195231
415 0.194915
416 0.195325
417 0.193572
418 0.196743
419 0.195687
420 0.197225
421 0.1943
422 0.192713
423 0.19454
424 0.192338
425 0.191784
426 0.19158
427 0.191386
428 0.194858
429 0.193778
430 0.196784
431 0.19407
432 0.193082
433 0.191922
434 0.196091
435 0.196457
436 0.193912
437 0.197014
438 0.19601
439 0.193846
440 0.193818
441 0.194806
442 0.195785
443 0.195277
444 0.195927
445 0.195672
446 0.194113
447 0.192847
448 0.192154
449 0.192664
450 0.191965
451 0.192426
452 0.193421
453 0.194381
454 0.193075
455 0.192022
456 0.190874
457 0.191156
458 0.191205
459 0.192842
460 0.195483
461 0.195361
462 0.193539
463 0.195594
464 0.197095
465 0.194865
466 0.196961
467 0.197935
468 0.194956
469 0.1949
470 0.194689
471 0.192719
472 0.194199
473 0.192967
474 0.196334
475 0.195351
476 0.196932
477 0.196652
478 0.195384
479 0.198226
480 0.194631
481 0.195014
482 0.196368
483 0.196225
484 0.195
485 0.19361
486 0.195502
487 0.19582
488 0.196062
489 0.193451
490 0.192676
491 0.195509
492 0.193937
493 0.193074
494 0.193749
495 0.192282
496 0.19363
497 0.192937
498 0.192155
499 0.191475
500 0.191699
501 0.19279
502 0.193362
503 0.19395
504 0.192732
505 0.195745
506 0.197372
507 0.196028
508 0.193846
509 0.192617
510 0.191867
511 0.191822
512 0.195303
513 0.193231
514 0.196048
515 0.194385
516 0.195983
517 0.195287
518 0.194358
519 0.194779
520 0.19587
521 0.193667
522 0.193371
523 0.192676
524 0.194227
525 0.192455
526 0.192867
527 0.194942
528 0.193948
529 0.194119
530 0.193296
531 0.194267
532 0.195391
533 0.197884
534 0.196301
535 0.194497
536 0.193162
537 0.193908
538 0.194113
539 0.192874
540 0.196162
541 0.195084
542 0.194311
543 0.193069
544 0.19507
545 0.196761
546 0.19407
547 0.192743
548 0.193574
549 0.193731
550 0.194799
551 0.193131
552 0.192427
553 0.19205
554 0.19235
555 0.195832
556 0.194006
557 0.193572
558 0.195298
559 0.197068
560 0.195771
561 0.194146
562 0.192844
563 0.193598
564 0.1942
565 0.193874
566 0.19264
567 0.19297
568 0.192564
569 0.192168
570 0.194119
571 0.194571
572 0.193271
573 0.192576
574 0.191623
575 0.191082
576 0.192811
577 0.194896
578 0.196263
579 0.193606
580 0.192542
581 0.192983
582 0.192293
583 0.192267
584 0.193409
585 0.19674
586 0.197761
587 0.198345
588 0.197298
589 0.194321
590 0.194997
591 0.193306
592 0.196668
593 0.193424
594 0.197058
595 0.193988
596 0.193132
597 0.194759
598 0.192829
599 0.194415
600 0.193974
601 0.192559
602 0.193083
603 0.19485
604 0.193451
605 0.194177
606 0.192352
607 0.192814
608 0.192363
609 0.194582
610 0.193265
611 0.192214
612 0.194648
613 0.192423
614 0.191326
615 0.191468
616 0.191721
617 0.19115
618 0.191199
619 0.192433
620 0.191417
621 0.19122
622 0.190716
623 0.191484
624 0.191791
625 0.193094
626 0.192358
627 0.195895
628 0.194361
629 0.193081
630 0.192263
631 0.194858
632 0.194219
633 0.193118
634 0.194439
635 0.19378
636 0.192266
637 0.192203
638 0.195528
639 0.193533
640 0.193594
641 0.192623
642 0.192559
643 0.196024
644 0.197091
645 0.195645
646 0.195578
647 0.194565
648 0.195432
649 0.192694
650 0.192745
651 0.191849
652 0.194241
653 0.194147
654 0.194776
655 0.194437
656 0.193183
657 0.193444
658 0.194123
659 0.19296
660 0.192894
661 0.192049
662 0.191508
663 0.191038
664 0.191036
665 0.191348
666 0.193323
667 0.192084
668 0.19402
669 0.194112
670 0.193293
671 0.192659
672 0.191234
673 0.19103
674 0.193791
675 0.192421
676 0.192128
677 0.19529
678 0.196924
679 0.194301
680 0.194131
681 0.194295
682 0.193382
683 0.196952
684 0.194421
685 0.193248
686 0.192613
687 0.192401
688 0.191774
689 0.191898
690 0.191353
691 0.190753
692 0.191022
693 0.192148
694 0.191865
695 0.191534
696 0.191138
697 0.191693
698 0.193787
699 0.193128
700 0.193045
701 0.193078
702 0.193529
703 0.194383
704 0.193742
705 0.193441
706 0.194452
707 0.196435
708 0.194415
709 0.193689
710 0.192381
711 0.191497
712 0.194858
713 0.192679
714 0.193328
715 0.191673
716 0.192771
717 0.195827
718 0.197343
719 0.194839
720 0.19689
721 0.194807
722 0.193212
723 0.192178
724 0.191943
725 0.194434
726 0.19636
727 0.19396
728 0.193571
729 0.196594
730 0.194295
731 0.192842
732 0.192909
733 0.192196
734 0.19381
735 0.192415
736 0.1961
737 0.194437
738 0.193448
739 0.19408
740 0.194033
741 0.192959
742 0.192459
743 0.193239
744 0.191945
745 0.191912
746 0.194271
747 0.192609
748 0.191768
749 0.191592
750 0.193278
751 0.192603
752 0.191662
753 0.19347
754 0.191948
755 0.193666
756 0.19301
757 0.191983
758 0.191709
759 0.193375
760 0.195951
761 0.194106
762 0.197185
763 0.195085
764 0.194256
765 0.193054
766 0.191574
767 0.19167
768 0.191214
769 0.192938
770 0.196134
771 0.195624
772 0.195131
773 0.192974
774 0.191781
775 0.191474
776 0.193664
777 0.19273
778 0.192135
779 0.191114
780 0.190885
781 0.193806
782 0.196063
783 0.193704
784 0.195106
785 0.193784
786 0.192334
787 0.192187
788 0.192285
789 0.19263
790 0.192149
791 0.191887
792 0.194727
793 0.19456
794 0.195195
795 0.194005
796 0.193329
797 0.192349
798 0.19179
799 0.19137
800 0.190999
801 0.190908
802 0.192688
803 0.192275
804 0.192077
805 0.190797
806 0.190998
807 0.19092
808 0.193181
809 0.192476
810 0.1926
811 0.192074
812 0.192927
813 0.194945
814 0.193162
815 0.192373
816 0.192762
817 0.192579
818 0.195382
819 0.197253
820 0.194252
821 0.193436
822 0.192449
823 0.191945
824 0.191872
825 0.191312
826 0.190822
827 0.190471
828 0.191009
829 0.1948
830 0.193635
831 0.193232
832 0.192164
833 0.19178
834 0.194916
835 0.193278
836 0.191881
837 0.191801
838 0.19193
839 0.194684
840 0.193163
841 0.192674
842 0.19311
843 0.192165
844 0.19208
845 0.193948
846 0.19345
847 0.192573
848 0.192679
849 0.192087
850 0.19309
851 0.191856
852 0.191326
853 0.190756
854 0.193386
855 0.193526
856 0.19297
857 0.194839
858 0.193051
859 0.193976
860 0.19272
861 0.192396
862 0.192068
863 0.193271
864 0.192162
865 0.192121
866 0.195145
867 0.194178
868 0.197029
869 0.195064
870 0.193497
871 0.193302
872 0.193967
873 0.193214
874 0.192572
875 0.191909
876 0.191361
877 0.192914
878 0.192886
879 0.192472
880 0.193966
881 0.195126
882 0.194298
883 0.193447
884 0.192287
885 0.191792
886 0.192823
887 0.191715
888 0.191727
889 0.194669
890 0.193349
891 0.192572
892 0.193885
893 0.194353
894 0.193886
895 0.194829
896 0.193727
897 0.193894
898 0.192653
899 0.192906
900 0.192022
901 0.193613
902 0.192203
903 0.192252
904 0.19322
905 0.196515
906 0.196089
907 0.194456
908 0.195578
909 0.194532
910 0.196549
911 0.194571
912 0.195525
913 0.197647
914 0.194656
915 0.196714
916 0.194048
917 0.194097
918 0.193415
919 0.192927
920 0.196142
921 0.193231
922 0.192986
923 0.191939
924 0.191234
925 0.192049
926 0.191956
927 0.193071
928 0.192692
929 0.194554
930 0.192516
931 0.193564
932 0.192261
933 0.191496
934 0.193188
935 0.192806
936 0.19202
937 0.191768
938 0.191316
939 0.193187
940 0.191998
941 0.191928
942 0.193096
943 0.192446
944 0.191424
945 0.192092
946 0.191923
947 0.191887
948 0.1911
949 0.191434
950 0.192938
951 0.194443
952 0.192876
953 0.192242
954 0.195277
955 0.192595
956 0.192653
957 0.191815
958 0.191446
959 0.193012
960 0.193521
961 0.19318
962 0.19476
963 0.194261
964 0.193099
965 0.192154
966 0.191879
967 0.196204
968 0.197328
969 0.195841
970 0.194469
971 0.195372
972 0.196533
973 0.194516
974 0.193311
975 0.191804
976 0.193211
977 0.194186
978 0.193346
979 0.194276
980 0.192836
981 0.193565
982 0.193319
983 0.192645
984 0.194167
985 0.193702
986 0.193896
987 0.193028
988 0.192056
989 0.191648
990 0.191485
991 0.194503
992 0.192232
993 0.192438
994 0.191856
995 0.19334
996 0.19472
997 0.195083
998 0.192811
999 0.192114
1000 0.195406
1001 0.195854
1002 0.196015
1003 0.194794
1004 0.193108
1005 0.197032
1006 0.193471
1007 0.195423
1008 0.193804
1009 0.192652
1010 0.191867
1011 0.192955
1012 0.191696
1013 0.195815
1014 0.194001
1015 0.193785
1016 0.194609
1017 0.193388
1018 0.194746
1019 0.193505
1020 0.193122
1021 0.192368
1022 0.193627
1023 0.192006
1024 0.191299
1025 0.190964
1026 0.191605
1027 0.191176
1028 0.19328
1029 0.191801
1030 0.192524
1031 0.191469
1032 0.191637
1033 0.192004
1034 0.191743
1035 0.191254
1036 0.191668
1037 0.194711
1038 0.19468
1039 0.196465
1040 0.194532
1041 0.193945
1042 0.193113
1043 0.192395
1044 0.195128
1045 0.19425
1046 0.192801
1047 0.191663
1048 0.192665
1049 0.194612
1050 0.194461
1051 0.193866
1052 0.192978
1053 0.192215
1054 0.195832
1055 0.195457
1056 0.196724
1057 0.195946
1058 0.196968
1059 0.194488
1060 0.193259
1061 0.192402
1062 0.191894
1063 0.194455
1064 0.193687
1065 0.192569
1066 0.193272
1067 0.192193
1068 0.191623
1069 0.194315
1070 0.192891
1071 0.193383
1072 0.196075
1073 0.193901
1074 0.197235
1075 0.194015
1076 0.193558
1077 0.193346
1078 0.194098
1079 0.195883
1080 0.194029
1081 0.192477
1082 0.194817
1083 0.193049
1084 0.193758
1085 0.193501
1086 0.196396
1087 0.194927
1088 0.19319
1089 0.193456
1090 0.19463
1091 0.19421
1092 0.193051
1093 0.192366
1094 0.194629
1095 0.192601
1096 0.192713
1097 0.192145
1098 0.194785
1099 0.193188
1100 0.196272
1101 0.194148
1102 0.192944
1103 0.195424
1104 0.194341
1105 0.193171
1106 0.192666
1107 0.193185
1108 0.194209
1109 0.194232
1110 0.197385
1111 0.1943
1112 0.194633
1113 0.192746
1114 0.193078
1115 0.192527
1116 0.191542
1117 0.193368
1118 0.193629
1119 0.192565
1120 0.191187
1121 0.191546
1122 0.195638
1123 0.192845
1124 0.193666
1125 0.195958
1126 0.19425
1127 0.196963
1128 0.194893
1129 0.193751
1130 0.196157
1131 0.194229
1132 0.194757
1133 0.193042
1134 0.193408
1135 0.192292
1136 0.19163
1137 0.195696
1138 0.193215
1139 0.196452
1140 0.196992
1141 0.195621
1142 0.195511
1143 0.195722
1144 0.193549
1145 0.192483
1146 0.196464
1147 0.193506
1148 0.195957
1149 0.193372
1150 0.194145
1151 0.196674
1152 0.194982
1153 0.196329
1154 0.194441
1155 0.19391
1156 0.196253
1157 0.193986
1158 0.193357
1159 0.192902
1160 0.194604
1161 0.193978
1162 0.193313
1163 0.193386
1164 0.194669
1165 0.19427
1166 0.192328
1167 0.194153
1168 0.192262
1169 0.193119
1170 0.19176
1171 0.192324
1172 0.192231
1173 0.196104
1174 0.193856
1175 0.194845
1176 0.195241
1177 0.194523
1178 0.193154
1179 0.192545
1180 0.191879
1181 0.192898
1182 0.192226
1183 0.191429
1184 0.192349
1185 0.192611
1186 0.192706
1187 0.191907
1188 0.191644
1189 0.195861
1190 0.193654
1191 0.193758
1192 0.196852
1193 0.194106
1194 0.19293
1195 0.193835
1196 0.193061
1197 0.193987
1198 0.197013
1199 0.194272
1200 0.195276
1201 0.196946
1202 0.194364
1203 0.193289
1204 0.192992
1205 0.192088
1206 0.192111
1207 0.191512
1208 0.194241
1209 0.193712
1210 0.19285
1211 0.192209
1212 0.191345
1213 0.190864
1214 0.193904
1215 0.192202
1216 0.192389
1217 0.191803
1218 0.193925
1219 0.193494
1220 0.194268
1221 0.19297
1222 0.19604
1223 0.194278
1224 0.19358
1225 0.192208
1226 0.191856
1227 0.192834
1228 0.192985
1229 0.192921
1230 0.192526
1231 0.191745
1232 0.192034
1233 0.193744
1234 0.192138
1235 0.196061
1236 0.196898
1237 0.197921
1238 0.197865
1239 0.196557
1240 0.196936
1241 0.194158
1242 0.193152
1243 0.19483
1244 0.192778
1245 0.191499
1246 0.191292
1247 0.195868
1248 0.196461
1249 0.194251
1250 0.192416
1251 0.19119
1252 0.192356
1253 0.194921
1254 0.193087
1255 0.195263
1256 0.193797
1257 0.196032
1258 0.194915
1259 0.193445
1260 0.192696
1261 0.192018
1262 0.192606
1263 0.191965
1264 0.195911
1265 0.194427
1266 0.195786
1267 0.194946
1268 0.194263
1269 0.192782
1270 0.191987
1271 0.19239
1272 0.193633
1273 0.193898
1274 0.196458
1275 0.194204
1276 0.194346
1277 0.196591
1278 0.196397
1279 0.195809
1280 0.196033
1281 0.193738
1282 0.192898
1283 0.192142
1284 0.195412
1285 0.192672
1286 0.194176
1287 0.193722
1288 0.19646
1289 0.193901
1290 0.193959
1291 0.19366
1292 0.192153
1293 0.19375
1294 0.192157
1295 0.192354
1296 0.192085
1297 0.196065
1298 0.194087
1299 0.194572
1300 0.193866
1301 0.192879
1302 0.19601
1303 0.193513
1304 0.193553
1305 0.195802
1306 0.193848
1307 0.192847
1308 0.192019
1309 0.191119
1310 0.191262
1311 0.190643
1312 0.192836
1313 0.191641
1314 0.19135
1315 0.193669
1316 0.193575
1317 0.192944
1318 0.192292
1319 0.195613
1320 0.193229
1321 0.191711
1322 0.191667
1323 0.191974
1324 0.192552
1325 0.192263
1326 0.191305
1327 0.19272
1328 0.191636
1329 0.19285
1330 0.192693
1331 0.193728
1332 0.192335
1333 0.191589
1334 0.192584
1335 0.19331
1336 0.196753
1337 0.194222
1338 0.192633
1339 0.191578
1340 0.192551
1341 0.191751
1342 0.194618
1343 0.196791
1344 0.19453
1345 0.193388
1346 0.196354
1347 0.194875
1348 0.19313
1349 0.195212
1350 0.193123
1351 0.193631
1352 0.192959
1353 0.192771
1354 0.19372
1355 0.193504
1356 0.193683
1357 0.195228
1358 0.193502
1359 0.195039
1360 0.193269
1361 0.192267
1362 0.191523
1363 0.191319
1364 0.192694
1365 0.192161
1366 0.195084
1367 0.19266
1368 0.192475
1369 0.195153
1370 0.193705
1371 0.194226
1372 0.195651
1373 0.193943
1374 0.193487
1375 0.194167
1376 0.194328
1377 0.192736
1378 0.193771
1379 0.192046
1380 0.191465
1381 0.192719
1382 0.195189
1383 0.195554
1384 0.193561
1385 0.196997
1386 0.19425
1387 0.193239
1388 0.19721
1389 0.194116
1390 0.196532
1391 0.196343
1392 0.194799
1393 0.194371
1394 0.192798
1395 0.194356
1396 0.195927
1397 0.194935
1398 0.194633
1399 0.193599
1400 0.19271
1401 0.192985
1402 0.19219
1403 0.192009
1404 0.194999
1405 0.196316
1406 0.194196
1407 0.193582
1408 0.195747
1409 0.194106
1410 0.193679
1411 0.193028
1412 0.194393
1413 0.19238
1414 0.196174
1415 0.193877
1416 0.192584
1417 0.192539
1418 0.192318
1419 0.19169
1420 0.192229
1421 0.194074
1422 0.192821
1423 0.192642
1424 0.194775
1425 0.192949
1426 0.193156
1427 0.192168
1428 0.192303
1429 0.192959
1430 0.192185
1431 0.191397
1432 0.191037
1433 0.195494
1434 0.192221
1435 0.196404
1436 0.19464
1437 0.193618
1438 0.192855
1439 0.19189
1440 0.192609
1441 0.193031
1442 0.191787
1443 0.19233
1444 0.195489
1445 0.193163
1446 0.192409
1447 0.196018
1448 0.196609
1449 0.196658
1450 0.195268
1451 0.198014
1452 0.194249
1453 0.196619
1454 0.194066
1455 0.193675
1456 0.193065
1457 0.191821
1458 0.195479
1459 0.192827
1460 0.192844
1461 0.195075
1462 0.19413
1463 0.194571
1464 0.193686
1465 0.195417
1466 0.195308
1467 0.193881
1468 0.195983
1469 0.193416
1470 0.193962
1471 0.194182
1472 0.193205
1473 0.192396
1474 0.19583
1475 0.194436
1476 0.19356
1477 0.196419
1478 0.195439
1479 0.19626
1480 0.197229
1481 0.196143
1482 0.194965
1483 0.194595
1484 0.194568
1485 0.194253
1486 0.194728
1487 0.193678
1488 0.192478
1489 0.193408
1490 0.195732
1491 0.19402
1492 0.193186
1493 0.191859
1494 0.194251
1495 0.192416
1496 0.193845
1497 0.192556
1498 0.193233
1499 0.192296
1500 0.193363
1501 0.19204
1502 0.192188
1503 0.192135
1504 0.192807
1505 0.193335
1506 0.193489
1507 0.19224
1508 0.191881
1509 0.192661
1510 0.193119
1511 0.192523
1512 0.192226
1513 0.194197
1514 0.195935
1515 0.196603
1516 0.1955
1517 0.194359
1518 0.195008
1519 0.19359
1520 0.193549
1521 0.192469
1522 0.191026
1523 0.190887
1524 0.190903
1525 0.191551
1526 0.191556
1527 0.190909
1528 0.191596
1529 0.191536
1530 0.193112
1531 0.196284
1532 0.193889
1533 0.195739
1534 0.194527
1535 0.193877
1536 0.194611
1537 0.193236
1538 0.192092
1539 0.192529
1540 0.193287
1541 0.195132
1542 0.193801
1543 0.192218
1544 0.191727
1545 0.191435
1546 0.192246
1547 0.191739
1548 0.194474
1549 0.193558
1550 0.196525
1551 0.193822
1552 0.19284
1553 0.192438
1554 0.194785
1555 0.196438
1556 0.193644
1557 0.196253
1558 0.19451
1559 0.194834
1560 0.193548
1561 0.192544
1562 0.19185
1563 0.19461
1564 0.195101
1565 0.194876
1566 0.193581
1567 0.194326
1568 0.19357
1569 0.192642
1570 0.195801
1571 0.193621
1572 0.192563
1573 0.191634
1574 0.190635
1575 0.191173
1576 0.194102
1577 0.193966
1578 0.193021
1579 0.192939
1580 0.194283
1581 0.194492
1582 0.192919
1583 0.192499
1584 0.196469
1585 0.19643
1586 0.194645
1587 0.193008
1588 0.191149
1589 0.191367
1590 0.191715
1591 0.194759
1592 0.196096
1593 0.194577
1594 0.197296
1595 0.193791
1596 0.194167
1597 0.193903
1598 0.195703
1599 0.19352
1600 0.193009
1601 0.19359
1602 0.192533
1603 0.192231
1604 0.193565
1605 0.1933
1606 0.193951
1607 0.193652
1608 0.196836
1609 0.194981
1610 0.196891
1611 0.195242
1612 0.195933
1613 0.193346
1614 0.194784
1615 0.19693
1616 0.196178
1617 0.193802
1618 0.196229
1619 0.194859
1620 0.193476
1621 0.191487
1622 0.190742
1623 0.190464
1624 0.192349
1625 0.195793
1626 0.196833
1627 0.194318
1628 0.195163
1629 0.192703
1630 0.19584
1631 0.195437
1632 0.19342
1633 0.193937
1634 0.195706
1635 0.193191
1636 0.192918
1637 0.195989
1638 0.19384
1639 0.1962
1640 0.193793
1641 0.195581
1642 0.193531
1643 0.193113
1644 0.192146
1645 0.194584
1646 0.192347
1647 0.194544
1648 0.19241
1649 0.191729
1650 0.191572
1651 0.19274
1652 0.191783
1653 0.194259
1654 0.192761
1655 0.191823
1656 0.191984
1657 0.191074
1658 0.190505
1659 0.189896
1660 0.190505
1661 0.189701
1662 0.190482
1663 0.192227
1664 0.191864
1665 0.191343
1666 0.191597
1667 0.192223
1668 0.192019
1669 0.192653
1670 0.191493
1671 0.196061
1672 0.19358
1673 0.195877
1674 0.193171
1675 0.195911
1676 0.19563
1677 0.193572
1678 0.195647
1679 0.193873
1680 0.192889
1681 0.192167
1682 0.194549
1683 0.192847
1684 0.195991
1685 0.193904
1686 0.193842
1687 0.192719
1688 0.191906
1689 0.192275
1690 0.19396
1691 0.19314
1692 0.194572
1693 0.192983
1694 0.192748
1695 0.194725
1696 0.195174
1697 0.195453
1698 0.19367
1699 0.192727
1700 0.193732
1701 0.19252
1702 0.192196
1703 0.19242
1704 0.192359
1705 0.195308
1706 0.193409
1707 0.195005
1708 0.193191
1709 0.193791
1710 0.192346
1711 0.194729
1712 0.192403
1713 0.192336
1714 0.1951
1715 0.193223
1716 0.194888
1717 0.197152
1718 0.194736
1719 0.193039
1720 0.192074
1721 0.195047
1722 0.193966
1723 0.194073
1724 0.194239
1725 0.19521
1726 0.193396
1727 0.192764
1728 0.192977
1729 0.195736
1730 0.193036
1731 0.193393
1732 0.195452
1733 0.195655
1734 0.195468
1735 0.192877
1736 0.192936
1737 0.192014
1738 0.191981
1739 0.19149
1740 0.193519
1741 0.193337
1742 0.194656
1743 0.19275
1744 0.196673
1745 0.193595
1746 0.192864
1747 0.195497
1748 0.19292
1749 0.191998
1750 0.192305
1751 0.19495
1752 0.193392
1753 0.195811
1754 0.193084
1755 0.194289
1756 0.193985
1757 0.194815
1758 0.195126
1759 0.193152
1760 0.193914
1761 0.192389
1762 0.191402
1763 0.190575
1764 0.193981
1765 0.19462
1766 0.194951
1767 0.194661
1768 0.193133
1769 0.192412
1770 0.196484
1771 0.195612
1772 0.193463
1773 0.194217
1774 0.194557
1775 0.196766
1776 0.196977
1777 0.194057
1778 0.197085
1779 0.19858
1780 0.195537
1781 0.19687
1782 0.194587
1783 0.193311
1784 0.194318
1785 0.192831
1786 0.19276
1787 0.191792
1788 0.19232
1789 0.196205
1790 0.195233
1791 0.193586
1792 0.194407
1793 0.192468
1794 0.192666
1795 0.192696
1796 0.192702
1797 0.191722
1798 0.191293
1799 0.191051
1800 0.193492
1801 0.193748
1802 0.192639
1803 0.192542
1804 0.192789
1805 0.192065
1806 0.193508
1807 0.192614
1808 0.1923
1809 0.19328
1810 0.192648
1811 0.193922
1812 0.195657
1813 0.19366
1814 0.193533
1815 0.193238
1816 0.193302
1817 0.194681
1818 0.193319
1819 0.194368
1820 0.194562
1821 0.194449
1822 0.193245
1823 0.192658
1824 0.194886
1825 0.19307
1826 0.196782
1827 0.194743
1828 0.194685
1829 0.192978
1830 0.193072
1831 0.191858
1832 0.191208
1833 0.191186
1834 0.191844
1835 0.192137
1836 0.192036
1837 0.194983
1838 0.193301
1839 0.19664
1840 0.196467
1841 0.193737
1842 0.193336
1843 0.192905
1844 0.192814
1845 0.194234
1846 0.193448
1847 0.194745
1848 0.195706
1849 0.193455
1850 0.192168
1851 0.192382
1852 0.195738
1853 0.19332
1854 0.192367
1855 0.193744
1856 0.192102
1857 0.195772
1858 0.194116
1859 0.19364
1860 0.191816
1861 0.192213
1862 0.191333
1863 0.191766
1864 0.193788
1865 0.193483
1866 0.193131
1867 0.193827
1868 0.194104
1869 0.196722
1870 0.195177
1871 0.194897
1872 0.195816
1873 0.193429
1874 0.192547
1875 0.193992
1876 0.197126
1877 0.19428
1878 0.194745
1879 0.195179
1880 0.193533
1881 0.192733
1882 0.194566
1883 0.193912
1884 0.193185
1885 0.192994
1886 0.19253
1887 0.193617
1888 0.196894
1889 0.194341
1890 0.19279
1891 0.193907
1892 0.193837
1893 0.195515
1894 0.194561
1895 0.193554
1896 0.194362
1897 0.192626
1898 0.192603
1899 0.19302
1900 0.191674
1901 0.191278
1902 0.19207
1903 0.193403
1904 0.193123
1905 0.193052
1906 0.192083
1907 0.192191
1908 0.191147
1909 0.190786
1910 0.191186
1911 0.194676
1912 0.193148
1913 0.192976
1914 0.191661
1915 0.192204
1916 0.195446
1917 0.195332
1918 0.193895
1919 0.193475
1920 0.193615
1921 0.191585
1922 0.191905
1923 0.192971
1924 0.193298
1925 0.192862
1926 0.195053
1927 0.193565
1928 0.194018
1929 0.193366
1930 0.192091
1931 0.193122
1932 0.19223
1933 0.19168
1934 0.192217
1935 0.192061
1936 0.194233
1937 0.193688
1938 0.196091
1939 0.194194
1940 0.19447
1941 0.193976
1942 0.192709
1943 0.192487
1944 0.191428
1945 0.191603
1946 0.194019
1947 0.194025
1948 0.194162
1949 0.193333
1950 0.191974
1951 0.191257
1952 0.195893
1953 0.19346
1954 0.193918
1955 0.192637
1956 0.191944
1957 0.192673
1958 0.191705
1959 0.1959
1960 0.194536
1961 0.193657
1962 0.192575
1963 0.193272
1964 0.194492
1965 0.195228
1966 0.192909
1967 0.193391
1968 0.193775
1969 0.19268
1970 0.193503
1971 0.192012
1972 0.192341
1973 0.19194
1974 0.191708
1975 0.192621
1976 0.19444
1977 0.194146
1978 0.195683
1979 0.19391
1980 0.194286
1981 0.196542
1982 0.195932
1983 0.195535
1984 0.197163
1985 0.193878
1986 0.196265
1987 0.193545
1988 0.192479
1989 0.192188
1990 0.193301
1991 0.193242
1992 0.192901
1993 0.19282
1994 0.191786
1995 0.191348
1996 0.192084
1997 0.19572
1998 0.193404
1999 0.195525
2000 0.193974
2001 0.192434
2002 0.191567
2003 0.191529
2004 0.195492
2005 0.197725
2006 0.197417
2007 0.194421
2008 0.196227
2009 0.194234
2010 0.19327
2011 0.192742
2012 0.191713
2013 0.191459
2014 0.191336
2015 0.192281
2016 0.194292
2017 0.196365
2018 0.195583
2019 0.194285
2020 0.19572
2021 0.193117
2022 0.194493
2023 0.193015
2024 0.192111
2025 0.194041
2026 0.193165
2027 0.192293
2028 0.192721
2029 0.1947
2030 0.19294
2031 0.195191
2032 0.196603
2033 0.193896
2034 0.194251
2035 0.1934
2036 0.193307
2037 0.193728
2038 0.192555
2039 0.192567
2040 0.194756
2041 0.195925
2042 0.197404
2043 0.19546
2044 0.194093
2045 0.194702
2046 0.19671
2047 0.1969
2048 0.194883
2049 0.193303
2050 0.193349
2051 0.191501
2052 0.191
2053 0.191523
2054 0.192145
2055 0.193095
2056 0.195859
2057 0.196857
2058 0.195994
2059 0.194373
2060 0.196551
2061 0.197726
2062 0.195322
2063 0.194521
2064 0.195321
2065 0.196885
2066 0.196281
2067 0.194459
2068 0.192855
2069 0.193706
2070 0.194354
2071 0.192998
2072 0.19179
2073 0.1928
2074 0.192454
2075 0.194156
2076 0.19519
2077 0.1937
2078 0.193449
2079 0.193313
2080 0.193633
2081 0.19429
2082 0.193642
2083 0.194004
2084 0.196153
2085 0.194171
2086 0.193705
2087 0.194706
2088 0.193669
2089 0.192523
2090 0.191156
2091 0.191202
2092 0.19008
2093 0.19036
2094 0.191341
2095 0.192702
2096 0.192023
2097 0.195833
2098 0.196921
2099 0
