0 -8.27025
1 0.930799
2 12.1985
3 15.8935
4 14.9351
5 13.2767
6 12.8736
7 11.2602
8 11.858
9 11.4139
10 11.4906
11 12.1817
12 10.1908
13 12.4067
14 9.33033
15 8.11829
16 8.10929
17 2.83469
18 4.45477
19 -0.741961
20 -0.458088
21 0.203123
22 0.0778138
23 0.228495
24 0.134376
25 0.253045
26 0.345873
27 0.26528
28 0.317681
29 0.246268
30 0.390282
31 0.29711
32 0.506163
33 0.494896
34 0.426149
35 0.388233
36 0.479521
37 0.50369
38 0.534112
39 0.5159
40 0.353956
41 0.444828
42 0.494036
43 0.318969
44 0.363057
45 0.412285
46 0.330489
47 0.477039
48 0.45363
49 0.502117
50 0.344458
51 0.25023
52 0.270651
53 0.419556
54 0.421422
55 0.484984
56 0.457479
57 0.566392
58 0.401572
59 0.546027
60 0.507111
61 0.590993
62 0.416606
63 0.457387
64 0.50257
65 0.296313
66 0.230145
67 0.394248
68 0.391631
69 0.320317
70 0.318584
71 0.457219
72 0.544072
73 0.368485
74 0.502174
75 0.438855
76 0.328855
77 0.391797
78 0.48026
79 0.370575
80 0.261865
81 0.347944
82 0.374986
83 0.491726
84 0.515663
85 0.532924
86 0.586791
87 0.559574
88 0.332732
89 0.456543
90 0.533155
91 0.355076
92 0.376327
93 0.425556
94 0.2698
95 0.407013
96 0.360244
97 0.453533
98 0.355485
99 0.482213
100 0.357836
101 0.349048
102 0.427966
103 0.331752
104 0.525133
105 0.568153
106 0.379859
107 0.384079
108 0.494316
109 0.527884
110 0.329874
111 0.329548
112 0.342541
113 0.270094
114 0.370781
115 0.475051
116 0.308592
117 0.436631
118 0.526248
119 0.470836
120 0.300292
121 0.289584
122 0.224461
123 0.215475
124 0.168203
125 0.430959
126 0.382634
127 0.400109
128 0.47838
129 0.425861
130 0.307329
131 0.445968
132 0.304304
133 0.432665
134 0.355297
135 0.235102
136 0.217234
137 0.303876
138 0.357966
139 0.47184
140 0.371432
141 0.33008
142 0.48767
143 0.467277
144 0.284706
145 0.466415
146 0.474956
147 0.407671
148 0.348865
149 0.480786
150 0.56033
151 0.458476
152 0.423866
153 0.513318
154 0.558296
155 0.456973
156 0.565108
157 0.578747
158 0.370399
159 0.351737
160 0.30626
161 0.299398
162 0.223837
163 0.269078
164 0.374656
165 0.249784
166 0.199819
167 0.4285
168 0.275355
169 0.371004
170 0.346256
171 0.464421
172 0.283292
173 0.497593
174 0.328909
175 0.222087
176 0.288975
177 0.305781
178 0.409624
179 0.346257
180 0.428131
181 0.39569
182 0.330619
183 0.365296
184 0.293697
185 0.204932
186 0.370499
187 0.289227
188 0.442433
189 0.262196
190 0.228457
191 0.442704
192 0.340592
193 0.23701
194 0.295441
195 0.279453
196 0.234638
197 0.379474
198 0.496347
199 0.562561
200 0.497628
201 0.478055
202 0.433066
203 0.273725
204 0.408373
205 0.430756
206 0.452628
207 0.409143
208 0.480118
209 0.390803
210 0.314172
211 0.332738
212 0.432561
213 0.259268
214 0.412976
215 0.245563
216 0.327305
217 0.420929
218 0.309956
219 0.526254
220 0.564969
221 0.376438
222 0.28659
223 0.484284
224 0.312404
225 0.224731
226 0.448029
227 0.461345
228 0.538594
229 0.485702
230 0.378278
231 0.250421
232 0.421277
233 0.420077
234 0.390713
235 0.364234
236 0.394398
237 0.360887
238 0.442137
239 0.397498
240 0.277665
241 0.286454
242 0.259944
243 0.421714
244 0.402597
245 0.414881
246 0.433242
247 0.257669
248 0.361554
249 0.418113
250 0.527464
251 0.543817
252 0.470704
253 0.576459
254 0.411001
255 0.439531
256 0.354589
257 0.292074
258 0.354122
259 0.273631
260 0.437023
261 0.365922
262 0.315239
263 0.334999
264 0.361588
265 0.460681
266 0.488009
267 0.567349
268 0.447047
269 0.487618
270 0.531145
271 0.459363
272 0.496856
273 0.33918
274 0.33944
275 0.318946
276 0.446683
277 0.347618
278 0.24076
279 0.201071
280 0.188642
281 0.355708
282 0.384706
283 0.485133
284 0.488007
285 0.357085
286 0.490329
287 0.554895
288 0.34223
289 0.351909
290 0.239562
291 0.431771
292 0.347239
293 0.267028
294 0.265773
295 0.249457
296 0.241905
297 0.34988
298 0.410647
299 0.335703
300 0.382968
301 0.480022
302 0.377486
303 0.472942
304 0.281403
305 0.494755
306 0.443793
307 0.488804
308 0.345107
309 0.363376
310 0.255771
311 0.29102
312 0.353414
313 0.265397
314 0.264525
315 0.335241
316 0.44267
317 0.287442
318 0.359512
319 0.458504
320 0.455861
321 0.490076
322 0.418363
323 0.328953
324 0.512105
325 0.381112
326 0.394883
327 0.262408
328 0.211125
329 0.233068
330 0.179129
331 0.424114
332 0.275268
333 0.214296
334 0.347443
335 0.221525
336 0.402574
337 0.420731
338 0.486031
339 0.561746
340 0.39595
341 0.428875
342 0.439343
343 0.469724
344 0.319592
345 0.222127
346 0.233576
347 0.352865
348 0.467898
349 0.392797
350 0.391536
351 0.294136
352 0.30056
353 0.401375
354 0.377769
355 0.470237
356 0.323276
357 0.532957
358 0.423506
359 0.507906
360 0.355222
361 0.495716
362 0.300563
363 0.2854
364 0.417406
365 0.466392
366 0.300474
367 0.223372
368 0.277742
369 0.233465
370 0.229347
371 0.363952
372 0.24592
373 0.226762
374 0.383467
375 0.453141
376 0.567647
377 0.372189
378 0.295012
379 0.298009
380 0.458117
381 0.283365
382 0.311663
383 0.389128
384 0.280116
385 0.401204
386 0.392949
387 0.441448
388 0.309571
389 0.289719
390 0.419085
391 0.294122
392 0.443304
393 0.53251
394 0.320075
395 0.228244
396 0.227416
397 0.418748
398 0.273622
399 0.208249
400 0.356584
401 0.310884
402 0.366871
403 0.36362
404 0.526417
405 0.508031
406 0.469131
407 0.422366
408 0.329701
409 0.273519
410 0.451047
411 0.322541
412 0.323602
413 0.257429
414 0.365202
415 0.316321
416 0.353155
417 0.272847
418 0.416273
419 0.450011
420 0.388214
421 0.529732
422 0.382231
423 0.543593
424 0.416935
425 0.309681
426 0.250122
427 0.352308
428 0.389696
429 0.49322
430 0.42237
431 0.491908
432 0.418739
433 0.561381
434 0.575669
435 0.446556
436 0.297576
437 0.452173
438 0.420143
439 0.448785
440 0.316097
441 0.263836
442 0.282651
443 0.308747
444 0.424109
445 0.287758
446 0.439815
447 0.422757
448 0.366874
449 0.271414
450 0.402837
451 0.488739
452 0.467363
453 0.322826
454 0.252976
455 0.456636
456 0.43879
457 0.279508
458 0.445963
459 0.354884
460 0.386261
461 0.289646
462 0.210466
463 0.388195
464 0.414423
465 0.355527
466 0.455595
467 0.266472
468 0.423609
469 0.331044
470 0.295234
471 0.311297
472 0.311088
473 0.471783
474 0.27276
475 0.413408
476 0.456628
477 0.561837
478 0.574149
479 0.396728
480 0.259268
481 0.469736
482 0.336555
483 0.347857
484 0.247552
485 0.205088
486 0.388794
487 0.261431
488 0.343155
489 0.280265
490 0.471684
491 0.445083
492 0.436986
493 0.274549
494 0.479113
495 0.357276
496 0.479616
497 0.457919
498 0.375999
499 0.495209
500 0.528248
501 0.317379
502 0.484814
503 0.300283
504 0.3357
505 0.258593
506 0.195156
507 0.436133
508 0.27642
509 0.20862
510 0.235246
511 0.348549
512 0.45029
513 0.32562
514 0.383067
515 0.420931
516 0.30996
517 0.375299
518 0.377201
519 0.446975
520 0.427143
521 0.477605
522 0.320164
523 0.454711
524 0.404726
525 0.257338
526 0.372915
527 0.375114
528 0.318777
529 0.230683
530 0.459198
531 0.385625
532 0.407758
533 0.281626
534 0.487259
535 0.528591
536 0.330076
537 0.251211
538 0.438484
539 0.40207
540 0.372531
541 0.38687
542 0.388339
543 0.245311
544 0.49258
545 0.494894
546 0.416689
547 0.431716
548 0.54644
549 0.59782
550 0.392792
551 0.293663
552 0.441531
553 0.297153
554 0.519205
555 0.484101
556 0.426835
557 0.421279
558 0.508495
559 0.430324
560 0.442428
561 0.279892
562 0.495812
563 0.395599
564 0.438675
565 0.556789
566 0.596309
567 0.588124
568 0.419207
569 0.298791
570 0.421861
571 0.519056
572 0.566426
573 0.371056
574 0.389627
575 0.275143
576 0.325674
577 0.373868
578 0.510736
579 0.514917
580 0.360621
581 0.286105
582 0.45952
583 0.539661
584 0.471318
585 0.44037
586 0.420425
587 0.550135
588 0.373183
589 0.341284
590 0.275781
591 0.360914
592 0.420013
593 0.354975
594 0.281107
595 0.330948
596 0.486802
597 0.430648
598 0.398152
599 0.377294
600 0.240507
601 0.294854
602 0.234692
603 0.224887
604 0.372544
605 0.323693
606 0.475576
607 0.402967
608 0.40197
609 0.45656
610 0.461323
611 0.432742
612 0.408453
613 0.321534
614 0.499868
615 0.321092
616 0.358098
617 0.416801
618 0.29903
619 0.344825
620 0.391026
621 0.377121
622 0.473812
623 0.329536
624 0.246047
625 0.318657
626 0.328257
627 0.326258
628 0.423911
629 0.439971
630 0.262739
631 0.404476
632 0.246873
633 0.19359
634 0.256874
635 0.300308
636 0.221262
637 0.325258
638 0.366091
639 0.405452
640 0.391697
641 0.497907
642 0.431482
643 0.366761
644 0.307043
645 0.259136
646 0.309456
647 0.425215
648 0.29299
649 0.349986
650 0.299301
651 0.411123
652 0.40648
653 0.488254
654 0.414989
655 0.51752
656 0.361276
657 0.525707
658 0.364875
659 0.521981
660 0.482517
661 0.514379
662 0.546782
663 0.35974
664 0.43598
665 0.393286
666 0.503964
667 0.316166
668 0.515007
669 0.505328
670 0.583033
671 0.502712
672 0.40214
673 0.452829
674 0.461035
675 0.380546
676 0.489942
677 0.308983
678 0.284046
679 0.232402
680 0.240618
681 0.413801
682 0.301659
683 0.342285
684 0.491475
685 0.393236
686 0.450914
687 0.336413
688 0.277503
689 0.474221
690 0.430524
691 0.403914
692 0.308563
693 0.274432
694 0.229972
695 0.299798
696 0.455075
697 0.421547
698 0.435851
699 0.384378
700 0.401109
701 0.392081
702 0.488365
703 0.277533
704 0.418324
705 0.409174
706 0.363494
707 0.347487
708 0.266708
709 0.433419
710 0.308993
711 0.523147
712 0.469572
713 0.524381
714 0.39448
715 0.291283
716 0.396661
717 0.499598
718 0.480672
719 0.327001
720 0.342856
721 0.256264
722 0.255253
723 0.29567
724 0.227809
725 0.303551
726 0.4449
727 0.530897
728 0.365218
729 0.313468
730 0.454059
731 0.497071
732 0.424802
733 0.430752
734 0.550172
735 0.523813
736 0.562181
737 0.416193
738 0.469077
739 0.518627
740 0.496127
741 0.458847
742 0.47739
743 0.441968
744 0.580161
745 0.343778
746 0.489359
747 0.431904
748 0.324611
749 0.238218
750 0.416189
751 0.338791
752 0.315892
753 0.335997
754 0.358143
755 0.292087
756 0.450657
757 0.373299
758 0.290878
759 0.292227
760 0.360822
761 0.450165
762 0.286013
763 0.264463
764 0.273131
765 0.33637
766 0.394333
767 0.479066
768 0.320756
769 0.325364
770 0.380779
771 0.273904
772 0.35667
773 0.424268
774 0.494145
775 0.510185
776 0.462523
777 0.397256
778 0.375524
779 0.314643
780 0.384284
781 0.488941
782 0.446728
783 0.487011
784 0.300117
785 0.214731
786 0.349908
787 0.386365
788 0.39774
789 0.501388
790 0.441059
791 0.578051
792 0.427795
793 0.265581
794 0.240941
795 0.263278
796 0.371267
797 0.467476
798 0.278804
799 0.327452
800 0.43906
801 0.34053
802 0.377765
803 0.377178
804 0.375629
805 0.380807
806 0.33969
807 0.253577
808 0.47226
809 0.352458
810 0.514684
811 0.562175
812 0.43395
813 0.319242
814 0.495634
815 0.505054
816 0.564854
817 0.486374
818 0.390482
819 0.33947
820 0.482138
821 0.436727
822 0.537849
823 0.373646
824 0.297935
825 0.218491
826 0.206767
827 0.224603
828 0.269013
829 0.388463
830 0.41647
831 0.442939
832 0.506284
833 0.500977
834 0.595049
835 0.515874
836 0.563473
837 0.438034
838 0.279121
839 0.280419
840 0.208778
841 0.444942
842 0.524976
843 0.572604
844 0.376428
845 0.482184
846 0.285333
847 0.439848
848 0.263226
849 0.224212
850 0.231196
851 0.350609
852 0.411165
853 0.422486
854 0.289271
855 0.455892
856 0.302165
857 0.278155
858 0.200486
859 0.330901
860 0.313472
861 0.427765
862 0.392584
863 0.503868
864 0.476931
865 0.396085
866 0.305453
867 0.231406
868 0.324732
869 0.421429
870 0.469338
871 0.577923
872 0.416391
873 0.406398
874 0.527982
875 0.524825
876 0.376692
877 0.317536
878 0.400222
879 0.291088
880 0.464193
881 0.317407
882 0.283104
883 0.402616
884 0.293109
885 0.367078
886 0.42487
887 0.406233
888 0.490701
889 0.562456
890 0.322247
891 0.500892
892 0.338171
893 0.502971
894 0.462206
895 0.471339
896 0.376352
897 0.329529
898 0.483468
899 0.537876
900 0.37461
901 0.503828
902 0.448666
903 0.366314
904 0.284383
905 0.215473
906 0.225241
907 0.211776
908 0.1937
909 0.393098
910 0.253344
911 0.450009
912 0.272786
913 0.48796
914 0.287559
915 0.234166
916 0.316651
917 0.429208
918 0.391633
919 0.254589
920 0.273597
921 0.339115
922 0.311331
923 0.232336
924 0.205124
925 0.1762
926 0.38725
927 0.457495
928 0.398591
929 0.461198
930 0.404531
931 0.486369
932 0.499975
933 0.471811
934 0.538937
935 0.332406
936 0.412688
937 0.265463
938 0.392224
939 0.481654
940 0.523037
941 0.549014
942 0.394298
943 0.539841
944 0.358754
945 0.529698
946 0.569857
947 0.436948
948 0.390049
949 0.490167
950 0.454802
951 0.446048
952 0.274653
953 0.486374
954 0.288294
955 0.328299
956 0.276842
957 0.416424
958 0.385619
959 0.396952
960 0.372845
961 0.441697
962 0.438324
963 0.405919
964 0.337832
965 0.491309
966 0.414214
967 0.323747
968 0.304189
969 0.215533
970 0.210709
971 0.424559
972 0.489806
973 0.338882
974 0.393456
975 0.323109
976 0.379262
977 0.510718
978 0.539051
979 0.425185
980 0.374675
981 0.339335
982 0.273654
983 0.299886
984 0.477652
985 0.4559
986 0.568453
987 0.547759
988 0.483125
989 0.389229
990 0.358304
991 0.506084
992 0.496136
993 0.541627
994 0.409728
995 0.280797
996 0.411958
997 0.317834
998 0.505871
999 0.449819
1000 0.360765
1001 0.280033
1002 0.434343
1003 0.485898
1004 0.58473
1005 0.518819
1006 0.412846
1007 0.291163
1008 0.41109
1009 0.379677
1010 0.535414
1011 0.579084
1012 0.413833
1013 0.479738
1014 0.287044
1015 0.301388
1016 0.323905
1017 0.264306
1018 0.299588
1019 0.371587
1020 0.470021
1021 0.434616
1022 0.257966
1023 0.314213
1024 0.399871
1025 0.526901
1026 0.54795
1027 0.457492
1028 0.283184
1029 0.409985
1030 0.364883
1031 0.426477
1032 0.485263
1033 0.551463
1034 0.532295
1035 0.538991
1036 0.346291
1037 0.531351
1038 0.503087
1039 0.428192
1040 0.397723
1041 0.536887
1042 0.296878
1043 0.489054
1044 0.335668
1045 0.231102
1046 0.211711
1047 0.197705
1048 0.232855
1049 0.422331
1050 0.436533
1051 0.278403
1052 0.229701
1053 0.242438
1054 0.321029
1055 0.290337
1056 0.423384
1057 0.417587
1058 0.315321
1059 0.370315
1060 0.334358
1061 0.342953
1062 0.287166
1063 0.365472
1064 0.402032
1065 0.536878
1066 0.493764
1067 0.358059
1068 0.430521
1069 0.394123
1070 0.285451
1071 0.403244
1072 0.451646
1073 0.419525
1074 0.381445
1075 0.308649
1076 0.259802
1077 0.426759
1078 0.251001
1079 0.409381
1080 0.256662
1081 0.227737
1082 0.221028
1083 0.438846
1084 0.268611
1085 0.462386
1086 0.386924
1087 0.430816
1088 0.485028
1089 0.519011
1090 0.29211
1091 0.458093
1092 0.285208
1093 0.450625
1094 0.418011
1095 0.355196
1096 0.449037
1097 0.427994
1098 0.347741
1099 0.281189
1100 0.22901
1101 0.229814
1102 0.184359
1103 0.182009
1104 0.303382
1105 0.46875
1106 0.478251
1107 0.33253
1108 0.338381
1109 0.324637
1110 0.435137
1111 0.537079
1112 0.518498
1113 0.311215
1114 0.512197
1115 0.534133
1116 0.529212
1117 0.394103
1118 0.530181
1119 0.496979
1120 0.441237
1121 0.554434
1122 0.404506
1123 0.509626
1124 0.557978
1125 0.577319
1126 0.641221
1127 0.414971
1128 0.576934
1129 0.466315
1130 0.51743
1131 0.359799
1132 0.478012
1133 0.45462
1134 0.300656
1135 0.224558
1136 0.189244
1137 0.342454
1138 0.213027
1139 0.386734
1140 0.414832
1141 0.502181
1142 0.435198
1143 0.396892
1144 0.410353
1145 0.440587
1146 0.553529
1147 0.437214
1148 0.581822
1149 0.352052
1150 0.26847
1151 0.406625
1152 0.498393
1153 0.535132
1154 0.603533
1155 0.54024
1156 0.617465
1157 0.646432
1158 0.445125
1159 0.416664
1160 0.257221
1161 0.299793
1162 0.227032
1163 0.18324
1164 0.294726
1165 0.228619
1166 0.31971
1167 0.425258
1168 0.523647
1169 0.434428
1170 0.450369
1171 0.295876
1172 0.246899
1173 0.432303
1174 0.470207
1175 0.470917
1176 0.372114
1177 0.499927
1178 0.575818
1179 0.522177
1180 0.499153
1181 0.401008
1182 0.413422
1183 0.378169
1184 0.266511
1185 0.356833
1186 0.345376
1187 0.506808
1188 0.465225
1189 0.580601
1190 0.513641
1191 0.483743
1192 0.498054
1193 0.440178
1194 0.357289
1195 0.45958
1196 0.559086
1197 0.34681
1198 0.452518
1199 0.343904
1200 0.445854
1201 0.442511
1202 0.387785
1203 0.370178
1204 0.266432
1205 0.187568
1206 0.375468
1207 0.322647
1208 0.461489
1209 0.440553
1210 0.337049
1211 0.325919
1212 0.464552
1213 0.550198
1214 0.30883
1215 0.387982
1216 0.402387
1217 0.360318
1218 0.233805
1219 0.212998
1220 0.282466
1221 0.333258
1222 0.418428
1223 0.359018
1224 0.243452
1225 0.192826
1226 0.340169
1227 0.243338
1228 0.291086
1229 0.273465
1230 0.34319
1231 0.455184
1232 0.418898
1233 0.488401
1234 0.459826
1235 0.286304
1236 0.386607
1237 0.314799
1238 0.277403
1239 0.404969
1240 0.393433
1241 0.367001
1242 0.310964
1243 0.337382
1244 0.484438
1245 0.55325
1246 0.475979
1247 0.446971
1248 0.494186
1249 0.444557
1250 0.56899
1251 0.478516
1252 0.535209
1253 0.380492
1254 0.482302
1255 0.365266
1256 0.47594
1257 0.356695
1258 0.3972
1259 0.378224
1260 0.246991
1261 0.270419
1262 0.427173
1263 0.260393
1264 0.340523
1265 0.329337
1266 0.458298
1267 0.457197
1268 0.349107
1269 0.324406
1270 0.309982
1271 0.240712
1272 0.431204
1273 0.368424
1274 0.316986
1275 0.495581
1276 0.292507
1277 0.42921
1278 0.501738
1279 0.491536
1280 0.424102
1281 0.523526
1282 0.511271
1283 0.457331
1284 0.351163
1285 0.344904
1286 0.311741
1287 0.30377
1288 0.461885
1289 0.420352
1290 0.322201
1291 0.312444
1292 0.412847
1293 0.299693
1294 0.45137
1295 0.327544
1296 0.480434
1297 0.366538
1298 0.496545
1299 0.523849
1300 0.408411
1301 0.509083
1302 0.364521
1303 0.331691
1304 0.263826
1305 0.312605
1306 0.369222
1307 0.333137
1308 0.497448
1309 0.395778
1310 0.332086
1311 0.23069
1312 0.330457
1313 0.265073
1314 0.241615
1315 0.290985
1316 0.480934
1317 0.445941
1318 0.334767
1319 0.296297
1320 0.266852
1321 0.451991
1322 0.497082
1323 0.513606
1324 0.39259
1325 0.277029
1326 0.28082
1327 0.327612
1328 0.389144
1329 0.497106
1330 0.463812
1331 0.513139
1332 0.583952
1333 0.458877
1334 0.455252
1335 0.562899
1336 0.606831
1337 0.331824
1338 0.340837
1339 0.310755
1340 0.415354
1341 0.525623
1342 0.421378
1343 0.338591
1344 0.416159
1345 0.351858
1346 0.38881
1347 0.324416
1348 0.380975
1349 0.450611
1350 0.304411
1351 0.396277
1352 0.337477
1353 0.395374
1354 0.520303
1355 0.432004
1356 0.540498
1357 0.559251
1358 0.496826
1359 0.430608
1360 0.374625
1361 0.425753
1362 0.463587
1363 0.373499
1364 0.423211
1365 0.302213
1366 0.359625
1367 0.337648
1368 0.252953
1369 0.466849
1370 0.291482
1371 0.474193
1372 0.383662
1373 0.538413
1374 0.428615
1375 0.476662
1376 0.337642
1377 0.244779
1378 0.207508
1379 0.333046
1380 0.351345
1381 0.347606
1382 0.435106
1383 0.274873
1384 0.240789
1385 0.379259
1386 0.493834
1387 0.386654
1388 0.464208
1389 0.271832
1390 0.359666
1391 0.326512
1392 0.497637
1393 0.51537
1394 0.387879
1395 0.311255
1396 0.326975
1397 0.416762
1398 0.420923
1399 0.44937
1400 0.284901
1401 0.428301
1402 0.2551
1403 0.245051
1404 0.216435
1405 0.270611
1406 0.20361
1407 0.298175
1408 0.429474
1409 0.494186
1410 0.447754
1411 0.517441
1412 0.353768
1413 0.512479
1414 0.346407
1415 0.530711
1416 0.553563
1417 0.476219
1418 0.546413
1419 0.381443
1420 0.316322
1421 0.479402
1422 0.478327
1423 0.344315
1424 0.250264
1425 0.280234
1426 0.442019
1427 0.414217
1428 0.372506
1429 0.498311
1430 0.351359
1431 0.308977
1432 0.248986
1433 0.343396
1434 0.423476
1435 0.457066
1436 0.547396
1437 0.482186
1438 0.442024
1439 0.327268
1440 0.35539
1441 0.331222
1442 0.440738
1443 0.4601
1444 0.329135
1445 0.260381
1446 0.469602
1447 0.494347
1448 0.395951
1449 0.354946
1450 0.315773
1451 0.461648
1452 0.513877
1453 0.491078
1454 0.453109
1455 0.292681
1456 0.263247
1457 0.307114
1458 0.278252
1459 0.357391
1460 0.418874
1461 0.460296
1462 0.465983
1463 0.509804
1464 0.460137
1465 0.420292
1466 0.260669
1467 0.439666
1468 0.509432
1469 0.368272
1470 0.299338
1471 0.367326
1472 0.280237
1473 0.45155
1474 0.278099
1475 0.284715
1476 0.299351
1477 0.380903
1478 0.504118
1479 0.535581
1480 0.305728
1481 0.448148
1482 0.317571
1483 0.34
1484 0.424983
1485 0.310491
1486 0.437219
1487 0.290313
1488 0.486609
1489 0.295487
1490 0.218437
1491 0.312537
1492 0.322551
1493 0.251246
1494 0.329731
1495 0.291133
1496 0.444182
1497 0.530134
1498 0.306922
1499 0.260278
1500 0.23738
1501 0.43939
1502 0.372251
1503 0.305644
1504 0.375555
1505 0.451371
1506 0.40695
1507 0.50738
1508 0.564663
1509 0.372335
1510 0.525442
1511 0.507162
1512 0.510505
1513 0.522758
1514 0.526126
1515 0.436817
1516 0.38398
1517 0.460956
1518 0.514686
1519 0.372626
1520 0.255119
1521 0.380448
1522 0.248154
1523 0.289323
1524 0.45601
1525 0.265092
1526 0.396895
1527 0.456022
1528 0.338735
1529 0.360885
1530 0.375839
1531 0.36485
1532 0.268418
1533 0.332484
1534 0.380706
1535 0.341732
1536 0.359406
1537 0.507515
1538 0.500494
1539 0.381461
1540 0.430433
1541 0.484717
1542 0.321454
1543 0.38468
1544 0.456113
1545 0.300498
1546 0.341482
1547 0.445991
1548 0.314665
1549 0.349028
1550 0.407842
1551 0.363641
1552 0.260621
1553 0.231356
1554 0.419115
1555 0.334371
1556 0.29274
1557 0.272789
1558 0.314657
1559 0.438492
1560 0.391229
1561 0.302837
1562 0.200486
1563 0.332227
1564 0.288412
1565 0.303461
1566 0.429426
1567 0.493119
1568 0.343946
1569 0.308346
1570 0.476264
1571 0.289427
1572 0.388744
1573 0.481198
1574 0.502846
1575 0.470814
1576 0.450779
1577 0.478585
1578 0.440698
1579 0.525627
1580 0.475955
1581 0.353174
1582 0.431432
1583 0.364347
1584 0.477247
1585 0.386545
1586 0.539311
1587 0.411554
1588 0.420837
1589 0.437498
1590 0.46531
1591 0.37431
1592 0.329757
1593 0.436634
1594 0.36941
1595 0.484055
1596 0.357235
1597 0.516418
1598 0.346071
1599 0.275363
1600 0.397808
1601 0.25002
1602 0.467803
1603 0.283873
1604 0.303423
1605 0.206324
1606 0.215087
1607 0.260039
1608 0.289198
1609 0.351697
1610 0.249026
1611 0.240261
1612 0.440094
1613 0.391853
1614 0.371712
1615 0.514731
1616 0.401594
1617 0.417739
1618 0.28311
1619 0.364677
1620 0.277837
1621 0.194429
1622 0.273539
1623 0.262179
1624 0.413908
1625 0.37679
1626 0.435033
1627 0.542305
1628 0.315552
1629 0.388456
1630 0.474987
1631 0.552223
1632 0.51576
1633 0.570926
1634 0.40012
1635 0.278435
1636 0.226094
1637 0.217824
1638 0.238169
1639 0.36399
1640 0.354404
1641 0.392516
1642 0.514666
1643 0.57012
1644 0.531811
1645 0.374502
1646 0.403413
1647 0.442583
1648 0.352479
1649 0.280332
1650 0.412039
1651 0.486251
1652 0.439803
1653 0.570055
1654 0.621638
1655 0.41576
1656 0.509767
1657 0.534569
1658 0.566715
1659 0.577966
1660 0.426752
1661 0.467993
1662 0.324694
1663 0.520392
1664 0.441817
1665 0.402407
1666 0.318905
1667 0.443234
1668 0.474031
1669 0.427169
1670 0.496112
1671 0.399374
1672 0.489541
1673 0.415105
1674 0.489351
1675 0.558869
1676 0.428821
1677 0.275437
1678 0.242948
1679 0.434115
1680 0.4372
1681 0.263331
1682 0.267064
1683 0.254837
1684 0.441722
1685 0.495876
1686 0.4744
1687 0.525333
1688 0.472993
1689 0.494311
1690 0.509439
1691 0.394539
1692 0.45236
1693 0.499952
1694 0.447524
1695 0.553248
1696 0.555744
1697 0.370357
1698 0.476429
1699 0.46516
1700 0.331548
1701 0.399493
1702 0.490093
1703 0.487633
1704 0.471597
1705 0.301904
1706 0.209171
1707 0.429462
1708 0.363322
1709 0.507634
1710 0.530375
1711 0.323843
1712 0.391359
1713 0.462739
1714 0.417017
1715 0.460365
1716 0.516558
1717 0.563623
1718 0.345453
1719 0.525945
1720 0.363094
1721 0.262098
1722 0.226641
1723 0.387508
1724 0.493562
1725 0.488341
1726 0.409957
1727 0.516896
1728 0.477125
1729 0.416514
1730 0.440459
1731 0.532687
1732 0.399023
1733 0.397791
1734 0.357613
1735 0.502202
1736 0.519245
1737 0.461067
1738 0.558863
1739 0.476813
1740 0.342782
1741 0.249869
1742 0.346199
1743 0.35074
1744 0.233591
1745 0.441484
1746 0.344838
1747 0.51319
1748 0.487259
1749 0.370063
1750 0.36583
1751 0.35697
1752 0.333766
1753 0.484303
1754 0.527493
1755 0.559135
1756 0.396654
1757 0.265133
1758 0.438672
1759 0.36832
1760 0.306907
1761 0.386737
1762 0.294613
1763 0.244598
1764 0.33694
1765 0.281268
1766 0.223412
1767 0.429626
1768 0.343486
1769 0.499578
1770 0.343101
1771 0.466283
1772 0.293165
1773 0.357508
1774 0.24095
1775 0.212221
1776 0.336285
1777 0.369105
1778 0.234182
1779 0.321443
1780 0.459466
1781 0.421458
1782 0.320735
1783 0.422887
1784 0.412204
1785 0.396755
1786 0.502771
1787 0.548178
1788 0.576088
1789 0.506418
1790 0.353162
1791 0.44503
1792 0.358152
1793 0.28833
1794 0.38662
1795 0.331494
1796 0.273907
1797 0.391537
1798 0.376034
1799 0.442965
1800 0.394453
1801 0.345652
1802 0.40633
1803 0.245622
1804 0.269747
1805 0.216308
1806 0.351757
1807 0.316704
1808 0.346052
1809 0.507526
1810 0.435994
1811 0.43425
1812 0.34818
1813 0.390922
1814 0.49224
1815 0.547876
1816 0.392974
1817 0.514571
1818 0.56224
1819 0.512137
1820 0.473557
1821 0.451922
1822 0.39369
1823 0.320889
1824 0.301736
1825 0.405151
1826 0.502236
1827 0.576733
1828 0.427785
1829 0.300222
1830 0.45606
1831 0.461306
1832 0.285101
1833 0.479703
1834 0.429151
1835 0.29572
1836 0.233993
1837 0.293565
1838 0.353789
1839 0.433619
1840 0.288835
1841 0.278393
1842 0.202201
1843 0.230457
1844 0.362912
1845 0.221012
1846 0.326143
1847 0.257186
1848 0.27423
1849 0.350681
1850 0.394685
1851 0.237716
1852 0.356655
1853 0.466718
1854 0.562
1855 0.414254
1856 0.414767
1857 0.368112
1858 0.415172
1859 0.512236
1860 0.459712
1861 0.519675
1862 0.571378
1863 0.394857
1864 0.257771
1865 0.368909
1866 0.248483
1867 0.402117
1868 0.474172
1869 0.359663
1870 0.328134
1871 0.313506
1872 0.338845
1873 0.302896
1874 0.256875
1875 0.356696
1876 0.262678
1877 0.252647
1878 0.213899
1879 0.166741
1880 0.157672
1881 0.343473
1882 0.447476
1883 0.293746
1884 0.473892
1885 0.351702
1886 0.394902
1887 0.398674
1888 0.377836
1889 0.508439
1890 0.426202
1891 0.44986
1892 0.455997
1893 0.45416
1894 0.367826
1895 0.387006
1896 0.506131
1897 0.370143
1898 0.548896
1899 0.3624
1900 0.408403
1901 0.381588
1902 0.506423
1903 0.434712
1904 0.419303
1905 0.388603
1906 0.377222
1907 0.526832
1908 0.551343
1909 0.402748
1910 0.283784
1911 0.448831
1912 0.336414
1913 0.302639
1914 0.360328
1915 0.391701
1916 0.478074
1917 0.294293
1918 0.323734
1919 0.223315
1920 0.352029
1921 0.282551
1922 0.47151
1923 0.447597
1924 0.560536
1925 0.493417
1926 0.509428
1927 0.397399
1928 0.315749
1929 0.446064
1930 0.536507
1931 0.441066
1932 0.558502
1933 0.511916
1934 0.396315
1935 0.549772
1936 0.360409
1937 0.408477
1938 0.463756
1939 0.413941
1940 0.561589
1941 0.421763
1942 0.254724
1943 0.439595
1944 0.45605
1945 0.462194
1946 0.485074
1947 0.275795
1948 0.337077
1949 0.253336
1950 0.272425
1951 0.282461
1952 0.324223
1953 0.47917
1954 0.290976
1955 0.354745
1956 0.335157
1957 0.321079
1958 0.48735
1959 0.352083
1960 0.355103
1961 0.273829
1962 0.417191
1963 0.471901
1964 0.340356
1965 0.539984
1966 0.362344
1967 0.30452
1968 0.217829
1969 0.23519
1970 0.359331
1971 0.458454
1972 0.49956
1973 0.580307
1974 0.454799
1975 0.585838
1976 0.616825
1977 0.552862
1978 0.606901
1979 0.325082
1980 0.509944
1981 0.410643
1982 0.504791
1983 0.36727
1984 0.244197
1985 0.272277
1986 0.269074
1987 0.351637
1988 0.239078
1989 0.445278
1990 0.505922
1991 0.345517
1992 0.459868
1993 0.304219
1994 0.432038
1995 0.30948
1996 0.380419
1997 0.387203
1998 0.545619
1999 0.349681
2000 0.465026
2001 0.50128
2002 0.5665
2003 0.359223
2004 0.547885
2005 0.467279
2006 0.523621
2007 0.334233
2008 0.284185
2009 0.305005
2010 0.3982
2011 0.442292
2012 0.459594
2013 0.328841
2014 0.245639
2015 0.413986
2016 0.439709
2017 0.513779
2018 0.455776
2019 0.288321
2020 0.313344
2021 0.199379
2022 0.277592
2023 0.309707
2024 0.300989
2025 0.485778
2026 0.553422
2027 0.457235
2028 0.547022
2029 0.528508
2030 0.309679
2031 0.278204
2032 0.355235
2033 0.475886
2034 0.574235
2035 0.331452
2036 0.351194
2037 0.365384
2038 0.276502
2039 0.23912
2040 0.202674
2041 0.396387
2042 0.280507
2043 0.208012
2044 0.419962
2045 0.401144
2046 0.357468
2047 0.487339
2048 0.467154
2049 0.272416
2050 0.354497
2051 0.493634
2052 0.537075
2053 0.345511
2054 0.346197
2055 0.322158
2056 0.259758
2057 0.392117
2058 0.470773
2059 0.346608
2060 0.532147
2061 0.366454
2062 0.428677
2063 0.459852
2064 0.54179
2065 0.359641
2066 0.352922
2067 0.39865
2068 0.4854
2069 0.406746
2070 0.320851
2071 0.222729
2072 0.293356
2073 0.228782
2074 0.169368
2075 0.161316
2076 0.141603
2077 0.19793
2078 0.342964
2079 0.448462
2080 0.311316
2081 0.295454
2082 0.220378
2083 0.368457
2084 0.457344
2085 0.430421
2086 0.403516
2087 0.487631
2088 0.427417
2089 0.356108
2090 0.371774
2091 0.251527
2092 0.20615
2093 0.415123
2094 0.336339
2095 0.282591
2096 0.442779
2097 0.48955
2098 0.441664
2099 0
