0 -11.775
1 9.67996
2 -6.83982
3 -8.99046
4 -8.31311
5 -6.50683
6 -5.83644
7 -4.70944
8 -4.46575
9 -4.82587
10 -4.05533
11 -5.25071
12 -4.19934
13 -4.11334
14 -5.90746
15 -1.28003
16 -6.43857
17 -0.374654
18 -2.59343
19 -2.93305
20 1.62694
21 -1.07819
22 -0.179933
23 0.0245819
24 0.018854
25 0.111873
26 0.107565
27 0.144759
28 0.132832
29 0.144409
30 0.16238
31 0.158368
32 0.174194
33 0.166036
34 0.175122
35 0.164756
36 0.188115
37 0.189205
38 0.189797
39 0.188646
40 0.178287
41 0.189659
42 0.201787
43 0.185585
44 0.156059
45 0.187622
46 0.176607
47 0.173955
48 0.175305
49 0.19532
50 0.158061
51 0.154051
52 0.17226
53 0.193043
54 0.17411
55 0.166106
56 0.173532
57 0.203818
58 0.18374
59 0.197147
60 0.19078
61 0.218356
62 0.174876
63 0.1993
64 0.200665
65 0.188033
66 0.167945
67 0.192085
68 0.18519
69 0.157043
70 0.15713
71 0.191925
72 0.192301
73 0.166248
74 0.182352
75 0.189776
76 0.184498
77 0.175387
78 0.192779
79 0.173368
80 0.169204
81 0.170797
82 0.18888
83 0.181196
84 0.169939
85 0.191823
86 0.201832
87 0.200668
88 0.180169
89 0.205251
90 0.213794
91 0.188779
92 0.167056
93 0.190639
94 0.184644
95 0.175551
96 0.170686
97 0.186661
98 0.157484
99 0.182373
100 0.165714
101 0.176387
102 0.173885
103 0.17949
104 0.177278
105 0.18568
106 0.172258
107 0.168314
108 0.197323
109 0.209058
110 0.166267
111 0.166345
112 0.191264
113 0.184286
114 0.158139
115 0.176887
116 0.166998
117 0.165434
118 0.185598
119 0.199463
120 0.154073
121 0.164752
122 0.172583
123 0.164254
124 0.155124
125 0.1691
126 0.153089
127 0.163042
128 0.1584
129 0.184444
130 0.17467
131 0.179333
132 0.174584
133 0.182085
134 0.163233
135 0.159238
136 0.157565
137 0.173891
138 0.174007
139 0.163959
140 0.158304
141 0.161763
142 0.18667
143 0.193093
144 0.166999
145 0.181695
146 0.198932
147 0.188288
148 0.160133
149 0.198467
150 0.209764
151 0.179886
152 0.164982
153 0.20594
154 0.217142
155 0.183294
156 0.194321
157 0.206885
158 0.185833
159 0.169793
160 0.180269
161 0.181425
162 0.158393
163 0.160642
164 0.163823
165 0.151203
166 0.148087
167 0.174746
168 0.1661
169 0.158663
170 0.155522
171 0.186516
172 0.161354
173 0.18347
174 0.160849
175 0.162592
176 0.162222
177 0.173373
178 0.16772
179 0.158695
180 0.167626
181 0.162713
182 0.173242
183 0.168635
184 0.170891
185 0.157777
186 0.169787
187 0.156824
188 0.170461
189 0.156538
190 0.164981
191 0.163084
192 0.179163
193 0.152221
194 0.154711
195 0.173503
196 0.158035
197 0.155439
198 0.172485
199 0.182801
200 0.164486
201 0.182372
202 0.184233
203 0.17806
204 0.180263
205 0.189819
206 0.181378
207 0.163843
208 0.184336
209 0.182759
210 0.175284
211 0.169921
212 0.196099
213 0.166507
214 0.170336
215 0.15214
216 0.175258
217 0.169596
218 0.167017
219 0.163198
220 0.183004
221 0.185395
222 0.158919
223 0.20082
224 0.182146
225 0.156242
226 0.174295
227 0.199372
228 0.176175
229 0.163267
230 0.172167
231 0.169937
232 0.189144
233 0.190056
234 0.174835
235 0.158716
236 0.181988
237 0.179015
238 0.178593
239 0.170914
240 0.161755
241 0.162488
242 0.16508
243 0.175264
244 0.164631
245 0.164446
246 0.167968
247 0.170701
248 0.177998
249 0.184524
250 0.198154
251 0.176089
252 0.177099
253 0.200123
254 0.18776
255 0.194084
256 0.175122
257 0.176459
258 0.17546
259 0.169848
260 0.179775
261 0.159375
262 0.169986
263 0.159952
264 0.180117
265 0.179431
266 0.17641
267 0.186554
268 0.177694
269 0.196246
270 0.197747
271 0.196587
272 0.181155
273 0.168415
274 0.183506
275 0.168001
276 0.184684
277 0.165352
278 0.159844
279 0.15387
280 0.163495
281 0.168121
282 0.150018
283 0.163415
284 0.164509
285 0.167744
286 0.186517
287 0.20702
288 0.177788
289 0.172271
290 0.164225
291 0.202914
292 0.166312
293 0.16458
294 0.156842
295 0.165006
296 0.154639
297 0.152288
298 0.160393
299 0.153867
300 0.15547
301 0.182708
302 0.172966
303 0.174136
304 0.157712
305 0.196988
306 0.182874
307 0.19094
308 0.162879
309 0.17444
310 0.167931
311 0.168816
312 0.164736
313 0.162912
314 0.155325
315 0.161054
316 0.182626
317 0.163967
318 0.16045
319 0.177487
320 0.186894
321 0.176434
322 0.178533
323 0.177088
324 0.196254
325 0.184797
326 0.1758
327 0.155628
328 0.159352
329 0.161997
330 0.15585
331 0.161426
332 0.154588
333 0.150135
334 0.149584
335 0.174436
336 0.162164
337 0.157922
338 0.184781
339 0.17751
340 0.176187
341 0.180838
342 0.190526
343 0.192593
344 0.164604
345 0.153854
346 0.173387
347 0.177855
348 0.167306
349 0.154977
350 0.167379
351 0.164262
352 0.171045
353 0.180938
354 0.176787
355 0.169632
356 0.16043
357 0.193881
358 0.182432
359 0.185027
360 0.163618
361 0.194453
362 0.172555
363 0.175498
364 0.174375
365 0.188001
366 0.165088
367 0.150327
368 0.16585
369 0.164122
370 0.147931
371 0.150664
372 0.158824
373 0.153031
374 0.156764
375 0.183783
376 0.172509
377 0.155665
378 0.166452
379 0.168117
380 0.204767
381 0.164833
382 0.155886
383 0.172732
384 0.173961
385 0.162901
386 0.169683
387 0.183972
388 0.160028
389 0.164854
390 0.182201
391 0.174267
392 0.170938
393 0.178973
394 0.173605
395 0.15158
396 0.160752
397 0.203607
398 0.170107
399 0.141352
400 0.161856
401 0.176669
402 0.164469
403 0.158284
404 0.185065
405 0.183356
406 0.181577
407 0.17026
408 0.177281
409 0.173558
410 0.190945
411 0.168884
412 0.160006
413 0.153297
414 0.179704
415 0.163654
416 0.154887
417 0.150091
418 0.178244
419 0.176789
420 0.169927
421 0.173369
422 0.175096
423 0.198118
424 0.169969
425 0.177769
426 0.164318
427 0.192364
428 0.174786
429 0.181441
430 0.164373
431 0.183717
432 0.176475
433 0.202468
434 0.200099
435 0.185387
436 0.164984
437 0.21054
438 0.200188
439 0.183097
440 0.161279
441 0.167899
442 0.170025
443 0.176425
444 0.174436
445 0.154392
446 0.167958
447 0.174775
448 0.169578
449 0.15014
450 0.188399
451 0.192314
452 0.17638
453 0.156596
454 0.161196
455 0.204436
456 0.203505
457 0.161697
458 0.165499
459 0.177429
460 0.181272
461 0.153559
462 0.160932
463 0.176011
464 0.180065
465 0.162052
466 0.163339
467 0.163295
468 0.172698
469 0.165301
470 0.171108
471 0.159311
472 0.16783
473 0.181512
474 0.167341
475 0.170867
476 0.174347
477 0.198118
478 0.182007
479 0.173695
480 0.169171
481 0.208757
482 0.191473
483 0.174886
484 0.150479
485 0.162736
486 0.180844
487 0.159145
488 0.158112
489 0.14589
490 0.178281
491 0.173101
492 0.173952
493 0.150813
494 0.191104
495 0.180057
496 0.190725
497 0.16556
498 0.179701
499 0.187489
500 0.199045
501 0.168743
502 0.184027
503 0.175884
504 0.183841
505 0.158339
506 0.160186
507 0.168485
508 0.166434
509 0.154078
510 0.152018
511 0.18775
512 0.173312
513 0.15693
514 0.158878
515 0.174669
516 0.178695
517 0.165609
518 0.163564
519 0.175685
520 0.169425
521 0.174969
522 0.163713
523 0.184909
524 0.17979
525 0.16831
526 0.170489
527 0.177876
528 0.172339
529 0.148825
530 0.181714
531 0.171291
532 0.167933
533 0.149402
534 0.192457
535 0.196918
536 0.178472
537 0.153337
538 0.205622
539 0.19513
540 0.170086
541 0.168067
542 0.184453
543 0.162187
544 0.18041
545 0.186117
546 0.17328
547 0.167825
548 0.204806
549 0.205197
550 0.179769
551 0.169794
552 0.19992
553 0.182818
554 0.186622
555 0.182045
556 0.186643
557 0.172957
558 0.197219
559 0.191043
560 0.180841
561 0.164413
562 0.201608
563 0.184953
564 0.186791
565 0.185158
566 0.20892
567 0.197088
568 0.176426
569 0.165904
570 0.197807
571 0.218136
572 0.191162
573 0.165748
574 0.176076
575 0.175034
576 0.1851
577 0.172437
578 0.181454
579 0.177427
580 0.1698
581 0.16417
582 0.207616
583 0.208077
584 0.177555
585 0.16134
586 0.186721
587 0.215151
588 0.183266
589 0.170866
590 0.161856
591 0.188668
592 0.182818
593 0.163107
594 0.15164
595 0.166193
596 0.198487
597 0.176764
598 0.170127
599 0.170251
600 0.166782
601 0.169224
602 0.163935
603 0.158389
604 0.156164
605 0.162086
606 0.168179
607 0.159386
608 0.1704
609 0.177875
610 0.1953
611 0.184203
612 0.174384
613 0.176684
614 0.197546
615 0.175325
616 0.167451
617 0.169769
618 0.172864
619 0.164077
620 0.170498
621 0.173154
622 0.16248
623 0.169551
624 0.157244
625 0.168003
626 0.178812
627 0.161744
628 0.160102
629 0.17207
630 0.156699
631 0.17255
632 0.169717
633 0.15766
634 0.154843
635 0.170977
636 0.157249
637 0.147767
638 0.159049
639 0.17128
640 0.15858
641 0.175482
642 0.177446
643 0.180079
644 0.167253
645 0.167764
646 0.1741
647 0.172384
648 0.161293
649 0.16363
650 0.165149
651 0.187615
652 0.165079
653 0.178217
654 0.173346
655 0.195839
656 0.1752
657 0.204865
658 0.178605
659 0.205168
660 0.186178
661 0.20235
662 0.181094
663 0.17225
664 0.190033
665 0.191157
666 0.203521
667 0.169558
668 0.192322
669 0.190936
670 0.204258
671 0.178149
672 0.179997
673 0.198105
674 0.198249
675 0.179386
676 0.179737
677 0.164856
678 0.170017
679 0.161844
680 0.168275
681 0.165717
682 0.152343
683 0.161604
684 0.164447
685 0.178127
686 0.168685
687 0.159742
688 0.168281
689 0.18608
690 0.189101
691 0.173732
692 0.156439
693 0.16949
694 0.163709
695 0.164439
696 0.169509
697 0.158627
698 0.158795
699 0.162376
700 0.185158
701 0.17366
702 0.192351
703 0.170294
704 0.186241
705 0.180697
706 0.179537
707 0.159229
708 0.165428
709 0.179742
710 0.157406
711 0.174609
712 0.171966
713 0.198147
714 0.166896
715 0.166642
716 0.188432
717 0.2032
718 0.18304
719 0.155804
720 0.168584
721 0.171392
722 0.171445
723 0.157264
724 0.157461
725 0.156664
726 0.167346
727 0.174373
728 0.157242
729 0.160293
730 0.201312
731 0.204429
732 0.179276
733 0.168955
734 0.209831
735 0.209171
736 0.200915
737 0.176489
738 0.200946
739 0.205423
740 0.204365
741 0.1816
742 0.190909
743 0.195342
744 0.202213
745 0.17084
746 0.194168
747 0.183678
748 0.196935
749 0.153346
750 0.193091
751 0.171834
752 0.168484
753 0.152909
754 0.17763
755 0.161194
756 0.172705
757 0.171504
758 0.168582
759 0.157017
760 0.179512
761 0.180575
762 0.162071
763 0.155515
764 0.160248
765 0.17937
766 0.164058
767 0.169344
768 0.157977
769 0.156015
770 0.177971
771 0.171443
772 0.165273
773 0.172367
774 0.183508
775 0.174657
776 0.177208
777 0.180972
778 0.183354
779 0.173262
780 0.179571
781 0.184631
782 0.176824
783 0.172744
784 0.159915
785 0.164111
786 0.183396
787 0.185996
788 0.162847
789 0.165863
790 0.177369
791 0.200783
792 0.17723
793 0.165086
794 0.156353
795 0.177637
796 0.177294
797 0.165425
798 0.150817
799 0.154381
800 0.19287
801 0.183646
802 0.169646
803 0.165327
804 0.184226
805 0.173445
806 0.170178
807 0.164516
808 0.180996
809 0.171113
810 0.182888
811 0.178096
812 0.178049
813 0.162527
814 0.207589
815 0.210541
816 0.186793
817 0.171948
818 0.177918
819 0.181691
820 0.204132
821 0.191416
822 0.190987
823 0.171023
824 0.165074
825 0.156985
826 0.165396
827 0.157424
828 0.152672
829 0.157183
830 0.158203
831 0.162384
832 0.179109
833 0.188687
834 0.202458
835 0.192389
836 0.20683
837 0.187197
838 0.174757
839 0.168617
840 0.175367
841 0.17857
842 0.170244
843 0.17941
844 0.154976
845 0.190136
846 0.176222
847 0.194274
848 0.160131
849 0.166226
850 0.1585
851 0.178373
852 0.161637
853 0.156368
854 0.153627
855 0.178974
856 0.170523
857 0.17286
858 0.150595
859 0.178172
860 0.158459
861 0.168737
862 0.154815
863 0.185513
864 0.175407
865 0.181748
866 0.161877
867 0.162157
868 0.172932
869 0.177647
870 0.165683
871 0.176359
872 0.174673
873 0.176867
874 0.209177
875 0.201171
876 0.175838
877 0.163938
878 0.186443
879 0.179966
880 0.17784
881 0.162565
882 0.162381
883 0.16576
884 0.170608
885 0.163264
886 0.168274
887 0.175908
888 0.171257
889 0.193988
890 0.172305
891 0.187011
892 0.174906
893 0.206332
894 0.174815
895 0.1925
896 0.172177
897 0.174438
898 0.199568
899 0.199343
900 0.172343
901 0.173814
902 0.190988
903 0.186435
904 0.161437
905 0.161479
906 0.166975
907 0.154354
908 0.151629
909 0.156932
910 0.156078
911 0.162337
912 0.141719
913 0.187677
914 0.156422
915 0.1692
916 0.165108
917 0.192291
918 0.160577
919 0.154491
920 0.153808
921 0.176371
922 0.168063
923 0.152219
924 0.150446
925 0.154885
926 0.163884
927 0.167698
928 0.158073
929 0.159245
930 0.17737
931 0.202725
932 0.184873
933 0.18624
934 0.188455
935 0.17347
936 0.190291
937 0.166863
938 0.187773
939 0.183917
940 0.188627
941 0.168295
942 0.175155
943 0.20721
944 0.183857
945 0.200505
946 0.193296
947 0.194862
948 0.176872
949 0.193373
950 0.2037
951 0.184937
952 0.161091
953 0.195724
954 0.17558
955 0.170634
956 0.153817
957 0.18658
958 0.1716
959 0.168188
960 0.15913
961 0.183152
962 0.17891
963 0.177988
964 0.169898
965 0.188692
966 0.182713
967 0.163589
968 0.16394
969 0.157732
970 0.16078
971 0.170127
972 0.178068
973 0.155683
974 0.161037
975 0.174346
976 0.183565
977 0.182125
978 0.179271
979 0.176968
980 0.174807
981 0.178428
982 0.176335
983 0.17002
984 0.18446
985 0.178357
986 0.176194
987 0.18404
988 0.195428
989 0.174289
990 0.176019
991 0.209025
992 0.193779
993 0.191782
994 0.170636
995 0.169653
996 0.197809
997 0.182896
998 0.182989
999 0.17043
1000 0.17465
1001 0.158583
1002 0.197462
1003 0.201095
1004 0.186014
1005 0.173969
1006 0.176918
1007 0.166444
1008 0.19301
1009 0.192538
1010 0.188638
1011 0.178306
1012 0.178539
1013 0.187694
1014 0.168625
1015 0.18096
1016 0.176359
1017 0.168337
1018 0.154489
1019 0.165306
1020 0.18203
1021 0.172413
1022 0.157755
1023 0.162347
1024 0.185425
1025 0.192725
1026 0.171096
1027 0.170121
1028 0.159938
1029 0.186079
1030 0.188231
1031 0.181802
1032 0.172072
1033 0.191413
1034 0.192384
1035 0.189642
1036 0.169569
1037 0.208722
1038 0.204935
1039 0.194327
1040 0.168762
1041 0.208004
1042 0.179102
1043 0.19128
1044 0.168423
1045 0.174104
1046 0.1559
1047 0.170108
1048 0.147251
1049 0.153331
1050 0.159488
1051 0.147287
1052 0.150749
1053 0.165635
1054 0.181866
1055 0.157813
1056 0.154508
1057 0.159608
1058 0.165621
1059 0.165638
1060 0.175094
1061 0.176309
1062 0.157583
1063 0.168152
1064 0.169407
1065 0.180135
1066 0.169763
1067 0.173912
1068 0.174061
1069 0.187919
1070 0.166381
1071 0.172604
1072 0.186825
1073 0.179143
1074 0.168123
1075 0.170796
1076 0.168988
1077 0.181504
1078 0.165663
1079 0.161906
1080 0.151838
1081 0.164262
1082 0.147386
1083 0.184053
1084 0.15891
1085 0.164305
1086 0.162054
1087 0.185822
1088 0.176678
1089 0.190322
1090 0.166899
1091 0.17698
1092 0.172363
1093 0.198519
1094 0.167886
1095 0.170899
1096 0.169371
1097 0.187279
1098 0.172366
1099 0.165036
1100 0.165248
1101 0.157417
1102 0.153591
1103 0.145549
1104 0.151701
1105 0.162769
1106 0.163485
1107 0.152871
1108 0.163423
1109 0.169658
1110 0.188495
1111 0.185647
1112 0.181708
1113 0.154862
1114 0.195884
1115 0.206987
1116 0.194467
1117 0.168035
1118 0.201914
1119 0.206396
1120 0.192657
1121 0.191292
1122 0.183691
1123 0.203323
1124 0.191524
1125 0.211331
1126 0.195443
1127 0.185393
1128 0.212562
1129 0.20484
1130 0.20427
1131 0.172011
1132 0.206201
1133 0.188624
1134 0.171497
1135 0.153467
1136 0.154329
1137 0.179832
1138 0.160263
1139 0.157772
1140 0.15519
1141 0.183044
1142 0.161451
1143 0.168514
1144 0.180486
1145 0.197033
1146 0.19146
1147 0.176174
1148 0.1987
1149 0.172529
1150 0.172628
1151 0.180602
1152 0.216985
1153 0.182368
1154 0.180725
1155 0.189532
1156 0.215564
1157 0.216934
1158 0.195043
1159 0.185384
1160 0.166285
1161 0.188912
1162 0.16976
1163 0.159751
1164 0.159259
1165 0.162307
1166 0.153002
1167 0.158651
1168 0.181159
1169 0.169649
1170 0.180935
1171 0.172192
1172 0.174311
1173 0.185628
1174 0.187283
1175 0.169338
1176 0.160764
1177 0.204284
1178 0.209555
1179 0.191311
1180 0.178226
1181 0.176565
1182 0.198385
1183 0.177411
1184 0.163166
1185 0.169766
1186 0.174486
1187 0.179674
1188 0.171978
1189 0.195406
1190 0.182213
1191 0.191876
1192 0.195621
1193 0.194118
1194 0.177158
1195 0.192467
1196 0.200497
1197 0.173687
1198 0.179736
1199 0.181697
1200 0.198342
1201 0.175276
1202 0.181491
1203 0.172775
1204 0.167961
1205 0.163175
1206 0.17374
1207 0.170636
1208 0.166124
1209 0.155542
1210 0.166185
1211 0.165557
1212 0.189519
1213 0.202588
1214 0.164663
1215 0.172062
1216 0.191305
1217 0.19353
1218 0.154596
1219 0.157626
1220 0.167883
1221 0.164788
1222 0.155812
1223 0.154508
1224 0.155848
1225 0.157057
1226 0.178003
1227 0.162605
1228 0.148203
1229 0.143276
1230 0.165181
1231 0.16663
1232 0.16603
1233 0.173375
1234 0.170376
1235 0.170646
1236 0.178189
1237 0.173956
1238 0.164312
1239 0.165445
1240 0.183405
1241 0.163572
1242 0.156622
1243 0.175129
1244 0.191231
1245 0.185149
1246 0.172401
1247 0.175911
1248 0.196743
1249 0.194932
1250 0.203328
1251 0.182314
1252 0.197208
1253 0.167361
1254 0.207756
1255 0.18366
1256 0.195436
1257 0.16699
1258 0.183084
1259 0.168466
1260 0.170179
1261 0.167926
1262 0.184486
1263 0.168635
1264 0.15323
1265 0.16229
1266 0.191976
1267 0.172584
1268 0.161387
1269 0.159534
1270 0.171134
1271 0.169503
1272 0.178808
1273 0.162913
1274 0.161337
1275 0.167646
1276 0.166785
1277 0.176577
1278 0.17942
1279 0.19428
1280 0.169388
1281 0.192068
1282 0.201662
1283 0.183091
1284 0.174231
1285 0.178661
1286 0.168768
1287 0.170438
1288 0.169057
1289 0.169803
1290 0.165851
1291 0.16006
1292 0.187214
1293 0.171156
1294 0.168342
1295 0.157206
1296 0.191355
1297 0.165514
1298 0.197266
1299 0.187973
1300 0.181459
1301 0.183496
1302 0.182364
1303 0.183523
1304 0.162431
1305 0.175691
1306 0.169894
1307 0.156017
1308 0.178717
1309 0.171406
1310 0.166493
1311 0.155444
1312 0.175817
1313 0.16303
1314 0.152471
1315 0.139402
1316 0.172568
1317 0.169992
1318 0.166231
1319 0.157085
1320 0.181147
1321 0.192442
1322 0.175117
1323 0.180108
1324 0.165731
1325 0.160676
1326 0.178833
1327 0.179357
1328 0.169138
1329 0.168042
1330 0.171637
1331 0.182342
1332 0.194502
1333 0.190802
1334 0.189437
1335 0.206461
1336 0.217268
1337 0.181858
1338 0.171621
1339 0.191812
1340 0.206858
1341 0.186635
1342 0.175341
1343 0.169926
1344 0.179001
1345 0.190827
1346 0.179069
1347 0.163477
1348 0.17196
1349 0.180655
1350 0.171284
1351 0.17849
1352 0.168295
1353 0.178513
1354 0.188707
1355 0.179021
1356 0.190353
1357 0.189341
1358 0.199703
1359 0.175247
1360 0.18356
1361 0.189329
1362 0.192055
1363 0.16891
1364 0.172505
1365 0.165213
1366 0.18053
1367 0.168753
1368 0.164455
1369 0.186904
1370 0.164455
1371 0.18274
1372 0.165943
1373 0.194832
1374 0.171756
1375 0.187134
1376 0.165644
1377 0.170327
1378 0.161416
1379 0.176758
1380 0.17322
1381 0.154139
1382 0.16927
1383 0.159838
1384 0.154036
1385 0.164829
1386 0.186088
1387 0.166573
1388 0.164358
1389 0.166412
1390 0.186519
1391 0.167512
1392 0.191749
1393 0.176699
1394 0.169861
1395 0.159025
1396 0.180332
1397 0.188638
1398 0.173895
1399 0.16788
1400 0.156869
1401 0.178932
1402 0.168016
1403 0.167101
1404 0.149894
1405 0.168518
1406 0.143544
1407 0.149627
1408 0.16656
1409 0.185577
1410 0.160961
1411 0.183165
1412 0.170434
1413 0.20036
1414 0.173651
1415 0.209673
1416 0.190659
1417 0.192654
1418 0.184377
1419 0.178378
1420 0.183485
1421 0.192126
1422 0.203515
1423 0.178152
1424 0.154968
1425 0.172168
1426 0.198795
1427 0.16656
1428 0.163381
1429 0.176472
1430 0.181078
1431 0.167004
1432 0.149037
1433 0.184562
1434 0.17907
1435 0.168849
1436 0.175601
1437 0.189545
1438 0.18713
1439 0.166892
1440 0.179855
1441 0.187104
1442 0.185974
1443 0.170962
1444 0.166378
1445 0.158615
1446 0.191123
1447 0.189235
1448 0.164602
1449 0.160596
1450 0.163597
1451 0.191922
1452 0.189168
1453 0.182331
1454 0.178017
1455 0.162344
1456 0.179257
1457 0.176592
1458 0.168404
1459 0.154538
1460 0.165028
1461 0.170796
1462 0.172032
1463 0.178654
1464 0.184534
1465 0.18808
1466 0.166587
1467 0.198856
1468 0.195056
1469 0.178139
1470 0.160828
1471 0.177775
1472 0.185872
1473 0.172902
1474 0.156756
1475 0.16813
1476 0.156887
1477 0.181356
1478 0.172312
1479 0.18043
1480 0.163953
1481 0.187618
1482 0.17845
1483 0.188233
1484 0.176098
1485 0.171868
1486 0.169259
1487 0.167707
1488 0.185757
1489 0.164292
1490 0.160044
1491 0.165875
1492 0.177527
1493 0.159859
1494 0.148899
1495 0.159101
1496 0.178617
1497 0.1787
1498 0.16644
1499 0.157663
1500 0.171544
1501 0.195427
1502 0.178301
1503 0.150707
1504 0.159021
1505 0.192567
1506 0.176816
1507 0.175051
1508 0.189632
1509 0.177506
1510 0.189116
1511 0.20254
1512 0.204854
1513 0.181621
1514 0.200035
1515 0.191207
1516 0.178516
1517 0.199054
1518 0.198504
1519 0.172343
1520 0.146417
1521 0.181334
1522 0.183322
1523 0.159772
1524 0.163956
1525 0.166472
1526 0.169879
1527 0.169085
1528 0.180333
1529 0.159906
1530 0.171039
1531 0.18492
1532 0.164553
1533 0.169051
1534 0.176914
1535 0.168109
1536 0.153433
1537 0.181513
1538 0.186682
1539 0.175148
1540 0.179875
1541 0.193203
1542 0.178363
1543 0.166588
1544 0.181844
1545 0.172023
1546 0.158873
1547 0.178146
1548 0.17795
1549 0.158369
1550 0.176726
1551 0.184317
1552 0.154221
1553 0.154027
1554 0.172139
1555 0.166975
1556 0.160049
1557 0.15517
1558 0.171752
1559 0.174652
1560 0.152718
1561 0.159037
1562 0.154773
1563 0.163631
1564 0.169528
1565 0.157358
1566 0.161905
1567 0.174025
1568 0.170056
1569 0.157851
1570 0.195895
1571 0.174523
1572 0.178775
1573 0.184414
1574 0.197492
1575 0.176696
1576 0.175202
1577 0.199341
1578 0.190322
1579 0.189813
1580 0.18421
1581 0.178624
1582 0.182287
1583 0.190461
1584 0.194905
1585 0.169375
1586 0.192337
1587 0.17034
1588 0.181559
1589 0.17635
1590 0.200445
1591 0.17253
1592 0.17178
1593 0.187077
1594 0.176633
1595 0.179693
1596 0.166876
1597 0.192377
1598 0.167096
1599 0.164883
1600 0.17386
1601 0.165929
1602 0.180528
1603 0.161685
1604 0.172227
1605 0.156473
1606 0.164475
1607 0.151643
1608 0.157719
1609 0.15096
1610 0.152249
1611 0.148737
1612 0.170431
1613 0.174263
1614 0.164002
1615 0.175405
1616 0.17816
1617 0.180925
1618 0.163178
1619 0.173104
1620 0.176738
1621 0.162818
1622 0.158281
1623 0.162691
1624 0.161274
1625 0.155262
1626 0.170144
1627 0.171461
1628 0.170753
1629 0.174347
1630 0.195673
1631 0.205918
1632 0.183041
1633 0.190681
1634 0.17483
1635 0.174597
1636 0.166804
1637 0.16908
1638 0.159547
1639 0.152604
1640 0.149911
1641 0.157198
1642 0.176868
1643 0.195118
1644 0.172432
1645 0.176017
1646 0.188938
1647 0.190695
1648 0.179629
1649 0.1639
1650 0.177242
1651 0.19395
1652 0.175933
1653 0.180545
1654 0.197505
1655 0.184861
1656 0.193137
1657 0.210512
1658 0.209592
1659 0.191859
1660 0.170554
1661 0.195077
1662 0.177566
1663 0.210002
1664 0.185196
1665 0.181126
1666 0.164693
1667 0.193783
1668 0.196433
1669 0.179402
1670 0.175341
1671 0.177579
1672 0.207841
1673 0.173467
1674 0.192393
1675 0.196538
1676 0.186356
1677 0.164407
1678 0.169971
1679 0.210058
1680 0.186239
1681 0.154385
1682 0.140009
1683 0.171645
1684 0.180524
1685 0.162966
1686 0.169834
1687 0.16856
1688 0.184349
1689 0.18414
1690 0.187812
1691 0.179442
1692 0.184685
1693 0.197663
1694 0.192238
1695 0.194105
1696 0.193378
1697 0.183418
1698 0.192204
1699 0.200273
1700 0.184472
1701 0.176883
1702 0.195035
1703 0.193655
1704 0.170793
1705 0.159956
1706 0.172461
1707 0.205343
1708 0.17827
1709 0.178105
1710 0.167741
1711 0.174574
1712 0.175772
1713 0.198087
1714 0.187506
1715 0.172923
1716 0.189626
1717 0.200044
1718 0.175068
1719 0.197774
1720 0.196854
1721 0.177019
1722 0.156217
1723 0.188734
1724 0.179611
1725 0.169812
1726 0.165602
1727 0.189461
1728 0.196293
1729 0.185091
1730 0.181452
1731 0.201331
1732 0.184909
1733 0.181001
1734 0.176338
1735 0.211742
1736 0.196396
1737 0.180547
1738 0.197766
1739 0.198466
1740 0.175635
1741 0.156154
1742 0.180881
1743 0.18243
1744 0.152672
1745 0.161865
1746 0.173614
1747 0.187715
1748 0.166188
1749 0.182693
1750 0.168827
1751 0.177629
1752 0.174102
1753 0.18565
1754 0.185367
1755 0.191735
1756 0.165813
1757 0.159901
1758 0.210042
1759 0.18374
1760 0.165311
1761 0.162777
1762 0.17709
1763 0.162983
1764 0.171167
1765 0.156965
1766 0.144548
1767 0.157369
1768 0.170112
1769 0.173396
1770 0.154032
1771 0.184724
1772 0.159118
1773 0.17984
1774 0.158449
1775 0.161293
1776 0.165289
1777 0.174462
1778 0.147249
1779 0.153091
1780 0.183057
1781 0.182968
1782 0.158856
1783 0.17046
1784 0.190566
1785 0.184009
1786 0.179743
1787 0.202637
1788 0.201523
1789 0.182791
1790 0.177088
1791 0.197524
1792 0.189668
1793 0.170394
1794 0.166592
1795 0.177219
1796 0.16907
1797 0.164062
1798 0.174774
1799 0.172478
1800 0.161843
1801 0.171901
1802 0.171001
1803 0.164982
1804 0.155464
1805 0.162676
1806 0.167469
1807 0.150499
1808 0.145854
1809 0.16507
1810 0.181735
1811 0.181284
1812 0.168419
1813 0.192375
1814 0.194089
1815 0.184718
1816 0.173093
1817 0.191145
1818 0.227188
1819 0.201573
1820 0.180706
1821 0.185848
1822 0.182987
1823 0.17969
1824 0.179663
1825 0.187867
1826 0.187701
1827 0.180065
1828 0.165761
1829 0.168342
1830 0.194398
1831 0.202537
1832 0.167848
1833 0.176621
1834 0.199464
1835 0.173285
1836 0.144399
1837 0.165816
1838 0.183384
1839 0.16951
1840 0.149796
1841 0.159927
1842 0.15368
1843 0.15666
1844 0.156314
1845 0.15765
1846 0.14464
1847 0.146914
1848 0.16318
1849 0.155515
1850 0.17582
1851 0.153628
1852 0.151694
1853 0.184376
1854 0.190552
1855 0.160137
1856 0.173028
1857 0.179376
1858 0.193407
1859 0.199822
1860 0.187045
1861 0.18456
1862 0.203494
1863 0.187529
1864 0.168455
1865 0.192594
1866 0.190529
1867 0.171086
1868 0.17061
1869 0.177397
1870 0.159654
1871 0.158904
1872 0.178829
1873 0.168605
1874 0.156358
1875 0.169492
1876 0.158862
1877 0.152983
1878 0.148453
1879 0.15396
1880 0.141639
1881 0.15516
1882 0.156296
1883 0.153336
1884 0.168175
1885 0.178217
1886 0.187155
1887 0.171184
1888 0.179814
1889 0.189988
1890 0.17706
1891 0.183759
1892 0.177472
1893 0.193134
1894 0.171261
1895 0.178369
1896 0.201179
1897 0.185597
1898 0.191491
1899 0.175118
1900 0.188975
1901 0.174012
1902 0.202678
1903 0.176869
1904 0.177631
1905 0.179308
1906 0.184243
1907 0.192309
1908 0.19299
1909 0.179837
1910 0.15577
1911 0.19349
1912 0.180182
1913 0.162499
1914 0.159469
1915 0.182427
1916 0.174243
1917 0.152994
1918 0.159837
1919 0.16321
1920 0.173557
1921 0.164265
1922 0.167029
1923 0.159808
1924 0.181287
1925 0.16944
1926 0.192033
1927 0.171383
1928 0.181345
1929 0.194067
1930 0.203091
1931 0.172683
1932 0.185439
1933 0.19762
1934 0.18951
1935 0.207921
1936 0.190829
1937 0.19463
1938 0.187204
1939 0.196866
1940 0.191636
1941 0.175764
1942 0.178106
1943 0.1805
1944 0.211471
1945 0.18547
1946 0.172665
1947 0.165545
1948 0.172663
1949 0.174905
1950 0.171763
1951 0.15934
1952 0.167329
1953 0.172616
1954 0.147258
1955 0.15161
1956 0.160483
1957 0.183407
1958 0.166357
1959 0.160682
1960 0.163534
1961 0.154895
1962 0.187755
1963 0.18445
1964 0.17101
1965 0.185366
1966 0.171208
1967 0.18171
1968 0.147447
1969 0.166316
1970 0.167543
1971 0.180166
1972 0.172866
1973 0.179912
1974 0.178646
1975 0.210997
1976 0.208075
1977 0.204622
1978 0.193069
1979 0.190652
1980 0.215913
1981 0.184416
1982 0.208739
1983 0.165673
1984 0.179582
1985 0.164719
1986 0.174883
1987 0.172615
1988 0.149891
1989 0.171649
1990 0.178165
1991 0.16682
1992 0.168476
1993 0.169787
1994 0.187165
1995 0.161621
1996 0.175179
1997 0.173806
1998 0.188447
1999 0.16302
2000 0.176292
2001 0.193495
2002 0.217623
2003 0.174862
2004 0.203923
2005 0.194311
2006 0.203385
2007 0.161557
2008 0.175502
2009 0.172898
2010 0.187885
2011 0.171797
2012 0.169004
2013 0.156469
2014 0.160567
2015 0.19652
2016 0.188491
2017 0.185523
2018 0.159627
2019 0.170096
2020 0.171617
2021 0.171143
2022 0.170812
2023 0.158693
2024 0.153446
2025 0.172466
2026 0.186229
2027 0.178047
2028 0.173577
2029 0.200926
2030 0.177867
2031 0.160425
2032 0.18753
2033 0.200102
2034 0.168895
2035 0.162996
2036 0.171765
2037 0.179653
2038 0.17942
2039 0.154258
2040 0.152893
2041 0.181983
2042 0.160951
2043 0.137157
2044 0.160405
2045 0.178803
2046 0.160674
2047 0.162749
2048 0.176898
2049 0.171768
2050 0.166364
2051 0.195401
2052 0.192916
2053 0.158022
2054 0.171776
2055 0.178206
2056 0.175054
2057 0.168995
2058 0.183854
2059 0.165033
2060 0.172998
2061 0.165823
2062 0.194201
2063 0.188351
2064 0.199934
2065 0.165058
2066 0.169435
2067 0.191573
2068 0.206485
2069 0.168787
2070 0.163455
2071 0.157356
2072 0.172801
2073 0.152622
2074 0.142194
2075 0.141634
2076 0.145031
2077 0.1286
2078 0.146457
2079 0.161428
2080 0.150935
2081 0.153198
2082 0.148128
2083 0.185979
2084 0.178271
2085 0.166129
2086 0.154575
2087 0.187805
2088 0.185028
2089 0.178838
2090 0.170657
2091 0.173723
2092 0.159796
2093 0.178069
2094 0.170967
2095 0.14611
2096 0.163428
2097 0.197084
2098 0.182943
2099 0
