0 2.10052
1 1.1065
2 1.46245
3 1.26239
4 1.13912
5 0.834611
6 0.363155
7 -0.0826668
8 -0.437424
9 -0.739217
10 -0.751943
11 -0.956671
12 -0.629722
13 -1.05605
14 -0.830578
15 -0.601033
16 0.619305
17 -0.24059
18 0.254707
19 0.618272
20 0.173411
21 0.237123
22 0.245316
23 0.188727
24 0.196463
25 0.190488
26 0.193769
27 0.193334
28 0.192814
29 0.1934
30 0.195462
31 0.193361
32 0.19543
33 0.19294
34 0.195703
35 0.193095
36 0.193721
37 0.191844
38 0.193937
39 0.192425
40 0.192459
41 0.191712
42 0.19102
43 0.192632
44 0.192277
45 0.191672
46 0.195459
47 0.195599
48 0.193806
49 0.194139
50 0.192899
51 0.193473
52 0.192808
53 0.194624
54 0.193837
55 0.19491
56 0.194692
57 0.195964
58 0.196519
59 0.196727
60 0.196538
61 0.194594
62 0.193084
63 0.193545
64 0.19225
65 0.193568
66 0.19221
67 0.192371
68 0.193428
69 0.192325
70 0.19328
71 0.19535
72 0.195344
73 0.19644
74 0.194192
75 0.195245
76 0.193923
77 0.193778
78 0.193016
79 0.193284
80 0.193177
81 0.192778
82 0.192159
83 0.192554
84 0.191981
85 0.195027
86 0.192343
87 0.192065
88 0.193368
89 0.19712
90 0.197381
91 0.194843
92 0.19517
93 0.196944
94 0.197267
95 0.194164
96 0.192727
97 0.194969
98 0.19269
99 0.191831
100 0.191836
101 0.192067
102 0.194962
103 0.195581
104 0.193194
105 0.196064
106 0.196309
107 0.194578
108 0.194766
109 0.197009
110 0.196812
111 0.196914
112 0.194323
113 0.192678
114 0.192468
115 0.192654
116 0.19203
117 0.190866
118 0.192569
119 0.193626
120 0.192848
121 0.193701
122 0.192244
123 0.191796
124 0.193626
125 0.193748
126 0.192708
127 0.191735
128 0.193623
129 0.192764
130 0.192975
131 0.193413
132 0.195834
133 0.195702
134 0.196925
135 0.195515
136 0.193836
137 0.192647
138 0.191473
139 0.191616
140 0.191924
141 0.195516
142 0.193518
143 0.192757
144 0.193375
145 0.195706
146 0.192491
147 0.194499
148 0.19408
149 0.195087
150 0.194889
151 0.194757
152 0.194988
153 0.196715
154 0.194364
155 0.193634
156 0.195059
157 0.192804
158 0.191648
159 0.192738
160 0.192218
161 0.192033
162 0.195774
163 0.196093
164 0.193623
165 0.192586
166 0.196453
167 0.192464
168 0.193323
169 0.192042
170 0.191417
171 0.194775
172 0.192899
173 0.192465
174 0.194045
175 0.192629
176 0.192476
177 0.191904
178 0.193983
179 0.192404
180 0.193137
181 0.19705
182 0.196825
183 0.194015
184 0.193813
185 0.191633
186 0.191289
187 0.191303
188 0.192851
189 0.191943
190 0.192984
191 0.194604
192 0.19395
193 0.192959
194 0.194534
195 0.192393
196 0.193017
197 0.192144
198 0.192152
199 0.191467
200 0.193195
201 0.192616
202 0.192394
203 0.192205
204 0.191998
205 0.192049
206 0.192001
207 0.193754
208 0.195074
209 0.193102
210 0.192451
211 0.191869
212 0.192705
213 0.192139
214 0.195077
215 0.193314
216 0.193146
217 0.193483
218 0.194623
219 0.193667
220 0.193583
221 0.192833
222 0.192735
223 0.194679
224 0.192903
225 0.194488
226 0.196108
227 0.193369
228 0.193332
229 0.192446
230 0.191787
231 0.194568
232 0.193831
233 0.193906
234 0.195984
235 0.193836
236 0.194416
237 0.192778
238 0.193427
239 0.192483
240 0.192063
241 0.194279
242 0.19209
243 0.192507
244 0.192137
245 0.192557
246 0.191865
247 0.191068
248 0.192226
249 0.192893
250 0.196618
251 0.197158
252 0.194683
253 0.193258
254 0.194575
255 0.195632
256 0.196874
257 0.195061
258 0.193852
259 0.193285
260 0.196371
261 0.196395
262 0.195792
263 0.193934
264 0.194433
265 0.196431
266 0.194712
267 0.195117
268 0.196528
269 0.197585
270 0.196029
271 0.194174
272 0.192782
273 0.19182
274 0.192438
275 0.194802
276 0.194743
277 0.196104
278 0.194063
279 0.194865
280 0.193278
281 0.192269
282 0.196308
283 0.193459
284 0.192199
285 0.191508
286 0.193153
287 0.192024
288 0.195317
289 0.192631
290 0.194685
291 0.193135
292 0.195836
293 0.194536
294 0.195307
295 0.193968
296 0.193422
297 0.192713
298 0.192258
299 0.191685
300 0.194773
301 0.197195
302 0.195031
303 0.193188
304 0.192262
305 0.194773
306 0.192469
307 0.194519
308 0.196148
309 0.193859
310 0.195313
311 0.195966
312 0.194696
313 0.193354
314 0.192478
315 0.19255
316 0.193149
317 0.193665
318 0.193675
319 0.194772
320 0.195456
321 0.196641
322 0.196257
323 0.197516
324 0.196073
325 0.194731
326 0.194797
327 0.195655
328 0.194898
329 0.19704
330 0.197331
331 0.195438
332 0.195895
333 0.197803
334 0.195074
335 0.19494
336 0.193511
337 0.193337
338 0.192221
339 0.19461
340 0.192411
341 0.193731
342 0.196519
343 0.194293
344 0.195289
345 0.193808
346 0.192614
347 0.191932
348 0.191713
349 0.19558
350 0.194047
351 0.193367
352 0.193104
353 0.192339
354 0.191673
355 0.191639
356 0.193788
357 0.192064
358 0.192706
359 0.193408
360 0.192661
361 0.191844
362 0.193758
363 0.192466
364 0.19583
365 0.195321
366 0.196124
367 0.19413
368 0.19456
369 0.193257
370 0.192602
371 0.192185
372 0.191592
373 0.191653
374 0.191263
375 0.191335
376 0.191026
377 0.192536
378 0.193293
379 0.192149
380 0.193459
381 0.192475
382 0.191825
383 0.192124
384 0.191723
385 0.192648
386 0.192172
387 0.191987
388 0.193064
389 0.194958
390 0.193121
391 0.195935
392 0.19611
393 0.195869
394 0.194544
395 0.193097
396 0.192125
397 0.193458
398 0.19241
399 0.193003
400 0.191954
401 0.19414
402 0.19533
403 0.196013
404 0.196478
405 0.195823
406 0.195843
407 0.196733
408 0.194293
409 0.196007
410 0.198131
411 0.198087
412 0.197591
413 0.194775
414 0.192999
415 0.195327
416 0.195829
417 0.194401
418 0.193324
419 0.193459
420 0.193747
421 0.193086
422 0.19211
423 0.195823
424 0.193854
425 0.193856
426 0.192331
427 0.19146
428 0.191165
429 0.19257
430 0.192144
431 0.194601
432 0.195713
433 0.197386
434 0.194382
435 0.194841
436 0.192592
437 0.192087
438 0.193996
439 0.192447
440 0.196163
441 0.195788
442 0.194418
443 0.193359
444 0.191749
445 0.190582
446 0.190831
447 0.191572
448 0.195215
449 0.193043
450 0.191779
451 0.193623
452 0.192407
453 0.191853
454 0.19228
455 0.195175
456 0.193022
457 0.192934
458 0.195742
459 0.193461
460 0.193851
461 0.192514
462 0.19185
463 0.192727
464 0.195022
465 0.196822
466 0.194087
467 0.193646
468 0.195467
469 0.193581
470 0.196033
471 0.195171
472 0.193641
473 0.193521
474 0.19211
475 0.195705
476 0.193179
477 0.192237
478 0.192117
479 0.194292
480 0.193405
481 0.194285
482 0.194506
483 0.193166
484 0.192577
485 0.195352
486 0.194224
487 0.19362
488 0.193743
489 0.1933
490 0.194515
491 0.196339
492 0.1975
493 0.194633
494 0.193591
495 0.196095
496 0.195946
497 0.196382
498 0.193733
499 0.193769
500 0.192076
501 0.192227
502 0.191267
503 0.194922
504 0.192835
505 0.193916
506 0.192201
507 0.196055
508 0.193345
509 0.192633
510 0.191586
511 0.192191
512 0.191678
513 0.195069
514 0.193646
515 0.194938
516 0.196355
517 0.195184
518 0.194881
519 0.19386
520 0.193077
521 0.192719
522 0.192306
523 0.191668
524 0.194327
525 0.195577
526 0.195871
527 0.194314
528 0.193014
529 0.192143
530 0.192025
531 0.191722
532 0.191715
533 0.193097
534 0.19397
535 0.192792
536 0.193926
537 0.196694
538 0.193519
539 0.195165
540 0.193159
541 0.194949
542 0.193282
543 0.192117
544 0.194948
545 0.192493
546 0.191845
547 0.191295
548 0.191585
549 0.195647
550 0.193545
551 0.192669
552 0.192683
553 0.196774
554 0.193791
555 0.193209
556 0.192141
557 0.19198
558 0.192911
559 0.191631
560 0.194489
561 0.19245
562 0.195096
563 0.197377
564 0.194701
565 0.19586
566 0.193066
567 0.194813
568 0.194293
569 0.196206
570 0.194616
571 0.192768
572 0.193972
573 0.193687
574 0.196153
575 0.194525
576 0.196658
577 0.19646
578 0.197538
579 0.194727
580 0.193211
581 0.193052
582 0.193514
583 0.193017
584 0.194793
585 0.193951
586 0.192951
587 0.193448
588 0.194698
589 0.195968
590 0.193798
591 0.192674
592 0.193047
593 0.192437
594 0.192762
595 0.192111
596 0.192045
597 0.190983
598 0.191124
599 0.193104
600 0.192861
601 0.193327
602 0.193685
603 0.192809
604 0.19269
605 0.191633
606 0.191448
607 0.195302
608 0.192591
609 0.193285
610 0.192463
611 0.191734
612 0.193283
613 0.195347
614 0.194449
615 0.193177
616 0.19176
617 0.193351
618 0.192523
619 0.191735
620 0.191477
621 0.193652
622 0.193379
623 0.19423
624 0.192864
625 0.194345
626 0.192804
627 0.192147
628 0.19344
629 0.193066
630 0.194611
631 0.194736
632 0.19285
633 0.193485
634 0.192504
635 0.192285
636 0.19146
637 0.192518
638 0.191516
639 0.190646
640 0.19035
641 0.191238
642 0.192143
643 0.192621
644 0.191777
645 0.192098
646 0.193858
647 0.192225
648 0.192034
649 0.191578
650 0.193378
651 0.192768
652 0.194466
653 0.194516
654 0.194585
655 0.193039
656 0.196825
657 0.196883
658 0.194481
659 0.193561
660 0.192204
661 0.193968
662 0.193066
663 0.192408
664 0.192148
665 0.194264
666 0.1929
667 0.192981
668 0.194471
669 0.192575
670 0.195314
671 0.194072
672 0.192655
673 0.193562
674 0.195957
675 0.193168
676 0.193208
677 0.195719
678 0.195839
679 0.195796
680 0.193778
681 0.194386
682 0.193833
683 0.192677
684 0.19342
685 0.193579
686 0.193145
687 0.19509
688 0.196828
689 0.195933
690 0.19414
691 0.194486
692 0.194557
693 0.194665
694 0.193238
695 0.194786
696 0.194711
697 0.19404
698 0.19567
699 0.193577
700 0.194385
701 0.19316
702 0.19334
703 0.192682
704 0.192051
705 0.195821
706 0.194167
707 0.192988
708 0.192266
709 0.192009
710 0.192363
711 0.192191
712 0.193452
713 0.194128
714 0.192587
715 0.191766
716 0.190915
717 0.189887
718 0.192391
719 0.194497
720 0.193083
721 0.192961
722 0.191832
723 0.194232
724 0.193184
725 0.192922
726 0.192447
727 0.191823
728 0.194739
729 0.193727
730 0.195681
731 0.193782
732 0.19387
733 0.192647
734 0.195098
735 0.192693
736 0.194279
737 0.194076
738 0.195602
739 0.194341
740 0.193266
741 0.194009
742 0.193502
743 0.192525
744 0.191343
745 0.191141
746 0.194428
747 0.193741
748 0.195116
749 0.19394
750 0.195055
751 0.195881
752 0.195995
753 0.194904
754 0.193219
755 0.194423
756 0.196004
757 0.194419
758 0.195455
759 0.197419
760 0.196652
761 0.194512
762 0.197427
763 0.196595
764 0.195807
765 0.193627
766 0.192324
767 0.192163
768 0.194321
769 0.195089
770 0.196659
771 0.195122
772 0.193558
773 0.19525
774 0.195824
775 0.193567
776 0.192439
777 0.19513
778 0.192347
779 0.192001
780 0.195648
781 0.195177
782 0.194232
783 0.193249
784 0.195431
785 0.196743
786 0.194023
787 0.195909
788 0.19407
789 0.196347
790 0.19411
791 0.193128
792 0.192692
793 0.192826
794 0.192311
795 0.191782
796 0.1917
797 0.193388
798 0.195912
799 0.196658
800 0.194148
801 0.193065
802 0.193094
803 0.196586
804 0.193764
805 0.196085
806 0.193147
807 0.192289
808 0.194125
809 0.192758
810 0.19203
811 0.192404
812 0.193992
813 0.192577
814 0.192835
815 0.192122
816 0.191073
817 0.192986
818 0.194155
819 0.196561
820 0.193838
821 0.194112
822 0.19645
823 0.196016
824 0.193769
825 0.195471
826 0.195121
827 0.192799
828 0.193655
829 0.1921
830 0.191478
831 0.19508
832 0.192768
833 0.192401
834 0.192285
835 0.191378
836 0.191218
837 0.195126
838 0.194837
839 0.193426
840 0.193756
841 0.192146
842 0.195142
843 0.194957
844 0.195221
845 0.19336
846 0.19248
847 0.19265
848 0.193052
849 0.195426
850 0.193238
851 0.195059
852 0.193178
853 0.1931
854 0.192271
855 0.193692
856 0.194593
857 0.195208
858 0.193875
859 0.196545
860 0.193503
861 0.193193
862 0.19334
863 0.192429
864 0.196113
865 0.195419
866 0.196865
867 0.194167
868 0.193247
869 0.195669
870 0.193062
871 0.192236
872 0.191448
873 0.193995
874 0.192878
875 0.192752
876 0.1924
877 0.194563
878 0.193297
879 0.193101
880 0.194043
881 0.196509
882 0.198288
883 0.195341
884 0.194615
885 0.193287
886 0.196074
887 0.193625
888 0.192696
889 0.192257
890 0.196164
891 0.192199
892 0.19341
893 0.192643
894 0.191868
895 0.195802
896 0.196028
897 0.193917
898 0.193205
899 0.191409
900 0.190885
901 0.194503
902 0.196367
903 0.193694
904 0.195736
905 0.19748
906 0.198753
907 0.19526
908 0.193435
909 0.19537
910 0.195338
911 0.194695
912 0.196751
913 0.193649
914 0.192823
915 0.193752
916 0.193395
917 0.192587
918 0.194789
919 0.19429
920 0.19471
921 0.193214
922 0.192606
923 0.196322
924 0.193686
925 0.192231
926 0.191378
927 0.194395
928 0.193146
929 0.194859
930 0.194987
931 0.19353
932 0.194705
933 0.19304
934 0.192419
935 0.193831
936 0.193896
937 0.193948
938 0.19514
939 0.193529
940 0.192777
941 0.195058
942 0.192735
943 0.195051
944 0.19478
945 0.194731
946 0.194263
947 0.196049
948 0.197223
949 0.197581
950 0.195168
951 0.193499
952 0.193927
953 0.195507
954 0.19385
955 0.192706
956 0.195478
957 0.193411
958 0.193675
959 0.193533
960 0.194905
961 0.193261
962 0.192585
963 0.194737
964 0.193041
965 0.194858
966 0.196578
967 0.193735
968 0.194434
969 0.193154
970 0.191886
971 0.19126
972 0.192211
973 0.194475
974 0.192625
975 0.193896
976 0.195903
977 0.19331
978 0.19718
979 0.19559
980 0.19414
981 0.196313
982 0.194189
983 0.192542
984 0.191914
985 0.194359
986 0.193657
987 0.193686
988 0.195457
989 0.197258
990 0.19816
991 0.194629
992 0.19381
993 0.196583
994 0.194921
995 0.193653
996 0.19303
997 0.194607
998 0.192807
999 0.193187
1000 0.193453
1001 0.19268
1002 0.192007
1003 0.191718
1004 0.191438
1005 0.191295
1006 0.191325
1007 0.192918
1008 0.191454
1009 0.19279
1010 0.194064
1011 0.194424
1012 0.195945
1013 0.196325
1014 0.195587
1015 0.194286
1016 0.193633
1017 0.192479
1018 0.193122
1019 0.193933
1020 0.193099
1021 0.192188
1022 0.195121
1023 0.194884
1024 0.194931
1025 0.195264
1026 0.193315
1027 0.196387
1028 0.193953
1029 0.19242
1030 0.192168
1031 0.194061
1032 0.192225
1033 0.195924
1034 0.195753
1035 0.197532
1036 0.196932
1037 0.195397
1038 0.194956
1039 0.193734
1040 0.192211
1041 0.194439
1042 0.192697
1043 0.194703
1044 0.19306
1045 0.19677
1046 0.196483
1047 0.194758
1048 0.193947
1049 0.192232
1050 0.192099
1051 0.191585
1052 0.194697
1053 0.192114
1054 0.191857
1055 0.191345
1056 0.192532
1057 0.195438
1058 0.194937
1059 0.193788
1060 0.194219
1061 0.193894
1062 0.196874
1063 0.195162
1064 0.19502
1065 0.196057
1066 0.193856
1067 0.195485
1068 0.196641
1069 0.193954
1070 0.194734
1071 0.193044
1072 0.192479
1073 0.191811
1074 0.192134
1075 0.192311
1076 0.1914
1077 0.19472
1078 0.195062
1079 0.194749
1080 0.193537
1081 0.192572
1082 0.192339
1083 0.191894
1084 0.195012
1085 0.196317
1086 0.195841
1087 0.197304
1088 0.197079
1089 0.195936
1090 0.195292
1091 0.194063
1092 0.192629
1093 0.195247
1094 0.195756
1095 0.193621
1096 0.193028
1097 0.195321
1098 0.19487
1099 0.192945
1100 0.192797
1101 0.192091
1102 0.192203
1103 0.192194
1104 0.191369
1105 0.191074
1106 0.192979
1107 0.195662
1108 0.195472
1109 0.197363
1110 0.196542
1111 0.194268
1112 0.1929
1113 0.19269
1114 0.192785
1115 0.192432
1116 0.191701
1117 0.191073
1118 0.191591
1119 0.194687
1120 0.192337
1121 0.192834
1122 0.191907
1123 0.193827
1124 0.19445
1125 0.19303
1126 0.195721
1127 0.196024
1128 0.196394
1129 0.194064
1130 0.194662
1131 0.196393
1132 0.193749
1133 0.196579
1134 0.193905
1135 0.192546
1136 0.196359
1137 0.195766
1138 0.193953
1139 0.193034
1140 0.191936
1141 0.196055
1142 0.194537
1143 0.195749
1144 0.193832
1145 0.192934
1146 0.192031
1147 0.194166
1148 0.192461
1149 0.191833
1150 0.192233
1151 0.191642
1152 0.191622
1153 0.193757
1154 0.19413
1155 0.195328
1156 0.192986
1157 0.192556
1158 0.191696
1159 0.194175
1160 0.192804
1161 0.192226
1162 0.196534
1163 0.19406
1164 0.194997
1165 0.195875
1166 0.196167
1167 0.194514
1168 0.197523
1169 0.195257
1170 0.194054
1171 0.192822
1172 0.192216
1173 0.193745
1174 0.192198
1175 0.19166
1176 0.193853
1177 0.196302
1178 0.194866
1179 0.193063
1180 0.1924
1181 0.191439
1182 0.192449
1183 0.195646
1184 0.193258
1185 0.194113
1186 0.195317
1187 0.193355
1188 0.192518
1189 0.191792
1190 0.193082
1191 0.192648
1192 0.193542
1193 0.196841
1194 0.194333
1195 0.193148
1196 0.193244
1197 0.19239
1198 0.191277
1199 0.191218
1200 0.191509
1201 0.194064
1202 0.1955
1203 0.193885
1204 0.193847
1205 0.194771
1206 0.196266
1207 0.195968
1208 0.19425
1209 0.192698
1210 0.192196
1211 0.191745
1212 0.191273
1213 0.191665
1214 0.193372
1215 0.193681
1216 0.194771
1217 0.194093
1218 0.19344
1219 0.195543
1220 0.196408
1221 0.194386
1222 0.193607
1223 0.195573
1224 0.193194
1225 0.193777
1226 0.193859
1227 0.194127
1228 0.195924
1229 0.194013
1230 0.194802
1231 0.194764
1232 0.192707
1233 0.195692
1234 0.193525
1235 0.19224
1236 0.193498
1237 0.19238
1238 0.192347
1239 0.192265
1240 0.195893
1241 0.195205
1242 0.195965
1243 0.195367
1244 0.193559
1245 0.1925
1246 0.195701
1247 0.193468
1248 0.193174
1249 0.192072
1250 0.192547
1251 0.191592
1252 0.193785
1253 0.193068
1254 0.191818
1255 0.191265
1256 0.191169
1257 0.190758
1258 0.192252
1259 0.194838
1260 0.193371
1261 0.193263
1262 0.192695
1263 0.194422
1264 0.193853
1265 0.195668
1266 0.193544
1267 0.194492
1268 0.192939
1269 0.191936
1270 0.19103
1271 0.190764
1272 0.194585
1273 0.192627
1274 0.191714
1275 0.190957
1276 0.191489
1277 0.191126
1278 0.1914
1279 0.192566
1280 0.191745
1281 0.193835
1282 0.19233
1283 0.191787
1284 0.192319
1285 0.193113
1286 0.192416
1287 0.192292
1288 0.191934
1289 0.194383
1290 0.194376
1291 0.193861
1292 0.195633
1293 0.195835
1294 0.193952
1295 0.194606
1296 0.19664
1297 0.193409
1298 0.19338
1299 0.191916
1300 0.19144
1301 0.191454
1302 0.191935
1303 0.191989
1304 0.192488
1305 0.192491
1306 0.191886
1307 0.191276
1308 0.195267
1309 0.196763
1310 0.195518
1311 0.196666
1312 0.194629
1313 0.196299
1314 0.195544
1315 0.193727
1316 0.192864
1317 0.191559
1318 0.193588
1319 0.195044
1320 0.193095
1321 0.192961
1322 0.194577
1323 0.193084
1324 0.192551
1325 0.195762
1326 0.193072
1327 0.19264
1328 0.192289
1329 0.195479
1330 0.194233
1331 0.195253
1332 0.193873
1333 0.192663
1334 0.192377
1335 0.191145
1336 0.192784
1337 0.191941
1338 0.191913
1339 0.191614
1340 0.193242
1341 0.193623
1342 0.193543
1343 0.193712
1344 0.1925
1345 0.192091
1346 0.19282
1347 0.191594
1348 0.191404
1349 0.19082
1350 0.192515
1351 0.19221
1352 0.19291
1353 0.192468
1354 0.19375
1355 0.195525
1356 0.193784
1357 0.194321
1358 0.194125
1359 0.194528
1360 0.195503
1361 0.194402
1362 0.195944
1363 0.193817
1364 0.192644
1365 0.193086
1366 0.192187
1367 0.192519
1368 0.19228
1369 0.191744
1370 0.194972
1371 0.194758
1372 0.194113
1373 0.193057
1374 0.193944
1375 0.196465
1376 0.194518
1377 0.195473
1378 0.193854
1379 0.193183
1380 0.196795
1381 0.196268
1382 0.193191
1383 0.196301
1384 0.197692
1385 0.19558
1386 0.193723
1387 0.192671
1388 0.193422
1389 0.192508
1390 0.196154
1391 0.195103
1392 0.193462
1393 0.193606
1394 0.193455
1395 0.196352
1396 0.196842
1397 0.194945
1398 0.19706
1399 0.194219
1400 0.194194
1401 0.192918
1402 0.193018
1403 0.192989
1404 0.195644
1405 0.195187
1406 0.195397
1407 0.195063
1408 0.193978
1409 0.193477
1410 0.192623
1411 0.194065
1412 0.193764
1413 0.192204
1414 0.192625
1415 0.193094
1416 0.195936
1417 0.1952
1418 0.19469
1419 0.193152
1420 0.193563
1421 0.192983
1422 0.196807
1423 0.194464
1424 0.196075
1425 0.195568
1426 0.193621
1427 0.192671
1428 0.191869
1429 0.192677
1430 0.191716
1431 0.194316
1432 0.194231
1433 0.194504
1434 0.19514
1435 0.194936
1436 0.19483
1437 0.197338
1438 0.197691
1439 0.196719
1440 0.198038
1441 0.195225
1442 0.193796
1443 0.196129
1444 0.193976
1445 0.192767
1446 0.191723
1447 0.191941
1448 0.19103
1449 0.191649
1450 0.190906
1451 0.19163
1452 0.191668
1453 0.191471
1454 0.195055
1455 0.193649
1456 0.192868
1457 0.191905
1458 0.191154
1459 0.190854
1460 0.190784
1461 0.190836
1462 0.190256
1463 0.193888
1464 0.193961
1465 0.193204
1466 0.192616
1467 0.191972
1468 0.191592
1469 0.193126
1470 0.191447
1471 0.191552
1472 0.191537
1473 0.191092
1474 0.192415
1475 0.193432
1476 0.192534
1477 0.19428
1478 0.192661
1479 0.193534
1480 0.192646
1481 0.193013
1482 0.191864
1483 0.191493
1484 0.192106
1485 0.192101
1486 0.193023
1487 0.192249
1488 0.191111
1489 0.194124
1490 0.192716
1491 0.192986
1492 0.191841
1493 0.19491
1494 0.193307
1495 0.195625
1496 0.19583
1497 0.19401
1498 0.196445
1499 0.194273
1500 0.197036
1501 0.196264
1502 0.196062
1503 0.19481
1504 0.193702
1505 0.193515
1506 0.191711
1507 0.191491
1508 0.19251
1509 0.192584
1510 0.194044
1511 0.19667
1512 0.193186
1513 0.195796
1514 0.193444
1515 0.192226
1516 0.19292
1517 0.196033
1518 0.195419
1519 0.195378
1520 0.194402
1521 0.194006
1522 0.192774
1523 0.192016
1524 0.191248
1525 0.190827
1526 0.193358
1527 0.194942
1528 0.194265
1529 0.194581
1530 0.195387
1531 0.194362
1532 0.193366
1533 0.192363
1534 0.194003
1535 0.192244
1536 0.191883
1537 0.191088
1538 0.191086
1539 0.191659
1540 0.19297
1541 0.192004
1542 0.191484
1543 0.193409
1544 0.19548
1545 0.193299
1546 0.193016
1547 0.196116
1548 0.194262
1549 0.196796
1550 0.194767
1551 0.193132
1552 0.194034
1553 0.192124
1554 0.192827
1555 0.193798
1556 0.193111
1557 0.192503
1558 0.192426
1559 0.19289
1560 0.192278
1561 0.195524
1562 0.19268
1563 0.19206
1564 0.192121
1565 0.192727
1566 0.192301
1567 0.193897
1568 0.195244
1569 0.192659
1570 0.194221
1571 0.195984
1572 0.195688
1573 0.193852
1574 0.194442
1575 0.192878
1576 0.191984
1577 0.193276
1578 0.192731
1579 0.191345
1580 0.192591
1581 0.195215
1582 0.193267
1583 0.192578
1584 0.193406
1585 0.193436
1586 0.193113
1587 0.193746
1588 0.194841
1589 0.194789
1590 0.193519
1591 0.19297
1592 0.192555
1593 0.195107
1594 0.196362
1595 0.194291
1596 0.194765
1597 0.194163
1598 0.19352
1599 0.192989
1600 0.193832
1601 0.193867
1602 0.19426
1603 0.193004
1604 0.192197
1605 0.191934
1606 0.194071
1607 0.192888
1608 0.192429
1609 0.192152
1610 0.194461
1611 0.195325
1612 0.193017
1613 0.192341
1614 0.191478
1615 0.191255
1616 0.190956
1617 0.189985
1618 0.193082
1619 0.193666
1620 0.193435
1621 0.196231
1622 0.194623
1623 0.196625
1624 0.195254
1625 0.193413
1626 0.192866
1627 0.192648
1628 0.193693
1629 0.192328
1630 0.191921
1631 0.191477
1632 0.191569
1633 0.193344
1634 0.192694
1635 0.192326
1636 0.192688
1637 0.195991
1638 0.193749
1639 0.192491
1640 0.191895
1641 0.191343
1642 0.195009
1643 0.194185
1644 0.193354
1645 0.195829
1646 0.195043
1647 0.194192
1648 0.19543
1649 0.194593
1650 0.193913
1651 0.193005
1652 0.195991
1653 0.194941
1654 0.192887
1655 0.192034
1656 0.191223
1657 0.191693
1658 0.192825
1659 0.194481
1660 0.194322
1661 0.194541
1662 0.193971
1663 0.192833
1664 0.192094
1665 0.191541
1666 0.191405
1667 0.191668
1668 0.191983
1669 0.193756
1670 0.195024
1671 0.19344
1672 0.195075
1673 0.194632
1674 0.193221
1675 0.192077
1676 0.192141
1677 0.196175
1678 0.194395
1679 0.19459
1680 0.193305
1681 0.196277
1682 0.195508
1683 0.193647
1684 0.19605
1685 0.19255
1686 0.192654
1687 0.192028
1688 0.194523
1689 0.195425
1690 0.193556
1691 0.192245
1692 0.191499
1693 0.192645
1694 0.191876
1695 0.19529
1696 0.192573
1697 0.191837
1698 0.191237
1699 0.190741
1700 0.191568
1701 0.191173
1702 0.191181
1703 0.191305
1704 0.191365
1705 0.194135
1706 0.196741
1707 0.193998
1708 0.193405
1709 0.194589
1710 0.193275
1711 0.192616
1712 0.19381
1713 0.194449
1714 0.195895
1715 0.195534
1716 0.197231
1717 0.194986
1718 0.193078
1719 0.192673
1720 0.191677
1721 0.192855
1722 0.193223
1723 0.195593
1724 0.195527
1725 0.193872
1726 0.193719
1727 0.195567
1728 0.193565
1729 0.19327
1730 0.194064
1731 0.192373
1732 0.192775
1733 0.192657
1734 0.191908
1735 0.195205
1736 0.193258
1737 0.192999
1738 0.192097
1739 0.192176
1740 0.195076
1741 0.197036
1742 0.196169
1743 0.197093
1744 0.195873
1745 0.196233
1746 0.193759
1747 0.192241
1748 0.191752
1749 0.191593
1750 0.194697
1751 0.194913
1752 0.193842
1753 0.193212
1754 0.192166
1755 0.191351
1756 0.19096
1757 0.193235
1758 0.194323
1759 0.192508
1760 0.191835
1761 0.194501
1762 0.193199
1763 0.192436
1764 0.191793
1765 0.193997
1766 0.194478
1767 0.193549
1768 0.192958
1769 0.193012
1770 0.19185
1771 0.191754
1772 0.195574
1773 0.192596
1774 0.191958
1775 0.192022
1776 0.191711
1777 0.191965
1778 0.192121
1779 0.194026
1780 0.19614
1781 0.194181
1782 0.193018
1783 0.192027
1784 0.19226
1785 0.192205
1786 0.19269
1787 0.193791
1788 0.193604
1789 0.192757
1790 0.193347
1791 0.195017
1792 0.197255
1793 0.194037
1794 0.193946
1795 0.193629
1796 0.193753
1797 0.193157
1798 0.193748
1799 0.1935
1800 0.192548
1801 0.193434
1802 0.19481
1803 0.193056
1804 0.195351
1805 0.196397
1806 0.195937
1807 0.194476
1808 0.194968
1809 0.195857
1810 0.193987
1811 0.192422
1812 0.191407
1813 0.191385
1814 0.191081
1815 0.194463
1816 0.191796
1817 0.19162
1818 0.194215
1819 0.192857
1820 0.192998
1821 0.192032
1822 0.191734
1823 0.194282
1824 0.192459
1825 0.195468
1826 0.196015
1827 0.195513
1828 0.19574
1829 0.194872
1830 0.193324
1831 0.192042
1832 0.191546
1833 0.194846
1834 0.192776
1835 0.192946
1836 0.195392
1837 0.195831
1838 0.19386
1839 0.192344
1840 0.193968
1841 0.195491
1842 0.193245
1843 0.19449
1844 0.192812
1845 0.194436
1846 0.193505
1847 0.195648
1848 0.193564
1849 0.195894
1850 0.195346
1851 0.194037
1852 0.196309
1853 0.197857
1854 0.19591
1855 0.197662
1856 0.19508
1857 0.195021
1858 0.195183
1859 0.195923
1860 0.195303
1861 0.193808
1862 0.192641
1863 0.193479
1864 0.192417
1865 0.194074
1866 0.19425
1867 0.194339
1868 0.196563
1869 0.194034
1870 0.194491
1871 0.195157
1872 0.194085
1873 0.192775
1874 0.191491
1875 0.190938
1876 0.190547
1877 0.191916
1878 0.192909
1879 0.192419
1880 0.192794
1881 0.193901
1882 0.192433
1883 0.195178
1884 0.196697
1885 0.195295
1886 0.193578
1887 0.196481
1888 0.193189
1889 0.192078
1890 0.19576
1891 0.195411
1892 0.193922
1893 0.193718
1894 0.192316
1895 0.19167
1896 0.193466
1897 0.192406
1898 0.191958
1899 0.190657
1900 0.194496
1901 0.192227
1902 0.192197
1903 0.193963
1904 0.194458
1905 0.193078
1906 0.191678
1907 0.191946
1908 0.19195
1909 0.192655
1910 0.19188
1911 0.191617
1912 0.193559
1913 0.196554
1914 0.197089
1915 0.19463
1916 0.196175
1917 0.194083
1918 0.191995
1919 0.191892
1920 0.194822
1921 0.192574
1922 0.191895
1923 0.191533
1924 0.190385
1925 0.193203
1926 0.194521
1927 0.192493
1928 0.194871
1929 0.194376
1930 0.1933
1931 0.195456
1932 0.1931
1933 0.192306
1934 0.19265
1935 0.19253
1936 0.191428
1937 0.191633
1938 0.196212
1939 0.194543
1940 0.1929
1941 0.195106
1942 0.192997
1943 0.19651
1944 0.193987
1945 0.193212
1946 0.195119
1947 0.193049
1948 0.193356
1949 0.194085
1950 0.192611
1951 0.193714
1952 0.193796
1953 0.196278
1954 0.196209
1955 0.193629
1956 0.192685
1957 0.192383
1958 0.193883
1959 0.193468
1960 0.194159
1961 0.19282
1962 0.194002
1963 0.195279
1964 0.193625
1965 0.192977
1966 0.192285
1967 0.193307
1968 0.195884
1969 0.197203
1970 0.196449
1971 0.198028
1972 0.195559
1973 0.196865
1974 0.194626
1975 0.195563
1976 0.193829
1977 0.192799
1978 0.194639
1979 0.193115
1980 0.192141
1981 0.190886
1982 0.195039
1983 0.193982
1984 0.192913
1985 0.192528
1986 0.195575
1987 0.196109
1988 0.196994
1989 0.194043
1990 0.192827
1991 0.192127
1992 0.191789
1993 0.194466
1994 0.195852
1995 0.193775
1996 0.194224
1997 0.193786
1998 0.193995
1999 0.195048
2000 0.192803
2001 0.191945
2002 0.190695
2003 0.191071
2004 0.19041
2005 0.192432
2006 0.191392
2007 0.19292
2008 0.191549
2009 0.191428
2010 0.193199
2011 0.195176
2012 0.193807
2013 0.194815
2014 0.194204
2015 0.192794
2016 0.194183
2017 0.192559
2018 0.193219
2019 0.191846
2020 0.19473
2021 0.193079
2022 0.193478
2023 0.195282
2024 0.194225
2025 0.193927
2026 0.192988
2027 0.194409
2028 0.195368
2029 0.193478
2030 0.193175
2031 0.192015
2032 0.192008
2033 0.19298
2034 0.194582
2035 0.195102
2036 0.194147
2037 0.194392
2038 0.192362
2039 0.191474
2040 0.191487
2041 0.192653
2042 0.193442
2043 0.194557
2044 0.193362
2045 0.194086
2046 0.193483
2047 0.196775
2048 0.194992
2049 0.195537
2050 0.193762
2051 0.192115
2052 0.19211
2053 0.193896
2054 0.19501
2055 0.194427
2056 0.192644
2057 0.193608
2058 0.192565
2059 0.194148
2060 0.196337
2061 0.193384
2062 0.192384
2063 0.19373
2064 0.192212
2065 0.190825
2066 0.191822
2067 0.191197
2068 0.192553
2069 0.191968
2070 0.191719
2071 0.191107
2072 0.190514
2073 0.192798
2074 0.193536
2075 0.192644
2076 0.193635
2077 0.196441
2078 0.193702
2079 0.195378
2080 0.197324
2081 0.194076
2082 0.193324
2083 0.194009
2084 0.19231
2085 0.195371
2086 0.193727
2087 0.193122
2088 0.194193
2089 0.194956
2090 0.195074
2091 0.195769
2092 0.194405
2093 0.194352
2094 0.196372
2095 0.196613
2096 0.195914
2097 0.195127
2098 0.194073
2099 0
