0 -44.0183
1 97.4308
2 0.35759
3 -2.57511
4 -1.01955
5 -0.164628
6 0.0740437
7 0.12179
8 0.139113
9 0.163734
10 0.160086
11 0.1636
12 0.164159
13 0.173112
14 0.192828
15 0.16926
16 0.186097
17 0.168232
18 0.173449
19 0.174508
20 0.162816
21 0.178649
22 0.168327
23 0.165032
24 0.182143
25 0.173658
26 0.179004
27 0.175309
28 0.172291
29 0.176189
30 0.17055
31 0.176097
32 0.170589
33 0.158371
34 0.164147
35 0.167844
36 0.16146
37 0.164765
38 0.156907
39 0.17432
40 0.192698
41 0.188023
42 0.16855
43 0.216489
44 0.201974
45 0.210748
46 0.20916
47 0.199208
48 0.171705
49 0.17303
50 0.202428
51 0.166223
52 0.164165
53 0.187629
54 0.160732
55 0.169057
56 0.178709
57 0.160744
58 0.172744
59 0.1583
60 0.144175
61 0.170872
62 0.151689
63 0.159498
64 0.147623
65 0.170856
66 0.154438
67 0.164088
68 0.171148
69 0.167772
70 0.171776
71 0.16892
72 0.198242
73 0.178602
74 0.15993
75 0.151415
76 0.156984
77 0.159089
78 0.148158
79 0.16064
80 0.155569
81 0.172453
82 0.155164
83 0.182647
84 0.17445
85 0.186346
86 0.17529
87 0.165023
88 0.161676
89 0.164721
90 0.157903
91 0.15953
92 0.15177
93 0.152422
94 0.169368
95 0.168891
96 0.15587
97 0.14422
98 0.17006
99 0.155688
100 0.146472
101 0.14482
102 0.171553
103 0.157089
104 0.150885
105 0.160728
106 0.185162
107 0.162936
108 0.144908
109 0.156381
110 0.156969
111 0.142667
112 0.146929
113 0.153021
114 0.16156
115 0.155456
116 0.156407
117 0.172737
118 0.185372
119 0.176663
120 0.196705
121 0.169634
122 0.174329
123 0.173766
124 0.159973
125 0.186161
126 0.173704
127 0.163931
128 0.186014
129 0.183265
130 0.169723
131 0.178994
132 0.171444
133 0.178291
134 0.175273
135 0.167065
136 0.164684
137 0.182678
138 0.178737
139 0.173341
140 0.185403
141 0.216522
142 0.191317
143 0.155922
144 0.16608
145 0.163524
146 0.160096
147 0.168083
148 0.165254
149 0.163745
150 0.170002
151 0.175098
152 0.178956
153 0.170518
154 0.164595
155 0.173605
156 0.178208
157 0.169298
158 0.171041
159 0.186178
160 0.179082
161 0.159115
162 0.162744
163 0.170722
164 0.154287
165 0.156755
166 0.17213
167 0.189379
168 0.185518
169 0.184196
170 0.189239
171 0.187326
172 0.159169
173 0.167638
174 0.183937
175 0.163332
176 0.174085
177 0.169292
178 0.170112
179 0.183231
180 0.182239
181 0.192811
182 0.174117
183 0.208983
184 0.165213
185 0.162594
186 0.168677
187 0.170524
188 0.18048
189 0.16381
190 0.174023
191 0.207915
192 0.176725
193 0.195288
194 0.196175
195 0.181758
196 0.194947
197 0.164439
198 0.14346
199 0.15923
200 0.155424
201 0.159721
202 0.155701
203 0.155906
204 0.17721
205 0.192676
206 0.169969
207 0.156579
208 0.167589
209 0.17492
210 0.167979
211 0.153162
212 0.199136
213 0.200556
214 0.160308
215 0.176485
216 0.189039
217 0.162913
218 0.165365
219 0.196974
220 0.162806
221 0.18644
222 0.190805
223 0.160542
224 0.19121
225 0.183095
226 0.166668
227 0.186996
228 0.179111
229 0.159595
230 0.190561
231 0.17846
232 0.161417
233 0.188528
234 0.191548
235 0.178624
236 0.173619
237 0.199748
238 0.174604
239 0.184692
240 0.217669
241 0.161546
242 0.171155
243 0.170795
244 0.158539
245 0.15727
246 0.160002
247 0.168032
248 0.16798
249 0.159936
250 0.189495
251 0.181966
252 0.176529
253 0.174766
254 0.174171
255 0.167002
256 0.170944
257 0.166693
258 0.16413
259 0.170089
260 0.172987
261 0.183775
262 0.177795
263 0.160224
264 0.18301
265 0.176954
266 0.156411
267 0.175983
268 0.187719
269 0.161955
270 0.192005
271 0.200728
272 0.155069
273 0.175978
274 0.179449
275 0.163045
276 0.186994
277 0.193172
278 0.174104
279 0.204506
280 0.166691
281 0.164885
282 0.20032
283 0.157148
284 0.20201
285 0.177651
286 0.165197
287 0.183319
288 0.179866
289 0.190467
290 0.171174
291 0.203434
292 0.206578
293 0.198997
294 0.179106
295 0.197911
296 0.181908
297 0.177813
298 0.174298
299 0.178591
300 0.191438
301 0.179783
302 0.170445
303 0.186882
304 0.180697
305 0.165905
306 0.183603
307 0.17875
308 0.162505
309 0.174625
310 0.204653
311 0.207213
312 0.195119
313 0.155588
314 0.163416
315 0.161446
316 0.169038
317 0.16168
318 0.17153
319 0.162913
320 0.185133
321 0.192695
322 0.164091
323 0.202933
324 0.174854
325 0.170442
326 0.188844
327 0.180982
328 0.187812
329 0.185411
330 0.178406
331 0.175379
332 0.173279
333 0.170855
334 0.177153
335 0.167863
336 0.161836
337 0.163201
338 0.168799
339 0.156384
340 0.161089
341 0.185107
342 0.17468
343 0.169854
344 0.161059
345 0.164739
346 0.158333
347 0.172538
348 0.166859
349 0.161313
350 0.177966
351 0.18204
352 0.170915
353 0.200431
354 0.164754
355 0.198512
356 0.175475
357 0.162393
358 0.187619
359 0.175919
360 0.17389
361 0.182333
362 0.198673
363 0.169666
364 0.170404
365 0.190727
366 0.154272
367 0.156907
368 0.158077
369 0.156011
370 0.175035
371 0.165201
372 0.172354
373 0.170181
374 0.151907
375 0.157603
376 0.143827
377 0.160513
378 0.16537
379 0.178873
380 0.180093
381 0.190804
382 0.198748
383 0.189857
384 0.153902
385 0.172045
386 0.170096
387 0.14324
388 0.169953
389 0.17525
390 0.167301
391 0.165546
392 0.161924
393 0.16141
394 0.181603
395 0.166236
396 0.159393
397 0.140001
398 0.167917
399 0.176931
400 0.164708
401 0.166838
402 0.177576
403 0.17852
404 0.158401
405 0.178743
406 0.200396
407 0.16443
408 0.185129
409 0.187253
410 0.172658
411 0.192641
412 0.191128
413 0.205952
414 0.183194
415 0.184803
416 0.198148
417 0.177996
418 0.207813
419 0.1977
420 0.190982
421 0.181307
422 0.160193
423 0.197961
424 0.166413
425 0.156379
426 0.170133
427 0.153477
428 0.160246
429 0.171342
430 0.176687
431 0.175072
432 0.165259
433 0.190155
434 0.176163
435 0.14911
436 0.16649
437 0.201169
438 0.203324
439 0.159759
440 0.1798
441 0.188019
442 0.181427
443 0.179739
444 0.201983
445 0.195221
446 0.168621
447 0.178428
448 0.17105
449 0.179552
450 0.154391
451 0.157015
452 0.181967
453 0.177794
454 0.165578
455 0.148902
456 0.16337
457 0.155469
458 0.145922
459 0.152238
460 0.174411
461 0.177702
462 0.166219
463 0.203629
464 0.193536
465 0.170186
466 0.200224
467 0.207454
468 0.170036
469 0.187465
470 0.201067
471 0.177426
472 0.1838
473 0.18951
474 0.186235
475 0.190989
476 0.179757
477 0.208287
478 0.189768
479 0.228706
480 0.175667
481 0.195767
482 0.213368
483 0.191326
484 0.180151
485 0.170618
486 0.200493
487 0.196977
488 0.177721
489 0.1602
490 0.156034
491 0.201915
492 0.176644
493 0.159362
494 0.186491
495 0.1831
496 0.175493
497 0.161159
498 0.154273
499 0.171199
500 0.172182
501 0.159629
502 0.157869
503 0.170106
504 0.157736
505 0.197336
506 0.213472
507 0.170003
508 0.173673
509 0.192375
510 0.177152
511 0.149059
512 0.171489
513 0.177788
514 0.170232
515 0.200973
516 0.200719
517 0.190043
518 0.181609
519 0.188799
520 0.198902
521 0.167163
522 0.180254
523 0.178933
524 0.173512
525 0.167119
526 0.15511
527 0.188731
528 0.176205
529 0.173583
530 0.182703
531 0.20005
532 0.202867
533 0.197803
534 0.209707
535 0.194767
536 0.182191
537 0.186293
538 0.168132
539 0.162485
540 0.185223
541 0.185469
542 0.168871
543 0.179498
544 0.193975
545 0.193899
546 0.168638
547 0.174477
548 0.183683
549 0.176431
550 0.165614
551 0.184465
552 0.158967
553 0.176298
554 0.176147
555 0.178755
556 0.16347
557 0.1597
558 0.198887
559 0.207587
560 0.177955
561 0.171985
562 0.155018
563 0.186713
564 0.179277
565 0.163523
566 0.1613
567 0.176174
568 0.172533
569 0.168547
570 0.184392
571 0.168748
572 0.159932
573 0.175832
574 0.174789
575 0.145675
576 0.166757
577 0.181582
578 0.166189
579 0.160572
580 0.183902
581 0.183344
582 0.166675
583 0.158397
584 0.181892
585 0.158467
586 0.199725
587 0.202046
588 0.212504
589 0.198198
590 0.222439
591 0.174439
592 0.200329
593 0.159016
594 0.179391
595 0.189366
596 0.15633
597 0.196663
598 0.174801
599 0.168774
600 0.195467
601 0.159476
602 0.194485
603 0.190174
604 0.176075
605 0.183427
606 0.164159
607 0.15992
608 0.156854
609 0.174216
610 0.178481
611 0.145061
612 0.202905
613 0.154634
614 0.14914
615 0.166374
616 0.172101
617 0.124418
618 0.168767
619 0.168542
620 0.157357
621 0.154624
622 0.167162
623 0.157606
624 0.157903
625 0.144265
626 0.157569
627 0.174644
628 0.180002
629 0.168236
630 0.183859
631 0.186721
632 0.157248
633 0.160363
634 0.184366
635 0.18484
636 0.166036
637 0.169382
638 0.183177
639 0.158023
640 0.169326
641 0.174009
642 0.183054
643 0.193949
644 0.186686
645 0.165663
646 0.216267
647 0.195333
648 0.196791
649 0.179672
650 0.174243
651 0.182512
652 0.15683
653 0.170515
654 0.171346
655 0.188667
656 0.170103
657 0.179983
658 0.194696
659 0.159334
660 0.164583
661 0.169633
662 0.168971
663 0.163368
664 0.145564
665 0.150287
666 0.149565
667 0.173535
668 0.161741
669 0.187197
670 0.155066
671 0.15669
672 0.169629
673 0.158604
674 0.142051
675 0.144548
676 0.163465
677 0.203444
678 0.202979
679 0.168791
680 0.180128
681 0.19305
682 0.166078
683 0.180886
684 0.160441
685 0.16853
686 0.171163
687 0.167258
688 0.167051
689 0.158368
690 0.162056
691 0.158706
692 0.156121
693 0.152129
694 0.148216
695 0.146562
696 0.159871
697 0.156382
698 0.16665
699 0.155232
700 0.168066
701 0.178673
702 0.177585
703 0.170807
704 0.184541
705 0.175499
706 0.181749
707 0.197284
708 0.187164
709 0.181913
710 0.161072
711 0.186009
712 0.175173
713 0.151056
714 0.148081
715 0.168313
716 0.146404
717 0.169555
718 0.174308
719 0.180701
720 0.208417
721 0.194142
722 0.177011
723 0.1723
724 0.165879
725 0.156039
726 0.161015
727 0.171201
728 0.198526
729 0.209554
730 0.157864
731 0.156839
732 0.170053
733 0.158358
734 0.160291
735 0.168362
736 0.160499
737 0.178308
738 0.174039
739 0.190195
740 0.190644
741 0.185219
742 0.166936
743 0.186841
744 0.170684
745 0.152908
746 0.183519
747 0.158839
748 0.13889
749 0.14466
750 0.165529
751 0.165207
752 0.145736
753 0.18943
754 0.146682
755 0.165954
756 0.172091
757 0.152683
758 0.151362
759 0.169349
760 0.17516
761 0.165658
762 0.181678
763 0.191022
764 0.17556
765 0.154904
766 0.16292
767 0.177131
768 0.143333
769 0.144384
770 0.171335
771 0.151211
772 0.184757
773 0.167019
774 0.17093
775 0.153119
776 0.180023
777 0.154184
778 0.150903
779 0.163361
780 0.151875
781 0.162941
782 0.159142
783 0.147689
784 0.188981
785 0.185901
786 0.151087
787 0.16998
788 0.170278
789 0.158164
790 0.161449
791 0.158383
792 0.185071
793 0.172655
794 0.186671
795 0.181742
796 0.179556
797 0.161116
798 0.167626
799 0.157331
800 0.152317
801 0.145549
802 0.156833
803 0.149094
804 0.1552
805 0.157477
806 0.160729
807 0.141767
808 0.155592
809 0.156785
810 0.149787
811 0.166796
812 0.15891
813 0.188843
814 0.178405
815 0.166847
816 0.188893
817 0.168362
818 0.173196
819 0.174397
820 0.175866
821 0.182905
822 0.17582
823 0.157348
824 0.162087
825 0.154263
826 0.145207
827 0.151259
828 0.162604
829 0.154556
830 0.147775
831 0.154072
832 0.168892
833 0.144135
834 0.174424
835 0.158337
836 0.148615
837 0.177599
838 0.164496
839 0.165171
840 0.165872
841 0.15596
842 0.175339
843 0.154214
844 0.16875
845 0.181067
846 0.166055
847 0.157097
848 0.183829
849 0.169627
850 0.169623
851 0.159104
852 0.16821
853 0.155431
854 0.162364
855 0.161241
856 0.152086
857 0.177477
858 0.186766
859 0.175554
860 0.170749
861 0.160421
862 0.172177
863 0.168398
864 0.166392
865 0.149412
866 0.168839
867 0.174564
868 0.180577
869 0.19227
870 0.17468
871 0.185901
872 0.177129
873 0.179184
874 0.162172
875 0.185601
876 0.163452
877 0.167038
878 0.159352
879 0.163806
880 0.178942
881 0.192835
882 0.165049
883 0.182002
884 0.153151
885 0.168405
886 0.181825
887 0.170614
888 0.146421
889 0.165105
890 0.171291
891 0.16123
892 0.178503
893 0.185587
894 0.180724
895 0.188769
896 0.185354
897 0.191815
898 0.180877
899 0.171184
900 0.174675
901 0.169977
902 0.166923
903 0.155808
904 0.179684
905 0.153258
906 0.170777
907 0.187199
908 0.197832
909 0.195114
910 0.209511
911 0.197939
912 0.194971
913 0.223818
914 0.164805
915 0.212937
916 0.178262
917 0.17166
918 0.196968
919 0.163468
920 0.19418
921 0.175848
922 0.171069
923 0.158092
924 0.152814
925 0.163424
926 0.14429
927 0.161106
928 0.167652
929 0.169383
930 0.168071
931 0.184442
932 0.167795
933 0.169355
934 0.178514
935 0.148512
936 0.162788
937 0.172715
938 0.149765
939 0.167601
940 0.153939
941 0.14605
942 0.179926
943 0.150691
944 0.148286
945 0.173589
946 0.158244
947 0.136023
948 0.160162
949 0.145486
950 0.163518
951 0.150405
952 0.150976
953 0.164385
954 0.178117
955 0.163433
956 0.167279
957 0.165049
958 0.137168
959 0.155685
960 0.161078
961 0.16195
962 0.16989
963 0.182869
964 0.174777
965 0.17603
966 0.154411
967 0.180767
968 0.16166
969 0.161381
970 0.179911
971 0.208304
972 0.203417
973 0.16109
974 0.15416
975 0.165282
976 0.177285
977 0.164945
978 0.153846
979 0.191625
980 0.171135
981 0.166379
982 0.179374
983 0.173551
984 0.184869
985 0.184614
986 0.175162
987 0.178083
988 0.178828
989 0.165522
990 0.153636
991 0.170216
992 0.149204
993 0.153189
994 0.160991
995 0.153179
996 0.176606
997 0.169786
998 0.182203
999 0.14992
1000 0.178308
1001 0.1626
1002 0.161562
1003 0.192658
1004 0.170756
1005 0.186967
1006 0.162988
1007 0.169438
1008 0.193021
1009 0.169571
1010 0.182645
1011 0.171832
1012 0.145943
1013 0.168866
1014 0.177115
1015 0.146263
1016 0.193742
1017 0.170562
1018 0.179083
1019 0.176492
1020 0.183955
1021 0.181373
1022 0.17377
1023 0.16614
1024 0.163866
1025 0.161181
1026 0.160843
1027 0.166569
1028 0.153119
1029 0.172776
1030 0.159654
1031 0.17715
1032 0.153573
1033 0.16641
1034 0.168161
1035 0.157806
1036 0.15425
1037 0.159944
1038 0.169591
1039 0.148292
1040 0.172408
1041 0.186759
1042 0.177191
1043 0.162012
1044 0.184466
1045 0.169674
1046 0.161759
1047 0.18009
1048 0.178716
1049 0.163948
1050 0.169715
1051 0.176862
1052 0.179487
1053 0.171328
1054 0.178074
1055 0.169715
1056 0.164021
1057 0.202757
1058 0.212073
1059 0.176017
1060 0.184666
1061 0.179417
1062 0.163932
1063 0.191558
1064 0.17099
1065 0.167039
1066 0.172609
1067 0.161846
1068 0.145659
1069 0.183903
1070 0.16552
1071 0.154863
1072 0.182799
1073 0.167931
1074 0.192089
1075 0.176521
1076 0.154653
1077 0.18521
1078 0.175584
1079 0.178318
1080 0.17274
1081 0.155568
1082 0.190314
1083 0.177627
1084 0.171893
1085 0.188398
1086 0.198942
1087 0.170133
1088 0.15945
1089 0.188996
1090 0.189107
1091 0.166626
1092 0.166648
1093 0.166394
1094 0.200985
1095 0.169914
1096 0.158991
1097 0.177313
1098 0.173444
1099 0.173646
1100 0.174408
1101 0.172889
1102 0.166723
1103 0.198849
1104 0.166989
1105 0.169277
1106 0.182532
1107 0.185843
1108 0.172439
1109 0.18111
1110 0.189549
1111 0.163859
1112 0.177502
1113 0.174198
1114 0.176614
1115 0.155241
1116 0.143621
1117 0.173699
1118 0.162141
1119 0.149421
1120 0.15505
1121 0.158911
1122 0.174912
1123 0.148822
1124 0.150126
1125 0.209699
1126 0.171742
1127 0.180645
1128 0.20642
1129 0.177855
1130 0.20972
1131 0.18219
1132 0.192979
1133 0.181702
1134 0.185141
1135 0.173871
1136 0.164411
1137 0.205797
1138 0.165365
1139 0.177714
1140 0.212612
1141 0.179749
1142 0.18121
1143 0.196527
1144 0.184778
1145 0.163527
1146 0.206046
1147 0.171039
1148 0.161121
1149 0.169715
1150 0.172231
1151 0.200924
1152 0.177364
1153 0.190224
1154 0.186438
1155 0.168792
1156 0.217792
1157 0.185817
1158 0.163898
1159 0.17802
1160 0.18393
1161 0.168628
1162 0.157926
1163 0.192286
1164 0.176294
1165 0.174797
1166 0.143995
1167 0.184569
1168 0.172425
1169 0.162214
1170 0.170974
1171 0.170292
1172 0.170265
1173 0.172509
1174 0.159675
1175 0.165298
1176 0.210584
1177 0.182802
1178 0.181107
1179 0.163008
1180 0.165337
1181 0.173315
1182 0.156856
1183 0.163895
1184 0.160886
1185 0.171699
1186 0.157118
1187 0.168017
1188 0.160863
1189 0.179083
1190 0.175027
1191 0.175373
1192 0.202144
1193 0.140039
1194 0.15689
1195 0.194039
1196 0.164166
1197 0.158126
1198 0.183677
1199 0.187661
1200 0.19723
1201 0.219957
1202 0.173323
1203 0.147326
1204 0.173408
1205 0.174413
1206 0.143647
1207 0.141785
1208 0.177321
1209 0.158952
1210 0.152365
1211 0.166175
1212 0.161612
1213 0.14293
1214 0.144792
1215 0.157221
1216 0.157178
1217 0.164467
1218 0.162482
1219 0.170559
1220 0.164069
1221 0.180456
1222 0.188004
1223 0.184476
1224 0.162753
1225 0.161758
1226 0.159571
1227 0.169532
1228 0.160575
1229 0.159021
1230 0.169784
1231 0.151234
1232 0.169098
1233 0.177154
1234 0.157607
1235 0.18299
1236 0.207692
1237 0.173312
1238 0.208193
1239 0.204521
1240 0.217242
1241 0.181055
1242 0.177322
1243 0.200283
1244 0.15511
1245 0.153252
1246 0.165293
1247 0.159078
1248 0.178554
1249 0.159072
1250 0.159229
1251 0.165161
1252 0.165443
1253 0.161903
1254 0.168741
1255 0.179682
1256 0.186688
1257 0.18513
1258 0.198122
1259 0.164304
1260 0.16721
1261 0.153127
1262 0.152182
1263 0.146456
1264 0.190746
1265 0.180117
1266 0.165099
1267 0.187015
1268 0.171133
1269 0.176567
1270 0.174725
1271 0.166899
1272 0.153891
1273 0.173399
1274 0.193033
1275 0.165231
1276 0.175528
1277 0.197663
1278 0.176145
1279 0.2012
1280 0.201294
1281 0.20085
1282 0.176283
1283 0.180037
1284 0.1919
1285 0.163779
1286 0.172949
1287 0.178226
1288 0.170931
1289 0.167186
1290 0.177785
1291 0.196383
1292 0.182113
1293 0.175201
1294 0.154421
1295 0.148656
1296 0.160938
1297 0.186842
1298 0.173502
1299 0.184017
1300 0.18884
1301 0.18157
1302 0.198562
1303 0.170199
1304 0.157462
1305 0.205265
1306 0.174575
1307 0.159875
1308 0.18052
1309 0.148642
1310 0.161214
1311 0.15215
1312 0.150586
1313 0.158172
1314 0.139037
1315 0.177579
1316 0.160395
1317 0.145905
1318 0.164136
1319 0.185087
1320 0.15329
1321 0.156762
1322 0.168128
1323 0.160382
1324 0.156214
1325 0.158379
1326 0.154821
1327 0.172362
1328 0.172325
1329 0.160027
1330 0.1631
1331 0.177492
1332 0.164864
1333 0.14339
1334 0.175332
1335 0.162548
1336 0.164894
1337 0.177329
1338 0.144527
1339 0.169939
1340 0.153096
1341 0.144155
1342 0.163374
1343 0.177084
1344 0.158583
1345 0.15273
1346 0.199852
1347 0.174107
1348 0.141469
1349 0.180623
1350 0.157573
1351 0.166905
1352 0.175049
1353 0.156147
1354 0.181218
1355 0.172399
1356 0.174339
1357 0.197131
1358 0.166822
1359 0.198214
1360 0.175673
1361 0.170237
1362 0.18151
1363 0.155679
1364 0.163411
1365 0.155067
1366 0.163359
1367 0.170926
1368 0.161063
1369 0.189513
1370 0.1664
1371 0.176889
1372 0.20445
1373 0.178087
1374 0.171516
1375 0.198956
1376 0.191402
1377 0.169096
1378 0.19562
1379 0.177249
1380 0.154699
1381 0.174039
1382 0.166968
1383 0.163649
1384 0.174486
1385 0.203753
1386 0.184669
1387 0.173193
1388 0.207708
1389 0.181961
1390 0.187915
1391 0.214234
1392 0.18166
1393 0.186064
1394 0.156588
1395 0.181804
1396 0.19275
1397 0.159988
1398 0.18033
1399 0.187946
1400 0.176575
1401 0.172328
1402 0.171463
1403 0.153315
1404 0.171031
1405 0.186755
1406 0.167748
1407 0.195868
1408 0.208366
1409 0.18428
1410 0.175767
1411 0.17819
1412 0.194866
1413 0.169529
1414 0.190027
1415 0.192313
1416 0.151867
1417 0.179891
1418 0.186517
1419 0.135428
1420 0.163591
1421 0.189765
1422 0.170054
1423 0.14587
1424 0.195902
1425 0.167413
1426 0.172822
1427 0.166626
1428 0.160325
1429 0.175019
1430 0.15398
1431 0.157858
1432 0.15214
1433 0.166153
1434 0.183337
1435 0.14666
1436 0.210576
1437 0.134804
1438 0.188524
1439 0.172295
1440 0.169978
1441 0.161326
1442 0.164864
1443 0.183872
1444 0.173287
1445 0.162708
1446 0.162397
1447 0.193013
1448 0.173668
1449 0.178641
1450 0.213588
1451 0.219607
1452 0.198039
1453 0.197434
1454 0.185795
1455 0.177743
1456 0.171226
1457 0.145528
1458 0.191705
1459 0.161056
1460 0.15106
1461 0.180893
1462 0.152751
1463 0.182026
1464 0.175664
1465 0.187296
1466 0.211326
1467 0.16943
1468 0.21122
1469 0.169624
1470 0.184693
1471 0.206069
1472 0.152737
1473 0.181955
1474 0.19549
1475 0.172796
1476 0.176391
1477 0.195581
1478 0.187642
1479 0.191012
1480 0.217883
1481 0.220738
1482 0.20471
1483 0.198725
1484 0.206379
1485 0.19576
1486 0.18636
1487 0.152056
1488 0.158376
1489 0.184731
1490 0.155677
1491 0.146733
1492 0.15641
1493 0.15517
1494 0.164414
1495 0.152011
1496 0.14804
1497 0.180614
1498 0.177097
1499 0.170445
1500 0.178928
1501 0.183821
1502 0.136781
1503 0.166703
1504 0.171149
1505 0.169633
1506 0.171769
1507 0.168249
1508 0.160186
1509 0.175041
1510 0.172736
1511 0.166032
1512 0.168808
1513 0.177068
1514 0.166648
1515 0.1645
1516 0.192875
1517 0.175596
1518 0.214343
1519 0.185554
1520 0.160108
1521 0.178605
1522 0.160041
1523 0.1607
1524 0.161579
1525 0.143784
1526 0.155756
1527 0.149556
1528 0.165183
1529 0.160192
1530 0.178345
1531 0.202263
1532 0.169726
1533 0.181485
1534 0.189281
1535 0.176315
1536 0.196205
1537 0.165986
1538 0.165598
1539 0.166649
1540 0.170549
1541 0.173488
1542 0.156086
1543 0.155313
1544 0.16324
1545 0.161868
1546 0.156505
1547 0.165271
1548 0.15963
1549 0.16655
1550 0.152281
1551 0.1607
1552 0.157117
1553 0.169888
1554 0.163765
1555 0.172091
1556 0.170521
1557 0.178225
1558 0.199614
1559 0.173797
1560 0.175137
1561 0.182266
1562 0.165264
1563 0.163533
1564 0.177948
1565 0.164751
1566 0.18635
1567 0.203263
1568 0.178549
1569 0.172591
1570 0.1967
1571 0.172144
1572 0.151857
1573 0.167299
1574 0.154385
1575 0.162004
1576 0.152136
1577 0.176025
1578 0.164752
1579 0.174865
1580 0.179885
1581 0.161157
1582 0.163164
1583 0.145379
1584 0.20699
1585 0.180113
1586 0.145654
1587 0.165837
1588 0.168177
1589 0.163275
1590 0.149733
1591 0.15315
1592 0.186809
1593 0.182204
1594 0.208858
1595 0.168316
1596 0.192907
1597 0.195503
1598 0.191148
1599 0.182965
1600 0.158923
1601 0.19169
1602 0.155222
1603 0.152589
1604 0.177078
1605 0.170618
1606 0.187432
1607 0.180415
1608 0.180972
1609 0.193893
1610 0.211012
1611 0.19462
1612 0.182769
1613 0.181909
1614 0.188111
1615 0.208795
1616 0.178632
1617 0.188501
1618 0.185391
1619 0.215894
1620 0.130264
1621 0.176226
1622 0.167265
1623 0.140281
1624 0.133627
1625 0.166714
1626 0.137497
1627 0.16815
1628 0.220247
1629 0.168238
1630 0.18059
1631 0.19851
1632 0.177592
1633 0.207765
1634 0.19227
1635 0.157034
1636 0.163463
1637 0.197339
1638 0.191271
1639 0.176636
1640 0.193391
1641 0.202006
1642 0.186835
1643 0.173432
1644 0.170627
1645 0.181872
1646 0.152095
1647 0.165149
1648 0.176305
1649 0.149046
1650 0.155165
1651 0.183468
1652 0.15213
1653 0.162553
1654 0.184533
1655 0.161012
1656 0.164567
1657 0.15128
1658 0.159331
1659 0.161276
1660 0.144951
1661 0.144386
1662 0.156869
1663 0.146839
1664 0.147547
1665 0.152184
1666 0.171201
1667 0.162512
1668 0.173032
1669 0.178867
1670 0.200364
1671 0.193548
1672 0.183685
1673 0.181204
1674 0.197104
1675 0.18385
1676 0.207096
1677 0.166028
1678 0.196198
1679 0.179437
1680 0.167745
1681 0.16982
1682 0.183299
1683 0.183735
1684 0.184653
1685 0.201005
1686 0.175891
1687 0.1716
1688 0.17182
1689 0.162238
1690 0.179816
1691 0.164599
1692 0.181819
1693 0.175158
1694 0.17752
1695 0.186699
1696 0.188207
1697 0.188753
1698 0.182455
1699 0.160749
1700 0.181238
1701 0.179985
1702 0.166735
1703 0.174845
1704 0.165764
1705 0.158839
1706 0.164457
1707 0.188499
1708 0.163581
1709 0.176994
1710 0.182477
1711 0.167166
1712 0.161053
1713 0.194974
1714 0.194825
1715 0.163858
1716 0.179782
1717 0.218153
1718 0.153112
1719 0.160296
1720 0.163354
1721 0.186615
1722 0.160669
1723 0.163463
1724 0.189542
1725 0.197833
1726 0.178914
1727 0.160903
1728 0.188069
1729 0.179362
1730 0.15605
1731 0.194547
1732 0.2051
1733 0.161704
1734 0.169461
1735 0.151435
1736 0.178183
1737 0.18107
1738 0.165148
1739 0.167658
1740 0.16261
1741 0.166608
1742 0.168638
1743 0.170599
1744 0.173108
1745 0.17798
1746 0.153469
1747 0.204656
1748 0.155974
1749 0.16559
1750 0.17925
1751 0.177906
1752 0.151688
1753 0.183975
1754 0.175602
1755 0.176349
1756 0.184544
1757 0.172549
1758 0.200466
1759 0.17441
1760 0.191344
1761 0.178225
1762 0.150852
1763 0.165946
1764 0.167732
1765 0.180165
1766 0.147205
1767 0.181927
1768 0.181832
1769 0.171156
1770 0.198023
1771 0.181402
1772 0.153217
1773 0.202121
1774 0.206792
1775 0.175242
1776 0.216764
1777 0.18627
1778 0.223892
1779 0.222285
1780 0.197134
1781 0.225461
1782 0.178242
1783 0.186475
1784 0.187424
1785 0.162589
1786 0.1713
1787 0.176485
1788 0.152019
1789 0.193899
1790 0.1787
1791 0.183263
1792 0.193645
1793 0.159743
1794 0.150408
1795 0.172407
1796 0.171824
1797 0.152626
1798 0.163446
1799 0.151794
1800 0.164912
1801 0.153066
1802 0.172832
1803 0.162827
1804 0.17253
1805 0.142966
1806 0.176091
1807 0.178943
1808 0.144285
1809 0.183322
1810 0.158972
1811 0.154356
1812 0.192763
1813 0.162602
1814 0.172951
1815 0.190913
1816 0.173816
1817 0.190904
1818 0.179788
1819 0.175447
1820 0.182144
1821 0.16008
1822 0.17199
1823 0.163217
1824 0.206151
1825 0.150977
1826 0.176264
1827 0.190035
1828 0.165415
1829 0.175537
1830 0.184295
1831 0.159377
1832 0.145964
1833 0.160344
1834 0.162718
1835 0.153483
1836 0.170325
1837 0.170879
1838 0.170491
1839 0.164712
1840 0.201167
1841 0.186105
1842 0.174729
1843 0.179407
1844 0.170061
1845 0.174002
1846 0.173835
1847 0.176826
1848 0.188994
1849 0.136268
1850 0.159227
1851 0.171032
1852 0.204138
1853 0.150965
1854 0.1529
1855 0.195395
1856 0.149206
1857 0.185378
1858 0.161573
1859 0.15035
1860 0.155619
1861 0.15849
1862 0.161766
1863 0.161623
1864 0.173715
1865 0.164376
1866 0.14773
1867 0.184818
1868 0.174938
1869 0.184211
1870 0.193999
1871 0.195745
1872 0.229132
1873 0.193923
1874 0.148025
1875 0.205352
1876 0.174576
1877 0.156896
1878 0.173839
1879 0.203204
1880 0.167471
1881 0.176793
1882 0.177751
1883 0.165876
1884 0.176433
1885 0.186521
1886 0.163454
1887 0.166428
1888 0.207985
1889 0.143429
1890 0.153398
1891 0.18693
1892 0.148521
1893 0.165118
1894 0.174323
1895 0.178988
1896 0.192144
1897 0.162698
1898 0.154596
1899 0.202212
1900 0.149446
1901 0.168094
1902 0.161937
1903 0.169493
1904 0.150886
1905 0.173615
1906 0.177097
1907 0.170205
1908 0.151789
1909 0.162105
1910 0.156182
1911 0.155033
1912 0.161776
1913 0.148182
1914 0.178911
1915 0.161248
1916 0.164551
1917 0.188021
1918 0.15622
1919 0.187412
1920 0.187882
1921 0.169312
1922 0.168313
1923 0.181334
1924 0.164425
1925 0.169296
1926 0.192293
1927 0.176893
1928 0.176658
1929 0.19139
1930 0.170003
1931 0.187933
1932 0.158798
1933 0.146528
1934 0.173217
1935 0.157681
1936 0.165747
1937 0.179803
1938 0.184231
1939 0.184439
1940 0.188679
1941 0.193719
1942 0.169271
1943 0.18382
1944 0.167886
1945 0.142581
1946 0.17842
1947 0.168572
1948 0.16195
1949 0.177892
1950 0.150588
1951 0.182271
1952 0.191551
1953 0.152293
1954 0.166574
1955 0.17231
1956 0.15145
1957 0.187862
1958 0.178087
1959 0.170336
1960 0.175383
1961 0.15521
1962 0.179267
1963 0.168488
1964 0.178626
1965 0.17365
1966 0.178244
1967 0.194154
1968 0.192251
1969 0.171176
1970 0.187515
1971 0.16159
1972 0.175452
1973 0.160254
1974 0.144949
1975 0.157569
1976 0.173665
1977 0.170919
1978 0.19657
1979 0.140861
1980 0.185501
1981 0.19721
1982 0.172048
1983 0.178793
1984 0.221099
1985 0.190937
1986 0.200392
1987 0.173646
1988 0.181944
1989 0.173013
1990 0.158996
1991 0.166989
1992 0.158729
1993 0.164608
1994 0.161192
1995 0.148484
1996 0.180544
1997 0.167422
1998 0.163818
1999 0.18836
2000 0.199228
2001 0.145268
2002 0.16736
2003 0.142392
2004 0.168502
2005 0.174091
2006 0.159962
2007 0.202866
2008 0.208441
2009 0.190314
2010 0.173186
2011 0.185421
2012 0.162024
2013 0.178575
2014 0.154971
2015 0.169699
2016 0.161615
2017 0.149849
2018 0.192048
2019 0.193375
2020 0.207219
2021 0.16066
2022 0.182565
2023 0.181163
2024 0.145118
2025 0.181715
2026 0.163404
2027 0.171448
2028 0.181947
2029 0.180082
2030 0.153575
2031 0.165906
2032 0.203248
2033 0.157656
2034 0.195142
2035 0.191835
2036 0.157499
2037 0.174904
2038 0.172143
2039 0.176847
2040 0.193256
2041 0.175384
2042 0.195544
2043 0.196706
2044 0.193637
2045 0.188971
2046 0.196934
2047 0.173657
2048 0.185925
2049 0.157039
2050 0.184121
2051 0.148219
2052 0.145136
2053 0.151744
2054 0.151486
2055 0.153445
2056 0.140888
2057 0.192001
2058 0.196447
2059 0.199333
2060 0.217646
2061 0.216451
2062 0.185846
2063 0.197129
2064 0.213537
2065 0.207306
2066 0.198793
2067 0.193746
2068 0.169954
2069 0.203299
2070 0.191042
2071 0.180381
2072 0.155088
2073 0.176394
2074 0.159106
2075 0.148075
2076 0.192854
2077 0.179277
2078 0.18144
2079 0.17835
2080 0.184374
2081 0.173224
2082 0.181842
2083 0.18765
2084 0.210055
2085 0.185852
2086 0.167991
2087 0.187805
2088 0.183405
2089 0.162868
2090 0.164237
2091 0.149363
2092 0.18124
2093 0.143312
2094 0.138303
2095 0.148984
2096 0.144259
2097 0.17953
2098 0.20092
2099 0
