0 -32.4241
1 -9.8033
2 -9.74723
3 -8.72255
4 -6.73709
5 -5.0938
6 -4.1849
7 -3.9702
8 -3.43775
9 -3.5598
10 -3.76846
11 -4.44865
12 -3.55131
13 -3.95936
14 -4.05897
15 -3.12665
16 -5.30529
17 -3.17168
18 -3.56353
19 -3.07238
20 -4.70651
21 -3.42933
22 -2.41496
23 -4.12566
24 -4.81794
25 -0.488664
26 -3.27254
27 -4.63415
28 -0.982788
29 -0.551086
30 -1.76124
31 -0.960666
32 -0.277844
33 -0.810357
34 -0.0937608
35 -0.114805
36 -0.14245
37 0.0515821
38 0.0366081
39 0.140314
40 0.172342
41 0.130523
42 0.163426
43 0.178521
44 0.210531
45 0.202489
46 0.200625
47 0.19751
48 0.17989
49 0.168953
50 0.195261
51 0.165856
52 0.162843
53 0.187709
54 0.164412
55 0.173212
56 0.175901
57 0.159821
58 0.177188
59 0.162015
60 0.151892
61 0.15127
62 0.154059
63 0.146483
64 0.151647
65 0.171561
66 0.154021
67 0.164291
68 0.168267
69 0.174349
70 0.163981
71 0.160985
72 0.18461
73 0.177665
74 0.163011
75 0.162148
76 0.164477
77 0.15778
78 0.156963
79 0.145706
80 0.166436
81 0.172632
82 0.158521
83 0.182396
84 0.180059
85 0.188495
86 0.184731
87 0.166484
88 0.171181
89 0.14881
90 0.161768
91 0.157792
92 0.152533
93 0.15715
94 0.153292
95 0.167602
96 0.157603
97 0.149745
98 0.156535
99 0.156313
100 0.148895
101 0.140251
102 0.162925
103 0.159855
104 0.149397
105 0.151335
106 0.192953
107 0.164277
108 0.151842
109 0.15888
110 0.159202
111 0.146381
112 0.145419
113 0.149746
114 0.157265
115 0.158471
116 0.165966
117 0.172017
118 0.176293
119 0.179472
120 0.196022
121 0.167328
122 0.168685
123 0.172685
124 0.163592
125 0.177875
126 0.174831
127 0.17452
128 0.186861
129 0.181521
130 0.175987
131 0.18052
132 0.177777
133 0.166476
134 0.174662
135 0.163145
136 0.157961
137 0.187651
138 0.18206
139 0.164145
140 0.190077
141 0.210011
142 0.189832
143 0.163952
144 0.173034
145 0.165266
146 0.149831
147 0.176727
148 0.158315
149 0.16046
150 0.170566
151 0.173809
152 0.17862
153 0.167245
154 0.163725
155 0.172532
156 0.180282
157 0.167764
158 0.172751
159 0.183206
160 0.172723
161 0.166338
162 0.17086
163 0.155687
164 0.166625
165 0.161579
166 0.178601
167 0.183532
168 0.182093
169 0.18266
170 0.198454
171 0.178872
172 0.165945
173 0.174262
174 0.178457
175 0.160705
176 0.177421
177 0.161655
178 0.16787
179 0.186684
180 0.173508
181 0.175533
182 0.170171
183 0.203736
184 0.163909
185 0.165728
186 0.159948
187 0.169069
188 0.189153
189 0.162626
190 0.173646
191 0.209594
192 0.184668
193 0.180236
194 0.19488
195 0.180427
196 0.1975
197 0.158162
198 0.149505
199 0.156435
200 0.144808
201 0.160322
202 0.156835
203 0.158909
204 0.177079
205 0.193431
206 0.174737
207 0.158994
208 0.162882
209 0.164772
210 0.162701
211 0.154403
212 0.193755
213 0.195381
214 0.167748
215 0.178729
216 0.183491
217 0.165022
218 0.174623
219 0.201243
220 0.160434
221 0.190036
222 0.190773
223 0.158315
224 0.193105
225 0.183471
226 0.163818
227 0.191304
228 0.176955
229 0.161695
230 0.187748
231 0.175363
232 0.155937
233 0.180791
234 0.190888
235 0.174486
236 0.18399
237 0.194297
238 0.179834
239 0.185729
240 0.211661
241 0.171331
242 0.173436
243 0.163354
244 0.157651
245 0.165094
246 0.14752
247 0.170661
248 0.171957
249 0.151565
250 0.192322
251 0.186489
252 0.178501
253 0.177699
254 0.172182
255 0.175829
256 0.163932
257 0.168912
258 0.168078
259 0.164736
260 0.178341
261 0.188764
262 0.173979
263 0.164007
264 0.17907
265 0.174755
266 0.156605
267 0.170252
268 0.191108
269 0.164231
270 0.190824
271 0.196542
272 0.162741
273 0.171166
274 0.182099
275 0.17549
276 0.17978
277 0.182039
278 0.165063
279 0.198658
280 0.167795
281 0.158941
282 0.195715
283 0.167236
284 0.203824
285 0.176805
286 0.167225
287 0.186159
288 0.166346
289 0.188049
290 0.175418
291 0.201009
292 0.200065
293 0.18634
294 0.182955
295 0.199192
296 0.182522
297 0.176951
298 0.170464
299 0.169404
300 0.193528
301 0.173253
302 0.182771
303 0.184887
304 0.17974
305 0.167671
306 0.174558
307 0.180609
308 0.157795
309 0.177895
310 0.208873
311 0.199038
312 0.181573
313 0.160528
314 0.174242
315 0.161316
316 0.151324
317 0.166437
318 0.169892
319 0.168145
320 0.184403
321 0.18745
322 0.162407
323 0.196339
324 0.168031
325 0.174856
326 0.185851
327 0.179019
328 0.183866
329 0.178863
330 0.172342
331 0.185522
332 0.175968
333 0.164806
334 0.168321
335 0.170264
336 0.158982
337 0.160944
338 0.178517
339 0.15916
340 0.168488
341 0.172464
342 0.168078
343 0.169955
344 0.164989
345 0.163806
346 0.1634
347 0.16804
348 0.168239
349 0.153516
350 0.1685
351 0.178008
352 0.173212
353 0.201502
354 0.165504
355 0.193678
356 0.164027
357 0.160346
358 0.193885
359 0.179613
360 0.172784
361 0.187026
362 0.205181
363 0.171846
364 0.171971
365 0.18669
366 0.158451
367 0.163345
368 0.164416
369 0.15814
370 0.176616
371 0.157145
372 0.172073
373 0.168994
374 0.152156
375 0.159984
376 0.153043
377 0.151787
378 0.162191
379 0.182013
380 0.184455
381 0.188902
382 0.194705
383 0.179626
384 0.165223
385 0.170264
386 0.165137
387 0.146166
388 0.160946
389 0.167427
390 0.166855
391 0.174602
392 0.158189
393 0.169783
394 0.178928
395 0.1708
396 0.162536
397 0.157754
398 0.171531
399 0.17244
400 0.159713
401 0.16897
402 0.186584
403 0.189046
404 0.169785
405 0.181577
406 0.192215
407 0.163407
408 0.187753
409 0.194751
410 0.178096
411 0.182828
412 0.189035
413 0.204873
414 0.187291
415 0.188023
416 0.198951
417 0.18617
418 0.195425
419 0.191012
420 0.181291
421 0.181674
422 0.15847
423 0.194475
424 0.160627
425 0.143858
426 0.169243
427 0.151623
428 0.164939
429 0.16696
430 0.173403
431 0.171158
432 0.160306
433 0.175371
434 0.175064
435 0.169804
436 0.165267
437 0.205841
438 0.197586
439 0.168635
440 0.183272
441 0.192787
442 0.185968
443 0.178206
444 0.196658
445 0.204746
446 0.18976
447 0.175632
448 0.173261
449 0.173816
450 0.15455
451 0.159885
452 0.181654
453 0.17211
454 0.158401
455 0.160265
456 0.163877
457 0.151599
458 0.153289
459 0.163883
460 0.170927
461 0.173111
462 0.164675
463 0.197731
464 0.204013
465 0.17154
466 0.203418
467 0.213975
468 0.185055
469 0.195716
470 0.202533
471 0.167975
472 0.183773
473 0.174291
474 0.169004
475 0.189027
476 0.182867
477 0.206173
478 0.195153
479 0.21816
480 0.176286
481 0.184435
482 0.21055
483 0.177618
484 0.183553
485 0.176858
486 0.198472
487 0.19599
488 0.176731
489 0.170858
490 0.16501
491 0.194949
492 0.17183
493 0.153607
494 0.182238
495 0.168957
496 0.160772
497 0.173643
498 0.154402
499 0.168769
500 0.161198
501 0.161457
502 0.164445
503 0.164513
504 0.162133
505 0.188416
506 0.200795
507 0.172035
508 0.16517
509 0.183376
510 0.173268
511 0.15593
512 0.177387
513 0.156235
514 0.171801
515 0.190399
516 0.19375
517 0.200337
518 0.183497
519 0.1942
520 0.201348
521 0.178092
522 0.177819
523 0.181161
524 0.177037
525 0.164373
526 0.166734
527 0.192667
528 0.171231
529 0.173909
530 0.186337
531 0.19001
532 0.196007
533 0.194484
534 0.194645
535 0.193103
536 0.179024
537 0.188036
538 0.179944
539 0.166148
540 0.188046
541 0.192342
542 0.171684
543 0.182072
544 0.196216
545 0.190572
546 0.159775
547 0.168117
548 0.188978
549 0.172149
550 0.164921
551 0.169121
552 0.17403
553 0.177607
554 0.178213
555 0.177205
556 0.175274
557 0.166735
558 0.194679
559 0.195878
560 0.177438
561 0.181639
562 0.172504
563 0.185858
564 0.174799
565 0.164934
566 0.164795
567 0.18035
568 0.173788
569 0.16138
570 0.182104
571 0.175925
572 0.154508
573 0.169057
574 0.173896
575 0.152727
576 0.166521
577 0.170795
578 0.165925
579 0.164997
580 0.178869
581 0.186921
582 0.159149
583 0.168551
584 0.176004
585 0.17117
586 0.19286
587 0.190439
588 0.208355
589 0.19275
590 0.207561
591 0.184895
592 0.191536
593 0.166457
594 0.187511
595 0.182206
596 0.156698
597 0.192875
598 0.171379
599 0.17478
600 0.185848
601 0.166308
602 0.179748
603 0.189623
604 0.170804
605 0.183765
606 0.176449
607 0.171362
608 0.166947
609 0.171984
610 0.175223
611 0.148999
612 0.187727
613 0.159069
614 0.146601
615 0.170016
616 0.15526
617 0.154022
618 0.153709
619 0.166614
620 0.155314
621 0.147154
622 0.150564
623 0.159309
624 0.160684
625 0.158554
626 0.167731
627 0.178952
628 0.175848
629 0.161381
630 0.173051
631 0.178528
632 0.166421
633 0.163219
634 0.189587
635 0.180899
636 0.158058
637 0.165345
638 0.184739
639 0.161003
640 0.165495
641 0.177019
642 0.167907
643 0.190499
644 0.185882
645 0.178936
646 0.200861
647 0.197512
648 0.197006
649 0.169253
650 0.168308
651 0.175527
652 0.171808
653 0.174849
654 0.17381
655 0.187977
656 0.174168
657 0.185569
658 0.188542
659 0.163682
660 0.17719
661 0.166498
662 0.163978
663 0.163506
664 0.149138
665 0.157752
666 0.16735
667 0.155979
668 0.168224
669 0.188428
670 0.168949
671 0.161541
672 0.16189
673 0.155834
674 0.155679
675 0.156748
676 0.153555
677 0.186145
678 0.176086
679 0.151153
680 0.177503
681 0.196289
682 0.16977
683 0.190728
684 0.167652
685 0.160343
686 0.174089
687 0.166558
688 0.156763
689 0.158264
690 0.161624
691 0.148371
692 0.148151
693 0.158091
694 0.157335
695 0.14538
696 0.161238
697 0.164917
698 0.168897
699 0.160375
700 0.165447
701 0.180257
702 0.176249
703 0.18386
704 0.177235
705 0.182321
706 0.188217
707 0.19792
708 0.181124
709 0.177237
710 0.173293
711 0.16107
712 0.174402
713 0.15237
714 0.154078
715 0.173106
716 0.158404
717 0.177876
718 0.173045
719 0.184943
720 0.20959
721 0.197106
722 0.170743
723 0.170577
724 0.163343
725 0.163751
726 0.174826
727 0.162378
728 0.179949
729 0.204349
730 0.173077
731 0.154833
732 0.176023
733 0.162584
734 0.165573
735 0.167474
736 0.173267
737 0.183108
738 0.168429
739 0.190716
740 0.189785
741 0.171609
742 0.158728
743 0.188851
744 0.159216
745 0.150515
746 0.184043
747 0.156586
748 0.144106
749 0.16095
750 0.165373
751 0.148622
752 0.148875
753 0.174225
754 0.154614
755 0.17113
756 0.174167
757 0.150384
758 0.160928
759 0.171514
760 0.169284
761 0.164534
762 0.191601
763 0.195171
764 0.181841
765 0.165323
766 0.166708
767 0.16954
768 0.144583
769 0.159022
770 0.178757
771 0.16935
772 0.18537
773 0.169618
774 0.160426
775 0.154086
776 0.166306
777 0.154031
778 0.144861
779 0.153739
780 0.153295
781 0.151964
782 0.15532
783 0.160129
784 0.193794
785 0.189377
786 0.16337
787 0.169847
788 0.165799
789 0.163769
790 0.161633
791 0.159578
792 0.182181
793 0.171548
794 0.173958
795 0.178699
796 0.180292
797 0.166643
798 0.165789
799 0.162812
800 0.150216
801 0.150285
802 0.163372
803 0.157591
804 0.150164
805 0.158103
806 0.161776
807 0.148268
808 0.152766
809 0.159001
810 0.154627
811 0.171538
812 0.168345
813 0.183316
814 0.164254
815 0.1635
816 0.182904
817 0.166
818 0.169991
819 0.188498
820 0.168337
821 0.184895
822 0.183341
823 0.16217
824 0.168574
825 0.152987
826 0.15359
827 0.158214
828 0.149327
829 0.158639
830 0.158427
831 0.155465
832 0.174209
833 0.160229
834 0.183833
835 0.167192
836 0.146626
837 0.165528
838 0.16159
839 0.165318
840 0.154882
841 0.157371
842 0.182687
843 0.16638
844 0.15863
845 0.183521
846 0.167614
847 0.15981
848 0.179899
849 0.1732
850 0.168618
851 0.163916
852 0.151546
853 0.156916
854 0.164
855 0.154735
856 0.153374
857 0.187688
858 0.178296
859 0.182511
860 0.178259
861 0.169972
862 0.166964
863 0.164601
864 0.163184
865 0.151088
866 0.185424
867 0.173017
868 0.169785
869 0.180289
870 0.177492
871 0.185896
872 0.186085
873 0.171342
874 0.166102
875 0.169693
876 0.163834
877 0.173887
878 0.166247
879 0.159609
880 0.184604
881 0.188161
882 0.170982
883 0.179673
884 0.173768
885 0.170381
886 0.173257
887 0.157219
888 0.160495
889 0.178973
890 0.167128
891 0.165368
892 0.183703
893 0.180948
894 0.172752
895 0.180165
896 0.18006
897 0.186235
898 0.169658
899 0.176332
900 0.169919
901 0.16319
902 0.155608
903 0.146885
904 0.177638
905 0.168261
906 0.171861
907 0.180371
908 0.20431
909 0.19559
910 0.200458
911 0.187222
912 0.195294
913 0.217539
914 0.172554
915 0.202852
916 0.186617
917 0.169925
918 0.189957
919 0.166223
920 0.187556
921 0.16771
922 0.175254
923 0.159565
924 0.152057
925 0.169505
926 0.147757
927 0.163942
928 0.172406
929 0.173217
930 0.169128
931 0.177361
932 0.169655
933 0.154154
934 0.178629
935 0.163542
936 0.154197
937 0.169585
938 0.157178
939 0.165504
940 0.157017
941 0.151096
942 0.181344
943 0.155807
944 0.151257
945 0.170683
946 0.159358
947 0.155361
948 0.147237
949 0.149629
950 0.165955
951 0.164749
952 0.151989
953 0.160034
954 0.19506
955 0.162602
956 0.158156
957 0.175938
958 0.151885
959 0.175152
960 0.161351
961 0.154846
962 0.183735
963 0.183665
964 0.171036
965 0.173573
966 0.168268
967 0.17615
968 0.178748
969 0.166174
970 0.179599
971 0.208311
972 0.202218
973 0.174806
974 0.16112
975 0.163514
976 0.170253
977 0.164134
978 0.154259
979 0.177553
980 0.174804
981 0.172121
982 0.183269
983 0.165701
984 0.179559
985 0.180227
986 0.17883
987 0.179396
988 0.166304
989 0.163832
990 0.162548
991 0.171325
992 0.155864
993 0.156646
994 0.159322
995 0.160823
996 0.171691
997 0.161596
998 0.16444
999 0.164475
1000 0.189068
1001 0.177866
1002 0.16813
1003 0.186367
1004 0.171042
1005 0.196321
1006 0.174603
1007 0.17016
1008 0.186558
1009 0.167168
1010 0.172507
1011 0.176165
1012 0.161691
1013 0.176406
1014 0.170487
1015 0.153895
1016 0.189075
1017 0.172893
1018 0.185764
1019 0.183717
1020 0.175628
1021 0.170274
1022 0.174477
1023 0.164471
1024 0.153076
1025 0.160971
1026 0.15268
1027 0.152998
1028 0.155613
1029 0.1585
1030 0.158799
1031 0.161914
1032 0.153721
1033 0.167092
1034 0.151933
1035 0.15431
1036 0.148034
1037 0.169934
1038 0.167529
1039 0.164963
1040 0.177033
1041 0.184594
1042 0.185119
1043 0.165627
1044 0.183875
1045 0.173553
1046 0.157875
1047 0.167502
1048 0.17532
1049 0.167602
1050 0.162875
1051 0.17277
1052 0.175195
1053 0.174476
1054 0.191459
1055 0.177738
1056 0.171742
1057 0.199613
1058 0.20414
1059 0.174264
1060 0.181834
1061 0.179873
1062 0.157051
1063 0.175596
1064 0.167192
1065 0.156748
1066 0.186508
1067 0.16785
1068 0.156565
1069 0.175871
1070 0.167344
1071 0.158119
1072 0.193516
1073 0.173014
1074 0.195354
1075 0.180545
1076 0.164236
1077 0.188472
1078 0.172486
1079 0.182558
1080 0.16848
1081 0.169266
1082 0.195322
1083 0.170879
1084 0.167544
1085 0.184981
1086 0.186449
1087 0.179368
1088 0.160006
1089 0.187955
1090 0.186978
1091 0.159936
1092 0.167466
1093 0.170532
1094 0.187819
1095 0.16183
1096 0.156262
1097 0.177445
1098 0.168124
1099 0.16831
1100 0.18158
1101 0.169112
1102 0.162388
1103 0.200025
1104 0.172536
1105 0.15802
1106 0.180282
1107 0.184434
1108 0.175376
1109 0.180375
1110 0.197882
1111 0.170976
1112 0.180121
1113 0.185856
1114 0.165826
1115 0.162825
1116 0.152317
1117 0.175233
1118 0.170306
1119 0.154373
1120 0.150955
1121 0.156404
1122 0.163574
1123 0.150095
1124 0.151931
1125 0.193737
1126 0.172047
1127 0.186698
1128 0.193871
1129 0.182146
1130 0.208051
1131 0.184356
1132 0.187487
1133 0.177422
1134 0.176901
1135 0.176338
1136 0.156404
1137 0.188189
1138 0.165335
1139 0.180583
1140 0.199894
1141 0.174536
1142 0.193704
1143 0.205295
1144 0.179838
1145 0.17031
1146 0.201156
1147 0.177027
1148 0.182549
1149 0.16399
1150 0.173551
1151 0.199379
1152 0.16953
1153 0.193138
1154 0.185402
1155 0.175369
1156 0.205542
1157 0.172315
1158 0.164174
1159 0.181104
1160 0.181692
1161 0.164965
1162 0.16913
1163 0.187157
1164 0.185223
1165 0.173274
1166 0.158637
1167 0.185142
1168 0.166573
1169 0.156951
1170 0.163216
1171 0.158905
1172 0.174438
1173 0.168743
1174 0.169898
1175 0.182352
1176 0.201705
1177 0.187633
1178 0.17155
1179 0.175679
1180 0.162599
1181 0.165397
1182 0.159683
1183 0.153014
1184 0.171208
1185 0.167683
1186 0.166938
1187 0.164952
1188 0.161852
1189 0.183391
1190 0.166316
1191 0.16419
1192 0.203805
1193 0.171755
1194 0.157176
1195 0.190105
1196 0.16125
1197 0.158639
1198 0.190682
1199 0.177458
1200 0.187073
1201 0.209774
1202 0.184915
1203 0.1681
1204 0.181775
1205 0.169868
1206 0.15742
1207 0.15626
1208 0.168467
1209 0.172522
1210 0.154852
1211 0.168333
1212 0.172681
1213 0.147383
1214 0.164731
1215 0.155751
1216 0.155187
1217 0.164556
1218 0.157611
1219 0.1751
1220 0.167626
1221 0.182644
1222 0.191268
1223 0.188466
1224 0.176344
1225 0.169009
1226 0.161381
1227 0.168528
1228 0.163476
1229 0.158206
1230 0.172364
1231 0.161984
1232 0.166653
1233 0.176868
1234 0.150758
1235 0.169242
1236 0.192149
1237 0.17229
1238 0.20273
1239 0.20366
1240 0.213435
1241 0.180347
1242 0.175094
1243 0.199181
1244 0.155446
1245 0.159492
1246 0.155403
1247 0.165919
1248 0.169228
1249 0.149446
1250 0.168177
1251 0.164117
1252 0.156306
1253 0.162306
1254 0.155083
1255 0.18288
1256 0.187974
1257 0.188793
1258 0.188191
1259 0.163096
1260 0.164312
1261 0.171407
1262 0.161811
1263 0.143039
1264 0.179651
1265 0.177051
1266 0.165244
1267 0.191209
1268 0.179329
1269 0.172146
1270 0.165419
1271 0.168561
1272 0.167735
1273 0.160441
1274 0.180635
1275 0.164039
1276 0.180859
1277 0.205941
1278 0.174964
1279 0.185294
1280 0.200788
1281 0.178787
1282 0.183224
1283 0.165117
1284 0.177485
1285 0.162994
1286 0.160499
1287 0.176419
1288 0.168744
1289 0.17704
1290 0.173191
1291 0.190988
1292 0.166601
1293 0.17479
1294 0.159417
1295 0.162412
1296 0.175934
1297 0.170725
1298 0.172506
1299 0.181089
1300 0.18813
1301 0.167029
1302 0.192725
1303 0.16888
1304 0.159289
1305 0.198409
1306 0.174719
1307 0.166789
1308 0.178753
1309 0.159067
1310 0.149662
1311 0.143876
1312 0.156278
1313 0.14827
1314 0.144381
1315 0.177611
1316 0.169343
1317 0.160913
1318 0.164703
1319 0.185944
1320 0.164303
1321 0.153667
1322 0.169282
1323 0.155209
1324 0.155532
1325 0.153027
1326 0.15676
1327 0.172747
1328 0.166713
1329 0.163457
1330 0.169976
1331 0.169501
1332 0.164809
1333 0.149588
1334 0.174449
1335 0.165272
1336 0.167688
1337 0.15979
1338 0.153375
1339 0.169774
1340 0.163543
1341 0.151394
1342 0.164935
1343 0.188779
1344 0.166598
1345 0.171006
1346 0.203643
1347 0.175269
1348 0.157016
1349 0.191648
1350 0.171402
1351 0.166395
1352 0.172923
1353 0.158036
1354 0.178298
1355 0.174578
1356 0.178586
1357 0.189908
1358 0.173314
1359 0.188576
1360 0.180724
1361 0.156975
1362 0.168588
1363 0.154755
1364 0.156735
1365 0.155429
1366 0.157455
1367 0.159518
1368 0.159517
1369 0.196759
1370 0.164829
1371 0.174402
1372 0.194501
1373 0.18569
1374 0.18149
1375 0.187251
1376 0.181176
1377 0.167752
1378 0.177538
1379 0.175989
1380 0.151326
1381 0.171773
1382 0.178143
1383 0.164409
1384 0.172819
1385 0.205596
1386 0.189587
1387 0.168584
1388 0.206609
1389 0.182785
1390 0.184455
1391 0.206263
1392 0.185801
1393 0.201051
1394 0.172733
1395 0.184277
1396 0.195126
1397 0.162839
1398 0.18565
1399 0.185058
1400 0.174703
1401 0.1807
1402 0.17414
1403 0.152558
1404 0.183548
1405 0.187019
1406 0.151432
1407 0.176071
1408 0.197956
1409 0.174575
1410 0.169731
1411 0.171133
1412 0.187908
1413 0.168972
1414 0.176793
1415 0.172537
1416 0.165505
1417 0.180035
1418 0.165862
1419 0.152709
1420 0.167756
1421 0.175202
1422 0.148729
1423 0.162966
1424 0.189654
1425 0.16604
1426 0.169167
1427 0.169598
1428 0.163679
1429 0.174731
1430 0.156059
1431 0.155249
1432 0.162504
1433 0.16814
1434 0.154686
1435 0.168524
1436 0.184342
1437 0.145825
1438 0.177084
1439 0.179644
1440 0.161882
1441 0.166921
1442 0.162055
1443 0.173368
1444 0.174673
1445 0.157878
1446 0.160184
1447 0.19608
1448 0.18266
1449 0.180911
1450 0.196519
1451 0.216821
1452 0.185495
1453 0.190851
1454 0.190959
1455 0.171271
1456 0.180493
1457 0.160507
1458 0.181741
1459 0.161753
1460 0.15284
1461 0.195886
1462 0.166731
1463 0.177075
1464 0.183542
1465 0.195408
1466 0.196032
1467 0.180785
1468 0.197976
1469 0.179657
1470 0.18277
1471 0.189906
1472 0.152334
1473 0.166149
1474 0.199381
1475 0.170472
1476 0.158779
1477 0.194056
1478 0.190159
1479 0.182155
1480 0.206496
1481 0.19876
1482 0.199122
1483 0.198579
1484 0.195763
1485 0.18737
1486 0.192461
1487 0.178796
1488 0.159969
1489 0.186302
1490 0.180154
1491 0.141294
1492 0.162492
1493 0.164417
1494 0.167357
1495 0.156377
1496 0.155032
1497 0.174151
1498 0.168058
1499 0.173527
1500 0.171967
1501 0.173889
1502 0.163196
1503 0.171729
1504 0.174329
1505 0.175251
1506 0.165054
1507 0.165206
1508 0.16644
1509 0.174125
1510 0.169163
1511 0.159519
1512 0.166612
1513 0.183761
1514 0.178757
1515 0.185658
1516 0.186002
1517 0.184792
1518 0.201498
1519 0.176878
1520 0.174391
1521 0.176176
1522 0.159324
1523 0.148878
1524 0.154655
1525 0.152594
1526 0.142462
1527 0.151967
1528 0.168799
1529 0.156871
1530 0.168597
1531 0.184385
1532 0.16706
1533 0.186829
1534 0.196454
1535 0.181712
1536 0.194524
1537 0.171072
1538 0.16229
1539 0.157265
1540 0.165497
1541 0.171186
1542 0.155075
1543 0.162591
1544 0.165485
1545 0.156994
1546 0.155421
1547 0.153707
1548 0.170435
1549 0.171756
1550 0.176374
1551 0.172685
1552 0.167118
1553 0.174932
1554 0.179744
1555 0.170957
1556 0.160023
1557 0.195344
1558 0.199634
1559 0.184197
1560 0.16971
1561 0.170194
1562 0.17025
1563 0.167666
1564 0.172552
1565 0.169527
1566 0.179908
1567 0.191853
1568 0.184532
1569 0.160733
1570 0.185687
1571 0.170163
1572 0.148433
1573 0.164688
1574 0.160254
1575 0.162058
1576 0.169338
1577 0.164135
1578 0.154177
1579 0.178735
1580 0.181883
1581 0.169152
1582 0.162772
1583 0.157326
1584 0.189727
1585 0.183445
1586 0.150771
1587 0.165612
1588 0.167837
1589 0.164541
1590 0.157183
1591 0.165822
1592 0.180874
1593 0.172248
1594 0.196656
1595 0.187941
1596 0.190792
1597 0.196179
1598 0.177514
1599 0.175716
1600 0.152045
1601 0.181968
1602 0.170443
1603 0.154388
1604 0.171133
1605 0.171915
1606 0.174587
1607 0.186058
1608 0.188859
1609 0.193535
1610 0.199351
1611 0.201486
1612 0.194665
1613 0.180262
1614 0.183153
1615 0.196729
1616 0.176175
1617 0.174004
1618 0.209294
1619 0.189661
1620 0.161042
1621 0.160266
1622 0.160693
1623 0.149674
1624 0.161873
1625 0.161164
1626 0.171764
1627 0.176509
1628 0.197606
1629 0.186304
1630 0.181215
1631 0.192784
1632 0.1614
1633 0.184278
1634 0.191816
1635 0.163606
1636 0.165502
1637 0.197971
1638 0.174745
1639 0.17833
1640 0.186018
1641 0.191152
1642 0.18163
1643 0.166021
1644 0.16844
1645 0.180342
1646 0.16007
1647 0.161246
1648 0.176307
1649 0.153895
1650 0.15874
1651 0.161196
1652 0.155981
1653 0.168735
1654 0.172985
1655 0.15568
1656 0.161508
1657 0.159458
1658 0.144795
1659 0.140443
1660 0.145489
1661 0.142974
1662 0.144953
1663 0.15127
1664 0.147995
1665 0.154754
1666 0.170368
1667 0.165924
1668 0.16487
1669 0.173148
1670 0.15901
1671 0.17296
1672 0.172831
1673 0.162382
1674 0.180506
1675 0.185509
1676 0.19268
1677 0.161571
1678 0.19299
1679 0.181399
1680 0.160135
1681 0.169493
1682 0.181906
1683 0.167997
1684 0.173751
1685 0.180605
1686 0.171994
1687 0.171394
1688 0.159701
1689 0.172974
1690 0.172253
1691 0.158304
1692 0.178876
1693 0.176263
1694 0.169722
1695 0.194737
1696 0.182409
1697 0.177088
1698 0.163382
1699 0.17908
1700 0.190776
1701 0.158653
1702 0.162955
1703 0.172344
1704 0.164576
1705 0.17507
1706 0.168258
1707 0.179811
1708 0.167356
1709 0.173701
1710 0.183646
1711 0.170375
1712 0.162531
1713 0.163337
1714 0.19593
1715 0.152598
1716 0.167502
1717 0.201243
1718 0.162671
1719 0.172909
1720 0.170552
1721 0.180229
1722 0.171868
1723 0.160972
1724 0.18794
1725 0.187958
1726 0.169614
1727 0.168014
1728 0.182324
1729 0.174339
1730 0.146475
1731 0.157552
1732 0.202929
1733 0.17234
1734 0.179607
1735 0.170029
1736 0.177279
1737 0.176047
1738 0.158625
1739 0.156137
1740 0.167725
1741 0.172452
1742 0.174969
1743 0.173698
1744 0.196286
1745 0.179778
1746 0.166318
1747 0.185294
1748 0.160891
1749 0.153169
1750 0.176827
1751 0.177951
1752 0.167199
1753 0.179756
1754 0.1776
1755 0.177165
1756 0.192848
1757 0.175177
1758 0.181078
1759 0.171274
1760 0.189147
1761 0.177566
1762 0.163669
1763 0.157274
1764 0.171258
1765 0.172804
1766 0.169787
1767 0.185034
1768 0.181233
1769 0.173931
1770 0.190724
1771 0.17469
1772 0.148961
1773 0.186555
1774 0.186461
1775 0.17333
1776 0.190034
1777 0.176414
1778 0.207917
1779 0.214636
1780 0.179204
1781 0.210073
1782 0.194735
1783 0.174299
1784 0.195132
1785 0.166492
1786 0.163061
1787 0.167498
1788 0.166243
1789 0.181224
1790 0.166054
1791 0.161361
1792 0.187749
1793 0.174955
1794 0.164284
1795 0.17608
1796 0.160302
1797 0.157995
1798 0.153297
1799 0.168125
1800 0.164252
1801 0.164724
1802 0.157803
1803 0.174804
1804 0.174957
1805 0.156897
1806 0.172944
1807 0.175125
1808 0.152064
1809 0.184515
1810 0.170382
1811 0.157758
1812 0.186812
1813 0.16628
1814 0.180558
1815 0.186796
1816 0.176565
1817 0.182462
1818 0.174432
1819 0.182569
1820 0.182775
1821 0.169493
1822 0.170684
1823 0.168958
1824 0.192618
1825 0.159226
1826 0.178782
1827 0.181617
1828 0.172764
1829 0.17145
1830 0.174611
1831 0.171645
1832 0.151082
1833 0.152584
1834 0.163931
1835 0.154613
1836 0.144073
1837 0.175224
1838 0.172836
1839 0.16808
1840 0.196453
1841 0.175197
1842 0.182195
1843 0.181039
1844 0.165293
1845 0.181545
1846 0.171671
1847 0.183791
1848 0.193925
1849 0.167562
1850 0.16355
1851 0.180748
1852 0.176552
1853 0.158331
1854 0.154561
1855 0.187221
1856 0.160092
1857 0.172874
1858 0.174892
1859 0.159581
1860 0.168187
1861 0.173752
1862 0.165487
1863 0.15398
1864 0.175028
1865 0.166339
1866 0.162366
1867 0.188984
1868 0.188021
1869 0.185266
1870 0.186994
1871 0.188199
1872 0.201993
1873 0.180034
1874 0.157164
1875 0.188942
1876 0.182819
1877 0.161282
1878 0.181178
1879 0.19864
1880 0.173816
1881 0.173756
1882 0.188532
1883 0.174234
1884 0.158962
1885 0.172997
1886 0.167315
1887 0.178793
1888 0.179317
1889 0.145615
1890 0.159705
1891 0.191667
1892 0.165195
1893 0.17048
1894 0.179802
1895 0.18024
1896 0.189496
1897 0.172072
1898 0.166031
1899 0.187313
1900 0.151186
1901 0.156689
1902 0.174108
1903 0.163878
1904 0.165081
1905 0.164541
1906 0.166825
1907 0.17311
1908 0.161208
1909 0.156743
1910 0.157394
1911 0.169611
1912 0.162633
1913 0.148454
1914 0.170077
1915 0.166272
1916 0.178309
1917 0.162839
1918 0.162163
1919 0.1777
1920 0.185221
1921 0.156437
1922 0.158499
1923 0.179533
1924 0.171696
1925 0.165948
1926 0.18249
1927 0.182114
1928 0.180053
1929 0.185767
1930 0.164085
1931 0.184343
1932 0.167406
1933 0.153586
1934 0.175809
1935 0.160924
1936 0.168425
1937 0.183772
1938 0.183571
1939 0.190068
1940 0.182767
1941 0.195852
1942 0.171549
1943 0.1744
1944 0.168194
1945 0.152457
1946 0.179575
1947 0.162563
1948 0.154206
1949 0.166519
1950 0.16379
1951 0.165246
1952 0.176286
1953 0.159663
1954 0.161902
1955 0.183164
1956 0.157509
1957 0.172871
1958 0.163355
1959 0.175064
1960 0.177823
1961 0.164783
1962 0.175677
1963 0.177981
1964 0.183988
1965 0.176946
1966 0.175224
1967 0.178509
1968 0.182556
1969 0.168816
1970 0.175338
1971 0.170509
1972 0.170079
1973 0.174495
1974 0.155085
1975 0.165937
1976 0.166547
1977 0.164362
1978 0.185001
1979 0.174554
1980 0.186316
1981 0.20328
1982 0.173062
1983 0.18177
1984 0.202343
1985 0.185375
1986 0.199086
1987 0.181249
1988 0.170463
1989 0.174153
1990 0.163756
1991 0.167999
1992 0.159117
1993 0.176419
1994 0.165928
1995 0.152791
1996 0.171763
1997 0.175174
1998 0.152639
1999 0.175142
2000 0.185366
2001 0.156113
2002 0.174265
2003 0.160904
2004 0.158686
2005 0.17343
2006 0.165757
2007 0.187513
2008 0.210061
2009 0.193042
2010 0.174459
2011 0.178807
2012 0.169075
2013 0.16105
2014 0.156079
2015 0.165112
2016 0.168552
2017 0.164287
2018 0.181041
2019 0.184895
2020 0.204918
2021 0.174121
2022 0.17947
2023 0.174729
2024 0.153467
2025 0.183735
2026 0.166107
2027 0.152253
2028 0.170751
2029 0.17816
2030 0.161384
2031 0.168532
2032 0.19944
2033 0.165367
2034 0.184874
2035 0.190733
2036 0.169891
2037 0.182106
2038 0.168976
2039 0.170047
2040 0.189805
2041 0.18187
2042 0.180112
2043 0.190962
2044 0.188183
2045 0.200391
2046 0.192381
2047 0.183348
2048 0.170155
2049 0.165854
2050 0.187903
2051 0.161668
2052 0.149661
2053 0.150638
2054 0.156319
2055 0.152494
2056 0.159391
2057 0.184852
2058 0.188569
2059 0.19387
2060 0.208227
2061 0.210245
2062 0.181403
2063 0.186338
2064 0.209234
2065 0.195476
2066 0.183392
2067 0.177654
2068 0.179056
2069 0.190499
2070 0.173755
2071 0.161095
2072 0.157233
2073 0.172284
2074 0.161576
2075 0.158837
2076 0.176531
2077 0.173645
2078 0.183132
2079 0.189123
2080 0.179146
2081 0.174985
2082 0.172193
2083 0.184468
2084 0.190965
2085 0.175579
2086 0.181123
2087 0.190938
2088 0.173926
2089 0.159266
2090 0.175105
2091 0.154175
2092 0.145976
2093 0.152106
2094 0.149452
2095 0.151193
2096 0.150267
2097 0.17466
2098 0.195823
2099 0
