0 -1.09584
1 -0.294056
2 0.00232415
3 0.144491
4 0.191424
5 0.197774
6 0.185011
7 0.184735
8 0.177756
9 0.17618
10 0.183047
11 0.176957
12 0.182548
13 0.186622
14 0.182386
15 0.188759
16 0.172225
17 0.174628
18 0.182289
19 0.181896
20 0.170205
21 0.180072
22 0.168801
23 0.167657
24 0.171381
25 0.16504
26 0.181777
27 0.181416
28 0.175341
29 0.169292
30 0.190024
31 0.164848
32 0.183348
33 0.163797
34 0.185436
35 0.17176
36 0.177791
37 0.165693
38 0.182146
39 0.172013
40 0.172144
41 0.169569
42 0.167344
43 0.176719
44 0.171949
45 0.166595
46 0.183798
47 0.186922
48 0.174312
49 0.180858
50 0.171976
51 0.177979
52 0.17183
53 0.181362
54 0.177092
55 0.182663
56 0.18169
57 0.186897
58 0.188449
59 0.18868
60 0.190746
61 0.177491
62 0.167567
63 0.179309
64 0.167529
65 0.177128
66 0.169168
67 0.172988
68 0.17953
69 0.163328
70 0.173786
71 0.183321
72 0.1854
73 0.188935
74 0.173755
75 0.184884
76 0.179777
77 0.178269
78 0.172688
79 0.177792
80 0.174627
81 0.174546
82 0.166999
83 0.177692
84 0.161434
85 0.181511
86 0.170539
87 0.164091
88 0.173981
89 0.186892
90 0.190987
91 0.169536
92 0.1814
93 0.188753
94 0.191241
95 0.172264
96 0.162805
97 0.18214
98 0.172693
99 0.165788
100 0.16974
101 0.170802
102 0.181885
103 0.189788
104 0.165256
105 0.184928
106 0.186647
107 0.179291
108 0.181544
109 0.190294
110 0.190495
111 0.188094
112 0.174804
113 0.174131
114 0.173087
115 0.174792
116 0.162938
117 0.162476
118 0.172481
119 0.179371
120 0.175841
121 0.180349
122 0.169414
123 0.164886
124 0.178353
125 0.180582
126 0.168919
127 0.160082
128 0.178184
129 0.174675
130 0.173139
131 0.174123
132 0.188662
133 0.185419
134 0.190431
135 0.18403
136 0.177681
137 0.169304
138 0.162289
139 0.166061
140 0.168716
141 0.184484
142 0.174897
143 0.165828
144 0.174926
145 0.187138
146 0.16499
147 0.181864
148 0.181793
149 0.187745
150 0.180196
151 0.182267
152 0.182656
153 0.19075
154 0.179777
155 0.164149
156 0.186045
157 0.165816
158 0.166407
159 0.175056
160 0.17407
161 0.16082
162 0.18379
163 0.188484
164 0.173014
165 0.170302
166 0.18896
167 0.167354
168 0.174061
169 0.173738
170 0.162629
171 0.182898
172 0.17369
173 0.170168
174 0.180967
175 0.170901
176 0.174048
177 0.162661
178 0.1808
179 0.164879
180 0.174103
181 0.186478
182 0.190594
183 0.177092
184 0.166362
185 0.166346
186 0.160728
187 0.16977
188 0.173764
189 0.163719
190 0.175401
191 0.182956
192 0.181902
193 0.163055
194 0.181937
195 0.165953
196 0.174316
197 0.167337
198 0.17453
199 0.161253
200 0.177931
201 0.174604
202 0.175132
203 0.167976
204 0.173552
205 0.173024
206 0.16742
207 0.178644
208 0.185564
209 0.170746
210 0.17076
211 0.166426
212 0.175377
213 0.168743
214 0.184362
215 0.176119
216 0.173265
217 0.177932
218 0.183651
219 0.177481
220 0.176763
221 0.170673
222 0.171161
223 0.184738
224 0.165578
225 0.179524
226 0.187221
227 0.174133
228 0.176498
229 0.171727
230 0.168614
231 0.180496
232 0.177939
233 0.177659
234 0.188551
235 0.176104
236 0.183973
237 0.165269
238 0.177326
239 0.17446
240 0.164358
241 0.180251
242 0.168845
243 0.173528
244 0.168799
245 0.174615
246 0.172195
247 0.165128
248 0.170731
249 0.176496
250 0.187306
251 0.193021
252 0.176998
253 0.166687
254 0.182624
255 0.182014
256 0.187485
257 0.183129
258 0.168197
259 0.173909
260 0.186001
261 0.186028
262 0.185448
263 0.169934
264 0.180921
265 0.187869
266 0.179366
267 0.181906
268 0.18929
269 0.192921
270 0.184698
271 0.178059
272 0.165812
273 0.168288
274 0.171635
275 0.181919
276 0.180683
277 0.188863
278 0.173398
279 0.184344
280 0.173361
281 0.169703
282 0.186708
283 0.171258
284 0.164825
285 0.15999
286 0.17646
287 0.159557
288 0.182808
289 0.168967
290 0.182755
291 0.17451
292 0.186961
293 0.180069
294 0.185571
295 0.177087
296 0.179286
297 0.169441
298 0.168374
299 0.162198
300 0.180236
301 0.18894
302 0.181682
303 0.170902
304 0.1675
305 0.183776
306 0.168112
307 0.178711
308 0.189229
309 0.173419
310 0.181596
311 0.187935
312 0.181821
313 0.171462
314 0.174403
315 0.173466
316 0.173921
317 0.176636
318 0.177971
319 0.182621
320 0.184553
321 0.189568
322 0.185684
323 0.191525
324 0.188325
325 0.169298
326 0.181213
327 0.185395
328 0.179949
329 0.188022
330 0.191002
331 0.182233
332 0.184433
333 0.193222
334 0.179896
335 0.182983
336 0.168408
337 0.175137
338 0.163115
339 0.180683
340 0.164483
341 0.178654
342 0.189595
343 0.174682
344 0.183707
345 0.179754
346 0.170916
347 0.169824
348 0.159109
349 0.182524
350 0.177913
351 0.176672
352 0.174921
353 0.176078
354 0.16662
355 0.164427
356 0.179671
357 0.169387
358 0.172639
359 0.182213
360 0.166325
361 0.160386
362 0.179538
363 0.171666
364 0.185098
365 0.183237
366 0.188393
367 0.176852
368 0.182857
369 0.173987
370 0.169881
371 0.174735
372 0.166267
373 0.170852
374 0.16639
375 0.165519
376 0.161509
377 0.174654
378 0.179573
379 0.165289
380 0.178645
381 0.176972
382 0.163756
383 0.173019
384 0.162359
385 0.175581
386 0.171036
387 0.160104
388 0.175495
389 0.186381
390 0.170663
391 0.185966
392 0.189121
393 0.187257
394 0.17907
395 0.174205
396 0.168616
397 0.178024
398 0.167294
399 0.176247
400 0.16762
401 0.17994
402 0.184213
403 0.187629
404 0.188828
405 0.186309
406 0.185131
407 0.192193
408 0.17485
409 0.184543
410 0.190761
411 0.192208
412 0.188757
413 0.178435
414 0.16826
415 0.182509
416 0.183191
417 0.182225
418 0.171267
419 0.17661
420 0.180487
421 0.175937
422 0.164324
423 0.186246
424 0.176259
425 0.177382
426 0.166681
427 0.170303
428 0.166138
429 0.173182
430 0.169894
431 0.182334
432 0.18439
433 0.192771
434 0.167738
435 0.181352
436 0.170096
437 0.166771
438 0.178975
439 0.169355
440 0.185642
441 0.186916
442 0.183504
443 0.170922
444 0.164591
445 0.160935
446 0.162257
447 0.168241
448 0.184686
449 0.166444
450 0.162899
451 0.179545
452 0.172874
453 0.162897
454 0.17195
455 0.186621
456 0.171298
457 0.17219
458 0.187698
459 0.174101
460 0.176576
461 0.175668
462 0.164194
463 0.172687
464 0.183728
465 0.18842
466 0.178905
467 0.171159
468 0.187622
469 0.171008
470 0.184974
471 0.184506
472 0.170195
473 0.178755
474 0.164469
475 0.184608
476 0.169721
477 0.17028
478 0.167742
479 0.182119
480 0.176977
481 0.182604
482 0.182876
483 0.174917
484 0.170293
485 0.185505
486 0.180951
487 0.173014
488 0.177765
489 0.176666
490 0.180181
491 0.186726
492 0.192703
493 0.175545
494 0.170004
495 0.186123
496 0.184556
497 0.185969
498 0.170046
499 0.178626
500 0.165359
501 0.171851
502 0.163935
503 0.185644
504 0.169133
505 0.180455
506 0.165792
507 0.187524
508 0.169795
509 0.17522
510 0.163045
511 0.17419
512 0.162974
513 0.183572
514 0.178074
515 0.183032
516 0.187748
517 0.182847
518 0.18205
519 0.177707
520 0.174886
521 0.173952
522 0.172372
523 0.162552
524 0.179793
525 0.185439
526 0.188867
527 0.16941
528 0.175047
529 0.168591
530 0.173652
531 0.168011
532 0.160583
533 0.176688
534 0.180017
535 0.171807
536 0.178634
537 0.192405
538 0.166041
539 0.185751
540 0.164226
541 0.183882
542 0.173401
543 0.168391
544 0.184122
545 0.170407
546 0.165267
547 0.165944
548 0.169476
549 0.185554
550 0.176874
551 0.163044
552 0.170019
553 0.188678
554 0.174465
555 0.16361
556 0.173796
557 0.169157
558 0.17711
559 0.164252
560 0.182695
561 0.169655
562 0.182768
563 0.190878
564 0.178936
565 0.18625
566 0.169875
567 0.183296
568 0.179037
569 0.189429
570 0.177394
571 0.165388
572 0.179445
573 0.177175
574 0.186116
575 0.177696
576 0.187962
577 0.186566
578 0.194018
579 0.171098
580 0.170124
581 0.175701
582 0.178563
583 0.173629
584 0.184016
585 0.178028
586 0.174034
587 0.178325
588 0.181155
589 0.18713
590 0.173965
591 0.169052
592 0.17626
593 0.170502
594 0.177111
595 0.16521
596 0.174313
597 0.167612
598 0.162815
599 0.177669
600 0.175971
601 0.178112
602 0.180355
603 0.175156
604 0.17411
605 0.163761
606 0.159519
607 0.183427
608 0.166027
609 0.178594
610 0.164799
611 0.166766
612 0.173371
613 0.184186
614 0.182097
615 0.168348
616 0.164359
617 0.177765
618 0.17027
619 0.163772
620 0.161809
621 0.178597
622 0.177622
623 0.181472
624 0.167403
625 0.182594
626 0.169175
627 0.16371
628 0.175879
629 0.17567
630 0.183329
631 0.18392
632 0.17151
633 0.177304
634 0.175607
635 0.170507
636 0.163858
637 0.17516
638 0.165672
639 0.161606
640 0.162902
641 0.16088
642 0.172827
643 0.175525
644 0.170957
645 0.172124
646 0.182838
647 0.167698
648 0.171084
649 0.161663
650 0.178033
651 0.171347
652 0.182213
653 0.182825
654 0.18465
655 0.170195
656 0.187862
657 0.190189
658 0.177761
659 0.164274
660 0.170633
661 0.180016
662 0.171947
663 0.159971
664 0.170604
665 0.18396
666 0.170165
667 0.170443
668 0.18547
669 0.16652
670 0.183086
671 0.180521
672 0.166091
673 0.17601
674 0.18923
675 0.17105
676 0.174112
677 0.185579
678 0.185855
679 0.18566
680 0.169966
681 0.181631
682 0.179831
683 0.163456
684 0.174857
685 0.179386
686 0.174131
687 0.183069
688 0.190517
689 0.188708
690 0.168674
691 0.1792
692 0.181768
693 0.181296
694 0.171199
695 0.182648
696 0.182307
697 0.177469
698 0.186334
699 0.174607
700 0.18167
701 0.17472
702 0.177874
703 0.167383
704 0.166272
705 0.184892
706 0.179614
707 0.164994
708 0.173355
709 0.173558
710 0.174751
711 0.166705
712 0.177571
713 0.182343
714 0.165341
715 0.166512
716 0.162446
717 0.158219
718 0.172102
719 0.182588
720 0.17481
721 0.172382
722 0.165947
723 0.181351
724 0.175103
725 0.175227
726 0.166267
727 0.163194
728 0.17995
729 0.177498
730 0.187243
731 0.171296
732 0.178702
733 0.173526
734 0.185907
735 0.162892
736 0.180195
737 0.179448
738 0.18728
739 0.176948
740 0.168004
741 0.179964
742 0.17726
743 0.169049
744 0.167919
745 0.160235
746 0.179642
747 0.17845
748 0.185288
749 0.174203
750 0.185454
751 0.186161
752 0.188168
753 0.178541
754 0.167213
755 0.180094
756 0.186455
757 0.177188
758 0.184597
759 0.191953
760 0.189668
761 0.176961
762 0.189433
763 0.187461
764 0.184414
765 0.171478
766 0.164154
767 0.169679
768 0.179202
769 0.182059
770 0.189756
771 0.182732
772 0.171335
773 0.184788
774 0.189257
775 0.168351
776 0.163605
777 0.182851
778 0.168961
779 0.168513
780 0.184218
781 0.185846
782 0.179627
783 0.165529
784 0.182656
785 0.186418
786 0.176069
787 0.186027
788 0.17423
789 0.187548
790 0.177456
791 0.172365
792 0.173016
793 0.17572
794 0.171498
795 0.165099
796 0.166101
797 0.174937
798 0.186182
799 0.190083
800 0.168063
801 0.170951
802 0.176403
803 0.188603
804 0.175107
805 0.188983
806 0.169221
807 0.164409
808 0.180422
809 0.171834
810 0.168642
811 0.173687
812 0.181981
813 0.169413
814 0.179504
815 0.165655
816 0.158913
817 0.172744
818 0.180679
819 0.18893
820 0.170933
821 0.180167
822 0.188693
823 0.188512
824 0.168907
825 0.185207
826 0.184443
827 0.16811
828 0.178089
829 0.168339
830 0.168428
831 0.183816
832 0.175154
833 0.162091
834 0.171346
835 0.166479
836 0.158381
837 0.180443
838 0.184516
839 0.169749
840 0.180493
841 0.165679
842 0.182674
843 0.18258
844 0.186679
845 0.167297
846 0.167351
847 0.174451
848 0.174553
849 0.185122
850 0.169997
851 0.183791
852 0.172479
853 0.177444
854 0.163517
855 0.177111
856 0.18042
857 0.183124
858 0.174265
859 0.191949
860 0.168055
861 0.174038
862 0.176446
863 0.168897
864 0.18508
865 0.183468
866 0.191855
867 0.177413
868 0.170131
869 0.187265
870 0.170484
871 0.169613
872 0.166227
873 0.182616
874 0.170938
875 0.171954
876 0.170224
877 0.185384
878 0.175008
879 0.172587
880 0.177677
881 0.188813
882 0.193772
883 0.17433
884 0.18106
885 0.170874
886 0.187772
887 0.171546
888 0.16396
889 0.158709
890 0.183713
891 0.162788
892 0.178282
893 0.175597
894 0.164408
895 0.18459
896 0.188057
897 0.17751
898 0.16576
899 0.163753
900 0.158014
901 0.176303
902 0.186708
903 0.173971
904 0.182666
905 0.191871
906 0.196933
907 0.172202
908 0.167439
909 0.182133
910 0.181792
911 0.177114
912 0.189791
913 0.173923
914 0.170493
915 0.179363
916 0.174437
917 0.170391
918 0.182632
919 0.181345
920 0.183428
921 0.167045
922 0.171641
923 0.188033
924 0.174559
925 0.164749
926 0.160924
927 0.181237
928 0.173404
929 0.182289
930 0.184495
931 0.17484
932 0.184549
933 0.170655
934 0.168249
935 0.177985
936 0.178761
937 0.17665
938 0.186972
939 0.166665
940 0.171383
941 0.184538
942 0.168193
943 0.182342
944 0.181844
945 0.181444
946 0.179824
947 0.188413
948 0.189937
949 0.192278
950 0.178495
951 0.172411
952 0.17836
953 0.185745
954 0.175652
955 0.164028
956 0.185162
957 0.170666
958 0.175424
959 0.177714
960 0.186402
961 0.168554
962 0.170728
963 0.185161
964 0.164364
965 0.180345
966 0.19114
967 0.16713
968 0.177305
969 0.176417
970 0.164173
971 0.165392
972 0.172899
973 0.183113
974 0.169991
975 0.175818
976 0.190129
977 0.172087
978 0.187784
979 0.18397
980 0.176681
981 0.189084
982 0.178556
983 0.164817
984 0.164922
985 0.181739
986 0.176635
987 0.177489
988 0.184642
989 0.19153
990 0.194045
991 0.171373
992 0.163939
993 0.185827
994 0.180967
995 0.174016
996 0.171256
997 0.184634
998 0.172777
999 0.174865
1000 0.177461
1001 0.173425
1002 0.170366
1003 0.170858
1004 0.167446
1005 0.165063
1006 0.159615
1007 0.177065
1008 0.161347
1009 0.175498
1010 0.180235
1011 0.182094
1012 0.186598
1013 0.189899
1014 0.187471
1015 0.175765
1016 0.176279
1017 0.172322
1018 0.174669
1019 0.178966
1020 0.175053
1021 0.165325
1022 0.182622
1023 0.183374
1024 0.183428
1025 0.18506
1026 0.165212
1027 0.188557
1028 0.172087
1029 0.163293
1030 0.165036
1031 0.181647
1032 0.1688
1033 0.185261
1034 0.185779
1035 0.191177
1036 0.189311
1037 0.182175
1038 0.184267
1039 0.172608
1040 0.161195
1041 0.180353
1042 0.169914
1043 0.182988
1044 0.167076
1045 0.187117
1046 0.18696
1047 0.182047
1048 0.164321
1049 0.172785
1050 0.171317
1051 0.158562
1052 0.179697
1053 0.167623
1054 0.167814
1055 0.166794
1056 0.176743
1057 0.184404
1058 0.183341
1059 0.176479
1060 0.180039
1061 0.178458
1062 0.188186
1063 0.182356
1064 0.180256
1065 0.187577
1066 0.174569
1067 0.185591
1068 0.18932
1069 0.171103
1070 0.181923
1071 0.174014
1072 0.170445
1073 0.163261
1074 0.173213
1075 0.171679
1076 0.162907
1077 0.18034
1078 0.184439
1079 0.182125
1080 0.175891
1081 0.17076
1082 0.172405
1083 0.162713
1084 0.180144
1085 0.184543
1086 0.185403
1087 0.190499
1088 0.189436
1089 0.184555
1090 0.182894
1091 0.178384
1092 0.166699
1093 0.182431
1094 0.185422
1095 0.177636
1096 0.165572
1097 0.183881
1098 0.183966
1099 0.169878
1100 0.174016
1101 0.167899
1102 0.174022
1103 0.170592
1104 0.163867
1105 0.162275
1106 0.175271
1107 0.185867
1108 0.184955
1109 0.191286
1110 0.190409
1111 0.174299
1112 0.167442
1113 0.17458
1114 0.172328
1115 0.171534
1116 0.172894
1117 0.16287
1118 0.161454
1119 0.182513
1120 0.163452
1121 0.175159
1122 0.164325
1123 0.179827
1124 0.182267
1125 0.166321
1126 0.183112
1127 0.185698
1128 0.189986
1129 0.167397
1130 0.17912
1131 0.18922
1132 0.171304
1133 0.187632
1134 0.171522
1135 0.165342
1136 0.184612
1137 0.185767
1138 0.17531
1139 0.169862
1140 0.168853
1141 0.18644
1142 0.178856
1143 0.185749
1144 0.172128
1145 0.175951
1146 0.165194
1147 0.181221
1148 0.171586
1149 0.160969
1150 0.173685
1151 0.167122
1152 0.167162
1153 0.178298
1154 0.180511
1155 0.187935
1156 0.168097
1157 0.174754
1158 0.167887
1159 0.183785
1160 0.172767
1161 0.169007
1162 0.187042
1163 0.177092
1164 0.182808
1165 0.186585
1166 0.189607
1167 0.17732
1168 0.191033
1169 0.180403
1170 0.178316
1171 0.168903
1172 0.172685
1173 0.179808
1174 0.166082
1175 0.163803
1176 0.178684
1177 0.18862
1178 0.181887
1179 0.166051
1180 0.167234
1181 0.164145
1182 0.169171
1183 0.184101
1184 0.171304
1185 0.179277
1186 0.187445
1187 0.176625
1188 0.164728
1189 0.160061
1190 0.176152
1191 0.169909
1192 0.176578
1193 0.190033
1194 0.177956
1195 0.169916
1196 0.17896
1197 0.172082
1198 0.161095
1199 0.165149
1200 0.170841
1201 0.180128
1202 0.187412
1203 0.174794
1204 0.177783
1205 0.181228
1206 0.187601
1207 0.184892
1208 0.180793
1209 0.169199
1210 0.172112
1211 0.167344
1212 0.166463
1213 0.168112
1214 0.177764
1215 0.178367
1216 0.183726
1217 0.182915
1218 0.163855
1219 0.183385
1220 0.18816
1221 0.177257
1222 0.161244
1223 0.18692
1224 0.17646
1225 0.178201
1226 0.177306
1227 0.180391
1228 0.189859
1229 0.165672
1230 0.180185
1231 0.184358
1232 0.166615
1233 0.184996
1234 0.173101
1235 0.167559
1236 0.17912
1237 0.171828
1238 0.167625
1239 0.170081
1240 0.186076
1241 0.183783
1242 0.187036
1243 0.188104
1244 0.171011
1245 0.17075
1246 0.187896
1247 0.164816
1248 0.17408
1249 0.169215
1250 0.176209
1251 0.162805
1252 0.179392
1253 0.177322
1254 0.16562
1255 0.160293
1256 0.169197
1257 0.162199
1258 0.16987
1259 0.182562
1260 0.173283
1261 0.175567
1262 0.17155
1263 0.182494
1264 0.175806
1265 0.188768
1266 0.172957
1267 0.185219
1268 0.167351
1269 0.162537
1270 0.162227
1271 0.159598
1272 0.181365
1273 0.168252
1274 0.166815
1275 0.16172
1276 0.172641
1277 0.159926
1278 0.166316
1279 0.17614
1280 0.166033
1281 0.181043
1282 0.171736
1283 0.163202
1284 0.171403
1285 0.17697
1286 0.172919
1287 0.167501
1288 0.167868
1289 0.181558
1290 0.182391
1291 0.176153
1292 0.186853
1293 0.187893
1294 0.174005
1295 0.178323
1296 0.190293
1297 0.170981
1298 0.176148
1299 0.172935
1300 0.161968
1301 0.167111
1302 0.17063
1303 0.17391
1304 0.173282
1305 0.175688
1306 0.171369
1307 0.160807
1308 0.182742
1309 0.188624
1310 0.18294
1311 0.187948
1312 0.181301
1313 0.188759
1314 0.184944
1315 0.170376
1316 0.171268
1317 0.167142
1318 0.177495
1319 0.183617
1320 0.173535
1321 0.172076
1322 0.185112
1323 0.168658
1324 0.166341
1325 0.186781
1326 0.173381
1327 0.169582
1328 0.167472
1329 0.186802
1330 0.180469
1331 0.186655
1332 0.174399
1333 0.163664
1334 0.174818
1335 0.160539
1336 0.17588
1337 0.163464
1338 0.170897
1339 0.162882
1340 0.176698
1341 0.176826
1342 0.178177
1343 0.180654
1344 0.166581
1345 0.166878
1346 0.178528
1347 0.165567
1348 0.165158
1349 0.162789
1350 0.175949
1351 0.171241
1352 0.176624
1353 0.170425
1354 0.179777
1355 0.186173
1356 0.172995
1357 0.180238
1358 0.179826
1359 0.181862
1360 0.184263
1361 0.17964
1362 0.189643
1363 0.169053
1364 0.16614
1365 0.178742
1366 0.16245
1367 0.172038
1368 0.172885
1369 0.162985
1370 0.181679
1371 0.182506
1372 0.179959
1373 0.168003
1374 0.178476
1375 0.187881
1376 0.178668
1377 0.184037
1378 0.179188
1379 0.163127
1380 0.184483
1381 0.187213
1382 0.167032
1383 0.184268
1384 0.191758
1385 0.182849
1386 0.17484
1387 0.165783
1388 0.17779
1389 0.167412
1390 0.184869
1391 0.185166
1392 0.171107
1393 0.177972
1394 0.178108
1395 0.187276
1396 0.188528
1397 0.180671
1398 0.193037
1399 0.16933
1400 0.180865
1401 0.164473
1402 0.174727
1403 0.168509
1404 0.184883
1405 0.183725
1406 0.18416
1407 0.183636
1408 0.176282
1409 0.179889
1410 0.169556
1411 0.18059
1412 0.17878
1413 0.166807
1414 0.171452
1415 0.175268
1416 0.186476
1417 0.182774
1418 0.181287
1419 0.172782
1420 0.178795
1421 0.172883
1422 0.188073
1423 0.176127
1424 0.186068
1425 0.185982
1426 0.178563
1427 0.165702
1428 0.166197
1429 0.173513
1430 0.166913
1431 0.179564
1432 0.181819
1433 0.181707
1434 0.181985
1435 0.182298
1436 0.183109
1437 0.190425
1438 0.192174
1439 0.187226
1440 0.193187
1441 0.18131
1442 0.168357
1443 0.18548
1444 0.175601
1445 0.16782
1446 0.165619
1447 0.176641
1448 0.161903
1449 0.166762
1450 0.164508
1451 0.172741
1452 0.167029
1453 0.165453
1454 0.184366
1455 0.180786
1456 0.165333
1457 0.172339
1458 0.165522
1459 0.162285
1460 0.162448
1461 0.166755
1462 0.164282
1463 0.18027
1464 0.181836
1465 0.178391
1466 0.168996
1467 0.1659
1468 0.168341
1469 0.176893
1470 0.162754
1471 0.166802
1472 0.173735
1473 0.162518
1474 0.173429
1475 0.181072
1476 0.168501
1477 0.180363
1478 0.174421
1479 0.179859
1480 0.169257
1481 0.17801
1482 0.16393
1483 0.168992
1484 0.170836
1485 0.170962
1486 0.17764
1487 0.164522
1488 0.165674
1489 0.184355
1490 0.166633
1491 0.171987
1492 0.1651
1493 0.18485
1494 0.172109
1495 0.187037
1496 0.187416
1497 0.17199
1498 0.18864
1499 0.181265
1500 0.189924
1501 0.181955
1502 0.186929
1503 0.181018
1504 0.173031
1505 0.179716
1506 0.168127
1507 0.159033
1508 0.172003
1509 0.171899
1510 0.180446
1511 0.19222
1512 0.166895
1513 0.187914
1514 0.171454
1515 0.166699
1516 0.170509
1517 0.186093
1518 0.184185
1519 0.184898
1520 0.179339
1521 0.181594
1522 0.17514
1523 0.163371
1524 0.164075
1525 0.161026
1526 0.173917
1527 0.183124
1528 0.179902
1529 0.180631
1530 0.186052
1531 0.183994
1532 0.166772
1533 0.169402
1534 0.182131
1535 0.164365
1536 0.167217
1537 0.166573
1538 0.164262
1539 0.164251
1540 0.176121
1541 0.169197
1542 0.161862
1543 0.176359
1544 0.185698
1545 0.175102
1546 0.168844
1547 0.188345
1548 0.177024
1549 0.188316
1550 0.18196
1551 0.167255
1552 0.180093
1553 0.167117
1554 0.175148
1555 0.176759
1556 0.175095
1557 0.175526
1558 0.171209
1559 0.175495
1560 0.169889
1561 0.187198
1562 0.169603
1563 0.168872
1564 0.173291
1565 0.178011
1566 0.160395
1567 0.176244
1568 0.185227
1569 0.166825
1570 0.180389
1571 0.187291
1572 0.188274
1573 0.171494
1574 0.184346
1575 0.168636
1576 0.159398
1577 0.175285
1578 0.173709
1579 0.160213
1580 0.173615
1581 0.18589
1582 0.175855
1583 0.167009
1584 0.178707
1585 0.177402
1586 0.175081
1587 0.17843
1588 0.182828
1589 0.184836
1590 0.173771
1591 0.169271
1592 0.171297
1593 0.181548
1594 0.187441
1595 0.172038
1596 0.182052
1597 0.180509
1598 0.177475
1599 0.17141
1600 0.180709
1601 0.177604
1602 0.181935
1603 0.172074
1604 0.169456
1605 0.162858
1606 0.17896
1607 0.173177
1608 0.170757
1609 0.167361
1610 0.180828
1611 0.18305
1612 0.17395
1613 0.164382
1614 0.166002
1615 0.159927
1616 0.168135
1617 0.161495
1618 0.176745
1619 0.179511
1620 0.176474
1621 0.188639
1622 0.179264
1623 0.18838
1624 0.186786
1625 0.168415
1626 0.173486
1627 0.174075
1628 0.180887
1629 0.168613
1630 0.165586
1631 0.169999
1632 0.164279
1633 0.176667
1634 0.17284
1635 0.1735
1636 0.170169
1637 0.187769
1638 0.175916
1639 0.16876
1640 0.174061
1641 0.160742
1642 0.182332
1643 0.178052
1644 0.17796
1645 0.18801
1646 0.18541
1647 0.176589
1648 0.1849
1649 0.181248
1650 0.177378
1651 0.165942
1652 0.186331
1653 0.182546
1654 0.166713
1655 0.166294
1656 0.162633
1657 0.165524
1658 0.17441
1659 0.181556
1660 0.179579
1661 0.181909
1662 0.182347
1663 0.16789
1664 0.167364
1665 0.172628
1666 0.161553
1667 0.167129
1668 0.171015
1669 0.179498
1670 0.18608
1671 0.170737
1672 0.18398
1673 0.186501
1674 0.168937
1675 0.165425
1676 0.169084
1677 0.184904
1678 0.176968
1679 0.182254
1680 0.168621
1681 0.188084
1682 0.18407
1683 0.174377
1684 0.186129
1685 0.169368
1686 0.170727
1687 0.165331
1688 0.181504
1689 0.185075
1690 0.166661
1691 0.172706
1692 0.164278
1693 0.173655
1694 0.166985
1695 0.18573
1696 0.172366
1697 0.164198
1698 0.165514
1699 0.162486
1700 0.16757
1701 0.165555
1702 0.166023
1703 0.168912
1704 0.166319
1705 0.179864
1706 0.190415
1707 0.172936
1708 0.173942
1709 0.182599
1710 0.174072
1711 0.16997
1712 0.179459
1713 0.179869
1714 0.186562
1715 0.183809
1716 0.192142
1717 0.179387
1718 0.164406
1719 0.175655
1720 0.166369
1721 0.172554
1722 0.175011
1723 0.185916
1724 0.186688
1725 0.175191
1726 0.174545
1727 0.189592
1728 0.170346
1729 0.173521
1730 0.181281
1731 0.170548
1732 0.174135
1733 0.175333
1734 0.165266
1735 0.18493
1736 0.173494
1737 0.175348
1738 0.170519
1739 0.163212
1740 0.180531
1741 0.185919
1742 0.187488
1743 0.189596
1744 0.182092
1745 0.190386
1746 0.168748
1747 0.167617
1748 0.170649
1749 0.160171
1750 0.17877
1751 0.183267
1752 0.17836
1753 0.171957
1754 0.17232
1755 0.166552
1756 0.1582
1757 0.175254
1758 0.18148
1759 0.169513
1760 0.165119
1761 0.183543
1762 0.175428
1763 0.170547
1764 0.161931
1765 0.179604
1766 0.181464
1767 0.174807
1768 0.173159
1769 0.177116
1770 0.164868
1771 0.163042
1772 0.182388
1773 0.168238
1774 0.164618
1775 0.171924
1776 0.169458
1777 0.168264
1778 0.171989
1779 0.179944
1780 0.191334
1781 0.167645
1782 0.174459
1783 0.165502
1784 0.172503
1785 0.170315
1786 0.175084
1787 0.178632
1788 0.17782
1789 0.173684
1790 0.175514
1791 0.184117
1792 0.190706
1793 0.172827
1794 0.176543
1795 0.180034
1796 0.180307
1797 0.16156
1798 0.178419
1799 0.179528
1800 0.168049
1801 0.175362
1802 0.185731
1803 0.170991
1804 0.181434
1805 0.188374
1806 0.187005
1807 0.176138
1808 0.182767
1809 0.186697
1810 0.17777
1811 0.165814
1812 0.164286
1813 0.171703
1814 0.160843
1815 0.181322
1816 0.169393
1817 0.166298
1818 0.179832
1819 0.176198
1820 0.175905
1821 0.165549
1822 0.166956
1823 0.181431
1824 0.166241
1825 0.183208
1826 0.186572
1827 0.185092
1828 0.185643
1829 0.185628
1830 0.168625
1831 0.165991
1832 0.170285
1833 0.185093
1834 0.164938
1835 0.158761
1836 0.17971
1837 0.187193
1838 0.165424
1839 0.161507
1840 0.176518
1841 0.189119
1842 0.164064
1843 0.179467
1844 0.171877
1845 0.182715
1846 0.172914
1847 0.187419
1848 0.174741
1849 0.186177
1850 0.184243
1851 0.173974
1852 0.185414
1853 0.191939
1854 0.183837
1855 0.191689
1856 0.178841
1857 0.182692
1858 0.181792
1859 0.185642
1860 0.183407
1861 0.176545
1862 0.166812
1863 0.181343
1864 0.165931
1865 0.178762
1866 0.18054
1867 0.183167
1868 0.190691
1869 0.1709
1870 0.179333
1871 0.183687
1872 0.180229
1873 0.165845
1874 0.161824
1875 0.162799
1876 0.157998
1877 0.169981
1878 0.177399
1879 0.173684
1880 0.175415
1881 0.183219
1882 0.169501
1883 0.183763
1884 0.189544
1885 0.185248
1886 0.165396
1887 0.18822
1888 0.172707
1889 0.161829
1890 0.183085
1891 0.1849
1892 0.179343
1893 0.175756
1894 0.170785
1895 0.164361
1896 0.177582
1897 0.171974
1898 0.164503
1899 0.161108
1900 0.184844
1901 0.169674
1902 0.163208
1903 0.178368
1904 0.183569
1905 0.16959
1906 0.166207
1907 0.171483
1908 0.16882
1909 0.174753
1910 0.165588
1911 0.170073
1912 0.178936
1913 0.188574
1914 0.193068
1915 0.170411
1916 0.189037
1917 0.173069
1918 0.162101
1919 0.166872
1920 0.182336
1921 0.170754
1922 0.170486
1923 0.163326
1924 0.160772
1925 0.173274
1926 0.182323
1927 0.166054
1928 0.180656
1929 0.183545
1930 0.176267
1931 0.186982
1932 0.170672
1933 0.169419
1934 0.174655
1935 0.175657
1936 0.165755
1937 0.161322
1938 0.183008
1939 0.183275
1940 0.167806
1941 0.184773
1942 0.167953
1943 0.187432
1944 0.17448
1945 0.166148
1946 0.186141
1947 0.166926
1948 0.174662
1949 0.178988
1950 0.171762
1951 0.176842
1952 0.178308
1953 0.187953
1954 0.189155
1955 0.170968
1956 0.168062
1957 0.172865
1958 0.179496
1959 0.177462
1960 0.181282
1961 0.166453
1962 0.179191
1963 0.185095
1964 0.174703
1965 0.175323
1966 0.173368
1967 0.175221
1968 0.186083
1969 0.190292
1970 0.185695
1971 0.19157
1972 0.184661
1973 0.191745
1974 0.17634
1975 0.184882
1976 0.174484
1977 0.170641
1978 0.182295
1979 0.175205
1980 0.167334
1981 0.158314
1982 0.182972
1983 0.177778
1984 0.176638
1985 0.167556
1986 0.186247
1987 0.18661
1988 0.19203
1989 0.172742
1990 0.172226
1991 0.172066
1992 0.162961
1993 0.179459
1994 0.187276
1995 0.17565
1996 0.180652
1997 0.178965
1998 0.179354
1999 0.183732
2000 0.169133
2001 0.16265
2002 0.162079
2003 0.163111
2004 0.161624
2005 0.173712
2006 0.163662
2007 0.177582
2008 0.16811
2009 0.165689
2010 0.177702
2011 0.186321
2012 0.175225
2013 0.182763
2014 0.18147
2015 0.171594
2016 0.1831
2017 0.166166
2018 0.177494
2019 0.164994
2020 0.184927
2021 0.174085
2022 0.175746
2023 0.185342
2024 0.177156
2025 0.178493
2026 0.171892
2027 0.183082
2028 0.184441
2029 0.174665
2030 0.177669
2031 0.167628
2032 0.16863
2033 0.174405
2034 0.181598
2035 0.1827
2036 0.176891
2037 0.182023
2038 0.167423
2039 0.162842
2040 0.168656
2041 0.175814
2042 0.176714
2043 0.184596
2044 0.166171
2045 0.181441
2046 0.176968
2047 0.188662
2048 0.179655
2049 0.185816
2050 0.171263
2051 0.167411
2052 0.167564
2053 0.17921
2054 0.183011
2055 0.180072
2056 0.165307
2057 0.180361
2058 0.170257
2059 0.178393
2060 0.187457
2061 0.176461
2062 0.16236
2063 0.181552
2064 0.168526
2065 0.161839
2066 0.17037
2067 0.166107
2068 0.174272
2069 0.170783
2070 0.168196
2071 0.170972
2072 0.160258
2073 0.174204
2074 0.179849
2075 0.16818
2076 0.175235
2077 0.191797
2078 0.165956
2079 0.180119
2080 0.189828
2081 0.175598
2082 0.168834
2083 0.181508
2084 0.163841
2085 0.182114
2086 0.177366
2087 0.173242
2088 0.180415
2089 0.184742
2090 0.183985
2091 0.183322
2092 0.179713
2093 0.178792
2094 0.188759
2095 0.187783
2096 0.184263
2097 0.18341
2098 0.178129
2099 0
