0 9.54467
1 -21.9982
2 -7.63385
3 -2.75371
4 -0.506301
5 0.0404176
6 0.320595
7 0.219992
8 0.336028
9 0.321537
10 0.428063
11 0.521544
12 0.477251
13 0.575959
14 0.623154
15 0.477937
16 0.359829
17 0.394764
18 0.44722
19 0.417283
20 0.570309
21 0.389838
22 0.567649
23 0.575373
24 0.347221
25 0.38719
26 0.399892
27 0.311866
28 0.354834
29 0.27519
30 0.415746
31 0.309461
32 0.519756
33 0.508445
34 0.446541
35 0.406949
36 0.487307
37 0.501104
38 0.550125
39 0.536504
40 0.361778
41 0.465355
42 0.50863
43 0.333643
44 0.37301
45 0.438185
46 0.33568
47 0.490064
48 0.461807
49 0.524704
50 0.36594
51 0.268512
52 0.296043
53 0.439935
54 0.428537
55 0.508961
56 0.463332
57 0.582553
58 0.399819
59 0.552633
60 0.505096
61 0.597519
62 0.431417
63 0.479163
64 0.518316
65 0.321604
66 0.252739
67 0.437402
68 0.403078
69 0.326951
70 0.343038
71 0.463561
72 0.555757
73 0.384346
74 0.52693
75 0.4422
76 0.355985
77 0.405181
78 0.483149
79 0.382942
80 0.284042
81 0.381017
82 0.379427
83 0.504575
84 0.50732
85 0.530267
86 0.591185
87 0.553732
88 0.350823
89 0.467987
90 0.547723
91 0.361634
92 0.378199
93 0.444364
94 0.269018
95 0.418349
96 0.357596
97 0.458119
98 0.354584
99 0.481001
100 0.354516
101 0.342603
102 0.431565
103 0.337409
104 0.510176
105 0.574249
106 0.373856
107 0.390182
108 0.483876
109 0.52363
110 0.326295
111 0.326574
112 0.350894
113 0.269051
114 0.364828
115 0.480384
116 0.307311
117 0.431202
118 0.532084
119 0.470453
120 0.285969
121 0.292537
122 0.22894
123 0.205485
124 0.17269
125 0.437365
126 0.370908
127 0.397642
128 0.473444
129 0.429437
130 0.312411
131 0.445287
132 0.306829
133 0.428951
134 0.354848
135 0.234414
136 0.222694
137 0.313689
138 0.364066
139 0.472223
140 0.379206
141 0.331918
142 0.47379
143 0.457467
144 0.279582
145 0.469725
146 0.479388
147 0.406361
148 0.349233
149 0.487397
150 0.565223
151 0.456323
152 0.410018
153 0.509805
154 0.559889
155 0.466751
156 0.560215
157 0.571253
158 0.366465
159 0.34772
160 0.297889
161 0.300668
162 0.2255
163 0.279343
164 0.384397
165 0.243472
166 0.194171
167 0.439167
168 0.276913
169 0.37295
170 0.35778
171 0.462548
172 0.287221
173 0.495567
174 0.319734
175 0.217196
176 0.300162
177 0.305152
178 0.402383
179 0.347181
180 0.426817
181 0.382939
182 0.338168
183 0.364329
184 0.28905
185 0.209743
186 0.375196
187 0.277673
188 0.448795
189 0.264379
190 0.23312
191 0.437325
192 0.33756
193 0.234634
194 0.299472
195 0.283549
196 0.233512
197 0.37172
198 0.49036
199 0.5639
200 0.500062
201 0.489732
202 0.422457
203 0.276734
204 0.399571
205 0.434789
206 0.452749
207 0.401233
208 0.469976
209 0.384632
210 0.310317
211 0.333615
212 0.43196
213 0.259044
214 0.403198
215 0.239137
216 0.326953
217 0.427099
218 0.311964
219 0.51325
220 0.559486
221 0.390994
222 0.290336
223 0.494272
224 0.310709
225 0.228011
226 0.457558
227 0.458595
228 0.536441
229 0.487196
230 0.368143
231 0.259909
232 0.421964
233 0.420768
234 0.391928
235 0.360629
236 0.399631
237 0.353459
238 0.437903
239 0.401598
240 0.272194
241 0.289555
242 0.25985
243 0.425214
244 0.406884
245 0.415865
246 0.426954
247 0.255475
248 0.359557
249 0.422592
250 0.533217
251 0.538436
252 0.467774
253 0.574089
254 0.405066
255 0.441873
256 0.3589
257 0.290981
258 0.353988
259 0.270778
260 0.434443
261 0.361962
262 0.318589
263 0.333476
264 0.368006
265 0.461008
266 0.482941
267 0.56798
268 0.439949
269 0.495797
270 0.532126
271 0.468567
272 0.491154
273 0.327961
274 0.336448
275 0.308682
276 0.439272
277 0.345158
278 0.24352
279 0.203443
280 0.186032
281 0.351886
282 0.379458
283 0.483092
284 0.495106
285 0.366682
286 0.490143
287 0.566083
288 0.344112
289 0.368577
290 0.240536
291 0.43055
292 0.348283
293 0.268586
294 0.267685
295 0.252001
296 0.245067
297 0.342241
298 0.408427
299 0.335959
300 0.385819
301 0.485478
302 0.380588
303 0.471599
304 0.274431
305 0.487934
306 0.450078
307 0.488225
308 0.348516
309 0.362002
310 0.256514
311 0.287463
312 0.356582
313 0.268516
314 0.266368
315 0.332972
316 0.437959
317 0.296442
318 0.361534
319 0.457486
320 0.452515
321 0.488678
322 0.425864
323 0.331784
324 0.509719
325 0.383292
326 0.387084
327 0.270231
328 0.199588
329 0.236092
330 0.184137
331 0.430594
332 0.287255
333 0.225837
334 0.341292
335 0.236075
336 0.390343
337 0.414911
338 0.489601
339 0.563657
340 0.39492
341 0.421037
342 0.445585
343 0.45889
344 0.320424
345 0.225336
346 0.240585
347 0.350155
348 0.461006
349 0.394865
350 0.392487
351 0.294052
352 0.295771
353 0.408134
354 0.37668
355 0.463851
356 0.325046
357 0.525841
358 0.424431
359 0.500309
360 0.360701
361 0.486925
362 0.299228
363 0.293302
364 0.420484
365 0.464856
366 0.303521
367 0.224752
368 0.270905
369 0.226617
370 0.222947
371 0.361442
372 0.246886
373 0.235733
374 0.387489
375 0.447357
376 0.566152
377 0.367141
378 0.296823
379 0.296524
380 0.456748
381 0.283429
382 0.311106
383 0.393771
384 0.287577
385 0.397026
386 0.391531
387 0.438193
388 0.306387
389 0.285813
390 0.426939
391 0.301878
392 0.451821
393 0.546555
394 0.33687
395 0.227125
396 0.221912
397 0.425125
398 0.279005
399 0.211644
400 0.363525
401 0.312661
402 0.362455
403 0.366332
404 0.528288
405 0.510628
406 0.471416
407 0.417234
408 0.326649
409 0.274615
410 0.46073
411 0.319331
412 0.318061
413 0.252251
414 0.355445
415 0.315829
416 0.345692
417 0.269304
418 0.421853
419 0.443921
420 0.384635
421 0.52781
422 0.381897
423 0.546076
424 0.408616
425 0.305955
426 0.252121
427 0.352056
428 0.38698
429 0.5037
430 0.42414
431 0.493105
432 0.415695
433 0.559821
434 0.579859
435 0.438884
436 0.288629
437 0.47073
438 0.425482
439 0.457112
440 0.323031
441 0.262059
442 0.28237
443 0.31769
444 0.42415
445 0.285067
446 0.43803
447 0.425669
448 0.365797
449 0.272052
450 0.41172
451 0.493634
452 0.462169
453 0.322825
454 0.251464
455 0.457719
456 0.443196
457 0.284082
458 0.450247
459 0.355525
460 0.390984
461 0.290388
462 0.210466
463 0.391106
464 0.414264
465 0.356131
466 0.459128
467 0.268476
468 0.415283
469 0.331221
470 0.294571
471 0.320337
472 0.316307
473 0.473209
474 0.28626
475 0.418608
476 0.449033
477 0.557122
478 0.569372
479 0.402047
480 0.258274
481 0.476935
482 0.341749
483 0.352231
484 0.249506
485 0.201752
486 0.395271
487 0.260052
488 0.339148
489 0.266894
490 0.456604
491 0.445519
492 0.449152
493 0.283137
494 0.475698
495 0.358028
496 0.481706
497 0.45203
498 0.375652
499 0.501523
500 0.540986
501 0.322098
502 0.487763
503 0.297655
504 0.332005
505 0.251833
506 0.191061
507 0.433011
508 0.276445
509 0.211877
510 0.251271
511 0.358281
512 0.461066
513 0.331126
514 0.374455
515 0.418423
516 0.312831
517 0.372699
518 0.364736
519 0.435614
520 0.423157
521 0.472585
522 0.322488
523 0.445921
524 0.399476
525 0.259354
526 0.379535
527 0.370771
528 0.317267
529 0.23307
530 0.459987
531 0.378525
532 0.405621
533 0.27285
534 0.476036
535 0.537527
536 0.335988
537 0.258133
538 0.449375
539 0.403058
540 0.380785
541 0.393473
542 0.392186
543 0.247906
544 0.483359
545 0.489026
546 0.418769
547 0.437535
548 0.546911
549 0.593921
550 0.391751
551 0.294673
552 0.44313
553 0.290262
554 0.514334
555 0.485257
556 0.429627
557 0.42598
558 0.506633
559 0.428801
560 0.433739
561 0.277296
562 0.491161
563 0.394699
564 0.448636
565 0.558323
566 0.600733
567 0.589916
568 0.408548
569 0.284827
570 0.422836
571 0.528951
572 0.572209
573 0.371431
574 0.384149
575 0.276115
576 0.32615
577 0.371882
578 0.50676
579 0.523488
580 0.364177
581 0.283614
582 0.460828
583 0.542731
584 0.474146
585 0.433638
586 0.423452
587 0.553445
588 0.370823
589 0.33841
590 0.277391
591 0.359646
592 0.424937
593 0.35992
594 0.286368
595 0.327042
596 0.488739
597 0.431764
598 0.403307
599 0.374803
600 0.237177
601 0.292531
602 0.236538
603 0.223777
604 0.365165
605 0.32497
606 0.480116
607 0.407917
608 0.40702
609 0.460008
610 0.466544
611 0.439505
612 0.402012
613 0.329159
614 0.505143
615 0.32551
616 0.350988
617 0.41891
618 0.298096
619 0.3495
620 0.39465
621 0.377928
622 0.459304
623 0.334317
624 0.246402
625 0.326226
626 0.331536
627 0.321192
628 0.42435
629 0.438743
630 0.263021
631 0.405663
632 0.249623
633 0.188647
634 0.259548
635 0.29859
636 0.221235
637 0.32372
638 0.366368
639 0.406102
640 0.395549
641 0.488483
642 0.430598
643 0.374188
644 0.301859
645 0.254612
646 0.313736
647 0.423609
648 0.290257
649 0.352584
650 0.299318
651 0.408537
652 0.395205
653 0.485534
654 0.415948
655 0.514005
656 0.359802
657 0.531898
658 0.359444
659 0.532264
660 0.488523
661 0.519251
662 0.54247
663 0.351058
664 0.439106
665 0.392791
666 0.503436
667 0.319519
668 0.515453
669 0.512304
670 0.576993
671 0.502858
672 0.394805
673 0.46153
674 0.46822
675 0.380199
676 0.490025
677 0.30273
678 0.281774
679 0.23687
680 0.241927
681 0.411619
682 0.300556
683 0.346605
684 0.487408
685 0.401162
686 0.452376
687 0.332611
688 0.27516
689 0.473169
690 0.432054
691 0.414693
692 0.311743
693 0.280142
694 0.234144
695 0.289647
696 0.445947
697 0.418795
698 0.432747
699 0.381009
700 0.404661
701 0.391608
702 0.490748
703 0.280697
704 0.42815
705 0.411693
706 0.362561
707 0.347916
708 0.263873
709 0.429349
710 0.300198
711 0.517128
712 0.463781
713 0.533202
714 0.39105
715 0.284989
716 0.400297
717 0.500517
718 0.480039
719 0.329351
720 0.344103
721 0.257978
722 0.258546
723 0.293098
724 0.237974
725 0.308789
726 0.444918
727 0.520788
728 0.365421
729 0.31323
730 0.46947
731 0.491272
732 0.430727
733 0.430467
734 0.551351
735 0.525423
736 0.565441
737 0.409171
738 0.479223
739 0.5227
740 0.500792
741 0.460311
742 0.48132
743 0.446983
744 0.573446
745 0.332859
746 0.487988
747 0.424506
748 0.347393
749 0.243652
750 0.418617
751 0.331974
752 0.315535
753 0.333191
754 0.358958
755 0.295772
756 0.452184
757 0.374372
758 0.300696
759 0.296486
760 0.364649
761 0.449677
762 0.294058
763 0.267901
764 0.273539
765 0.335233
766 0.396447
767 0.479698
768 0.326447
769 0.32647
770 0.386522
771 0.272294
772 0.359296
773 0.423357
774 0.497169
775 0.508749
776 0.456801
777 0.39643
778 0.372737
779 0.306542
780 0.388967
781 0.486522
782 0.443629
783 0.483608
784 0.29606
785 0.219439
786 0.35781
787 0.385794
788 0.394217
789 0.501835
790 0.446699
791 0.580268
792 0.424672
793 0.26498
794 0.243515
795 0.259258
796 0.3662
797 0.469028
798 0.280057
799 0.323404
800 0.439716
801 0.339842
802 0.388983
803 0.376131
804 0.380409
805 0.378814
806 0.337012
807 0.254485
808 0.468196
809 0.346086
810 0.511774
811 0.555642
812 0.425271
813 0.327392
814 0.504839
815 0.508767
816 0.56615
817 0.48665
818 0.377963
819 0.339209
820 0.480596
821 0.44145
822 0.541377
823 0.373802
824 0.292008
825 0.212536
826 0.201905
827 0.228264
828 0.27207
829 0.384156
830 0.410736
831 0.437894
832 0.51318
833 0.501767
834 0.600481
835 0.513678
836 0.570919
837 0.426262
838 0.280909
839 0.277359
840 0.210844
841 0.432969
842 0.523431
843 0.571168
844 0.378648
845 0.481016
846 0.289968
847 0.430171
848 0.264733
849 0.230094
850 0.238908
851 0.347916
852 0.408332
853 0.42206
854 0.291226
855 0.455407
856 0.294548
857 0.283618
858 0.204921
859 0.333821
860 0.305539
861 0.419046
862 0.38678
863 0.506199
864 0.475995
865 0.399997
866 0.303394
867 0.226445
868 0.324281
869 0.421955
870 0.46368
871 0.581714
872 0.414606
873 0.404917
874 0.538748
875 0.516321
876 0.378224
877 0.317631
878 0.400929
879 0.286333
880 0.463662
881 0.321603
882 0.282865
883 0.403633
884 0.290251
885 0.368099
886 0.423541
887 0.405379
888 0.491161
889 0.575332
890 0.32168
891 0.499223
892 0.339285
893 0.502435
894 0.458721
895 0.474256
896 0.378714
897 0.325737
898 0.49728
899 0.541361
900 0.380167
901 0.483446
902 0.450602
903 0.369599
904 0.283326
905 0.22021
906 0.226468
907 0.209701
908 0.190263
909 0.39485
910 0.255328
911 0.441826
912 0.27013
913 0.488922
914 0.277496
915 0.243665
916 0.326919
917 0.427218
918 0.388107
919 0.26297
920 0.274313
921 0.332653
922 0.309059
923 0.234461
924 0.209145
925 0.177872
926 0.377926
927 0.459576
928 0.412063
929 0.455826
930 0.394922
931 0.488088
932 0.494611
933 0.472608
934 0.538668
935 0.325497
936 0.405405
937 0.262542
938 0.393011
939 0.488869
940 0.529214
941 0.53384
942 0.391233
943 0.539483
944 0.353628
945 0.519316
946 0.566172
947 0.446085
948 0.389455
949 0.489171
950 0.451675
951 0.448378
952 0.271414
953 0.483531
954 0.287274
955 0.319407
956 0.277941
957 0.413094
958 0.390788
959 0.392825
960 0.368221
961 0.440902
962 0.433655
963 0.406513
964 0.335926
965 0.488368
966 0.419612
967 0.31556
968 0.315427
969 0.214782
970 0.208239
971 0.421966
972 0.493352
973 0.342461
974 0.39837
975 0.322665
976 0.378417
977 0.514017
978 0.527395
979 0.428731
980 0.377159
981 0.339446
982 0.276278
983 0.297677
984 0.479838
985 0.457684
986 0.567158
987 0.548264
988 0.485623
989 0.386133
990 0.352736
991 0.517802
992 0.497478
993 0.546363
994 0.407307
995 0.28108
996 0.418917
997 0.314102
998 0.500148
999 0.457387
1000 0.364707
1001 0.281528
1002 0.440296
1003 0.489861
1004 0.590563
1005 0.52056
1006 0.415836
1007 0.280787
1008 0.419201
1009 0.391054
1010 0.537514
1011 0.586375
1012 0.426708
1013 0.482699
1014 0.28542
1015 0.305313
1016 0.329497
1017 0.261846
1018 0.299332
1019 0.366172
1020 0.472491
1021 0.435673
1022 0.260799
1023 0.309822
1024 0.395187
1025 0.52463
1026 0.54208
1027 0.460454
1028 0.284828
1029 0.409545
1030 0.363524
1031 0.424534
1032 0.47916
1033 0.546642
1034 0.544456
1035 0.540277
1036 0.346178
1037 0.533951
1038 0.503845
1039 0.432427
1040 0.400142
1041 0.537669
1042 0.303735
1043 0.486561
1044 0.332981
1045 0.237871
1046 0.216852
1047 0.202886
1048 0.225571
1049 0.406402
1050 0.438079
1051 0.282091
1052 0.228084
1053 0.24032
1054 0.327723
1055 0.296956
1056 0.41987
1057 0.415753
1058 0.315509
1059 0.373321
1060 0.331875
1061 0.345553
1062 0.286578
1063 0.364322
1064 0.396572
1065 0.539469
1066 0.486312
1067 0.358072
1068 0.425038
1069 0.394434
1070 0.286508
1071 0.406573
1072 0.452335
1073 0.415022
1074 0.380354
1075 0.308308
1076 0.258726
1077 0.423399
1078 0.255101
1079 0.397591
1080 0.255811
1081 0.225565
1082 0.215509
1083 0.427348
1084 0.260035
1085 0.45895
1086 0.386969
1087 0.435977
1088 0.492189
1089 0.516862
1090 0.306418
1091 0.460166
1092 0.283602
1093 0.449354
1094 0.412286
1095 0.353609
1096 0.452079
1097 0.429188
1098 0.33864
1099 0.287203
1100 0.229191
1101 0.224184
1102 0.188418
1103 0.176547
1104 0.300653
1105 0.462269
1106 0.481649
1107 0.339705
1108 0.336634
1109 0.321803
1110 0.429824
1111 0.536344
1112 0.525034
1113 0.299744
1114 0.515387
1115 0.530235
1116 0.525812
1117 0.395792
1118 0.529807
1119 0.49764
1120 0.437394
1121 0.55215
1122 0.409692
1123 0.521861
1124 0.552562
1125 0.578076
1126 0.631408
1127 0.420252
1128 0.569927
1129 0.464027
1130 0.508588
1131 0.35725
1132 0.480687
1133 0.453178
1134 0.301996
1135 0.225023
1136 0.181484
1137 0.336122
1138 0.210545
1139 0.380654
1140 0.404397
1141 0.510398
1142 0.434852
1143 0.389622
1144 0.412706
1145 0.445035
1146 0.549662
1147 0.436319
1148 0.578638
1149 0.354058
1150 0.263735
1151 0.406209
1152 0.511841
1153 0.541366
1154 0.607872
1155 0.537148
1156 0.613842
1157 0.640874
1158 0.4452
1159 0.406468
1160 0.253582
1161 0.299133
1162 0.229906
1163 0.187238
1164 0.300257
1165 0.230721
1166 0.317908
1167 0.41613
1168 0.523058
1169 0.437676
1170 0.455934
1171 0.298664
1172 0.254847
1173 0.436389
1174 0.465533
1175 0.476335
1176 0.379237
1177 0.500691
1178 0.577571
1179 0.526107
1180 0.497062
1181 0.390815
1182 0.412498
1183 0.372413
1184 0.264139
1185 0.355627
1186 0.336484
1187 0.495401
1188 0.456139
1189 0.580428
1190 0.514899
1191 0.48879
1192 0.501239
1193 0.439684
1194 0.350881
1195 0.464853
1196 0.558087
1197 0.355245
1198 0.455998
1199 0.35027
1200 0.442345
1201 0.43796
1202 0.39251
1203 0.36983
1204 0.266851
1205 0.192023
1206 0.372639
1207 0.324806
1208 0.458981
1209 0.433693
1210 0.329621
1211 0.325273
1212 0.461857
1213 0.555226
1214 0.307347
1215 0.387685
1216 0.403294
1217 0.362801
1218 0.237443
1219 0.22155
1220 0.282916
1221 0.33096
1222 0.408975
1223 0.357931
1224 0.250771
1225 0.194723
1226 0.340376
1227 0.241269
1228 0.282857
1229 0.273596
1230 0.334508
1231 0.453677
1232 0.422112
1233 0.49191
1234 0.454445
1235 0.286084
1236 0.390162
1237 0.308514
1238 0.279312
1239 0.392099
1240 0.399182
1241 0.365558
1242 0.306759
1243 0.346578
1244 0.487727
1245 0.544866
1246 0.476555
1247 0.45675
1248 0.491824
1249 0.442745
1250 0.575394
1251 0.47887
1252 0.523691
1253 0.371156
1254 0.483749
1255 0.365633
1256 0.473685
1257 0.356883
1258 0.397519
1259 0.374242
1260 0.248837
1261 0.277393
1262 0.42941
1263 0.270967
1264 0.334756
1265 0.335814
1266 0.461463
1267 0.4562
1268 0.350034
1269 0.315678
1270 0.308165
1271 0.241318
1272 0.434672
1273 0.370422
1274 0.325751
1275 0.49649
1276 0.278558
1277 0.430268
1278 0.507773
1279 0.492247
1280 0.421698
1281 0.52379
1282 0.513817
1283 0.44721
1284 0.347698
1285 0.342582
1286 0.30329
1287 0.308943
1288 0.452099
1289 0.426155
1290 0.325948
1291 0.315139
1292 0.41656
1293 0.301167
1294 0.440845
1295 0.31524
1296 0.479011
1297 0.358327
1298 0.505217
1299 0.526447
1300 0.409977
1301 0.51043
1302 0.367025
1303 0.337272
1304 0.268866
1305 0.310597
1306 0.369292
1307 0.330493
1308 0.500011
1309 0.394334
1310 0.324319
1311 0.225958
1312 0.326197
1313 0.265739
1314 0.235064
1315 0.288958
1316 0.471592
1317 0.449338
1318 0.344479
1319 0.302702
1320 0.276138
1321 0.457038
1322 0.487278
1323 0.518779
1324 0.395597
1325 0.264496
1326 0.28034
1327 0.323776
1328 0.378128
1329 0.489437
1330 0.465103
1331 0.521579
1332 0.574716
1333 0.459482
1334 0.4681
1335 0.567283
1336 0.611639
1337 0.338702
1338 0.33431
1339 0.317348
1340 0.413632
1341 0.529995
1342 0.428368
1343 0.338598
1344 0.415123
1345 0.353192
1346 0.393258
1347 0.332262
1348 0.37699
1349 0.449814
1350 0.305281
1351 0.413383
1352 0.338173
1353 0.385018
1354 0.524029
1355 0.437083
1356 0.545331
1357 0.550698
1358 0.49684
1359 0.429214
1360 0.370463
1361 0.418784
1362 0.46237
1363 0.372755
1364 0.418168
1365 0.297726
1366 0.370204
1367 0.339082
1368 0.254194
1369 0.460835
1370 0.285945
1371 0.474836
1372 0.385097
1373 0.530866
1374 0.429657
1375 0.472827
1376 0.336694
1377 0.244505
1378 0.21335
1379 0.333745
1380 0.35881
1381 0.34403
1382 0.449438
1383 0.276731
1384 0.236816
1385 0.376504
1386 0.490779
1387 0.39249
1388 0.464704
1389 0.278587
1390 0.359969
1391 0.333161
1392 0.501329
1393 0.513749
1394 0.391642
1395 0.308134
1396 0.32152
1397 0.413031
1398 0.415391
1399 0.452432
1400 0.275265
1401 0.425591
1402 0.253316
1403 0.24768
1404 0.221902
1405 0.280472
1406 0.197769
1407 0.288944
1408 0.423963
1409 0.504912
1410 0.454119
1411 0.515515
1412 0.348978
1413 0.517759
1414 0.348959
1415 0.529006
1416 0.550225
1417 0.475534
1418 0.54188
1419 0.368949
1420 0.32376
1421 0.479495
1422 0.481895
1423 0.347943
1424 0.244447
1425 0.284567
1426 0.455375
1427 0.411971
1428 0.382452
1429 0.506414
1430 0.358199
1431 0.307503
1432 0.245549
1433 0.34857
1434 0.428271
1435 0.452352
1436 0.548865
1437 0.489641
1438 0.440842
1439 0.320569
1440 0.3546
1441 0.342816
1442 0.44395
1443 0.461859
1444 0.333006
1445 0.266924
1446 0.466167
1447 0.493136
1448 0.392477
1449 0.362457
1450 0.308691
1451 0.458382
1452 0.518304
1453 0.491969
1454 0.445858
1455 0.284238
1456 0.268932
1457 0.312842
1458 0.283315
1459 0.352918
1460 0.421268
1461 0.463497
1462 0.468555
1463 0.50578
1464 0.462661
1465 0.426858
1466 0.270454
1467 0.439064
1468 0.502281
1469 0.369955
1470 0.309859
1471 0.373001
1472 0.294516
1473 0.451403
1474 0.278577
1475 0.28771
1476 0.297209
1477 0.377443
1478 0.499974
1479 0.549135
1480 0.321333
1481 0.450336
1482 0.313472
1483 0.338676
1484 0.428445
1485 0.31009
1486 0.430725
1487 0.291116
1488 0.481095
1489 0.30265
1490 0.221911
1491 0.321458
1492 0.315882
1493 0.25008
1494 0.322453
1495 0.282619
1496 0.439091
1497 0.540329
1498 0.325818
1499 0.274564
1500 0.2388
1501 0.445814
1502 0.377979
1503 0.303756
1504 0.377493
1505 0.446722
1506 0.407966
1507 0.503055
1508 0.570101
1509 0.370668
1510 0.522593
1511 0.507569
1512 0.507374
1513 0.52502
1514 0.527487
1515 0.437668
1516 0.381818
1517 0.480337
1518 0.513787
1519 0.363587
1520 0.24773
1521 0.380225
1522 0.254505
1523 0.284764
1524 0.453495
1525 0.264621
1526 0.401027
1527 0.458806
1528 0.351779
1529 0.363175
1530 0.376535
1531 0.366088
1532 0.271815
1533 0.338464
1534 0.383439
1535 0.3379
1536 0.347159
1537 0.504854
1538 0.504994
1539 0.37782
1540 0.438042
1541 0.484142
1542 0.32673
1543 0.381014
1544 0.459937
1545 0.300121
1546 0.344558
1547 0.450615
1548 0.317987
1549 0.346123
1550 0.407027
1551 0.369757
1552 0.259578
1553 0.235647
1554 0.415508
1555 0.335701
1556 0.306075
1557 0.283558
1558 0.321065
1559 0.435766
1560 0.38214
1561 0.299445
1562 0.20611
1563 0.321462
1564 0.28663
1565 0.302283
1566 0.426995
1567 0.484722
1568 0.350794
1569 0.310601
1570 0.481463
1571 0.287616
1572 0.401075
1573 0.482623
1574 0.501343
1575 0.478165
1576 0.451768
1577 0.480404
1578 0.439131
1579 0.517658
1580 0.474082
1581 0.343486
1582 0.426371
1583 0.368051
1584 0.476923
1585 0.383396
1586 0.536893
1587 0.407726
1588 0.427171
1589 0.435933
1590 0.470755
1591 0.365218
1592 0.331876
1593 0.436314
1594 0.365858
1595 0.484493
1596 0.352796
1597 0.515647
1598 0.347619
1599 0.275809
1600 0.40158
1601 0.237664
1602 0.47063
1603 0.285584
1604 0.299161
1605 0.219841
1606 0.219189
1607 0.25909
1608 0.283436
1609 0.346565
1610 0.253202
1611 0.237201
1612 0.437459
1613 0.397476
1614 0.376402
1615 0.505976
1616 0.40321
1617 0.413379
1618 0.2847
1619 0.361778
1620 0.285284
1621 0.199056
1622 0.277001
1623 0.258497
1624 0.408865
1625 0.380814
1626 0.433745
1627 0.541801
1628 0.312872
1629 0.380452
1630 0.471749
1631 0.554527
1632 0.525815
1633 0.564272
1634 0.38393
1635 0.278289
1636 0.225824
1637 0.21619
1638 0.2448
1639 0.350621
1640 0.3458
1641 0.380094
1642 0.511909
1643 0.572242
1644 0.515634
1645 0.381768
1646 0.40777
1647 0.438095
1648 0.346047
1649 0.283177
1650 0.409515
1651 0.483448
1652 0.441043
1653 0.571392
1654 0.605189
1655 0.408451
1656 0.514759
1657 0.545136
1658 0.566449
1659 0.580165
1660 0.412936
1661 0.457095
1662 0.319564
1663 0.51735
1664 0.440257
1665 0.398404
1666 0.321089
1667 0.436738
1668 0.480388
1669 0.428395
1670 0.49678
1671 0.403648
1672 0.502161
1673 0.410087
1674 0.479092
1675 0.560746
1676 0.432722
1677 0.279061
1678 0.251491
1679 0.436485
1680 0.444778
1681 0.27444
1682 0.255501
1683 0.251037
1684 0.429024
1685 0.498341
1686 0.48045
1687 0.526609
1688 0.465477
1689 0.487888
1690 0.510047
1691 0.390801
1692 0.445125
1693 0.505033
1694 0.441529
1695 0.561895
1696 0.55448
1697 0.375004
1698 0.48117
1699 0.463956
1700 0.333928
1701 0.415824
1702 0.488054
1703 0.488338
1704 0.459685
1705 0.285845
1706 0.213216
1707 0.440803
1708 0.357897
1709 0.510719
1710 0.531252
1711 0.331481
1712 0.399348
1713 0.464102
1714 0.417282
1715 0.462242
1716 0.521782
1717 0.559622
1718 0.341207
1719 0.524429
1720 0.372258
1721 0.261108
1722 0.236129
1723 0.387665
1724 0.479758
1725 0.489224
1726 0.413105
1727 0.515244
1728 0.484226
1729 0.417107
1730 0.440728
1731 0.530558
1732 0.397564
1733 0.402459
1734 0.355786
1735 0.512767
1736 0.527239
1737 0.459135
1738 0.563377
1739 0.473996
1740 0.336449
1741 0.243785
1742 0.344547
1743 0.356657
1744 0.229375
1745 0.432996
1746 0.34026
1747 0.521232
1748 0.485963
1749 0.3778
1750 0.372946
1751 0.35136
1752 0.331547
1753 0.482717
1754 0.525319
1755 0.560284
1756 0.395462
1757 0.259274
1758 0.456639
1759 0.365724
1760 0.31612
1761 0.39081
1762 0.292195
1763 0.239728
1764 0.339446
1765 0.266387
1766 0.219269
1767 0.418605
1768 0.335084
1769 0.504096
1770 0.344291
1771 0.465911
1772 0.286349
1773 0.358791
1774 0.244749
1775 0.217905
1776 0.337008
1777 0.370815
1778 0.240612
1779 0.321541
1780 0.456497
1781 0.42968
1782 0.327017
1783 0.42386
1784 0.42126
1785 0.401745
1786 0.504035
1787 0.551392
1788 0.584207
1789 0.503794
1790 0.345079
1791 0.439882
1792 0.361275
1793 0.285228
1794 0.387701
1795 0.332056
1796 0.284915
1797 0.39586
1798 0.37003
1799 0.439317
1800 0.387132
1801 0.348319
1802 0.401743
1803 0.244521
1804 0.266431
1805 0.222432
1806 0.342794
1807 0.309171
1808 0.346038
1809 0.497618
1810 0.437101
1811 0.439577
1812 0.353835
1813 0.397775
1814 0.493077
1815 0.538556
1816 0.395915
1817 0.518249
1818 0.582061
1819 0.506908
1820 0.469221
1821 0.451701
1822 0.383438
1823 0.319216
1824 0.30686
1825 0.411791
1826 0.498298
1827 0.57665
1828 0.428267
1829 0.307359
1830 0.4647
1831 0.454256
1832 0.288769
1833 0.473958
1834 0.438633
1835 0.297545
1836 0.236008
1837 0.282288
1838 0.355411
1839 0.431358
1840 0.291724
1841 0.280123
1842 0.199158
1843 0.220493
1844 0.341399
1845 0.229395
1846 0.328779
1847 0.252686
1848 0.277773
1849 0.352434
1850 0.404657
1851 0.244816
1852 0.353099
1853 0.458655
1854 0.563319
1855 0.420319
1856 0.410655
1857 0.369284
1858 0.407301
1859 0.519691
1860 0.461441
1861 0.517555
1862 0.574953
1863 0.390412
1864 0.251146
1865 0.366542
1866 0.255794
1867 0.398237
1868 0.482549
1869 0.366392
1870 0.330867
1871 0.310303
1872 0.333132
1873 0.302264
1874 0.255443
1875 0.358715
1876 0.270069
1877 0.24819
1878 0.212544
1879 0.171409
1880 0.154465
1881 0.338995
1882 0.444724
1883 0.305168
1884 0.484112
1885 0.351916
1886 0.397844
1887 0.403936
1888 0.373582
1889 0.506743
1890 0.419301
1891 0.449916
1892 0.453999
1893 0.448685
1894 0.366908
1895 0.398698
1896 0.514086
1897 0.366409
1898 0.541506
1899 0.367538
1900 0.413325
1901 0.376839
1902 0.501928
1903 0.43689
1904 0.420446
1905 0.39351
1906 0.373638
1907 0.532449
1908 0.552805
1909 0.413881
1910 0.279573
1911 0.449213
1912 0.325165
1913 0.305438
1914 0.355276
1915 0.395124
1916 0.470501
1917 0.292577
1918 0.31717
1919 0.223754
1920 0.347817
1921 0.296985
1922 0.457064
1923 0.436984
1924 0.556069
1925 0.485805
1926 0.508088
1927 0.388998
1928 0.323503
1929 0.459859
1930 0.545178
1931 0.435871
1932 0.560474
1933 0.509788
1934 0.392388
1935 0.555328
1936 0.362905
1937 0.41473
1938 0.477228
1939 0.423476
1940 0.560241
1941 0.423414
1942 0.270312
1943 0.433997
1944 0.471983
1945 0.45729
1946 0.477251
1947 0.280315
1948 0.331684
1949 0.250824
1950 0.268456
1951 0.289322
1952 0.310351
1953 0.481613
1954 0.27865
1955 0.34784
1956 0.322887
1957 0.330561
1958 0.483232
1959 0.341523
1960 0.353558
1961 0.267046
1962 0.41463
1963 0.476959
1964 0.337698
1965 0.534737
1966 0.357922
1967 0.30936
1968 0.218381
1969 0.229398
1970 0.347511
1971 0.468877
1972 0.500344
1973 0.583717
1974 0.460713
1975 0.591348
1976 0.605206
1977 0.550935
1978 0.601446
1979 0.327764
1980 0.530439
1981 0.400337
1982 0.508673
1983 0.368867
1984 0.257845
1985 0.277897
1986 0.270191
1987 0.354419
1988 0.23593
1989 0.444101
1990 0.507689
1991 0.357179
1992 0.466881
1993 0.305956
1994 0.429575
1995 0.300313
1996 0.376707
1997 0.395546
1998 0.538765
1999 0.351098
2000 0.471029
2001 0.49623
2002 0.572747
2003 0.367886
2004 0.549357
2005 0.474815
2006 0.52506
2007 0.332227
2008 0.288768
2009 0.308145
2010 0.394822
2011 0.437266
2012 0.461029
2013 0.324672
2014 0.243433
2015 0.414555
2016 0.43328
2017 0.521907
2018 0.451089
2019 0.290805
2020 0.317353
2021 0.209877
2022 0.282232
2023 0.31011
2024 0.298208
2025 0.488505
2026 0.556853
2027 0.463544
2028 0.536725
2029 0.541319
2030 0.303406
2031 0.276012
2032 0.36375
2033 0.475404
2034 0.575389
2035 0.347159
2036 0.368132
2037 0.372739
2038 0.276573
2039 0.243676
2040 0.204474
2041 0.399512
2042 0.28841
2043 0.211146
2044 0.427553
2045 0.396876
2046 0.360486
2047 0.487037
2048 0.465182
2049 0.276312
2050 0.348054
2051 0.496929
2052 0.536205
2053 0.35271
2054 0.359418
2055 0.323281
2056 0.252571
2057 0.388072
2058 0.471645
2059 0.35319
2060 0.533884
2061 0.365214
2062 0.436827
2063 0.46802
2064 0.542665
2065 0.356404
2066 0.353323
2067 0.40921
2068 0.490257
2069 0.40786
2070 0.32303
2071 0.222986
2072 0.290036
2073 0.19677
2074 0.161125
2075 0.163501
2076 0.149454
2077 0.182307
2078 0.32273
2079 0.448044
2080 0.330518
2081 0.31775
2082 0.225768
2083 0.360681
2084 0.467234
2085 0.432734
2086 0.402383
2087 0.487791
2088 0.41811
2089 0.359239
2090 0.373181
2091 0.262992
2092 0.203218
2093 0.402345
2094 0.335775
2095 0.280756
2096 0.445482
2097 0.497383
2098 0.441646
2099 0
