0 1.33538
1 2.67522
2 4.02486
3 4.24737
4 3.77876
5 3.20802
6 2.49562
7 1.864
8 1.28609
9 1.12238
10 0.411878
11 0.0344225
12 1.3541
13 1.99016
14 1.99217
15 0.706247
16 0.325265
17 0.240865
18 0.210611
19 0.197127
20 0.197941
21 0.19648
22 0.195558
23 0.19341
24 0.19175
25 0.191322
26 0.194464
27 0.194633
28 0.193078
29 0.192336
30 0.196553
31 0.19405
32 0.195665
33 0.191938
34 0.196242
35 0.193297
36 0.193686
37 0.192114
38 0.194565
39 0.192389
40 0.192211
41 0.191503
42 0.191309
43 0.193312
44 0.192512
45 0.191236
46 0.195162
47 0.195162
48 0.19355
49 0.193843
50 0.193123
51 0.193721
52 0.192571
53 0.19406
54 0.194277
55 0.194914
56 0.194421
57 0.196418
58 0.19621
59 0.196801
60 0.196758
61 0.194128
62 0.192939
63 0.194121
64 0.19198
65 0.193525
66 0.192395
67 0.192653
68 0.193307
69 0.191858
70 0.193094
71 0.194818
72 0.195774
73 0.196476
74 0.194385
75 0.195757
76 0.194919
77 0.193722
78 0.193086
79 0.193826
80 0.193681
81 0.193218
82 0.19246
83 0.192991
84 0.191913
85 0.194416
86 0.192444
87 0.191518
88 0.192429
89 0.195346
90 0.196461
91 0.194889
92 0.194683
93 0.19653
94 0.196036
95 0.194151
96 0.19211
97 0.194373
98 0.192968
99 0.19183
100 0.191758
101 0.192096
102 0.194446
103 0.194859
104 0.193794
105 0.196514
106 0.195668
107 0.194217
108 0.194796
109 0.197017
110 0.197121
111 0.195869
112 0.194097
113 0.193757
114 0.192611
115 0.192493
116 0.191659
117 0.190834
118 0.192126
119 0.193478
120 0.193022
121 0.193721
122 0.192347
123 0.19146
124 0.193082
125 0.193433
126 0.191902
127 0.190455
128 0.19307
129 0.193055
130 0.192904
131 0.192904
132 0.196225
133 0.195519
134 0.196752
135 0.195607
136 0.193853
137 0.192401
138 0.191908
139 0.191208
140 0.192373
141 0.195443
142 0.192874
143 0.191747
144 0.193013
145 0.194522
146 0.193028
147 0.195612
148 0.195779
149 0.196622
150 0.195046
151 0.195285
152 0.19576
153 0.196874
154 0.194849
155 0.193035
156 0.1948
157 0.192486
158 0.19175
159 0.193151
160 0.192318
161 0.190203
162 0.195065
163 0.195185
164 0.193278
165 0.192076
166 0.19569
167 0.193217
168 0.192852
169 0.19248
170 0.191466
171 0.195234
172 0.193165
173 0.192997
174 0.193743
175 0.192266
176 0.192665
177 0.191689
178 0.194629
179 0.192479
180 0.193283
181 0.195761
182 0.196671
183 0.194263
184 0.193137
185 0.191027
186 0.19127
187 0.192106
188 0.192045
189 0.192352
190 0.192795
191 0.194241
192 0.193118
193 0.192984
194 0.194519
195 0.192647
196 0.192513
197 0.192324
198 0.192176
199 0.192133
200 0.193372
201 0.193633
202 0.193127
203 0.191718
204 0.192652
205 0.191995
206 0.192077
207 0.193985
208 0.195371
209 0.193043
210 0.192949
211 0.191694
212 0.192785
213 0.192273
214 0.195141
215 0.193582
216 0.192738
217 0.193606
218 0.194604
219 0.193732
220 0.19326
221 0.192276
222 0.192328
223 0.194605
224 0.19265
225 0.19456
226 0.195941
227 0.194295
228 0.193988
229 0.192533
230 0.192257
231 0.194385
232 0.193818
233 0.194308
234 0.196063
235 0.193952
236 0.193945
237 0.192287
238 0.193265
239 0.192847
240 0.19236
241 0.19406
242 0.192349
243 0.192318
244 0.192333
245 0.192453
246 0.192173
247 0.191384
248 0.191919
249 0.192973
250 0.196012
251 0.197918
252 0.195127
253 0.19335
254 0.195046
255 0.195513
256 0.196829
257 0.194708
258 0.192989
259 0.19336
260 0.19577
261 0.195735
262 0.195525
263 0.193023
264 0.194834
265 0.195938
266 0.194173
267 0.194874
268 0.197054
269 0.197653
270 0.19573
271 0.194007
272 0.192667
273 0.192076
274 0.19203
275 0.194936
276 0.194244
277 0.195938
278 0.193553
279 0.194987
280 0.193284
281 0.193011
282 0.195691
283 0.193671
284 0.19186
285 0.191418
286 0.192582
287 0.192492
288 0.19567
289 0.193195
290 0.1945
291 0.193675
292 0.195639
293 0.19469
294 0.195089
295 0.194257
296 0.193805
297 0.192735
298 0.191833
299 0.191146
300 0.194492
301 0.196007
302 0.194654
303 0.192832
304 0.192363
305 0.194501
306 0.192917
307 0.194088
308 0.196017
309 0.19361
310 0.195207
311 0.196149
312 0.194941
313 0.193174
314 0.19295
315 0.192454
316 0.192563
317 0.193451
318 0.193946
319 0.194498
320 0.19553
321 0.196501
322 0.196166
323 0.197247
324 0.196307
325 0.194176
326 0.194872
327 0.195587
328 0.194667
329 0.19707
330 0.196894
331 0.195324
332 0.195641
333 0.197477
334 0.195379
335 0.195118
336 0.193014
337 0.192592
338 0.191654
339 0.194206
340 0.192105
341 0.19407
342 0.196583
343 0.194126
344 0.195163
345 0.193905
346 0.192407
347 0.191841
348 0.190945
349 0.19509
350 0.194039
351 0.193963
352 0.193452
353 0.193
354 0.191448
355 0.191319
356 0.193713
357 0.192375
358 0.192374
359 0.193579
360 0.192459
361 0.191757
362 0.193706
363 0.192876
364 0.195858
365 0.195354
366 0.195681
367 0.194415
368 0.194876
369 0.192945
370 0.192353
371 0.192436
372 0.191411
373 0.191971
374 0.191572
375 0.191094
376 0.190668
377 0.192574
378 0.193011
379 0.191849
380 0.193835
381 0.193159
382 0.192121
383 0.192344
384 0.191247
385 0.192399
386 0.191984
387 0.19159
388 0.193387
389 0.195302
390 0.193573
391 0.196166
392 0.196714
393 0.196237
394 0.194951
395 0.193501
396 0.192596
397 0.193052
398 0.192065
399 0.193089
400 0.191896
401 0.193942
402 0.195116
403 0.196812
404 0.196463
405 0.196064
406 0.195909
407 0.197148
408 0.194761
409 0.195937
410 0.197534
411 0.198259
412 0.196973
413 0.194712
414 0.193519
415 0.195403
416 0.195151
417 0.195286
418 0.193209
419 0.193343
420 0.194079
421 0.193234
422 0.192793
423 0.196034
424 0.194387
425 0.193865
426 0.192505
427 0.191863
428 0.19186
429 0.192417
430 0.19241
431 0.194349
432 0.195055
433 0.196313
434 0.193815
435 0.194581
436 0.192462
437 0.192028
438 0.193204
439 0.191947
440 0.196217
441 0.195792
442 0.194736
443 0.193322
444 0.191443
445 0.190902
446 0.190675
447 0.191351
448 0.194269
449 0.192292
450 0.192004
451 0.192917
452 0.192142
453 0.192047
454 0.192917
455 0.19531
456 0.192959
457 0.192809
458 0.195833
459 0.193688
460 0.19384
461 0.19324
462 0.192024
463 0.192973
464 0.195244
465 0.196583
466 0.194464
467 0.193488
468 0.195738
469 0.193917
470 0.19616
471 0.195234
472 0.193443
473 0.194158
474 0.191808
475 0.19573
476 0.192672
477 0.192439
478 0.191892
479 0.194074
480 0.193393
481 0.194544
482 0.194516
483 0.193159
484 0.192864
485 0.195647
486 0.194814
487 0.193065
488 0.193866
489 0.193518
490 0.194311
491 0.19657
492 0.197166
493 0.194582
494 0.193364
495 0.196287
496 0.195751
497 0.195826
498 0.193792
499 0.193449
500 0.192076
501 0.191944
502 0.192074
503 0.195732
504 0.193167
505 0.193903
506 0.192404
507 0.195897
508 0.193488
509 0.193203
510 0.191504
511 0.192312
512 0.192023
513 0.195148
514 0.194006
515 0.195243
516 0.196098
517 0.194942
518 0.194896
519 0.19371
520 0.193256
521 0.192991
522 0.192447
523 0.191693
524 0.194764
525 0.195749
526 0.195873
527 0.192847
528 0.192924
529 0.191789
530 0.19183
531 0.191485
532 0.190539
533 0.193273
534 0.193475
535 0.192854
536 0.193735
537 0.196672
538 0.193167
539 0.196376
540 0.1939
541 0.195355
542 0.193481
543 0.192682
544 0.194515
545 0.192923
546 0.191398
547 0.191446
548 0.19164
549 0.195396
550 0.193757
551 0.192641
552 0.192772
553 0.19602
554 0.193872
555 0.19216
556 0.192472
557 0.192167
558 0.192899
559 0.191909
560 0.194771
561 0.192995
562 0.195398
563 0.197461
564 0.194759
565 0.195364
566 0.193487
567 0.195249
568 0.194049
569 0.197076
570 0.194358
571 0.192474
572 0.194433
573 0.193231
574 0.195907
575 0.194648
576 0.196452
577 0.196136
578 0.19783
579 0.194282
580 0.193372
581 0.193363
582 0.193716
583 0.193343
584 0.195076
585 0.193213
586 0.193152
587 0.193862
588 0.194437
589 0.195514
590 0.193658
591 0.19263
592 0.19308
593 0.192632
594 0.193219
595 0.191821
596 0.193008
597 0.192002
598 0.191568
599 0.193536
600 0.192898
601 0.193465
602 0.194115
603 0.193095
604 0.19259
605 0.19166
606 0.191259
607 0.19429
608 0.192794
609 0.193404
610 0.192464
611 0.192038
612 0.192769
613 0.194867
614 0.194041
615 0.192739
616 0.191758
617 0.193147
618 0.192297
619 0.191345
620 0.190867
621 0.193523
622 0.193372
623 0.194159
624 0.192443
625 0.194234
626 0.192394
627 0.192204
628 0.193656
629 0.193308
630 0.195438
631 0.1949
632 0.193413
633 0.194024
634 0.193426
635 0.19238
636 0.192083
637 0.192193
638 0.191334
639 0.190305
640 0.190858
641 0.190636
642 0.192125
643 0.19317
644 0.192293
645 0.192629
646 0.193454
647 0.19202
648 0.192123
649 0.191541
650 0.193669
651 0.193127
652 0.194793
653 0.194789
654 0.195076
655 0.193251
656 0.196767
657 0.196602
658 0.194276
659 0.193152
660 0.192686
661 0.19374
662 0.192956
663 0.192297
664 0.192155
665 0.194829
666 0.19351
667 0.192877
668 0.194541
669 0.193013
670 0.195168
671 0.194419
672 0.192918
673 0.193753
674 0.196265
675 0.194075
676 0.193848
677 0.19503
678 0.196006
679 0.195533
680 0.193922
681 0.194461
682 0.193817
683 0.192716
684 0.193774
685 0.193984
686 0.193439
687 0.195704
688 0.196546
689 0.196208
690 0.194158
691 0.195071
692 0.194967
693 0.194682
694 0.193508
695 0.194948
696 0.194625
697 0.19411
698 0.195784
699 0.194177
700 0.194638
701 0.193189
702 0.193326
703 0.192167
704 0.191636
705 0.195776
706 0.194676
707 0.192766
708 0.193144
709 0.192583
710 0.192486
711 0.19215
712 0.193227
713 0.193777
714 0.192473
715 0.191521
716 0.190821
717 0.190518
718 0.192651
719 0.194516
720 0.193535
721 0.192636
722 0.191956
723 0.194245
724 0.192896
725 0.192942
726 0.19163
727 0.191723
728 0.194282
729 0.193435
730 0.196043
731 0.193068
732 0.193708
733 0.192994
734 0.194923
735 0.192832
736 0.194616
737 0.194374
738 0.195967
739 0.193579
740 0.192505
741 0.194033
742 0.193365
743 0.192386
744 0.191731
745 0.191508
746 0.194294
747 0.193698
748 0.195338
749 0.19386
750 0.195446
751 0.19532
752 0.19617
753 0.194548
754 0.192773
755 0.194608
756 0.195688
757 0.194068
758 0.195783
759 0.197064
760 0.196856
761 0.194975
762 0.197184
763 0.195962
764 0.196007
765 0.192825
766 0.191912
767 0.192278
768 0.194154
769 0.194973
770 0.197194
771 0.195052
772 0.193386
773 0.196056
774 0.196277
775 0.193367
776 0.192067
777 0.194178
778 0.192764
779 0.192469
780 0.19554
781 0.19469
782 0.194303
783 0.192611
784 0.195128
785 0.19619
786 0.195192
787 0.195819
788 0.193803
789 0.196012
790 0.194154
791 0.193049
792 0.192668
793 0.192625
794 0.192007
795 0.191302
796 0.191707
797 0.193151
798 0.195663
799 0.196287
800 0.194252
801 0.192912
802 0.193566
803 0.196549
804 0.194534
805 0.196492
806 0.193691
807 0.19216
808 0.194794
809 0.193016
810 0.192441
811 0.192509
812 0.193586
813 0.192545
814 0.193021
815 0.192579
816 0.191552
817 0.192624
818 0.194171
819 0.196628
820 0.193271
821 0.194444
822 0.196371
823 0.196158
824 0.194041
825 0.196318
826 0.194929
827 0.193148
828 0.193523
829 0.192696
830 0.192547
831 0.194811
832 0.193388
833 0.192694
834 0.192086
835 0.191077
836 0.191495
837 0.19457
838 0.194373
839 0.193558
840 0.193871
841 0.192542
842 0.195224
843 0.195173
844 0.19531
845 0.193513
846 0.191661
847 0.1928
848 0.193111
849 0.195047
850 0.193132
851 0.19492
852 0.193352
853 0.193014
854 0.1923
855 0.19334
856 0.194729
857 0.195132
858 0.193932
859 0.197495
860 0.194291
861 0.193302
862 0.193111
863 0.191907
864 0.196037
865 0.196195
866 0.1971
867 0.194553
868 0.193222
869 0.195703
870 0.193492
871 0.192015
872 0.192012
873 0.194234
874 0.192668
875 0.192623
876 0.192363
877 0.195124
878 0.19328
879 0.193133
880 0.1939
881 0.196604
882 0.19809
883 0.194483
884 0.194435
885 0.193238
886 0.196582
887 0.194201
888 0.191954
889 0.191561
890 0.195153
891 0.193051
892 0.194479
893 0.192491
894 0.191754
895 0.196074
896 0.196347
897 0.194293
898 0.191932
899 0.190822
900 0.190589
901 0.193669
902 0.196094
903 0.193301
904 0.194824
905 0.197828
906 0.198584
907 0.195144
908 0.19344
909 0.195
910 0.194681
911 0.19447
912 0.196456
913 0.194039
914 0.193356
915 0.194106
916 0.193141
917 0.193004
918 0.194865
919 0.194497
920 0.194546
921 0.193169
922 0.192928
923 0.195862
924 0.194159
925 0.192048
926 0.191986
927 0.194007
928 0.193382
929 0.194868
930 0.195054
931 0.193592
932 0.194903
933 0.192836
934 0.192324
935 0.193773
936 0.193924
937 0.194134
938 0.195266
939 0.193685
940 0.192551
941 0.19486
942 0.193038
943 0.195463
944 0.194909
945 0.194295
946 0.194889
947 0.196084
948 0.196981
949 0.196906
950 0.194387
951 0.192829
952 0.19344
953 0.195706
954 0.193656
955 0.192622
956 0.195323
957 0.193075
958 0.193662
959 0.193763
960 0.194926
961 0.193281
962 0.192386
963 0.194717
964 0.192428
965 0.19536
966 0.196883
967 0.193712
968 0.194385
969 0.193013
970 0.192141
971 0.192123
972 0.192466
973 0.194478
974 0.19314
975 0.193342
976 0.196379
977 0.193898
978 0.196963
979 0.195592
980 0.194136
981 0.196401
982 0.194375
983 0.192637
984 0.192064
985 0.194121
986 0.193572
987 0.194561
988 0.1952
989 0.197092
990 0.197363
991 0.194605
992 0.192843
993 0.196326
994 0.195191
995 0.19326
996 0.193127
997 0.194789
998 0.193142
999 0.193626
1000 0.1935
1001 0.19296
1002 0.192332
1003 0.192093
1004 0.191783
1005 0.190769
1006 0.19081
1007 0.192692
1008 0.191228
1009 0.193079
1010 0.193956
1011 0.194151
1012 0.1959
1013 0.196048
1014 0.195696
1015 0.193996
1016 0.19354
1017 0.193176
1018 0.192721
1019 0.194049
1020 0.192836
1021 0.191734
1022 0.195008
1023 0.194754
1024 0.195347
1025 0.194795
1026 0.19352
1027 0.197229
1028 0.193882
1029 0.192555
1030 0.191273
1031 0.194288
1032 0.193178
1033 0.196298
1034 0.196581
1035 0.19716
1036 0.196798
1037 0.195423
1038 0.195147
1039 0.193283
1040 0.191932
1041 0.194166
1042 0.192522
1043 0.194752
1044 0.192771
1045 0.19605
1046 0.196031
1047 0.194896
1048 0.192919
1049 0.192444
1050 0.192035
1051 0.191789
1052 0.193758
1053 0.192219
1054 0.191363
1055 0.191519
1056 0.192406
1057 0.195433
1058 0.194925
1059 0.194025
1060 0.194011
1061 0.194259
1062 0.196464
1063 0.19509
1064 0.194821
1065 0.195623
1066 0.193843
1067 0.195816
1068 0.196441
1069 0.194168
1070 0.195355
1071 0.19345
1072 0.192305
1073 0.191579
1074 0.192557
1075 0.191937
1076 0.190611
1077 0.19452
1078 0.194886
1079 0.194454
1080 0.193682
1081 0.192592
1082 0.192462
1083 0.191823
1084 0.19441
1085 0.195575
1086 0.19563
1087 0.196802
1088 0.196521
1089 0.19574
1090 0.194863
1091 0.194171
1092 0.192051
1093 0.194655
1094 0.195143
1095 0.194297
1096 0.19284
1097 0.195149
1098 0.195142
1099 0.193324
1100 0.193235
1101 0.192543
1102 0.192391
1103 0.192014
1104 0.191494
1105 0.190845
1106 0.192698
1107 0.195745
1108 0.195317
1109 0.197062
1110 0.196586
1111 0.194291
1112 0.192562
1113 0.193146
1114 0.192505
1115 0.192551
1116 0.192479
1117 0.191732
1118 0.191216
1119 0.194262
1120 0.192117
1121 0.193083
1122 0.191666
1123 0.194838
1124 0.194178
1125 0.192419
1126 0.195331
1127 0.195201
1128 0.196154
1129 0.193638
1130 0.194679
1131 0.196553
1132 0.194049
1133 0.196392
1134 0.193366
1135 0.192231
1136 0.196216
1137 0.19575
1138 0.194077
1139 0.192588
1140 0.191839
1141 0.196086
1142 0.194099
1143 0.195363
1144 0.193357
1145 0.192814
1146 0.192441
1147 0.194218
1148 0.192932
1149 0.192035
1150 0.19258
1151 0.191651
1152 0.191622
1153 0.193642
1154 0.193668
1155 0.19539
1156 0.193096
1157 0.192647
1158 0.192631
1159 0.194684
1160 0.192908
1161 0.192505
1162 0.196129
1163 0.194601
1164 0.195199
1165 0.196506
1166 0.196521
1167 0.194504
1168 0.197345
1169 0.195014
1170 0.194021
1171 0.192879
1172 0.192943
1173 0.193564
1174 0.192235
1175 0.191711
1176 0.193731
1177 0.19623
1178 0.195531
1179 0.193294
1180 0.191811
1181 0.191428
1182 0.191794
1183 0.194882
1184 0.193193
1185 0.194305
1186 0.195137
1187 0.193435
1188 0.192203
1189 0.191609
1190 0.193014
1191 0.192323
1192 0.193468
1193 0.196809
1194 0.194353
1195 0.192881
1196 0.193916
1197 0.192407
1198 0.191239
1199 0.191269
1200 0.191881
1201 0.193861
1202 0.195641
1203 0.193921
1204 0.193711
1205 0.194351
1206 0.195996
1207 0.195796
1208 0.19444
1209 0.192764
1210 0.192127
1211 0.19164
1212 0.191543
1213 0.19159
1214 0.193191
1215 0.193681
1216 0.19465
1217 0.194139
1218 0.192701
1219 0.195632
1220 0.19611
1221 0.193353
1222 0.192953
1223 0.196963
1224 0.193761
1225 0.194079
1226 0.193978
1227 0.194105
1228 0.196444
1229 0.193594
1230 0.195765
1231 0.19508
1232 0.193034
1233 0.195585
1234 0.194351
1235 0.193397
1236 0.193912
1237 0.192862
1238 0.192258
1239 0.191676
1240 0.19511
1241 0.195278
1242 0.196192
1243 0.196039
1244 0.193681
1245 0.193086
1246 0.195949
1247 0.193541
1248 0.193738
1249 0.19184
1250 0.192831
1251 0.191916
1252 0.193744
1253 0.193265
1254 0.191628
1255 0.191445
1256 0.191367
1257 0.190801
1258 0.191953
1259 0.194237
1260 0.192884
1261 0.193125
1262 0.192601
1263 0.194288
1264 0.193175
1265 0.195891
1266 0.193705
1267 0.194327
1268 0.192974
1269 0.19105
1270 0.190442
1271 0.191088
1272 0.193883
1273 0.192561
1274 0.191296
1275 0.190863
1276 0.191544
1277 0.19165
1278 0.191167
1279 0.192165
1280 0.191753
1281 0.193967
1282 0.192119
1283 0.191649
1284 0.191842
1285 0.192655
1286 0.192698
1287 0.191875
1288 0.19196
1289 0.194463
1290 0.194484
1291 0.193924
1292 0.195704
1293 0.195929
1294 0.193889
1295 0.193969
1296 0.196384
1297 0.193355
1298 0.193152
1299 0.192413
1300 0.19175
1301 0.191618
1302 0.191995
1303 0.192171
1304 0.192867
1305 0.193446
1306 0.192112
1307 0.191494
1308 0.195193
1309 0.19643
1310 0.195408
1311 0.196494
1312 0.19509
1313 0.196616
1314 0.19535
1315 0.193565
1316 0.192614
1317 0.191664
1318 0.193437
1319 0.19444
1320 0.193202
1321 0.19296
1322 0.194568
1323 0.19274
1324 0.192108
1325 0.195895
1326 0.193741
1327 0.192341
1328 0.192007
1329 0.195627
1330 0.194654
1331 0.195846
1332 0.19347
1333 0.192352
1334 0.192668
1335 0.191791
1336 0.193352
1337 0.191512
1338 0.191658
1339 0.191403
1340 0.193159
1341 0.193542
1342 0.19354
1343 0.194212
1344 0.192732
1345 0.192149
1346 0.193027
1347 0.191983
1348 0.191148
1349 0.191174
1350 0.192783
1351 0.192456
1352 0.193067
1353 0.192763
1354 0.194098
1355 0.195267
1356 0.193901
1357 0.194261
1358 0.194397
1359 0.194909
1360 0.195342
1361 0.194894
1362 0.196234
1363 0.194457
1364 0.192841
1365 0.19323
1366 0.192324
1367 0.192299
1368 0.192262
1369 0.191779
1370 0.195215
1371 0.194634
1372 0.194114
1373 0.192436
1374 0.193645
1375 0.195696
1376 0.194367
1377 0.195085
1378 0.194371
1379 0.192325
1380 0.195654
1381 0.195202
1382 0.19341
1383 0.19676
1384 0.197275
1385 0.194818
1386 0.193443
1387 0.192436
1388 0.193108
1389 0.192084
1390 0.196453
1391 0.195277
1392 0.193407
1393 0.193764
1394 0.193564
1395 0.196589
1396 0.196789
1397 0.194834
1398 0.197675
1399 0.194596
1400 0.194332
1401 0.191538
1402 0.192871
1403 0.19248
1404 0.195454
1405 0.19492
1406 0.195314
1407 0.195126
1408 0.19399
1409 0.194439
1410 0.19257
1411 0.19457
1412 0.193584
1413 0.192102
1414 0.192078
1415 0.192596
1416 0.195614
1417 0.195338
1418 0.193757
1419 0.193125
1420 0.193969
1421 0.193401
1422 0.196351
1423 0.194117
1424 0.196012
1425 0.196088
1426 0.194448
1427 0.193071
1428 0.191634
1429 0.19249
1430 0.192109
1431 0.194423
1432 0.194889
1433 0.194365
1434 0.194753
1435 0.19519
1436 0.195091
1437 0.197114
1438 0.197796
1439 0.196448
1440 0.197765
1441 0.195226
1442 0.193618
1443 0.196407
1444 0.194315
1445 0.192763
1446 0.192009
1447 0.192344
1448 0.19174
1449 0.191177
1450 0.190697
1451 0.192198
1452 0.191501
1453 0.19077
1454 0.195081
1455 0.193613
1456 0.192374
1457 0.191873
1458 0.191473
1459 0.189909
1460 0.191119
1461 0.190905
1462 0.190754
1463 0.194222
1464 0.194549
1465 0.193438
1466 0.192424
1467 0.191763
1468 0.191166
1469 0.193186
1470 0.192574
1471 0.191757
1472 0.191982
1473 0.19188
1474 0.192768
1475 0.193046
1476 0.192712
1477 0.194343
1478 0.193088
1479 0.193151
1480 0.192198
1481 0.192752
1482 0.192371
1483 0.191503
1484 0.191895
1485 0.191917
1486 0.192751
1487 0.191887
1488 0.191494
1489 0.19463
1490 0.193093
1491 0.192538
1492 0.192051
1493 0.195634
1494 0.193873
1495 0.196355
1496 0.195947
1497 0.193146
1498 0.195752
1499 0.194584
1500 0.197006
1501 0.195015
1502 0.196369
1503 0.194592
1504 0.193411
1505 0.194396
1506 0.192808
1507 0.191605
1508 0.192506
1509 0.192338
1510 0.194426
1511 0.196372
1512 0.194811
1513 0.196692
1514 0.19353
1515 0.191703
1516 0.19279
1517 0.195181
1518 0.195669
1519 0.195966
1520 0.194752
1521 0.194446
1522 0.193186
1523 0.192085
1524 0.191201
1525 0.190383
1526 0.19296
1527 0.195024
1528 0.194135
1529 0.194232
1530 0.195285
1531 0.195443
1532 0.19332
1533 0.192281
1534 0.194957
1535 0.192301
1536 0.191735
1537 0.190869
1538 0.190714
1539 0.19033
1540 0.193013
1541 0.191526
1542 0.190801
1543 0.193211
1544 0.195531
1545 0.193379
1546 0.191958
1547 0.195203
1548 0.193887
1549 0.196453
1550 0.195321
1551 0.193542
1552 0.194227
1553 0.192744
1554 0.193467
1555 0.193158
1556 0.19332
1557 0.193137
1558 0.192891
1559 0.193076
1560 0.192793
1561 0.195206
1562 0.193677
1563 0.192401
1564 0.192652
1565 0.193781
1566 0.191761
1567 0.193778
1568 0.194581
1569 0.192091
1570 0.19484
1571 0.195764
1572 0.196143
1573 0.193714
1574 0.194867
1575 0.192328
1576 0.192149
1577 0.192973
1578 0.192405
1579 0.190913
1580 0.193041
1581 0.195668
1582 0.192742
1583 0.192337
1584 0.193452
1585 0.193276
1586 0.193438
1587 0.194165
1588 0.194696
1589 0.195101
1590 0.193291
1591 0.19251
1592 0.192285
1593 0.194361
1594 0.195874
1595 0.193698
1596 0.193991
1597 0.194074
1598 0.193404
1599 0.192834
1600 0.194498
1601 0.193787
1602 0.194555
1603 0.193153
1604 0.192546
1605 0.191446
1606 0.193534
1607 0.192803
1608 0.192652
1609 0.191866
1610 0.19418
1611 0.194814
1612 0.192702
1613 0.191626
1614 0.191888
1615 0.190252
1616 0.191316
1617 0.190901
1618 0.193447
1619 0.193774
1620 0.193471
1621 0.196368
1622 0.195515
1623 0.196584
1624 0.195263
1625 0.194264
1626 0.192885
1627 0.193487
1628 0.193862
1629 0.192665
1630 0.191709
1631 0.191972
1632 0.191245
1633 0.19331
1634 0.192619
1635 0.192636
1636 0.19209
1637 0.195652
1638 0.193434
1639 0.192737
1640 0.19229
1641 0.191434
1642 0.195118
1643 0.19379
1644 0.193982
1645 0.195148
1646 0.195283
1647 0.193988
1648 0.195571
1649 0.19504
1650 0.194334
1651 0.193563
1652 0.196615
1653 0.194544
1654 0.193314
1655 0.191826
1656 0.191024
1657 0.190957
1658 0.192471
1659 0.194422
1660 0.194216
1661 0.194295
1662 0.194461
1663 0.193053
1664 0.191895
1665 0.191804
1666 0.191343
1667 0.19143
1668 0.191808
1669 0.193353
1670 0.195015
1671 0.193236
1672 0.195206
1673 0.194994
1674 0.193393
1675 0.191949
1676 0.192372
1677 0.195358
1678 0.194097
1679 0.194599
1680 0.193048
1681 0.196166
1682 0.194713
1683 0.193797
1684 0.195233
1685 0.193104
1686 0.191678
1687 0.191917
1688 0.194248
1689 0.194797
1690 0.193233
1691 0.191966
1692 0.191458
1693 0.192652
1694 0.192238
1695 0.194787
1696 0.192795
1697 0.191535
1698 0.191109
1699 0.190323
1700 0.191222
1701 0.191203
1702 0.190791
1703 0.19148
1704 0.191278
1705 0.193954
1706 0.195473
1707 0.192942
1708 0.193221
1709 0.194103
1710 0.193373
1711 0.192148
1712 0.193942
1713 0.193916
1714 0.195957
1715 0.195615
1716 0.197004
1717 0.195221
1718 0.1927
1719 0.192998
1720 0.192397
1721 0.192437
1722 0.192946
1723 0.195617
1724 0.195473
1725 0.193122
1726 0.193543
1727 0.196338
1728 0.193544
1729 0.193609
1730 0.194017
1731 0.192716
1732 0.193265
1733 0.192671
1734 0.191638
1735 0.195406
1736 0.193323
1737 0.193292
1738 0.191943
1739 0.191624
1740 0.194191
1741 0.195186
1742 0.196528
1743 0.195371
1744 0.195315
1745 0.196638
1746 0.194331
1747 0.193327
1748 0.19206
1749 0.191719
1750 0.19434
1751 0.193979
1752 0.193987
1753 0.193039
1754 0.191999
1755 0.190681
1756 0.190651
1757 0.193585
1758 0.194937
1759 0.192276
1760 0.191114
1761 0.194992
1762 0.193151
1763 0.191953
1764 0.191126
1765 0.194295
1766 0.194819
1767 0.193167
1768 0.192794
1769 0.193162
1770 0.191678
1771 0.19154
1772 0.194077
1773 0.192384
1774 0.191389
1775 0.191915
1776 0.192392
1777 0.192518
1778 0.192493
1779 0.19408
1780 0.197175
1781 0.193671
1782 0.193633
1783 0.19161
1784 0.192162
1785 0.191902
1786 0.192872
1787 0.193487
1788 0.193376
1789 0.192979
1790 0.193576
1791 0.195223
1792 0.196409
1793 0.194416
1794 0.193837
1795 0.193643
1796 0.193416
1797 0.192097
1798 0.193926
1799 0.194105
1800 0.192224
1801 0.193357
1802 0.194622
1803 0.193586
1804 0.194448
1805 0.196434
1806 0.195933
1807 0.194276
1808 0.194742
1809 0.195849
1810 0.194195
1811 0.192022
1812 0.191717
1813 0.191932
1814 0.190505
1815 0.194148
1816 0.19263
1817 0.192093
1818 0.193644
1819 0.193398
1820 0.193038
1821 0.192197
1822 0.1915
1823 0.194383
1824 0.192289
1825 0.195685
1826 0.196282
1827 0.196039
1828 0.196162
1829 0.195442
1830 0.193426
1831 0.192106
1832 0.191975
1833 0.194943
1834 0.192021
1835 0.191208
1836 0.1933
1837 0.194561
1838 0.193529
1839 0.191818
1840 0.193202
1841 0.196383
1842 0.193624
1843 0.194493
1844 0.193202
1845 0.194489
1846 0.193691
1847 0.196279
1848 0.194094
1849 0.196294
1850 0.195437
1851 0.193497
1852 0.195786
1853 0.197554
1854 0.195818
1855 0.19771
1856 0.19458
1857 0.194989
1858 0.195314
1859 0.195415
1860 0.194613
1861 0.193541
1862 0.192093
1863 0.194332
1864 0.191868
1865 0.19428
1866 0.194354
1867 0.195212
1868 0.196936
1869 0.19425
1870 0.194518
1871 0.195255
1872 0.193766
1873 0.192501
1874 0.191528
1875 0.190985
1876 0.190399
1877 0.192292
1878 0.193629
1879 0.192837
1880 0.192898
1881 0.19397
1882 0.193276
1883 0.195309
1884 0.196735
1885 0.195181
1886 0.19445
1887 0.196857
1888 0.193627
1889 0.190273
1890 0.195365
1891 0.194948
1892 0.194182
1893 0.19253
1894 0.192509
1895 0.191472
1896 0.193159
1897 0.192571
1898 0.19117
1899 0.190764
1900 0.195303
1901 0.19234
1902 0.191638
1903 0.193154
1904 0.194076
1905 0.192827
1906 0.191733
1907 0.192379
1908 0.192004
1909 0.192763
1910 0.192045
1911 0.192538
1912 0.193744
1913 0.196759
1914 0.197405
1915 0.194858
1916 0.197377
1917 0.193035
1918 0.191624
1919 0.192064
1920 0.194509
1921 0.192755
1922 0.191858
1923 0.191137
1924 0.190399
1925 0.192943
1926 0.194718
1927 0.192792
1928 0.194539
1929 0.195306
1930 0.194056
1931 0.195412
1932 0.193722
1933 0.192656
1934 0.192652
1935 0.192672
1936 0.191888
1937 0.191256
1938 0.194561
1939 0.194807
1940 0.193229
1941 0.195705
1942 0.193594
1943 0.196256
1944 0.193687
1945 0.19267
1946 0.195957
1947 0.192844
1948 0.192942
1949 0.193248
1950 0.192597
1951 0.193685
1952 0.193788
1953 0.196098
1954 0.196321
1955 0.194458
1956 0.192993
1957 0.192975
1958 0.194156
1959 0.194019
1960 0.19329
1961 0.192736
1962 0.194664
1963 0.194729
1964 0.193989
1965 0.19359
1966 0.192881
1967 0.192652
1968 0.195537
1969 0.197471
1970 0.195342
1971 0.197327
1972 0.195518
1973 0.19761
1974 0.195137
1975 0.195818
1976 0.193987
1977 0.193082
1978 0.194028
1979 0.193204
1980 0.19194
1981 0.191482
1982 0.195031
1983 0.194237
1984 0.19362
1985 0.193156
1986 0.195402
1987 0.196756
1988 0.197026
1989 0.1946
1990 0.19285
1991 0.192429
1992 0.19109
1993 0.19462
1994 0.196149
1995 0.193708
1996 0.194433
1997 0.193947
1998 0.193768
1999 0.194435
2000 0.192627
2001 0.191284
2002 0.190121
2003 0.19055
2004 0.191095
2005 0.191917
2006 0.191389
2007 0.193272
2008 0.191778
2009 0.191768
2010 0.193487
2011 0.195188
2012 0.193757
2013 0.195076
2014 0.194393
2015 0.193752
2016 0.194934
2017 0.193462
2018 0.193522
2019 0.192694
2020 0.1953
2021 0.193586
2022 0.193399
2023 0.19551
2024 0.193982
2025 0.193744
2026 0.19332
2027 0.194978
2028 0.195531
2029 0.1937
2030 0.19319
2031 0.192196
2032 0.192472
2033 0.192737
2034 0.194546
2035 0.194742
2036 0.193563
2037 0.194547
2038 0.192104
2039 0.191692
2040 0.191803
2041 0.193084
2042 0.193483
2043 0.195006
2044 0.193535
2045 0.195695
2046 0.19393
2047 0.197052
2048 0.195029
2049 0.195704
2050 0.192836
2051 0.191555
2052 0.192085
2053 0.194244
2054 0.194886
2055 0.194629
2056 0.193421
2057 0.194386
2058 0.193698
2059 0.194513
2060 0.195739
2061 0.193502
2062 0.192713
2063 0.193807
2064 0.191906
2065 0.191477
2066 0.191727
2067 0.191613
2068 0.192801
2069 0.192043
2070 0.191907
2071 0.191679
2072 0.190559
2073 0.192929
2074 0.193558
2075 0.192191
2076 0.19336
2077 0.197069
2078 0.194272
2079 0.194699
2080 0.196185
2081 0.193299
2082 0.19267
2083 0.193373
2084 0.192407
2085 0.194911
2086 0.193193
2087 0.193315
2088 0.194716
2089 0.19529
2090 0.195448
2091 0.195409
2092 0.194521
2093 0.19429
2094 0.19674
2095 0.196804
2096 0.195564
2097 0.195712
2098 0.194607
2099 0
