0 -0.942483
1 -0.206668
2 0.058206
3 0.147054
4 0.179753
5 0.183903
6 0.17969
7 0.1769
8 0.169469
9 0.169914
10 0.175747
11 0.182821
12 0.17081
13 0.175378
14 0.181377
15 0.17352
16 0.184956
17 0.167312
18 0.180174
19 0.166027
20 0.172814
21 0.179592
22 0.175883
23 0.17016
24 0.174904
25 0.175478
26 0.181427
27 0.179459
28 0.175704
29 0.173415
30 0.169926
31 0.178871
32 0.174043
33 0.16787
34 0.168028
35 0.166364
36 0.17542
37 0.184453
38 0.171083
39 0.17191
40 0.181345
41 0.187004
42 0.182987
43 0.187986
44 0.182656
45 0.183815
46 0.182101
47 0.183444
48 0.169126
49 0.16634
50 0.183884
51 0.170115
52 0.174079
53 0.180225
54 0.166114
55 0.177188
56 0.175221
57 0.171937
58 0.176137
59 0.165074
60 0.161806
61 0.160688
62 0.178011
63 0.165569
64 0.17475
65 0.172156
66 0.168684
67 0.16868
68 0.172364
69 0.185752
70 0.173307
71 0.168905
72 0.176996
73 0.178702
74 0.172227
75 0.165639
76 0.1643
77 0.166858
78 0.172903
79 0.164098
80 0.174326
81 0.181277
82 0.175563
83 0.183706
84 0.172694
85 0.181107
86 0.172113
87 0.170923
88 0.168396
89 0.161337
90 0.172148
91 0.169574
92 0.174557
93 0.166945
94 0.165014
95 0.174785
96 0.170264
97 0.166715
98 0.164652
99 0.17493
100 0.164974
101 0.163054
102 0.168765
103 0.183756
104 0.169231
105 0.163995
106 0.178664
107 0.174152
108 0.164411
109 0.165596
110 0.168311
111 0.170396
112 0.162921
113 0.167213
114 0.165333
115 0.177857
116 0.184026
117 0.185279
118 0.177423
119 0.169159
120 0.17993
121 0.168469
122 0.181294
123 0.173748
124 0.172915
125 0.172684
126 0.177422
127 0.174593
128 0.181824
129 0.18063
130 0.174862
131 0.174512
132 0.171813
133 0.17089
134 0.177303
135 0.170505
136 0.166393
137 0.181121
138 0.187642
139 0.178819
140 0.178877
141 0.184026
142 0.180702
143 0.166755
144 0.17135
145 0.165671
146 0.163172
147 0.180125
148 0.175093
149 0.17879
150 0.168093
151 0.174495
152 0.174228
153 0.179373
154 0.16903
155 0.174166
156 0.175216
157 0.174809
158 0.178509
159 0.184085
160 0.176673
161 0.166276
162 0.168488
163 0.164942
164 0.173874
165 0.179882
166 0.186872
167 0.184302
168 0.176765
169 0.170694
170 0.178326
171 0.181854
172 0.170506
173 0.17376
174 0.173313
175 0.168133
176 0.18192
177 0.166585
178 0.181291
179 0.18117
180 0.188608
181 0.175857
182 0.169739
183 0.183512
184 0.166284
185 0.178319
186 0.165098
187 0.176654
188 0.183062
189 0.177181
190 0.174593
191 0.186175
192 0.178403
193 0.183532
194 0.181205
195 0.174353
196 0.180764
197 0.166451
198 0.167097
199 0.162371
200 0.162015
201 0.175474
202 0.179922
203 0.178911
204 0.176157
205 0.181596
206 0.171558
207 0.16476
208 0.16303
209 0.179589
210 0.187354
211 0.166571
212 0.18305
213 0.179375
214 0.172449
215 0.170769
216 0.18504
217 0.167609
218 0.176528
219 0.183007
220 0.166858
221 0.182274
222 0.180294
223 0.167136
224 0.182319
225 0.176483
226 0.173567
227 0.179919
228 0.175132
229 0.163927
230 0.17938
231 0.184977
232 0.168175
233 0.177216
234 0.17761
235 0.182269
236 0.180523
237 0.188919
238 0.171288
239 0.178172
240 0.186132
241 0.173685
242 0.173777
243 0.166319
244 0.167122
245 0.169726
246 0.163675
247 0.182439
248 0.180587
249 0.166828
250 0.182292
251 0.174541
252 0.185166
253 0.172477
254 0.174187
255 0.168738
256 0.169324
257 0.174575
258 0.175536
259 0.172148
260 0.178585
261 0.183554
262 0.177448
263 0.167867
264 0.171871
265 0.176591
266 0.16544
267 0.181345
268 0.188859
269 0.170872
270 0.180087
271 0.178457
272 0.16957
273 0.170497
274 0.178715
275 0.181567
276 0.186942
277 0.176569
278 0.163686
279 0.184663
280 0.166337
281 0.179568
282 0.185734
283 0.167051
284 0.185447
285 0.167152
286 0.180496
287 0.174304
288 0.181824
289 0.181018
290 0.174176
291 0.184463
292 0.186564
293 0.185246
294 0.172413
295 0.181023
296 0.172856
297 0.179427
298 0.170713
299 0.173117
300 0.184479
301 0.177274
302 0.180372
303 0.176002
304 0.174616
305 0.163261
306 0.174945
307 0.182714
308 0.17499
309 0.177307
310 0.185279
311 0.188883
312 0.177231
313 0.166053
314 0.165596
315 0.165199
316 0.174938
317 0.176881
318 0.187656
319 0.170233
320 0.18088
321 0.176379
322 0.171398
323 0.185441
324 0.17083
325 0.178279
326 0.175361
327 0.177807
328 0.178231
329 0.178491
330 0.171776
331 0.176664
332 0.174569
333 0.174193
334 0.168698
335 0.175258
336 0.163458
337 0.173378
338 0.1798
339 0.171648
340 0.171245
341 0.170073
342 0.175422
343 0.177608
344 0.177937
345 0.168866
346 0.166441
347 0.167633
348 0.182845
349 0.171188
350 0.182122
351 0.170711
352 0.17696
353 0.187212
354 0.167499
355 0.184458
356 0.166436
357 0.172188
358 0.178128
359 0.186698
360 0.176224
361 0.178434
362 0.183165
363 0.169819
364 0.169313
365 0.177703
366 0.166151
367 0.172865
368 0.164387
369 0.176069
370 0.182853
371 0.16882
372 0.176103
373 0.165967
374 0.163148
375 0.166213
376 0.174044
377 0.172816
378 0.17712
379 0.183118
380 0.1866
381 0.18221
382 0.180772
383 0.174653
384 0.163871
385 0.170154
386 0.175477
387 0.166444
388 0.171161
389 0.169742
390 0.182189
391 0.180898
392 0.170873
393 0.167382
394 0.175575
395 0.1776
396 0.173119
397 0.164421
398 0.172258
399 0.174173
400 0.178425
401 0.172571
402 0.180636
403 0.183543
404 0.171401
405 0.177245
406 0.182627
407 0.166821
408 0.181641
409 0.181796
410 0.186395
411 0.177834
412 0.177575
413 0.184089
414 0.181464
415 0.179889
416 0.183896
417 0.172349
418 0.184604
419 0.180903
420 0.187457
421 0.173007
422 0.164007
423 0.178646
424 0.164667
425 0.164781
426 0.172882
427 0.164364
428 0.181688
429 0.174187
430 0.187143
431 0.173041
432 0.166901
433 0.168974
434 0.182829
435 0.184515
436 0.170483
437 0.185191
438 0.185204
439 0.171806
440 0.173264
441 0.180001
442 0.184067
443 0.18082
444 0.184453
445 0.185032
446 0.176556
447 0.170018
448 0.167613
449 0.177087
450 0.166859
451 0.172774
452 0.177887
453 0.182146
454 0.166597
455 0.16585
456 0.165001
457 0.170023
458 0.167017
459 0.175677
460 0.185311
461 0.184578
462 0.167609
463 0.180401
464 0.186407
465 0.176793
466 0.18552
467 0.189739
468 0.177652
469 0.17669
470 0.180213
471 0.168724
472 0.179647
473 0.169758
474 0.183467
475 0.182509
476 0.187697
477 0.185469
478 0.179793
479 0.189804
480 0.167065
481 0.177473
482 0.183221
483 0.18418
484 0.18058
485 0.169839
486 0.180838
487 0.18233
488 0.183973
489 0.171865
490 0.165721
491 0.181033
492 0.178115
493 0.164405
494 0.178482
495 0.167129
496 0.177071
497 0.175323
498 0.167946
499 0.169401
500 0.166403
501 0.174821
502 0.176232
503 0.179911
504 0.16574
505 0.182527
506 0.187504
507 0.184514
508 0.169483
509 0.173439
510 0.166071
511 0.165873
512 0.181528
513 0.172956
514 0.184098
515 0.177649
516 0.185699
517 0.182824
518 0.178957
519 0.179116
520 0.185199
521 0.172868
522 0.172248
523 0.170528
524 0.182262
525 0.168871
526 0.171855
527 0.183257
528 0.178376
529 0.178859
530 0.175715
531 0.180378
532 0.185086
533 0.188148
534 0.184702
535 0.178013
536 0.170514
537 0.176648
538 0.178635
539 0.171659
540 0.184767
541 0.182359
542 0.178051
543 0.169672
544 0.180972
545 0.186657
546 0.170317
547 0.165834
548 0.17437
549 0.177461
550 0.180496
551 0.175672
552 0.170917
553 0.172897
554 0.17201
555 0.183153
556 0.179585
557 0.170474
558 0.180379
559 0.18688
560 0.181985
561 0.176597
562 0.165556
563 0.175539
564 0.177205
565 0.177413
566 0.170223
567 0.177214
568 0.171615
569 0.169246
570 0.179773
571 0.18214
572 0.169511
573 0.170854
574 0.171398
575 0.161494
576 0.172477
577 0.181553
578 0.185597
579 0.170969
580 0.173486
581 0.175537
582 0.165828
583 0.172594
584 0.175527
585 0.185215
586 0.187952
587 0.189408
588 0.187457
589 0.173514
590 0.180946
591 0.171219
592 0.186056
593 0.166928
594 0.185148
595 0.174784
596 0.16774
597 0.181203
598 0.171232
599 0.180314
600 0.179033
601 0.172627
602 0.175246
603 0.182919
604 0.172505
605 0.179941
606 0.171897
607 0.176098
608 0.16367
609 0.18059
610 0.173281
611 0.163315
612 0.180893
613 0.165296
614 0.166825
615 0.171081
616 0.173079
617 0.165921
618 0.165421
619 0.175181
620 0.168699
621 0.167961
622 0.162928
623 0.170803
624 0.171087
625 0.178802
626 0.173179
627 0.186695
628 0.176931
629 0.169468
630 0.167551
631 0.181561
632 0.176936
633 0.171202
634 0.179633
635 0.178527
636 0.169119
637 0.166295
638 0.182488
639 0.170768
640 0.177655
641 0.172405
642 0.170723
643 0.183351
644 0.185883
645 0.181696
646 0.18278
647 0.178278
648 0.184028
649 0.169193
650 0.171473
651 0.167647
652 0.179717
653 0.179986
654 0.182739
655 0.181061
656 0.167948
657 0.173989
658 0.179988
659 0.172281
660 0.176609
661 0.165837
662 0.170696
663 0.168414
664 0.165826
665 0.16815
666 0.178891
667 0.168903
668 0.178206
669 0.180418
670 0.17498
671 0.165251
672 0.16738
673 0.163382
674 0.177372
675 0.172088
676 0.1678
677 0.18167
678 0.188299
679 0.167538
680 0.175825
681 0.179078
682 0.175962
683 0.187408
684 0.172369
685 0.167221
686 0.167421
687 0.175529
688 0.169936
689 0.170712
690 0.168636
691 0.164645
692 0.161542
693 0.174039
694 0.172735
695 0.166246
696 0.168015
697 0.170028
698 0.180142
699 0.174777
700 0.174171
701 0.174629
702 0.176722
703 0.180549
704 0.178303
705 0.176405
706 0.180311
707 0.186998
708 0.178864
709 0.175244
710 0.165738
711 0.163951
712 0.181798
713 0.164994
714 0.175766
715 0.166152
716 0.1746
717 0.183949
718 0.188375
719 0.180064
720 0.187059
721 0.179208
722 0.17017
723 0.16873
724 0.164927
725 0.179118
726 0.186102
727 0.172447
728 0.173274
729 0.185549
730 0.178023
731 0.166751
732 0.172806
733 0.162775
734 0.178622
735 0.170478
736 0.183665
737 0.179738
738 0.174043
739 0.178298
740 0.18104
741 0.175259
742 0.163958
743 0.178383
744 0.164429
745 0.168182
746 0.179015
747 0.16784
748 0.161958
749 0.165463
750 0.178325
751 0.164541
752 0.166593
753 0.178909
754 0.163979
755 0.177688
756 0.175288
757 0.164841
758 0.165795
759 0.175225
760 0.184659
761 0.176507
762 0.18715
763 0.179876
764 0.179184
765 0.165922
766 0.167181
767 0.171183
768 0.1612
769 0.173423
770 0.184316
771 0.182325
772 0.182713
773 0.172689
774 0.165609
775 0.15982
776 0.178294
777 0.171486
778 0.165031
779 0.162274
780 0.164128
781 0.178146
782 0.186092
783 0.169534
784 0.182579
785 0.173755
786 0.168014
787 0.169933
788 0.171431
789 0.176902
790 0.170429
791 0.169081
792 0.180918
793 0.180074
794 0.182738
795 0.174111
796 0.17739
797 0.167461
798 0.170651
799 0.168416
800 0.166612
801 0.163768
802 0.176541
803 0.172728
804 0.164745
805 0.164994
806 0.169944
807 0.163138
808 0.177876
809 0.170276
810 0.175231
811 0.172264
812 0.174774
813 0.1838
814 0.169277
815 0.16862
816 0.173899
817 0.171078
818 0.183303
819 0.18813
820 0.174748
821 0.174746
822 0.170594
823 0.168264
824 0.173484
825 0.166477
826 0.165428
827 0.166121
828 0.16166
829 0.180322
830 0.173151
831 0.175999
832 0.172458
833 0.163483
834 0.18074
835 0.173875
836 0.166798
837 0.166506
838 0.168386
839 0.181013
840 0.173197
841 0.170604
842 0.177105
843 0.169527
844 0.167247
845 0.179818
846 0.176284
847 0.17055
848 0.174832
849 0.171213
850 0.175314
851 0.169623
852 0.163853
853 0.161042
854 0.175648
855 0.178087
856 0.174881
857 0.183401
858 0.173546
859 0.180339
860 0.169339
861 0.172088
862 0.166591
863 0.177977
864 0.171895
865 0.163598
866 0.180044
867 0.176637
868 0.185956
869 0.178597
870 0.174217
871 0.172993
872 0.178397
873 0.17401
874 0.171855
875 0.170043
876 0.167563
877 0.175423
878 0.176029
879 0.168125
880 0.179821
881 0.183821
882 0.177292
883 0.175773
884 0.167954
885 0.171588
886 0.174632
887 0.169549
888 0.168275
889 0.180828
890 0.17603
891 0.17239
892 0.177425
893 0.179431
894 0.175476
895 0.181693
896 0.176446
897 0.180427
898 0.165719
899 0.175238
900 0.166412
901 0.178801
902 0.165192
903 0.167045
904 0.173542
905 0.184795
906 0.185616
907 0.179533
908 0.183034
909 0.180178
910 0.187043
911 0.175678
912 0.182073
913 0.189522
914 0.167553
915 0.184789
916 0.169398
917 0.176899
918 0.176008
919 0.172296
920 0.185432
921 0.169464
922 0.17637
923 0.164527
924 0.165811
925 0.174077
926 0.167961
927 0.177604
928 0.172337
929 0.182543
930 0.170519
931 0.178441
932 0.167098
933 0.166127
934 0.175967
935 0.173444
936 0.168634
937 0.172746
938 0.162974
939 0.17823
940 0.164915
941 0.1679
942 0.178577
943 0.170859
944 0.163409
945 0.170773
946 0.168685
947 0.172805
948 0.164403
949 0.162079
950 0.174725
951 0.182601
952 0.171347
953 0.166567
954 0.184224
955 0.165605
956 0.172075
957 0.168464
958 0.162011
959 0.174921
960 0.177052
961 0.176107
962 0.182589
963 0.180533
964 0.173041
965 0.170864
966 0.165365
967 0.181664
968 0.187126
969 0.182406
970 0.174064
971 0.183172
972 0.18551
973 0.176037
974 0.165707
975 0.163042
976 0.172566
977 0.178901
978 0.173844
979 0.181976
980 0.170463
981 0.176074
982 0.176041
983 0.172415
984 0.179672
985 0.176652
986 0.177847
987 0.174181
988 0.170627
989 0.167762
990 0.167515
991 0.181014
992 0.165508
993 0.171172
994 0.1618
995 0.174195
996 0.180228
997 0.181422
998 0.170438
999 0.163701
1000 0.180158
1001 0.181942
1002 0.183058
1003 0.180799
1004 0.166941
1005 0.185322
1006 0.169119
1007 0.180261
1008 0.17477
1009 0.172482
1010 0.169628
1011 0.176964
1012 0.162428
1013 0.182548
1014 0.171972
1015 0.175555
1016 0.179883
1017 0.173999
1018 0.181213
1019 0.174715
1020 0.175378
1021 0.167373
1022 0.178114
1023 0.167938
1024 0.167617
1025 0.165609
1026 0.168971
1027 0.165141
1028 0.178312
1029 0.168521
1030 0.174582
1031 0.163788
1032 0.169197
1033 0.172037
1034 0.171149
1035 0.166783
1036 0.160921
1037 0.180054
1038 0.178273
1039 0.185686
1040 0.177753
1041 0.178092
1042 0.174968
1043 0.164927
1044 0.180022
1045 0.178173
1046 0.168572
1047 0.164324
1048 0.173377
1049 0.180895
1050 0.180739
1051 0.178576
1052 0.171351
1053 0.167573
1054 0.182051
1055 0.181649
1056 0.186115
1057 0.183125
1058 0.188007
1059 0.167761
1060 0.173789
1061 0.169366
1062 0.166914
1063 0.180973
1064 0.177265
1065 0.168707
1066 0.17745
1067 0.170973
1068 0.164506
1069 0.179293
1070 0.172497
1071 0.175593
1072 0.185792
1073 0.171185
1074 0.186683
1075 0.170825
1076 0.17138
1077 0.175154
1078 0.177563
1079 0.184792
1080 0.173333
1081 0.167873
1082 0.180163
1083 0.173344
1084 0.177855
1085 0.178114
1086 0.187065
1087 0.17977
1088 0.165634
1089 0.173702
1090 0.17998
1091 0.179113
1092 0.173657
1093 0.165507
1094 0.181426
1095 0.167325
1096 0.170729
1097 0.170249
1098 0.18244
1099 0.174051
1100 0.187036
1101 0.16851
1102 0.167172
1103 0.180151
1104 0.180513
1105 0.168756
1106 0.173766
1107 0.176616
1108 0.179691
1109 0.180631
1110 0.189947
1111 0.167798
1112 0.175541
1113 0.171487
1114 0.17495
1115 0.171604
1116 0.162352
1117 0.177803
1118 0.176215
1119 0.170352
1120 0.164263
1121 0.159787
1122 0.181496
1123 0.166445
1124 0.174595
1125 0.18499
1126 0.180387
1127 0.187011
1128 0.17938
1129 0.17661
1130 0.185034
1131 0.175875
1132 0.180922
1133 0.172342
1134 0.17816
1135 0.171929
1136 0.167481
1137 0.183084
1138 0.168531
1139 0.182902
1140 0.186625
1141 0.179836
1142 0.181152
1143 0.183832
1144 0.175399
1145 0.167549
1146 0.184451
1147 0.173407
1148 0.185134
1149 0.165984
1150 0.175112
1151 0.184158
1152 0.17816
1153 0.187198
1154 0.175798
1155 0.171639
1156 0.184893
1157 0.174245
1158 0.172571
1159 0.169986
1160 0.181261
1161 0.176531
1162 0.173594
1163 0.17549
1164 0.181303
1165 0.177229
1166 0.164505
1167 0.178495
1168 0.167942
1169 0.175941
1170 0.166707
1171 0.172386
1172 0.173591
1173 0.185271
1174 0.174557
1175 0.180617
1176 0.182658
1177 0.180344
1178 0.170083
1179 0.171745
1180 0.165734
1181 0.175292
1182 0.169867
1183 0.167597
1184 0.172343
1185 0.175076
1186 0.176254
1187 0.1708
1188 0.166712
1189 0.184279
1190 0.172709
1191 0.175525
1192 0.187293
1193 0.173776
1194 0.16335
1195 0.176
1196 0.173063
1197 0.177951
1198 0.1872
1199 0.177408
1200 0.180902
1201 0.187168
1202 0.17725
1203 0.166589
1204 0.173947
1205 0.170568
1206 0.17239
1207 0.161796
1208 0.177948
1209 0.179636
1210 0.166184
1211 0.166818
1212 0.169389
1213 0.163635
1214 0.180208
1215 0.164606
1216 0.1742
1217 0.163527
1218 0.179117
1219 0.176576
1220 0.180391
1221 0.175029
1222 0.18559
1223 0.17938
1224 0.175016
1225 0.167972
1226 0.163869
1227 0.173395
1228 0.175277
1229 0.174854
1230 0.177281
1231 0.165869
1232 0.169961
1233 0.178724
1234 0.165379
1235 0.182703
1236 0.185975
1237 0.18813
1238 0.188573
1239 0.183172
1240 0.186461
1241 0.170779
1242 0.168541
1243 0.18103
1244 0.165009
1245 0.169367
1246 0.161295
1247 0.181554
1248 0.183938
1249 0.168084
1250 0.166088
1251 0.16413
1252 0.171491
1253 0.181686
1254 0.173562
1255 0.184064
1256 0.176188
1257 0.185767
1258 0.181405
1259 0.168511
1260 0.163088
1261 0.169914
1262 0.175063
1263 0.161746
1264 0.182638
1265 0.177104
1266 0.182768
1267 0.181622
1268 0.179479
1269 0.167467
1270 0.165363
1271 0.170373
1272 0.177437
1273 0.17861
1274 0.189206
1275 0.16764
1276 0.175623
1277 0.182941
1278 0.183975
1279 0.1818
1280 0.184968
1281 0.173588
1282 0.175517
1283 0.165167
1284 0.182423
1285 0.164673
1286 0.178362
1287 0.173668
1288 0.185901
1289 0.17472
1290 0.176969
1291 0.178124
1292 0.168501
1293 0.178458
1294 0.167396
1295 0.171762
1296 0.172695
1297 0.185389
1298 0.176084
1299 0.179938
1300 0.178205
1301 0.164891
1302 0.18265
1303 0.16941
1304 0.174317
1305 0.183943
1306 0.177409
1307 0.170959
1308 0.171904
1309 0.163613
1310 0.16084
1311 0.159947
1312 0.175638
1313 0.169005
1314 0.166258
1315 0.178904
1316 0.178243
1317 0.174459
1318 0.165988
1319 0.183853
1320 0.166704
1321 0.164534
1322 0.165347
1323 0.170593
1324 0.17389
1325 0.173535
1326 0.166153
1327 0.176415
1328 0.169808
1329 0.175381
1330 0.171586
1331 0.179257
1332 0.170179
1333 0.162286
1334 0.172276
1335 0.175677
1336 0.18747
1337 0.169648
1338 0.164035
1339 0.165499
1340 0.174422
1341 0.170297
1342 0.181766
1343 0.188729
1344 0.173172
1345 0.166355
1346 0.182703
1347 0.180129
1348 0.168658
1349 0.181504
1350 0.165677
1351 0.176243
1352 0.173205
1353 0.172832
1354 0.177304
1355 0.176021
1356 0.178137
1357 0.183283
1358 0.171511
1359 0.182586
1360 0.171947
1361 0.166011
1362 0.167862
1363 0.162861
1364 0.177175
1365 0.165456
1366 0.182579
1367 0.167117
1368 0.170565
1369 0.181776
1370 0.17597
1371 0.179239
1372 0.183066
1373 0.177886
1374 0.176187
1375 0.177821
1376 0.180789
1377 0.168048
1378 0.175946
1379 0.171544
1380 0.162818
1381 0.174033
1382 0.182267
1383 0.183557
1384 0.176075
1385 0.187705
1386 0.177966
1387 0.171107
1388 0.185334
1389 0.173623
1390 0.184909
1391 0.185211
1392 0.180447
1393 0.180015
1394 0.164833
1395 0.176499
1396 0.182831
1397 0.177679
1398 0.182055
1399 0.17712
1400 0.170157
1401 0.173453
1402 0.174876
1403 0.162829
1404 0.180861
1405 0.185816
1406 0.172117
1407 0.172076
1408 0.182811
1409 0.179277
1410 0.175826
1411 0.171219
1412 0.181703
1413 0.168653
1414 0.183412
1415 0.172675
1416 0.172971
1417 0.174022
1418 0.173598
1419 0.163252
1420 0.171229
1421 0.181249
1422 0.171398
1423 0.171273
1424 0.182806
1425 0.169939
1426 0.175279
1427 0.167293
1428 0.171581
1429 0.176687
1430 0.169475
1431 0.165794
1432 0.164604
1433 0.182866
1434 0.167047
1435 0.184002
1436 0.182176
1437 0.16632
1438 0.170806
1439 0.171059
1440 0.175462
1441 0.173958
1442 0.167511
1443 0.172109
1444 0.184014
1445 0.170516
1446 0.169573
1447 0.18295
1448 0.185869
1449 0.185292
1450 0.178421
1451 0.188985
1452 0.170748
1453 0.184764
1454 0.175501
1455 0.175404
1456 0.172483
1457 0.164271
1458 0.182302
1459 0.166377
1460 0.167637
1461 0.18195
1462 0.17771
1463 0.182193
1464 0.176
1465 0.183807
1466 0.181473
1467 0.177513
1468 0.184259
1469 0.172358
1470 0.177726
1471 0.180839
1472 0.168152
1473 0.167382
1474 0.182616
1475 0.178734
1476 0.170526
1477 0.183643
1478 0.183473
1479 0.184864
1480 0.187332
1481 0.185156
1482 0.179426
1483 0.180089
1484 0.179328
1485 0.177141
1486 0.182856
1487 0.175939
1488 0.16492
1489 0.176539
1490 0.185285
1491 0.168466
1492 0.167003
1493 0.162475
1494 0.180717
1495 0.168173
1496 0.177495
1497 0.170517
1498 0.178214
1499 0.169365
1500 0.178616
1501 0.171899
1502 0.173444
1503 0.169326
1504 0.174471
1505 0.1787
1506 0.175118
1507 0.17145
1508 0.167803
1509 0.173258
1510 0.177355
1511 0.170663
1512 0.170078
1513 0.179191
1514 0.184281
1515 0.186408
1516 0.181546
1517 0.174734
1518 0.182296
1519 0.172522
1520 0.173921
1521 0.173057
1522 0.164352
1523 0.160733
1524 0.166092
1525 0.172984
1526 0.164651
1527 0.168822
1528 0.172737
1529 0.170962
1530 0.174315
1531 0.185578
1532 0.174797
1533 0.18405
1534 0.179333
1535 0.177015
1536 0.180744
1537 0.170274
1538 0.168608
1539 0.162528
1540 0.175229
1541 0.181184
1542 0.17689
1543 0.168286
1544 0.166631
1545 0.162658
1546 0.172351
1547 0.167071
1548 0.180087
1549 0.175296
1550 0.186595
1551 0.169559
1552 0.168632
1553 0.168071
1554 0.179851
1555 0.186494
1556 0.171602
1557 0.185104
1558 0.179346
1559 0.181292
1560 0.168834
1561 0.170109
1562 0.166247
1563 0.178784
1564 0.181534
1565 0.182128
1566 0.175436
1567 0.180906
1568 0.17514
1569 0.164637
1570 0.181324
1571 0.174395
1572 0.168783
1573 0.166122
1574 0.167476
1575 0.170191
1576 0.181252
1577 0.178397
1578 0.168562
1579 0.172072
1580 0.180449
1581 0.179688
1582 0.173001
1583 0.16242
1584 0.181869
1585 0.183665
1586 0.170344
1587 0.165844
1588 0.164148
1589 0.173174
1590 0.167004
1591 0.181266
1592 0.184967
1593 0.179998
1594 0.18804
1595 0.171731
1596 0.177837
1597 0.175224
1598 0.184065
1599 0.173515
1600 0.163384
1601 0.174879
1602 0.173688
1603 0.170608
1604 0.178273
1605 0.175886
1606 0.179513
1607 0.177997
1608 0.187428
1609 0.179532
1610 0.186492
1611 0.179754
1612 0.184518
1613 0.169379
1614 0.178894
1615 0.186027
1616 0.183895
1617 0.169247
1618 0.184015
1619 0.180726
1620 0.171568
1621 0.163662
1622 0.163838
1623 0.162192
1624 0.173834
1625 0.182655
1626 0.187552
1627 0.173462
1628 0.183315
1629 0.168614
1630 0.181847
1631 0.181879
1632 0.173011
1633 0.175503
1634 0.18473
1635 0.168984
1636 0.170303
1637 0.183261
1638 0.177724
1639 0.185569
1640 0.176083
1641 0.184201
1642 0.171665
1643 0.173724
1644 0.165041
1645 0.182027
1646 0.165122
1647 0.178765
1648 0.170557
1649 0.167529
1650 0.161492
1651 0.176131
1652 0.165668
1653 0.179284
1654 0.174768
1655 0.168458
1656 0.163826
1657 0.167397
1658 0.161528
1659 0.165159
1660 0.16216
1661 0.162514
1662 0.165621
1663 0.175783
1664 0.170513
1665 0.169923
1666 0.173129
1667 0.174556
1668 0.169638
1669 0.176774
1670 0.164318
1671 0.183542
1672 0.172592
1673 0.183426
1674 0.172063
1675 0.18428
1676 0.1839
1677 0.166096
1678 0.180663
1679 0.175166
1680 0.17385
1681 0.168982
1682 0.180769
1683 0.169006
1684 0.183424
1685 0.176909
1686 0.177751
1687 0.173285
1688 0.164826
1689 0.1711
1690 0.179284
1691 0.174947
1692 0.182077
1693 0.171918
1694 0.172348
1695 0.180052
1696 0.182686
1697 0.183521
1698 0.16869
1699 0.172776
1700 0.178404
1701 0.170141
1702 0.169681
1703 0.172127
1704 0.171606
1705 0.182948
1706 0.173107
1707 0.183826
1708 0.167356
1709 0.176892
1710 0.172105
1711 0.181794
1712 0.167611
1713 0.168316
1714 0.183911
1715 0.164762
1716 0.178792
1717 0.186345
1718 0.17776
1719 0.172948
1720 0.164075
1721 0.180285
1722 0.173926
1723 0.176801
1724 0.1787
1725 0.18476
1726 0.169729
1727 0.16832
1728 0.172204
1729 0.184993
1730 0.166763
1731 0.168127
1732 0.181798
1733 0.181826
1734 0.183685
1735 0.167183
1736 0.174011
1737 0.16963
1738 0.170734
1739 0.167097
1740 0.177756
1741 0.176822
1742 0.182819
1743 0.171794
1744 0.186937
1745 0.167807
1746 0.168046
1747 0.182187
1748 0.169691
1749 0.169321
1750 0.169302
1751 0.184103
1752 0.173703
1753 0.185296
1754 0.169094
1755 0.175911
1756 0.178583
1757 0.18035
1758 0.183021
1759 0.170253
1760 0.179022
1761 0.169444
1762 0.169431
1763 0.161042
1764 0.178103
1765 0.180204
1766 0.182825
1767 0.17935
1768 0.174857
1769 0.165902
1770 0.183273
1771 0.181446
1772 0.16483
1773 0.176205
1774 0.179256
1775 0.186063
1776 0.188467
1777 0.172367
1778 0.185488
1779 0.189138
1780 0.179829
1781 0.186381
1782 0.175988
1783 0.171559
1784 0.179431
1785 0.170371
1786 0.172874
1787 0.165175
1788 0.171383
1789 0.18405
1790 0.181286
1791 0.168315
1792 0.181233
1793 0.16705
1794 0.170112
1795 0.1731
1796 0.177076
1797 0.168362
1798 0.164042
1799 0.16918
1800 0.179201
1801 0.177266
1802 0.166303
1803 0.171785
1804 0.176703
1805 0.166732
1806 0.178295
1807 0.173826
1808 0.1631
1809 0.178255
1810 0.172961
1811 0.178242
1812 0.184707
1813 0.172651
1814 0.17581
1815 0.176935
1816 0.177541
1817 0.182694
1818 0.16931
1819 0.17907
1820 0.177886
1821 0.180943
1822 0.166746
1823 0.169542
1824 0.181137
1825 0.170452
1826 0.184854
1827 0.177322
1828 0.180932
1829 0.167881
1830 0.174142
1831 0.170957
1832 0.1632
1833 0.163189
1834 0.172441
1835 0.173598
1836 0.162285
1837 0.182519
1838 0.173694
1839 0.183962
1840 0.18686
1841 0.17472
1842 0.172819
1843 0.173156
1844 0.171062
1845 0.179248
1846 0.175353
1847 0.181901
1848 0.185013
1849 0.17192
1850 0.165073
1851 0.170372
1852 0.184649
1853 0.171728
1854 0.168782
1855 0.176338
1856 0.1664
1857 0.182165
1858 0.177827
1859 0.173556
1860 0.16579
1861 0.173729
1862 0.167326
1863 0.169117
1864 0.178916
1865 0.177919
1866 0.171363
1867 0.178028
1868 0.179339
1869 0.187243
1870 0.179764
1871 0.179462
1872 0.184979
1873 0.175084
1874 0.163971
1875 0.175099
1876 0.185655
1877 0.174612
1878 0.180215
1879 0.183898
1880 0.171561
1881 0.168896
1882 0.179078
1883 0.178585
1884 0.172876
1885 0.174535
1886 0.168077
1887 0.177374
1888 0.187454
1889 0.170238
1890 0.16592
1891 0.175611
1892 0.176171
1893 0.182427
1894 0.179876
1895 0.175751
1896 0.180211
1897 0.170269
1898 0.171107
1899 0.175965
1900 0.165354
1901 0.166681
1902 0.171835
1903 0.176423
1904 0.174751
1905 0.172717
1906 0.169436
1907 0.176274
1908 0.164533
1909 0.167615
1910 0.161475
1911 0.180368
1912 0.174288
1913 0.174697
1914 0.168674
1915 0.172241
1916 0.182412
1917 0.181511
1918 0.168953
1919 0.171313
1920 0.17838
1921 0.168047
1922 0.16991
1923 0.175299
1924 0.17879
1925 0.175066
1926 0.183673
1927 0.175983
1928 0.178427
1929 0.175861
1930 0.169769
1931 0.177146
1932 0.170104
1933 0.165339
1934 0.174611
1935 0.16979
1936 0.179435
1937 0.177746
1938 0.186727
1939 0.178773
1940 0.178153
1941 0.180491
1942 0.168497
1943 0.175321
1944 0.165532
1945 0.160792
1946 0.177315
1947 0.178872
1948 0.179562
1949 0.174006
1950 0.165848
1951 0.16516
1952 0.182856
1953 0.17011
1954 0.176345
1955 0.175355
1956 0.167111
1957 0.176767
1958 0.166616
1959 0.183296
1960 0.176565
1961 0.176918
1962 0.171439
1963 0.177352
1964 0.179125
1965 0.181732
1966 0.172361
1967 0.173208
1968 0.178375
1969 0.17386
1970 0.177723
1971 0.168876
1972 0.173171
1973 0.171458
1974 0.16638
1975 0.174646
1976 0.179947
1977 0.180589
1978 0.185298
1979 0.168285
1980 0.176006
1981 0.184336
1982 0.184199
1983 0.181552
1984 0.18759
1985 0.173151
1986 0.183948
1987 0.1675
1988 0.169814
1989 0.166906
1990 0.176717
1991 0.176107
1992 0.17399
1993 0.177372
1994 0.166844
1995 0.161847
1996 0.173691
1997 0.185307
1998 0.165569
1999 0.182229
2000 0.175326
2001 0.167534
2002 0.170685
2003 0.162471
2004 0.180455
2005 0.186245
2006 0.187269
2007 0.175568
2008 0.186129
2009 0.175785
2010 0.174119
2011 0.173093
2012 0.172115
2013 0.167977
2014 0.162951
2015 0.1734
2016 0.179179
2017 0.185558
2018 0.183792
2019 0.177245
2020 0.183996
2021 0.166301
2022 0.177777
2023 0.171685
2024 0.167582
2025 0.178863
2026 0.175483
2027 0.169652
2028 0.170063
2029 0.181701
2030 0.169468
2031 0.179262
2032 0.186113
2033 0.171796
2034 0.177748
2035 0.177202
2036 0.174023
2037 0.179281
2038 0.172675
2039 0.170073
2040 0.181414
2041 0.182215
2042 0.187885
2043 0.180906
2044 0.17543
2045 0.178925
2046 0.185303
2047 0.187407
2048 0.174896
2049 0.164313
2050 0.174905
2051 0.16712
2052 0.162746
2053 0.16043
2054 0.171904
2055 0.174472
2056 0.184312
2057 0.188527
2058 0.185335
2059 0.176595
2060 0.185079
2061 0.188742
2062 0.180409
2063 0.176255
2064 0.181673
2065 0.187181
2066 0.183151
2067 0.175375
2068 0.169559
2069 0.177851
2070 0.179673
2071 0.167507
2072 0.16231
2073 0.173569
2074 0.173247
2075 0.179784
2076 0.183602
2077 0.175683
2078 0.174823
2079 0.176286
2080 0.178378
2081 0.179299
2082 0.174898
2083 0.178464
2084 0.185418
2085 0.175279
2086 0.175476
2087 0.180398
2088 0.174338
2089 0.167563
2090 0.169773
2091 0.162862
2092 0.162991
2093 0.162514
2094 0.169728
2095 0.176934
2096 0.168534
2097 0.182919
2098 0.188302
2099 0
