0 -1015.46
1 -45.4821
2 -23.1013
3 -27.7497
4 -6.55862
5 -0.714914
6 0.102141
7 0.201642
8 0.171069
9 0.179261
10 0.165815
11 0.1648
12 0.152747
13 0.176377
14 0.194533
15 0.17337
16 0.187459
17 0.166281
18 0.171892
19 0.168604
20 0.155104
21 0.18729
22 0.158716
23 0.160985
24 0.18404
25 0.175815
26 0.174431
27 0.175949
28 0.181093
29 0.190647
30 0.175941
31 0.17902
32 0.167671
33 0.15675
34 0.167179
35 0.16158
36 0.152715
37 0.174521
38 0.155742
39 0.172745
40 0.199648
41 0.180863
42 0.18097
43 0.204637
44 0.208147
45 0.199545
46 0.208666
47 0.198934
48 0.185667
49 0.170899
50 0.20818
51 0.165616
52 0.163748
53 0.199911
54 0.167027
55 0.174589
56 0.181606
57 0.164833
58 0.161429
59 0.16107
60 0.14799
61 0.15598
62 0.15131
63 0.147083
64 0.143554
65 0.16664
66 0.160128
67 0.166212
68 0.166154
69 0.176203
70 0.162494
71 0.168208
72 0.194528
73 0.179135
74 0.167315
75 0.150014
76 0.164629
77 0.154041
78 0.158533
79 0.149955
80 0.149142
81 0.17279
82 0.158677
83 0.187095
84 0.178068
85 0.190378
86 0.186604
87 0.173754
88 0.155717
89 0.149792
90 0.157212
91 0.157888
92 0.15702
93 0.149886
94 0.155041
95 0.167468
96 0.150726
97 0.154669
98 0.15797
99 0.169977
100 0.144926
101 0.154743
102 0.153749
103 0.161037
104 0.154476
105 0.149225
106 0.193647
107 0.174169
108 0.159351
109 0.162289
110 0.149099
111 0.155199
112 0.154576
113 0.157612
114 0.158257
115 0.150267
116 0.156469
117 0.156214
118 0.176783
119 0.172665
120 0.193223
121 0.173038
122 0.161485
123 0.181013
124 0.159239
125 0.179656
126 0.176321
127 0.166447
128 0.177837
129 0.184069
130 0.168849
131 0.181053
132 0.176782
133 0.171614
134 0.176832
135 0.16701
136 0.155682
137 0.182171
138 0.188194
139 0.166664
140 0.185297
141 0.211364
142 0.195786
143 0.164861
144 0.177797
145 0.159183
146 0.155881
147 0.161684
148 0.159118
149 0.160703
150 0.158368
151 0.177564
152 0.176021
153 0.163943
154 0.16209
155 0.173578
156 0.184801
157 0.167169
158 0.172306
159 0.17972
160 0.178288
161 0.163228
162 0.17081
163 0.163476
164 0.147936
165 0.173032
166 0.161976
167 0.174393
168 0.183219
169 0.182558
170 0.197788
171 0.184544
172 0.165518
173 0.177776
174 0.176903
175 0.16857
176 0.173252
177 0.165646
178 0.177093
179 0.192486
180 0.173157
181 0.184948
182 0.177948
183 0.213298
184 0.169926
185 0.165305
186 0.166449
187 0.152716
188 0.19131
189 0.168185
190 0.166195
191 0.203592
192 0.185184
193 0.185262
194 0.198623
195 0.182514
196 0.195071
197 0.174969
198 0.165288
199 0.143769
200 0.154466
201 0.162166
202 0.152396
203 0.155309
204 0.169267
205 0.191503
206 0.170806
207 0.150622
208 0.163688
209 0.160542
210 0.159981
211 0.152569
212 0.205027
213 0.196727
214 0.162058
215 0.174553
216 0.191678
217 0.169229
218 0.168182
219 0.208222
220 0.166248
221 0.196653
222 0.187683
223 0.161892
224 0.203878
225 0.185649
226 0.163568
227 0.189743
228 0.183744
229 0.152078
230 0.186468
231 0.189418
232 0.165693
233 0.189687
234 0.189531
235 0.165598
236 0.188681
237 0.19521
238 0.177994
239 0.190925
240 0.22287
241 0.175305
242 0.176675
243 0.165633
244 0.151162
245 0.156267
246 0.156412
247 0.169147
248 0.166171
249 0.15357
250 0.20753
251 0.181383
252 0.171717
253 0.17114
254 0.168769
255 0.165637
256 0.161695
257 0.175977
258 0.162367
259 0.161805
260 0.17148
261 0.187377
262 0.174094
263 0.162274
264 0.179664
265 0.180221
266 0.157792
267 0.178182
268 0.191338
269 0.163344
270 0.198491
271 0.195264
272 0.167153
273 0.178083
274 0.178231
275 0.165059
276 0.182565
277 0.175186
278 0.154989
279 0.206506
280 0.169345
281 0.160694
282 0.199489
283 0.170076
284 0.211702
285 0.175127
286 0.164119
287 0.184834
288 0.163434
289 0.191474
290 0.174899
291 0.207476
292 0.207257
293 0.18563
294 0.174797
295 0.197998
296 0.180186
297 0.177785
298 0.177688
299 0.163249
300 0.196259
301 0.172649
302 0.175848
303 0.192631
304 0.182678
305 0.159124
306 0.168495
307 0.182575
308 0.159446
309 0.180031
310 0.200575
311 0.19892
312 0.182048
313 0.153072
314 0.167007
315 0.154797
316 0.158029
317 0.163615
318 0.160643
319 0.163016
320 0.187381
321 0.189389
322 0.169384
323 0.208643
324 0.179582
325 0.17374
326 0.186168
327 0.179632
328 0.186941
329 0.179962
330 0.170012
331 0.177486
332 0.175535
333 0.165378
334 0.162637
335 0.175707
336 0.149201
337 0.161883
338 0.184535
339 0.160528
340 0.172294
341 0.172809
342 0.170785
343 0.17358
344 0.172708
345 0.160325
346 0.161197
347 0.162191
348 0.170183
349 0.159251
350 0.166365
351 0.180209
352 0.177911
353 0.211197
354 0.169687
355 0.191752
356 0.175569
357 0.14892
358 0.194626
359 0.16463
360 0.167909
361 0.184382
362 0.208071
363 0.17357
364 0.172736
365 0.187067
366 0.163236
367 0.16251
368 0.163029
369 0.147995
370 0.177429
371 0.157983
372 0.181581
373 0.154227
374 0.158603
375 0.155934
376 0.149225
377 0.1504
378 0.16065
379 0.175652
380 0.180902
381 0.188699
382 0.201428
383 0.184075
384 0.169134
385 0.166466
386 0.175291
387 0.158721
388 0.164603
389 0.163219
390 0.162268
391 0.164755
392 0.174581
393 0.171681
394 0.181958
395 0.164862
396 0.16383
397 0.163369
398 0.173897
399 0.167615
400 0.155721
401 0.167752
402 0.185262
403 0.188145
404 0.176431
405 0.190404
406 0.201203
407 0.166177
408 0.198813
409 0.192357
410 0.178379
411 0.1813
412 0.192223
413 0.208222
414 0.189929
415 0.186556
416 0.211663
417 0.178706
418 0.199857
419 0.196735
420 0.183525
421 0.174958
422 0.153858
423 0.188537
424 0.16648
425 0.153318
426 0.173121
427 0.158943
428 0.15788
429 0.169511
430 0.159873
431 0.159737
432 0.158795
433 0.168831
434 0.175799
435 0.175654
436 0.16603
437 0.209645
438 0.208608
439 0.168115
440 0.184957
441 0.195246
442 0.176828
443 0.174494
444 0.199064
445 0.202408
446 0.180949
447 0.172184
448 0.174633
449 0.173582
450 0.159001
451 0.162432
452 0.177377
453 0.162649
454 0.148347
455 0.162754
456 0.164316
457 0.155261
458 0.151096
459 0.156569
460 0.1714
461 0.163738
462 0.15942
463 0.204404
464 0.217133
465 0.173236
466 0.211269
467 0.221123
468 0.180852
469 0.192616
470 0.202889
471 0.171888
472 0.186455
473 0.172421
474 0.165615
475 0.18321
476 0.181819
477 0.207006
478 0.202
479 0.227949
480 0.17305
481 0.188052
482 0.208791
483 0.17275
484 0.183685
485 0.174615
486 0.198683
487 0.196771
488 0.17621
489 0.168811
490 0.163788
491 0.199823
492 0.176033
493 0.158775
494 0.186876
495 0.16725
496 0.152343
497 0.173306
498 0.166961
499 0.169383
500 0.166161
501 0.163531
502 0.164623
503 0.171725
504 0.157652
505 0.18586
506 0.207245
507 0.170284
508 0.170511
509 0.184148
510 0.168535
511 0.150084
512 0.177095
513 0.158289
514 0.159784
515 0.184212
516 0.181444
517 0.201392
518 0.18745
519 0.197544
520 0.197448
521 0.177718
522 0.177207
523 0.185942
524 0.17113
525 0.159384
526 0.156955
527 0.199762
528 0.176646
529 0.175085
530 0.183452
531 0.188883
532 0.194656
533 0.196558
534 0.199551
535 0.189291
536 0.183859
537 0.189924
538 0.178418
539 0.169566
540 0.194528
541 0.195971
542 0.170838
543 0.176223
544 0.192411
545 0.196225
546 0.167847
547 0.15625
548 0.19004
549 0.167612
550 0.16503
551 0.16463
552 0.168464
553 0.177534
554 0.16624
555 0.172372
556 0.173622
557 0.169032
558 0.198048
559 0.198408
560 0.176432
561 0.188477
562 0.168343
563 0.183926
564 0.182362
565 0.166454
566 0.163411
567 0.176667
568 0.176987
569 0.163441
570 0.187527
571 0.174005
572 0.164981
573 0.17862
574 0.165097
575 0.146233
576 0.164012
577 0.176315
578 0.152526
579 0.155261
580 0.182941
581 0.187322
582 0.162669
583 0.166931
584 0.176471
585 0.167689
586 0.187801
587 0.197914
588 0.216014
589 0.183441
590 0.208847
591 0.182024
592 0.181734
593 0.165046
594 0.17668
595 0.178677
596 0.157811
597 0.215322
598 0.177234
599 0.16949
600 0.184815
601 0.166456
602 0.184151
603 0.19169
604 0.168278
605 0.190192
606 0.179184
607 0.178907
608 0.15179
609 0.171771
610 0.165154
611 0.152411
612 0.198419
613 0.15918
614 0.158001
615 0.171826
616 0.164297
617 0.157136
618 0.154993
619 0.168084
620 0.155662
621 0.160599
622 0.153337
623 0.155576
624 0.158557
625 0.151266
626 0.163533
627 0.170511
628 0.170152
629 0.161296
630 0.173707
631 0.17406
632 0.167672
633 0.162214
634 0.193944
635 0.186326
636 0.168354
637 0.161647
638 0.185627
639 0.165437
640 0.161652
641 0.168801
642 0.16691
643 0.195185
644 0.182026
645 0.177089
646 0.197236
647 0.194918
648 0.197052
649 0.168479
650 0.169214
651 0.172211
652 0.167298
653 0.175053
654 0.169721
655 0.184853
656 0.160146
657 0.181519
658 0.186154
659 0.165238
660 0.1802
661 0.166663
662 0.162266
663 0.162554
664 0.147597
665 0.160917
666 0.160984
667 0.153153
668 0.169732
669 0.177418
670 0.170563
671 0.154939
672 0.164782
673 0.161312
674 0.150129
675 0.150996
676 0.149157
677 0.187222
678 0.181628
679 0.15996
680 0.19478
681 0.203811
682 0.164655
683 0.192167
684 0.167284
685 0.161331
686 0.166647
687 0.163081
688 0.153697
689 0.16099
690 0.162665
691 0.158898
692 0.152963
693 0.164756
694 0.15568
695 0.154259
696 0.162706
697 0.166498
698 0.159035
699 0.153563
700 0.163915
701 0.179433
702 0.176767
703 0.178073
704 0.180295
705 0.176838
706 0.192438
707 0.206105
708 0.18087
709 0.189592
710 0.167514
711 0.161645
712 0.180073
713 0.156518
714 0.159009
715 0.16362
716 0.156426
717 0.185636
718 0.166236
719 0.186242
720 0.213545
721 0.199621
722 0.165827
723 0.176895
724 0.169791
725 0.163603
726 0.18665
727 0.158533
728 0.175771
729 0.215545
730 0.177822
731 0.165643
732 0.188077
733 0.162305
734 0.159594
735 0.159501
736 0.152646
737 0.179246
738 0.172087
739 0.193756
740 0.187406
741 0.176799
742 0.158944
743 0.178956
744 0.153409
745 0.151712
746 0.186155
747 0.152575
748 0.156426
749 0.166671
750 0.166282
751 0.152739
752 0.156324
753 0.17859
754 0.162632
755 0.163869
756 0.171187
757 0.160754
758 0.161549
759 0.174508
760 0.161159
761 0.157561
762 0.187236
763 0.199967
764 0.178561
765 0.159841
766 0.170676
767 0.15677
768 0.156321
769 0.156799
770 0.174286
771 0.159673
772 0.172118
773 0.174905
774 0.163647
775 0.1537
776 0.176181
777 0.159674
778 0.161237
779 0.15182
780 0.166154
781 0.15784
782 0.153342
783 0.155425
784 0.203823
785 0.177193
786 0.15447
787 0.174419
788 0.172544
789 0.166042
790 0.162447
791 0.171818
792 0.181248
793 0.174054
794 0.174307
795 0.173324
796 0.180139
797 0.164788
798 0.161719
799 0.166226
800 0.152993
801 0.157953
802 0.155147
803 0.164054
804 0.153709
805 0.155653
806 0.160338
807 0.156167
808 0.163147
809 0.155739
810 0.150001
811 0.170031
812 0.168994
813 0.18297
814 0.157193
815 0.161133
816 0.186961
817 0.166191
818 0.174387
819 0.191648
820 0.170054
821 0.179768
822 0.181302
823 0.165812
824 0.172537
825 0.156765
826 0.15886
827 0.157978
828 0.16098
829 0.159886
830 0.157529
831 0.152632
832 0.167661
833 0.162238
834 0.183672
835 0.170436
836 0.161969
837 0.16039
838 0.168666
839 0.156146
840 0.159958
841 0.160413
842 0.181756
843 0.164054
844 0.159417
845 0.173211
846 0.161298
847 0.158173
848 0.17327
849 0.172054
850 0.163844
851 0.159683
852 0.159959
853 0.153377
854 0.16838
855 0.149275
856 0.147323
857 0.183626
858 0.175518
859 0.174872
860 0.172139
861 0.163794
862 0.166747
863 0.164613
864 0.167144
865 0.150862
866 0.190369
867 0.174751
868 0.16494
869 0.17681
870 0.171983
871 0.189054
872 0.180787
873 0.17623
874 0.174585
875 0.168862
876 0.168008
877 0.172123
878 0.163915
879 0.159556
880 0.183165
881 0.191163
882 0.171261
883 0.175945
884 0.17785
885 0.171003
886 0.173032
887 0.163712
888 0.164479
889 0.176475
890 0.173061
891 0.166563
892 0.191934
893 0.181438
894 0.172849
895 0.1899
896 0.183177
897 0.18446
898 0.15878
899 0.170348
900 0.168028
901 0.157725
902 0.154881
903 0.152649
904 0.168616
905 0.162172
906 0.170764
907 0.172231
908 0.204347
909 0.20664
910 0.193776
911 0.193465
912 0.200121
913 0.219333
914 0.178307
915 0.195383
916 0.189266
917 0.162746
918 0.190348
919 0.165532
920 0.196385
921 0.16686
922 0.167362
923 0.150946
924 0.152341
925 0.177638
926 0.153709
927 0.157766
928 0.166103
929 0.169105
930 0.173333
931 0.167129
932 0.166315
933 0.162937
934 0.177301
935 0.160558
936 0.155585
937 0.17158
938 0.161353
939 0.163936
940 0.153547
941 0.155495
942 0.18269
943 0.158386
944 0.158516
945 0.174009
946 0.159413
947 0.160026
948 0.146644
949 0.157511
950 0.160872
951 0.161993
952 0.155386
953 0.155845
954 0.196695
955 0.175533
956 0.148103
957 0.16203
958 0.156439
959 0.174102
960 0.17021
961 0.151976
962 0.184175
963 0.193009
964 0.181228
965 0.174021
966 0.169441
967 0.170285
968 0.177022
969 0.171055
970 0.184863
971 0.217439
972 0.20171
973 0.17153
974 0.166167
975 0.149632
976 0.162474
977 0.160833
978 0.15582
979 0.172258
980 0.165769
981 0.177075
982 0.184826
983 0.16851
984 0.18602
985 0.181711
986 0.170782
987 0.172419
988 0.17719
989 0.167119
990 0.16346
991 0.16573
992 0.158118
993 0.151123
994 0.154693
995 0.142984
996 0.167882
997 0.15035
998 0.163027
999 0.163603
1000 0.190945
1001 0.178589
1002 0.163761
1003 0.184231
1004 0.164511
1005 0.202217
1006 0.178906
1007 0.163012
1008 0.184772
1009 0.175704
1010 0.169103
1011 0.162546
1012 0.159294
1013 0.179255
1014 0.16438
1015 0.157811
1016 0.192192
1017 0.174025
1018 0.181726
1019 0.17645
1020 0.166786
1021 0.168964
1022 0.173728
1023 0.163957
1024 0.157846
1025 0.154234
1026 0.155357
1027 0.158182
1028 0.150803
1029 0.151363
1030 0.157612
1031 0.153768
1032 0.156812
1033 0.164972
1034 0.153215
1035 0.158183
1036 0.161982
1037 0.173263
1038 0.167456
1039 0.154379
1040 0.176429
1041 0.177738
1042 0.19022
1043 0.161035
1044 0.185676
1045 0.178401
1046 0.15365
1047 0.152953
1048 0.167836
1049 0.160694
1050 0.161142
1051 0.171604
1052 0.17285
1053 0.168244
1054 0.186974
1055 0.171394
1056 0.172759
1057 0.194845
1058 0.225865
1059 0.174731
1060 0.167711
1061 0.177614
1062 0.157446
1063 0.168625
1064 0.168354
1065 0.161495
1066 0.189742
1067 0.168046
1068 0.158723
1069 0.182581
1070 0.167997
1071 0.159563
1072 0.202684
1073 0.175842
1074 0.179842
1075 0.168468
1076 0.161429
1077 0.189405
1078 0.174617
1079 0.181727
1080 0.173091
1081 0.163951
1082 0.203993
1083 0.175843
1084 0.168497
1085 0.185586
1086 0.190937
1087 0.176359
1088 0.156017
1089 0.186048
1090 0.187049
1091 0.164993
1092 0.166904
1093 0.159787
1094 0.187386
1095 0.161279
1096 0.152807
1097 0.175325
1098 0.163638
1099 0.16411
1100 0.181308
1101 0.168043
1102 0.165563
1103 0.200714
1104 0.166081
1105 0.155794
1106 0.177979
1107 0.183475
1108 0.173182
1109 0.189608
1110 0.19307
1111 0.16861
1112 0.17698
1113 0.18481
1114 0.158085
1115 0.164707
1116 0.149279
1117 0.177954
1118 0.165161
1119 0.162881
1120 0.154574
1121 0.163311
1122 0.167451
1123 0.152348
1124 0.155388
1125 0.195962
1126 0.176698
1127 0.193376
1128 0.198323
1129 0.185585
1130 0.211872
1131 0.184572
1132 0.192589
1133 0.1866
1134 0.178588
1135 0.169477
1136 0.15807
1137 0.186398
1138 0.163307
1139 0.178759
1140 0.210325
1141 0.174644
1142 0.201766
1143 0.204603
1144 0.178144
1145 0.170118
1146 0.202611
1147 0.176903
1148 0.181831
1149 0.161231
1150 0.175876
1151 0.207789
1152 0.175445
1153 0.202869
1154 0.192964
1155 0.17465
1156 0.213201
1157 0.17807
1158 0.17473
1159 0.181578
1160 0.17459
1161 0.179447
1162 0.165858
1163 0.18557
1164 0.186443
1165 0.171032
1166 0.158337
1167 0.183565
1168 0.168196
1169 0.161677
1170 0.154811
1171 0.161091
1172 0.161171
1173 0.159587
1174 0.163804
1175 0.18697
1176 0.204855
1177 0.182689
1178 0.163982
1179 0.171909
1180 0.165585
1181 0.164532
1182 0.157086
1183 0.152935
1184 0.168196
1185 0.171848
1186 0.163723
1187 0.167731
1188 0.165693
1189 0.19204
1190 0.163384
1191 0.161408
1192 0.219571
1193 0.169573
1194 0.153196
1195 0.19169
1196 0.171363
1197 0.167295
1198 0.193365
1199 0.176971
1200 0.192772
1201 0.214168
1202 0.179169
1203 0.157569
1204 0.181585
1205 0.167111
1206 0.156839
1207 0.148261
1208 0.176539
1209 0.175101
1210 0.16693
1211 0.164433
1212 0.16703
1213 0.159243
1214 0.163119
1215 0.160563
1216 0.165882
1217 0.155323
1218 0.159578
1219 0.16662
1220 0.157121
1221 0.170058
1222 0.184248
1223 0.182463
1224 0.170817
1225 0.160651
1226 0.154947
1227 0.1676
1228 0.165553
1229 0.159272
1230 0.175168
1231 0.172701
1232 0.161303
1233 0.176454
1234 0.160581
1235 0.183065
1236 0.200059
1237 0.183298
1238 0.211837
1239 0.203215
1240 0.21449
1241 0.185997
1242 0.171059
1243 0.189719
1244 0.170578
1245 0.160641
1246 0.147804
1247 0.15264
1248 0.163078
1249 0.155559
1250 0.162133
1251 0.162123
1252 0.153518
1253 0.160353
1254 0.159773
1255 0.177928
1256 0.181273
1257 0.179708
1258 0.201232
1259 0.18603
1260 0.161307
1261 0.167032
1262 0.155259
1263 0.147773
1264 0.172148
1265 0.174924
1266 0.157022
1267 0.195162
1268 0.185429
1269 0.164654
1270 0.161234
1271 0.16221
1272 0.16192
1273 0.168379
1274 0.172717
1275 0.16037
1276 0.18852
1277 0.208725
1278 0.169615
1279 0.18891
1280 0.1964
1281 0.181326
1282 0.173814
1283 0.169222
1284 0.17404
1285 0.161672
1286 0.160881
1287 0.174317
1288 0.159953
1289 0.16864
1290 0.175358
1291 0.193835
1292 0.16683
1293 0.179097
1294 0.167027
1295 0.161517
1296 0.164183
1297 0.165404
1298 0.171858
1299 0.17382
1300 0.196156
1301 0.166839
1302 0.190268
1303 0.16748
1304 0.158079
1305 0.20316
1306 0.170149
1307 0.171381
1308 0.170365
1309 0.153055
1310 0.146546
1311 0.149892
1312 0.155286
1313 0.143793
1314 0.15047
1315 0.18091
1316 0.168933
1317 0.16205
1318 0.161252
1319 0.18396
1320 0.156617
1321 0.151823
1322 0.163552
1323 0.158561
1324 0.158656
1325 0.153278
1326 0.160022
1327 0.174476
1328 0.15996
1329 0.156384
1330 0.16829
1331 0.165399
1332 0.154281
1333 0.146208
1334 0.17261
1335 0.17423
1336 0.154691
1337 0.164173
1338 0.153954
1339 0.162248
1340 0.152678
1341 0.155284
1342 0.162501
1343 0.185811
1344 0.160272
1345 0.166139
1346 0.209568
1347 0.17704
1348 0.165073
1349 0.196317
1350 0.170966
1351 0.164175
1352 0.175173
1353 0.164091
1354 0.181095
1355 0.17435
1356 0.173167
1357 0.183878
1358 0.177423
1359 0.188585
1360 0.17651
1361 0.158238
1362 0.164972
1363 0.16283
1364 0.154572
1365 0.157093
1366 0.149601
1367 0.155641
1368 0.157807
1369 0.194805
1370 0.165925
1371 0.173774
1372 0.198665
1373 0.181709
1374 0.181765
1375 0.195299
1376 0.18133
1377 0.165526
1378 0.176477
1379 0.168757
1380 0.159205
1381 0.17257
1382 0.172815
1383 0.164964
1384 0.171813
1385 0.206209
1386 0.204302
1387 0.174576
1388 0.213246
1389 0.18227
1390 0.182261
1391 0.212482
1392 0.180431
1393 0.190849
1394 0.163933
1395 0.179139
1396 0.196725
1397 0.165764
1398 0.186879
1399 0.19036
1400 0.170017
1401 0.180913
1402 0.183682
1403 0.162651
1404 0.184392
1405 0.202605
1406 0.163219
1407 0.183957
1408 0.208585
1409 0.178275
1410 0.174114
1411 0.1834
1412 0.186066
1413 0.166148
1414 0.180127
1415 0.172547
1416 0.16179
1417 0.185589
1418 0.174674
1419 0.161469
1420 0.169161
1421 0.177937
1422 0.155213
1423 0.164754
1424 0.193541
1425 0.165857
1426 0.167042
1427 0.167278
1428 0.163113
1429 0.1708
1430 0.16561
1431 0.163306
1432 0.163878
1433 0.166572
1434 0.157524
1435 0.167248
1436 0.181774
1437 0.176628
1438 0.187273
1439 0.175357
1440 0.160618
1441 0.156849
1442 0.162777
1443 0.162223
1444 0.177984
1445 0.161185
1446 0.16495
1447 0.203402
1448 0.172133
1449 0.17878
1450 0.192339
1451 0.214309
1452 0.175973
1453 0.187616
1454 0.191928
1455 0.167141
1456 0.179254
1457 0.165727
1458 0.176788
1459 0.168207
1460 0.147838
1461 0.204485
1462 0.167054
1463 0.172141
1464 0.187949
1465 0.190531
1466 0.194107
1467 0.182577
1468 0.20066
1469 0.186339
1470 0.184933
1471 0.194007
1472 0.173843
1473 0.167725
1474 0.196089
1475 0.172774
1476 0.156572
1477 0.201563
1478 0.19304
1479 0.181359
1480 0.213226
1481 0.204067
1482 0.198501
1483 0.203795
1484 0.199003
1485 0.181688
1486 0.190019
1487 0.185641
1488 0.159387
1489 0.182949
1490 0.19249
1491 0.163092
1492 0.164191
1493 0.17183
1494 0.156158
1495 0.156378
1496 0.160072
1497 0.170751
1498 0.166888
1499 0.162496
1500 0.163724
1501 0.163568
1502 0.162405
1503 0.163171
1504 0.170182
1505 0.169869
1506 0.168084
1507 0.173997
1508 0.162828
1509 0.166659
1510 0.172546
1511 0.155253
1512 0.172
1513 0.179122
1514 0.176754
1515 0.179733
1516 0.182911
1517 0.187682
1518 0.214684
1519 0.175083
1520 0.171685
1521 0.175563
1522 0.161242
1523 0.150239
1524 0.15144
1525 0.158359
1526 0.13567
1527 0.149084
1528 0.164218
1529 0.157966
1530 0.153413
1531 0.173827
1532 0.174088
1533 0.180555
1534 0.201632
1535 0.17414
1536 0.191372
1537 0.176984
1538 0.168091
1539 0.159052
1540 0.148943
1541 0.16649
1542 0.158887
1543 0.152719
1544 0.172684
1545 0.15483
1546 0.154353
1547 0.154395
1548 0.143092
1549 0.159627
1550 0.169856
1551 0.164121
1552 0.164803
1553 0.179953
1554 0.166492
1555 0.18422
1556 0.161337
1557 0.194577
1558 0.203453
1559 0.173096
1560 0.176085
1561 0.17198
1562 0.164461
1563 0.163278
1564 0.168296
1565 0.163216
1566 0.179276
1567 0.190856
1568 0.187685
1569 0.158248
1570 0.19722
1571 0.167571
1572 0.154227
1573 0.167691
1574 0.162521
1575 0.158137
1576 0.160703
1577 0.16343
1578 0.155649
1579 0.176877
1580 0.185318
1581 0.172613
1582 0.160241
1583 0.157612
1584 0.195793
1585 0.183762
1586 0.16293
1587 0.154383
1588 0.162065
1589 0.159597
1590 0.144373
1591 0.156948
1592 0.186874
1593 0.174042
1594 0.202034
1595 0.197531
1596 0.185352
1597 0.192092
1598 0.172505
1599 0.158958
1600 0.151237
1601 0.18485
1602 0.170067
1603 0.156134
1604 0.176826
1605 0.172493
1606 0.183237
1607 0.18328
1608 0.188639
1609 0.191569
1610 0.192203
1611 0.199554
1612 0.190012
1613 0.17633
1614 0.186854
1615 0.209722
1616 0.174964
1617 0.164803
1618 0.215063
1619 0.195312
1620 0.163347
1621 0.146549
1622 0.152157
1623 0.152358
1624 0.155966
1625 0.158453
1626 0.158384
1627 0.167353
1628 0.189252
1629 0.180117
1630 0.176722
1631 0.198769
1632 0.165208
1633 0.18263
1634 0.197528
1635 0.17317
1636 0.165751
1637 0.202929
1638 0.174874
1639 0.17472
1640 0.189596
1641 0.187427
1642 0.18118
1643 0.167089
1644 0.167821
1645 0.172744
1646 0.157758
1647 0.159694
1648 0.16141
1649 0.171945
1650 0.1498
1651 0.162282
1652 0.158308
1653 0.153157
1654 0.168882
1655 0.164217
1656 0.16013
1657 0.156776
1658 0.153129
1659 0.158713
1660 0.137044
1661 0.147418
1662 0.148359
1663 0.144377
1664 0.148677
1665 0.153522
1666 0.16922
1667 0.163321
1668 0.157493
1669 0.175136
1670 0.162307
1671 0.169322
1672 0.172508
1673 0.169522
1674 0.169205
1675 0.177357
1676 0.187014
1677 0.165927
1678 0.204813
1679 0.189995
1680 0.162133
1681 0.174865
1682 0.176875
1683 0.156826
1684 0.1668
1685 0.182357
1686 0.169724
1687 0.181447
1688 0.169731
1689 0.163294
1690 0.170836
1691 0.161665
1692 0.172184
1693 0.170207
1694 0.173219
1695 0.186629
1696 0.176177
1697 0.183567
1698 0.165838
1699 0.178659
1700 0.190379
1701 0.166597
1702 0.166642
1703 0.17192
1704 0.163385
1705 0.162583
1706 0.164785
1707 0.178032
1708 0.172308
1709 0.170633
1710 0.187101
1711 0.168767
1712 0.167898
1713 0.15584
1714 0.198994
1715 0.166504
1716 0.174124
1717 0.212958
1718 0.175205
1719 0.175959
1720 0.163479
1721 0.180897
1722 0.172907
1723 0.165262
1724 0.174971
1725 0.181009
1726 0.173829
1727 0.163579
1728 0.165154
1729 0.174917
1730 0.167855
1731 0.159292
1732 0.206386
1733 0.170049
1734 0.16915
1735 0.169164
1736 0.170173
1737 0.161101
1738 0.156297
1739 0.163625
1740 0.167388
1741 0.167957
1742 0.169757
1743 0.17117
1744 0.200988
1745 0.175018
1746 0.167448
1747 0.202889
1748 0.171498
1749 0.157912
1750 0.173828
1751 0.169986
1752 0.160635
1753 0.171615
1754 0.175599
1755 0.173088
1756 0.193985
1757 0.177234
1758 0.179397
1759 0.176399
1760 0.18443
1761 0.16848
1762 0.161131
1763 0.152605
1764 0.173771
1765 0.173514
1766 0.15498
1767 0.178115
1768 0.175438
1769 0.167305
1770 0.191483
1771 0.175092
1772 0.161856
1773 0.1981
1774 0.196709
1775 0.16725
1776 0.199112
1777 0.18546
1778 0.221567
1779 0.223559
1780 0.190981
1781 0.221402
1782 0.20726
1783 0.173084
1784 0.197062
1785 0.174568
1786 0.161359
1787 0.166566
1788 0.159392
1789 0.178519
1790 0.15905
1791 0.160546
1792 0.19501
1793 0.169942
1794 0.157867
1795 0.177959
1796 0.167135
1797 0.159688
1798 0.161934
1799 0.167519
1800 0.161434
1801 0.162561
1802 0.158375
1803 0.171667
1804 0.180307
1805 0.162157
1806 0.167334
1807 0.164828
1808 0.150479
1809 0.191174
1810 0.175154
1811 0.155784
1812 0.188473
1813 0.166137
1814 0.178145
1815 0.192131
1816 0.173227
1817 0.178132
1818 0.16667
1819 0.185961
1820 0.19023
1821 0.180023
1822 0.15449
1823 0.170384
1824 0.200981
1825 0.166733
1826 0.179214
1827 0.184162
1828 0.170846
1829 0.167634
1830 0.16736
1831 0.167103
1832 0.149869
1833 0.154391
1834 0.158548
1835 0.161892
1836 0.151915
1837 0.179338
1838 0.170834
1839 0.163085
1840 0.207232
1841 0.181504
1842 0.18023
1843 0.191444
1844 0.172177
1845 0.174168
1846 0.169708
1847 0.171963
1848 0.187996
1849 0.164302
1850 0.157032
1851 0.173532
1852 0.185599
1853 0.156001
1854 0.155017
1855 0.188751
1856 0.161614
1857 0.16527
1858 0.173459
1859 0.161491
1860 0.162437
1861 0.161659
1862 0.15163
1863 0.160347
1864 0.176866
1865 0.159982
1866 0.163471
1867 0.186152
1868 0.190413
1869 0.17418
1870 0.186986
1871 0.190252
1872 0.217689
1873 0.180175
1874 0.158718
1875 0.184645
1876 0.185045
1877 0.160981
1878 0.19042
1879 0.201219
1880 0.178851
1881 0.175823
1882 0.194061
1883 0.169269
1884 0.15703
1885 0.175684
1886 0.171779
1887 0.178467
1888 0.186655
1889 0.165197
1890 0.15876
1891 0.193885
1892 0.172111
1893 0.169791
1894 0.17682
1895 0.178779
1896 0.192178
1897 0.168873
1898 0.167663
1899 0.187519
1900 0.160961
1901 0.156277
1902 0.168882
1903 0.15453
1904 0.156528
1905 0.166597
1906 0.165481
1907 0.173463
1908 0.158486
1909 0.167828
1910 0.16201
1911 0.148849
1912 0.150044
1913 0.149642
1914 0.16376
1915 0.165237
1916 0.179061
1917 0.164476
1918 0.160805
1919 0.181223
1920 0.183909
1921 0.158175
1922 0.162214
1923 0.178609
1924 0.163516
1925 0.170918
1926 0.182397
1927 0.183053
1928 0.172288
1929 0.181283
1930 0.177803
1931 0.181884
1932 0.163461
1933 0.158684
1934 0.171308
1935 0.170447
1936 0.163065
1937 0.174894
1938 0.181648
1939 0.18113
1940 0.185478
1941 0.199544
1942 0.163654
1943 0.176722
1944 0.169055
1945 0.153389
1946 0.184158
1947 0.16266
1948 0.159138
1949 0.166253
1950 0.16255
1951 0.165438
1952 0.180569
1953 0.15761
1954 0.157307
1955 0.178973
1956 0.169914
1957 0.17394
1958 0.167069
1959 0.157717
1960 0.176192
1961 0.167026
1962 0.181197
1963 0.178807
1964 0.183104
1965 0.179336
1966 0.168042
1967 0.180012
1968 0.187237
1969 0.171342
1970 0.175563
1971 0.164919
1972 0.169534
1973 0.167854
1974 0.165949
1975 0.172059
1976 0.173649
1977 0.157169
1978 0.184379
1979 0.173113
1980 0.188709
1981 0.200308
1982 0.173159
1983 0.18252
1984 0.208375
1985 0.188076
1986 0.193907
1987 0.180078
1988 0.161337
1989 0.165759
1990 0.161721
1991 0.162302
1992 0.160924
1993 0.184561
1994 0.172247
1995 0.153875
1996 0.174594
1997 0.177281
1998 0.150917
1999 0.18197
2000 0.184967
2001 0.151413
2002 0.180061
2003 0.165966
2004 0.154443
2005 0.183122
2006 0.154512
2007 0.180886
2008 0.204783
2009 0.194911
2010 0.170631
2011 0.18912
2012 0.171052
2013 0.162274
2014 0.154592
2015 0.160611
2016 0.170749
2017 0.155352
2018 0.182891
2019 0.182601
2020 0.203953
2021 0.171071
2022 0.17408
2023 0.170105
2024 0.165557
2025 0.182606
2026 0.165312
2027 0.151447
2028 0.172082
2029 0.180655
2030 0.166908
2031 0.17107
2032 0.211085
2033 0.178517
2034 0.188097
2035 0.191286
2036 0.171954
2037 0.182011
2038 0.181201
2039 0.177105
2040 0.18873
2041 0.175113
2042 0.172173
2043 0.188198
2044 0.189878
2045 0.200583
2046 0.202023
2047 0.200903
2048 0.18167
2049 0.145336
2050 0.18645
2051 0.16633
2052 0.164321
2053 0.13678
2054 0.160019
2055 0.152067
2056 0.150734
2057 0.182197
2058 0.185086
2059 0.188019
2060 0.215307
2061 0.216157
2062 0.190635
2063 0.18915
2064 0.209452
2065 0.197088
2066 0.191615
2067 0.192592
2068 0.179605
2069 0.188167
2070 0.188317
2071 0.176818
2072 0.137767
2073 0.177797
2074 0.168227
2075 0.148923
2076 0.172317
2077 0.165309
2078 0.176887
2079 0.19323
2080 0.180316
2081 0.178533
2082 0.177221
2083 0.18946
2084 0.191145
2085 0.175556
2086 0.17867
2087 0.194439
2088 0.170275
2089 0.167874
2090 0.161428
2091 0.144266
2092 0.143934
2093 0.144304
2094 0.148617
2095 0.150489
2096 0.14674
2097 0.178401
2098 0.202401
2099 0
