0 -35.7462
1 5.96892
2 -15.3038
3 -6.77836
4 1.40641
5 6.73915
6 9.61843
7 9.42675
8 11.6059
9 6.70133
10 7.84789
11 -3.81855
12 -12.9114
13 -5.74214
14 -3.85168
15 -1.90387
16 0.0758886
17 0.17737
18 0.162712
19 0.166626
20 0.166273
21 0.184557
22 0.173775
23 0.157897
24 0.167803
25 0.154339
26 0.160952
27 0.168579
28 0.160577
29 0.175136
30 0.197607
31 0.165878
32 0.17121
33 0.166482
34 0.174479
35 0.173625
36 0.159763
37 0.167603
38 0.180786
39 0.173047
40 0.159374
41 0.170606
42 0.161389
43 0.169609
44 0.157568
45 0.158128
46 0.185932
47 0.177203
48 0.169097
49 0.187638
50 0.180893
51 0.17164
52 0.170916
53 0.173296
54 0.175642
55 0.180662
56 0.188439
57 0.197975
58 0.204603
59 0.192491
60 0.206219
61 0.189108
62 0.178919
63 0.19568
64 0.165366
65 0.163005
66 0.171304
67 0.166314
68 0.179841
69 0.146352
70 0.171128
71 0.186829
72 0.168368
73 0.192522
74 0.180629
75 0.201678
76 0.194429
77 0.178613
78 0.178817
79 0.17903
80 0.174382
81 0.166462
82 0.163493
83 0.169498
84 0.159749
85 0.162435
86 0.165334
87 0.153687
88 0.172254
89 0.177155
90 0.184098
91 0.168083
92 0.192292
93 0.210977
94 0.181139
95 0.167614
96 0.16838
97 0.194938
98 0.167621
99 0.1473
100 0.166944
101 0.162158
102 0.174065
103 0.181717
104 0.161637
105 0.192369
106 0.204511
107 0.167685
108 0.187833
109 0.194737
110 0.206092
111 0.198473
112 0.183005
113 0.184462
114 0.18386
115 0.171848
116 0.153695
117 0.158398
118 0.162642
119 0.162879
120 0.158399
121 0.17338
122 0.164915
123 0.162536
124 0.184518
125 0.165734
126 0.149943
127 0.158055
128 0.183115
129 0.160462
130 0.152814
131 0.17451
132 0.186368
133 0.187654
134 0.200751
135 0.200157
136 0.186102
137 0.182603
138 0.166719
139 0.161506
140 0.149188
141 0.165197
142 0.160342
143 0.151488
144 0.187369
145 0.180753
146 0.15395
147 0.179026
148 0.184963
149 0.17993
150 0.194094
151 0.18243
152 0.197388
153 0.19737
154 0.182482
155 0.170647
156 0.20691
157 0.174051
158 0.153822
159 0.174566
160 0.158036
161 0.146862
162 0.182505
163 0.182175
164 0.155205
165 0.172488
166 0.204258
167 0.169829
168 0.165681
169 0.181389
170 0.148264
171 0.182236
172 0.168133
173 0.153298
174 0.179487
175 0.16219
176 0.167087
177 0.166247
178 0.163433
179 0.154483
180 0.154906
181 0.196382
182 0.178709
183 0.174699
184 0.165273
185 0.180173
186 0.157479
187 0.155067
188 0.152723
189 0.146038
190 0.166348
191 0.177914
192 0.164015
193 0.162504
194 0.182446
195 0.167364
196 0.156721
197 0.164672
198 0.1603
199 0.157502
200 0.162084
201 0.166613
202 0.153301
203 0.166507
204 0.167173
205 0.168335
206 0.152546
207 0.171259
208 0.178572
209 0.162365
210 0.167151
211 0.167698
212 0.165136
213 0.160334
214 0.167606
215 0.168934
216 0.163648
217 0.18746
218 0.183534
219 0.175189
220 0.170775
221 0.172156
222 0.16867
223 0.178614
224 0.154904
225 0.172721
226 0.194018
227 0.163051
228 0.177183
229 0.178741
230 0.162347
231 0.178912
232 0.169328
233 0.172299
234 0.197096
235 0.174788
236 0.180953
237 0.169755
238 0.17144
239 0.17514
240 0.154713
241 0.180642
242 0.162182
243 0.161047
244 0.166357
245 0.160127
246 0.163935
247 0.154022
248 0.168384
249 0.168102
250 0.17104
251 0.185011
252 0.176062
253 0.169664
254 0.206833
255 0.176821
256 0.175926
257 0.188123
258 0.167578
259 0.184613
260 0.197829
261 0.179921
262 0.184936
263 0.174734
264 0.196802
265 0.2052
266 0.170651
267 0.188037
268 0.205825
269 0.200771
270 0.19375
271 0.1863
272 0.1753
273 0.170935
274 0.171175
275 0.164703
276 0.16814
277 0.188314
278 0.178643
279 0.189549
280 0.177578
281 0.164262
282 0.191527
283 0.163828
284 0.154391
285 0.157026
286 0.165912
287 0.157276
288 0.155593
289 0.165712
290 0.159121
291 0.183094
292 0.181112
293 0.189638
294 0.183377
295 0.185351
296 0.180739
297 0.172581
298 0.169618
299 0.162829
300 0.165675
301 0.177004
302 0.167571
303 0.164498
304 0.176916
305 0.188243
306 0.158718
307 0.16364
308 0.199249
309 0.165419
310 0.192013
311 0.203504
312 0.181039
313 0.174846
314 0.184033
315 0.175455
316 0.165743
317 0.173187
318 0.172749
319 0.178643
320 0.189055
321 0.19582
322 0.198919
323 0.206513
324 0.20916
325 0.175396
326 0.194992
327 0.195928
328 0.173489
329 0.198403
330 0.206451
331 0.190435
332 0.203524
333 0.212358
334 0.18834
335 0.190937
336 0.175115
337 0.174779
338 0.167567
339 0.170252
340 0.160744
341 0.159685
342 0.199639
343 0.165921
344 0.192056
345 0.185934
346 0.164773
347 0.176523
348 0.157659
349 0.17234
350 0.17083
351 0.156299
352 0.177498
353 0.170728
354 0.163929
355 0.160995
356 0.170778
357 0.155087
358 0.159692
359 0.182221
360 0.158007
361 0.158317
362 0.178969
363 0.166614
364 0.162056
365 0.188124
366 0.186777
367 0.185423
368 0.191186
369 0.177192
370 0.16529
371 0.176945
372 0.160994
373 0.163716
374 0.159373
375 0.152581
376 0.15297
377 0.162049
378 0.157795
379 0.150846
380 0.178749
381 0.17808
382 0.147789
383 0.172033
384 0.15659
385 0.154244
386 0.158571
387 0.145161
388 0.175338
389 0.178177
390 0.158851
391 0.187768
392 0.201808
393 0.185842
394 0.185644
395 0.180915
396 0.175665
397 0.176727
398 0.16179
399 0.165435
400 0.165569
401 0.172351
402 0.18796
403 0.182666
404 0.199307
405 0.195942
406 0.203373
407 0.211171
408 0.185237
409 0.197567
410 0.21523
411 0.198093
412 0.204899
413 0.189217
414 0.179024
415 0.197133
416 0.1815
417 0.174704
418 0.172036
419 0.178818
420 0.186618
421 0.170111
422 0.166191
423 0.193256
424 0.176747
425 0.168818
426 0.16454
427 0.164197
428 0.161958
429 0.156064
430 0.159696
431 0.166246
432 0.184196
433 0.182252
434 0.169141
435 0.190434
436 0.175697
437 0.159383
438 0.181553
439 0.164116
440 0.172842
441 0.194819
442 0.172201
443 0.173914
444 0.163212
445 0.165857
446 0.150616
447 0.150945
448 0.15561
449 0.150056
450 0.156628
451 0.186889
452 0.160552
453 0.147849
454 0.176065
455 0.173502
456 0.152415
457 0.163978
458 0.197083
459 0.170839
460 0.169095
461 0.183902
462 0.15909
463 0.167437
464 0.177657
465 0.173214
466 0.172774
467 0.175127
468 0.203601
469 0.177711
470 0.179731
471 0.195722
472 0.162795
473 0.18653
474 0.169601
475 0.172616
476 0.168022
477 0.154713
478 0.171163
479 0.164594
480 0.168887
481 0.172388
482 0.185087
483 0.169662
484 0.170383
485 0.193499
486 0.177096
487 0.168078
488 0.187915
489 0.181288
490 0.173628
491 0.19108
492 0.192244
493 0.178148
494 0.174
495 0.211608
496 0.186886
497 0.176691
498 0.173633
499 0.183209
500 0.168599
501 0.166268
502 0.164701
503 0.165672
504 0.163501
505 0.164052
506 0.172443
507 0.175517
508 0.168879
509 0.161544
510 0.165185
511 0.161049
512 0.15683
513 0.159271
514 0.169152
515 0.168625
516 0.200893
517 0.186569
518 0.19172
519 0.190165
520 0.18038
521 0.177099
522 0.166849
523 0.158815
524 0.176481
525 0.17905
526 0.173991
527 0.165781
528 0.180031
529 0.177172
530 0.161284
531 0.161053
532 0.146507
533 0.170372
534 0.168955
535 0.153553
536 0.179729
537 0.193761
538 0.160289
539 0.184654
540 0.175978
541 0.164827
542 0.177204
543 0.157449
544 0.188834
545 0.160919
546 0.156731
547 0.167088
548 0.159427
549 0.165399
550 0.16549
551 0.153789
552 0.172763
553 0.182924
554 0.15965
555 0.149472
556 0.174631
557 0.161129
558 0.157422
559 0.155429
560 0.170224
561 0.169386
562 0.170567
563 0.202091
564 0.182868
565 0.197658
566 0.180597
567 0.183896
568 0.196028
569 0.181095
570 0.173395
571 0.162668
572 0.194439
573 0.178413
574 0.173392
575 0.179842
576 0.194743
577 0.204763
578 0.200933
579 0.181949
580 0.180097
581 0.196331
582 0.169713
583 0.169337
584 0.178896
585 0.179017
586 0.172645
587 0.183831
588 0.18537
589 0.180839
590 0.172723
591 0.169444
592 0.184947
593 0.16729
594 0.163178
595 0.158399
596 0.162282
597 0.162389
598 0.152872
599 0.17093
600 0.164894
601 0.15889
602 0.179332
603 0.170187
604 0.17035
605 0.158266
606 0.151319
607 0.173835
608 0.154966
609 0.152539
610 0.16101
611 0.152433
612 0.175486
613 0.164961
614 0.161159
615 0.159321
616 0.17268
617 0.180059
618 0.158358
619 0.14606
620 0.151681
621 0.165517
622 0.162952
623 0.156239
624 0.167485
625 0.179873
626 0.165477
627 0.152312
628 0.178687
629 0.16409
630 0.16716
631 0.182519
632 0.168297
633 0.186642
634 0.17753
635 0.156888
636 0.157947
637 0.164026
638 0.153575
639 0.1475
640 0.156173
641 0.145714
642 0.150265
643 0.153323
644 0.149828
645 0.16547
646 0.176322
647 0.162881
648 0.163702
649 0.158699
650 0.16689
651 0.164361
652 0.161911
653 0.181971
654 0.173442
655 0.172841
656 0.198983
657 0.195059
658 0.170061
659 0.16459
660 0.186319
661 0.176452
662 0.152996
663 0.147221
664 0.167995
665 0.16718
666 0.156866
667 0.159761
668 0.19554
669 0.159314
670 0.17672
671 0.188102
672 0.15264
673 0.187619
674 0.193656
675 0.160564
676 0.170563
677 0.201026
678 0.18399
679 0.179259
680 0.172675
681 0.193173
682 0.185575
683 0.155746
684 0.183045
685 0.178964
686 0.165128
687 0.182927
688 0.195321
689 0.189575
690 0.172475
691 0.195104
692 0.196541
693 0.173966
694 0.166061
695 0.186814
696 0.186276
697 0.171829
698 0.200067
699 0.181306
700 0.183061
701 0.180572
702 0.172719
703 0.169355
704 0.160926
705 0.18556
706 0.167947
707 0.158086
708 0.17917
709 0.174419
710 0.159986
711 0.163411
712 0.170396
713 0.17459
714 0.156507
715 0.166029
716 0.156514
717 0.142738
718 0.155646
719 0.157924
720 0.154112
721 0.165396
722 0.169218
723 0.17931
724 0.169083
725 0.161812
726 0.162428
727 0.155611
728 0.178723
729 0.163658
730 0.165463
731 0.169795
732 0.173922
733 0.185128
734 0.176736
735 0.16098
736 0.176375
737 0.194746
738 0.174167
739 0.177261
740 0.167334
741 0.192678
742 0.17369
743 0.153644
744 0.167754
745 0.157496
746 0.170228
747 0.168418
748 0.165754
749 0.177691
750 0.193581
751 0.20229
752 0.187545
753 0.185445
754 0.174811
755 0.196215
756 0.18603
757 0.16501
758 0.188393
759 0.214595
760 0.195957
761 0.186122
762 0.212537
763 0.206526
764 0.185832
765 0.176732
766 0.166699
767 0.178129
768 0.17253
769 0.165683
770 0.182096
771 0.184835
772 0.176291
773 0.206972
774 0.192838
775 0.161583
776 0.167265
777 0.196839
778 0.158727
779 0.155494
780 0.1942
781 0.17715
782 0.174503
783 0.168635
784 0.200985
785 0.188848
786 0.164595
787 0.196319
788 0.187436
789 0.193248
790 0.183081
791 0.167901
792 0.18093
793 0.172822
794 0.16678
795 0.157511
796 0.158159
797 0.166766
798 0.168676
799 0.172335
800 0.165126
801 0.181016
802 0.191525
803 0.173236
804 0.175298
805 0.187743
806 0.171727
807 0.162626
808 0.191901
809 0.157945
810 0.154979
811 0.174726
812 0.172132
813 0.160375
814 0.173907
815 0.164951
816 0.146675
817 0.174425
818 0.15949
819 0.16271
820 0.167074
821 0.1792
822 0.209733
823 0.18842
824 0.165193
825 0.203976
826 0.197743
827 0.161865
828 0.18262
829 0.169038
830 0.158582
831 0.181072
832 0.162792
833 0.154393
834 0.173721
835 0.163074
836 0.145278
837 0.168676
838 0.169649
839 0.15464
840 0.181751
841 0.169175
842 0.173209
843 0.1849
844 0.161774
845 0.159171
846 0.164086
847 0.182964
848 0.163206
849 0.167987
850 0.169264
851 0.180231
852 0.177868
853 0.167179
854 0.165759
855 0.168868
856 0.176534
857 0.167747
858 0.171234
859 0.19741
860 0.173446
861 0.172516
862 0.189203
863 0.159171
864 0.187751
865 0.190476
866 0.184247
867 0.18034
868 0.174274
869 0.2078
870 0.167167
871 0.157747
872 0.17171
873 0.171293
874 0.163677
875 0.164593
876 0.176469
877 0.178005
878 0.167283
879 0.166657
880 0.18504
881 0.188318
882 0.189997
883 0.172423
884 0.190224
885 0.182698
886 0.186189
887 0.177633
888 0.153515
889 0.161049
890 0.170395
891 0.15197
892 0.150323
893 0.172619
894 0.1506
895 0.187428
896 0.18569
897 0.169266
898 0.169107
899 0.164526
900 0.156714
901 0.154978
902 0.160437
903 0.152966
904 0.181696
905 0.211989
906 0.20073
907 0.175581
908 0.176415
909 0.204123
910 0.174534
911 0.169617
912 0.197111
913 0.172962
914 0.171768
915 0.192679
916 0.165283
917 0.16496
918 0.184494
919 0.179959
920 0.174277
921 0.166571
922 0.176003
923 0.192802
924 0.164913
925 0.156258
926 0.159793
927 0.170742
928 0.156426
929 0.159127
930 0.185768
931 0.174704
932 0.192698
933 0.173081
934 0.165373
935 0.188036
936 0.16946
937 0.17137
938 0.186842
939 0.165511
940 0.174111
941 0.196019
942 0.160829
943 0.178733
944 0.189629
945 0.171666
946 0.186267
947 0.19726
948 0.199897
949 0.204677
950 0.19136
951 0.182375
952 0.192283
953 0.185155
954 0.168237
955 0.164272
956 0.190853
957 0.171484
958 0.156822
959 0.184746
960 0.174822
961 0.161347
962 0.168581
963 0.191915
964 0.16093
965 0.175565
966 0.2014
967 0.164385
968 0.18277
969 0.183372
970 0.151514
971 0.161711
972 0.170228
973 0.159128
974 0.161589
975 0.171911
976 0.198426
977 0.169933
978 0.198106
979 0.202581
980 0.171781
981 0.210504
982 0.183956
983 0.166781
984 0.181317
985 0.181333
986 0.16228
987 0.161847
988 0.193352
989 0.199709
990 0.206648
991 0.170598
992 0.171903
993 0.206815
994 0.175862
995 0.159797
996 0.176392
997 0.188497
998 0.17119
999 0.167007
1000 0.176644
1001 0.167895
1002 0.162685
1003 0.166641
1004 0.159039
1005 0.156754
1006 0.149992
1007 0.161516
1008 0.146306
1009 0.152274
1010 0.17284
1011 0.165576
1012 0.192366
1013 0.195711
1014 0.191368
1015 0.183466
1016 0.188257
1017 0.179406
1018 0.171241
1019 0.17615
1020 0.164331
1021 0.163047
1022 0.188999
1023 0.184563
1024 0.170429
1025 0.190909
1026 0.166775
1027 0.197463
1028 0.176602
1029 0.153758
1030 0.171333
1031 0.165103
1032 0.154625
1033 0.173644
1034 0.192546
1035 0.185858
1036 0.206336
1037 0.194649
1038 0.202549
1039 0.184555
1040 0.164159
1041 0.184467
1042 0.159696
1043 0.165251
1044 0.172397
1045 0.179325
1046 0.195406
1047 0.174996
1048 0.164328
1049 0.176642
1050 0.171719
1051 0.147163
1052 0.169222
1053 0.158311
1054 0.147246
1055 0.16825
1056 0.161284
1057 0.173175
1058 0.171999
1059 0.175398
1060 0.18803
1061 0.185227
1062 0.188138
1063 0.185705
1064 0.180004
1065 0.207916
1066 0.180375
1067 0.192841
1068 0.201722
1069 0.17158
1070 0.196482
1071 0.186726
1072 0.165822
1073 0.165513
1074 0.165909
1075 0.153798
1076 0.148525
1077 0.175018
1078 0.180188
1079 0.165763
1080 0.17735
1081 0.169666
1082 0.172812
1083 0.159294
1084 0.170715
1085 0.176125
1086 0.172203
1087 0.198778
1088 0.200957
1089 0.198102
1090 0.198783
1091 0.187572
1092 0.170932
1093 0.19184
1094 0.182701
1095 0.16969
1096 0.1675
1097 0.193802
1098 0.184466
1099 0.164155
1100 0.172325
1101 0.169734
1102 0.1668
1103 0.157203
1104 0.152299
1105 0.156628
1106 0.165604
1107 0.170351
1108 0.169773
1109 0.195733
1110 0.205034
1111 0.181914
1112 0.177379
1113 0.182322
1114 0.161014
1115 0.160578
1116 0.161554
1117 0.15475
1118 0.158335
1119 0.170838
1120 0.151161
1121 0.15873
1122 0.163763
1123 0.160895
1124 0.1806
1125 0.153801
1126 0.192024
1127 0.193184
1128 0.174695
1129 0.165993
1130 0.191988
1131 0.205585
1132 0.163586
1133 0.195504
1134 0.171785
1135 0.156198
1136 0.203947
1137 0.175658
1138 0.1684
1139 0.171873
1140 0.173927
1141 0.185215
1142 0.172453
1143 0.174888
1144 0.183054
1145 0.175989
1146 0.173946
1147 0.169412
1148 0.160686
1149 0.147824
1150 0.172207
1151 0.155492
1152 0.15045
1153 0.17311
1154 0.172976
1155 0.181411
1156 0.163237
1157 0.175079
1158 0.179046
1159 0.169057
1160 0.170516
1161 0.154525
1162 0.190915
1163 0.17426
1164 0.178329
1165 0.200197
1166 0.190747
1167 0.187313
1168 0.206955
1169 0.194551
1170 0.178472
1171 0.176474
1172 0.174378
1173 0.172791
1174 0.157309
1175 0.155886
1176 0.182371
1177 0.174417
1178 0.164302
1179 0.156285
1180 0.174778
1181 0.163685
1182 0.156253
1183 0.162572
1184 0.157679
1185 0.171459
1186 0.198435
1187 0.17364
1188 0.158172
1189 0.168897
1190 0.163006
1191 0.154814
1192 0.159473
1193 0.194193
1194 0.172826
1195 0.169067
1196 0.190905
1197 0.172361
1198 0.152792
1199 0.159263
1200 0.163179
1201 0.155091
1202 0.175695
1203 0.168148
1204 0.181906
1205 0.193587
1206 0.189555
1207 0.187239
1208 0.184265
1209 0.172568
1210 0.179087
1211 0.16882
1212 0.151589
1213 0.158131
1214 0.164828
1215 0.168571
1216 0.174541
1217 0.179904
1218 0.163505
1219 0.192688
1220 0.193562
1221 0.165215
1222 0.158882
1223 0.206518
1224 0.176636
1225 0.157033
1226 0.186929
1227 0.179091
1228 0.195686
1229 0.164379
1230 0.186427
1231 0.194035
1232 0.15896
1233 0.191049
1234 0.172067
1235 0.155325
1236 0.184607
1237 0.160684
1238 0.154814
1239 0.170686
1240 0.182144
1241 0.177579
1242 0.185524
1243 0.201095
1244 0.172147
1245 0.179146
1246 0.20342
1247 0.16784
1248 0.170911
1249 0.17425
1250 0.159654
1251 0.157075
1252 0.164645
1253 0.17267
1254 0.149117
1255 0.158196
1256 0.162987
1257 0.148593
1258 0.14932
1259 0.165275
1260 0.15755
1261 0.166258
1262 0.179172
1263 0.179703
1264 0.177378
1265 0.180655
1266 0.174665
1267 0.185818
1268 0.169845
1269 0.156144
1270 0.161151
1271 0.147397
1272 0.153436
1273 0.151679
1274 0.149106
1275 0.155027
1276 0.160148
1277 0.149693
1278 0.146875
1279 0.158848
1280 0.150692
1281 0.172459
1282 0.166201
1283 0.152665
1284 0.174653
1285 0.162232
1286 0.154876
1287 0.15624
1288 0.165903
1289 0.175933
1290 0.171394
1291 0.167176
1292 0.199471
1293 0.195962
1294 0.174945
1295 0.186861
1296 0.202094
1297 0.169967
1298 0.178503
1299 0.177928
1300 0.157074
1301 0.164267
1302 0.158837
1303 0.15263
1304 0.158374
1305 0.161931
1306 0.163091
1307 0.153041
1308 0.174485
1309 0.172082
1310 0.170868
1311 0.195681
1312 0.19069
1313 0.199764
1314 0.198557
1315 0.169474
1316 0.177195
1317 0.170701
1318 0.17166
1319 0.1734
1320 0.1623
1321 0.171529
1322 0.192045
1323 0.166793
1324 0.161099
1325 0.193368
1326 0.167847
1327 0.158322
1328 0.172447
1329 0.177536
1330 0.175261
1331 0.178316
1332 0.174846
1333 0.16118
1334 0.182943
1335 0.155901
1336 0.156689
1337 0.1565
1338 0.152515
1339 0.158718
1340 0.158863
1341 0.165216
1342 0.161295
1343 0.174185
1344 0.161215
1345 0.164833
1346 0.177664
1347 0.144495
1348 0.148376
1349 0.159947
1350 0.151164
1351 0.160488
1352 0.162082
1353 0.166993
1354 0.174013
1355 0.185812
1356 0.168859
1357 0.186701
1358 0.189078
1359 0.181818
1360 0.190504
1361 0.183066
1362 0.198676
1363 0.169329
1364 0.167764
1365 0.188473
1366 0.154046
1367 0.158684
1368 0.168
1369 0.15309
1370 0.177928
1371 0.174278
1372 0.160833
1373 0.165204
1374 0.18365
1375 0.19096
1376 0.173768
1377 0.187062
1378 0.188571
1379 0.160109
1380 0.200877
1381 0.187956
1382 0.159433
1383 0.199781
1384 0.204639
1385 0.174144
1386 0.177621
1387 0.172241
1388 0.181263
1389 0.166883
1390 0.167059
1391 0.186016
1392 0.16631
1393 0.185942
1394 0.190718
1395 0.176819
1396 0.198001
1397 0.186303
1398 0.214771
1399 0.177852
1400 0.184977
1401 0.171937
1402 0.169481
1403 0.171552
1404 0.169567
1405 0.180195
1406 0.181539
1407 0.195015
1408 0.182605
1409 0.186619
1410 0.172954
1411 0.174989
1412 0.180376
1413 0.153769
1414 0.173543
1415 0.175451
1416 0.182589
1417 0.178874
1418 0.179188
1419 0.178177
1420 0.185931
1421 0.183086
1422 0.188171
1423 0.170452
1424 0.187698
1425 0.195301
1426 0.184324
1427 0.170545
1428 0.170962
1429 0.16818
1430 0.158012
1431 0.172238
1432 0.17889
1433 0.172067
1434 0.190624
1435 0.187855
1436 0.188048
1437 0.200114
1438 0.208704
1439 0.200081
1440 0.212361
1441 0.193135
1442 0.174795
1443 0.212107
1444 0.175932
1445 0.158424
1446 0.167026
1447 0.174387
1448 0.150886
1449 0.149411
1450 0.150497
1451 0.149297
1452 0.156365
1453 0.148252
1454 0.171883
1455 0.163957
1456 0.147935
1457 0.166353
1458 0.160479
1459 0.147827
1460 0.149196
1461 0.147075
1462 0.150731
1463 0.168996
1464 0.170601
1465 0.162176
1466 0.166362
1467 0.167409
1468 0.166022
1469 0.157541
1470 0.14268
1471 0.151154
1472 0.161961
1473 0.150464
1474 0.162715
1475 0.170036
1476 0.156094
1477 0.174591
1478 0.176107
1479 0.165689
1480 0.169362
1481 0.172607
1482 0.16414
1483 0.156678
1484 0.16607
1485 0.15112
1486 0.156509
1487 0.155113
1488 0.159746
1489 0.177992
1490 0.152499
1491 0.163974
1492 0.16901
1493 0.171581
1494 0.165517
1495 0.177829
1496 0.192598
1497 0.170081
1498 0.207814
1499 0.18961
1500 0.182032
1501 0.196884
1502 0.193635
1503 0.197778
1504 0.180618
1505 0.18836
1506 0.168087
1507 0.15059
1508 0.167659
1509 0.157772
1510 0.161918
1511 0.180225
1512 0.164999
1513 0.191033
1514 0.187292
1515 0.160338
1516 0.17461
1517 0.174269
1518 0.176491
1519 0.181192
1520 0.189506
1521 0.183749
1522 0.183338
1523 0.160587
1524 0.164178
1525 0.15689
1526 0.15525
1527 0.171094
1528 0.164497
1529 0.17883
1530 0.196863
1531 0.185743
1532 0.166092
1533 0.177749
1534 0.183303
1535 0.15892
1536 0.156632
1537 0.161137
1538 0.15022
1539 0.147
1540 0.154876
1541 0.144791
1542 0.145315
1543 0.173806
1544 0.176522
1545 0.160776
1546 0.165319
1547 0.194504
1548 0.176853
1549 0.187583
1550 0.195396
1551 0.1611
1552 0.189754
1553 0.171922
1554 0.161665
1555 0.179566
1556 0.160516
1557 0.169866
1558 0.169814
1559 0.168219
1560 0.168842
1561 0.175167
1562 0.166011
1563 0.164442
1564 0.178039
1565 0.158364
1566 0.151926
1567 0.166886
1568 0.17537
1569 0.159828
1570 0.181937
1571 0.198693
1572 0.178011
1573 0.179003
1574 0.198007
1575 0.173074
1576 0.155041
1577 0.180871
1578 0.155012
1579 0.148371
1580 0.171847
1581 0.178588
1582 0.156651
1583 0.158359
1584 0.185238
1585 0.170313
1586 0.168144
1587 0.178904
1588 0.184576
1589 0.183297
1590 0.172365
1591 0.168375
1592 0.180433
1593 0.175171
1594 0.176721
1595 0.160108
1596 0.184847
1597 0.189358
1598 0.170509
1599 0.176686
1600 0.181293
1601 0.175409
1602 0.171979
1603 0.176869
1604 0.164411
1605 0.16671
1606 0.16919
1607 0.161299
1608 0.152547
1609 0.163502
1610 0.174073
1611 0.177182
1612 0.16317
1613 0.161902
1614 0.168148
1615 0.152996
1616 0.143901
1617 0.143959
1618 0.151335
1619 0.167696
1620 0.158031
1621 0.187484
1622 0.179802
1623 0.193502
1624 0.205032
1625 0.164961
1626 0.182941
1627 0.178468
1628 0.165909
1629 0.162813
1630 0.158886
1631 0.165944
1632 0.153755
1633 0.164817
1634 0.161175
1635 0.154752
1636 0.168906
1637 0.179974
1638 0.174448
1639 0.156008
1640 0.179797
1641 0.158646
1642 0.171021
1643 0.174241
1644 0.157311
1645 0.2081
1646 0.197212
1647 0.174719
1648 0.199237
1649 0.185706
1650 0.181725
1651 0.171375
1652 0.190217
1653 0.182312
1654 0.157736
1655 0.16985
1656 0.158213
1657 0.153702
1658 0.162455
1659 0.159522
1660 0.167836
1661 0.178269
1662 0.187213
1663 0.167875
1664 0.169055
1665 0.169256
1666 0.150664
1667 0.149788
1668 0.162199
1669 0.157694
1670 0.175718
1671 0.165242
1672 0.18934
1673 0.198204
1674 0.167689
1675 0.168628
1676 0.171071
1677 0.176069
1678 0.168894
1679 0.169847
1680 0.170893
1681 0.19383
1682 0.193583
1683 0.166644
1684 0.202276
1685 0.171392
1686 0.165975
1687 0.173252
1688 0.170366
1689 0.166134
1690 0.156516
1691 0.179834
1692 0.167007
1693 0.154753
1694 0.158924
1695 0.163314
1696 0.158816
1697 0.153717
1698 0.169886
1699 0.150511
1700 0.148611
1701 0.144543
1702 0.144571
1703 0.152897
1704 0.15674
1705 0.169118
1706 0.173752
1707 0.15988
1708 0.179232
1709 0.19598
1710 0.167889
1711 0.165775
1712 0.179158
1713 0.176411
1714 0.186083
1715 0.186608
1716 0.20121
1717 0.192137
1718 0.164987
1719 0.186866
1720 0.161606
1721 0.159748
1722 0.172808
1723 0.174064
1724 0.185631
1725 0.174588
1726 0.182647
1727 0.201469
1728 0.17073
1729 0.170248
1730 0.190292
1731 0.159371
1732 0.167744
1733 0.168351
1734 0.161212
1735 0.176712
1736 0.167289
1737 0.161068
1738 0.174752
1739 0.161625
1740 0.173318
1741 0.187269
1742 0.179562
1743 0.19584
1744 0.197452
1745 0.205385
1746 0.175706
1747 0.170722
1748 0.181174
1749 0.148902
1750 0.169579
1751 0.176524
1752 0.16169
1753 0.169444
1754 0.173496
1755 0.171591
1756 0.149775
1757 0.160484
1758 0.160186
1759 0.146996
1760 0.160797
1761 0.187089
1762 0.168167
1763 0.159384
1764 0.164865
1765 0.173829
1766 0.175544
1767 0.155941
1768 0.171051
1769 0.179618
1770 0.163557
1771 0.165153
1772 0.17177
1773 0.148261
1774 0.144424
1775 0.169902
1776 0.158983
1777 0.14976
1778 0.164694
1779 0.164272
1780 0.177714
1781 0.158838
1782 0.170902
1783 0.171711
1784 0.155562
1785 0.16464
1786 0.162667
1787 0.171776
1788 0.170192
1789 0.17136
1790 0.181147
1791 0.186952
1792 0.184117
1793 0.172668
1794 0.182651
1795 0.19384
1796 0.174366
1797 0.159667
1798 0.180212
1799 0.181261
1800 0.153667
1801 0.174964
1802 0.184523
1803 0.167633
1804 0.182554
1805 0.208793
1806 0.187972
1807 0.178348
1808 0.196089
1809 0.196995
1810 0.182001
1811 0.167584
1812 0.167566
1813 0.167783
1814 0.152619
1815 0.164075
1816 0.156242
1817 0.153823
1818 0.180408
1819 0.168177
1820 0.163456
1821 0.163586
1822 0.16694
1823 0.175186
1824 0.157224
1825 0.180629
1826 0.198331
1827 0.175204
1828 0.195208
1829 0.195639
1830 0.176865
1831 0.174103
1832 0.176213
1833 0.171336
1834 0.159771
1835 0.152582
1836 0.182842
1837 0.160271
1838 0.139774
1839 0.152669
1840 0.189574
1841 0.163354
1842 0.156913
1843 0.178163
1844 0.184437
1845 0.168523
1846 0.176862
1847 0.181746
1848 0.187493
1849 0.183306
1850 0.194205
1851 0.168759
1852 0.19389
1853 0.20027
1854 0.185617
1855 0.211671
1856 0.197548
1857 0.189776
1858 0.19828
1859 0.190295
1860 0.193282
1861 0.18206
1862 0.175064
1863 0.18959
1864 0.163352
1865 0.169829
1866 0.184631
1867 0.1691
1868 0.191491
1869 0.170933
1870 0.186925
1871 0.196243
1872 0.170712
1873 0.162487
1874 0.161633
1875 0.158145
1876 0.14761
1877 0.144958
1878 0.158711
1879 0.152507
1880 0.166092
1881 0.180276
1882 0.169152
1883 0.178036
1884 0.193784
1885 0.184847
1886 0.16901
1887 0.202392
1888 0.174724
1889 0.156814
1890 0.198402
1891 0.171938
1892 0.168431
1893 0.179851
1894 0.178202
1895 0.165284
1896 0.178995
1897 0.154844
1898 0.144696
1899 0.161807
1900 0.177485
1901 0.154769
1902 0.14865
1903 0.185622
1904 0.174735
1905 0.158243
1906 0.163965
1907 0.170243
1908 0.157192
1909 0.158221
1910 0.154851
1911 0.161257
1912 0.174234
1913 0.179712
1914 0.196663
1915 0.174404
1916 0.206455
1917 0.183008
1918 0.155748
1919 0.174106
1920 0.166453
1921 0.154202
1922 0.154284
1923 0.15944
1924 0.154073
1925 0.160906
1926 0.153952
1927 0.14506
1928 0.178136
1929 0.189277
1930 0.164795
1931 0.193494
1932 0.178971
1933 0.169241
1934 0.183799
1935 0.161256
1936 0.148693
1937 0.152778
1938 0.180803
1939 0.163261
1940 0.148807
1941 0.188033
1942 0.171704
1943 0.182773
1944 0.181938
1945 0.155718
1946 0.199542
1947 0.170136
1948 0.161195
1949 0.186843
1950 0.160807
1951 0.175364
1952 0.177227
1953 0.180959
1954 0.191576
1955 0.174489
1956 0.179272
1957 0.181788
1958 0.170059
1959 0.167126
1960 0.17146
1961 0.168259
1962 0.180953
1963 0.189945
1964 0.159488
1965 0.176895
1966 0.179201
1967 0.169674
1968 0.186129
1969 0.188313
1970 0.193444
1971 0.212356
1972 0.203533
1973 0.207303
1974 0.189002
1975 0.193801
1976 0.184876
1977 0.170587
1978 0.19175
1979 0.168844
1980 0.156449
1981 0.164485
1982 0.177222
1983 0.168902
1984 0.155769
1985 0.16773
1986 0.191954
1987 0.1914
1988 0.181231
1989 0.178244
1990 0.182461
1991 0.183577
1992 0.156774
1993 0.170749
1994 0.176503
1995 0.16846
1996 0.18536
1997 0.191684
1998 0.175524
1999 0.191676
2000 0.166413
2001 0.163222
2002 0.165414
2003 0.150931
2004 0.146794
2005 0.14825
2006 0.149178
2007 0.160313
2008 0.156197
2009 0.148009
2010 0.175545
2011 0.174574
2012 0.167052
2013 0.182164
2014 0.189741
2015 0.171514
2016 0.188873
2017 0.168205
2018 0.170639
2019 0.17137
2020 0.171204
2021 0.173722
2022 0.159444
2023 0.189654
2024 0.170676
2025 0.17516
2026 0.177508
2027 0.183157
2028 0.187343
2029 0.169805
2030 0.183194
2031 0.16594
2032 0.165715
2033 0.174283
2034 0.163814
2035 0.171507
2036 0.172705
2037 0.183383
2038 0.169781
2039 0.163766
2040 0.172382
2041 0.160572
2042 0.156042
2043 0.173208
2044 0.16441
2045 0.186677
2046 0.187912
2047 0.173237
2048 0.187711
2049 0.179449
2050 0.176374
2051 0.165041
2052 0.175403
2053 0.171255
2054 0.169174
2055 0.169011
2056 0.166611
2057 0.18931
2058 0.174631
2059 0.16231
2060 0.197017
2061 0.173221
2062 0.156294
2063 0.194472
2064 0.162757
2065 0.144406
2066 0.167104
2067 0.152731
2068 0.15199
2069 0.157376
2070 0.152203
2071 0.161643
2072 0.150908
2073 0.160653
2074 0.166741
2075 0.150473
2076 0.170357
2077 0.19113
2078 0.160327
2079 0.175472
2080 0.206374
2081 0.165173
2082 0.169572
2083 0.18847
2084 0.151797
2085 0.1826
2086 0.179351
2087 0.159427
2088 0.187936
2089 0.18609
2090 0.185476
2091 0.188865
2092 0.186898
2093 0.182032
2094 0.201315
2095 0.193195
2096 0.191149
2097 0.200925
2098 0.194882
2099 0
