0 3265
1 526.221
2 79.7292
3 37.0266
4 8.44462
5 -3.41461
6 -0.118435
7 1.03518
8 0.182016
9 0.171795
10 0.570574
11 0.499429
12 0.389469
13 0.554485
14 0.479809
15 0.542284
16 0.408569
17 0.427705
18 0.413455
19 0.49891
20 0.358309
21 0.406897
22 0.326159
23 0.311467
24 0.289955
25 0.275062
26 0.468106
27 0.44124
28 0.37567
29 0.350253
30 0.520578
31 0.28285
32 0.474398
33 0.29162
34 0.491686
35 0.344412
36 0.401404
37 0.294062
38 0.442926
39 0.335191
40 0.353829
41 0.303831
42 0.283376
43 0.386851
44 0.350908
45 0.291735
46 0.488491
47 0.492384
48 0.405307
49 0.446392
50 0.341047
51 0.408905
52 0.36225
53 0.456531
54 0.433835
55 0.476561
56 0.480672
57 0.540714
58 0.576296
59 0.587681
60 0.597869
61 0.434099
62 0.314185
63 0.415697
64 0.309382
65 0.419053
66 0.332567
67 0.358728
68 0.391898
69 0.252518
70 0.360164
71 0.468107
72 0.513153
73 0.566342
74 0.393309
75 0.507763
76 0.430117
77 0.427424
78 0.3858
79 0.401653
80 0.381851
81 0.385523
82 0.291554
83 0.369652
84 0.232509
85 0.436488
86 0.308634
87 0.260927
88 0.357521
89 0.508788
90 0.542583
91 0.362769
92 0.483247
93 0.545365
94 0.565885
95 0.376054
96 0.228837
97 0.417822
98 0.327959
99 0.298734
100 0.319702
101 0.309857
102 0.474318
103 0.522581
104 0.297516
105 0.51943
106 0.499899
107 0.461159
108 0.52084
109 0.580921
110 0.597195
111 0.57695
112 0.416249
113 0.388776
114 0.352927
115 0.359426
116 0.238654
117 0.253919
118 0.348634
119 0.421564
120 0.394362
121 0.418696
122 0.291008
123 0.2628
124 0.396162
125 0.40641
126 0.308677
127 0.20727
128 0.379473
129 0.352189
130 0.362027
131 0.37144
132 0.553398
133 0.528253
134 0.579387
135 0.516412
136 0.426533
137 0.293261
138 0.238565
139 0.280582
140 0.304466
141 0.487896
142 0.374669
143 0.264564
144 0.349421
145 0.471821
146 0.288909
147 0.478469
148 0.462186
149 0.537705
150 0.474282
151 0.471911
152 0.515576
153 0.568218
154 0.440944
155 0.275853
156 0.470864
157 0.27731
158 0.310521
159 0.373075
160 0.345968
161 0.255838
162 0.46508
163 0.497561
164 0.362793
165 0.363661
166 0.502253
167 0.299859
168 0.383747
169 0.362409
170 0.242782
171 0.445952
172 0.360699
173 0.33337
174 0.433203
175 0.324773
176 0.356529
177 0.244784
178 0.396688
179 0.280707
180 0.368115
181 0.527993
182 0.535963
183 0.413431
184 0.246075
185 0.237391
186 0.224481
187 0.317373
188 0.358564
189 0.257796
190 0.402787
191 0.456288
192 0.435753
193 0.247261
194 0.412152
195 0.277167
196 0.375932
197 0.298037
198 0.341513
199 0.227934
200 0.406664
201 0.36404
202 0.383239
203 0.294475
204 0.337679
205 0.338582
206 0.299919
207 0.434372
208 0.472852
209 0.331791
210 0.324023
211 0.269407
212 0.3589
213 0.324703
214 0.484821
215 0.403178
216 0.373982
217 0.417333
218 0.474242
219 0.421162
220 0.41541
221 0.331379
222 0.333272
223 0.456864
224 0.292566
225 0.460743
226 0.501546
227 0.37647
228 0.414216
229 0.326767
230 0.310687
231 0.444634
232 0.407555
233 0.441695
234 0.539948
235 0.423969
236 0.485073
237 0.28801
238 0.402472
239 0.369873
240 0.273442
241 0.42511
242 0.301627
243 0.353974
244 0.305016
245 0.348466
246 0.340468
247 0.259081
248 0.331963
249 0.370552
250 0.540427
251 0.599452
252 0.411396
253 0.286359
254 0.451249
255 0.460306
256 0.54861
257 0.498186
258 0.309928
259 0.367333
260 0.497421
261 0.525098
262 0.536379
263 0.353661
264 0.476922
265 0.515845
266 0.465092
267 0.518575
268 0.574827
269 0.610535
270 0.530175
271 0.436422
272 0.28347
273 0.306376
274 0.314141
275 0.477908
276 0.479012
277 0.553419
278 0.383191
279 0.485391
280 0.357816
281 0.346011
282 0.496873
283 0.33011
284 0.242555
285 0.213639
286 0.331997
287 0.219998
288 0.45836
289 0.325319
290 0.465579
291 0.3942
292 0.508521
293 0.463239
294 0.519341
295 0.423678
296 0.43467
297 0.31033
298 0.292137
299 0.24693
300 0.43495
301 0.540237
302 0.462233
303 0.328581
304 0.281905
305 0.439855
306 0.311763
307 0.471582
308 0.532904
309 0.376684
310 0.494895
311 0.527624
312 0.472341
313 0.365736
314 0.367456
315 0.354128
316 0.365412
317 0.389586
318 0.426413
319 0.483054
320 0.518661
321 0.575494
322 0.552421
323 0.61717
324 0.548211
325 0.34842
326 0.486683
327 0.504595
328 0.487888
329 0.587128
330 0.592145
331 0.520838
332 0.552504
333 0.599006
334 0.48522
335 0.492978
336 0.330392
337 0.386903
338 0.256946
339 0.421589
340 0.286973
341 0.455488
342 0.525344
343 0.389747
344 0.50595
345 0.441067
346 0.320077
347 0.317023
348 0.208625
349 0.424725
350 0.404977
351 0.412011
352 0.388965
353 0.37299
354 0.25519
355 0.263884
356 0.404921
357 0.312988
358 0.382168
359 0.431683
360 0.246683
361 0.214739
362 0.392272
363 0.338727
364 0.53629
365 0.506044
366 0.54476
367 0.450026
368 0.467569
369 0.36992
370 0.329128
371 0.371603
372 0.280635
373 0.332846
374 0.259773
375 0.240669
376 0.234257
377 0.364073
378 0.383949
379 0.284392
380 0.424223
381 0.363029
382 0.241614
383 0.331132
384 0.23348
385 0.381961
386 0.317154
387 0.205261
388 0.37973
389 0.472041
390 0.35506
391 0.540487
392 0.557698
393 0.546139
394 0.467409
395 0.37259
396 0.316543
397 0.398811
398 0.308364
399 0.401592
400 0.308106
401 0.448388
402 0.492186
403 0.549982
404 0.58711
405 0.547352
406 0.547049
407 0.598581
408 0.418286
409 0.541781
410 0.59498
411 0.634779
412 0.593156
413 0.458616
414 0.328561
415 0.47001
416 0.473499
417 0.489381
418 0.37171
419 0.39728
420 0.435282
421 0.399995
422 0.29766
423 0.48191
424 0.388477
425 0.405477
426 0.288924
427 0.303487
428 0.263227
429 0.342289
430 0.329647
431 0.472565
432 0.507387
433 0.582938
434 0.334039
435 0.443471
436 0.304217
437 0.302836
438 0.418134
439 0.334815
440 0.546674
441 0.530115
442 0.482823
443 0.325211
444 0.212038
445 0.194547
446 0.247624
447 0.302494
448 0.469729
449 0.268336
450 0.232602
451 0.385878
452 0.325129
453 0.259585
454 0.328573
455 0.477355
456 0.343559
457 0.372833
458 0.496417
459 0.372572
460 0.408781
461 0.382286
462 0.25769
463 0.345743
464 0.475385
465 0.532394
466 0.449219
467 0.354978
468 0.506252
469 0.353098
470 0.532219
471 0.481144
472 0.343415
473 0.408664
474 0.268458
475 0.470029
476 0.326695
477 0.32278
478 0.304248
479 0.444297
480 0.418541
481 0.478486
482 0.47358
483 0.379887
484 0.345196
485 0.48619
486 0.449034
487 0.392533
488 0.402688
489 0.418345
490 0.469973
491 0.537074
492 0.601631
493 0.411697
494 0.356739
495 0.503193
496 0.499893
497 0.537902
498 0.360789
499 0.400174
500 0.268972
501 0.333355
502 0.279894
503 0.47553
504 0.331946
505 0.431126
506 0.298173
507 0.492785
508 0.32627
509 0.370815
510 0.248813
511 0.349514
512 0.260364
513 0.468519
514 0.429628
515 0.493097
516 0.544416
517 0.477886
518 0.481375
519 0.433946
520 0.387327
521 0.370915
522 0.347891
523 0.251071
524 0.430321
525 0.505541
526 0.545303
527 0.344725
528 0.369351
529 0.28323
530 0.358983
531 0.295833
532 0.22184
533 0.389825
534 0.417209
535 0.366907
536 0.44888
537 0.545564
538 0.309657
539 0.505703
540 0.284331
541 0.477506
542 0.365605
543 0.312577
544 0.45975
545 0.308379
546 0.256118
547 0.267219
548 0.307764
549 0.488294
550 0.383406
551 0.23476
552 0.331131
553 0.481865
554 0.344415
555 0.259867
556 0.330415
557 0.293861
558 0.382359
559 0.280056
560 0.445987
561 0.325761
562 0.496667
563 0.551878
564 0.469891
565 0.531475
566 0.344254
567 0.480605
568 0.455729
569 0.550957
570 0.419101
571 0.264631
572 0.41091
573 0.394939
574 0.525605
575 0.475351
576 0.554921
577 0.551749
578 0.618617
579 0.371493
580 0.331817
581 0.374139
582 0.406653
583 0.401843
584 0.496138
585 0.429412
586 0.395944
587 0.416142
588 0.456762
589 0.524699
590 0.381263
591 0.308928
592 0.374178
593 0.323512
594 0.388533
595 0.282278
596 0.364
597 0.270473
598 0.245422
599 0.39677
600 0.373844
601 0.409484
602 0.447668
603 0.37433
604 0.352263
605 0.214594
606 0.225925
607 0.396578
608 0.291615
609 0.421147
610 0.243002
611 0.273566
612 0.334939
613 0.483851
614 0.445706
615 0.286847
616 0.251136
617 0.380325
618 0.303008
619 0.247436
620 0.235122
621 0.389592
622 0.392556
623 0.449059
624 0.305015
625 0.435374
626 0.286689
627 0.263001
628 0.370598
629 0.382318
630 0.498274
631 0.488385
632 0.339617
633 0.398033
634 0.3733
635 0.324975
636 0.266997
637 0.339785
638 0.253214
639 0.20375
640 0.208589
641 0.213433
642 0.341227
643 0.3814
644 0.325696
645 0.345161
646 0.418625
647 0.291821
648 0.328719
649 0.221653
650 0.405733
651 0.346764
652 0.472595
653 0.479819
654 0.488614
655 0.37234
656 0.540639
657 0.537525
658 0.421902
659 0.270743
660 0.317204
661 0.411517
662 0.336964
663 0.22889
664 0.293699
665 0.443737
666 0.332086
667 0.348915
668 0.453795
669 0.293925
670 0.484889
671 0.416286
672 0.28279
673 0.412695
674 0.505998
675 0.349483
676 0.398318
677 0.499549
678 0.51638
679 0.524605
680 0.355619
681 0.455038
682 0.408721
683 0.259715
684 0.386669
685 0.417351
686 0.387995
687 0.512634
688 0.568293
689 0.550426
690 0.341976
691 0.432582
692 0.445745
693 0.463249
694 0.380601
695 0.465631
696 0.465268
697 0.449318
698 0.518649
699 0.408964
700 0.477224
701 0.388178
702 0.408665
703 0.29078
704 0.30709
705 0.465883
706 0.402051
707 0.268074
708 0.344788
709 0.337596
710 0.374382
711 0.304887
712 0.399899
713 0.423576
714 0.249509
715 0.259366
716 0.186929
717 0.192705
718 0.351836
719 0.458814
720 0.375005
721 0.33976
722 0.259259
723 0.432218
724 0.373914
725 0.377822
726 0.264594
727 0.23354
728 0.410166
729 0.414559
730 0.524412
731 0.356887
732 0.408265
733 0.366229
734 0.490094
735 0.26707
736 0.442607
737 0.442009
738 0.525888
739 0.421158
740 0.301295
741 0.426103
742 0.400979
743 0.311015
744 0.287948
745 0.198177
746 0.407405
747 0.420261
748 0.506209
749 0.399862
750 0.506838
751 0.522707
752 0.549926
753 0.445846
754 0.304534
755 0.449011
756 0.505257
757 0.459139
758 0.539711
759 0.616496
760 0.575955
761 0.465238
762 0.58758
763 0.557182
764 0.512573
765 0.359007
766 0.261915
767 0.307021
768 0.429962
769 0.486597
770 0.57574
771 0.487105
772 0.351632
773 0.496465
774 0.522337
775 0.317657
776 0.27292
777 0.422359
778 0.306718
779 0.348816
780 0.498743
781 0.504428
782 0.439493
783 0.279587
784 0.455756
785 0.501924
786 0.441298
787 0.530202
788 0.399022
789 0.535497
790 0.41609
791 0.360547
792 0.356686
793 0.365981
794 0.339758
795 0.260995
796 0.279647
797 0.355553
798 0.523815
799 0.533398
800 0.317154
801 0.330273
802 0.354093
803 0.525224
804 0.432747
805 0.562811
806 0.31359
807 0.262153
808 0.39781
809 0.339676
810 0.333005
811 0.381443
812 0.4331
813 0.326403
814 0.408808
815 0.249186
816 0.188433
817 0.337975
818 0.442448
819 0.536442
820 0.36851
821 0.457084
822 0.549613
823 0.52369
824 0.35774
825 0.51236
826 0.466323
827 0.327367
828 0.412588
829 0.311187
830 0.324118
831 0.467493
832 0.360099
833 0.231666
834 0.306237
835 0.246926
836 0.2137
837 0.424489
838 0.455961
839 0.33603
840 0.423598
841 0.269661
842 0.472521
843 0.476442
844 0.527511
845 0.300349
846 0.283276
847 0.336273
848 0.361562
849 0.499934
850 0.353896
851 0.475838
852 0.35617
853 0.378827
854 0.264377
855 0.412916
856 0.442307
857 0.487519
858 0.417737
859 0.569163
860 0.323462
861 0.372087
862 0.388833
863 0.335403
864 0.533139
865 0.502979
866 0.586353
867 0.428714
868 0.340346
869 0.49238
870 0.33616
871 0.336678
872 0.285077
873 0.441234
874 0.336224
875 0.352834
876 0.325267
877 0.474309
878 0.388362
879 0.377803
880 0.392435
881 0.555143
882 0.599702
883 0.420168
884 0.463826
885 0.355136
886 0.507562
887 0.344671
888 0.228259
889 0.206254
890 0.391936
891 0.252517
892 0.442143
893 0.364764
894 0.27078
895 0.491305
896 0.503764
897 0.40461
898 0.249804
899 0.195209
900 0.182336
901 0.386153
902 0.50564
903 0.398926
904 0.520673
905 0.586495
906 0.630604
907 0.383092
908 0.304497
909 0.447267
910 0.445337
911 0.461541
912 0.57282
913 0.377304
914 0.345227
915 0.421445
916 0.383246
917 0.358039
918 0.478202
919 0.44701
920 0.47606
921 0.30336
922 0.342003
923 0.497412
924 0.348359
925 0.253775
926 0.209915
927 0.408664
928 0.365435
929 0.489568
930 0.494252
931 0.389784
932 0.484548
933 0.331816
934 0.318801
935 0.39965
936 0.403223
937 0.437284
938 0.515174
939 0.296955
940 0.340176
941 0.454681
942 0.316863
943 0.500391
944 0.458854
945 0.454685
946 0.489734
947 0.543479
948 0.585871
949 0.608154
950 0.453857
951 0.371361
952 0.439681
953 0.495695
954 0.40172
955 0.287539
956 0.468145
957 0.324944
958 0.395892
959 0.426009
960 0.485226
961 0.323686
962 0.342449
963 0.457075
964 0.275197
965 0.485055
966 0.529908
967 0.317233
968 0.427588
969 0.369223
970 0.254303
971 0.289984
972 0.33257
973 0.461884
974 0.339139
975 0.391363
976 0.528812
977 0.375591
978 0.557302
979 0.494356
980 0.440866
981 0.556688
982 0.405085
983 0.248327
984 0.277928
985 0.427344
986 0.395088
987 0.455368
988 0.518977
989 0.591754
990 0.606665
991 0.360818
992 0.277654
993 0.456598
994 0.431579
995 0.413998
996 0.361852
997 0.466579
998 0.353331
999 0.376514
1000 0.406549
1001 0.351773
1002 0.323749
1003 0.324828
1004 0.267447
1005 0.234816
1006 0.215053
1007 0.354847
1008 0.223447
1009 0.40738
1010 0.435149
1011 0.468078
1012 0.546599
1013 0.577479
1014 0.544398
1015 0.42047
1016 0.397882
1017 0.358319
1018 0.384858
1019 0.435699
1020 0.396407
1021 0.288347
1022 0.466098
1023 0.47204
1024 0.5021
1025 0.511893
1026 0.303013
1027 0.507845
1028 0.322962
1029 0.251592
1030 0.277313
1031 0.416357
1032 0.330422
1033 0.544962
1034 0.524083
1035 0.612166
1036 0.585857
1037 0.494274
1038 0.507488
1039 0.35219
1040 0.226716
1041 0.407906
1042 0.324756
1043 0.480685
1044 0.342498
1045 0.536655
1046 0.524017
1047 0.472696
1048 0.273403
1049 0.327436
1050 0.30775
1051 0.205196
1052 0.397761
1053 0.275143
1054 0.280545
1055 0.29609
1056 0.374906
1057 0.495383
1058 0.485452
1059 0.418499
1060 0.420572
1061 0.423973
1062 0.534354
1063 0.480961
1064 0.487961
1065 0.540182
1066 0.403482
1067 0.53127
1068 0.54226
1069 0.369606
1070 0.477815
1071 0.368593
1072 0.320589
1073 0.264298
1074 0.3393
1075 0.338291
1076 0.258552
1077 0.446873
1078 0.483206
1079 0.467539
1080 0.410002
1081 0.319873
1082 0.336199
1083 0.247255
1084 0.433067
1085 0.502589
1086 0.537691
1087 0.620694
1088 0.57482
1089 0.52118
1090 0.496062
1091 0.446462
1092 0.319227
1093 0.485376
1094 0.496395
1095 0.429531
1096 0.300693
1097 0.466236
1098 0.453818
1099 0.347596
1100 0.386399
1101 0.282923
1102 0.349647
1103 0.326081
1104 0.232048
1105 0.233989
1106 0.364368
1107 0.523598
1108 0.52541
1109 0.610361
1110 0.579022
1111 0.381387
1112 0.296104
1113 0.350488
1114 0.346312
1115 0.361476
1116 0.352671
1117 0.19807
1118 0.230347
1119 0.392932
1120 0.262662
1121 0.363992
1122 0.267032
1123 0.424522
1124 0.42173
1125 0.302224
1126 0.490078
1127 0.504596
1128 0.560384
1129 0.341998
1130 0.437954
1131 0.520185
1132 0.368915
1133 0.552407
1134 0.351619
1135 0.307847
1136 0.488373
1137 0.486203
1138 0.410395
1139 0.319506
1140 0.319406
1141 0.482944
1142 0.442463
1143 0.525736
1144 0.373988
1145 0.387298
1146 0.267275
1147 0.432328
1148 0.325779
1149 0.223226
1150 0.350293
1151 0.276386
1152 0.30068
1153 0.418197
1154 0.440902
1155 0.531758
1156 0.318272
1157 0.356586
1158 0.289514
1159 0.464031
1160 0.365218
1161 0.337931
1162 0.503542
1163 0.423667
1164 0.494374
1165 0.5439
1166 0.566959
1167 0.469413
1168 0.577644
1169 0.477938
1170 0.449891
1171 0.324303
1172 0.362572
1173 0.400437
1174 0.27669
1175 0.268789
1176 0.421424
1177 0.524008
1178 0.463464
1179 0.262029
1180 0.243051
1181 0.240263
1182 0.305161
1183 0.482155
1184 0.35516
1185 0.460975
1186 0.506856
1187 0.379068
1188 0.227462
1189 0.200212
1190 0.374163
1191 0.336257
1192 0.432159
1193 0.543214
1194 0.404357
1195 0.32246
1196 0.404164
1197 0.329086
1198 0.227294
1199 0.276267
1200 0.30386
1201 0.453441
1202 0.515177
1203 0.391949
1204 0.419292
1205 0.463537
1206 0.531347
1207 0.523846
1208 0.474024
1209 0.323277
1210 0.338484
1211 0.27363
1212 0.288975
1213 0.31392
1214 0.400701
1215 0.426219
1216 0.491715
1217 0.461701
1218 0.258793
1219 0.466304
1220 0.504374
1221 0.407726
1222 0.260293
1223 0.456375
1224 0.393311
1225 0.423034
1226 0.42107
1227 0.461017
1228 0.541256
1229 0.303675
1230 0.450038
1231 0.452127
1232 0.316184
1233 0.506792
1234 0.356615
1235 0.308188
1236 0.416752
1237 0.335292
1238 0.299062
1239 0.328008
1240 0.513016
1241 0.498348
1242 0.55878
1243 0.544007
1244 0.350409
1245 0.358144
1246 0.479116
1247 0.295778
1248 0.394994
1249 0.307101
1250 0.359936
1251 0.26207
1252 0.426288
1253 0.36827
1254 0.23871
1255 0.215454
1256 0.275266
1257 0.234265
1258 0.323846
1259 0.457237
1260 0.351768
1261 0.37324
1262 0.337678
1263 0.449008
1264 0.402065
1265 0.536535
1266 0.382897
1267 0.503567
1268 0.274754
1269 0.201154
1270 0.211012
1271 0.221306
1272 0.403144
1273 0.304825
1274 0.250333
1275 0.212048
1276 0.297536
1277 0.214
1278 0.286301
1279 0.35922
1280 0.279346
1281 0.440894
1282 0.313397
1283 0.226783
1284 0.328106
1285 0.373815
1286 0.363531
1287 0.284836
1288 0.285384
1289 0.438702
1290 0.459143
1291 0.429214
1292 0.535038
1293 0.526915
1294 0.394487
1295 0.445046
1296 0.547148
1297 0.356473
1298 0.417922
1299 0.347777
1300 0.236299
1301 0.296454
1302 0.317542
1303 0.349676
1304 0.355392
1305 0.380098
1306 0.311102
1307 0.222659
1308 0.439886
1309 0.530783
1310 0.504943
1311 0.572108
1312 0.501777
1313 0.561329
1314 0.495164
1315 0.355634
1316 0.348463
1317 0.291146
1318 0.4218
1319 0.477463
1320 0.382721
1321 0.365904
1322 0.454801
1323 0.300928
1324 0.326286
1325 0.473524
1326 0.349157
1327 0.323116
1328 0.314264
1329 0.494364
1330 0.452696
1331 0.536893
1332 0.37698
1333 0.235443
1334 0.320299
1335 0.222642
1336 0.36381
1337 0.259679
1338 0.318587
1339 0.252442
1340 0.372041
1341 0.375359
1342 0.403546
1343 0.42611
1344 0.25306
1345 0.288295
1346 0.36485
1347 0.259908
1348 0.262064
1349 0.240092
1350 0.369717
1351 0.345356
1352 0.395078
1353 0.330789
1354 0.436341
1355 0.489592
1356 0.375456
1357 0.43875
1358 0.434321
1359 0.469571
1360 0.510198
1361 0.477957
1362 0.564924
1363 0.319757
1364 0.292458
1365 0.377955
1366 0.250314
1367 0.358524
1368 0.356308
1369 0.244816
1370 0.461992
1371 0.451938
1372 0.432596
1373 0.319263
1374 0.411746
1375 0.514233
1376 0.462933
1377 0.51348
1378 0.425283
1379 0.262836
1380 0.480701
1381 0.478438
1382 0.332878
1383 0.535195
1384 0.566683
1385 0.486111
1386 0.396238
1387 0.276422
1388 0.402135
1389 0.318904
1390 0.525159
1391 0.492118
1392 0.348236
1393 0.409026
1394 0.399018
1395 0.542707
1396 0.563412
1397 0.506852
1398 0.623594
1399 0.360563
1400 0.442696
1401 0.285442
1402 0.378667
1403 0.327965
1404 0.514912
1405 0.504062
1406 0.503562
1407 0.498887
1408 0.415304
1409 0.434417
1410 0.333952
1411 0.445899
1412 0.40911
1413 0.296847
1414 0.345148
1415 0.350899
1416 0.523787
1417 0.48585
1418 0.468469
1419 0.366493
1420 0.407776
1421 0.364956
1422 0.531385
1423 0.435595
1424 0.536619
1425 0.520479
1426 0.423655
1427 0.253903
1428 0.276494
1429 0.336412
1430 0.303678
1431 0.452393
1432 0.460567
1433 0.458885
1434 0.470357
1435 0.469534
1436 0.51958
1437 0.596436
1438 0.624917
1439 0.588999
1440 0.636443
1441 0.485221
1442 0.340414
1443 0.494306
1444 0.388117
1445 0.307589
1446 0.28619
1447 0.350804
1448 0.231362
1449 0.285535
1450 0.249787
1451 0.329665
1452 0.268789
1453 0.286107
1454 0.453861
1455 0.393475
1456 0.270277
1457 0.33214
1458 0.22247
1459 0.204965
1460 0.242153
1461 0.271145
1462 0.24471
1463 0.442879
1464 0.456345
1465 0.412105
1466 0.279498
1467 0.253656
1468 0.296463
1469 0.358316
1470 0.251652
1471 0.28823
1472 0.316437
1473 0.235043
1474 0.380667
1475 0.424748
1476 0.307652
1477 0.449739
1478 0.382895
1479 0.420721
1480 0.321686
1481 0.379468
1482 0.262626
1483 0.308393
1484 0.31327
1485 0.337288
1486 0.375943
1487 0.24187
1488 0.279432
1489 0.425138
1490 0.280513
1491 0.35715
1492 0.269994
1493 0.459398
1494 0.366423
1495 0.550741
1496 0.526227
1497 0.386388
1498 0.544714
1499 0.480471
1500 0.573399
1501 0.515889
1502 0.541517
1503 0.484737
1504 0.380362
1505 0.409127
1506 0.296744
1507 0.211761
1508 0.326203
1509 0.32618
1510 0.480385
1511 0.568509
1512 0.324135
1513 0.517977
1514 0.327341
1515 0.280474
1516 0.332102
1517 0.519445
1518 0.512815
1519 0.534649
1520 0.451465
1521 0.45921
1522 0.367324
1523 0.224551
1524 0.238055
1525 0.223543
1526 0.378869
1527 0.487807
1528 0.437794
1529 0.463849
1530 0.511942
1531 0.471801
1532 0.298969
1533 0.323581
1534 0.419182
1535 0.265873
1536 0.301087
1537 0.252974
1538 0.223847
1539 0.273725
1540 0.373414
1541 0.289912
1542 0.232029
1543 0.392104
1544 0.473535
1545 0.377435
1546 0.347243
1547 0.502035
1548 0.415181
1549 0.553729
1550 0.465244
1551 0.294293
1552 0.419537
1553 0.297092
1554 0.380632
1555 0.401014
1556 0.378817
1557 0.388622
1558 0.331184
1559 0.364335
1560 0.331142
1561 0.498526
1562 0.324172
1563 0.301368
1564 0.334948
1565 0.369092
1566 0.224155
1567 0.405998
1568 0.445749
1569 0.301879
1570 0.478098
1571 0.521493
1572 0.538561
1573 0.384578
1574 0.480312
1575 0.294719
1576 0.207069
1577 0.377677
1578 0.348035
1579 0.223208
1580 0.367558
1581 0.47343
1582 0.383858
1583 0.304624
1584 0.388481
1585 0.384086
1586 0.396385
1587 0.431572
1588 0.471773
1589 0.500602
1590 0.370325
1591 0.311187
1592 0.326234
1593 0.460427
1594 0.510737
1595 0.377744
1596 0.467731
1597 0.434301
1598 0.410242
1599 0.361658
1600 0.434657
1601 0.416568
1602 0.464123
1603 0.353029
1604 0.292948
1605 0.241228
1606 0.412431
1607 0.361507
1608 0.328217
1609 0.299839
1610 0.430746
1611 0.450092
1612 0.360393
1613 0.227648
1614 0.233466
1615 0.209256
1616 0.293999
1617 0.242064
1618 0.398026
1619 0.421894
1620 0.403751
1621 0.534784
1622 0.457646
1623 0.558635
1624 0.513974
1625 0.319834
1626 0.36775
1627 0.368803
1628 0.437241
1629 0.319642
1630 0.264034
1631 0.301543
1632 0.252016
1633 0.40828
1634 0.359616
1635 0.352991
1636 0.337526
1637 0.497659
1638 0.379788
1639 0.308388
1640 0.340192
1641 0.21532
1642 0.440508
1643 0.40943
1644 0.436743
1645 0.557223
1646 0.502605
1647 0.438967
1648 0.506406
1649 0.464873
1650 0.430953
1651 0.319461
1652 0.492251
1653 0.422903
1654 0.282405
1655 0.260693
1656 0.222386
1657 0.273284
1658 0.394145
1659 0.464086
1660 0.435202
1661 0.456934
1662 0.443824
1663 0.281006
1664 0.282724
1665 0.319357
1666 0.23545
1667 0.300692
1668 0.321267
1669 0.435633
1670 0.496404
1671 0.3472
1672 0.48822
1673 0.478621
1674 0.305448
1675 0.274987
1676 0.30759
1677 0.475602
1678 0.427191
1679 0.470979
1680 0.344477
1681 0.536845
1682 0.468925
1683 0.398727
1684 0.518585
1685 0.323596
1686 0.33255
1687 0.27303
1688 0.453323
1689 0.472588
1690 0.307144
1691 0.340987
1692 0.244245
1693 0.337421
1694 0.307573
1695 0.48608
1696 0.322506
1697 0.209882
1698 0.232589
1699 0.226865
1700 0.27757
1701 0.26765
1702 0.270442
1703 0.279135
1704 0.262655
1705 0.444501
1706 0.529917
1707 0.370724
1708 0.388713
1709 0.445026
1710 0.367308
1711 0.346646
1712 0.422883
1713 0.454896
1714 0.546173
1715 0.520877
1716 0.586946
1717 0.439675
1718 0.256204
1719 0.373782
1720 0.285051
1721 0.366148
1722 0.400862
1723 0.517192
1724 0.518503
1725 0.395819
1726 0.387428
1727 0.529252
1728 0.337799
1729 0.402826
1730 0.440548
1731 0.332352
1732 0.37286
1733 0.387387
1734 0.281973
1735 0.476069
1736 0.361884
1737 0.389748
1738 0.308217
1739 0.242509
1740 0.425569
1741 0.506077
1742 0.564169
1743 0.592331
1744 0.523459
1745 0.583325
1746 0.314969
1747 0.302941
1748 0.3237
1749 0.222588
1750 0.434064
1751 0.479181
1752 0.429221
1753 0.338994
1754 0.314723
1755 0.248604
1756 0.18892
1757 0.371186
1758 0.429327
1759 0.315523
1760 0.276404
1761 0.42953
1762 0.368312
1763 0.319721
1764 0.233913
1765 0.411702
1766 0.437777
1767 0.404303
1768 0.366018
1769 0.360587
1770 0.223151
1771 0.260518
1772 0.411867
1773 0.281035
1774 0.27093
1775 0.324102
1776 0.285084
1777 0.299605
1778 0.345586
1779 0.444119
1780 0.544016
1781 0.324276
1782 0.361441
1783 0.261537
1784 0.332918
1785 0.340635
1786 0.376115
1787 0.408855
1788 0.409606
1789 0.367828
1790 0.375416
1791 0.494739
1792 0.552306
1793 0.388834
1794 0.407024
1795 0.411041
1796 0.418827
1797 0.247081
1798 0.40552
1799 0.402001
1800 0.315405
1801 0.413522
1802 0.482452
1803 0.348624
1804 0.496099
1805 0.545281
1806 0.539019
1807 0.462968
1808 0.480396
1809 0.527666
1810 0.411366
1811 0.267108
1812 0.2569
1813 0.326815
1814 0.236444
1815 0.439669
1816 0.30914
1817 0.278765
1818 0.429735
1819 0.379989
1820 0.368578
1821 0.254034
1822 0.278909
1823 0.412052
1824 0.29954
1825 0.510948
1826 0.528867
1827 0.519138
1828 0.53939
1829 0.50486
1830 0.30525
1831 0.276604
1832 0.304158
1833 0.466102
1834 0.268463
1835 0.192167
1836 0.379798
1837 0.458287
1838 0.272058
1839 0.231081
1840 0.351
1841 0.485512
1842 0.300155
1843 0.431885
1844 0.33708
1845 0.467758
1846 0.390474
1847 0.516129
1848 0.40216
1849 0.53124
1850 0.492226
1851 0.404067
1852 0.547488
1853 0.572134
1854 0.537297
1855 0.618398
1856 0.482749
1857 0.485259
1858 0.48513
1859 0.53084
1860 0.505028
1861 0.426543
1862 0.302395
1863 0.425913
1864 0.290458
1865 0.448495
1866 0.454457
1867 0.50002
1868 0.567693
1869 0.361636
1870 0.45239
1871 0.477713
1872 0.433525
1873 0.277019
1874 0.185766
1875 0.196872
1876 0.204469
1877 0.343387
1878 0.410665
1879 0.362636
1880 0.400227
1881 0.444354
1882 0.326824
1883 0.504953
1884 0.539404
1885 0.506159
1886 0.311768
1887 0.498285
1888 0.332779
1889 0.272912
1890 0.472294
1891 0.486369
1892 0.458613
1893 0.417609
1894 0.304869
1895 0.261069
1896 0.397197
1897 0.350249
1898 0.244719
1899 0.237926
1900 0.415058
1901 0.298508
1902 0.259828
1903 0.407859
1904 0.433652
1905 0.316778
1906 0.277311
1907 0.302448
1908 0.289502
1909 0.3639
1910 0.280534
1911 0.311617
1912 0.432456
1913 0.544722
1914 0.581566
1915 0.375146
1916 0.544273
1917 0.343564
1918 0.242425
1919 0.287939
1920 0.432413
1921 0.334598
1922 0.334794
1923 0.195908
1924 0.207716
1925 0.353902
1926 0.435735
1927 0.297575
1928 0.452938
1929 0.464747
1930 0.409213
1931 0.512544
1932 0.334084
1933 0.315617
1934 0.350275
1935 0.372576
1936 0.2676
1937 0.244144
1938 0.440507
1939 0.432777
1940 0.323915
1941 0.47267
1942 0.319958
1943 0.519463
1944 0.372239
1945 0.293799
1946 0.477618
1947 0.299544
1948 0.385253
1949 0.418547
1950 0.344443
1951 0.399586
1952 0.419538
1953 0.558056
1954 0.544734
1955 0.345246
1956 0.291917
1957 0.340298
1958 0.413499
1959 0.418859
1960 0.449808
1961 0.289871
1962 0.440075
1963 0.476764
1964 0.389319
1965 0.396044
1966 0.364882
1967 0.366728
1968 0.528307
1969 0.578735
1970 0.557361
1971 0.612762
1972 0.555343
1973 0.597394
1974 0.449566
1975 0.521958
1976 0.395237
1977 0.35896
1978 0.460259
1979 0.377826
1980 0.283446
1981 0.200989
1982 0.409647
1983 0.393109
1984 0.418008
1985 0.324245
1986 0.502649
1987 0.520294
1988 0.59278
1989 0.389119
1990 0.342392
1991 0.319639
1992 0.250967
1993 0.436273
1994 0.510086
1995 0.424861
1996 0.45451
1997 0.415971
1998 0.433825
1999 0.468625
2000 0.316477
2001 0.20648
2002 0.192502
2003 0.224219
2004 0.25362
2005 0.335726
2006 0.260859
2007 0.377862
2008 0.276307
2009 0.263297
2010 0.412164
2011 0.488625
2012 0.425682
2013 0.480636
2014 0.450313
2015 0.350807
2016 0.45763
2017 0.301545
2018 0.39775
2019 0.291968
2020 0.478789
2021 0.375938
2022 0.399068
2023 0.497056
2024 0.408269
2025 0.427026
2026 0.36286
2027 0.473083
2028 0.491675
2029 0.396016
2030 0.405856
2031 0.290632
2032 0.312034
2033 0.378637
2034 0.458257
2035 0.487103
2036 0.426966
2037 0.441742
2038 0.266087
2039 0.242249
2040 0.300451
2041 0.373844
2042 0.421807
2043 0.486898
2044 0.284933
2045 0.445279
2046 0.38884
2047 0.541779
2048 0.476092
2049 0.517932
2050 0.341434
2051 0.285707
2052 0.293729
2053 0.43159
2054 0.483221
2055 0.446906
2056 0.262201
2057 0.415443
2058 0.314757
2059 0.452972
2060 0.515149
2061 0.382392
2062 0.23265
2063 0.398466
2064 0.28131
2065 0.246085
2066 0.319711
2067 0.265585
2068 0.36189
2069 0.324738
2070 0.2841
2071 0.308585
2072 0.201444
2073 0.365909
2074 0.408254
2075 0.309044
2076 0.387307
2077 0.531918
2078 0.294581
2079 0.485567
2080 0.517916
2081 0.387367
2082 0.34158
2083 0.417595
2084 0.265432
2085 0.474974
2086 0.416185
2087 0.374883
2088 0.463204
2089 0.491883
2090 0.499335
2091 0.497611
2092 0.447027
2093 0.443263
2094 0.569263
2095 0.561102
2096 0.524489
2097 0.516801
2098 0.441348
2099 0
