0 -10554.7
1 -2120.93
2 -199.724
3 -80.5684
4 -14.7769
5 6.31378
6 0.560875
7 -1.2737
8 0.308093
9 0.354476
10 -0.033789
11 0.0205424
12 0.300859
13 0.149026
14 0.234017
15 0.206773
16 0.11675
17 0.120518
18 0.266082
19 0.10262
20 0.170353
21 0.233576
22 0.108854
23 0.129017
24 0.235913
25 0.152825
26 0.142103
27 0.193527
28 0.189222
29 0.144016
30 0.158313
31 0.177415
32 0.188296
33 0.148443
34 0.152987
35 0.205084
36 0.169635
37 0.17511
38 0.163616
39 0.183898
40 0.145653
41 0.17951
42 0.16146
43 0.15853
44 0.132099
45 0.174197
46 0.16523
47 0.179186
48 0.151192
49 0.194645
50 0.188782
51 0.171169
52 0.177297
53 0.181152
54 0.163541
55 0.200559
56 0.203075
57 0.208306
58 0.199722
59 0.202765
60 0.213142
61 0.174568
62 0.176337
63 0.185474
64 0.16226
65 0.157779
66 0.149306
67 0.163111
68 0.200369
69 0.148284
70 0.195948
71 0.177958
72 0.169422
73 0.192658
74 0.182453
75 0.197038
76 0.216343
77 0.183306
78 0.169788
79 0.193652
80 0.172297
81 0.13698
82 0.176112
83 0.190968
84 0.169737
85 0.168103
86 0.176201
87 0.143844
88 0.208381
89 0.154117
90 0.204558
91 0.14915
92 0.175349
93 0.18925
94 0.199359
95 0.158824
96 0.208782
97 0.192246
98 0.175112
99 0.133906
100 0.164729
101 0.195343
102 0.152226
103 0.174656
104 0.160139
105 0.185347
106 0.202377
107 0.169429
108 0.168552
109 0.211789
110 0.196167
111 0.195653
112 0.174229
113 0.156207
114 0.179383
115 0.184589
116 0.169828
117 0.128217
118 0.146797
119 0.143778
120 0.181984
121 0.193174
122 0.176912
123 0.154904
124 0.186076
125 0.182071
126 0.143953
127 0.16378
128 0.169644
129 0.173027
130 0.175015
131 0.213694
132 0.145817
133 0.18242
134 0.239179
135 0.197568
136 0.157479
137 0.19509
138 0.132462
139 0.136514
140 0.189147
141 0.134334
142 0.153718
143 0.173786
144 0.214207
145 0.175512
146 0.166651
147 0.185243
148 0.19763
149 0.190925
150 0.204843
151 0.222721
152 0.170312
153 0.217052
154 0.201787
155 0.184879
156 0.196872
157 0.16381
158 0.140917
159 0.177678
160 0.155277
161 0.123672
162 0.203533
163 0.19156
164 0.167543
165 0.154578
166 0.188172
167 0.164534
168 0.170152
169 0.152995
170 0.163866
171 0.19294
172 0.151837
173 0.165437
174 0.190729
175 0.153876
176 0.168146
177 0.169182
178 0.198686
179 0.149195
180 0.198119
181 0.163356
182 0.196798
183 0.171695
184 0.19412
185 0.163639
186 0.117531
187 0.150226
188 0.149332
189 0.151204
190 0.137493
191 0.164209
192 0.15712
193 0.180168
194 0.205071
195 0.162347
196 0.137758
197 0.163693
198 0.169813
199 0.171054
200 0.144729
201 0.172063
202 0.132158
203 0.172736
204 0.170523
205 0.165747
206 0.162546
207 0.160879
208 0.18385
209 0.164523
210 0.159544
211 0.159714
212 0.163641
213 0.169117
214 0.164689
215 0.15988
216 0.155573
217 0.192275
218 0.177914
219 0.180004
220 0.156603
221 0.159468
222 0.186042
223 0.203871
224 0.170935
225 0.167253
226 0.194928
227 0.171873
228 0.160262
229 0.179704
230 0.167801
231 0.169756
232 0.196734
233 0.170827
234 0.198486
235 0.158131
236 0.171721
237 0.161662
238 0.172562
239 0.157969
240 0.162491
241 0.18443
242 0.16943
243 0.167019
244 0.173954
245 0.174367
246 0.147498
247 0.156945
248 0.153759
249 0.210922
250 0.159737
251 0.193815
252 0.160896
253 0.196056
254 0.190144
255 0.179728
256 0.200391
257 0.184791
258 0.17803
259 0.196881
260 0.179284
261 0.167108
262 0.171183
263 0.17109
264 0.160507
265 0.208333
266 0.175019
267 0.185158
268 0.226293
269 0.231057
270 0.217826
271 0.179025
272 0.158987
273 0.146835
274 0.224509
275 0.140073
276 0.168923
277 0.189172
278 0.183896
279 0.188134
280 0.187488
281 0.162299
282 0.203453
283 0.158492
284 0.183873
285 0.129429
286 0.187214
287 0.161009
288 0.160505
289 0.180256
290 0.162742
291 0.187287
292 0.199613
293 0.18916
294 0.185959
295 0.198659
296 0.165739
297 0.182936
298 0.161651
299 0.160515
300 0.174505
301 0.148425
302 0.168287
303 0.176328
304 0.178068
305 0.171826
306 0.175723
307 0.141063
308 0.208347
309 0.177294
310 0.188834
311 0.213626
312 0.172741
313 0.167744
314 0.180813
315 0.18382
316 0.189058
317 0.220255
318 0.180217
319 0.192044
320 0.195183
321 0.201302
322 0.202882
323 0.216337
324 0.229014
325 0.19143
326 0.185929
327 0.192638
328 0.165586
329 0.20579
330 0.225826
331 0.183485
332 0.192345
333 0.2477
334 0.187773
335 0.198899
336 0.16891
337 0.142857
338 0.180128
339 0.176778
340 0.169136
341 0.138313
342 0.209749
343 0.17826
344 0.191279
345 0.165388
346 0.185738
347 0.146801
348 0.156926
349 0.207153
350 0.177486
351 0.159966
352 0.17332
353 0.147763
354 0.191091
355 0.157764
356 0.171338
357 0.16212
358 0.13286
359 0.175661
360 0.173545
361 0.161949
362 0.170547
363 0.177735
364 0.132617
365 0.179742
366 0.184858
367 0.152317
368 0.201605
369 0.183982
370 0.168051
371 0.169674
372 0.156698
373 0.143445
374 0.177043
375 0.169028
376 0.137173
377 0.15351
378 0.19378
379 0.140544
380 0.155603
381 0.184211
382 0.161651
383 0.177422
384 0.151545
385 0.139758
386 0.156665
387 0.157873
388 0.174445
389 0.154334
390 0.159816
391 0.185418
392 0.18029
393 0.187437
394 0.165861
395 0.175642
396 0.157803
397 0.177464
398 0.163602
399 0.152166
400 0.176761
401 0.158263
402 0.194703
403 0.181373
404 0.194258
405 0.211869
406 0.202717
407 0.228128
408 0.200133
409 0.20343
410 0.216895
411 0.183927
412 0.221184
413 0.16333
414 0.178804
415 0.192136
416 0.192667
417 0.170723
418 0.168342
419 0.192292
420 0.181724
421 0.144038
422 0.139756
423 0.203945
424 0.189248
425 0.173216
426 0.166387
427 0.155945
428 0.182646
429 0.164881
430 0.178665
431 0.167489
432 0.179673
433 0.168485
434 0.155268
435 0.18714
436 0.189217
437 0.153557
438 0.180227
439 0.164543
440 0.136461
441 0.194771
442 0.17618
443 0.18094
444 0.185081
445 0.159581
446 0.11667
447 0.177275
448 0.13937
449 0.150248
450 0.165705
451 0.17351
452 0.144225
453 0.135404
454 0.210929
455 0.160993
456 0.149376
457 0.16877
458 0.199776
459 0.166721
460 0.181157
461 0.164867
462 0.156171
463 0.202827
464 0.173418
465 0.172575
466 0.162786
467 0.182079
468 0.189448
469 0.181231
470 0.174826
471 0.211931
472 0.165253
473 0.203717
474 0.167469
475 0.181292
476 0.168669
477 0.164127
478 0.179772
479 0.16004
480 0.166747
481 0.193462
482 0.194871
483 0.17499
484 0.172006
485 0.199784
486 0.173584
487 0.160072
488 0.220778
489 0.15172
490 0.161381
491 0.213331
492 0.19965
493 0.170294
494 0.167717
495 0.19353
496 0.175584
497 0.176694
498 0.169133
499 0.188927
500 0.16268
501 0.157774
502 0.159347
503 0.174873
504 0.16412
505 0.172832
506 0.162859
507 0.180405
508 0.171403
509 0.168528
510 0.165683
511 0.140325
512 0.154167
513 0.165331
514 0.173325
515 0.183319
516 0.216299
517 0.21837
518 0.194161
519 0.173636
520 0.173293
521 0.178464
522 0.149506
523 0.17138
524 0.186167
525 0.155856
526 0.176995
527 0.148578
528 0.159541
529 0.187834
530 0.138847
531 0.155892
532 0.159245
533 0.173148
534 0.155917
535 0.142653
536 0.16927
537 0.174461
538 0.160225
539 0.166975
540 0.166304
541 0.166799
542 0.177206
543 0.180718
544 0.21096
545 0.164572
546 0.172238
547 0.154566
548 0.16831
549 0.150399
550 0.159528
551 0.160488
552 0.151148
553 0.171864
554 0.190478
555 0.156407
556 0.189705
557 0.165675
558 0.177096
559 0.164813
560 0.171936
561 0.189447
562 0.153116
563 0.221052
564 0.141506
565 0.189762
566 0.180033
567 0.194365
568 0.185854
569 0.203324
570 0.194428
571 0.200589
572 0.214641
573 0.198122
574 0.180914
575 0.15534
576 0.198915
577 0.210636
578 0.205569
579 0.164798
580 0.186299
581 0.197368
582 0.18659
583 0.165729
584 0.1887
585 0.162963
586 0.152893
587 0.20769
588 0.194191
589 0.18681
590 0.16993
591 0.191593
592 0.17951
593 0.176487
594 0.182967
595 0.156498
596 0.144475
597 0.174356
598 0.148089
599 0.171498
600 0.181739
601 0.203003
602 0.171511
603 0.169777
604 0.16472
605 0.179011
606 0.132537
607 0.230572
608 0.153085
609 0.146983
610 0.186915
611 0.143084
612 0.20209
613 0.132426
614 0.186085
615 0.172877
616 0.150861
617 0.150248
618 0.157924
619 0.159734
620 0.155315
621 0.175655
622 0.181505
623 0.162312
624 0.170777
625 0.178022
626 0.181287
627 0.142554
628 0.201903
629 0.172168
630 0.15914
631 0.174629
632 0.187551
633 0.189187
634 0.165826
635 0.15331
636 0.149762
637 0.193526
638 0.158105
639 0.163657
640 0.17199
641 0.134851
642 0.157838
643 0.12888
644 0.152799
645 0.16784
646 0.195392
647 0.151856
648 0.137894
649 0.17216
650 0.131947
651 0.1738
652 0.170563
653 0.195218
654 0.177272
655 0.139792
656 0.201015
657 0.217362
658 0.174756
659 0.160669
660 0.168989
661 0.162461
662 0.15724
663 0.134926
664 0.225141
665 0.155709
666 0.136262
667 0.163125
668 0.215841
669 0.16455
670 0.184461
671 0.20894
672 0.165516
673 0.177922
674 0.187546
675 0.167485
676 0.178641
677 0.198365
678 0.171955
679 0.184739
680 0.170936
681 0.194392
682 0.198817
683 0.168882
684 0.186393
685 0.171184
686 0.173044
687 0.17984
688 0.197636
689 0.189039
690 0.166507
691 0.201659
692 0.206494
693 0.175117
694 0.168791
695 0.216166
696 0.195726
697 0.16418
698 0.203371
699 0.160749
700 0.172332
701 0.190628
702 0.16523
703 0.181671
704 0.136024
705 0.195083
706 0.195426
707 0.172668
708 0.177515
709 0.170374
710 0.144991
711 0.150938
712 0.189867
713 0.186284
714 0.173845
715 0.157008
716 0.174757
717 0.123511
718 0.140284
719 0.11447
720 0.151131
721 0.149718
722 0.17677
723 0.153849
724 0.170223
725 0.162456
726 0.171762
727 0.166683
728 0.178931
729 0.156989
730 0.173465
731 0.176454
732 0.189741
733 0.191267
734 0.148801
735 0.174397
736 0.193956
737 0.184037
738 0.169221
739 0.166696
740 0.180041
741 0.182481
742 0.150322
743 0.170156
744 0.1581
745 0.181244
746 0.177808
747 0.163857
748 0.162115
749 0.180747
750 0.202922
751 0.203457
752 0.192567
753 0.181228
754 0.183019
755 0.176434
756 0.18258
757 0.148697
758 0.206783
759 0.180341
760 0.211549
761 0.182568
762 0.207929
763 0.199408
764 0.195349
765 0.175204
766 0.147413
767 0.186513
768 0.1539
769 0.164772
770 0.191457
771 0.185088
772 0.196724
773 0.210922
774 0.196185
775 0.165058
776 0.16843
777 0.19019
778 0.152929
779 0.146711
780 0.166746
781 0.163404
782 0.183076
783 0.189877
784 0.201297
785 0.170268
786 0.152915
787 0.193509
788 0.180981
789 0.189404
790 0.188789
791 0.168755
792 0.195237
793 0.182856
794 0.147249
795 0.16254
796 0.152038
797 0.199756
798 0.127454
799 0.182378
800 0.147345
801 0.170063
802 0.229636
803 0.154671
804 0.157535
805 0.155841
806 0.170816
807 0.166958
808 0.202379
809 0.147356
810 0.146532
811 0.157733
812 0.169488
813 0.168586
814 0.17378
815 0.164775
816 0.143497
817 0.174938
818 0.138761
819 0.162459
820 0.148399
821 0.178581
822 0.171955
823 0.199183
824 0.177897
825 0.207304
826 0.206634
827 0.163875
828 0.192618
829 0.144338
830 0.157525
831 0.173831
832 0.165381
833 0.15399
834 0.163321
835 0.152582
836 0.137544
837 0.178767
838 0.161717
839 0.146724
840 0.190741
841 0.175224
842 0.162946
843 0.177982
844 0.140703
845 0.165092
846 0.159443
847 0.203655
848 0.19247
849 0.172016
850 0.161874
851 0.179931
852 0.174794
853 0.19168
854 0.16715
855 0.148813
856 0.182028
857 0.15971
858 0.16299
859 0.170322
860 0.155578
861 0.192964
862 0.171704
863 0.148054
864 0.145655
865 0.178102
866 0.208503
867 0.179857
868 0.183481
869 0.211822
870 0.157169
871 0.157624
872 0.188547
873 0.15851
874 0.164948
875 0.148711
876 0.196557
877 0.167812
878 0.158397
879 0.150468
880 0.240167
881 0.176361
882 0.216857
883 0.164495
884 0.181218
885 0.170045
886 0.196362
887 0.168383
888 0.188439
889 0.154673
890 0.209178
891 0.178597
892 0.138571
893 0.187175
894 0.132371
895 0.187584
896 0.179685
897 0.16835
898 0.189237
899 0.172616
900 0.154868
901 0.153117
902 0.124512
903 0.144691
904 0.15298
905 0.219257
906 0.212066
907 0.165406
908 0.195717
909 0.1906
910 0.187429
911 0.162259
912 0.195266
913 0.172693
914 0.165136
915 0.178821
916 0.145088
917 0.160163
918 0.183498
919 0.204662
920 0.17979
921 0.159766
922 0.187873
923 0.188519
924 0.194996
925 0.17301
926 0.177721
927 0.165761
928 0.170623
929 0.165263
930 0.192202
931 0.1745
932 0.193227
933 0.16209
934 0.151346
935 0.211059
936 0.201934
937 0.155514
938 0.165696
939 0.150865
940 0.186016
941 0.185018
942 0.177648
943 0.165676
944 0.210082
945 0.209376
946 0.163739
947 0.23652
948 0.208454
949 0.228447
950 0.194288
951 0.183889
952 0.168272
953 0.184923
954 0.166423
955 0.163376
956 0.196578
957 0.188476
958 0.187929
959 0.19465
960 0.189882
961 0.152555
962 0.171127
963 0.194494
964 0.16305
965 0.157307
966 0.190748
967 0.140944
968 0.173603
969 0.169731
970 0.153758
971 0.135713
972 0.190337
973 0.140084
974 0.161188
975 0.204807
976 0.200379
977 0.157063
978 0.206017
979 0.199906
980 0.162864
981 0.217586
982 0.199077
983 0.203898
984 0.163381
985 0.168664
986 0.183075
987 0.147983
988 0.205692
989 0.194625
990 0.213184
991 0.164258
992 0.16069
993 0.221008
994 0.180221
995 0.13974
996 0.180429
997 0.183496
998 0.181516
999 0.205705
1000 0.17848
1001 0.172308
1002 0.17087
1003 0.1513
1004 0.174902
1005 0.171363
1006 0.128432
1007 0.178969
1008 0.169298
1009 0.129316
1010 0.175464
1011 0.167887
1012 0.196013
1013 0.196382
1014 0.200211
1015 0.174702
1016 0.187702
1017 0.171732
1018 0.174731
1019 0.17483
1020 0.131827
1021 0.168172
1022 0.18012
1023 0.179643
1024 0.183983
1025 0.165151
1026 0.137197
1027 0.218546
1028 0.195343
1029 0.160673
1030 0.169128
1031 0.154969
1032 0.164305
1033 0.13615
1034 0.198792
1035 0.16427
1036 0.228271
1037 0.218304
1038 0.181534
1039 0.174704
1040 0.191001
1041 0.199532
1042 0.191372
1043 0.160121
1044 0.135696
1045 0.165038
1046 0.197752
1047 0.139568
1048 0.156795
1049 0.170207
1050 0.161882
1051 0.163137
1052 0.201482
1053 0.184339
1054 0.166779
1055 0.142389
1056 0.178834
1057 0.15077
1058 0.172072
1059 0.180188
1060 0.231956
1061 0.199265
1062 0.216029
1063 0.216606
1064 0.177844
1065 0.202156
1066 0.190281
1067 0.210744
1068 0.217522
1069 0.17561
1070 0.192093
1071 0.173636
1072 0.163128
1073 0.144714
1074 0.166462
1075 0.138092
1076 0.154276
1077 0.167774
1078 0.16033
1079 0.174748
1080 0.150734
1081 0.159223
1082 0.146086
1083 0.164087
1084 0.189549
1085 0.15063
1086 0.170235
1087 0.181774
1088 0.223011
1089 0.22764
1090 0.208674
1091 0.154199
1092 0.168572
1093 0.179062
1094 0.183147
1095 0.157546
1096 0.173336
1097 0.198163
1098 0.190811
1099 0.14621
1100 0.141547
1101 0.18216
1102 0.170078
1103 0.141822
1104 0.169356
1105 0.157798
1106 0.174694
1107 0.0993107
1108 0.164272
1109 0.195395
1110 0.198969
1111 0.173766
1112 0.177404
1113 0.182249
1114 0.162657
1115 0.145225
1116 0.149995
1117 0.19858
1118 0.150027
1119 0.204076
1120 0.141056
1121 0.17742
1122 0.165459
1123 0.15868
1124 0.210634
1125 0.153943
1126 0.187335
1127 0.183734
1128 0.173255
1129 0.14832
1130 0.193133
1131 0.20175
1132 0.169259
1133 0.193226
1134 0.15881
1135 0.12282
1136 0.188312
1137 0.167161
1138 0.144243
1139 0.180575
1140 0.151143
1141 0.18889
1142 0.172718
1143 0.174732
1144 0.148902
1145 0.143413
1146 0.184177
1147 0.162982
1148 0.178007
1149 0.154879
1150 0.15637
1151 0.138918
1152 0.149805
1153 0.17154
1154 0.171072
1155 0.161881
1156 0.147475
1157 0.178185
1158 0.194565
1159 0.157651
1160 0.162421
1161 0.155058
1162 0.20158
1163 0.156091
1164 0.205991
1165 0.203934
1166 0.18937
1167 0.172056
1168 0.231732
1169 0.179375
1170 0.151914
1171 0.178411
1172 0.158414
1173 0.209432
1174 0.164882
1175 0.157099
1176 0.165592
1177 0.15046
1178 0.148711
1179 0.170938
1180 0.18532
1181 0.137398
1182 0.178022
1183 0.134888
1184 0.157024
1185 0.16079
1186 0.193675
1187 0.173376
1188 0.203806
1189 0.144716
1190 0.131206
1191 0.144052
1192 0.149016
1193 0.202346
1194 0.167517
1195 0.188748
1196 0.17715
1197 0.148041
1198 0.146114
1199 0.131449
1200 0.199527
1201 0.136559
1202 0.178797
1203 0.169418
1204 0.183136
1205 0.179341
1206 0.188592
1207 0.198853
1208 0.166359
1209 0.1666
1210 0.154865
1211 0.176686
1212 0.136125
1213 0.155947
1214 0.181508
1215 0.170816
1216 0.179458
1217 0.161852
1218 0.175696
1219 0.218763
1220 0.186512
1221 0.16149
1222 0.148005
1223 0.238454
1224 0.179223
1225 0.207784
1226 0.212445
1227 0.169118
1228 0.180152
1229 0.169134
1230 0.205625
1231 0.215854
1232 0.150971
1233 0.190699
1234 0.163962
1235 0.157159
1236 0.181651
1237 0.151233
1238 0.157492
1239 0.182886
1240 0.13403
1241 0.17127
1242 0.179673
1243 0.207491
1244 0.152996
1245 0.163751
1246 0.200171
1247 0.138977
1248 0.146855
1249 0.189266
1250 0.176287
1251 0.158122
1252 0.156633
1253 0.202971
1254 0.178535
1255 0.11186
1256 0.142591
1257 0.141938
1258 0.165211
1259 0.136488
1260 0.164508
1261 0.181853
1262 0.176192
1263 0.179544
1264 0.192536
1265 0.200929
1266 0.18242
1267 0.145769
1268 0.187705
1269 0.18817
1270 0.163407
1271 0.134134
1272 0.191284
1273 0.128864
1274 0.170794
1275 0.145768
1276 0.153029
1277 0.119717
1278 0.131047
1279 0.176044
1280 0.156677
1281 0.155191
1282 0.16864
1283 0.161681
1284 0.161378
1285 0.153807
1286 0.127942
1287 0.16685
1288 0.185349
1289 0.169761
1290 0.169562
1291 0.168618
1292 0.198285
1293 0.194222
1294 0.179651
1295 0.194869
1296 0.193715
1297 0.174336
1298 0.16376
1299 0.154663
1300 0.126436
1301 0.126662
1302 0.162984
1303 0.180165
1304 0.177134
1305 0.148366
1306 0.162175
1307 0.151547
1308 0.214153
1309 0.14241
1310 0.174744
1311 0.210498
1312 0.164829
1313 0.212628
1314 0.219147
1315 0.158136
1316 0.159382
1317 0.170771
1318 0.154888
1319 0.163089
1320 0.149032
1321 0.168796
1322 0.209299
1323 0.165565
1324 0.125128
1325 0.213062
1326 0.167444
1327 0.166713
1328 0.155331
1329 0.165002
1330 0.182226
1331 0.169849
1332 0.160262
1333 0.171784
1334 0.202659
1335 0.144765
1336 0.188957
1337 0.150703
1338 0.134894
1339 0.148517
1340 0.178893
1341 0.211668
1342 0.196929
1343 0.182821
1344 0.193035
1345 0.140618
1346 0.206341
1347 0.157522
1348 0.155056
1349 0.14548
1350 0.1421
1351 0.144661
1352 0.149808
1353 0.17487
1354 0.164678
1355 0.188909
1356 0.165785
1357 0.22345
1358 0.205192
1359 0.193926
1360 0.201082
1361 0.16838
1362 0.171377
1363 0.166292
1364 0.157896
1365 0.195166
1366 0.141958
1367 0.154535
1368 0.133871
1369 0.166223
1370 0.162797
1371 0.169434
1372 0.168251
1373 0.158089
1374 0.191942
1375 0.186635
1376 0.14744
1377 0.193
1378 0.175809
1379 0.154841
1380 0.208461
1381 0.210959
1382 0.152687
1383 0.188812
1384 0.197893
1385 0.188714
1386 0.173841
1387 0.168483
1388 0.148154
1389 0.155323
1390 0.142571
1391 0.191162
1392 0.170197
1393 0.223586
1394 0.219319
1395 0.176154
1396 0.208255
1397 0.171988
1398 0.173016
1399 0.147922
1400 0.196858
1401 0.153747
1402 0.153924
1403 0.184244
1404 0.136985
1405 0.175899
1406 0.200511
1407 0.200478
1408 0.175559
1409 0.183141
1410 0.181238
1411 0.187378
1412 0.196759
1413 0.155691
1414 0.167913
1415 0.229326
1416 0.148449
1417 0.189719
1418 0.175409
1419 0.185238
1420 0.189801
1421 0.197673
1422 0.187371
1423 0.170468
1424 0.193942
1425 0.206043
1426 0.177674
1427 0.205312
1428 0.150826
1429 0.169909
1430 0.160871
1431 0.158853
1432 0.185084
1433 0.201983
1434 0.218514
1435 0.211863
1436 0.165744
1437 0.210133
1438 0.201971
1439 0.212425
1440 0.235199
1441 0.191251
1442 0.184433
1443 0.205197
1444 0.167009
1445 0.173244
1446 0.161833
1447 0.179936
1448 0.152174
1449 0.132581
1450 0.167746
1451 0.14689
1452 0.173915
1453 0.143176
1454 0.192741
1455 0.210571
1456 0.147304
1457 0.148934
1458 0.183801
1459 0.171744
1460 0.122137
1461 0.143908
1462 0.19126
1463 0.13575
1464 0.14826
1465 0.155844
1466 0.191223
1467 0.14334
1468 0.144866
1469 0.186203
1470 0.136637
1471 0.135529
1472 0.193431
1473 0.147252
1474 0.126786
1475 0.158892
1476 0.16776
1477 0.163649
1478 0.152721
1479 0.175847
1480 0.182386
1481 0.18855
1482 0.139512
1483 0.133487
1484 0.174985
1485 0.145669
1486 0.194117
1487 0.174784
1488 0.15603
1489 0.205897
1490 0.153767
1491 0.131413
1492 0.17526
1493 0.16261
1494 0.176697
1495 0.157466
1496 0.201188
1497 0.142381
1498 0.238925
1499 0.189501
1500 0.220892
1501 0.200419
1502 0.219588
1503 0.178508
1504 0.177943
1505 0.222753
1506 0.154355
1507 0.142652
1508 0.176298
1509 0.189799
1510 0.131625
1511 0.158232
1512 0.146652
1513 0.207404
1514 0.17686
1515 0.177516
1516 0.199771
1517 0.116933
1518 0.153755
1519 0.179355
1520 0.206193
1521 0.178886
1522 0.179546
1523 0.191572
1524 0.163428
1525 0.150429
1526 0.132684
1527 0.121071
1528 0.18806
1529 0.19215
1530 0.201891
1531 0.18686
1532 0.155535
1533 0.165129
1534 0.18508
1535 0.151606
1536 0.141989
1537 0.174977
1538 0.171912
1539 0.127823
1540 0.144639
1541 0.155758
1542 0.145855
1543 0.153732
1544 0.146409
1545 0.162263
1546 0.141956
1547 0.203292
1548 0.182646
1549 0.207745
1550 0.202139
1551 0.183811
1552 0.197827
1553 0.157617
1554 0.19459
1555 0.183554
1556 0.174933
1557 0.16817
1558 0.171781
1559 0.187114
1560 0.178598
1561 0.185051
1562 0.163394
1563 0.176612
1564 0.206555
1565 0.170164
1566 0.164482
1567 0.156016
1568 0.203994
1569 0.164966
1570 0.163877
1571 0.18093
1572 0.170693
1573 0.164892
1574 0.182024
1575 0.165557
1576 0.15398
1577 0.14777
1578 0.143524
1579 0.149614
1580 0.176336
1581 0.151231
1582 0.149303
1583 0.150616
1584 0.214246
1585 0.189845
1586 0.16672
1587 0.197851
1588 0.197326
1589 0.177171
1590 0.177843
1591 0.168164
1592 0.195982
1593 0.162437
1594 0.193571
1595 0.164879
1596 0.207597
1597 0.200576
1598 0.178992
1599 0.178444
1600 0.204892
1601 0.189936
1602 0.176986
1603 0.166696
1604 0.171525
1605 0.16372
1606 0.14705
1607 0.149614
1608 0.163025
1609 0.167354
1610 0.175474
1611 0.179317
1612 0.163998
1613 0.185807
1614 0.159938
1615 0.109871
1616 0.128421
1617 0.150756
1618 0.153909
1619 0.163045
1620 0.180342
1621 0.20636
1622 0.172252
1623 0.201768
1624 0.213463
1625 0.171812
1626 0.181139
1627 0.169953
1628 0.167071
1629 0.151019
1630 0.157514
1631 0.155835
1632 0.157474
1633 0.130403
1634 0.145203
1635 0.164882
1636 0.173559
1637 0.179507
1638 0.170731
1639 0.161945
1640 0.176299
1641 0.164389
1642 0.190264
1643 0.193344
1644 0.170543
1645 0.199976
1646 0.195957
1647 0.170733
1648 0.213454
1649 0.182335
1650 0.153466
1651 0.140834
1652 0.214243
1653 0.2321
1654 0.174585
1655 0.165152
1656 0.131807
1657 0.137197
1658 0.119785
1659 0.142261
1660 0.193822
1661 0.211216
1662 0.193766
1663 0.180498
1664 0.160942
1665 0.173201
1666 0.128671
1667 0.1312
1668 0.18271
1669 0.152731
1670 0.176077
1671 0.17312
1672 0.203013
1673 0.212236
1674 0.172877
1675 0.154079
1676 0.172586
1677 0.156464
1678 0.156816
1679 0.168659
1680 0.145301
1681 0.173038
1682 0.216458
1683 0.183671
1684 0.195137
1685 0.154917
1686 0.159596
1687 0.189693
1688 0.156582
1689 0.189077
1690 0.127665
1691 0.161678
1692 0.156321
1693 0.163758
1694 0.168481
1695 0.166416
1696 0.193235
1697 0.199748
1698 0.166322
1699 0.116718
1700 0.153704
1701 0.143386
1702 0.131748
1703 0.178496
1704 0.180919
1705 0.141684
1706 0.17767
1707 0.146294
1708 0.160229
1709 0.185136
1710 0.160832
1711 0.160326
1712 0.208833
1713 0.162974
1714 0.169879
1715 0.199692
1716 0.225552
1717 0.180937
1718 0.19489
1719 0.165896
1720 0.161379
1721 0.163015
1722 0.174975
1723 0.159998
1724 0.192181
1725 0.177277
1726 0.194545
1727 0.18871
1728 0.180051
1729 0.150498
1730 0.186381
1731 0.170333
1732 0.182549
1733 0.137344
1734 0.161889
1735 0.184818
1736 0.16825
1737 0.146541
1738 0.180636
1739 0.162164
1740 0.199964
1741 0.159256
1742 0.161011
1743 0.211784
1744 0.156864
1745 0.158204
1746 0.177273
1747 0.159229
1748 0.150762
1749 0.161799
1750 0.166303
1751 0.147598
1752 0.144228
1753 0.185253
1754 0.164222
1755 0.166878
1756 0.155062
1757 0.171346
1758 0.145456
1759 0.1446
1760 0.162672
1761 0.187567
1762 0.155241
1763 0.158456
1764 0.17104
1765 0.169802
1766 0.168019
1767 0.133394
1768 0.170344
1769 0.194996
1770 0.201553
1771 0.149058
1772 0.198235
1773 0.174034
1774 0.139364
1775 0.16095
1776 0.166211
1777 0.156708
1778 0.165336
1779 0.159439
1780 0.162981
1781 0.129413
1782 0.16237
1783 0.159836
1784 0.154895
1785 0.151471
1786 0.180067
1787 0.202431
1788 0.167938
1789 0.176523
1790 0.207584
1791 0.184125
1792 0.206032
1793 0.158631
1794 0.201791
1795 0.231562
1796 0.172424
1797 0.171795
1798 0.207067
1799 0.190241
1800 0.154124
1801 0.157605
1802 0.171589
1803 0.175037
1804 0.166974
1805 0.184786
1806 0.176959
1807 0.138331
1808 0.226962
1809 0.17929
1810 0.197021
1811 0.190873
1812 0.140461
1813 0.138794
1814 0.154359
1815 0.158
1816 0.160644
1817 0.163455
1818 0.161761
1819 0.157353
1820 0.188697
1821 0.184349
1822 0.167702
1823 0.178431
1824 0.15604
1825 0.154996
1826 0.165748
1827 0.183129
1828 0.213585
1829 0.18747
1830 0.180036
1831 0.158417
1832 0.209743
1833 0.149041
1834 0.14541
1835 0.187208
1836 0.227664
1837 0.159045
1838 0.140067
1839 0.151203
1840 0.211623
1841 0.156746
1842 0.126801
1843 0.185129
1844 0.196732
1845 0.157739
1846 0.172536
1847 0.190055
1848 0.193022
1849 0.190644
1850 0.207948
1851 0.167846
1852 0.186413
1853 0.230726
1854 0.1869
1855 0.22697
1856 0.164605
1857 0.234335
1858 0.214603
1859 0.195735
1860 0.202532
1861 0.145747
1862 0.178886
1863 0.190112
1864 0.17674
1865 0.16542
1866 0.192227
1867 0.175256
1868 0.215604
1869 0.162914
1870 0.183135
1871 0.198398
1872 0.177256
1873 0.165991
1874 0.189933
1875 0.170451
1876 0.109816
1877 0.111957
1878 0.126384
1879 0.158908
1880 0.1512
1881 0.18412
1882 0.175713
1883 0.174715
1884 0.21189
1885 0.172352
1886 0.156496
1887 0.223969
1888 0.18292
1889 0.132094
1890 0.199082
1891 0.159381
1892 0.15535
1893 0.140383
1894 0.172424
1895 0.151272
1896 0.154285
1897 0.123889
1898 0.16801
1899 0.143317
1900 0.208285
1901 0.160654
1902 0.150511
1903 0.184399
1904 0.165667
1905 0.154557
1906 0.149403
1907 0.176455
1908 0.177024
1909 0.158216
1910 0.144495
1911 0.178332
1912 0.156989
1913 0.162776
1914 0.221825
1915 0.161216
1916 0.19941
1917 0.170609
1918 0.144106
1919 0.191126
1920 0.145744
1921 0.155225
1922 0.128826
1923 0.192678
1924 0.131722
1925 0.140674
1926 0.148346
1927 0.15429
1928 0.184373
1929 0.18036
1930 0.175477
1931 0.209013
1932 0.16425
1933 0.178809
1934 0.202734
1935 0.155001
1936 0.165319
1937 0.14014
1938 0.182294
1939 0.184832
1940 0.159221
1941 0.206142
1942 0.146727
1943 0.17814
1944 0.174333
1945 0.169228
1946 0.213967
1947 0.148098
1948 0.187421
1949 0.182734
1950 0.168084
1951 0.212591
1952 0.199194
1953 0.158753
1954 0.208438
1955 0.165793
1956 0.18374
1957 0.17271
1958 0.190119
1959 0.188864
1960 0.182118
1961 0.17793
1962 0.159899
1963 0.181685
1964 0.167092
1965 0.17963
1966 0.169184
1967 0.218425
1968 0.183521
1969 0.179472
1970 0.198781
1971 0.237039
1972 0.188591
1973 0.231741
1974 0.183263
1975 0.191728
1976 0.182611
1977 0.166415
1978 0.196698
1979 0.16101
1980 0.166494
1981 0.16103
1982 0.20991
1983 0.182526
1984 0.134417
1985 0.162944
1986 0.181311
1987 0.189592
1988 0.197408
1989 0.156694
1990 0.174868
1991 0.167649
1992 0.167208
1993 0.185426
1994 0.167096
1995 0.139974
1996 0.205849
1997 0.21435
1998 0.192497
1999 0.206918
2000 0.150291
2001 0.183838
2002 0.177632
2003 0.143388
2004 0.118561
2005 0.174041
2006 0.141309
2007 0.170041
2008 0.173061
2009 0.162295
2010 0.156881
2011 0.149829
2012 0.129239
2013 0.198935
2014 0.180696
2015 0.17805
2016 0.199087
2017 0.150261
2018 0.176657
2019 0.164889
2020 0.169164
2021 0.188964
2022 0.180307
2023 0.202243
2024 0.1832
2025 0.179752
2026 0.181336
2027 0.193545
2028 0.18586
2029 0.175087
2030 0.187791
2031 0.16017
2032 0.151393
2033 0.163956
2034 0.165862
2035 0.169766
2036 0.174297
2037 0.187281
2038 0.183586
2039 0.132358
2040 0.159631
2041 0.171612
2042 0.151928
2043 0.167174
2044 0.180235
2045 0.186466
2046 0.221078
2047 0.193489
2048 0.179779
2049 0.172793
2050 0.174893
2051 0.15636
2052 0.176162
2053 0.151372
2054 0.161191
2055 0.158923
2056 0.193999
2057 0.180676
2058 0.188791
2059 0.140747
2060 0.20292
2061 0.173831
2062 0.193305
2063 0.210219
2064 0.165755
2065 0.131563
2066 0.150154
2067 0.163544
2068 0.153829
2069 0.152941
2070 0.155389
2071 0.152141
2072 0.147459
2073 0.15128
2074 0.16047
2075 0.152996
2076 0.198371
2077 0.165023
2078 0.169221
2079 0.156735
2080 0.218536
2081 0.167887
2082 0.156816
2083 0.195708
2084 0.165692
2085 0.168882
2086 0.161418
2087 0.165212
2088 0.191533
2089 0.191853
2090 0.201894
2091 0.205374
2092 0.219022
2093 0.205914
2094 0.185886
2095 0.195078
2096 0.220081
2097 0.195869
2098 0.195792
2099 0
