0 -697809
1 17744.3
2 -4855.28
3 -363.995
4 -140.908
5 -25.4597
6 -5.2105
7 -1.18154
8 -0.440756
9 0.680084
10 0.344246
11 0.320254
12 -0.01149
13 0.311876
14 0.00550225
15 0.686897
16 0.242109
17 0.378402
18 0.392069
19 -0.342296
20 0.0874832
21 0.0142163
22 0.0072015
23 0.470637
24 -0.216325
25 -0.0681732
26 0.333442
27 -0.52886
28 0.0505964
29 -0.0956435
30 -1.44397
31 0.899943
32 -0.13366
33 1.21678
34 0.634319
35 -0.205025
36 0.575013
37 -0.0516562
38 -0.215257
39 0.181992
40 0.128664
41 -0.0845962
42 0.149077
43 -0.654585
44 -0.0209591
45 -0.417842
46 -0.0189827
47 -0.568231
48 -0.260438
49 -0.0511593
50 0.370555
51 0.0577382
52 0.397061
53 0.145464
54 0.480683
55 0.160535
56 0.199242
57 0.038083
58 0.353151
59 0.154026
60 -0.104976
61 0.0431956
62 0.173736
63 1.16326
64 0.333239
65 0.0884735
66 0.712856
67 0.134335
68 -0.525504
69 -0.055401
70 0.554298
71 0.548473
72 0.221414
73 0.778393
74 0.33728
75 0.0790726
76 0.192645
77 0.193066
78 0.123212
79 0.603517
80 0.42595
81 -0.0123627
82 0.0900028
83 -0.0397017
84 0.577683
85 0.349937
86 0.089673
87 -0.362362
88 -0.320784
89 0.328341
90 0.921104
91 0.27225
92 0.70124
93 0.195091
94 0.487301
95 0.525144
96 0.522776
97 -0.527955
98 -0.0902137
99 0.435752
100 0.136117
101 0.000512681
102 0.0252724
103 -0.133861
104 1.36933
105 0.0340096
106 0.237467
107 -0.0362823
108 0.729654
109 0.244902
110 -0.755749
111 0.135078
112 0.370596
113 0.3348
114 0.56795
115 0.685703
116 0.100184
117 0.0530491
118 0.630197
119 0.369007
120 0.218024
121 0.199607
122 0.0544343
123 -0.0804572
124 0.466113
125 -0.0662031
126 -0.180241
127 -0.0943894
128 0.635384
129 0.780135
130 0.182372
131 0.0871482
132 -0.17768
133 0.223789
134 0.362704
135 -0.28391
136 0.272961
137 0.132812
138 1.15797
139 1.19555
140 -0.0953677
141 0.155374
142 -0.294656
143 -0.542345
144 0.38248
145 0.362338
146 0.613857
147 0.273534
148 0.208384
149 0.18987
150 0.131135
151 0.257593
152 0.553701
153 -0.0231489
154 1.29522
155 0.63434
156 -1.49405
157 0.630661
158 0.464166
159 -0.109629
160 0.893908
161 -0.425025
162 0.0933287
163 0.387968
164 -0.119002
165 0.387834
166 -0.288387
167 -0.320233
168 0.558628
169 0.377412
170 -0.0341986
171 -0.603357
172 -0.0445375
173 0.0168945
174 -0.275547
175 0.364852
176 0.4379
177 0.0650122
178 0.0576289
179 -0.26609
180 -0.197886
181 0.310132
182 -0.115822
183 0.858321
184 -0.0436781
185 0.570534
186 0.529141
187 0.815135
188 0.22378
189 0.0517801
190 -0.0405285
191 0.228488
192 0.376291
193 0.279412
194 0.184644
195 0.0555513
196 0.570208
197 0.726455
198 0.821077
199 -0.347179
200 0.736477
201 0.274977
202 -0.0489221
203 0.420388
204 0.376698
205 -0.16264
206 -0.237777
207 -0.182859
208 0.288001
209 -0.265263
210 0.231697
211 0.0305042
212 -0.140882
213 0.288803
214 0.22245
215 0.0957072
216 -0.249019
217 0.194259
218 0.370699
219 0.548253
220 0.202686
221 0.293945
222 0.0569967
223 0.198444
224 -0.15802
225 0.447202
226 0.0104262
227 -0.23636
228 0.0967063
229 0.349009
230 -0.208179
231 0.0293657
232 -0.0715933
233 0.648815
234 -0.212931
235 0.19038
236 -0.0691306
237 0.367291
238 0.541496
239 1.06914
240 -0.130527
241 -0.149245
242 0.199549
243 0.150587
244 0.259125
245 0.442625
246 -0.000215162
247 0.587514
248 0.528174
249 -0.622951
250 -0.226424
251 1.66747
252 -0.283139
253 -0.143732
254 0.591695
255 0.102352
256 0.643206
257 1.37319
258 -0.0973524
259 0.47756
260 0.105281
261 -0.17349
262 0.277527
263 0.313063
264 0.560145
265 0.390327
266 -0.0248845
267 0.711747
268 0.126917
269 0.563579
270 -0.40372
271 0.535106
272 0.545206
273 0.400242
274 0.618024
275 0.471035
276 0.0997031
277 0.789117
278 0.33404
279 -0.0251571
280 0.3307
281 0.182296
282 0.0559191
283 -0.13948
284 -0.0651812
285 -0.0139981
286 0.374996
287 0.189169
288 0.850837
289 0.16312
290 0.286742
291 0.438791
292 0.0729397
293 0.274359
294 0.00767796
295 0.0708602
296 0.432876
297 0.00269195
298 0.464497
299 -0.67369
300 -0.258838
301 0.969839
302 0.0977863
303 -0.451706
304 0.340453
305 0.0443528
306 -0.121063
307 0.48944
308 0.746046
309 -0.0676261
310 0.232055
311 0.326576
312 -0.110629
313 0.523738
314 0.431131
315 0.274941
316 0.237128
317 0.430622
318 0.351154
319 0.423265
320 0.375164
321 -0.185957
322 0.418657
323 -0.471103
324 0.428102
325 0.0725512
326 0.171836
327 0.380336
328 0.131165
329 0.101277
330 0.334866
331 -0.137636
332 0.150037
333 0.458461
334 -0.0790393
335 0.00713611
336 0.282466
337 0.268019
338 0.150419
339 0.138807
340 -0.130106
341 0.282576
342 -0.0622493
343 -0.0953011
344 0.361811
345 -0.0909761
346 0.00885739
347 -0.417709
348 0.146115
349 0.195222
350 0.17979
351 0.542597
352 -0.0400364
353 0.41943
354 -0.314048
355 0.0939259
356 -0.282711
357 0.0107181
358 0.775225
359 -0.954199
360 0.506667
361 -0.245042
362 0.340553
363 -0.0242763
364 -0.14099
365 0.213955
366 -0.564789
367 0.00298776
368 -0.240376
369 0.190019
370 0.27796
371 0.466116
372 0.201451
373 0.00145739
374 -0.00230024
375 0.236458
376 -0.193387
377 0.232478
378 -0.072615
379 0.0741844
380 0.450086
381 0.348477
382 0.210685
383 0.64255
384 0.408329
385 -0.00999561
386 -0.129696
387 -0.367867
388 0.391205
389 0.312349
390 0.158919
391 0.115914
392 -0.0721292
393 -0.428226
394 0.0315501
395 0.133317
396 0.222689
397 -0.196246
398 0.0564441
399 0.137738
400 0.235404
401 0.00409184
402 0.257123
403 0.134246
404 -0.179478
405 -0.275783
406 0.333945
407 -0.103979
408 0.817927
409 -0.268203
410 0.0763625
411 -0.669081
412 -0.291798
413 -0.214968
414 0.744741
415 0.301947
416 -0.128264
417 0.520787
418 0.180441
419 0.341205
420 -0.128845
421 0.287233
422 -0.21647
423 0.0464391
424 -0.0496595
425 0.0283672
426 0.103295
427 0.225655
428 -0.0805903
429 0.641121
430 0.124488
431 0.0755603
432 0.275983
433 0.347795
434 0.796212
435 0.0915232
436 0.142213
437 0.366523
438 -0.589631
439 -0.472271
440 -0.11503
441 0.64788
442 -0.284873
443 -0.539439
444 0.540634
445 0.467595
446 0.855209
447 0.378857
448 0.0203337
449 -0.126489
450 -0.324462
451 -0.706469
452 0.541954
453 -0.701192
454 0.64035
455 0.581593
456 0.241272
457 0.474801
458 -0.24829
459 -0.542256
460 0.248793
461 0.297478
462 -0.0503933
463 0.750455
464 0.517372
465 0.591166
466 0.0289208
467 0.526823
468 -0.0785228
469 0.280453
470 -0.277499
471 -0.225076
472 -0.466621
473 0.372413
474 0.813548
475 0.397969
476 0.10423
477 0.300896
478 -0.27689
479 0.0768106
480 0.0933072
481 0.501086
482 -0.251264
483 0.00431421
484 0.206003
485 0.0719708
486 -0.405852
487 -0.0871586
488 0.192602
489 0.80584
490 0.38875
491 0.269075
492 1.26466
493 -0.244388
494 0.146682
495 -0.124248
496 -0.094522
497 0.52412
498 -0.167255
499 0.880413
500 0.420843
501 0.13736
502 -0.355172
503 0.968803
504 -0.0887569
505 -0.102354
506 0.247163
507 0.569049
508 1.30203
509 0.803415
510 0.0898824
511 0.559847
512 -0.35031
513 0.257495
514 -0.0389178
515 -0.200023
516 0.402551
517 -0.0568953
518 0.566209
519 0.256871
520 0.354484
521 0.133086
522 0.00428758
523 -0.268328
524 0.267189
525 0.468939
526 1.25164
527 0.418253
528 -0.041818
529 0.733206
530 0.264641
531 0.731454
532 -0.423656
533 0.35964
534 -0.608999
535 0.362355
536 0.436752
537 0.1456
538 1.22648
539 -1.28445
540 1.68001
541 -0.046673
542 -0.164854
543 0.29996
544 -0.65411
545 -0.155775
546 -0.126308
547 0.542846
548 -0.950706
549 -0.0227012
550 0.604992
551 -0.271362
552 -0.798414
553 0.0308837
554 0.143741
555 -0.00387298
556 -0.285501
557 -0.0919856
558 0.0855092
559 0.110462
560 0.272683
561 0.460999
562 -0.337339
563 0.339283
564 0.213644
565 0.139029
566 0.458275
567 0.377808
568 0.578661
569 -0.101151
570 0.644777
571 -0.379703
572 0.0896572
573 0.570924
574 0.852723
575 1.04774
576 -0.116506
577 0.349386
578 0.93019
579 0.193633
580 0.311378
581 0.351354
582 0.619177
583 0.437573
584 0.645829
585 0.00665542
586 -0.103084
587 0.462575
588 0.0831037
589 0.538154
590 -0.0959221
591 -0.155743
592 -0.0514357
593 0.0401577
594 0.0896134
595 0.0789056
596 0.318299
597 0.215385
598 -0.223847
599 0.159551
600 -0.0393082
601 0.350522
602 -0.164283
603 0.402409
604 -0.485339
605 0.316705
606 -0.538376
607 -0.170823
608 0.00236688
609 0.0899
610 0.0610674
611 0.491783
612 0.445423
613 0.320314
614 0.776832
615 0.145306
616 0.227559
617 -0.298494
618 0.464044
619 0.043716
620 -0.218816
621 0.492807
622 -0.179232
623 0.359726
624 0.254144
625 -0.239536
626 -0.00365739
627 -0.0169996
628 0.19134
629 0.249125
630 0.201549
631 0.0459374
632 -0.303774
633 0.49171
634 0.0860994
635 0.339694
636 -0.383746
637 0.275567
638 0.426672
639 0.0947235
640 0.156487
641 -0.0219858
642 0.433838
643 -0.330965
644 0.233804
645 0.2171
646 -0.126305
647 0.509563
648 0.673182
649 -0.124962
650 0.32239
651 0.114747
652 0.4043
653 0.000340368
654 0.204492
655 0.437235
656 -0.0702202
657 -0.281251
658 0.812333
659 0.216468
660 0.708405
661 -0.250163
662 0.39219
663 0.39022
664 0.517821
665 0.518233
666 0.235654
667 0.202705
668 0.133879
669 0.155176
670 0.384161
671 0.193861
672 -0.117216
673 0.810972
674 0.632223
675 -0.408595
676 0.890131
677 0.286685
678 -0.045256
679 0.378703
680 0.34623
681 0.396446
682 0.586971
683 0.0823043
684 0.503416
685 0.630668
686 0.567257
687 0.14644
688 -0.37267
689 0.947833
690 0.280489
691 0.583161
692 0.445326
693 -0.182114
694 0.41006
695 0.266558
696 0.0519377
697 0.429746
698 -0.132918
699 0.249098
700 -0.194648
701 0.16002
702 0.417414
703 0.0739375
704 -0.511955
705 0.539797
706 0.458076
707 -0.140316
708 0.361443
709 0.528127
710 0.227818
711 0.425203
712 0.216302
713 -0.412675
714 -0.00530419
715 0.177962
716 0.817906
717 -0.130893
718 0.233817
719 0.422654
720 0.186776
721 0.177375
722 -0.195603
723 0.276241
724 0.000936301
725 0.389987
726 -0.0524726
727 -0.104188
728 0.467247
729 0.154579
730 1.08501
731 -0.086059
732 0.34822
733 0.243751
734 -0.577921
735 0.655116
736 0.656602
737 0.419548
738 0.0781284
739 0.195565
740 0.253107
741 0.385854
742 0.0344525
743 0.0126911
744 0.421537
745 -0.0112643
746 0.305388
747 -0.18716
748 0.108482
749 0.274561
750 -0.0838202
751 0.203219
752 -0.337279
753 0.11506
754 0.0432658
755 0.376519
756 0.262573
757 0.576212
758 0.265414
759 -0.195433
760 -0.512728
761 0.60786
762 -0.350841
763 0.402826
764 -0.0820782
765 1.3715
766 0.794431
767 0.335602
768 0.278538
769 0.122263
770 0.830419
771 0.27933
772 0.385947
773 -0.103343
774 0.187653
775 -0.0771417
776 0.148709
777 0.0127856
778 0.190416
779 -0.180117
780 0.449322
781 0.0958117
782 0.593764
783 0.691811
784 0.308614
785 0.457154
786 0.384134
787 -0.0195522
788 0.915489
789 -0.308323
790 -0.0706452
791 0.201416
792 0.300219
793 0.215525
794 0.157408
795 0.11572
796 0.214973
797 -0.540178
798 0.14365
799 -0.040932
800 0.770241
801 0.247776
802 0.0488844
803 0.940808
804 0.858282
805 0.0885711
806 0.0134928
807 -0.219574
808 -0.380128
809 0.434301
810 -0.171287
811 0.517891
812 1.43446
813 -0.116918
814 -0.313818
815 0.146723
816 -0.0944654
817 0.504331
818 0.697385
819 1.55532
820 0.0812829
821 0.669403
822 -0.0298748
823 0.167446
824 0.817815
825 0.243813
826 -0.449488
827 -0.755671
828 0.1219
829 0.894794
830 0.184934
831 -0.150694
832 0.379735
833 -0.19471
834 -0.206573
835 0.84165
836 -0.494786
837 -0.0229064
838 0.082571
839 -0.51222
840 0.326432
841 1.44784
842 0.150862
843 0.308379
844 0.874189
845 -0.149484
846 0.132976
847 0.584301
848 0.594157
849 0.836123
850 0.292715
851 0.0627722
852 0.0433127
853 0.487512
854 0.355763
855 0.294047
856 0.427988
857 0.126093
858 0.300486
859 -0.346859
860 -0.116463
861 0.330336
862 0.0898208
863 -0.572654
864 -0.0602113
865 0.183327
866 -0.209115
867 -0.273899
868 0.410844
869 -0.386003
870 0.113836
871 0.122165
872 0.255239
873 -0.213339
874 -0.113931
875 0.328146
876 0.338394
877 -0.32217
878 -0.032827
879 -0.0447442
880 -0.278181
881 -0.373772
882 1.52088
883 -0.0838979
884 -0.230163
885 0.525182
886 0.380114
887 0.172861
888 0.165757
889 -0.00869361
890 0.184844
891 -0.0847867
892 0.428378
893 -0.193809
894 -0.329736
895 -0.152366
896 -0.375224
897 0.885988
898 -0.216788
899 0.495745
900 0.252589
901 0.354353
902 0.977639
903 0.231199
904 -0.0455765
905 -0.619531
906 1.14105
907 -0.423154
908 0.11044
909 0.51094
910 0.0438327
911 0.591893
912 1.05623
913 -0.202146
914 0.426172
915 -0.234541
916 0.339738
917 0.139388
918 0.362827
919 -0.225906
920 0.905585
921 0.440328
922 -0.294973
923 0.193495
924 0.1689
925 -0.11054
926 -0.0569503
927 0.825881
928 0.185978
929 0.394205
930 -0.463723
931 0.0815885
932 0.0161643
933 0.0267806
934 0.350261
935 0.317791
936 -0.00902342
937 0.202627
938 -0.221966
939 0.429273
940 0.560387
941 0.344115
942 0.494775
943 0.379291
944 0.0312335
945 -0.109063
946 0.811776
947 0.343966
948 0.284525
949 -0.413002
950 -0.173566
951 0.121012
952 0.368815
953 -0.231978
954 -0.162785
955 0.287355
956 0.0205319
957 -0.247922
958 0.396824
959 0.369873
960 0.345298
961 0.379951
962 0.292518
963 -0.479419
964 0.555721
965 0.664063
966 -0.248568
967 -0.203589
968 0.0934854
969 0.54823
970 0.665255
971 0.00254075
972 0.279278
973 0.769954
974 -0.192024
975 0.282429
976 0.730418
977 0.05641
978 0.176964
979 0.0234245
980 -0.376556
981 0.0470151
982 0.90719
983 0.0165952
984 0.490408
985 0.338726
986 -0.0172291
987 0.162322
988 0.31447
989 0.025042
990 0.703342
991 -0.128983
992 0.296788
993 0.615798
994 -0.102215
995 0.279434
996 0.0238657
997 -0.299711
998 -0.172426
999 0.267416
1000 -0.0436825
1001 0.0810551
1002 -0.137687
1003 -0.165669
1004 0.117758
1005 0.197608
1006 -0.345161
1007 -0.170012
1008 0.101933
1009 0.692602
1010 0.340175
1011 -0.0341251
1012 0.326616
1013 -0.432554
1014 -0.407632
1015 0.33262
1016 0.302958
1017 -0.0222887
1018 0.487277
1019 0.0126556
1020 0.337452
1021 0.121269
1022 0.420721
1023 -0.0928105
1024 -0.125871
1025 0.238017
1026 1.70583
1027 0.0359665
1028 0.234273
1029 0.264446
1030 -0.236552
1031 -0.0233919
1032 -0.214633
1033 -0.00134285
1034 0.334625
1035 -0.737093
1036 0.213141
1037 -0.118261
1038 0.0842036
1039 0.383816
1040 0.363094
1041 -0.4484
1042 0.0234841
1043 0.762964
1044 0.228725
1045 -0.316591
1046 0.234541
1047 0.194008
1048 0.313077
1049 0.30248
1050 0.0559081
1051 0.393469
1052 -0.265773
1053 -0.206485
1054 0.500724
1055 -0.00421403
1056 0.493551
1057 0.0353322
1058 -0.0543203
1059 0.0740198
1060 0.129482
1061 0.400122
1062 0.292568
1063 0.342656
1064 0.0920192
1065 -0.306878
1066 0.748394
1067 -0.0953531
1068 0.387147
1069 -0.149811
1070 -0.250524
1071 0.164654
1072 0.330041
1073 -0.301777
1074 0.563823
1075 0.114095
1076 -0.275905
1077 -0.0192207
1078 0.0980074
1079 -0.275117
1080 0.0781276
1081 0.621457
1082 -0.0719331
1083 -0.29534
1084 0.516415
1085 0.470698
1086 -0.0322958
1087 -0.158237
1088 0.296527
1089 -0.0270174
1090 0.180899
1091 0.338866
1092 0.359707
1093 0.0357319
1094 -0.0784335
1095 0.270704
1096 0.298284
1097 0.149462
1098 -0.342819
1099 0.27063
1100 0.00863689
1101 0.379212
1102 0.292909
1103 0.400423
1104 -0.143351
1105 0.00724682
1106 -0.16252
1107 0.446084
1108 0.0494793
1109 -0.442339
1110 0.0222426
1111 -0.254917
1112 -0.0975434
1113 0.850326
1114 0.602516
1115 0.395459
1116 -0.348506
1117 -0.02545
1118 -0.30603
1119 -0.389219
1120 0.0211138
1121 0.418649
1122 0.110001
1123 0.67762
1124 -0.342452
1125 0.194364
1126 -0.11071
1127 0.411796
1128 0.779594
1129 0.562932
1130 1.00021
1131 0.695192
1132 0.208453
1133 0.316688
1134 -0.293413
1135 -0.742875
1136 0.113519
1137 -0.486468
1138 -0.207674
1139 0.0430516
1140 -0.428411
1141 0.120865
1142 0.172074
1143 0.662901
1144 0.266097
1145 0.185725
1146 0.0910421
1147 0.113134
1148 -0.063576
1149 -0.227723
1150 -0.209477
1151 0.804356
1152 -0.0485358
1153 0.252229
1154 -0.233876
1155 0.672727
1156 0.484741
1157 0.0214492
1158 0.802134
1159 -0.343289
1160 -0.215941
1161 -0.562511
1162 0.0346581
1163 0.294229
1164 -0.102032
1165 0.336023
1166 0.128395
1167 0.526465
1168 0.494183
1169 0.442656
1170 -0.153074
1171 0.484743
1172 0.691047
1173 0.145914
1174 -0.0834198
1175 0.158323
1176 0.310298
1177 0.776329
1178 0.137113
1179 0.106355
1180 0.0703827
1181 0.889205
1182 -0.163966
1183 0.242466
1184 0.144725
1185 0.0363962
1186 -0.0908257
1187 0.50745
1188 0.0711733
1189 0.0908426
1190 0.369246
1191 0.797889
1192 -0.201217
1193 0.0176356
1194 -0.422195
1195 -0.171226
1196 -0.43521
1197 0.186625
1198 0.411282
1199 0.801518
1200 0.321912
1201 0.34848
1202 0.127607
1203 -0.13214
1204 0.477322
1205 0.484809
1206 -0.105072
1207 0.332003
1208 0.114165
1209 0.619632
1210 0.00933033
1211 0.178202
1212 0.567978
1213 0.222729
1214 0.250106
1215 0.124452
1216 0.440637
1217 -0.246361
1218 1.24959
1219 0.241319
1220 -0.180512
1221 1.16922
1222 0.925827
1223 0.179797
1224 -0.057873
1225 -0.0569073
1226 0.187965
1227 0.69892
1228 -0.402841
1229 0.729019
1230 0.692246
1231 -0.1325
1232 0.188583
1233 0.346965
1234 -0.198009
1235 -0.0886658
1236 -0.610216
1237 0.198815
1238 0.347162
1239 -0.512816
1240 -0.0296892
1241 0.221725
1242 -0.103345
1243 0.571415
1244 0.684663
1245 0.269328
1246 -0.994162
1247 0.131857
1248 0.272897
1249 0.360281
1250 0.718025
1251 -0.302608
1252 0.734224
1253 0.529231
1254 0.330358
1255 0.305845
1256 0.27435
1257 -0.207166
1258 0.400212
1259 -0.209378
1260 0.0719237
1261 0.0536851
1262 0.0819921
1263 0.179028
1264 0.553093
1265 0.605736
1266 0.387306
1267 -0.433446
1268 0.270898
1269 0.379825
1270 0.429841
1271 -0.204802
1272 0.315947
1273 -0.51198
1274 0.336431
1275 0.248551
1276 0.177786
1277 0.536038
1278 0.711604
1279 -0.0587741
1280 -0.0944015
1281 0.166225
1282 0.307392
1283 -0.0209624
1284 0.36454
1285 0.424339
1286 0.207977
1287 0.108847
1288 0.0197
1289 0.137693
1290 -0.268751
1291 0.608777
1292 0.139203
1293 0.315074
1294 -0.324605
1295 0.885539
1296 0.670179
1297 -0.595963
1298 0.117667
1299 -0.36161
1300 0.692569
1301 0.819987
1302 0.307212
1303 1.09409
1304 0.524834
1305 0.0969005
1306 0.487174
1307 -0.301142
1308 0.168949
1309 0.118723
1310 -0.102606
1311 0.14597
1312 0.974263
1313 0.0783814
1314 -0.134502
1315 0.476228
1316 0.0691943
1317 0.35774
1318 -0.0859783
1319 -0.0943014
1320 0.0980998
1321 0.307595
1322 0.0230505
1323 0.0163543
1324 -0.533834
1325 0.185688
1326 -0.135812
1327 -0.0152427
1328 -0.798708
1329 0.167731
1330 0.0324204
1331 0.645949
1332 0.251831
1333 0.370457
1334 -0.356812
1335 0.539816
1336 0.6641
1337 0.52238
1338 0.498808
1339 -0.0466512
1340 0.465879
1341 -0.0168432
1342 0.156669
1343 1.01888
1344 0.333858
1345 0.375012
1346 0.127696
1347 0.0776024
1348 0.311733
1349 -0.0622944
1350 0.370034
1351 -0.252723
1352 -0.00701209
1353 0.515512
1354 -0.0872684
1355 0.0440614
1356 0.0606258
1357 0.389058
1358 0.255951
1359 0.114446
1360 0.528015
1361 0.7175
1362 0.199893
1363 -0.000312461
1364 0.451323
1365 -0.769526
1366 0.374849
1367 0.662882
1368 0.320743
1369 -0.21603
1370 0.0794042
1371 -0.0452383
1372 0.358531
1373 -0.029121
1374 0.756656
1375 0.677059
1376 0.240077
1377 0.0393173
1378 0.586609
1379 0.784278
1380 -0.403421
1381 0.0258249
1382 -0.0648118
1383 0.323253
1384 0.738622
1385 -0.642596
1386 0.168841
1387 0.143177
1388 -0.255448
1389 -0.689112
1390 0.122473
1391 0.098343
1392 -0.626204
1393 0.308407
1394 0.68029
1395 -0.0376868
1396 0.585106
1397 0.511841
1398 0.217836
1399 0.606056
1400 0.357427
1401 0.50673
1402 0.773538
1403 0.0881178
1404 0.177251
1405 -0.199853
1406 -0.169835
1407 -0.311796
1408 0.110162
1409 -0.0720751
1410 0.3425
1411 0.0245815
1412 -0.0912372
1413 0.105277
1414 0.266194
1415 0.292422
1416 0.0278486
1417 0.248561
1418 0.0269944
1419 0.0844635
1420 0.453719
1421 -0.230462
1422 0.509274
1423 0.935898
1424 -0.292665
1425 -0.706474
1426 0.71857
1427 -0.0315771
1428 0.461986
1429 0.031848
1430 0.162972
1431 0.379404
1432 0.0398183
1433 -0.115809
1434 0.325192
1435 0.186618
1436 0.00110744
1437 -0.101772
1438 -0.26988
1439 -0.0404605
1440 -0.511099
1441 0.733833
1442 0.0621759
1443 -0.696137
1444 -0.193825
1445 -0.336924
1446 -0.136878
1447 0.150695
1448 0.530076
1449 -0.273839
1450 0.621302
1451 0.26464
1452 -0.233146
1453 -0.705786
1454 0.225838
1455 0.750229
1456 0.192721
1457 0.188475
1458 0.508262
1459 0.0429665
1460 0.403662
1461 0.129578
1462 -0.250136
1463 0.0556698
1464 0.0572548
1465 0.0962267
1466 -0.051581
1467 0.594222
1468 0.179142
1469 0.483215
1470 1.08163
1471 0.82711
1472 0.490646
1473 -0.133032
1474 0.58069
1475 0.143216
1476 0.0975094
1477 -0.278501
1478 -0.0305658
1479 -0.0132238
1480 0.0230771
1481 0.704727
1482 0.735247
1483 0.515877
1484 0.475825
1485 0.161972
1486 0.951862
1487 0.46159
1488 0.0784673
1489 0.222742
1490 0.216228
1491 0.098717
1492 0.0750956
1493 0.0624984
1494 0.00508918
1495 -0.279312
1496 0.110697
1497 -0.0435324
1498 0.14985
1499 0.669524
1500 0.0885387
1501 0.276255
1502 0.200006
1503 -0.106642
1504 0.200033
1505 0.0948159
1506 -0.240331
1507 -0.173952
1508 2.06415
1509 0.529931
1510 0.33624
1511 0.378321
1512 1.40616
1513 -0.2305
1514 -0.3165
1515 0.365269
1516 -0.216206
1517 0.334441
1518 -0.0175208
1519 0.249347
1520 -0.35499
1521 -0.0471385
1522 -0.00799843
1523 0.0786849
1524 0.256642
1525 0.196711
1526 0.377328
1527 0.408354
1528 0.223382
1529 0.362287
1530 0.347906
1531 0.962105
1532 0.857381
1533 0.246815
1534 -0.297789
1535 0.674653
1536 0.116616
1537 0.359064
1538 0.357408
1539 -0.137687
1540 -0.201676
1541 0.417403
1542 -0.475049
1543 0.140962
1544 -0.332817
1545 0.00635016
1546 -0.0988892
1547 0.321476
1548 -0.0425399
1549 0.455745
1550 0.710935
1551 0.172154
1552 -0.388348
1553 0.0123409
1554 0.650051
1555 0.649559
1556 0.475216
1557 0.0975313
1558 0.157943
1559 0.0490679
1560 -0.00454994
1561 0.32889
1562 -0.349399
1563 0.755452
1564 0.172425
1565 0.0413783
1566 0.0394394
1567 0.313474
1568 0.245628
1569 -0.0102314
1570 0.453953
1571 0.21368
1572 0.399403
1573 0.424231
1574 0.238243
1575 -0.141577
1576 -0.264161
1577 0.245032
1578 0.949221
1579 -0.0373321
1580 0.46088
1581 -0.0681576
1582 0.148148
1583 -0.514756
1584 0.0339198
1585 0.480513
1586 0.212986
1587 0.50261
1588 0.334704
1589 0.803943
1590 0.0201017
1591 0.454128
1592 0.108249
1593 0.0865744
1594 0.663506
1595 0.341237
1596 0.111365
1597 0.27779
1598 0.137235
1599 0.532706
1600 0.0179435
1601 -0.00971772
1602 0.552696
1603 0.19729
1604 0.219521
1605 -0.236422
1606 0.0841634
1607 -0.0284696
1608 0.219054
1609 -0.0754128
1610 0.344422
1611 -0.411285
1612 0.389675
1613 0.0338239
1614 0.257273
1615 0.820983
1616 0.420142
1617 -0.325424
1618 0.593318
1619 -0.0933116
1620 0.372439
1621 0.666042
1622 0.844134
1623 -0.570176
1624 0.542645
1625 0.0654918
1626 0.886804
1627 1.4497
1628 0.477079
1629 0.153677
1630 0.574896
1631 -0.0313724
1632 -0.0628358
1633 0.0552546
1634 0.319988
1635 0.300431
1636 -0.154622
1637 -0.572093
1638 -0.427301
1639 -0.00834768
1640 -0.644018
1641 0.449109
1642 0.426354
1643 0.179657
1644 0.444652
1645 0.130512
1646 -0.185234
1647 0.0794723
1648 0.319988
1649 0.412805
1650 0.489232
1651 0.0792543
1652 0.273351
1653 0.707345
1654 -0.268482
1655 0.106215
1656 0.95331
1657 0.320144
1658 -0.0661039
1659 0.305732
1660 0.0636884
1661 0.247181
1662 0.657985
1663 0.14015
1664 0.316354
1665 0.379037
1666 0.561402
1667 0.937842
1668 0.372758
1669 0.158344
1670 0.609037
1671 0.385586
1672 0.219175
1673 0.191113
1674 -0.22179
1675 0.225711
1676 0.330462
1677 0.583455
1678 -0.275251
1679 0.326045
1680 0.364109
1681 -0.121272
1682 -0.602088
1683 -0.126772
1684 0.110275
1685 0.772566
1686 0.0309807
1687 0.286438
1688 0.0579723
1689 0.0639681
1690 0.412188
1691 0.363633
1692 0.191072
1693 0.274864
1694 -0.300371
1695 0.858857
1696 0.132793
1697 -0.326317
1698 0.0225091
1699 0.569234
1700 0.111634
1701 -0.00217939
1702 0.499598
1703 -0.348943
1704 -0.276761
1705 -0.0799952
1706 1.01948
1707 0.222182
1708 0.467662
1709 -0.76261
1710 0.402707
1711 0.280134
1712 0.383206
1713 0.171165
1714 -0.26017
1715 0.46369
1716 -0.207037
1717 0.991509
1718 -0.0108643
1719 -0.0999549
1720 0.234819
1721 0.75602
1722 0.467364
1723 0.0692393
1724 0.806668
1725 0.198382
1726 0.340294
1727 0.176372
1728 -0.522961
1729 0.771166
1730 0.247044
1731 0.0704583
1732 0.746195
1733 0.242215
1734 -0.454525
1735 -0.257306
1736 0.0789349
1737 -0.0980207
1738 0.000857375
1739 -0.131398
1740 0.224587
1741 0.228259
1742 0.229227
1743 0.220015
1744 0.490793
1745 -0.235701
1746 0.268137
1747 1.05388
1748 0.549977
1749 0.0863789
1750 -0.0548866
1751 0.372985
1752 0.128697
1753 0.0744666
1754 0.265657
1755 -0.119246
1756 -0.0714869
1757 0.413147
1758 0.321912
1759 0.0787555
1760 0.117671
1761 -0.385208
1762 -0.310517
1763 0.860389
1764 -0.13089
1765 0.516977
1766 -0.244757
1767 0.281372
1768 0.485604
1769 0.347988
1770 -0.121034
1771 0.00088313
1772 -0.164758
1773 -0.283709
1774 0.361727
1775 -0.31456
1776 0.495306
1777 0.213334
1778 0.198645
1779 0.14124
1780 0.207618
1781 0.668772
1782 0.164735
1783 0.779822
1784 1.22543
1785 0.0353207
1786 0.315611
1787 0.326963
1788 0.291078
1789 -0.199012
1790 0.599254
1791 0.174424
1792 1.01509
1793 -0.136855
1794 0.338135
1795 0.0182114
1796 0.427403
1797 0.130401
1798 0.49834
1799 0.516725
1800 -0.0473065
1801 0.314125
1802 0.421372
1803 -0.168686
1804 0.422833
1805 -0.341406
1806 -0.550127
1807 0.45521
1808 0.490513
1809 -0.373703
1810 0.42914
1811 0.153544
1812 0.817208
1813 1.07064
1814 -0.24761
1815 0.39016
1816 -0.477507
1817 -0.217744
1818 -0.27535
1819 0.450412
1820 0.427712
1821 0.271705
1822 0.0688207
1823 -0.228153
1824 -0.23688
1825 0.226235
1826 -0.0213881
1827 -0.555189
1828 0.400997
1829 1.07803
1830 0.0578927
1831 1.04084
1832 0.81149
1833 -0.800556
1834 0.3314
1835 0.142232
1836 0.479912
1837 -0.475611
1838 0.223957
1839 -0.154824
1840 0.723667
1841 0.140464
1842 0.272832
1843 -0.109808
1844 0.392097
1845 0.166979
1846 0.70237
1847 -0.112422
1848 0.726189
1849 -0.327528
1850 -0.719541
1851 0.582683
1852 -0.0959705
1853 0.138739
1854 0.0176973
1855 -0.279437
1856 0.247992
1857 -0.15172
1858 0.241793
1859 0.0282351
1860 -0.36232
1861 0.343692
1862 -0.00887326
1863 -0.424079
1864 -0.0983609
1865 0.614148
1866 0.283242
1867 0.151567
1868 0.556824
1869 0.10529
1870 0.306595
1871 0.393071
1872 1.24669
1873 -0.03426
1874 0.309119
1875 0.746938
1876 0.316941
1877 0.801986
1878 0.208829
1879 0.106057
1880 0.516288
1881 0.120699
1882 0.667262
1883 0.262801
1884 0.750619
1885 1.02078
1886 1.1289
1887 -0.0109068
1888 0.163327
1889 -0.54554
1890 -0.0919238
1891 0.378776
1892 -0.173743
1893 0.0373698
1894 0.29519
1895 0.0288532
1896 -0.676238
1897 0.162597
1898 -0.0321963
1899 -0.530348
1900 0.0380784
1901 -0.270568
1902 -0.477823
1903 0.262396
1904 -0.0862971
1905 -0.145934
1906 0.452147
1907 -0.0206207
1908 -0.272487
1909 0.176692
1910 0.159222
1911 -0.0169294
1912 -0.245546
1913 -0.11199
1914 1.29956
1915 1.07623
1916 -0.345901
1917 -0.137027
1918 0.243878
1919 0.166926
1920 0.465589
1921 -0.00989876
1922 -0.247212
1923 0.244595
1924 -0.0113678
1925 0.321505
1926 0.661912
1927 -0.295545
1928 0.406008
1929 0.122189
1930 0.242662
1931 0.152182
1932 0.0191058
1933 0.0819214
1934 0.762383
1935 0.453499
1936 0.0340535
1937 -0.468372
1938 0.042171
1939 -0.285535
1940 0.0346537
1941 -0.31621
1942 0.518587
1943 -0.107707
1944 -0.183096
1945 -0.513141
1946 -0.672913
1947 0.0462094
1948 0.537143
1949 -0.295196
1950 0.091621
1951 0.329316
1952 0.469496
1953 -0.0264992
1954 0.908487
1955 -0.467612
1956 0.881504
1957 0.802876
1958 0.423956
1959 0.162664
1960 0.706662
1961 0.385501
1962 0.120989
1963 -0.386875
1964 0.147211
1965 0.306507
1966 -0.0566219
1967 -0.348883
1968 0.0684195
1969 -0.270288
1970 0.184128
1971 0.132111
1972 0.556578
1973 -0.527848
1974 0.531299
1975 -0.323254
1976 0.161753
1977 -0.0252716
1978 -0.616272
1979 0.0524455
1980 -0.603707
1981 0.334187
1982 0.260133
1983 0.143515
1984 0.417548
1985 0.0981943
1986 0.0589331
1987 0.226042
1988 1.07853
1989 -0.268317
1990 0.508574
1991 0.00433732
1992 -0.241506
1993 0.32859
1994 0.104711
1995 -0.331499
1996 0.0638018
1997 0.274719
1998 0.270984
1999 0.535003
2000 0.183347
2001 0.361395
2002 0.185566
2003 0.444595
2004 0.170745
2005 -0.0937239
2006 -0.214357
2007 0.124188
2008 -0.35219
2009 -0.110325
2010 -0.00179707
2011 0.0220869
2012 0.14844
2013 0.291312
2014 -0.201196
2015 0.0167692
2016 0.238139
2017 -0.165139
2018 0.307134
2019 0.308369
2020 0.209925
2021 -0.215518
2022 0.246862
2023 -0.132337
2024 -0.371294
2025 0.00718233
2026 0.42599
2027 0.189227
2028 -0.559813
2029 -0.00258585
2030 0.175187
2031 0.510489
2032 0.241818
2033 0.178612
2034 0.274251
2035 0.310492
2036 0.063074
2037 0.232041
2038 0.346209
2039 0.721075
2040 0.991023
2041 0.597281
2042 0.382502
2043 0.757233
2044 0.21026
2045 0.195929
2046 0.32207
2047 0.710084
2048 0.207896
2049 0.137237
2050 -0.183226
2051 0.96537
2052 0.0443182
2053 0.0474463
2054 0.158994
2055 1.45646
2056 0.480742
2057 -0.283752
2058 0.367918
2059 0.485907
2060 0.184687
2061 0.879152
2062 0.0356154
2063 -0.652832
2064 0.132058
2065 0.741636
2066 -0.221099
2067 0.0911843
2068 -0.177456
2069 -0.0873879
2070 0.382191
2071 -0.904064
2072 -0.209081
2073 0.692896
2074 0.208612
2075 -0.00842075
2076 -0.216847
2077 -0.517548
2078 0.505393
2079 0.71718
2080 0.113906
2081 -0.0472692
2082 0.370961
2083 0.120554
2084 0.533784
2085 0.495399
2086 0.229145
2087 0.271241
2088 0.370359
2089 -0.14661
2090 -0.208829
2091 0.275251
2092 0.322883
2093 0.422224
2094 0.0897499
2095 -0.275583
2096 -0.128308
2097 0.182141
2098 0.0468201
2099 0
