0 -204173
1 6676.68
2 -1640.03
3 -109.716
4 -42.362
5 -7.46251
6 -1.4758
7 -0.264695
8 -0.0370537
9 0.302063
10 0.221772
11 0.210898
12 0.123098
13 0.231159
14 0.130813
15 0.343144
16 0.193897
17 0.234123
18 0.257622
19 0.016416
20 0.146474
21 0.139411
22 0.121216
23 0.246553
24 0.0589024
25 0.0850553
26 0.213989
27 -0.0338099
28 0.131548
29 0.0953913
30 -0.283829
31 0.37545
32 0.0802442
33 0.482663
34 0.294749
35 0.0673991
36 0.280032
37 0.107576
38 0.0528891
39 0.172261
40 0.152639
41 0.0995331
42 0.154584
43 -0.0745987
44 0.110449
45 -0.013435
46 0.126508
47 -0.0464445
48 0.0367967
49 0.127216
50 0.232062
51 0.13724
52 0.237093
53 0.161393
54 0.267368
55 0.171502
56 0.195322
57 0.144144
58 0.25002
59 0.188921
60 0.116461
61 0.140536
62 0.171276
63 0.477778
64 0.211888
65 0.140581
66 0.330488
67 0.152152
68 -0.0247268
69 0.0952068
70 0.284674
71 0.291839
72 0.173392
73 0.363104
74 0.229463
75 0.163627
76 0.193027
77 0.173334
78 0.162189
79 0.302844
80 0.245646
81 0.116349
82 0.142061
83 0.108584
84 0.280674
85 0.215101
86 0.15061
87 0.000115885
88 0.0421179
89 0.215051
90 0.386641
91 0.203164
92 0.347726
93 0.213714
94 0.262401
95 0.269838
96 0.267429
97 -0.0163425
98 0.0901969
99 0.234615
100 0.162107
101 0.109373
102 0.120728
103 0.0822706
104 0.517519
105 0.152597
106 0.221605
107 0.0987318
108 0.359143
109 0.222409
110 -0.0835028
111 0.181334
112 0.237954
113 0.224812
114 0.290679
115 0.318044
116 0.144884
117 0.125365
118 0.300999
119 0.213455
120 0.17335
121 0.18685
122 0.135533
123 0.0893027
124 0.263041
125 0.0930985
126 0.0571427
127 0.0865107
128 0.314791
129 0.336924
130 0.156352
131 0.152627
132 0.0749258
133 0.200459
134 0.246456
135 0.0598253
136 0.207213
137 0.15635
138 0.446673
139 0.462757
140 0.0800738
141 0.147623
142 0.0284627
143 -0.0459471
144 0.245649
145 0.231869
146 0.28977
147 0.210869
148 0.206468
149 0.171273
150 0.179491
151 0.208592
152 0.30568
153 0.130564
154 0.504887
155 0.304488
156 -0.294481
157 0.295654
158 0.243766
159 0.0998011
160 0.372823
161 -0.01419
162 0.164266
163 0.236828
164 0.0747574
165 0.245033
166 0.0633436
167 0.0136231
168 0.279648
169 0.241156
170 0.0962383
171 -0.0522457
172 0.102678
173 0.114023
174 0.0598279
175 0.21985
176 0.243663
177 0.1348
178 0.131903
179 0.0379852
180 0.0512018
181 0.23475
182 0.0766833
183 0.370657
184 0.101109
185 0.277393
186 0.25953
187 0.341473
188 0.17581
189 0.125056
190 0.109475
191 0.192399
192 0.221889
193 0.199967
194 0.184223
195 0.12999
196 0.275182
197 0.333179
198 0.350208
199 0.0125917
200 0.330839
201 0.197612
202 0.0958145
203 0.241804
204 0.226425
205 0.0719593
206 0.0382802
207 0.0692843
208 0.207182
209 0.0354236
210 0.186964
211 0.124997
212 0.0694198
213 0.196551
214 0.179555
215 0.149564
216 0.0432178
217 0.19458
218 0.234203
219 0.280302
220 0.187082
221 0.206992
222 0.133303
223 0.187577
224 0.0648294
225 0.253296
226 0.14444
227 0.0389471
228 0.161184
229 0.228067
230 0.0485047
231 0.132704
232 0.0951063
233 0.305551
234 0.0788091
235 0.179777
236 0.115279
237 0.227987
238 0.278684
239 0.440966
240 0.0662548
241 0.0807873
242 0.173023
243 0.155741
244 0.195486
245 0.240349
246 0.117978
247 0.282912
248 0.272014
249 -0.0656705
250 0.0425973
251 0.61682
252 0.0358603
253 0.0758934
254 0.320799
255 0.151831
256 0.30748
257 0.540954
258 0.0884135
259 0.273863
260 0.166586
261 0.061219
262 0.212167
263 0.222186
264 0.301094
265 0.261362
266 0.108078
267 0.346711
268 0.190377
269 0.312435
270 0.0185232
271 0.28614
272 0.274058
273 0.231199
274 0.295691
275 0.243287
276 0.150236
277 0.362949
278 0.227417
279 0.128549
280 0.223652
281 0.16628
282 0.158029
283 0.0731
284 0.0866812
285 0.111337
286 0.219749
287 0.162572
288 0.354995
289 0.171621
290 0.193574
291 0.263457
292 0.140735
293 0.218489
294 0.131488
295 0.153409
296 0.253943
297 0.125255
298 0.249658
299 -0.0909206
300 0.0394244
301 0.407559
302 0.138117
303 -0.00586542
304 0.218675
305 0.140707
306 0.0768093
307 0.257791
308 0.363054
309 0.0938783
310 0.204531
311 0.249975
312 0.0883018
313 0.278227
314 0.254468
315 0.198687
316 0.183473
317 0.247084
318 0.222408
319 0.251212
320 0.244014
321 0.0816771
322 0.269105
323 0.0113986
324 0.278163
325 0.143039
326 0.193624
327 0.2539
328 0.153755
329 0.177023
330 0.254929
331 0.0937326
332 0.190805
333 0.293028
334 0.107301
335 0.144491
336 0.203358
337 0.19651
338 0.157288
339 0.15364
340 0.0774153
341 0.193506
342 0.12205
343 0.0822071
344 0.246372
345 0.112501
346 0.119476
347 -0.006752
348 0.155271
349 0.17713
350 0.167548
351 0.267172
352 0.119129
353 0.244898
354 0.0243969
355 0.140514
356 0.0352085
357 0.110711
358 0.34408
359 -0.145933
360 0.259182
361 0.0396836
362 0.22707
363 0.0999053
364 0.0660933
365 0.207714
366 -0.0406627
367 0.136298
368 0.0653813
369 0.184694
370 0.194749
371 0.261687
372 0.169471
373 0.111622
374 0.117281
375 0.177536
376 0.0525003
377 0.178739
378 0.0927308
379 0.134298
380 0.25959
381 0.227667
382 0.170473
383 0.309011
384 0.231158
385 0.103547
386 0.0801388
387 0.00182378
388 0.245679
389 0.206566
390 0.15573
391 0.172087
392 0.129889
393 -0.00240691
394 0.147902
395 0.167032
396 0.184577
397 0.0676488
398 0.129562
399 0.157658
400 0.188835
401 0.115534
402 0.20908
403 0.160364
404 0.091256
405 0.0629288
406 0.242351
407 0.120592
408 0.36962
409 0.057444
410 0.187882
411 -0.0669444
412 0.0613822
413 0.0693459
414 0.338914
415 0.226399
416 0.0880316
417 0.27118
418 0.179828
419 0.229428
420 0.0941972
421 0.200613
422 0.0498181
423 0.150671
424 0.104521
425 0.125812
426 0.151709
427 0.181014
428 0.0874563
429 0.296035
430 0.145839
431 0.135764
432 0.212743
433 0.22965
434 0.352971
435 0.157885
436 0.168604
437 0.213535
438 -0.0451083
439 -0.0316829
440 0.0859157
441 0.338082
442 0.037906
443 -0.0401113
444 0.26314
445 0.244482
446 0.355017
447 0.213699
448 0.111774
449 0.0723342
450 0.0206026
451 -0.0759941
452 0.272078
453 -0.0996169
454 0.315487
455 0.289324
456 0.180335
457 0.261772
458 0.0709335
459 -0.0478608
460 0.195121
461 0.217556
462 0.0964727
463 0.345016
464 0.276264
465 0.282229
466 0.13472
467 0.281326
468 0.12368
469 0.203661
470 0.0397131
471 0.0780577
472 -0.0237386
473 0.243677
474 0.35497
475 0.232896
476 0.150875
477 0.197746
478 0.0421163
479 0.13588
480 0.14426
481 0.268693
482 0.0615122
483 0.122466
484 0.183638
485 0.158152
486 0.00110711
487 0.0904578
488 0.192038
489 0.359609
490 0.236121
491 0.214111
492 0.504031
493 0.0531472
494 0.166862
495 0.114824
496 0.0946775
497 0.276835
498 0.0762628
499 0.384903
500 0.238547
501 0.151464
502 0.00838285
503 0.391582
504 0.0929797
505 0.0884802
506 0.197729
507 0.285721
508 0.505253
509 0.345425
510 0.145062
511 0.272114
512 0.00911164
513 0.185492
514 0.116276
515 0.0540218
516 0.270473
517 0.11475
518 0.302463
519 0.207052
520 0.225643
521 0.161854
522 0.120348
523 0.0306958
524 0.20318
525 0.262162
526 0.48469
527 0.24317
528 0.113049
529 0.333832
530 0.189118
531 0.333121
532 -0.0160666
533 0.228358
534 -0.0672252
535 0.214363
536 0.262939
537 0.182745
538 0.471183
539 -0.243439
540 0.614671
541 0.0958354
542 0.0846878
543 0.193141
544 -0.0499653
545 0.0709322
546 0.0729977
547 0.275775
548 -0.171902
549 0.102093
550 0.287559
551 0.0307923
552 -0.103641
553 0.1309
554 0.149566
555 0.114305
556 0.0465694
557 0.0832175
558 0.136818
559 0.145793
560 0.195723
561 0.259501
562 0.00992829
563 0.248171
564 0.180207
565 0.187135
566 0.260453
567 0.236776
568 0.312259
569 0.0871255
570 0.316326
571 0.00660866
572 0.165154
573 0.286297
574 0.365164
575 0.442776
576 0.0981186
577 0.25677
578 0.415744
579 0.174728
580 0.210512
581 0.23922
582 0.292631
583 0.241822
584 0.3218
585 0.127881
586 0.0896195
587 0.271625
588 0.149236
589 0.284239
590 0.0974436
591 0.0716096
592 0.115523
593 0.12216
594 0.145193
595 0.136363
596 0.205422
597 0.183887
598 0.0393919
599 0.164572
600 0.099257
601 0.213997
602 0.0816475
603 0.236457
604 -0.0251026
605 0.206522
606 -0.0434193
607 0.0686179
608 0.108248
609 0.136011
610 0.13852
611 0.251333
612 0.254659
613 0.198774
614 0.347014
615 0.160752
616 0.183519
617 0.0380415
618 0.250576
619 0.121574
620 0.0503239
621 0.257007
622 0.0555778
623 0.2204
624 0.198039
625 0.0575691
626 0.121052
627 0.103602
628 0.182121
629 0.179635
630 0.170491
631 0.145772
632 0.0287955
633 0.274872
634 0.152405
635 0.213383
636 -0.00104519
637 0.195704
638 0.241622
639 0.131869
640 0.156513
641 0.0974282
642 0.229572
643 0.00944371
644 0.17559
645 0.184949
646 0.0932988
647 0.259672
648 0.308597
649 0.0776097
650 0.20515
651 0.145759
652 0.225096
653 0.13566
654 0.185878
655 0.250806
656 0.123288
657 0.0575796
658 0.35068
659 0.179283
660 0.333345
661 0.0471695
662 0.224082
663 0.228775
664 0.275606
665 0.268753
666 0.175401
667 0.176752
668 0.180323
669 0.153643
670 0.236395
671 0.195118
672 0.0770895
673 0.37856
674 0.31748
675 -0.0130635
676 0.385694
677 0.231818
678 0.106872
679 0.242011
680 0.229489
681 0.250433
682 0.305832
683 0.135445
684 0.277825
685 0.308882
686 0.271134
687 0.17465
688 0.0296335
689 0.410179
690 0.207782
691 0.311639
692 0.266772
693 0.0581653
694 0.243733
695 0.214159
696 0.147827
697 0.243362
698 0.100572
699 0.19884
700 0.073297
701 0.175048
702 0.242233
703 0.14227
704 -0.0385352
705 0.292452
706 0.249167
707 0.071597
708 0.233074
709 0.269409
710 0.178997
711 0.240574
712 0.18481
713 0.00278317
714 0.110025
715 0.159078
716 0.350679
717 0.0677246
718 0.179915
719 0.222849
720 0.163505
721 0.172909
722 0.0581207
723 0.202153
724 0.117068
725 0.227782
726 0.10495
727 0.0774895
728 0.258242
729 0.155425
730 0.432444
731 0.0997338
732 0.22759
733 0.198964
734 -0.0493925
735 0.307035
736 0.317174
737 0.262193
738 0.131277
739 0.185746
740 0.193183
741 0.250142
742 0.132776
743 0.120262
744 0.23901
745 0.106742
746 0.206899
747 0.0599918
748 0.138532
749 0.212335
750 0.110586
751 0.206099
752 0.0268634
753 0.165537
754 0.131822
755 0.249112
756 0.207669
757 0.283277
758 0.2162
759 0.0978337
760 -0.0162657
761 0.316194
762 0.0508167
763 0.270592
764 0.103739
765 0.526907
766 0.342467
767 0.219675
768 0.193581
769 0.142505
770 0.375549
771 0.215686
772 0.237058
773 0.117523
774 0.191148
775 0.0886079
776 0.162557
777 0.137782
778 0.164993
779 0.0585629
780 0.275792
781 0.145848
782 0.297352
783 0.325516
784 0.229303
785 0.265834
786 0.224222
787 0.136701
788 0.400946
789 0.0416705
790 0.111499
791 0.173673
792 0.216805
793 0.181626
794 0.161663
795 0.14704
796 0.175718
797 -0.0402687
798 0.153082
799 0.101876
800 0.33605
801 0.196235
802 0.149162
803 0.386632
804 0.372231
805 0.163437
806 0.120149
807 0.0467221
808 0.0229704
809 0.235546
810 0.0576817
811 0.281804
812 0.543861
813 0.0809608
814 0.0314109
815 0.158006
816 0.0810797
817 0.275141
818 0.307066
819 0.560811
820 0.149142
821 0.331311
822 0.143207
823 0.168283
824 0.364322
825 0.218602
826 0.00952718
827 -0.109625
828 0.168287
829 0.379373
830 0.164598
831 0.0852082
832 0.222395
833 0.0519033
834 0.0588876
835 0.36127
836 -0.0382482
837 0.116522
838 0.134405
839 -0.0385637
840 0.231465
841 0.542345
842 0.160054
843 0.22518
844 0.371955
845 0.0750036
846 0.153205
847 0.29544
848 0.277011
849 0.361135
850 0.207983
851 0.146944
852 0.138285
853 0.259952
854 0.223891
855 0.203008
856 0.248908
857 0.14782
858 0.21754
859 0.043758
860 0.0735458
861 0.21365
862 0.162315
863 -0.0673437
864 0.111928
865 0.191532
866 0.0614693
867 0.0523091
868 0.240432
869 0.0368119
870 0.146168
871 0.150921
872 0.198209
873 0.0484606
874 0.0804947
875 0.20856
876 0.222618
877 0.0240794
878 0.106628
879 0.103707
880 0.0555067
881 0.0150114
882 0.573701
883 0.101498
884 0.0749024
885 0.28373
886 0.235119
887 0.16976
888 0.155344
889 0.11759
890 0.168929
891 0.0811699
892 0.233908
893 0.0767627
894 0.00503677
895 0.0988428
896 0.0146768
897 0.369887
898 0.0509954
899 0.249745
900 0.182777
901 0.21568
902 0.386559
903 0.175813
904 0.124095
905 -0.0241122
906 0.469023
907 -0.0101644
908 0.154538
909 0.297154
910 0.12594
911 0.28886
912 0.456698
913 0.060455
914 0.245745
915 0.0726102
916 0.21107
917 0.152613
918 0.240611
919 0.0580054
920 0.390785
921 0.246864
922 0.0369461
923 0.192909
924 0.159617
925 0.0794269
926 0.0997775
927 0.360914
928 0.161476
929 0.22277
930 0.00160175
931 0.142821
932 0.145859
933 0.128805
934 0.215836
935 0.227459
936 0.107608
937 0.174369
938 0.0708852
939 0.236422
940 0.284279
941 0.238891
942 0.251062
943 0.235774
944 0.151926
945 0.0829587
946 0.376289
947 0.2417
948 0.229969
949 0.0182278
950 0.0820885
951 0.161711
952 0.24857
953 0.0551813
954 0.0694466
955 0.20177
956 0.146653
957 0.0433146
958 0.22835
959 0.24637
960 0.224809
961 0.226889
962 0.204726
963 -0.000198019
964 0.270967
965 0.320627
966 0.0728792
967 0.0468256
968 0.160605
969 0.292352
970 0.302577
971 0.114569
972 0.195919
973 0.333289
974 0.0577861
975 0.207624
976 0.358433
977 0.129807
978 0.19057
979 0.157322
980 0.00482218
981 0.167078
982 0.387718
983 0.117649
984 0.266948
985 0.2169
986 0.103712
987 0.161887
988 0.235937
989 0.148532
990 0.346862
991 0.072125
992 0.207228
993 0.335991
994 0.0832918
995 0.193909
996 0.135894
997 0.044084
998 0.064451
999 0.196228
1000 0.117164
1001 0.138456
1002 0.0753405
1003 0.0714479
1004 0.149036
1005 0.168662
1006 0.00714246
1007 0.0593003
1008 0.138605
1009 0.311749
1010 0.228096
1011 0.0950018
1012 0.234661
1013 0.0150846
1014 0.0177531
1015 0.227299
1016 0.219286
1017 0.113921
1018 0.260453
1019 0.127343
1020 0.217334
1021 0.149598
1022 0.256688
1023 0.0972836
1024 0.0775194
1025 0.208587
1026 0.616587
1027 0.152649
1028 0.190399
1029 0.182204
1030 0.0563489
1031 0.103484
1032 0.0438886
1033 0.117883
1034 0.248896
1035 -0.0927139
1036 0.219591
1037 0.104194
1038 0.16962
1039 0.232552
1040 0.216395
1041 -0.00175931
1042 0.117429
1043 0.333804
1044 0.192819
1045 0.0286461
1046 0.217924
1047 0.173046
1048 0.206888
1049 0.210538
1050 0.133334
1051 0.222845
1052 0.0393129
1053 0.0556624
1054 0.254389
1055 0.118467
1056 0.256432
1057 0.124839
1058 0.102877
1059 0.148614
1060 0.173345
1061 0.248334
1062 0.218661
1063 0.23729
1064 0.154729
1065 0.05798
1066 0.345135
1067 0.107808
1068 0.259869
1069 0.0737736
1070 0.0666292
1071 0.179506
1072 0.210096
1073 0.0241942
1074 0.277699
1075 0.148003
1076 0.0245209
1077 0.118679
1078 0.152673
1079 0.0314692
1080 0.156191
1081 0.300429
1082 0.0985421
1083 0.021818
1084 0.269524
1085 0.262288
1086 0.103645
1087 0.103535
1088 0.240187
1089 0.133964
1090 0.196263
1091 0.230028
1092 0.221494
1093 0.144353
1094 0.106055
1095 0.198276
1096 0.208749
1097 0.184795
1098 0.0272157
1099 0.191022
1100 0.130022
1101 0.227614
1102 0.198232
1103 0.235696
1104 0.0689462
1105 0.116146
1106 0.0697233
1107 0.237891
1108 0.131164
1109 0.00957162
1110 0.155819
1111 0.0466346
1112 0.0864852
1113 0.375092
1114 0.286783
1115 0.225233
1116 0.0157607
1117 0.104685
1118 0.0215376
1119 0.000591762
1120 0.113543
1121 0.231334
1122 0.150371
1123 0.306337
1124 0.0296961
1125 0.16633
1126 0.103668
1127 0.26395
1128 0.347804
1129 0.291475
1130 0.42834
1131 0.351078
1132 0.172047
1133 0.235253
1134 0.0390681
1135 -0.111672
1136 0.186161
1137 -0.0281253
1138 0.0569325
1139 0.138654
1140 -0.00889523
1141 0.164889
1142 0.170848
1143 0.318421
1144 0.206203
1145 0.174849
1146 0.142371
1147 0.147751
1148 0.100786
1149 0.0429598
1150 0.0595829
1151 0.345477
1152 0.0888249
1153 0.199231
1154 0.042322
1155 0.322054
1156 0.257136
1157 0.129345
1158 0.354879
1159 0.00730435
1160 0.0559455
1161 -0.0551269
1162 0.157731
1163 0.205678
1164 0.0903653
1165 0.253109
1166 0.168405
1167 0.291245
1168 0.29928
1169 0.265907
1170 0.0807044
1171 0.26624
1172 0.321902
1173 0.172152
1174 0.0905335
1175 0.16049
1176 0.223033
1177 0.343761
1178 0.150091
1179 0.146757
1180 0.132607
1181 0.368205
1182 0.0574287
1183 0.178636
1184 0.153662
1185 0.135165
1186 0.117843
1187 0.261925
1188 0.13119
1189 0.14039
1190 0.223626
1191 0.336392
1192 0.0455051
1193 0.139748
1194 -0.00706875
1195 0.0701842
1196 0.0118667
1197 0.171692
1198 0.22763
1199 0.349449
1200 0.201731
1201 0.204683
1202 0.151856
1203 0.0806629
1204 0.272572
1205 0.283044
1206 0.0903689
1207 0.230972
1208 0.165241
1209 0.301424
1210 0.124102
1211 0.1698
1212 0.273176
1213 0.17803
1214 0.186511
1215 0.14933
1216 0.252902
1217 0.0566263
1218 0.483448
1219 0.214137
1220 0.0794722
1221 0.450307
1222 0.393887
1223 0.202793
1224 0.103057
1225 0.0920759
1226 0.19403
1227 0.326766
1228 0.0175453
1229 0.328554
1230 0.336138
1231 0.106848
1232 0.162016
1233 0.241403
1234 0.0700983
1235 0.083373
1236 -0.0404666
1237 0.175461
1238 0.211379
1239 -0.0253706
1240 0.109289
1241 0.188518
1242 0.0992167
1243 0.317347
1244 0.317212
1245 0.205959
1246 -0.150036
1247 0.144347
1248 0.198416
1249 0.229068
1250 0.321374
1251 0.0253003
1252 0.332288
1253 0.279858
1254 0.205894
1255 0.196061
1256 0.191691
1257 0.0398199
1258 0.220481
1259 0.0517918
1260 0.128123
1261 0.137581
1262 0.14532
1263 0.173873
1264 0.286545
1265 0.301885
1266 0.241909
1267 0.00467623
1268 0.195805
1269 0.212632
1270 0.236976
1271 0.0428511
1272 0.193411
1273 -0.0369518
1274 0.204175
1275 0.184938
1276 0.157288
1277 0.264193
1278 0.315042
1279 0.09886
1280 0.075315
1281 0.164493
1282 0.212601
1283 0.100671
1284 0.230715
1285 0.235086
1286 0.17117
1287 0.147608
1288 0.121729
1289 0.161194
1290 0.0369057
1291 0.293457
1292 0.181785
1293 0.230303
1294 0.0269696
1295 0.400092
1296 0.342446
1297 -0.0640452
1298 0.161469
1299 0.0217449
1300 0.308717
1301 0.354649
1302 0.197436
1303 0.424941
1304 0.267261
1305 0.148398
1306 0.259613
1307 0.0221252
1308 0.185678
1309 0.156771
1310 0.0836263
1311 0.196165
1312 0.42807
1313 0.165759
1314 0.102095
1315 0.255955
1316 0.1458
1317 0.222082
1318 0.0886718
1319 0.0900767
1320 0.141697
1321 0.214098
1322 0.14858
1323 0.117583
1324 -0.0443971
1325 0.195393
1326 0.0724345
1327 0.111445
1328 -0.11085
1329 0.173513
1330 0.134125
1331 0.312886
1332 0.197869
1333 0.219097
1334 0.0171772
1335 0.267025
1336 0.300349
1337 0.266343
1338 0.250139
1339 0.101566
1340 0.243907
1341 0.109391
1342 0.154194
1343 0.428396
1344 0.211954
1345 0.2251
1346 0.164346
1347 0.135486
1348 0.200479
1349 0.0944739
1350 0.215363
1351 0.0335309
1352 0.109507
1353 0.271236
1354 0.0958859
1355 0.141151
1356 0.134787
1357 0.247339
1358 0.209768
1359 0.152681
1360 0.293124
1361 0.339516
1362 0.201801
1363 0.114329
1364 0.25131
1365 -0.0925849
1366 0.217336
1367 0.304883
1368 0.21781
1369 0.0407024
1370 0.152638
1371 0.111796
1372 0.216866
1373 0.116724
1374 0.353997
1375 0.335831
1376 0.185098
1377 0.148224
1378 0.304129
1379 0.342438
1380 0.0274519
1381 0.137101
1382 0.0912964
1383 0.24497
1384 0.375101
1385 -0.0748235
1386 0.179509
1387 0.161269
1388 0.050498
1389 -0.0928072
1390 0.147329
1391 0.161921
1392 -0.0681271
1393 0.227355
1394 0.331813
1395 0.1077
1396 0.315434
1397 0.283585
1398 0.222831
1399 0.297772
1400 0.231062
1401 0.268325
1402 0.335472
1403 0.149284
1404 0.158352
1405 0.0736371
1406 0.0736519
1407 0.0492447
1408 0.158997
1409 0.112766
1410 0.220688
1411 0.129279
1412 0.101828
1413 0.141761
1414 0.200414
1415 0.210196
1416 0.120209
1417 0.202475
1418 0.136353
1419 0.152305
1420 0.262986
1421 0.0517019
1422 0.274631
1423 0.402972
1424 0.0406155
1425 -0.0604003
1426 0.331022
1427 0.108258
1428 0.249973
1429 0.125996
1430 0.150517
1431 0.22482
1432 0.138064
1433 0.0843424
1434 0.23227
1435 0.187789
1436 0.133015
1437 0.11424
1438 0.0663527
1439 0.139683
1440 0.00949811
1441 0.348821
1442 0.134161
1443 -0.0572974
1444 0.0664142
1445 0.0168439
1446 0.0786272
1447 0.161115
1448 0.265907
1449 0.0267446
1450 0.293765
1451 0.183225
1452 0.0468527
1453 -0.0988001
1454 0.193079
1455 0.337155
1456 0.16689
1457 0.174346
1458 0.265606
1459 0.117614
1460 0.226366
1461 0.144701
1462 0.0307139
1463 0.124984
1464 0.134325
1465 0.145049
1466 0.105715
1467 0.283021
1468 0.166162
1469 0.255859
1470 0.427207
1471 0.352979
1472 0.263805
1473 0.0693868
1474 0.286323
1475 0.1636
1476 0.137043
1477 0.0439727
1478 0.116911
1479 0.115749
1480 0.127249
1481 0.325889
1482 0.32879
1483 0.259615
1484 0.255743
1485 0.151534
1486 0.399251
1487 0.248296
1488 0.136978
1489 0.193428
1490 0.169473
1491 0.139289
1492 0.141762
1493 0.127187
1494 0.125601
1495 0.0302496
1496 0.178502
1497 0.10114
1498 0.200067
1499 0.343247
1500 0.152697
1501 0.233467
1502 0.1963
1503 0.110007
1504 0.180426
1505 0.165396
1506 0.0442493
1507 0.0574102
1508 0.729277
1509 0.256507
1510 0.199573
1511 0.244226
1512 0.528307
1513 0.0762959
1514 0.0346841
1515 0.212762
1516 0.069912
1517 0.210704
1518 0.111045
1519 0.203416
1520 0.0342319
1521 0.120041
1522 0.120756
1523 0.134549
1524 0.185989
1525 0.164409
1526 0.215854
1527 0.228765
1528 0.175806
1529 0.236374
1530 0.246653
1531 0.413916
1532 0.364734
1533 0.195104
1534 0.0436766
1535 0.304839
1536 0.145521
1537 0.224102
1538 0.209761
1539 0.0700039
1540 0.0535226
1541 0.236005
1542 -0.0300053
1543 0.16981
1544 0.0138102
1545 0.112545
1546 0.0913223
1547 0.24318
1548 0.111861
1549 0.260745
1550 0.348526
1551 0.167978
1552 0.0203756
1553 0.118975
1554 0.301071
1555 0.318521
1556 0.248502
1557 0.153806
1558 0.162312
1559 0.133636
1560 0.115861
1561 0.219447
1562 0.0145913
1563 0.33553
1564 0.178263
1565 0.125861
1566 0.124972
1567 0.217312
1568 0.201936
1569 0.103009
1570 0.266509
1571 0.207931
1572 0.232419
1573 0.254463
1574 0.211542
1575 0.074409
1576 0.0319134
1577 0.199791
1578 0.390168
1579 0.0990081
1580 0.264514
1581 0.0977619
1582 0.15153
1583 -0.0310198
1584 0.141742
1585 0.257081
1586 0.173717
1587 0.277365
1588 0.226622
1589 0.364934
1590 0.132247
1591 0.250136
1592 0.15392
1593 0.142997
1594 0.311239
1595 0.221509
1596 0.17001
1597 0.21856
1598 0.155804
1599 0.279833
1600 0.133596
1601 0.118458
1602 0.28797
1603 0.184922
1604 0.180154
1605 0.0427024
1606 0.140104
1607 0.104067
1608 0.176746
1609 0.0979039
1610 0.222734
1611 -0.00249227
1612 0.227563
1613 0.123268
1614 0.184779
1615 0.344087
1616 0.226177
1617 0.00887299
1618 0.276999
1619 0.089472
1620 0.219662
1621 0.337409
1622 0.379937
1623 -0.0341221
1624 0.306301
1625 0.131248
1626 0.387709
1627 0.555274
1628 0.253877
1629 0.164084
1630 0.27829
1631 0.108437
1632 0.0892327
1633 0.125881
1634 0.207982
1635 0.197819
1636 0.078165
1637 -0.0450052
1638 -0.00569038
1639 0.111084
1640 -0.0627926
1641 0.244212
1642 0.243777
1643 0.175664
1644 0.235582
1645 0.191734
1646 0.0786541
1647 0.147657
1648 0.241265
1649 0.253561
1650 0.266045
1651 0.140777
1652 0.217437
1653 0.337303
1654 0.0343726
1655 0.144871
1656 0.385916
1657 0.199259
1658 0.0899346
1659 0.192255
1660 0.137014
1661 0.202954
1662 0.326002
1663 0.157188
1664 0.206459
1665 0.229589
1666 0.270725
1667 0.384399
1668 0.221167
1669 0.151519
1670 0.298963
1671 0.233997
1672 0.199837
1673 0.200619
1674 0.0477872
1675 0.179179
1676 0.222832
1677 0.283971
1678 0.0328749
1679 0.220442
1680 0.231199
1681 0.0995711
1682 -0.0396151
1683 0.0747748
1684 0.182423
1685 0.341741
1686 0.124725
1687 0.201888
1688 0.125802
1689 0.14141
1690 0.22964
1691 0.225432
1692 0.169505
1693 0.187416
1694 0.0250504
1695 0.361821
1696 0.155549
1697 0.0118902
1698 0.120244
1699 0.267578
1700 0.138996
1701 0.1106
1702 0.251259
1703 0.0120668
1704 0.0257553
1705 0.0898372
1706 0.419655
1707 0.178441
1708 0.266477
1709 -0.0814802
1710 0.229159
1711 0.199561
1712 0.245905
1713 0.167896
1714 0.0459931
1715 0.278258
1716 0.0793691
1717 0.417426
1718 0.111897
1719 0.0983156
1720 0.17822
1721 0.327439
1722 0.260165
1723 0.131513
1724 0.366256
1725 0.181582
1726 0.232812
1727 0.197956
1728 -0.0440023
1729 0.346978
1730 0.216955
1731 0.129186
1732 0.339254
1733 0.19582
1734 -0.0241245
1735 0.0492072
1736 0.142309
1737 0.0886885
1738 0.126824
1739 0.0682943
1740 0.195012
1741 0.18867
1742 0.181512
1743 0.217177
1744 0.286349
1745 0.0800461
1746 0.192547
1747 0.421421
1748 0.284426
1749 0.130294
1750 0.0997104
1751 0.230285
1752 0.150243
1753 0.150088
1754 0.198921
1755 0.0765105
1756 0.0870524
1757 0.23705
1758 0.20219
1759 0.134679
1760 0.151854
1761 0.0185805
1762 0.0248892
1763 0.365287
1764 0.0771661
1765 0.273496
1766 0.0436891
1767 0.191893
1768 0.267624
1769 0.227381
1770 0.0786232
1771 0.111974
1772 0.0725589
1773 0.0296022
1774 0.214381
1775 0.0335081
1776 0.252812
1777 0.169667
1778 0.173486
1779 0.157314
1780 0.183045
1781 0.303821
1782 0.167078
1783 0.346196
1784 0.464149
1785 0.123287
1786 0.201299
1787 0.216934
1788 0.203402
1789 0.0595673
1790 0.299908
1791 0.180162
1792 0.42459
1793 0.0783343
1794 0.231672
1795 0.143026
1796 0.242706
1797 0.153748
1798 0.274098
1799 0.278158
1800 0.0950002
1801 0.222434
1802 0.255467
1803 0.0634719
1804 0.254536
1805 0.0457074
1806 -0.0404819
1807 0.267141
1808 0.287898
1809 0.0297338
1810 0.246828
1811 0.162453
1812 0.353079
1813 0.428315
1814 0.0309975
1815 0.222366
1816 -0.0192967
1817 0.044988
1818 0.0555568
1819 0.243064
1820 0.241323
1821 0.196913
1822 0.134116
1823 0.0537641
1824 0.0383677
1825 0.18405
1826 0.137987
1827 -0.0487018
1828 0.266533
1829 0.456827
1830 0.134162
1831 0.420984
1832 0.357989
1833 -0.124116
1834 0.20336
1835 0.156224
1836 0.282949
1837 -0.0340798
1838 0.171971
1839 0.0732053
1840 0.350905
1841 0.150057
1842 0.188632
1843 0.0969071
1844 0.242568
1845 0.160463
1846 0.335875
1847 0.0891545
1848 0.344033
1849 0.0310331
1850 -0.0685807
1851 0.28969
1852 0.117019
1853 0.19301
1854 0.136048
1855 0.0717553
1856 0.212446
1857 0.0917563
1858 0.217112
1859 0.136688
1860 0.0283055
1861 0.227351
1862 0.118501
1863 0.00675154
1864 0.083704
1865 0.29301
1866 0.21753
1867 0.157215
1868 0.310911
1869 0.153939
1870 0.223639
1871 0.261093
1872 0.482523
1873 0.102179
1874 0.194901
1875 0.327593
1876 0.196243
1877 0.339992
1878 0.16625
1879 0.134959
1880 0.273832
1881 0.168738
1882 0.311343
1883 0.20772
1884 0.369005
1885 0.419808
1886 0.455911
1887 0.144682
1888 0.170736
1889 -0.0557564
1890 0.125528
1891 0.23292
1892 0.0609052
1893 0.14404
1894 0.206852
1895 0.121214
1896 -0.0807608
1897 0.163614
1898 0.101791
1899 -0.0387047
1900 0.128734
1901 0.0332698
1902 -0.0304854
1903 0.215198
1904 0.088333
1905 0.0710844
1906 0.245897
1907 0.114906
1908 0.0250061
1909 0.163475
1910 0.158016
1911 0.106309
1912 0.0537803
1913 0.081512
1914 0.512833
1915 0.441808
1916 0.0501125
1917 0.0813917
1918 0.174045
1919 0.176538
1920 0.246027
1921 0.106403
1922 0.0395016
1923 0.186074
1924 0.104539
1925 0.208595
1926 0.300261
1927 0.0220014
1928 0.24812
1929 0.173957
1930 0.181097
1931 0.188389
1932 0.124007
1933 0.137311
1934 0.353194
1935 0.246042
1936 0.12584
1937 -0.0236428
1938 0.140579
1939 0.0287092
1940 0.121466
1941 0.0494777
1942 0.272563
1943 0.0854362
1944 0.075733
1945 -0.0423543
1946 -0.0496936
1947 0.125536
1948 0.271771
1949 0.0502896
1950 0.135163
1951 0.224357
1952 0.266106
1953 0.113978
1954 0.404948
1955 -0.0177998
1956 0.379065
1957 0.361371
1958 0.236013
1959 0.161203
1960 0.334401
1961 0.234384
1962 0.16433
1963 0.0181393
1964 0.152228
1965 0.217601
1966 0.106574
1967 0.0156048
1968 0.14954
1969 0.0486194
1970 0.192413
1971 0.200352
1972 0.315529
1973 -0.00922178
1974 0.291284
1975 0.0428399
1976 0.177212
1977 0.105184
1978 -0.0442285
1979 0.133966
1980 -0.0678676
1981 0.215543
1982 0.202456
1983 0.152543
1984 0.233371
1985 0.156514
1986 0.150552
1987 0.204823
1988 0.440474
1989 0.0463368
1990 0.270271
1991 0.127549
1992 0.0339634
1993 0.217364
1994 0.149454
1995 0.0152626
1996 0.159586
1997 0.214511
1998 0.200759
1999 0.293602
2000 0.167791
2001 0.20973
2002 0.163868
2003 0.23782
2004 0.15121
2005 0.0790775
2006 0.0460895
2007 0.145049
2008 0.0174765
2009 0.0755257
2010 0.12756
2011 0.118395
2012 0.157456
2013 0.222268
2014 0.0771524
2015 0.120722
2016 0.207298
2017 0.0697476
2018 0.205243
2019 0.209485
2020 0.172279
2021 0.0607537
2022 0.182732
2023 0.105837
2024 0.00917461
2025 0.127316
2026 0.249406
2027 0.179163
2028 -0.0356118
2029 0.115481
2030 0.184402
2031 0.264533
2032 0.18322
2033 0.175355
2034 0.190102
2035 0.211037
2036 0.145173
2037 0.20329
2038 0.217536
2039 0.318959
2040 0.409604
2041 0.280818
2042 0.216979
2043 0.348642
2044 0.179222
2045 0.184396
2046 0.229164
2047 0.324628
2048 0.198854
2049 0.174851
2050 0.0710671
2051 0.393499
2052 0.131362
2053 0.126601
2054 0.161888
2055 0.548119
2056 0.262703
2057 0.0488858
2058 0.225023
2059 0.251676
2060 0.188795
2061 0.370097
2062 0.12853
2063 -0.0547643
2064 0.157403
2065 0.322081
2066 0.0562276
2067 0.13132
2068 0.0550487
2069 0.0937254
2070 0.221058
2071 -0.151662
2072 0.0498494
2073 0.319239
2074 0.177013
2075 0.10527
2076 0.0633984
2077 -0.0126934
2078 0.255211
2079 0.342218
2080 0.185053
2081 0.0960258
2082 0.233497
2083 0.175576
2084 0.26582
2085 0.265714
2086 0.196346
2087 0.188927
2088 0.249558
2089 0.083508
2090 0.0637172
2091 0.217432
2092 0.227597
2093 0.25552
2094 0.169334
2095 0.0562706
2096 0.0981081
2097 0.199634
2098 0.145438
2099 0
