0 1.23802
1 3.97153
2 5.90713
3 7.58158
4 8.43292
5 8.44473
6 8.92454
7 7.75193
8 6.85735
9 4.20158
10 1.01683
11 0.30888
12 0.192414
13 0.171043
14 0.182279
15 0.188448
16 0.190902
17 0.193858
18 0.192099
19 0.192456
20 0.192952
21 0.194465
22 0.193321
23 0.192535
24 0.192639
25 0.193042
26 0.194885
27 0.194682
28 0.193531
29 0.192914
30 0.192498
31 0.193865
32 0.19279
33 0.191387
34 0.191879
35 0.190985
36 0.193642
37 0.195956
38 0.193494
39 0.192695
40 0.195189
41 0.196129
42 0.196146
43 0.197054
44 0.195569
45 0.196161
46 0.195328
47 0.195104
48 0.193588
49 0.193281
50 0.196078
51 0.19288
52 0.194073
53 0.194509
54 0.193126
55 0.193455
56 0.193022
57 0.192788
58 0.192887
59 0.191641
60 0.190379
61 0.191959
62 0.193762
63 0.191751
64 0.193473
65 0.192171
66 0.191367
67 0.19116
68 0.191973
69 0.196171
70 0.194273
71 0.192544
72 0.19409
73 0.193659
74 0.193
75 0.191583
76 0.190845
77 0.191291
78 0.190799
79 0.190819
80 0.19236
81 0.194903
82 0.193339
83 0.195219
84 0.193192
85 0.194301
86 0.193107
87 0.192289
88 0.191456
89 0.190538
90 0.191867
91 0.192038
92 0.191906
93 0.19154
94 0.191202
95 0.192659
96 0.191954
97 0.191462
98 0.19068
99 0.192019
100 0.191035
101 0.191154
102 0.191594
103 0.195629
104 0.193243
105 0.192314
106 0.19423
107 0.192869
108 0.191704
109 0.19166
110 0.191228
111 0.191114
112 0.19038
113 0.191314
114 0.190625
115 0.194193
116 0.195061
117 0.195556
118 0.19435
119 0.19253
120 0.19448
121 0.19301
122 0.194799
123 0.193359
124 0.19258
125 0.192397
126 0.193351
127 0.192875
128 0.195232
129 0.194809
130 0.193093
131 0.193204
132 0.19216
133 0.191844
134 0.193298
135 0.191986
136 0.191586
137 0.194837
138 0.195508
139 0.194919
140 0.194465
141 0.195863
142 0.194691
143 0.193125
144 0.192315
145 0.191612
146 0.191005
147 0.194771
148 0.193833
149 0.193939
150 0.193049
151 0.193011
152 0.192478
153 0.193898
154 0.192626
155 0.192974
156 0.19255
157 0.192561
158 0.193817
159 0.195691
160 0.193333
161 0.192096
162 0.191512
163 0.191014
164 0.192445
165 0.194177
166 0.196298
167 0.195799
168 0.194072
169 0.192859
170 0.193966
171 0.194461
172 0.192848
173 0.193177
174 0.19243
175 0.192085
176 0.194141
177 0.192612
178 0.19522
179 0.195372
180 0.196581
181 0.194619
182 0.193247
183 0.195091
184 0.19329
185 0.194338
186 0.192294
187 0.194227
188 0.195359
189 0.193695
190 0.193982
191 0.196342
192 0.194579
193 0.19592
194 0.195608
195 0.19321
196 0.194059
197 0.192842
198 0.190872
199 0.190744
200 0.191085
201 0.192565
202 0.194224
203 0.193895
204 0.192959
205 0.194183
206 0.192886
207 0.191951
208 0.191892
209 0.195489
210 0.19724
211 0.194255
212 0.196663
213 0.195154
214 0.193288
215 0.193183
216 0.196106
217 0.19369
218 0.194357
219 0.195194
220 0.193214
221 0.195331
222 0.194961
223 0.193391
224 0.195663
225 0.194071
226 0.193028
227 0.194646
228 0.193635
229 0.192593
230 0.19457
231 0.196188
232 0.193632
233 0.194461
234 0.193907
235 0.194979
236 0.194684
237 0.196661
238 0.194244
239 0.19488
240 0.197332
241 0.194702
242 0.193561
243 0.191875
244 0.191383
245 0.191112
246 0.191065
247 0.195838
248 0.194374
249 0.193261
250 0.195494
251 0.194862
252 0.196105
253 0.193639
254 0.192753
255 0.192063
256 0.191471
257 0.192349
258 0.192725
259 0.192611
260 0.193809
261 0.195177
262 0.193846
263 0.192402
264 0.192583
265 0.192381
266 0.191757
267 0.194919
268 0.197824
269 0.194775
270 0.194949
271 0.194046
272 0.193013
273 0.19206
274 0.194009
275 0.194805
276 0.19641
277 0.194272
278 0.193685
279 0.19666
280 0.194046
281 0.195424
282 0.196576
283 0.193913
284 0.196756
285 0.193221
286 0.195801
287 0.194193
288 0.195394
289 0.194577
290 0.193189
291 0.196547
292 0.196948
293 0.19607
294 0.194267
295 0.195208
296 0.192995
297 0.194488
298 0.193109
299 0.193014
300 0.196054
301 0.194064
302 0.19501
303 0.194327
304 0.192855
305 0.191616
306 0.19383
307 0.19547
308 0.193459
309 0.194382
310 0.196177
311 0.197824
312 0.195255
313 0.193974
314 0.191613
315 0.19124
316 0.193451
317 0.193557
318 0.197041
319 0.19394
320 0.194752
321 0.193886
322 0.193128
323 0.19615
324 0.193419
325 0.194677
326 0.193319
327 0.193615
328 0.19402
329 0.194314
330 0.192714
331 0.193634
332 0.192805
333 0.192352
334 0.191764
335 0.1917
336 0.191114
337 0.192278
338 0.194009
339 0.19295
340 0.192197
341 0.191946
342 0.192717
343 0.193169
344 0.193031
345 0.192204
346 0.191376
347 0.191263
348 0.195021
349 0.193199
350 0.194654
351 0.193034
352 0.194301
353 0.196789
354 0.193477
355 0.196176
356 0.194274
357 0.193886
358 0.194401
359 0.196212
360 0.194185
361 0.194275
362 0.195094
363 0.193062
364 0.193078
365 0.193174
366 0.19233
367 0.191907
368 0.191154
369 0.192931
370 0.194931
371 0.192824
372 0.193497
373 0.192113
374 0.191207
375 0.191483
376 0.1924
377 0.192457
378 0.193308
379 0.194604
380 0.196596
381 0.195478
382 0.194662
383 0.193512
384 0.191902
385 0.192645
386 0.192698
387 0.191941
388 0.19159
389 0.191391
390 0.195038
391 0.194107
392 0.193015
393 0.192515
394 0.1933
395 0.193505
396 0.192854
397 0.191239
398 0.191953
399 0.193016
400 0.19374
401 0.192998
402 0.194138
403 0.195085
404 0.193266
405 0.193865
406 0.195224
407 0.193263
408 0.195905
409 0.195344
410 0.196583
411 0.194848
412 0.194126
413 0.196152
414 0.195204
415 0.195089
416 0.195394
417 0.193846
418 0.19636
419 0.195182
420 0.196739
421 0.19434
422 0.193098
423 0.194361
424 0.192664
425 0.192337
426 0.191913
427 0.191895
428 0.195031
429 0.19277
430 0.196738
431 0.194191
432 0.192731
433 0.193092
434 0.196013
435 0.195897
436 0.193187
437 0.197164
438 0.196224
439 0.194074
440 0.193521
441 0.194364
442 0.195881
443 0.194998
444 0.195945
445 0.196033
446 0.193956
447 0.192274
448 0.192365
449 0.193017
450 0.192163
451 0.192562
452 0.19341
453 0.194647
454 0.192881
455 0.191853
456 0.190809
457 0.191276
458 0.191379
459 0.193467
460 0.1962
461 0.19553
462 0.193967
463 0.195949
464 0.197023
465 0.194802
466 0.196757
467 0.198244
468 0.195257
469 0.194559
470 0.194506
471 0.193004
472 0.194494
473 0.192396
474 0.196582
475 0.195962
476 0.197465
477 0.196025
478 0.195104
479 0.197973
480 0.194582
481 0.195749
482 0.196775
483 0.196578
484 0.194713
485 0.193661
486 0.195469
487 0.19582
488 0.195714
489 0.193277
490 0.192762
491 0.19575
492 0.194189
493 0.19315
494 0.194293
495 0.19258
496 0.193609
497 0.19342
498 0.192079
499 0.191354
500 0.191526
501 0.192828
502 0.192913
503 0.193304
504 0.192416
505 0.196288
506 0.197623
507 0.196276
508 0.194362
509 0.192657
510 0.192569
511 0.191633
512 0.194609
513 0.193768
514 0.195851
515 0.194523
516 0.196566
517 0.195914
518 0.194425
519 0.194742
520 0.195648
521 0.193281
522 0.193239
523 0.192605
524 0.194854
525 0.192848
526 0.192513
527 0.19579
528 0.194883
529 0.194427
530 0.193704
531 0.194683
532 0.196477
533 0.197248
534 0.196728
535 0.19451
536 0.193114
537 0.194078
538 0.19398
539 0.192657
540 0.196093
541 0.195525
542 0.193813
543 0.192716
544 0.194662
545 0.1964
546 0.194319
547 0.192759
548 0.193397
549 0.193663
550 0.193874
551 0.193354
552 0.192983
553 0.192576
554 0.192042
555 0.195467
556 0.194649
557 0.193466
558 0.194545
559 0.196777
560 0.195662
561 0.193499
562 0.192561
563 0.193768
564 0.193767
565 0.193637
566 0.192087
567 0.193374
568 0.192631
569 0.192195
570 0.194268
571 0.194245
572 0.192443
573 0.192677
574 0.191691
575 0.191636
576 0.19309
577 0.194793
578 0.195988
579 0.193533
580 0.193348
581 0.192996
582 0.192032
583 0.19226
584 0.19324
585 0.196562
586 0.197652
587 0.198214
588 0.196942
589 0.194577
590 0.195246
591 0.194251
592 0.19618
593 0.193453
594 0.196948
595 0.194345
596 0.193301
597 0.194863
598 0.19312
599 0.194921
600 0.194081
601 0.193064
602 0.192988
603 0.194683
604 0.192933
605 0.194398
606 0.192757
607 0.192968
608 0.191961
609 0.194604
610 0.193046
611 0.192423
612 0.19445
613 0.192697
614 0.191621
615 0.191868
616 0.191646
617 0.190984
618 0.191188
619 0.192083
620 0.191074
621 0.191709
622 0.190715
623 0.191734
624 0.19228
625 0.193644
626 0.192647
627 0.19642
628 0.194092
629 0.192538
630 0.191918
631 0.194456
632 0.194399
633 0.19302
634 0.194001
635 0.19395
636 0.192778
637 0.191693
638 0.195408
639 0.193295
640 0.19383
641 0.192562
642 0.192042
643 0.195854
644 0.196579
645 0.195885
646 0.195508
647 0.193716
648 0.195381
649 0.19345
650 0.192156
651 0.19178
652 0.193923
653 0.195266
654 0.195489
655 0.194554
656 0.192878
657 0.193263
658 0.194071
659 0.192742
660 0.193359
661 0.192033
662 0.191907
663 0.191773
664 0.191019
665 0.191178
666 0.193507
667 0.192121
668 0.19371
669 0.194343
670 0.192974
671 0.192404
672 0.191571
673 0.191354
674 0.193728
675 0.19242
676 0.19209
677 0.194933
678 0.196739
679 0.194215
680 0.194386
681 0.194128
682 0.193887
683 0.196772
684 0.194289
685 0.192609
686 0.192533
687 0.192794
688 0.191926
689 0.191553
690 0.191712
691 0.190056
692 0.190239
693 0.191666
694 0.192177
695 0.191248
696 0.191593
697 0.191908
698 0.193845
699 0.193022
700 0.192824
701 0.192927
702 0.193249
703 0.194466
704 0.194006
705 0.193399
706 0.194078
707 0.196913
708 0.195217
709 0.193999
710 0.192953
711 0.192309
712 0.194715
713 0.192941
714 0.193307
715 0.191971
716 0.193257
717 0.195782
718 0.196738
719 0.195079
720 0.197284
721 0.194799
722 0.192963
723 0.192483
724 0.191378
725 0.194874
726 0.19672
727 0.1942
728 0.19352
729 0.19674
730 0.194426
731 0.193012
732 0.192365
733 0.191504
734 0.194133
735 0.192581
736 0.1955
737 0.194651
738 0.193127
739 0.194251
740 0.194795
741 0.192671
742 0.192563
743 0.193853
744 0.192468
745 0.192426
746 0.19387
747 0.192161
748 0.19126
749 0.191013
750 0.193126
751 0.191971
752 0.191855
753 0.193407
754 0.192141
755 0.194323
756 0.192993
757 0.191701
758 0.190939
759 0.192776
760 0.19571
761 0.193848
762 0.196483
763 0.195157
764 0.194251
765 0.193387
766 0.191965
767 0.191882
768 0.191278
769 0.192862
770 0.196874
771 0.195024
772 0.195448
773 0.193017
774 0.191424
775 0.191494
776 0.194197
777 0.192957
778 0.192072
779 0.190802
780 0.191291
781 0.19391
782 0.196361
783 0.193797
784 0.195395
785 0.19375
786 0.19276
787 0.191899
788 0.192108
789 0.192919
790 0.191743
791 0.191711
792 0.194264
793 0.194755
794 0.195317
795 0.193829
796 0.193388
797 0.192127
798 0.19205
799 0.191344
800 0.191507
801 0.191241
802 0.193279
803 0.192108
804 0.191203
805 0.19067
806 0.191166
807 0.190936
808 0.193589
809 0.19215
810 0.193026
811 0.19244
812 0.193056
813 0.194422
814 0.192861
815 0.192555
816 0.192427
817 0.192267
818 0.195149
819 0.197326
820 0.194741
821 0.194013
822 0.192281
823 0.191868
824 0.192141
825 0.191171
826 0.190715
827 0.190677
828 0.19103
829 0.194403
830 0.193012
831 0.193375
832 0.192655
833 0.192205
834 0.194487
835 0.193191
836 0.192251
837 0.191616
838 0.191644
839 0.19421
840 0.192805
841 0.19255
842 0.192975
843 0.192222
844 0.19159
845 0.194392
846 0.193448
847 0.192495
848 0.192939
849 0.192505
850 0.192946
851 0.191765
852 0.190381
853 0.190634
854 0.193424
855 0.193695
856 0.193014
857 0.194957
858 0.193219
859 0.194412
860 0.192435
861 0.192664
862 0.191587
863 0.19318
864 0.192472
865 0.192189
866 0.194646
867 0.193978
868 0.196844
869 0.194621
870 0.193722
871 0.193232
872 0.193701
873 0.192727
874 0.192483
875 0.191284
876 0.191334
877 0.192381
878 0.192987
879 0.192468
880 0.194579
881 0.19495
882 0.19412
883 0.193689
884 0.192326
885 0.191997
886 0.192541
887 0.191802
888 0.192106
889 0.194764
890 0.193665
891 0.193132
892 0.193919
893 0.193929
894 0.193535
895 0.195003
896 0.193502
897 0.193906
898 0.192199
899 0.193037
900 0.191769
901 0.193303
902 0.192332
903 0.191782
904 0.192506
905 0.196195
906 0.196255
907 0.194676
908 0.195805
909 0.194463
910 0.197106
911 0.194296
912 0.195943
913 0.197379
914 0.194837
915 0.196791
916 0.194349
917 0.194168
918 0.193954
919 0.192968
920 0.196094
921 0.19388
922 0.193771
923 0.192022
924 0.191888
925 0.192304
926 0.191627
927 0.193346
928 0.193242
929 0.194921
930 0.193073
931 0.193407
932 0.191936
933 0.191459
934 0.192385
935 0.192612
936 0.192231
937 0.191965
938 0.191321
939 0.193036
940 0.191812
941 0.192018
942 0.193753
943 0.192165
944 0.19179
945 0.192035
946 0.191541
947 0.191411
948 0.191209
949 0.191398
950 0.193465
951 0.194981
952 0.193508
953 0.19247
954 0.196336
955 0.193209
956 0.192513
957 0.192157
958 0.191493
959 0.193226
960 0.193544
961 0.193656
962 0.1952
963 0.194402
964 0.192935
965 0.192274
966 0.191207
967 0.195358
968 0.197213
969 0.195637
970 0.193748
971 0.195673
972 0.197107
973 0.193834
974 0.193035
975 0.191751
976 0.192942
977 0.193528
978 0.192917
979 0.194635
980 0.192875
981 0.193425
982 0.193496
983 0.192399
984 0.193982
985 0.193268
986 0.193189
987 0.192588
988 0.192289
989 0.191221
990 0.191285
991 0.194489
992 0.193187
993 0.192208
994 0.191644
995 0.193013
996 0.194994
997 0.194745
998 0.192866
999 0.192211
1000 0.19556
1001 0.195797
1002 0.195477
1003 0.194701
1004 0.192724
1005 0.196589
1006 0.193696
1007 0.1948
1008 0.193908
1009 0.192854
1010 0.191863
1011 0.192783
1012 0.192024
1013 0.196432
1014 0.193555
1015 0.193878
1016 0.194771
1017 0.193088
1018 0.194448
1019 0.193284
1020 0.192971
1021 0.192439
1022 0.193292
1023 0.191904
1024 0.191305
1025 0.191071
1026 0.191397
1027 0.190995
1028 0.193274
1029 0.191879
1030 0.192609
1031 0.191316
1032 0.191761
1033 0.191889
1034 0.191615
1035 0.190753
1036 0.191586
1037 0.194696
1038 0.194349
1039 0.196392
1040 0.194429
1041 0.193471
1042 0.192907
1043 0.192366
1044 0.195479
1045 0.194098
1046 0.19288
1047 0.191464
1048 0.192002
1049 0.194765
1050 0.194711
1051 0.193628
1052 0.192822
1053 0.192043
1054 0.195488
1055 0.195813
1056 0.196356
1057 0.195441
1058 0.196461
1059 0.194336
1060 0.193927
1061 0.192542
1062 0.192686
1063 0.194248
1064 0.193705
1065 0.192774
1066 0.193036
1067 0.192
1068 0.19135
1069 0.193938
1070 0.192233
1071 0.193782
1072 0.196354
1073 0.193706
1074 0.197161
1075 0.1934
1076 0.193318
1077 0.193931
1078 0.193884
1079 0.195737
1080 0.193877
1081 0.192846
1082 0.194535
1083 0.193249
1084 0.194024
1085 0.194105
1086 0.196527
1087 0.194699
1088 0.193266
1089 0.194023
1090 0.194589
1091 0.19441
1092 0.193649
1093 0.192141
1094 0.194725
1095 0.192545
1096 0.192513
1097 0.192004
1098 0.194864
1099 0.193168
1100 0.196371
1101 0.193934
1102 0.192791
1103 0.194988
1104 0.195006
1105 0.193205
1106 0.193458
1107 0.193243
1108 0.194207
1109 0.194161
1110 0.196797
1111 0.194246
1112 0.19451
1113 0.193026
1114 0.193364
1115 0.192242
1116 0.191919
1117 0.193779
1118 0.193595
1119 0.192511
1120 0.191292
1121 0.191476
1122 0.19523
1123 0.192472
1124 0.193669
1125 0.196107
1126 0.194913
1127 0.196715
1128 0.194892
1129 0.193761
1130 0.196204
1131 0.194381
1132 0.194236
1133 0.193217
1134 0.193929
1135 0.192489
1136 0.191785
1137 0.195292
1138 0.193005
1139 0.196183
1140 0.197306
1141 0.195214
1142 0.195051
1143 0.19576
1144 0.193708
1145 0.192888
1146 0.19661
1147 0.193981
1148 0.196285
1149 0.19356
1150 0.193882
1151 0.196641
1152 0.19445
1153 0.196757
1154 0.195002
1155 0.193425
1156 0.196373
1157 0.193151
1158 0.193069
1159 0.192587
1160 0.195001
1161 0.193828
1162 0.192597
1163 0.192791
1164 0.194655
1165 0.193458
1166 0.192778
1167 0.194044
1168 0.192377
1169 0.193391
1170 0.19211
1171 0.192235
1172 0.193444
1173 0.195872
1174 0.193395
1175 0.19457
1176 0.19515
1177 0.194297
1178 0.192926
1179 0.192458
1180 0.191538
1181 0.192618
1182 0.191927
1183 0.191365
1184 0.192011
1185 0.19274
1186 0.192721
1187 0.192018
1188 0.191707
1189 0.196013
1190 0.193813
1191 0.193652
1192 0.196657
1193 0.193682
1194 0.193092
1195 0.193945
1196 0.193016
1197 0.19367
1198 0.196875
1199 0.194402
1200 0.195289
1201 0.197137
1202 0.1945
1203 0.19322
1204 0.193403
1205 0.192264
1206 0.192004
1207 0.191681
1208 0.193942
1209 0.194047
1210 0.192441
1211 0.191756
1212 0.191228
1213 0.191597
1214 0.193323
1215 0.192562
1216 0.192741
1217 0.19142
1218 0.19411
1219 0.193553
1220 0.194041
1221 0.19373
1222 0.195852
1223 0.194731
1224 0.194371
1225 0.192392
1226 0.191474
1227 0.192642
1228 0.192616
1229 0.192612
1230 0.192859
1231 0.19209
1232 0.191936
1233 0.193658
1234 0.192417
1235 0.195546
1236 0.197171
1237 0.197914
1238 0.197563
1239 0.196193
1240 0.196525
1241 0.19406
1242 0.193043
1243 0.194667
1244 0.192694
1245 0.192142
1246 0.191363
1247 0.195642
1248 0.195785
1249 0.193583
1250 0.192579
1251 0.191636
1252 0.192507
1253 0.195253
1254 0.193387
1255 0.195701
1256 0.193635
1257 0.196161
1258 0.195224
1259 0.194379
1260 0.192516
1261 0.191807
1262 0.192867
1263 0.191403
1264 0.19605
1265 0.19438
1266 0.195276
1267 0.19477
1268 0.194412
1269 0.192295
1270 0.191476
1271 0.192333
1272 0.193699
1273 0.194278
1274 0.197489
1275 0.194155
1276 0.194718
1277 0.195998
1278 0.196404
1279 0.195425
1280 0.196377
1281 0.193623
1282 0.193423
1283 0.192749
1284 0.194977
1285 0.192809
1286 0.194359
1287 0.194042
1288 0.196617
1289 0.193835
1290 0.193793
1291 0.194013
1292 0.192293
1293 0.19343
1294 0.192035
1295 0.192023
1296 0.192597
1297 0.1959
1298 0.194205
1299 0.194692
1300 0.193905
1301 0.191991
1302 0.195169
1303 0.192879
1304 0.193385
1305 0.195896
1306 0.194101
1307 0.192748
1308 0.192301
1309 0.191166
1310 0.1909
1311 0.190865
1312 0.192716
1313 0.19193
1314 0.19165
1315 0.193328
1316 0.193581
1317 0.193153
1318 0.192264
1319 0.194887
1320 0.193092
1321 0.191821
1322 0.190929
1323 0.191937
1324 0.192319
1325 0.192215
1326 0.191476
1327 0.193018
1328 0.191378
1329 0.193036
1330 0.1923
1331 0.193185
1332 0.192641
1333 0.192006
1334 0.192342
1335 0.193703
1336 0.196816
1337 0.193851
1338 0.192193
1339 0.191487
1340 0.192363
1341 0.192655
1342 0.195124
1343 0.19712
1344 0.19452
1345 0.193352
1346 0.19616
1347 0.19521
1348 0.193717
1349 0.194477
1350 0.192552
1351 0.193808
1352 0.192838
1353 0.192916
1354 0.193145
1355 0.193131
1356 0.19403
1357 0.195294
1358 0.193205
1359 0.195195
1360 0.193404
1361 0.192169
1362 0.191781
1363 0.191237
1364 0.193254
1365 0.191939
1366 0.195269
1367 0.192925
1368 0.192829
1369 0.195334
1370 0.193563
1371 0.194346
1372 0.195481
1373 0.194131
1374 0.193539
1375 0.194177
1376 0.19408
1377 0.192361
1378 0.193685
1379 0.192138
1380 0.191492
1381 0.19314
1382 0.195733
1383 0.19522
1384 0.194381
1385 0.197272
1386 0.194394
1387 0.193667
1388 0.196868
1389 0.193692
1390 0.196915
1391 0.195857
1392 0.195022
1393 0.194924
1394 0.192579
1395 0.194268
1396 0.196018
1397 0.194442
1398 0.195104
1399 0.193944
1400 0.192665
1401 0.192562
1402 0.192851
1403 0.191719
1404 0.19496
1405 0.196239
1406 0.193757
1407 0.192762
1408 0.195211
1409 0.194689
1410 0.193938
1411 0.192829
1412 0.194203
1413 0.192661
1414 0.196125
1415 0.193462
1416 0.192876
1417 0.192613
1418 0.191905
1419 0.191767
1420 0.192507
1421 0.194294
1422 0.19275
1423 0.193123
1424 0.195602
1425 0.193139
1426 0.19293
1427 0.192179
1428 0.192492
1429 0.193348
1430 0.19246
1431 0.19159
1432 0.191269
1433 0.195694
1434 0.192776
1435 0.196386
1436 0.195885
1437 0.193797
1438 0.192966
1439 0.192203
1440 0.193027
1441 0.192422
1442 0.191408
1443 0.1929
1444 0.195531
1445 0.193428
1446 0.193471
1447 0.195413
1448 0.196575
1449 0.196034
1450 0.195154
1451 0.197505
1452 0.19435
1453 0.196549
1454 0.195072
1455 0.193589
1456 0.192482
1457 0.191584
1458 0.195085
1459 0.192559
1460 0.192856
1461 0.195596
1462 0.194378
1463 0.194891
1464 0.193409
1465 0.195161
1466 0.195348
1467 0.193974
1468 0.195819
1469 0.193601
1470 0.194355
1471 0.194442
1472 0.193063
1473 0.191903
1474 0.195626
1475 0.194434
1476 0.193555
1477 0.195799
1478 0.195023
1479 0.196532
1480 0.19729
1481 0.196398
1482 0.195138
1483 0.194917
1484 0.194636
1485 0.193869
1486 0.19523
1487 0.193155
1488 0.192601
1489 0.193801
1490 0.195758
1491 0.193967
1492 0.192504
1493 0.191262
1494 0.194541
1495 0.192424
1496 0.194137
1497 0.192434
1498 0.193254
1499 0.192308
1500 0.193401
1501 0.192654
1502 0.1928
1503 0.191538
1504 0.192146
1505 0.193967
1506 0.193358
1507 0.191793
1508 0.191443
1509 0.192503
1510 0.193293
1511 0.192346
1512 0.192628
1513 0.193722
1514 0.195848
1515 0.196476
1516 0.195632
1517 0.19343
1518 0.195444
1519 0.192839
1520 0.193377
1521 0.191945
1522 0.190546
1523 0.190613
1524 0.190154
1525 0.191503
1526 0.19114
1527 0.191685
1528 0.192186
1529 0.19163
1530 0.192736
1531 0.195819
1532 0.193864
1533 0.195672
1534 0.195027
1535 0.193933
1536 0.194352
1537 0.192878
1538 0.191724
1539 0.191043
1540 0.193554
1541 0.194828
1542 0.193505
1543 0.192138
1544 0.191698
1545 0.19073
1546 0.191897
1547 0.192016
1548 0.194388
1549 0.193315
1550 0.196141
1551 0.194242
1552 0.192808
1553 0.191954
1554 0.194522
1555 0.196838
1556 0.19433
1557 0.19687
1558 0.195011
1559 0.194878
1560 0.193489
1561 0.192289
1562 0.19137
1563 0.194041
1564 0.195112
1565 0.19492
1566 0.193466
1567 0.194228
1568 0.193931
1569 0.192687
1570 0.195511
1571 0.1931
1572 0.191576
1573 0.191558
1574 0.190958
1575 0.191861
1576 0.194935
1577 0.193247
1578 0.192668
1579 0.192775
1580 0.194584
1581 0.193936
1582 0.193389
1583 0.192813
1584 0.196197
1585 0.196857
1586 0.193449
1587 0.193081
1588 0.191581
1589 0.192172
1590 0.192025
1591 0.195782
1592 0.196354
1593 0.195072
1594 0.196789
1595 0.194243
1596 0.194049
1597 0.194042
1598 0.195405
1599 0.193043
1600 0.192749
1601 0.193402
1602 0.192563
1603 0.192611
1604 0.193796
1605 0.193223
1606 0.194243
1607 0.194333
1608 0.196459
1609 0.19487
1610 0.196816
1611 0.194783
1612 0.195668
1613 0.19377
1614 0.19518
1615 0.196843
1616 0.19631
1617 0.194336
1618 0.196871
1619 0.195068
1620 0.19328
1621 0.191854
1622 0.19062
1623 0.191279
1624 0.191901
1625 0.195322
1626 0.196844
1627 0.19391
1628 0.194893
1629 0.193101
1630 0.195522
1631 0.196147
1632 0.193743
1633 0.193358
1634 0.195791
1635 0.193125
1636 0.192646
1637 0.196112
1638 0.194191
1639 0.196434
1640 0.193982
1641 0.195733
1642 0.193312
1643 0.192907
1644 0.19232
1645 0.195664
1646 0.192867
1647 0.194697
1648 0.192674
1649 0.191457
1650 0.190475
1651 0.19308
1652 0.191863
1653 0.194288
1654 0.192775
1655 0.192378
1656 0.190998
1657 0.190235
1658 0.190441
1659 0.190262
1660 0.18967
1661 0.190142
1662 0.190578
1663 0.192196
1664 0.191522
1665 0.191418
1666 0.192025
1667 0.192211
1668 0.191865
1669 0.193229
1670 0.191268
1671 0.196289
1672 0.194365
1673 0.195883
1674 0.193703
1675 0.195924
1676 0.196498
1677 0.194041
1678 0.195515
1679 0.194134
1680 0.193326
1681 0.192361
1682 0.194428
1683 0.192616
1684 0.196181
1685 0.194572
1686 0.193917
1687 0.193331
1688 0.191405
1689 0.192278
1690 0.194544
1691 0.193082
1692 0.194182
1693 0.193028
1694 0.192537
1695 0.195212
1696 0.194894
1697 0.195394
1698 0.193708
1699 0.193577
1700 0.194112
1701 0.192023
1702 0.191973
1703 0.191897
1704 0.192654
1705 0.194736
1706 0.193397
1707 0.194893
1708 0.193445
1709 0.194448
1710 0.193116
1711 0.194766
1712 0.192634
1713 0.192527
1714 0.195795
1715 0.19278
1716 0.194938
1717 0.197512
1718 0.194534
1719 0.19416
1720 0.192393
1721 0.195273
1722 0.193588
1723 0.193904
1724 0.194737
1725 0.195561
1726 0.193352
1727 0.19257
1728 0.192364
1729 0.19613
1730 0.194279
1731 0.192864
1732 0.194725
1733 0.194545
1734 0.195578
1735 0.19353
1736 0.192447
1737 0.192016
1738 0.19203
1739 0.191378
1740 0.193521
1741 0.193704
1742 0.194988
1743 0.193287
1744 0.19615
1745 0.193122
1746 0.193804
1747 0.196125
1748 0.192228
1749 0.192544
1750 0.192425
1751 0.195277
1752 0.193285
1753 0.196022
1754 0.193321
1755 0.194001
1756 0.194758
1757 0.194426
1758 0.195143
1759 0.192658
1760 0.194153
1761 0.192539
1762 0.192432
1763 0.191574
1764 0.19449
1765 0.194919
1766 0.19469
1767 0.194056
1768 0.193392
1769 0.192605
1770 0.195534
1771 0.194544
1772 0.19379
1773 0.194095
1774 0.194888
1775 0.197644
1776 0.197454
1777 0.194021
1778 0.197067
1779 0.198201
1780 0.195504
1781 0.197038
1782 0.194447
1783 0.192949
1784 0.19405
1785 0.192508
1786 0.192748
1787 0.192097
1788 0.192318
1789 0.195844
1790 0.194883
1791 0.193257
1792 0.195442
1793 0.192552
1794 0.192617
1795 0.192715
1796 0.192618
1797 0.192451
1798 0.191678
1799 0.191075
1800 0.194036
1801 0.19361
1802 0.192369
1803 0.19218
1804 0.193361
1805 0.192107
1806 0.194
1807 0.192524
1808 0.191921
1809 0.194552
1810 0.19334
1811 0.194004
1812 0.196338
1813 0.193516
1814 0.193651
1815 0.193977
1816 0.193535
1817 0.194565
1818 0.192634
1819 0.194367
1820 0.194516
1821 0.194774
1822 0.193062
1823 0.192696
1824 0.194527
1825 0.192646
1826 0.196025
1827 0.19433
1828 0.196014
1829 0.192961
1830 0.192685
1831 0.191919
1832 0.191173
1833 0.190915
1834 0.192314
1835 0.192433
1836 0.191508
1837 0.195438
1838 0.193135
1839 0.195255
1840 0.197106
1841 0.194051
1842 0.193207
1843 0.192613
1844 0.192036
1845 0.194508
1846 0.19384
1847 0.19486
1848 0.195383
1849 0.193362
1850 0.192735
1851 0.192293
1852 0.196074
1853 0.193345
1854 0.192814
1855 0.193514
1856 0.191878
1857 0.195866
1858 0.193789
1859 0.193172
1860 0.1922
1861 0.191601
1862 0.191289
1863 0.191635
1864 0.193969
1865 0.193533
1866 0.192704
1867 0.193363
1868 0.194181
1869 0.196891
1870 0.19502
1871 0.194581
1872 0.196297
1873 0.193722
1874 0.19286
1875 0.194516
1876 0.196382
1877 0.193693
1878 0.194945
1879 0.195375
1880 0.192856
1881 0.192971
1882 0.194621
1883 0.194117
1884 0.192388
1885 0.192552
1886 0.191772
1887 0.194009
1888 0.197158
1889 0.194065
1890 0.193113
1891 0.193872
1892 0.19376
1893 0.195343
1894 0.194715
1895 0.193618
1896 0.194354
1897 0.192588
1898 0.19225
1899 0.192288
1900 0.191863
1901 0.191334
1902 0.191719
1903 0.192741
1904 0.192791
1905 0.192771
1906 0.191735
1907 0.192417
1908 0.191446
1909 0.191569
1910 0.19021
1911 0.194487
1912 0.193066
1913 0.193158
1914 0.192389
1915 0.192221
1916 0.194793
1917 0.194329
1918 0.193029
1919 0.19318
1920 0.192857
1921 0.192065
1922 0.192095
1923 0.192908
1924 0.193724
1925 0.193263
1926 0.195225
1927 0.19385
1928 0.194252
1929 0.193616
1930 0.192825
1931 0.193238
1932 0.191722
1933 0.192008
1934 0.19289
1935 0.192091
1936 0.193892
1937 0.193891
1938 0.196148
1939 0.193719
1940 0.194595
1941 0.194326
1942 0.192705
1943 0.193391
1944 0.191449
1945 0.190124
1946 0.193561
1947 0.194787
1948 0.194384
1949 0.192534
1950 0.192009
1951 0.191733
1952 0.195431
1953 0.193084
1954 0.193501
1955 0.192999
1956 0.192581
1957 0.193739
1958 0.191712
1959 0.195689
1960 0.194118
1961 0.194094
1962 0.192604
1963 0.193661
1964 0.194109
1965 0.194676
1966 0.193013
1967 0.192663
1968 0.193677
1969 0.193108
1970 0.193343
1971 0.192223
1972 0.192621
1973 0.191983
1974 0.191485
1975 0.192854
1976 0.194189
1977 0.194821
1978 0.195816
1979 0.193705
1980 0.193314
1981 0.197242
1982 0.196438
1983 0.195355
1984 0.196959
1985 0.194184
1986 0.194737
1987 0.193447
1988 0.192739
1989 0.191476
1990 0.193247
1991 0.193193
1992 0.192721
1993 0.192719
1994 0.191309
1995 0.19082
1996 0.192642
1997 0.195067
1998 0.192534
1999 0.195778
2000 0.193809
2001 0.192194
2002 0.191837
2003 0.191635
2004 0.195315
2005 0.197377
2006 0.196982
2007 0.193691
2008 0.196091
2009 0.194361
2010 0.193197
2011 0.192859
2012 0.192455
2013 0.191216
2014 0.190775
2015 0.192586
2016 0.19353
2017 0.196181
2018 0.195452
2019 0.194768
2020 0.195684
2021 0.193265
2022 0.194636
2023 0.193881
2024 0.191891
2025 0.194073
2026 0.193199
2027 0.192083
2028 0.191666
2029 0.194612
2030 0.192436
2031 0.194873
2032 0.196106
2033 0.19311
2034 0.194607
2035 0.193895
2036 0.193457
2037 0.194423
2038 0.19336
2039 0.192061
2040 0.195008
2041 0.195424
2042 0.196345
2043 0.195333
2044 0.193821
2045 0.194331
2046 0.196351
2047 0.197022
2048 0.193692
2049 0.193017
2050 0.192698
2051 0.191528
2052 0.189926
2053 0.190644
2054 0.192303
2055 0.192815
2056 0.195912
2057 0.197337
2058 0.195985
2059 0.194476
2060 0.195993
2061 0.19783
2062 0.195602
2063 0.194342
2064 0.194797
2065 0.196797
2066 0.195762
2067 0.193785
2068 0.192797
2069 0.194113
2070 0.193611
2071 0.192607
2072 0.191731
2073 0.192985
2074 0.192909
2075 0.19393
2076 0.195704
2077 0.193754
2078 0.192863
2079 0.193847
2080 0.193754
2081 0.194087
2082 0.193006
2083 0.193806
2084 0.195957
2085 0.193132
2086 0.194187
2087 0.194755
2088 0.192868
2089 0.192277
2090 0.191079
2091 0.189877
2092 0.19051
2093 0.190152
2094 0.191177
2095 0.192379
2096 0.191841
2097 0.195642
2098 0.197015
2099 0
