0 -1.1888
1 -0.381119
2 -0.176095
3 -0.22874
4 -0.27699
5 -0.28946
6 -0.249818
7 -0.223543
8 -0.0672442
9 0.110231
10 -0.0364732
11 -0.22629
12 0.159377
13 0.499654
14 0.056289
15 0.0542784
16 0.214944
17 0.128322
18 0.122637
19 0.130652
20 0.180358
21 0.168753
22 0.175536
23 0.190756
24 0.170858
25 0.168295
26 0.17835
27 0.171758
28 0.1758
29 0.164439
30 0.183722
31 0.173999
32 0.182516
33 0.186889
34 0.180307
35 0.171954
36 0.182412
37 0.185856
38 0.185306
39 0.187712
40 0.168194
41 0.18043
42 0.18817
43 0.168666
44 0.166962
45 0.17878
46 0.175111
47 0.18752
48 0.182034
49 0.184927
50 0.173363
51 0.161477
52 0.168525
53 0.188424
54 0.184459
55 0.186381
56 0.180433
57 0.193068
58 0.177283
59 0.188781
60 0.188731
61 0.194349
62 0.179247
63 0.180882
64 0.185485
65 0.172076
66 0.157778
67 0.17729
68 0.179925
69 0.16966
70 0.164984
71 0.182464
72 0.19612
73 0.176424
74 0.184976
75 0.183675
76 0.1745
77 0.1767
78 0.191406
79 0.178305
80 0.166317
81 0.175616
82 0.17712
83 0.188719
84 0.188031
85 0.191687
86 0.196473
87 0.190349
88 0.169466
89 0.178957
90 0.191522
91 0.175015
92 0.168801
93 0.177575
94 0.167755
95 0.179354
96 0.171796
97 0.183049
98 0.17904
99 0.191729
100 0.172893
101 0.170131
102 0.182027
103 0.175763
104 0.191195
105 0.199999
106 0.177022
107 0.179087
108 0.184608
109 0.196331
110 0.171663
111 0.17292
112 0.179515
113 0.168276
114 0.174708
115 0.186122
116 0.172295
117 0.180436
118 0.195463
119 0.186672
120 0.169443
121 0.167332
122 0.164972
123 0.166986
124 0.165758
125 0.195289
126 0.178469
127 0.175228
128 0.183134
129 0.180021
130 0.167521
131 0.184087
132 0.17662
133 0.186997
134 0.171012
135 0.163447
136 0.162569
137 0.177785
138 0.185148
139 0.188542
140 0.176601
141 0.16993
142 0.184466
143 0.18882
144 0.163299
145 0.177042
146 0.184689
147 0.174357
148 0.162624
149 0.183104
150 0.198589
151 0.184292
152 0.175134
153 0.184783
154 0.192077
155 0.179962
156 0.187345
157 0.195678
158 0.177346
159 0.175357
160 0.167648
161 0.17525
162 0.166308
163 0.171936
164 0.186657
165 0.165971
166 0.157402
167 0.182065
168 0.173694
169 0.17907
170 0.175703
171 0.181398
172 0.168076
173 0.184578
174 0.168148
175 0.159451
176 0.176081
177 0.178422
178 0.18338
179 0.175694
180 0.17913
181 0.176754
182 0.172965
183 0.177329
184 0.171203
185 0.165321
186 0.178391
187 0.166999
188 0.183047
189 0.170521
190 0.167317
191 0.189214
192 0.184373
193 0.168931
194 0.168391
195 0.173467
196 0.165886
197 0.177548
198 0.189343
199 0.188204
200 0.17833
201 0.179406
202 0.182749
203 0.167102
204 0.181057
205 0.188149
206 0.184084
207 0.175616
208 0.183759
209 0.179241
210 0.170819
211 0.173717
212 0.180277
213 0.161854
214 0.176548
215 0.168611
216 0.178754
217 0.186423
218 0.17585
219 0.184803
220 0.191361
221 0.176598
222 0.159601
223 0.180006
224 0.168899
225 0.162048
226 0.184413
227 0.192052
228 0.194454
229 0.183138
230 0.17534
231 0.163177
232 0.177416
233 0.182978
234 0.17892
235 0.171835
236 0.176455
237 0.175651
238 0.178838
239 0.178044
240 0.165617
241 0.173135
242 0.169513
243 0.186489
244 0.185263
245 0.178339
246 0.177243
247 0.162743
248 0.174162
249 0.187049
250 0.191928
251 0.183993
252 0.176592
253 0.189413
254 0.178411
255 0.181706
256 0.173652
257 0.169499
258 0.175834
259 0.168766
260 0.185837
261 0.178204
262 0.171197
263 0.173959
264 0.174891
265 0.188578
266 0.18703
267 0.19148
268 0.176255
269 0.184778
270 0.189992
271 0.181455
272 0.180925
273 0.167263
274 0.172155
275 0.175679
276 0.184519
277 0.170808
278 0.165236
279 0.161355
280 0.164636
281 0.184056
282 0.179093
283 0.186563
284 0.185877
285 0.173586
286 0.185014
287 0.196961
288 0.177739
289 0.178639
290 0.164038
291 0.193927
292 0.181429
293 0.167279
294 0.167411
295 0.168961
296 0.169453
297 0.173407
298 0.18101
299 0.173401
300 0.17353
301 0.186531
302 0.175507
303 0.178997
304 0.159267
305 0.183037
306 0.186014
307 0.187896
308 0.170259
309 0.173108
310 0.167432
311 0.168859
312 0.178224
313 0.168324
314 0.167685
315 0.173223
316 0.181654
317 0.166805
318 0.16921
319 0.186074
320 0.185216
321 0.185288
322 0.177067
323 0.167404
324 0.184572
325 0.177001
326 0.17628
327 0.168061
328 0.163648
329 0.164652
330 0.160495
331 0.187001
332 0.171936
333 0.16529
334 0.1791
335 0.172374
336 0.177954
337 0.180719
338 0.189749
339 0.192785
340 0.178985
341 0.181376
342 0.178774
343 0.188832
344 0.171018
345 0.163564
346 0.166075
347 0.178675
348 0.192213
349 0.178667
350 0.173598
351 0.165472
352 0.168782
353 0.183045
354 0.175931
355 0.180219
356 0.165186
357 0.186626
358 0.18286
359 0.188852
360 0.170505
361 0.185268
362 0.171766
363 0.167174
364 0.183099
365 0.189795
366 0.174032
367 0.164678
368 0.167614
369 0.169584
370 0.165028
371 0.179651
372 0.168331
373 0.166329
374 0.179094
375 0.183633
376 0.191323
377 0.169585
378 0.165141
379 0.171834
380 0.187773
381 0.165132
382 0.170121
383 0.182196
384 0.172096
385 0.182101
386 0.178081
387 0.18447
388 0.171684
389 0.16636
390 0.183943
391 0.170058
392 0.179465
393 0.189591
394 0.166849
395 0.15884
396 0.161592
397 0.18803
398 0.172442
399 0.163025
400 0.173429
401 0.172096
402 0.175459
403 0.173501
404 0.19075
405 0.193195
406 0.184394
407 0.173251
408 0.170814
409 0.165721
410 0.18739
411 0.172957
412 0.174805
413 0.16364
414 0.173218
415 0.173842
416 0.17625
417 0.165147
418 0.178627
419 0.183642
420 0.1735
421 0.190304
422 0.176246
423 0.191306
424 0.176299
425 0.171439
426 0.161766
427 0.171489
428 0.180713
429 0.191408
430 0.17717
431 0.180094
432 0.17687
433 0.188012
434 0.195098
435 0.178782
436 0.168113
437 0.186073
438 0.179143
439 0.183641
440 0.171114
441 0.164083
442 0.168847
443 0.173652
444 0.184228
445 0.167074
446 0.179653
447 0.182677
448 0.175375
449 0.168947
450 0.181615
451 0.187869
452 0.186447
453 0.170524
454 0.163922
455 0.189676
456 0.188341
457 0.170478
458 0.182742
459 0.174294
460 0.184846
461 0.169921
462 0.162261
463 0.183846
464 0.181667
465 0.174378
466 0.181136
467 0.167739
468 0.182803
469 0.174695
470 0.169757
471 0.173164
472 0.171644
473 0.195328
474 0.169531
475 0.178972
476 0.183098
477 0.191544
478 0.191023
479 0.175471
480 0.164773
481 0.188234
482 0.175305
483 0.171806
484 0.164428
485 0.162348
486 0.19023
487 0.17261
488 0.175407
489 0.164492
490 0.188399
491 0.187219
492 0.181034
493 0.167884
494 0.188082
495 0.174056
496 0.18095
497 0.180904
498 0.173987
499 0.188167
500 0.195956
501 0.172536
502 0.186948
503 0.165678
504 0.175062
505 0.169584
506 0.163347
507 0.190799
508 0.170511
509 0.160767
510 0.164964
511 0.179914
512 0.194377
513 0.171398
514 0.173469
515 0.180772
516 0.169776
517 0.174261
518 0.174276
519 0.182733
520 0.181806
521 0.185116
522 0.174382
523 0.183239
524 0.176381
525 0.166009
526 0.175161
527 0.177048
528 0.173571
529 0.163806
530 0.187259
531 0.181077
532 0.178052
533 0.162571
534 0.185598
535 0.198953
536 0.174507
537 0.162807
538 0.190208
539 0.188465
540 0.177413
541 0.175697
542 0.177722
543 0.162228
544 0.181411
545 0.190243
546 0.183024
547 0.175628
548 0.188255
549 0.195723
550 0.172718
551 0.163613
552 0.185758
553 0.175458
554 0.193955
555 0.181848
556 0.178782
557 0.177546
558 0.189167
559 0.184215
560 0.181564
561 0.167224
562 0.185416
563 0.181707
564 0.18533
565 0.191962
566 0.19315
567 0.193101
568 0.171616
569 0.159149
570 0.179448
571 0.197001
572 0.200081
573 0.170122
574 0.166293
575 0.167302
576 0.173215
577 0.17831
578 0.191437
579 0.189815
580 0.174345
581 0.166756
582 0.187474
583 0.199851
584 0.187033
585 0.177982
586 0.178252
587 0.194251
588 0.177938
589 0.167224
590 0.163018
591 0.177876
592 0.186939
593 0.175661
594 0.165487
595 0.169986
596 0.192987
597 0.184884
598 0.17818
599 0.17747
600 0.165454
601 0.170547
602 0.165959
603 0.166307
604 0.181294
605 0.180309
606 0.190399
607 0.174931
608 0.177608
609 0.183501
610 0.185407
611 0.182063
612 0.178397
613 0.169903
614 0.186456
615 0.172799
616 0.173477
617 0.183853
618 0.174785
619 0.178214
620 0.176385
621 0.178802
622 0.184945
623 0.173623
624 0.164214
625 0.175704
626 0.180439
627 0.172835
628 0.178639
629 0.184383
630 0.16262
631 0.172364
632 0.163497
633 0.159846
634 0.166237
635 0.17686
636 0.17085
637 0.177636
638 0.17888
639 0.183089
640 0.177169
641 0.182864
642 0.179567
643 0.174529
644 0.169945
645 0.16769
646 0.171655
647 0.188527
648 0.171903
649 0.177948
650 0.171317
651 0.183455
652 0.182124
653 0.183781
654 0.178459
655 0.188541
656 0.171465
657 0.181472
658 0.170657
659 0.184991
660 0.182345
661 0.184527
662 0.189873
663 0.168086
664 0.182575
665 0.179934
666 0.186651
667 0.171782
668 0.189981
669 0.188551
670 0.191235
671 0.185507
672 0.172879
673 0.184782
674 0.18818
675 0.176801
676 0.187176
677 0.166419
678 0.167388
679 0.16559
680 0.168085
681 0.189465
682 0.170251
683 0.170326
684 0.185662
685 0.178399
686 0.186019
687 0.171831
688 0.167148
689 0.189319
690 0.179386
691 0.177624
692 0.168551
693 0.166906
694 0.165179
695 0.169839
696 0.187389
697 0.17925
698 0.177489
699 0.174621
700 0.178379
701 0.17922
702 0.188707
703 0.164381
704 0.1776
705 0.182138
706 0.176797
707 0.172983
708 0.163566
709 0.180076
710 0.167579
711 0.187087
712 0.183181
713 0.187529
714 0.176522
715 0.166502
716 0.180122
717 0.194814
718 0.18879
719 0.172608
720 0.173981
721 0.166804
722 0.168681
723 0.171988
724 0.167156
725 0.175616
726 0.188526
727 0.189413
728 0.172875
729 0.170665
730 0.185593
731 0.192046
732 0.184227
733 0.180241
734 0.192582
735 0.193298
736 0.192579
737 0.175524
738 0.182975
739 0.192217
740 0.186747
741 0.182701
742 0.18029
743 0.17818
744 0.193725
745 0.173462
746 0.188324
747 0.180552
748 0.174479
749 0.164478
750 0.178193
751 0.174614
752 0.170083
753 0.17348
754 0.177894
755 0.168292
756 0.18641
757 0.181125
758 0.17449
759 0.171017
760 0.177994
761 0.188513
762 0.171303
763 0.163841
764 0.167362
765 0.178608
766 0.184554
767 0.187809
768 0.167603
769 0.16777
770 0.181002
771 0.172797
772 0.180014
773 0.182668
774 0.190368
775 0.1881
776 0.178351
777 0.173299
778 0.176283
779 0.173603
780 0.179719
781 0.18445
782 0.181088
783 0.183415
784 0.169871
785 0.161813
786 0.17977
787 0.18826
788 0.17846
789 0.182955
790 0.18045
791 0.193125
792 0.18273
793 0.169032
794 0.162252
795 0.170316
796 0.182677
797 0.189016
798 0.166708
799 0.172753
800 0.186493
801 0.175216
802 0.174088
803 0.174298
804 0.177361
805 0.179303
806 0.174167
807 0.164613
808 0.193946
809 0.179142
810 0.187691
811 0.192331
812 0.178327
813 0.163083
814 0.1807
815 0.190098
816 0.193628
817 0.181219
818 0.17168
819 0.172539
820 0.184183
821 0.183682
822 0.188666
823 0.173447
824 0.168077
825 0.163219
826 0.166255
827 0.166451
828 0.170265
829 0.184145
830 0.18116
831 0.182656
832 0.186991
833 0.184218
834 0.197788
835 0.185366
836 0.186616
837 0.174313
838 0.166836
839 0.165912
840 0.160494
841 0.185797
842 0.199478
843 0.192784
844 0.173321
845 0.184852
846 0.16822
847 0.192024
848 0.169748
849 0.162823
850 0.16446
851 0.179
852 0.185448
853 0.181072
854 0.169937
855 0.186945
856 0.170021
857 0.166604
858 0.160788
859 0.17435
860 0.173272
861 0.182084
862 0.179558
863 0.18967
864 0.182114
865 0.176221
866 0.169263
867 0.16367
868 0.176662
869 0.184501
870 0.18883
871 0.193709
872 0.175589
873 0.176596
874 0.192501
875 0.187559
876 0.173602
877 0.170119
878 0.180953
879 0.171409
880 0.185529
881 0.173053
882 0.165265
883 0.177937
884 0.167401
885 0.175771
886 0.184002
887 0.180179
888 0.18556
889 0.193028
890 0.166912
891 0.182302
892 0.17432
893 0.190495
894 0.18621
895 0.183983
896 0.174598
897 0.169095
898 0.187992
899 0.197621
900 0.172183
901 0.177743
902 0.179822
903 0.172581
904 0.163106
905 0.161027
906 0.168932
907 0.168898
908 0.160299
909 0.17926
910 0.164429
911 0.181338
912 0.161935
913 0.185854
914 0.171835
915 0.167567
916 0.173959
917 0.190899
918 0.183293
919 0.167791
920 0.168886
921 0.177035
922 0.177241
923 0.167705
924 0.162378
925 0.161553
926 0.183439
927 0.189058
928 0.179648
929 0.181865
930 0.174893
931 0.18442
932 0.189229
933 0.186601
934 0.191124
935 0.172852
936 0.181193
937 0.168061
938 0.185079
939 0.193462
940 0.188591
941 0.189328
942 0.172735
943 0.189848
944 0.176155
945 0.191756
946 0.199158
947 0.17909
948 0.169033
949 0.181485
950 0.184086
951 0.184442
952 0.161992
953 0.177892
954 0.164597
955 0.172312
956 0.160838
957 0.180023
958 0.185678
959 0.182608
960 0.174288
961 0.181125
962 0.182418
963 0.177029
964 0.169439
965 0.188361
966 0.183683
967 0.173262
968 0.169812
969 0.161822
970 0.162315
971 0.189903
972 0.201186
973 0.169532
974 0.166965
975 0.169444
976 0.178134
977 0.191635
978 0.193107
979 0.179381
980 0.176032
981 0.170477
982 0.16686
983 0.170253
984 0.192345
985 0.190327
986 0.191671
987 0.187515
988 0.183543
989 0.172195
990 0.170121
991 0.192126
992 0.193245
993 0.191875
994 0.171392
995 0.161088
996 0.181583
997 0.175173
998 0.193738
999 0.18276
1000 0.172998
1001 0.166129
1002 0.179825
1003 0.190591
1004 0.19362
1005 0.186738
1006 0.178554
1007 0.163449
1008 0.185449
1009 0.183471
1010 0.190779
1011 0.193932
1012 0.174992
1013 0.178248
1014 0.16646
1015 0.167985
1016 0.172686
1017 0.167951
1018 0.171967
1019 0.175697
1020 0.184218
1021 0.183352
1022 0.161881
1023 0.172172
1024 0.182445
1025 0.191197
1026 0.190398
1027 0.180974
1028 0.165507
1029 0.178639
1030 0.177591
1031 0.181728
1032 0.183643
1033 0.188019
1034 0.190018
1035 0.187325
1036 0.171636
1037 0.190415
1038 0.18385
1039 0.180313
1040 0.173222
1041 0.187658
1042 0.169267
1043 0.186364
1044 0.178168
1045 0.16879
1046 0.161509
1047 0.168254
1048 0.167364
1049 0.183339
1050 0.185909
1051 0.168096
1052 0.157827
1053 0.162536
1054 0.17542
1055 0.172742
1056 0.181229
1057 0.183945
1058 0.172373
1059 0.173031
1060 0.174311
1061 0.17573
1062 0.171411
1063 0.178563
1064 0.178737
1065 0.193392
1066 0.186897
1067 0.17277
1068 0.1783
1069 0.180555
1070 0.172585
1071 0.179339
1072 0.183394
1073 0.183755
1074 0.174028
1075 0.168844
1076 0.165308
1077 0.185479
1078 0.169628
1079 0.175639
1080 0.166835
1081 0.166304
1082 0.161254
1083 0.182007
1084 0.165101
1085 0.180889
1086 0.175261
1087 0.178328
1088 0.187624
1089 0.189002
1090 0.165247
1091 0.179051
1092 0.168417
1093 0.182276
1094 0.180333
1095 0.170476
1096 0.180092
1097 0.179077
1098 0.169828
1099 0.167963
1100 0.164474
1101 0.167765
1102 0.163739
1103 0.162928
1104 0.174575
1105 0.186377
1106 0.186692
1107 0.169149
1108 0.1703
1109 0.175392
1110 0.183014
1111 0.188932
1112 0.191649
1113 0.16165
1114 0.184245
1115 0.190577
1116 0.18673
1117 0.167636
1118 0.179604
1119 0.187161
1120 0.18089
1121 0.190043
1122 0.181921
1123 0.188322
1124 0.189423
1125 0.195448
1126 0.195604
1127 0.176121
1128 0.193197
1129 0.17759
1130 0.187609
1131 0.173587
1132 0.185664
1133 0.187458
1134 0.167978
1135 0.15927
1136 0.157807
1137 0.177581
1138 0.164038
1139 0.175539
1140 0.181962
1141 0.191522
1142 0.177309
1143 0.17204
1144 0.17728
1145 0.185808
1146 0.197667
1147 0.17507
1148 0.183533
1149 0.172039
1150 0.164075
1151 0.180308
1152 0.198087
1153 0.19332
1154 0.193971
1155 0.183215
1156 0.191989
1157 0.198976
1158 0.18106
1159 0.176703
1160 0.1632
1161 0.170418
1162 0.16766
1163 0.161991
1164 0.17601
1165 0.169906
1166 0.173639
1167 0.183522
1168 0.18743
1169 0.175626
1170 0.178849
1171 0.172499
1172 0.16785
1173 0.186785
1174 0.193842
1175 0.186888
1176 0.173077
1177 0.186632
1178 0.197981
1179 0.190005
1180 0.185359
1181 0.171621
1182 0.179411
1183 0.179352
1184 0.169575
1185 0.179232
1186 0.173615
1187 0.189319
1188 0.182747
1189 0.188518
1190 0.182971
1191 0.180075
1192 0.184449
1193 0.179818
1194 0.169816
1195 0.184841
1196 0.198002
1197 0.174702
1198 0.182422
1199 0.17152
1200 0.185155
1201 0.184083
1202 0.175896
1203 0.174001
1204 0.167276
1205 0.163561
1206 0.180046
1207 0.173956
1208 0.190725
1209 0.184001
1210 0.171454
1211 0.170259
1212 0.186325
1213 0.200858
1214 0.170634
1215 0.172205
1216 0.180478
1217 0.177592
1218 0.166575
1219 0.163111
1220 0.170951
1221 0.179914
1222 0.183456
1223 0.175552
1224 0.165254
1225 0.16223
1226 0.179663
1227 0.16877
1228 0.167961
1229 0.167698
1230 0.17452
1231 0.187803
1232 0.179037
1233 0.181864
1234 0.183216
1235 0.165088
1236 0.178092
1237 0.170889
1238 0.169375
1239 0.178503
1240 0.178974
1241 0.175326
1242 0.167145
1243 0.171946
1244 0.190154
1245 0.190519
1246 0.179299
1247 0.178335
1248 0.185066
1249 0.182279
1250 0.193564
1251 0.179734
1252 0.185841
1253 0.173421
1254 0.183431
1255 0.174876
1256 0.18536
1257 0.178754
1258 0.178827
1259 0.174582
1260 0.166786
1261 0.165636
1262 0.182203
1263 0.166232
1264 0.175621
1265 0.172141
1266 0.18302
1267 0.185885
1268 0.173544
1269 0.169355
1270 0.171644
1271 0.165547
1272 0.18258
1273 0.179335
1274 0.1669
1275 0.185215
1276 0.163716
1277 0.182491
1278 0.189721
1279 0.186332
1280 0.181124
1281 0.190297
1282 0.187848
1283 0.180743
1284 0.173668
1285 0.171666
1286 0.173559
1287 0.171111
1288 0.18335
1289 0.180362
1290 0.170978
1291 0.164866
1292 0.180849
1293 0.175655
1294 0.187584
1295 0.167796
1296 0.179881
1297 0.173099
1298 0.185889
1299 0.190912
1300 0.175284
1301 0.182329
1302 0.170628
1303 0.172457
1304 0.16267
1305 0.170064
1306 0.182545
1307 0.178203
1308 0.190613
1309 0.182075
1310 0.175863
1311 0.163218
1312 0.180762
1313 0.173916
1314 0.165762
1315 0.171476
1316 0.187928
1317 0.186973
1318 0.171986
1319 0.170096
1320 0.171121
1321 0.187706
1322 0.193785
1323 0.189112
1324 0.174155
1325 0.165426
1326 0.169119
1327 0.175237
1328 0.180312
1329 0.185564
1330 0.181033
1331 0.184127
1332 0.195429
1333 0.183922
1334 0.178569
1335 0.189767
1336 0.196168
1337 0.169638
1338 0.168888
1339 0.173837
1340 0.183353
1341 0.191643
1342 0.175339
1343 0.164087
1344 0.177786
1345 0.179977
1346 0.183557
1347 0.171363
1348 0.175132
1349 0.184731
1350 0.171221
1351 0.180766
1352 0.176117
1353 0.17802
1354 0.19143
1355 0.176624
1356 0.187304
1357 0.191573
1358 0.187109
1359 0.178471
1360 0.174274
1361 0.180411
1362 0.184783
1363 0.174378
1364 0.178472
1365 0.169387
1366 0.174276
1367 0.173847
1368 0.16508
1369 0.190418
1370 0.17259
1371 0.189137
1372 0.177151
1373 0.192517
1374 0.181178
1375 0.180852
1376 0.170103
1377 0.164053
1378 0.162067
1379 0.175754
1380 0.177737
1381 0.17198
1382 0.185191
1383 0.16932
1384 0.169309
1385 0.182435
1386 0.192927
1387 0.17951
1388 0.181922
1389 0.166895
1390 0.177319
1391 0.174543
1392 0.186616
1393 0.188081
1394 0.171083
1395 0.162829
1396 0.170771
1397 0.186219
1398 0.183954
1399 0.185143
1400 0.165506
1401 0.178901
1402 0.167299
1403 0.168433
1404 0.165295
1405 0.169604
1406 0.164445
1407 0.171477
1408 0.186388
1409 0.193071
1410 0.185703
1411 0.189675
1412 0.169052
1413 0.184928
1414 0.172932
1415 0.184564
1416 0.189318
1417 0.179517
1418 0.184644
1419 0.171584
1420 0.16779
1421 0.189341
1422 0.192316
1423 0.175826
1424 0.160896
1425 0.170429
1426 0.193511
1427 0.183128
1428 0.174641
1429 0.187441
1430 0.17441
1431 0.168614
1432 0.16382
1433 0.175762
1434 0.187835
1435 0.183583
1436 0.189218
1437 0.182213
1438 0.18013
1439 0.167079
1440 0.170891
1441 0.174997
1442 0.187483
1443 0.185462
1444 0.17277
1445 0.166045
1446 0.186354
1447 0.19555
1448 0.175189
1449 0.171609
1450 0.167933
1451 0.185696
1452 0.193363
1453 0.184757
1454 0.180074
1455 0.164295
1456 0.166164
1457 0.175008
1458 0.169623
1459 0.175653
1460 0.185524
1461 0.186374
1462 0.183495
1463 0.186348
1464 0.17998
1465 0.178777
1466 0.163768
1467 0.183311
1468 0.197029
1469 0.173026
1470 0.163608
1471 0.174566
1472 0.172113
1473 0.193039
1474 0.169577
1475 0.167119
1476 0.169265
1477 0.17921
1478 0.190405
1479 0.191946
1480 0.172533
1481 0.182929
1482 0.170759
1483 0.172743
1484 0.182615
1485 0.171959
1486 0.187881
1487 0.169909
1488 0.181862
1489 0.165491
1490 0.164913
1491 0.170821
1492 0.174663
1493 0.170873
1494 0.175612
1495 0.168611
1496 0.182916
1497 0.191958
1498 0.169061
1499 0.166675
1500 0.164432
1501 0.185069
1502 0.176989
1503 0.17023
1504 0.171229
1505 0.183447
1506 0.183381
1507 0.189678
1508 0.194403
1509 0.17706
1510 0.18681
1511 0.188007
1512 0.191576
1513 0.18506
1514 0.182991
1515 0.178833
1516 0.173881
1517 0.182941
1518 0.191252
1519 0.178055
1520 0.163547
1521 0.182176
1522 0.175505
1523 0.170292
1524 0.185071
1525 0.16859
1526 0.17473
1527 0.183881
1528 0.174455
1529 0.174557
1530 0.174888
1531 0.178283
1532 0.17201
1533 0.178054
1534 0.180983
1535 0.177159
1536 0.173173
1537 0.189163
1538 0.192101
1539 0.172266
1540 0.176161
1541 0.185934
1542 0.168158
1543 0.170855
1544 0.186399
1545 0.174534
1546 0.17613
1547 0.188354
1548 0.177485
1549 0.175214
1550 0.179927
1551 0.181128
1552 0.165909
1553 0.164022
1554 0.186184
1555 0.170943
1556 0.168235
1557 0.167353
1558 0.176928
1559 0.192031
1560 0.177453
1561 0.166786
1562 0.161729
1563 0.174184
1564 0.174864
1565 0.169931
1566 0.181364
1567 0.18813
1568 0.171401
1569 0.162059
1570 0.184771
1571 0.174266
1572 0.182369
1573 0.188048
1574 0.190322
1575 0.186162
1576 0.179212
1577 0.185564
1578 0.181448
1579 0.185238
1580 0.182673
1581 0.169774
1582 0.177696
1583 0.177255
1584 0.190764
1585 0.178878
1586 0.192913
1587 0.181413
1588 0.178333
1589 0.180078
1590 0.187744
1591 0.17525
1592 0.170282
1593 0.184432
1594 0.172943
1595 0.186798
1596 0.174616
1597 0.191857
1598 0.174997
1599 0.165527
1600 0.176359
1601 0.162516
1602 0.182937
1603 0.165472
1604 0.169033
1605 0.16656
1606 0.167108
1607 0.169197
1608 0.172082
1609 0.178437
1610 0.171279
1611 0.168591
1612 0.18894
1613 0.188197
1614 0.177589
1615 0.185323
1616 0.179289
1617 0.178749
1618 0.169267
1619 0.179101
1620 0.167049
1621 0.160659
1622 0.169746
1623 0.173809
1624 0.191078
1625 0.176573
1626 0.178194
1627 0.191551
1628 0.170738
1629 0.176446
1630 0.189924
1631 0.193198
1632 0.187699
1633 0.185882
1634 0.169801
1635 0.164691
1636 0.167956
1637 0.169208
1638 0.16813
1639 0.179266
1640 0.175702
1641 0.178242
1642 0.190982
1643 0.196855
1644 0.186728
1645 0.174925
1646 0.1761
1647 0.183804
1648 0.176512
1649 0.171915
1650 0.185257
1651 0.189592
1652 0.183563
1653 0.187102
1654 0.191826
1655 0.174218
1656 0.181032
1657 0.192032
1658 0.191461
1659 0.184465
1660 0.170797
1661 0.178894
1662 0.172581
1663 0.19377
1664 0.180429
1665 0.176088
1666 0.168771
1667 0.179456
1668 0.187833
1669 0.176803
1670 0.181468
1671 0.175076
1672 0.182395
1673 0.175484
1674 0.180662
1675 0.191498
1676 0.177655
1677 0.167051
1678 0.161184
1679 0.181289
1680 0.185018
1681 0.165233
1682 0.16372
1683 0.170262
1684 0.185966
1685 0.186087
1686 0.184079
1687 0.183469
1688 0.181536
1689 0.183762
1690 0.185418
1691 0.174902
1692 0.176911
1693 0.186153
1694 0.18318
1695 0.188447
1696 0.191032
1697 0.174683
1698 0.180266
1699 0.186762
1700 0.170698
1701 0.176999
1702 0.186203
1703 0.182965
1704 0.17926
1705 0.166868
1706 0.164538
1707 0.191337
1708 0.174819
1709 0.182746
1710 0.188124
1711 0.170476
1712 0.176615
1713 0.189876
1714 0.181759
1715 0.184155
1716 0.186124
1717 0.193373
1718 0.171035
1719 0.18845
1720 0.178538
1721 0.165716
1722 0.162042
1723 0.174775
1724 0.191231
1725 0.190093
1726 0.173172
1727 0.18199
1728 0.183763
1729 0.175717
1730 0.174637
1731 0.189545
1732 0.18192
1733 0.179832
1734 0.17109
1735 0.187817
1736 0.190371
1737 0.18046
1738 0.188879
1739 0.186414
1740 0.171667
1741 0.164908
1742 0.175399
1743 0.180939
1744 0.16369
1745 0.186573
1746 0.178981
1747 0.191784
1748 0.186936
1749 0.174766
1750 0.172117
1751 0.174719
1752 0.172894
1753 0.186172
1754 0.188366
1755 0.185245
1756 0.169063
1757 0.15842
1758 0.188969
1759 0.182537
1760 0.170057
1761 0.172998
1762 0.169423
1763 0.165466
1764 0.176388
1765 0.17294
1766 0.166934
1767 0.186302
1768 0.171946
1769 0.191064
1770 0.174623
1771 0.187061
1772 0.169028
1773 0.179325
1774 0.168386
1775 0.162399
1776 0.177087
1777 0.185199
1778 0.16426
1779 0.169505
1780 0.187613
1781 0.177823
1782 0.164168
1783 0.175822
1784 0.185686
1785 0.182929
1786 0.186559
1787 0.192437
1788 0.192886
1789 0.181376
1790 0.167193
1791 0.181945
1792 0.178212
1793 0.171028
1794 0.176942
1795 0.174641
1796 0.16821
1797 0.183225
1798 0.182745
1799 0.184388
1800 0.177263
1801 0.172539
1802 0.176911
1803 0.164454
1804 0.16807
1805 0.167759
1806 0.180758
1807 0.170364
1808 0.17147
1809 0.189014
1810 0.186076
1811 0.184926
1812 0.17145
1813 0.176489
1814 0.186118
1815 0.188609
1816 0.172992
1817 0.182749
1818 0.194474
1819 0.186106
1820 0.177162
1821 0.177727
1822 0.176972
1823 0.175263
1824 0.172149
1825 0.182395
1826 0.192881
1827 0.193221
1828 0.175748
1829 0.162738
1830 0.184828
1831 0.189872
1832 0.169677
1833 0.181784
1834 0.184735
1835 0.168828
1836 0.1667
1837 0.171987
1838 0.17871
1839 0.186807
1840 0.170118
1841 0.164772
1842 0.159288
1843 0.165798
1844 0.179266
1845 0.163888
1846 0.172564
1847 0.163651
1848 0.168333
1849 0.181945
1850 0.188401
1851 0.163285
1852 0.168291
1853 0.181766
1854 0.192889
1855 0.174939
1856 0.173816
1857 0.176334
1858 0.180929
1859 0.18588
1860 0.180234
1861 0.183002
1862 0.193008
1863 0.17524
1864 0.164055
1865 0.17402
1866 0.166638
1867 0.17745
1868 0.187572
1869 0.175181
1870 0.170357
1871 0.170302
1872 0.171723
1873 0.171541
1874 0.166287
1875 0.180995
1876 0.171658
1877 0.169536
1878 0.163212
1879 0.161652
1880 0.161813
1881 0.182202
1882 0.194919
1883 0.175858
1884 0.189848
1885 0.171154
1886 0.179737
1887 0.181287
1888 0.179108
1889 0.193732
1890 0.177931
1891 0.177951
1892 0.180844
1893 0.180242
1894 0.172079
1895 0.174572
1896 0.187801
1897 0.174193
1898 0.185513
1899 0.168107
1900 0.174775
1901 0.17992
1902 0.192469
1903 0.180006
1904 0.176176
1905 0.176112
1906 0.174579
1907 0.191764
1908 0.194256
1909 0.178337
1910 0.167089
1911 0.180445
1912 0.174429
1913 0.167374
1914 0.176565
1915 0.181718
1916 0.187923
1917 0.168134
1918 0.169089
1919 0.163827
1920 0.179576
1921 0.171271
1922 0.182114
1923 0.17991
1924 0.186825
1925 0.181013
1926 0.182889
1927 0.177157
1928 0.16835
1929 0.184662
1930 0.198512
1931 0.180182
1932 0.186259
1933 0.186414
1934 0.170354
1935 0.183834
1936 0.169972
1937 0.176232
1938 0.186203
1939 0.17998
1940 0.189324
1941 0.17526
1942 0.165817
1943 0.179012
1944 0.188109
1945 0.186986
1946 0.185477
1947 0.163763
1948 0.167551
1949 0.165664
1950 0.168314
1951 0.172727
1952 0.173487
1953 0.186785
1954 0.163981
1955 0.176482
1956 0.171944
1957 0.170786
1958 0.188298
1959 0.175462
1960 0.17433
1961 0.169575
1962 0.180086
1963 0.186016
1964 0.172014
1965 0.186453
1966 0.173533
1967 0.172634
1968 0.161993
1969 0.167273
1970 0.177262
1971 0.188931
1972 0.192407
1973 0.191885
1974 0.182125
1975 0.191498
1976 0.193112
1977 0.189663
1978 0.191742
1979 0.170591
1980 0.192586
1981 0.17387
1982 0.189945
1983 0.178177
1984 0.16791
1985 0.170799
1986 0.168981
1987 0.178166
1988 0.164079
1989 0.184014
1990 0.194845
1991 0.171889
1992 0.17756
1993 0.165447
1994 0.181661
1995 0.165936
1996 0.17271
1997 0.183589
1998 0.200771
1999 0.168333
2000 0.173356
2001 0.183574
2002 0.19149
2003 0.167846
2004 0.185886
2005 0.187828
2006 0.191623
2007 0.166286
2008 0.164689
2009 0.172375
2010 0.185812
2011 0.190159
2012 0.185057
2013 0.169333
2014 0.16344
2015 0.182007
2016 0.187586
2017 0.18954
2018 0.18015
2019 0.168132
2020 0.170754
2021 0.160787
2022 0.1703
2023 0.177946
2024 0.176753
2025 0.189345
2026 0.19737
2027 0.183248
2028 0.183491
2029 0.188849
2030 0.168016
2031 0.164685
2032 0.176749
2033 0.185671
2034 0.196512
2035 0.170395
2036 0.176437
2037 0.180543
2038 0.168754
2039 0.163529
2040 0.159039
2041 0.182255
2042 0.173511
2043 0.157056
2044 0.178239
2045 0.179307
2046 0.173196
2047 0.181419
2048 0.186869
2049 0.172816
2050 0.174928
2051 0.191743
2052 0.197643
2053 0.175964
2054 0.168913
2055 0.171338
2056 0.16746
2057 0.179267
2058 0.186902
2059 0.17105
2060 0.189019
2061 0.177019
2062 0.185256
2063 0.186857
2064 0.19356
2065 0.173334
2066 0.169644
2067 0.178967
2068 0.192203
2069 0.179635
2070 0.167973
2071 0.163497
2072 0.169805
2073 0.162959
2074 0.160003
2075 0.165856
2076 0.165862
2077 0.16419
2078 0.178188
2079 0.186664
2080 0.173844
2081 0.172398
2082 0.163053
2083 0.176528
2084 0.187948
2085 0.17807
2086 0.169521
2087 0.183373
2088 0.184836
2089 0.177001
2090 0.177897
2091 0.168515
2092 0.161887
2093 0.182319
2094 0.179879
2095 0.164275
2096 0.179898
2097 0.188243
2098 0.178098
2099 0
