0 -100.915
1 -43.9308
2 0.0421055
3 -1.20735
4 2.09929
5 3.89906
6 4.64176
7 4.38751
8 4.29816
9 4.29501
10 4.09945
11 4.33836
12 4.25989
13 4.01706
14 4.22781
15 4.16926
16 4.81648
17 4.82762
18 4.18835
19 4.17622
20 4.74353
21 4.56347
22 4.85198
23 4.96773
24 4.68306
25 4.71099
26 4.08335
27 3.95579
28 4.58193
29 4.88566
30 4.03599
31 4.80102
32 4.31407
33 4.82316
34 4.08643
35 4.36232
36 4.50748
37 4.57289
38 4.13397
39 3.74047
40 4.24183
41 4.03454
42 4.12485
43 3.64234
44 2.58802
45 2.80338
46 1.03308
47 1.47001
48 1.98708
49 1.13203
50 0.979204
51 -0.395713
52 0.0531531
53 0.00447655
54 0.102779
55 0.076094
56 -0.12378
57 -0.0519058
58 -0.00208127
59 0.0853452
60 0.104246
61 0.173453
62 0.186378
63 0.172611
64 0.182902
65 0.169402
66 0.157459
67 0.173856
68 0.158584
69 0.165829
70 0.165903
71 0.174635
72 0.183667
73 0.175609
74 0.176781
75 0.198978
76 0.194321
77 0.191093
78 0.174757
79 0.186978
80 0.179697
81 0.17709
82 0.165366
83 0.173759
84 0.154462
85 0.17643
86 0.166769
87 0.163318
88 0.160742
89 0.191221
90 0.180408
91 0.156557
92 0.183851
93 0.209171
94 0.212407
95 0.16763
96 0.157593
97 0.205201
98 0.181788
99 0.156492
100 0.156105
101 0.177708
102 0.182175
103 0.182288
104 0.160291
105 0.179202
106 0.201896
107 0.19453
108 0.178506
109 0.20553
110 0.206403
111 0.197492
112 0.182594
113 0.188993
114 0.190981
115 0.187926
116 0.155067
117 0.153856
118 0.167414
119 0.173207
120 0.164631
121 0.161077
122 0.164715
123 0.169021
124 0.186012
125 0.181307
126 0.158409
127 0.148107
128 0.179452
129 0.177868
130 0.163778
131 0.160938
132 0.188632
133 0.184892
134 0.188842
135 0.182325
136 0.188394
137 0.177224
138 0.166686
139 0.169275
140 0.167616
141 0.170333
142 0.156295
143 0.158622
144 0.172397
145 0.195303
146 0.16742
147 0.16535
148 0.183781
149 0.202964
150 0.176915
151 0.192807
152 0.197355
153 0.21253
154 0.186507
155 0.165337
156 0.193488
157 0.173736
158 0.163331
159 0.163722
160 0.180028
161 0.149669
162 0.172299
163 0.184151
164 0.173396
165 0.155051
166 0.193969
167 0.18178
168 0.170894
169 0.163725
170 0.173022
171 0.176458
172 0.170223
173 0.168822
174 0.166462
175 0.177335
176 0.172655
177 0.15707
178 0.18567
179 0.156215
180 0.170996
181 0.167287
182 0.194028
183 0.169089
184 0.164446
185 0.170111
186 0.174695
187 0.170345
188 0.162842
189 0.152296
190 0.155664
191 0.175024
192 0.179078
193 0.152157
194 0.180898
195 0.176106
196 0.180913
197 0.154856
198 0.171767
199 0.153536
200 0.171281
201 0.163616
202 0.169283
203 0.155108
204 0.171123
205 0.169845
206 0.169212
207 0.169705
208 0.180422
209 0.167667
210 0.160037
211 0.171314
212 0.183816
213 0.168638
214 0.174584
215 0.161154
216 0.171169
217 0.177584
218 0.194595
219 0.179352
220 0.173301
221 0.171951
222 0.178013
223 0.187713
224 0.167344
225 0.174334
226 0.184678
227 0.180155
228 0.165894
229 0.172185
230 0.178505
231 0.180971
232 0.180501
233 0.169665
234 0.179844
235 0.18063
236 0.185655
237 0.161271
238 0.188461
239 0.173655
240 0.169078
241 0.166159
242 0.16723
243 0.169124
244 0.156549
245 0.176445
246 0.160788
247 0.162906
248 0.164528
249 0.179167
250 0.176295
251 0.172355
252 0.168204
253 0.165784
254 0.204763
255 0.213812
256 0.190975
257 0.17663
258 0.173139
259 0.182569
260 0.215351
261 0.20844
262 0.176265
263 0.166409
264 0.19315
265 0.211703
266 0.194504
267 0.174427
268 0.201726
269 0.218565
270 0.199879
271 0.187826
272 0.167207
273 0.178484
274 0.182748
275 0.182335
276 0.169034
277 0.18339
278 0.169859
279 0.196113
280 0.180756
281 0.181999
282 0.184534
283 0.172068
284 0.158518
285 0.150573
286 0.188251
287 0.155847
288 0.161923
289 0.153436
290 0.177865
291 0.160181
292 0.190098
293 0.175171
294 0.18874
295 0.174907
296 0.188217
297 0.171893
298 0.171655
299 0.158353
300 0.180855
301 0.1829
302 0.170191
303 0.159754
304 0.167252
305 0.202238
306 0.173083
307 0.177567
308 0.178154
309 0.181757
310 0.176122
311 0.195907
312 0.195179
313 0.170079
314 0.180689
315 0.183048
316 0.179917
317 0.175398
318 0.179812
319 0.179273
320 0.186524
321 0.194934
322 0.194073
323 0.209547
324 0.204473
325 0.180295
326 0.193679
327 0.215647
328 0.198262
329 0.187075
330 0.20691
331 0.203206
332 0.201649
333 0.227027
334 0.198151
335 0.195548
336 0.172939
337 0.185622
338 0.162616
339 0.190667
340 0.156646
341 0.172441
342 0.179382
343 0.179364
344 0.170598
345 0.180688
346 0.180204
347 0.165986
348 0.161256
349 0.182496
350 0.171961
351 0.165211
352 0.155838
353 0.1775
354 0.169835
355 0.162659
356 0.17636
357 0.167154
358 0.160604
359 0.167155
360 0.167216
361 0.155898
362 0.175956
363 0.177945
364 0.17113
365 0.164498
366 0.184548
367 0.177007
368 0.196532
369 0.181895
370 0.179906
371 0.172916
372 0.168121
373 0.165454
374 0.157107
375 0.159256
376 0.154136
377 0.167759
378 0.165598
379 0.158698
380 0.160606
381 0.169407
382 0.164579
383 0.15837
384 0.163757
385 0.166671
386 0.153979
387 0.155559
388 0.155334
389 0.180293
390 0.169475
391 0.168799
392 0.191243
393 0.19948
394 0.175957
395 0.179114
396 0.176517
397 0.187977
398 0.16997
399 0.166621
400 0.158397
401 0.178703
402 0.177517
403 0.194306
404 0.18276
405 0.193954
406 0.202875
407 0.21797
408 0.19343
409 0.20213
410 0.2162
411 0.22696
412 0.197697
413 0.189928
414 0.176568
415 0.212905
416 0.211566
417 0.188237
418 0.162385
419 0.185329
420 0.19429
421 0.187294
422 0.158959
423 0.183863
424 0.181435
425 0.178907
426 0.151972
427 0.17274
428 0.164977
429 0.177358
430 0.160295
431 0.171811
432 0.169945
433 0.185296
434 0.16919
435 0.188006
436 0.177739
437 0.180254
438 0.169497
439 0.175442
440 0.176638
441 0.173237
442 0.185968
443 0.167301
444 0.163743
445 0.161251
446 0.162954
447 0.161006
448 0.156976
449 0.148538
450 0.151865
451 0.16895
452 0.176852
453 0.155769
454 0.154368
455 0.185862
456 0.168239
457 0.162856
458 0.18536
459 0.185734
460 0.173298
461 0.173484
462 0.168143
463 0.171839
464 0.189482
465 0.185709
466 0.161919
467 0.168301
468 0.201538
469 0.187473
470 0.192747
471 0.183239
472 0.174813
473 0.17344
474 0.169468
475 0.198169
476 0.164314
477 0.16746
478 0.154441
479 0.192176
480 0.17664
481 0.176065
482 0.17505
483 0.178467
484 0.175321
485 0.20275
486 0.191813
487 0.17354
488 0.173585
489 0.185833
490 0.195001
491 0.188419
492 0.199601
493 0.175846
494 0.176313
495 0.212492
496 0.213595
497 0.185226
498 0.157912
499 0.187638
500 0.164968
501 0.176345
502 0.158199
503 0.182322
504 0.159533
505 0.17445
506 0.161585
507 0.195476
508 0.169491
509 0.17689
510 0.153112
511 0.180688
512 0.162408
513 0.178044
514 0.162602
515 0.173745
516 0.175045
517 0.19607
518 0.188309
519 0.187342
520 0.188528
521 0.180396
522 0.174781
523 0.164328
524 0.182245
525 0.182973
526 0.180633
527 0.151867
528 0.175334
529 0.17563
530 0.183749
531 0.161451
532 0.15829
533 0.166788
534 0.171427
535 0.166522
536 0.158631
537 0.187548
538 0.170075
539 0.174618
540 0.165684
541 0.199847
542 0.16901
543 0.1752
544 0.169406
545 0.167726
546 0.165421
547 0.15601
548 0.1817
549 0.175596
550 0.16651
551 0.157508
552 0.162861
553 0.20214
554 0.174601
555 0.155396
556 0.167588
557 0.178834
558 0.172515
559 0.156489
560 0.176674
561 0.161953
562 0.182758
563 0.176902
564 0.183613
565 0.181297
566 0.176508
567 0.206438
568 0.189719
569 0.198518
570 0.16986
571 0.166769
572 0.184881
573 0.203122
574 0.191662
575 0.169859
576 0.196048
577 0.198335
578 0.213419
579 0.172419
580 0.177389
581 0.190655
582 0.199655
583 0.173822
584 0.176174
585 0.176913
586 0.177691
587 0.180366
588 0.192176
589 0.192711
590 0.167291
591 0.166302
592 0.187042
593 0.186112
594 0.172502
595 0.159792
596 0.172168
597 0.159061
598 0.165891
599 0.163323
600 0.172296
601 0.167874
602 0.165084
603 0.1779
604 0.169662
605 0.161392
606 0.15803
607 0.178238
608 0.165005
609 0.159748
610 0.142681
611 0.172259
612 0.16255
613 0.188386
614 0.167147
615 0.157052
616 0.157676
617 0.186626
618 0.177928
619 0.15652
620 0.145177
621 0.179578
622 0.164861
623 0.161702
624 0.155221
625 0.18361
626 0.166434
627 0.167442
628 0.168167
629 0.177373
630 0.17101
631 0.164225
632 0.170625
633 0.178752
634 0.18239
635 0.17409
636 0.159335
637 0.175546
638 0.161324
639 0.15701
640 0.153492
641 0.16144
642 0.160402
643 0.15899
644 0.15669
645 0.159257
646 0.173946
647 0.166087
648 0.163313
649 0.157634
650 0.177476
651 0.161693
652 0.172517
653 0.163862
654 0.182217
655 0.162649
656 0.199446
657 0.201256
658 0.186115
659 0.158857
660 0.182421
661 0.199906
662 0.173603
663 0.148949
664 0.16401
665 0.182903
666 0.169307
667 0.157047
668 0.174333
669 0.175907
670 0.173744
671 0.169707
672 0.176049
673 0.163894
674 0.197917
675 0.176745
676 0.16456
677 0.191361
678 0.198888
679 0.183713
680 0.168533
681 0.192901
682 0.190135
683 0.168244
684 0.168117
685 0.186717
686 0.178679
687 0.17409
688 0.189705
689 0.194185
690 0.168701
691 0.192113
692 0.206768
693 0.197224
694 0.164694
695 0.184129
696 0.194816
697 0.184434
698 0.187361
699 0.183079
700 0.197493
701 0.182768
702 0.187112
703 0.164594
704 0.164252
705 0.186376
706 0.178211
707 0.159756
708 0.162962
709 0.180069
710 0.177478
711 0.160133
712 0.171076
713 0.174582
714 0.159397
715 0.154934
716 0.159004
717 0.159355
718 0.158409
719 0.163922
720 0.156582
721 0.150358
722 0.162582
723 0.189573
724 0.174034
725 0.169127
726 0.156535
727 0.162749
728 0.181388
729 0.176942
730 0.166881
731 0.156212
732 0.183968
733 0.179009
734 0.206053
735 0.161809
736 0.179104
737 0.185702
738 0.199994
739 0.162371
740 0.164642
741 0.185448
742 0.187457
743 0.16807
744 0.157471
745 0.159378
746 0.180375
747 0.172464
748 0.169494
749 0.15715
750 0.187132
751 0.193204
752 0.204193
753 0.179712
754 0.17299
755 0.200059
756 0.212695
757 0.183571
758 0.18067
759 0.202493
760 0.207183
761 0.184719
762 0.210189
763 0.220894
764 0.203909
765 0.170122
766 0.165345
767 0.176532
768 0.195933
769 0.18054
770 0.177539
771 0.177201
772 0.179674
773 0.20322
774 0.215182
775 0.171591
776 0.153907
777 0.194287
778 0.176682
779 0.159518
780 0.173198
781 0.188894
782 0.17164
783 0.157447
784 0.198961
785 0.207211
786 0.183185
787 0.177087
788 0.180084
789 0.204218
790 0.179164
791 0.18211
792 0.172314
793 0.182955
794 0.171311
795 0.157655
796 0.163093
797 0.178796
798 0.178581
799 0.172453
800 0.156621
801 0.166212
802 0.191372
803 0.209006
804 0.16928
805 0.179712
806 0.166843
807 0.167179
808 0.184187
809 0.181808
810 0.16139
811 0.161276
812 0.18176
813 0.16881
814 0.173115
815 0.161569
816 0.162708
817 0.165759
818 0.183523
819 0.172493
820 0.157617
821 0.179918
822 0.197459
823 0.205769
824 0.165877
825 0.191896
826 0.202854
827 0.181012
828 0.170652
829 0.171908
830 0.175472
831 0.176896
832 0.173538
833 0.15464
834 0.158926
835 0.170158
836 0.154305
837 0.161419
838 0.174984
839 0.162839
840 0.157716
841 0.166946
842 0.19333
843 0.181171
844 0.185886
845 0.15835
846 0.172064
847 0.188182
848 0.184384
849 0.169452
850 0.158934
851 0.177008
852 0.172327
853 0.183327
854 0.155855
855 0.183738
856 0.179164
857 0.18398
858 0.161159
859 0.193576
860 0.173553
861 0.178606
862 0.176659
863 0.179984
864 0.170577
865 0.18272
866 0.19405
867 0.176135
868 0.18026
869 0.204413
870 0.185829
871 0.16638
872 0.158099
873 0.194541
874 0.16898
875 0.163187
876 0.161762
877 0.192184
878 0.171555
879 0.169062
880 0.176353
881 0.2029
882 0.194676
883 0.172431
884 0.188139
885 0.1839
886 0.215672
887 0.172231
888 0.157555
889 0.148744
890 0.199361
891 0.164019
892 0.167005
893 0.154871
894 0.165417
895 0.163503
896 0.188345
897 0.176627
898 0.150946
899 0.165113
900 0.160247
901 0.174283
902 0.168429
903 0.159621
904 0.151947
905 0.193943
906 0.217009
907 0.180366
908 0.172187
909 0.207817
910 0.210135
911 0.177833
912 0.177335
913 0.177139
914 0.177485
915 0.190962
916 0.189957
917 0.169909
918 0.181131
919 0.184028
920 0.178583
921 0.158563
922 0.176554
923 0.200661
924 0.183003
925 0.160717
926 0.15325
927 0.195821
928 0.177865
929 0.16622
930 0.165306
931 0.178335
932 0.183102
933 0.173941
934 0.173403
935 0.177674
936 0.184789
937 0.169039
938 0.173193
939 0.161764
940 0.170738
941 0.191791
942 0.179574
943 0.167029
944 0.177961
945 0.189564
946 0.17693
947 0.201203
948 0.206134
949 0.206494
950 0.185789
951 0.187571
952 0.200278
953 0.215529
954 0.18194
955 0.154882
956 0.184545
957 0.180125
958 0.176486
959 0.171756
960 0.192904
961 0.161957
962 0.171068
963 0.185122
964 0.171843
965 0.168057
966 0.181438
967 0.174772
968 0.168986
969 0.180158
970 0.172807
971 0.155564
972 0.175369
973 0.183714
974 0.160027
975 0.167186
976 0.184379
977 0.180066
978 0.182061
979 0.187183
980 0.190037
981 0.191118
982 0.186766
983 0.16919
984 0.158843
985 0.198899
986 0.177673
987 0.16449
988 0.173341
989 0.201998
990 0.198648
991 0.173292
992 0.164699
993 0.211084
994 0.206735
995 0.172183
996 0.154667
997 0.197023
998 0.177662
999 0.171596
1000 0.179113
1001 0.179948
1002 0.168884
1003 0.17065
1004 0.163538
1005 0.157041
1006 0.152531
1007 0.169201
1008 0.158867
1009 0.158516
1010 0.160361
1011 0.180052
1012 0.167905
1013 0.188818
1014 0.194187
1015 0.185625
1016 0.186732
1017 0.18585
1018 0.188071
1019 0.179226
1020 0.176132
1021 0.162728
1022 0.183815
1023 0.193616
1024 0.187751
1025 0.17594
1026 0.163613
1027 0.195419
1028 0.178425
1029 0.170546
1030 0.15691
1031 0.187482
1032 0.168047
1033 0.163546
1034 0.180081
1035 0.193814
1036 0.188444
1037 0.19666
1038 0.197543
1039 0.180434
1040 0.163955
1041 0.183903
1042 0.179445
1043 0.177616
1044 0.15395
1045 0.19195
1046 0.187724
1047 0.191009
1048 0.156721
1049 0.185881
1050 0.181836
1051 0.161693
1052 0.16469
1053 0.158259
1054 0.157863
1055 0.151717
1056 0.182085
1057 0.172618
1058 0.173857
1059 0.164857
1060 0.180367
1061 0.193139
1062 0.203304
1063 0.187251
1064 0.185135
1065 0.194027
1066 0.187039
1067 0.200316
1068 0.20391
1069 0.183842
1070 0.185767
1071 0.18501
1072 0.180764
1073 0.154578
1074 0.178206
1075 0.169574
1076 0.155911
1077 0.168088
1078 0.179942
1079 0.174393
1080 0.16295
1081 0.173135
1082 0.181261
1083 0.164187
1084 0.177541
1085 0.171954
1086 0.17693
1087 0.171993
1088 0.197234
1089 0.201164
1090 0.199853
1091 0.19227
1092 0.17601
1093 0.196903
1094 0.198605
1095 0.180303
1096 0.158008
1097 0.195582
1098 0.197999
1099 0.171816
1100 0.163903
1101 0.173753
1102 0.181152
1103 0.163556
1104 0.15755
1105 0.15476
1106 0.171392
1107 0.173582
1108 0.162037
1109 0.169547
1110 0.18438
1111 0.180383
1112 0.173027
1113 0.192005
1114 0.183653
1115 0.162813
1116 0.158754
1117 0.157045
1118 0.154723
1119 0.176785
1120 0.158703
1121 0.156585
1122 0.150949
1123 0.18366
1124 0.168357
1125 0.167783
1126 0.168185
1127 0.190389
1128 0.199915
1129 0.156962
1130 0.19024
1131 0.207009
1132 0.183406
1133 0.178919
1134 0.16885
1135 0.170552
1136 0.183609
1137 0.2036
1138 0.172769
1139 0.152811
1140 0.176479
1141 0.205969
1142 0.18911
1143 0.178041
1144 0.161421
1145 0.183799
1146 0.168036
1147 0.194083
1148 0.166296
1149 0.157427
1150 0.159617
1151 0.167724
1152 0.16652
1153 0.159019
1154 0.177175
1155 0.17025
1156 0.158934
1157 0.173014
1158 0.173554
1159 0.200007
1160 0.169167
1161 0.170573
1162 0.173602
1163 0.184467
1164 0.180495
1165 0.185761
1166 0.203919
1167 0.182448
1168 0.207319
1169 0.19899
1170 0.192894
1171 0.168443
1172 0.188093
1173 0.187103
1174 0.164645
1175 0.156313
1176 0.178326
1177 0.201258
1178 0.176445
1179 0.150182
1180 0.164157
1181 0.173148
1182 0.173418
1183 0.171627
1184 0.163651
1185 0.161141
1186 0.179337
1187 0.183697
1188 0.159941
1189 0.160103
1190 0.186868
1191 0.166515
1192 0.163788
1193 0.165634
1194 0.169893
1195 0.166445
1196 0.181044
1197 0.18593
1198 0.162218
1199 0.157796
1200 0.172474
1201 0.168942
1202 0.165423
1203 0.163451
1204 0.173058
1205 0.194555
1206 0.202525
1207 0.186656
1208 0.179055
1209 0.168763
1210 0.182365
1211 0.175428
1212 0.168014
1213 0.163458
1214 0.171723
1215 0.167286
1216 0.171955
1217 0.175422
1218 0.166916
1219 0.188325
1220 0.203892
1221 0.186
1222 0.156109
1223 0.196224
1224 0.189671
1225 0.179184
1226 0.162749
1227 0.190757
1228 0.19471
1229 0.168381
1230 0.181188
1231 0.194758
1232 0.175622
1233 0.171182
1234 0.171246
1235 0.171181
1236 0.170361
1237 0.176277
1238 0.161227
1239 0.160237
1240 0.189576
1241 0.176938
1242 0.177284
1243 0.18123
1244 0.175006
1245 0.17723
1246 0.206934
1247 0.171743
1248 0.164942
1249 0.163185
1250 0.186656
1251 0.15301
1252 0.17724
1253 0.166803
1254 0.161564
1255 0.147291
1256 0.172178
1257 0.163308
1258 0.159843
1259 0.161212
1260 0.161541
1261 0.160113
1262 0.165807
1263 0.185898
1264 0.174992
1265 0.18066
1266 0.164506
1267 0.190447
1268 0.164101
1269 0.165659
1270 0.153032
1271 0.16552
1272 0.160548
1273 0.153575
1274 0.152656
1275 0.14267
1276 0.17336
1277 0.153398
1278 0.158455
1279 0.156238
1280 0.165212
1281 0.15924
1282 0.15519
1283 0.16442
1284 0.161764
1285 0.181294
1286 0.167236
1287 0.154189
1288 0.160782
1289 0.176022
1290 0.178947
1291 0.168529
1292 0.178425
1293 0.192916
1294 0.178893
1295 0.185214
1296 0.211854
1297 0.183098
1298 0.178234
1299 0.172366
1300 0.170869
1301 0.160394
1302 0.174237
1303 0.17265
1304 0.157889
1305 0.163579
1306 0.167383
1307 0.158291
1308 0.180095
1309 0.18766
1310 0.17761
1311 0.169637
1312 0.192622
1313 0.210345
1314 0.202784
1315 0.179328
1316 0.175962
1317 0.175643
1318 0.186807
1319 0.178469
1320 0.16675
1321 0.162262
1322 0.188616
1323 0.17661
1324 0.162564
1325 0.184153
1326 0.179122
1327 0.159087
1328 0.158795
1329 0.203615
1330 0.179669
1331 0.179845
1332 0.162032
1333 0.170585
1334 0.17896
1335 0.16567
1336 0.167645
1337 0.148526
1338 0.163626
1339 0.149613
1340 0.172003
1341 0.161515
1342 0.170135
1343 0.162974
1344 0.165353
1345 0.168246
1346 0.181918
1347 0.169323
1348 0.155039
1349 0.154419
1350 0.176053
1351 0.161973
1352 0.162587
1353 0.160962
1354 0.17731
1355 0.177612
1356 0.175469
1357 0.172057
1358 0.181792
1359 0.192755
1360 0.184784
1361 0.187755
1362 0.194178
1363 0.172125
1364 0.169547
1365 0.181465
1366 0.165087
1367 0.159166
1368 0.162545
1369 0.160875
1370 0.162834
1371 0.177683
1372 0.177858
1373 0.156679
1374 0.184783
1375 0.205215
1376 0.187558
1377 0.17461
1378 0.179863
1379 0.167706
1380 0.194139
1381 0.202615
1382 0.171728
1383 0.166624
1384 0.208142
1385 0.199441
1386 0.169126
1387 0.169598
1388 0.192093
1389 0.176588
1390 0.181365
1391 0.172725
1392 0.173368
1393 0.170878
1394 0.188522
1395 0.203324
1396 0.190411
1397 0.185708
1398 0.19786
1399 0.178697
1400 0.196399
1401 0.157412
1402 0.185587
1403 0.162296
1404 0.188716
1405 0.174184
1406 0.182316
1407 0.177841
1408 0.184669
1409 0.190631
1410 0.177022
1411 0.191119
1412 0.183501
1413 0.165798
1414 0.165508
1415 0.183005
1416 0.189105
1417 0.175357
1418 0.177791
1419 0.169462
1420 0.190346
1421 0.18572
1422 0.194299
1423 0.176507
1424 0.187314
1425 0.189454
1426 0.189473
1427 0.163673
1428 0.173688
1429 0.180065
1430 0.167282
1431 0.162785
1432 0.167372
1433 0.179035
1434 0.175594
1435 0.1922
1436 0.195495
1437 0.205395
1438 0.211563
1439 0.202126
1440 0.20574
1441 0.197254
1442 0.181277
1443 0.213789
1444 0.195179
1445 0.171595
1446 0.157746
1447 0.179656
1448 0.157623
1449 0.154388
1450 0.151216
1451 0.168148
1452 0.151609
1453 0.156265
1454 0.163321
1455 0.172866
1456 0.159396
1457 0.156212
1458 0.170798
1459 0.161876
1460 0.151974
1461 0.162463
1462 0.153563
1463 0.162137
1464 0.161166
1465 0.160622
1466 0.154145
1467 0.171083
1468 0.178573
1469 0.173703
1470 0.152671
1471 0.1542
1472 0.161896
1473 0.165719
1474 0.159609
1475 0.168283
1476 0.170294
1477 0.160522
1478 0.173515
1479 0.181228
1480 0.16061
1481 0.181008
1482 0.155394
1483 0.169821
1484 0.16514
1485 0.171857
1486 0.164005
1487 0.157255
1488 0.162599
1489 0.17647
1490 0.173335
1491 0.164213
1492 0.162801
1493 0.189276
1494 0.166362
1495 0.175485
1496 0.168141
1497 0.173886
1498 0.185304
1499 0.198343
1500 0.205651
1501 0.184109
1502 0.203158
1503 0.19157
1504 0.189127
1505 0.186527
1506 0.170464
1507 0.154529
1508 0.170423
1509 0.179518
1510 0.172092
1511 0.175213
1512 0.165769
1513 0.180226
1514 0.17386
1515 0.174469
1516 0.166156
1517 0.203542
1518 0.176054
1519 0.171344
1520 0.177249
1521 0.196783
1522 0.185055
1523 0.163472
1524 0.157893
1525 0.158914
1526 0.167931
1527 0.171678
1528 0.165974
1529 0.165068
1530 0.181825
1531 0.191089
1532 0.169901
1533 0.169617
1534 0.193542
1535 0.164952
1536 0.157872
1537 0.154261
1538 0.163603
1539 0.15311
1540 0.165557
1541 0.157036
1542 0.152934
1543 0.159429
1544 0.183138
1545 0.166602
1546 0.159095
1547 0.190315
1548 0.191492
1549 0.188472
1550 0.176609
1551 0.169164
1552 0.17739
1553 0.179423
1554 0.178699
1555 0.168126
1556 0.174618
1557 0.166494
1558 0.169573
1559 0.175859
1560 0.170631
1561 0.183997
1562 0.162784
1563 0.17026
1564 0.167518
1565 0.186999
1566 0.158475
1567 0.166753
1568 0.183079
1569 0.168699
1570 0.165989
1571 0.19453
1572 0.197772
1573 0.162803
1574 0.19189
1575 0.178805
1576 0.167573
1577 0.173692
1578 0.176665
1579 0.148105
1580 0.153195
1581 0.182141
1582 0.174426
1583 0.154236
1584 0.177184
1585 0.189415
1586 0.176928
1587 0.172684
1588 0.184208
1589 0.185148
1590 0.17383
1591 0.172207
1592 0.181179
1593 0.189076
1594 0.184776
1595 0.170526
1596 0.179247
1597 0.190338
1598 0.191572
1599 0.169426
1600 0.189818
1601 0.181908
1602 0.179405
1603 0.162778
1604 0.173339
1605 0.160179
1606 0.184956
1607 0.169146
1608 0.163492
1609 0.156287
1610 0.184052
1611 0.180878
1612 0.172086
1613 0.156831
1614 0.16555
1615 0.163327
1616 0.163498
1617 0.156723
1618 0.158113
1619 0.158879
1620 0.16619
1621 0.165336
1622 0.179336
1623 0.192536
1624 0.187734
1625 0.182422
1626 0.172755
1627 0.187581
1628 0.191888
1629 0.160928
1630 0.161871
1631 0.16638
1632 0.165195
1633 0.168596
1634 0.161636
1635 0.166207
1636 0.160561
1637 0.188064
1638 0.174701
1639 0.167576
1640 0.168
1641 0.165805
1642 0.177859
1643 0.173966
1644 0.174621
1645 0.170585
1646 0.188821
1647 0.181847
1648 0.189636
1649 0.196546
1650 0.18653
1651 0.16519
1652 0.201876
1653 0.192027
1654 0.168389
1655 0.144911
1656 0.159764
1657 0.169585
1658 0.169211
1659 0.172926
1660 0.163986
1661 0.170789
1662 0.179556
1663 0.172727
1664 0.17397
1665 0.177452
1666 0.163776
1667 0.157174
1668 0.156744
1669 0.169968
1670 0.163833
1671 0.162276
1672 0.179577
1673 0.192445
1674 0.182996
1675 0.157427
1676 0.178462
1677 0.19398
1678 0.170652
1679 0.169244
1680 0.1628
1681 0.198031
1682 0.191639
1683 0.181244
1684 0.179855
1685 0.179002
1686 0.176235
1687 0.163659
1688 0.192981
1689 0.182637
1690 0.164011
1691 0.156276
1692 0.163265
1693 0.183085
1694 0.162182
1695 0.180722
1696 0.157809
1697 0.164821
1698 0.156717
1699 0.169051
1700 0.162291
1701 0.153505
1702 0.156769
1703 0.153451
1704 0.161066
1705 0.160298
1706 0.169133
1707 0.164245
1708 0.163518
1709 0.19076
1710 0.190072
1711 0.168426
1712 0.178719
1713 0.182452
1714 0.182434
1715 0.180081
1716 0.198498
1717 0.184757
1718 0.168375
1719 0.185602
1720 0.177354
1721 0.170976
1722 0.161263
1723 0.181329
1724 0.175709
1725 0.170004
1726 0.176132
1727 0.205753
1728 0.18103
1729 0.169695
1730 0.178528
1731 0.18163
1732 0.166469
1733 0.172609
1734 0.165342
1735 0.17777
1736 0.173295
1737 0.173347
1738 0.155744
1739 0.174919
1740 0.180502
1741 0.185756
1742 0.179099
1743 0.169288
1744 0.183971
1745 0.204053
1746 0.180829
1747 0.175072
1748 0.171973
1749 0.167211
1750 0.16617
1751 0.172483
1752 0.169556
1753 0.155738
1754 0.178762
1755 0.171613
1756 0.159958
1757 0.170557
1758 0.17259
1759 0.155836
1760 0.147564
1761 0.176151
1762 0.182765
1763 0.165236
1764 0.149424
1765 0.179771
1766 0.182167
1767 0.172024
1768 0.156923
1769 0.177959
1770 0.164405
1771 0.160727
1772 0.179024
1773 0.171769
1774 0.155112
1775 0.16131
1776 0.1754
1777 0.163039
1778 0.160266
1779 0.174636
1780 0.169833
1781 0.165957
1782 0.168789
1783 0.165509
1784 0.189476
1785 0.163624
1786 0.167079
1787 0.165445
1788 0.176403
1789 0.170271
1790 0.176697
1791 0.185714
1792 0.192429
1793 0.172006
1794 0.177153
1795 0.194255
1796 0.194968
1797 0.157543
1798 0.181699
1799 0.186751
1800 0.169397
1801 0.160704
1802 0.18734
1803 0.176935
1804 0.177808
1805 0.196214
1806 0.197024
1807 0.170829
1808 0.19712
1809 0.207776
1810 0.194532
1811 0.161123
1812 0.163161
1813 0.176054
1814 0.160252
1815 0.167114
1816 0.164606
1817 0.163165
1818 0.160973
1819 0.18117
1820 0.169717
1821 0.154123
1822 0.169163
1823 0.18156
1824 0.163817
1825 0.166697
1826 0.175172
1827 0.188928
1828 0.176322
1829 0.193594
1830 0.176138
1831 0.171571
1832 0.181415
1833 0.202195
1834 0.160141
1835 0.144438
1836 0.174716
1837 0.201545
1838 0.159547
1839 0.141495
1840 0.184887
1841 0.199011
1842 0.15168
1843 0.161348
1844 0.171164
1845 0.195048
1846 0.16638
1847 0.189044
1848 0.173938
1849 0.192944
1850 0.183617
1851 0.187755
1852 0.189722
1853 0.208734
1854 0.195899
1855 0.199641
1856 0.191308
1857 0.21148
1858 0.19586
1859 0.214657
1860 0.19454
1861 0.180311
1862 0.168847
1863 0.198881
1864 0.17202
1865 0.182475
1866 0.173411
1867 0.18615
1868 0.183883
1869 0.172985
1870 0.189208
1871 0.200541
1872 0.19852
1873 0.152182
1874 0.154776
1875 0.167123
1876 0.158542
1877 0.160705
1878 0.15655
1879 0.157649
1880 0.156608
1881 0.173782
1882 0.174943
1883 0.180081
1884 0.186858
1885 0.190645
1886 0.157295
1887 0.194697
1888 0.189912
1889 0.16983
1890 0.177223
1891 0.19521
1892 0.175069
1893 0.165278
1894 0.175305
1895 0.170782
1896 0.184006
1897 0.168541
1898 0.153232
1899 0.146114
1900 0.180949
1901 0.173305
1902 0.154809
1903 0.162194
1904 0.188996
1905 0.164198
1906 0.151784
1907 0.170386
1908 0.177061
1909 0.165469
1910 0.154143
1911 0.165141
1912 0.167769
1913 0.185449
1914 0.178269
1915 0.168094
1916 0.187634
1917 0.180434
1918 0.176329
1919 0.158579
1920 0.195524
1921 0.163337
1922 0.158313
1923 0.155339
1924 0.162288
1925 0.170426
1926 0.17256
1927 0.153352
1928 0.160238
1929 0.179037
1930 0.183493
1931 0.177315
1932 0.176071
1933 0.177425
1934 0.177048
1935 0.185124
1936 0.160226
1937 0.152838
1938 0.178261
1939 0.176741
1940 0.162855
1941 0.162348
1942 0.173908
1943 0.191471
1944 0.167475
1945 0.170756
1946 0.175066
1947 0.17386
1948 0.169727
1949 0.162865
1950 0.178487
1951 0.168752
1952 0.182793
1953 0.191143
1954 0.186028
1955 0.17229
1956 0.166773
1957 0.187459
1958 0.197366
1959 0.172693
1960 0.175685
1961 0.161006
1962 0.184299
1963 0.193573
1964 0.177485
1965 0.169026
1966 0.177682
1967 0.188747
1968 0.195182
1969 0.191526
1970 0.186222
1971 0.201172
1972 0.203519
1973 0.223885
1974 0.190206
1975 0.207382
1976 0.181936
1977 0.179542
1978 0.197025
1979 0.185067
1980 0.168689
1981 0.156605
1982 0.188418
1983 0.175907
1984 0.165475
1985 0.148486
1986 0.191268
1987 0.19357
1988 0.187418
1989 0.157209
1990 0.180443
1991 0.180794
1992 0.178104
1993 0.177513
1994 0.178421
1995 0.16472
1996 0.172082
1997 0.188946
1998 0.198777
1999 0.187723
2000 0.165527
2001 0.155229
2002 0.16035
2003 0.163689
2004 0.152614
2005 0.154032
2006 0.148134
2007 0.156539
2008 0.153592
2009 0.164368
2010 0.167296
2011 0.183448
2012 0.162393
2013 0.169921
2014 0.181011
2015 0.183057
2016 0.185799
2017 0.172412
2018 0.177994
2019 0.158722
2020 0.188903
2021 0.164355
2022 0.175399
2023 0.177349
2024 0.183398
2025 0.176845
2026 0.173953
2027 0.195892
2028 0.187673
2029 0.176993
2030 0.171087
2031 0.169874
2032 0.180127
2033 0.174321
2034 0.187264
2035 0.171292
2036 0.171396
2037 0.178815
2038 0.166116
2039 0.166743
2040 0.167817
2041 0.177655
2042 0.165029
2043 0.168347
2044 0.158261
2045 0.181436
2046 0.189016
2047 0.201282
2048 0.170547
2049 0.186218
2050 0.171714
2051 0.178159
2052 0.170978
2053 0.190559
2054 0.183719
2055 0.169636
2056 0.152419
2057 0.180363
2058 0.181513
2059 0.183205
2060 0.173777
2061 0.177064
2062 0.158315
2063 0.18601
2064 0.182929
2065 0.162569
2066 0.155835
2067 0.167169
2068 0.165674
2069 0.158671
2070 0.165362
2071 0.159741
2072 0.15721
2073 0.168444
2074 0.166813
2075 0.1665
2076 0.156243
2077 0.184728
2078 0.17176
2079 0.164173
2080 0.187366
2081 0.190484
2082 0.160204
2083 0.183579
2084 0.167743
2085 0.179006
2086 0.173608
2087 0.175683
2088 0.167183
2089 0.195231
2090 0.19249
2091 0.18684
2092 0.187604
2093 0.193788
2094 0.208141
2095 0.200231
2096 0.195117
2097 0.194979
2098 0.195101
2099 0
