0 0.317449
1 0.00106564
2 -0.275414
3 -0.499892
4 -0.692271
5 -0.807326
6 -0.867414
7 -0.903356
8 -0.918116
9 -0.93903
10 -0.93317
11 -0.861088
12 -0.826285
13 -0.678612
14 -0.440362
15 -0.227368
16 -0.0418897
17 0.0473296
18 0.102317
19 0.136268
20 0.14518
21 0.168607
22 0.160543
23 0.161719
24 0.174189
25 0.171373
26 0.17371
27 0.175684
28 0.172836
29 0.173003
30 0.172049
31 0.178012
32 0.169981
33 0.164829
34 0.17147
35 0.163876
36 0.171488
37 0.180016
38 0.163559
39 0.1739
40 0.185047
41 0.180157
42 0.177331
43 0.189274
44 0.184253
45 0.185022
46 0.187168
47 0.18091
48 0.171779
49 0.165894
50 0.17982
51 0.161115
52 0.164101
53 0.176837
54 0.15881
55 0.173864
56 0.172655
57 0.162924
58 0.177355
59 0.163503
60 0.16107
61 0.159838
62 0.166169
63 0.153775
64 0.163264
65 0.169321
66 0.160141
67 0.166139
68 0.169961
69 0.179164
70 0.169299
71 0.169575
72 0.183647
73 0.178492
74 0.166511
75 0.16731
76 0.165876
77 0.165535
78 0.16674
79 0.15804
80 0.170646
81 0.178233
82 0.168136
83 0.179177
84 0.171907
85 0.178159
86 0.17336
87 0.166689
88 0.170554
89 0.161273
90 0.169358
91 0.167081
92 0.164362
93 0.164491
94 0.16166
95 0.172242
96 0.1635
97 0.160287
98 0.166039
99 0.172049
100 0.161783
101 0.159024
102 0.166492
103 0.175968
104 0.158511
105 0.155597
106 0.17862
107 0.164161
108 0.153695
109 0.165126
110 0.165709
111 0.162972
112 0.158063
113 0.163523
114 0.160094
115 0.170967
116 0.174817
117 0.17452
118 0.174041
119 0.172379
120 0.182703
121 0.16974
122 0.175905
123 0.173252
124 0.169283
125 0.176117
126 0.173263
127 0.17226
128 0.178336
129 0.177395
130 0.172561
131 0.177689
132 0.171865
133 0.170469
134 0.177003
135 0.166879
136 0.166252
137 0.181282
138 0.180186
139 0.169853
140 0.178966
141 0.184524
142 0.176887
143 0.166024
144 0.172308
145 0.167268
146 0.154408
147 0.172988
148 0.164337
149 0.169504
150 0.169514
151 0.173601
152 0.175332
153 0.170685
154 0.166423
155 0.171442
156 0.173392
157 0.167891
158 0.174982
159 0.177292
160 0.173077
161 0.165613
162 0.17086
163 0.163863
164 0.167196
165 0.17364
166 0.1762
167 0.180606
168 0.175842
169 0.17535
170 0.181112
171 0.175655
172 0.163357
173 0.172581
174 0.173558
175 0.160844
176 0.17859
177 0.164163
178 0.173892
179 0.181635
180 0.177013
181 0.175577
182 0.171019
183 0.187066
184 0.162398
185 0.17197
186 0.168616
187 0.167653
188 0.181084
189 0.165942
190 0.169535
191 0.185931
192 0.173143
193 0.177279
194 0.182015
195 0.171614
196 0.18067
197 0.168188
198 0.165931
199 0.163982
200 0.160195
201 0.170475
202 0.169871
203 0.169107
204 0.173869
205 0.179041
206 0.169731
207 0.163508
208 0.164294
209 0.175857
210 0.181717
211 0.159439
212 0.186961
213 0.187399
214 0.16678
215 0.176404
216 0.189817
217 0.167252
218 0.176095
219 0.192284
220 0.165786
221 0.185173
222 0.187934
223 0.165887
224 0.189123
225 0.180897
226 0.169996
227 0.18499
228 0.177565
229 0.167044
230 0.183418
231 0.187571
232 0.164351
233 0.181751
234 0.182051
235 0.175482
236 0.177614
237 0.187562
238 0.173561
239 0.178991
240 0.191171
241 0.167739
242 0.174644
243 0.17178
244 0.166319
245 0.169288
246 0.159912
247 0.176115
248 0.175661
249 0.159617
250 0.185869
251 0.172794
252 0.176962
253 0.173396
254 0.170948
255 0.172315
256 0.16623
257 0.171581
258 0.171044
259 0.166736
260 0.174446
261 0.180102
262 0.17144
263 0.165773
264 0.175611
265 0.175706
266 0.157228
267 0.179411
268 0.187915
269 0.161111
270 0.182788
271 0.185831
272 0.164728
273 0.174538
274 0.178926
275 0.175289
276 0.180038
277 0.177722
278 0.16676
279 0.189104
280 0.163633
281 0.171246
282 0.185652
283 0.154845
284 0.17953
285 0.167834
286 0.171313
287 0.176057
288 0.173549
289 0.183563
290 0.173644
291 0.187199
292 0.188728
293 0.178276
294 0.175314
295 0.185182
296 0.175564
297 0.17584
298 0.173009
299 0.173571
300 0.186298
301 0.174501
302 0.177355
303 0.18035
304 0.174726
305 0.168446
306 0.173903
307 0.181982
308 0.166109
309 0.173614
310 0.18573
311 0.180809
312 0.174237
313 0.168368
314 0.173702
315 0.164367
316 0.169981
317 0.16857
318 0.179225
319 0.168845
320 0.181063
321 0.18071
322 0.17001
323 0.188038
324 0.16779
325 0.175845
326 0.180098
327 0.171366
328 0.177647
329 0.176457
330 0.169362
331 0.176881
332 0.174839
333 0.169232
334 0.169369
335 0.175365
336 0.161875
337 0.171242
338 0.180819
339 0.163828
340 0.170425
341 0.171961
342 0.170837
343 0.172563
344 0.174022
345 0.16674
346 0.168678
347 0.166867
348 0.174461
349 0.162136
350 0.17598
351 0.172793
352 0.173699
353 0.193733
354 0.167007
355 0.186468
356 0.174172
357 0.168862
358 0.182094
359 0.182172
360 0.172784
361 0.179806
362 0.189948
363 0.169058
364 0.171253
365 0.18313
366 0.16374
367 0.170286
368 0.165292
369 0.170843
370 0.180328
371 0.161417
372 0.173671
373 0.170671
374 0.158893
375 0.167816
376 0.166692
377 0.165913
378 0.172041
379 0.178904
380 0.18269
381 0.178887
382 0.182397
383 0.177968
384 0.168318
385 0.172458
386 0.175202
387 0.159259
388 0.167284
389 0.169329
390 0.173862
391 0.175843
392 0.165347
393 0.172632
394 0.177046
395 0.173856
396 0.165547
397 0.16205
398 0.172576
399 0.16977
400 0.168926
401 0.170006
402 0.178004
403 0.181886
404 0.169497
405 0.179658
406 0.183979
407 0.165736
408 0.183075
409 0.181144
410 0.178376
411 0.179351
412 0.177237
413 0.186352
414 0.179263
415 0.177231
416 0.18497
417 0.171077
418 0.182282
419 0.179871
420 0.184142
421 0.174289
422 0.168553
423 0.188429
424 0.164412
425 0.159773
426 0.178137
427 0.161842
428 0.175954
429 0.171119
430 0.174395
431 0.173954
432 0.162534
433 0.174236
434 0.177611
435 0.180407
436 0.169528
437 0.190709
438 0.191076
439 0.169116
440 0.179634
441 0.184059
442 0.177467
443 0.174987
444 0.183424
445 0.183396
446 0.176529
447 0.172728
448 0.173536
449 0.177512
450 0.165507
451 0.169931
452 0.177333
453 0.175899
454 0.163923
455 0.166858
456 0.168388
457 0.16295
458 0.158415
459 0.168986
460 0.177869
461 0.17615
462 0.166382
463 0.18635
464 0.188133
465 0.172638
466 0.187628
467 0.19146
468 0.176151
469 0.181802
470 0.184106
471 0.169994
472 0.18079
473 0.169623
474 0.179627
475 0.182205
476 0.180155
477 0.185141
478 0.178493
479 0.18772
480 0.168845
481 0.175851
482 0.184656
483 0.173526
484 0.180772
485 0.174028
486 0.185572
487 0.18485
488 0.175314
489 0.173697
490 0.165686
491 0.179203
492 0.171684
493 0.154422
494 0.175644
495 0.164794
496 0.168257
497 0.171649
498 0.159893
499 0.168717
500 0.166527
501 0.168342
502 0.172254
503 0.169737
504 0.161542
505 0.17952
506 0.181178
507 0.172804
508 0.169102
509 0.177831
510 0.170409
511 0.16268
512 0.176542
513 0.161694
514 0.175619
515 0.177492
516 0.179639
517 0.182931
518 0.176214
519 0.180673
520 0.184759
521 0.170706
522 0.171578
523 0.175208
524 0.177444
525 0.164179
526 0.170741
527 0.186204
528 0.17087
529 0.175313
530 0.178465
531 0.177262
532 0.18368
533 0.184195
534 0.18163
535 0.179744
536 0.175272
537 0.178008
538 0.176172
539 0.16354
540 0.180395
541 0.178296
542 0.172878
543 0.173454
544 0.183335
545 0.190151
546 0.166582
547 0.172083
548 0.181253
549 0.172492
550 0.172201
551 0.17459
552 0.170787
553 0.175944
554 0.170092
555 0.175625
556 0.174555
557 0.164064
558 0.181957
559 0.18461
560 0.177013
561 0.175298
562 0.171104
563 0.177513
564 0.173541
565 0.168104
566 0.168187
567 0.175607
568 0.171066
569 0.165244
570 0.178414
571 0.177555
572 0.165038
573 0.174288
574 0.176175
575 0.160019
576 0.171789
577 0.176366
578 0.175922
579 0.167924
580 0.175308
581 0.178134
582 0.161206
583 0.168935
584 0.174456
585 0.175621
586 0.180717
587 0.185213
588 0.18877
589 0.174986
590 0.185235
591 0.173631
592 0.180761
593 0.169413
594 0.18181
595 0.177101
596 0.16555
597 0.189435
598 0.169158
599 0.175947
600 0.183128
601 0.168532
602 0.178444
603 0.185506
604 0.169696
605 0.179144
606 0.175784
607 0.171238
608 0.166233
609 0.178797
610 0.170803
611 0.157064
612 0.186951
613 0.164827
614 0.161134
615 0.176184
616 0.165791
617 0.160311
618 0.161266
619 0.169688
620 0.160176
621 0.161148
622 0.163129
623 0.166341
624 0.16581
625 0.168498
626 0.167209
627 0.183104
628 0.17328
629 0.166476
630 0.170449
631 0.175871
632 0.168742
633 0.162453
634 0.178333
635 0.176361
636 0.165236
637 0.171366
638 0.184327
639 0.167795
640 0.171555
641 0.176278
642 0.166344
643 0.181593
644 0.179272
645 0.175782
646 0.18405
647 0.180178
648 0.184149
649 0.170836
650 0.171622
651 0.171754
652 0.17377
653 0.173828
654 0.175764
655 0.179426
656 0.167183
657 0.176602
658 0.179119
659 0.163886
660 0.172776
661 0.167475
662 0.167151
663 0.168542
664 0.158736
665 0.162503
666 0.172828
667 0.159781
668 0.169543
669 0.177962
670 0.166911
671 0.163477
672 0.169342
673 0.16125
674 0.168835
675 0.166102
676 0.157052
677 0.177567
678 0.178939
679 0.156694
680 0.173806
681 0.180663
682 0.164111
683 0.181049
684 0.169451
685 0.164379
686 0.171031
687 0.170925
688 0.16352
689 0.164068
690 0.167633
691 0.161516
692 0.158893
693 0.169454
694 0.167006
695 0.157936
696 0.168447
697 0.166714
698 0.171464
699 0.166884
700 0.168078
701 0.173969
702 0.173304
703 0.178278
704 0.174504
705 0.175009
706 0.180395
707 0.181356
708 0.174991
709 0.176481
710 0.17036
711 0.165977
712 0.184236
713 0.161637
714 0.16997
715 0.169965
716 0.169784
717 0.18107
718 0.181855
719 0.178027
720 0.191215
721 0.184814
722 0.171833
723 0.176857
724 0.167029
725 0.175195
726 0.18047
727 0.16551
728 0.178469
729 0.191431
730 0.176237
731 0.16694
732 0.180398
733 0.165725
734 0.172264
735 0.165058
736 0.174489
737 0.177189
738 0.166347
739 0.179447
740 0.178565
741 0.171241
742 0.166063
743 0.180942
744 0.163058
745 0.164312
746 0.180617
747 0.160721
748 0.159347
749 0.169385
750 0.17325
751 0.158755
752 0.161093
753 0.179184
754 0.160153
755 0.172357
756 0.175323
757 0.15937
758 0.168612
759 0.171391
760 0.175478
761 0.165643
762 0.181015
763 0.179492
764 0.176759
765 0.169144
766 0.170427
767 0.175033
768 0.1563
769 0.171332
770 0.181556
771 0.171595
772 0.178252
773 0.17771
774 0.167054
775 0.166464
776 0.177895
777 0.165166
778 0.156323
779 0.165773
780 0.162394
781 0.170522
782 0.179881
783 0.163892
784 0.184767
785 0.181741
786 0.165215
787 0.17511
788 0.169949
789 0.169754
790 0.165697
791 0.163158
792 0.176548
793 0.171745
794 0.17682
795 0.174182
796 0.179376
797 0.17142
798 0.16819
799 0.169634
800 0.163069
801 0.163798
802 0.172724
803 0.170427
804 0.159666
805 0.167931
806 0.170312
807 0.160206
808 0.172
809 0.167568
810 0.167246
811 0.172769
812 0.169725
813 0.176323
814 0.16372
815 0.164711
816 0.1752
817 0.161963
818 0.176992
819 0.178958
820 0.166538
821 0.174873
822 0.174683
823 0.164733
824 0.172253
825 0.162595
826 0.160348
827 0.165475
828 0.158933
829 0.173902
830 0.168619
831 0.166389
832 0.175343
833 0.162499
834 0.178927
835 0.170314
836 0.159387
837 0.171669
838 0.165133
839 0.174459
840 0.164432
841 0.162396
842 0.176329
843 0.164661
844 0.16009
845 0.177736
846 0.16781
847 0.161505
848 0.174578
849 0.16873
850 0.169715
851 0.167694
852 0.160699
853 0.158483
854 0.17223
855 0.167829
856 0.161482
857 0.179316
858 0.170997
859 0.174972
860 0.17135
861 0.168941
862 0.166201
863 0.172821
864 0.169675
865 0.156913
866 0.180255
867 0.170214
868 0.174569
869 0.176449
870 0.171122
871 0.175011
872 0.17702
873 0.171797
874 0.16837
875 0.171064
876 0.165233
877 0.170972
878 0.169574
879 0.159396
880 0.175991
881 0.178504
882 0.169762
883 0.173502
884 0.171562
885 0.171118
886 0.170932
887 0.162918
888 0.162803
889 0.174696
890 0.168256
891 0.164467
892 0.176409
893 0.176092
894 0.170628
895 0.177965
896 0.174919
897 0.178918
898 0.169845
899 0.176353
900 0.168989
901 0.169213
902 0.164115
903 0.160047
904 0.174728
905 0.174257
906 0.178763
907 0.176519
908 0.186044
909 0.18283
910 0.183579
911 0.174701
912 0.181738
913 0.188886
914 0.160982
915 0.183157
916 0.17299
917 0.168014
918 0.178147
919 0.16503
920 0.183733
921 0.169182
922 0.173052
923 0.168976
924 0.164919
925 0.175099
926 0.159364
927 0.171498
928 0.169365
929 0.174438
930 0.170184
931 0.174986
932 0.168138
933 0.165499
934 0.178653
935 0.166855
936 0.163937
937 0.174903
938 0.160609
939 0.172559
940 0.162906
941 0.158698
942 0.176938
943 0.162973
944 0.15715
945 0.172297
946 0.164511
947 0.163622
948 0.1612
949 0.155372
950 0.169761
951 0.170875
952 0.160069
953 0.164084
954 0.184076
955 0.16067
956 0.163958
957 0.171659
958 0.15213
959 0.169751
960 0.168694
961 0.163477
962 0.177218
963 0.176215
964 0.170892
965 0.171574
966 0.167139
967 0.178172
968 0.178205
969 0.171527
970 0.172634
971 0.184179
972 0.184642
973 0.174083
974 0.169212
975 0.170482
976 0.172591
977 0.169536
978 0.16219
979 0.178158
980 0.171111
981 0.173495
982 0.178814
983 0.169383
984 0.178953
985 0.176352
986 0.173809
987 0.175821
988 0.170605
989 0.169054
990 0.164551
991 0.177672
992 0.160481
993 0.165983
994 0.164826
995 0.168311
996 0.174845
997 0.172314
998 0.167947
999 0.163802
1000 0.180631
1001 0.172295
1002 0.170217
1003 0.17737
1004 0.168984
1005 0.188438
1006 0.171686
1007 0.173207
1008 0.178339
1009 0.168769
1010 0.172704
1011 0.175808
1012 0.163226
1013 0.179405
1014 0.169953
1015 0.169596
1016 0.184233
1017 0.168274
1018 0.178857
1019 0.175356
1020 0.170665
1021 0.170683
1022 0.177528
1023 0.166109
1024 0.163795
1025 0.16863
1026 0.163546
1027 0.162292
1028 0.172969
1029 0.163284
1030 0.167357
1031 0.16575
1032 0.16341
1033 0.169642
1034 0.162913
1035 0.161199
1036 0.161749
1037 0.177177
1038 0.171032
1039 0.174099
1040 0.178693
1041 0.175822
1042 0.177701
1043 0.162032
1044 0.176656
1045 0.172469
1046 0.160067
1047 0.166865
1048 0.174232
1049 0.176486
1050 0.171554
1051 0.175109
1052 0.173715
1053 0.171286
1054 0.182438
1055 0.17795
1056 0.178127
1057 0.183694
1058 0.190142
1059 0.172817
1060 0.179361
1061 0.177175
1062 0.165927
1063 0.180611
1064 0.175708
1065 0.166736
1066 0.182987
1067 0.173527
1068 0.164732
1069 0.182024
1070 0.171298
1071 0.171282
1072 0.188546
1073 0.168934
1074 0.183415
1075 0.174366
1076 0.167725
1077 0.180112
1078 0.170502
1079 0.179136
1080 0.169789
1081 0.165201
1082 0.181472
1083 0.167024
1084 0.168891
1085 0.178284
1086 0.181355
1087 0.177837
1088 0.167291
1089 0.181166
1090 0.179317
1091 0.172234
1092 0.17172
1093 0.164579
1094 0.180176
1095 0.163606
1096 0.161147
1097 0.172814
1098 0.175382
1099 0.167598
1100 0.179543
1101 0.171189
1102 0.163982
1103 0.183662
1104 0.17453
1105 0.162273
1106 0.177464
1107 0.178265
1108 0.173616
1109 0.177166
1110 0.191671
1111 0.169834
1112 0.180517
1113 0.180801
1114 0.169384
1115 0.170532
1116 0.15709
1117 0.173426
1118 0.169737
1119 0.161099
1120 0.164185
1121 0.161262
1122 0.180755
1123 0.16183
1124 0.165473
1125 0.188849
1126 0.173509
1127 0.184772
1128 0.182956
1129 0.17852
1130 0.190948
1131 0.176603
1132 0.178202
1133 0.176015
1134 0.177171
1135 0.172354
1136 0.162358
1137 0.183248
1138 0.166136
1139 0.175188
1140 0.18832
1141 0.172386
1142 0.18245
1143 0.186369
1144 0.173028
1145 0.166596
1146 0.185076
1147 0.168186
1148 0.177641
1149 0.169188
1150 0.17424
1151 0.187449
1152 0.173107
1153 0.185055
1154 0.177732
1155 0.174337
1156 0.191361
1157 0.171428
1158 0.170521
1159 0.175484
1160 0.177356
1161 0.172769
1162 0.167813
1163 0.174442
1164 0.178468
1165 0.174421
1166 0.162153
1167 0.179896
1168 0.16679
1169 0.166637
1170 0.167636
1171 0.165404
1172 0.170877
1173 0.176397
1174 0.168872
1175 0.175743
1176 0.183413
1177 0.178079
1178 0.170848
1179 0.175704
1180 0.167699
1181 0.169802
1182 0.165583
1183 0.159754
1184 0.170069
1185 0.169031
1186 0.171215
1187 0.167133
1188 0.166268
1189 0.1859
1190 0.16874
1191 0.169357
1192 0.193649
1193 0.16843
1194 0.163918
1195 0.182368
1196 0.169708
1197 0.167313
1198 0.186525
1199 0.173759
1200 0.180304
1201 0.192002
1202 0.172775
1203 0.168057
1204 0.178765
1205 0.16888
1206 0.166021
1207 0.160184
1208 0.174134
1209 0.176947
1210 0.158439
1211 0.170558
1212 0.173118
1213 0.159691
1214 0.171474
1215 0.158049
1216 0.165209
1217 0.16728
1218 0.170111
1219 0.174631
1220 0.170207
1221 0.172658
1222 0.182505
1223 0.176347
1224 0.171214
1225 0.170737
1226 0.166453
1227 0.171656
1228 0.171001
1229 0.165898
1230 0.174743
1231 0.165655
1232 0.169949
1233 0.178957
1234 0.162287
1235 0.179764
1236 0.18289
1237 0.180503
1238 0.190153
1239 0.182994
1240 0.187403
1241 0.175746
1242 0.169564
1243 0.182674
1244 0.159669
1245 0.162566
1246 0.166258
1247 0.173347
1248 0.176381
1249 0.157765
1250 0.170338
1251 0.16711
1252 0.167074
1253 0.176076
1254 0.165846
1255 0.180372
1256 0.176872
1257 0.17994
1258 0.180635
1259 0.166685
1260 0.168161
1261 0.173281
1262 0.173725
1263 0.159397
1264 0.18102
1265 0.176732
1266 0.173039
1267 0.183597
1268 0.179884
1269 0.169747
1270 0.17041
1271 0.17195
1272 0.170493
1273 0.168565
1274 0.186184
1275 0.169
1276 0.177835
1277 0.188928
1278 0.175312
1279 0.177992
1280 0.186393
1281 0.175731
1282 0.17908
1283 0.169302
1284 0.175992
1285 0.160721
1286 0.170469
1287 0.175222
1288 0.176201
1289 0.174093
1290 0.174826
1291 0.183345
1292 0.168239
1293 0.177326
1294 0.167055
1295 0.167397
1296 0.173683
1297 0.178326
1298 0.172538
1299 0.176565
1300 0.182199
1301 0.166771
1302 0.185001
1303 0.168305
1304 0.170666
1305 0.187925
1306 0.171058
1307 0.169926
1308 0.177982
1309 0.164043
1310 0.160584
1311 0.158817
1312 0.167483
1313 0.161108
1314 0.154845
1315 0.17467
1316 0.171102
1317 0.165824
1318 0.163526
1319 0.180346
1320 0.164189
1321 0.156085
1322 0.170164
1323 0.163335
1324 0.165159
1325 0.165761
1326 0.160721
1327 0.17165
1328 0.166603
1329 0.16723
1330 0.16902
1331 0.172913
1332 0.170324
1333 0.159744
1334 0.175006
1335 0.16964
1336 0.174601
1337 0.164128
1338 0.161461
1339 0.169452
1340 0.16821
1341 0.159913
1342 0.173304
1343 0.181982
1344 0.167915
1345 0.17038
1346 0.188808
1347 0.18012
1348 0.165768
1349 0.187438
1350 0.16808
1351 0.170693
1352 0.175427
1353 0.165038
1354 0.174257
1355 0.171729
1356 0.173631
1357 0.177426
1358 0.166984
1359 0.181459
1360 0.171556
1361 0.161594
1362 0.171323
1363 0.16308
1364 0.171667
1365 0.161116
1366 0.170901
1367 0.16627
1368 0.161963
1369 0.180045
1370 0.164894
1371 0.172766
1372 0.181369
1373 0.173445
1374 0.175422
1375 0.179209
1376 0.180108
1377 0.167909
1378 0.17668
1379 0.174636
1380 0.160289
1381 0.175848
1382 0.177293
1383 0.174632
1384 0.173412
1385 0.188956
1386 0.178794
1387 0.16891
1388 0.189341
1389 0.174189
1390 0.180184
1391 0.185858
1392 0.177086
1393 0.185376
1394 0.16729
1395 0.180263
1396 0.184443
1397 0.168885
1398 0.180737
1399 0.181024
1400 0.169428
1401 0.176849
1402 0.176631
1403 0.160678
1404 0.181009
1405 0.187477
1406 0.164764
1407 0.177829
1408 0.189806
1409 0.174835
1410 0.172126
1411 0.172912
1412 0.177709
1413 0.165199
1414 0.179771
1415 0.172834
1416 0.167635
1417 0.178727
1418 0.168349
1419 0.161235
1420 0.168097
1421 0.173146
1422 0.159998
1423 0.164054
1424 0.177411
1425 0.162291
1426 0.170063
1427 0.169613
1428 0.166138
1429 0.177038
1430 0.163218
1431 0.163779
1432 0.162994
1433 0.172103
1434 0.154764
1435 0.173476
1436 0.176838
1437 0.155551
1438 0.171424
1439 0.171547
1440 0.166229
1441 0.17081
1442 0.165883
1443 0.170328
1444 0.182588
1445 0.163524
1446 0.1639
1447 0.184233
1448 0.175832
1449 0.176126
1450 0.178073
1451 0.189173
1452 0.170375
1453 0.182747
1454 0.178531
1455 0.168802
1456 0.174791
1457 0.163041
1458 0.181209
1459 0.165508
1460 0.160605
1461 0.183374
1462 0.172074
1463 0.175102
1464 0.174591
1465 0.182419
1466 0.182411
1467 0.17306
1468 0.184327
1469 0.17201
1470 0.174905
1471 0.180694
1472 0.16307
1473 0.166286
1474 0.182518
1475 0.172461
1476 0.164838
1477 0.186833
1478 0.182894
1479 0.179169
1480 0.188169
1481 0.187364
1482 0.180899
1483 0.185263
1484 0.183714
1485 0.177482
1486 0.184343
1487 0.179333
1488 0.168932
1489 0.182231
1490 0.188692
1491 0.162745
1492 0.170459
1493 0.166357
1494 0.170699
1495 0.158779
1496 0.166968
1497 0.171893
1498 0.171909
1499 0.168846
1500 0.172662
1501 0.171206
1502 0.168841
1503 0.17093
1504 0.170194
1505 0.176876
1506 0.168891
1507 0.169645
1508 0.16856
1509 0.171921
1510 0.173357
1511 0.166327
1512 0.170549
1513 0.178066
1514 0.180071
1515 0.178444
1516 0.179725
1517 0.176692
1518 0.185338
1519 0.1727
1520 0.172394
1521 0.175638
1522 0.162025
1523 0.161573
1524 0.165834
1525 0.166382
1526 0.158454
1527 0.164317
1528 0.170131
1529 0.165561
1530 0.168795
1531 0.180638
1532 0.171097
1533 0.181631
1534 0.180209
1535 0.175503
1536 0.185523
1537 0.16955
1538 0.169217
1539 0.165551
1540 0.16956
1541 0.173914
1542 0.166647
1543 0.164811
1544 0.16943
1545 0.162302
1546 0.165816
1547 0.161932
1548 0.170858
1549 0.170587
1550 0.177429
1551 0.171083
1552 0.166102
1553 0.174137
1554 0.173579
1555 0.177265
1556 0.164553
1557 0.186479
1558 0.18077
1559 0.175028
1560 0.173724
1561 0.170285
1562 0.168984
1563 0.173919
1564 0.174669
1565 0.173269
1566 0.174155
1567 0.178521
1568 0.176313
1569 0.160394
1570 0.177857
1571 0.170321
1572 0.16044
1573 0.168813
1574 0.166283
1575 0.164948
1576 0.171929
1577 0.170435
1578 0.162637
1579 0.175589
1580 0.179639
1581 0.175656
1582 0.16841
1583 0.163361
1584 0.182153
1585 0.173427
1586 0.157296
1587 0.165806
1588 0.169396
1589 0.169201
1590 0.162401
1591 0.174144
1592 0.180465
1593 0.173175
1594 0.186525
1595 0.172597
1596 0.177193
1597 0.179006
1598 0.17892
1599 0.172009
1600 0.164118
1601 0.179166
1602 0.172469
1603 0.161673
1604 0.175622
1605 0.173692
1606 0.174006
1607 0.174431
1608 0.183877
1609 0.176633
1610 0.182067
1611 0.182044
1612 0.184345
1613 0.171692
1614 0.182206
1615 0.189994
1616 0.176662
1617 0.17182
1618 0.190596
1619 0.18073
1620 0.165712
1621 0.169551
1622 0.165588
1623 0.161442
1624 0.165255
1625 0.173307
1626 0.174436
1627 0.167822
1628 0.180073
1629 0.170973
1630 0.176992
1631 0.179031
1632 0.165078
1633 0.175633
1634 0.179477
1635 0.163131
1636 0.165076
1637 0.180327
1638 0.166856
1639 0.179517
1640 0.177398
1641 0.183739
1642 0.176236
1643 0.171521
1644 0.168446
1645 0.179979
1646 0.165219
1647 0.172151
1648 0.175027
1649 0.161507
1650 0.163736
1651 0.173858
1652 0.162041
1653 0.169554
1654 0.175201
1655 0.162137
1656 0.167147
1657 0.167823
1658 0.158521
1659 0.158767
1660 0.159407
1661 0.156831
1662 0.158813
1663 0.168944
1664 0.16171
1665 0.161748
1666 0.171505
1667 0.168101
1668 0.162864
1669 0.173453
1670 0.164738
1671 0.17924
1672 0.172694
1673 0.173893
1674 0.172582
1675 0.180129
1676 0.181258
1677 0.157747
1678 0.180773
1679 0.174385
1680 0.16422
1681 0.170758
1682 0.177631
1683 0.16353
1684 0.177879
1685 0.176231
1686 0.170045
1687 0.174407
1688 0.163984
1689 0.168852
1690 0.175967
1691 0.164151
1692 0.175191
1693 0.171713
1694 0.169212
1695 0.178859
1696 0.176985
1697 0.17947
1698 0.168039
1699 0.177624
1700 0.183711
1701 0.165167
1702 0.169241
1703 0.174414
1704 0.167636
1705 0.177241
1706 0.16765
1707 0.175766
1708 0.16898
1709 0.173042
1710 0.174008
1711 0.173573
1712 0.168248
1713 0.167447
1714 0.184969
1715 0.157026
1716 0.173167
1717 0.186543
1718 0.169341
1719 0.171109
1720 0.170503
1721 0.181405
1722 0.170214
1723 0.167817
1724 0.179213
1725 0.176285
1726 0.167674
1727 0.166782
1728 0.175473
1729 0.179122
1730 0.162669
1731 0.170833
1732 0.187303
1733 0.177526
1734 0.174222
1735 0.168952
1736 0.175137
1737 0.171556
1738 0.163367
1739 0.165316
1740 0.172591
1741 0.170104
1742 0.176123
1743 0.172217
1744 0.187147
1745 0.171456
1746 0.168862
1747 0.189961
1748 0.167476
1749 0.166702
1750 0.171558
1751 0.179014
1752 0.166589
1753 0.178982
1754 0.17163
1755 0.173831
1756 0.180998
1757 0.175997
1758 0.180435
1759 0.168131
1760 0.17903
1761 0.172027
1762 0.16421
1763 0.165369
1764 0.173677
1765 0.172827
1766 0.172856
1767 0.179634
1768 0.173551
1769 0.171174
1770 0.184956
1771 0.177259
1772 0.16076
1773 0.181722
1774 0.178947
1775 0.177343
1776 0.188655
1777 0.172732
1778 0.192089
1779 0.197035
1780 0.176944
1781 0.19123
1782 0.183819
1783 0.174182
1784 0.185753
1785 0.171078
1786 0.16862
1787 0.168156
1788 0.16573
1789 0.176515
1790 0.170521
1791 0.160842
1792 0.178281
1793 0.16678
1794 0.162686
1795 0.173038
1796 0.169185
1797 0.165278
1798 0.164725
1799 0.169914
1800 0.175842
1801 0.166505
1802 0.160292
1803 0.171081
1804 0.17181
1805 0.156258
1806 0.173478
1807 0.169153
1808 0.153343
1809 0.177127
1810 0.168388
1811 0.165558
1812 0.183285
1813 0.168444
1814 0.175176
1815 0.179895
1816 0.172713
1817 0.181093
1818 0.169085
1819 0.179765
1820 0.179424
1821 0.174961
1822 0.168109
1823 0.168286
1824 0.18079
1825 0.161158
1826 0.177894
1827 0.177311
1828 0.17384
1829 0.170051
1830 0.173793
1831 0.172562
1832 0.157523
1833 0.164355
1834 0.16958
1835 0.165546
1836 0.158771
1837 0.18174
1838 0.168454
1839 0.176421
1840 0.190106
1841 0.1694
1842 0.176828
1843 0.179558
1844 0.168203
1845 0.176305
1846 0.170857
1847 0.175743
1848 0.181633
1849 0.169405
1850 0.166674
1851 0.176222
1852 0.18352
1853 0.165194
1854 0.167875
1855 0.184565
1856 0.166118
1857 0.178125
1858 0.179901
1859 0.166806
1860 0.171039
1861 0.176341
1862 0.16616
1863 0.16359
1864 0.178328
1865 0.170271
1866 0.166129
1867 0.178164
1868 0.17709
1869 0.181062
1870 0.178738
1871 0.179708
1872 0.190532
1873 0.177791
1874 0.169677
1875 0.181369
1876 0.186961
1877 0.168352
1878 0.179226
1879 0.188368
1880 0.169067
1881 0.170227
1882 0.182114
1883 0.171073
1884 0.165516
1885 0.174145
1886 0.169594
1887 0.172584
1888 0.184583
1889 0.162471
1890 0.164426
1891 0.17937
1892 0.168334
1893 0.172456
1894 0.176085
1895 0.173537
1896 0.182537
1897 0.171441
1898 0.170524
1899 0.178137
1900 0.163577
1901 0.165553
1902 0.170747
1903 0.170595
1904 0.16744
1905 0.168114
1906 0.169621
1907 0.174367
1908 0.161224
1909 0.164113
1910 0.161826
1911 0.171831
1912 0.168671
1913 0.163525
1914 0.167929
1915 0.171982
1916 0.179797
1917 0.173518
1918 0.166192
1919 0.175328
1920 0.178171
1921 0.16367
1922 0.166018
1923 0.1734
1924 0.171886
1925 0.167888
1926 0.178518
1927 0.173884
1928 0.175234
1929 0.175921
1930 0.169021
1931 0.179264
1932 0.168636
1933 0.163358
1934 0.177269
1935 0.16709
1936 0.172733
1937 0.175106
1938 0.178475
1939 0.176655
1940 0.175764
1941 0.179393
1942 0.167319
1943 0.176482
1944 0.166734
1945 0.157236
1946 0.177257
1947 0.170028
1948 0.167697
1949 0.174793
1950 0.166836
1951 0.167608
1952 0.183629
1953 0.164534
1954 0.169621
1955 0.180359
1956 0.165711
1957 0.178475
1958 0.165206
1959 0.174936
1960 0.174127
1961 0.169444
1962 0.175256
1963 0.175761
1964 0.178606
1965 0.174814
1966 0.170614
1967 0.172985
1968 0.177816
1969 0.167946
1970 0.1743
1971 0.169589
1972 0.17075
1973 0.172335
1974 0.16307
1975 0.171357
1976 0.17653
1977 0.171797
1978 0.182587
1979 0.168827
1980 0.179473
1981 0.186591
1982 0.178554
1983 0.179076
1984 0.189236
1985 0.176646
1986 0.186417
1987 0.171744
1988 0.169453
1989 0.172379
1990 0.169881
1991 0.171551
1992 0.16666
1993 0.174179
1994 0.165895
1995 0.159451
1996 0.170705
1997 0.174571
1998 0.151037
1999 0.175321
2000 0.174916
2001 0.156199
2002 0.169899
2003 0.162765
2004 0.172674
2005 0.178865
2006 0.174335
2007 0.173574
2008 0.185102
2009 0.176654
2010 0.170548
2011 0.175081
2012 0.170028
2013 0.167996
2014 0.163314
2015 0.171718
2016 0.173638
2017 0.174906
2018 0.178746
2019 0.175233
2020 0.180611
2021 0.167276
2022 0.176541
2023 0.171988
2024 0.159681
2025 0.179696
2026 0.169371
2027 0.162972
2028 0.169001
2029 0.17435
2030 0.160704
2031 0.171773
2032 0.18006
2033 0.161693
2034 0.175374
2035 0.177531
2036 0.16678
2037 0.178396
2038 0.170793
2039 0.165674
2040 0.181354
2041 0.175835
2042 0.180144
2043 0.180161
2044 0.177579
2045 0.18278
2046 0.185324
2047 0.180818
2048 0.173717
2049 0.168842
2050 0.18111
2051 0.166488
2052 0.157648
2053 0.163357
2054 0.166276
2055 0.168544
2056 0.17256
2057 0.181122
2058 0.180043
2059 0.177832
2060 0.186178
2061 0.187451
2062 0.175791
2063 0.176564
2064 0.186623
2065 0.186968
2066 0.179086
2067 0.176324
2068 0.174203
2069 0.178373
2070 0.174883
2071 0.162588
2072 0.163185
2073 0.175844
2074 0.166878
2075 0.170657
2076 0.178507
2077 0.171994
2078 0.174565
2079 0.178642
2080 0.176651
2081 0.174921
2082 0.173072
2083 0.177151
2084 0.180028
2085 0.170662
2086 0.173339
2087 0.179211
2088 0.170829
2089 0.165751
2090 0.169278
2091 0.162071
2092 0.159081
2093 0.161038
2094 0.161118
2095 0.171088
2096 0.163763
2097 0.178184
2098 0.188257
2099 0
