0 -6.52008
1 -5.15484
2 -17.1061
3 -31.572
4 -41.3541
5 -48.062
6 -49.6857
7 -50.7318
8 -50.5577
9 -48.8963
10 -46.5722
11 -46.1546
12 -47.9883
13 -38.7205
14 -32.4916
15 -26.1544
16 -16.2927
17 -8.79104
18 -9.24381
19 -1.7498
20 -1.06747
21 -1.77354
22 -0.174482
23 0.178106
24 0.137823
25 0.166387
26 0.303143
27 0.25149
28 0.273051
29 0.240711
30 0.379928
31 0.281553
32 0.49685
33 0.495496
34 0.428418
35 0.397427
36 0.478192
37 0.502748
38 0.538414
39 0.5165
40 0.354441
41 0.453297
42 0.500293
43 0.320655
44 0.345877
45 0.420249
46 0.323991
47 0.477875
48 0.458727
49 0.505045
50 0.350413
51 0.250143
52 0.279286
53 0.420242
54 0.427631
55 0.486018
56 0.466492
57 0.573414
58 0.394955
59 0.53926
60 0.505424
61 0.592038
62 0.411615
63 0.470278
64 0.508659
65 0.312661
66 0.245009
67 0.402171
68 0.396481
69 0.30624
70 0.331846
71 0.467576
72 0.549615
73 0.384271
74 0.497092
75 0.438108
76 0.332907
77 0.398589
78 0.478068
79 0.369541
80 0.27894
81 0.351685
82 0.382314
83 0.487412
84 0.506186
85 0.535217
86 0.586562
87 0.551085
88 0.343906
89 0.464978
90 0.547575
91 0.356956
92 0.37594
93 0.437366
94 0.277455
95 0.412108
96 0.361242
97 0.454221
98 0.359301
99 0.479693
100 0.349686
101 0.343301
102 0.427715
103 0.340075
104 0.509714
105 0.573944
106 0.376781
107 0.387716
108 0.486681
109 0.526946
110 0.328892
111 0.328139
112 0.347091
113 0.276247
114 0.362766
115 0.47834
116 0.30132
117 0.433219
118 0.534909
119 0.4781
120 0.291339
121 0.291481
122 0.229167
123 0.214242
124 0.153677
125 0.420852
126 0.377109
127 0.404731
128 0.483363
129 0.427844
130 0.315163
131 0.443155
132 0.29864
133 0.426594
134 0.355395
135 0.239555
136 0.223292
137 0.31268
138 0.356308
139 0.468253
140 0.37465
141 0.33644
142 0.487282
143 0.470602
144 0.288165
145 0.470194
146 0.486805
147 0.409082
148 0.343585
149 0.48743
150 0.564499
151 0.454625
152 0.412452
153 0.512937
154 0.565633
155 0.457199
156 0.562314
157 0.574237
158 0.364446
159 0.341485
160 0.303445
161 0.300187
162 0.219771
163 0.263149
164 0.37416
165 0.238895
166 0.193339
167 0.440975
168 0.271014
169 0.370446
170 0.367238
171 0.463255
172 0.291022
173 0.499546
174 0.32828
175 0.231165
176 0.301298
177 0.307395
178 0.404127
179 0.352001
180 0.428666
181 0.383854
182 0.340723
183 0.366539
184 0.298103
185 0.220223
186 0.380575
187 0.272824
188 0.438539
189 0.266195
190 0.241537
191 0.443401
192 0.351337
193 0.238005
194 0.30142
195 0.28284
196 0.238491
197 0.36656
198 0.500609
199 0.568998
200 0.495811
201 0.485732
202 0.42878
203 0.279749
204 0.402115
205 0.436257
206 0.455281
207 0.40187
208 0.471908
209 0.388951
210 0.316832
211 0.324632
212 0.430092
213 0.263386
214 0.405225
215 0.245104
216 0.324377
217 0.432636
218 0.312241
219 0.513919
220 0.560453
221 0.395725
222 0.284751
223 0.484827
224 0.312751
225 0.223201
226 0.45551
227 0.46457
228 0.535461
229 0.478603
230 0.37041
231 0.261988
232 0.419025
233 0.426234
234 0.389518
235 0.359265
236 0.402236
237 0.355192
238 0.437541
239 0.398144
240 0.270615
241 0.286637
242 0.256481
243 0.421284
244 0.411138
245 0.418172
246 0.423026
247 0.259112
248 0.363931
249 0.427654
250 0.532593
251 0.538374
252 0.46269
253 0.57152
254 0.402727
255 0.439896
256 0.360947
257 0.291716
258 0.358751
259 0.274058
260 0.437308
261 0.363028
262 0.323838
263 0.334046
264 0.363875
265 0.464643
266 0.484511
267 0.56306
268 0.438272
269 0.495987
270 0.538832
271 0.459658
272 0.489111
273 0.331441
274 0.343806
275 0.306038
276 0.436906
277 0.346674
278 0.247405
279 0.204999
280 0.181097
281 0.346255
282 0.385882
283 0.490333
284 0.498145
285 0.363373
286 0.493231
287 0.561182
288 0.336164
289 0.374619
290 0.247239
291 0.434468
292 0.341588
293 0.272368
294 0.266367
295 0.25151
296 0.242035
297 0.343202
298 0.414494
299 0.334653
300 0.383334
301 0.489457
302 0.379793
303 0.465849
304 0.278016
305 0.48857
306 0.450007
307 0.483712
308 0.348636
309 0.36681
310 0.25913
311 0.287267
312 0.356501
313 0.262565
314 0.266739
315 0.332517
316 0.446381
317 0.29194
318 0.36082
319 0.463488
320 0.458008
321 0.490847
322 0.422112
323 0.333749
324 0.506419
325 0.382269
326 0.396952
327 0.258574
328 0.199274
329 0.235781
330 0.179376
331 0.430918
332 0.282982
333 0.231413
334 0.350516
335 0.232092
336 0.39276
337 0.420851
338 0.492822
339 0.568566
340 0.400408
341 0.425241
342 0.445023
343 0.45808
344 0.310889
345 0.225824
346 0.240059
347 0.346688
348 0.463931
349 0.397268
350 0.395247
351 0.294798
352 0.297902
353 0.409545
354 0.383104
355 0.466937
356 0.331395
357 0.525017
358 0.432992
359 0.502946
360 0.362316
361 0.485545
362 0.298249
363 0.28578
364 0.426184
365 0.46708
366 0.304256
367 0.224907
368 0.274529
369 0.225012
370 0.220291
371 0.367918
372 0.248766
373 0.239461
374 0.393702
375 0.460004
376 0.561944
377 0.369592
378 0.299462
379 0.294811
380 0.454005
381 0.273413
382 0.303982
383 0.394177
384 0.2819
385 0.39468
386 0.393449
387 0.440517
388 0.310091
389 0.296989
390 0.431818
391 0.300198
392 0.443424
393 0.535846
394 0.331268
395 0.23204
396 0.224437
397 0.419642
398 0.280502
399 0.21576
400 0.365438
401 0.313156
402 0.364729
403 0.368807
404 0.522794
405 0.510351
406 0.471907
407 0.419765
408 0.328834
409 0.270636
410 0.458438
411 0.319267
412 0.321916
413 0.250316
414 0.356769
415 0.317514
416 0.344625
417 0.264142
418 0.41794
419 0.445213
420 0.383403
421 0.521307
422 0.380522
423 0.544291
424 0.400259
425 0.315779
426 0.249228
427 0.348422
428 0.386889
429 0.503753
430 0.420057
431 0.487254
432 0.422959
433 0.557494
434 0.577481
435 0.447528
436 0.300467
437 0.473782
438 0.419642
439 0.456294
440 0.320286
441 0.263146
442 0.284987
443 0.317338
444 0.42534
445 0.28631
446 0.432462
447 0.4243
448 0.363069
449 0.269918
450 0.411896
451 0.495229
452 0.466946
453 0.323712
454 0.254707
455 0.450758
456 0.438984
457 0.272656
458 0.449082
459 0.354095
460 0.394487
461 0.292048
462 0.218123
463 0.397198
464 0.41267
465 0.358125
466 0.455551
467 0.266111
468 0.416326
469 0.334948
470 0.296661
471 0.324159
472 0.315589
473 0.472409
474 0.278269
475 0.417647
476 0.467223
477 0.560041
478 0.576659
479 0.406567
480 0.265426
481 0.462945
482 0.333644
483 0.353758
484 0.246578
485 0.199187
486 0.398048
487 0.256376
488 0.346286
489 0.271312
490 0.459971
491 0.449896
492 0.452516
493 0.282464
494 0.469193
495 0.353661
496 0.476384
497 0.456327
498 0.377286
499 0.502639
500 0.542582
501 0.326071
502 0.485393
503 0.304892
504 0.337027
505 0.252271
506 0.189351
507 0.425389
508 0.279705
509 0.209867
510 0.248179
511 0.359584
512 0.464179
513 0.330288
514 0.368854
515 0.415994
516 0.311375
517 0.371534
518 0.366632
519 0.433584
520 0.427457
521 0.474609
522 0.323456
523 0.443451
524 0.394229
525 0.257744
526 0.375528
527 0.36537
528 0.319965
529 0.235583
530 0.459941
531 0.381051
532 0.409686
533 0.270257
534 0.475404
535 0.54709
536 0.336089
537 0.25869
538 0.45474
539 0.407759
540 0.381259
541 0.393465
542 0.398562
543 0.250178
544 0.490745
545 0.496469
546 0.422994
547 0.440698
548 0.549427
549 0.590211
550 0.391018
551 0.294815
552 0.436462
553 0.290008
554 0.511489
555 0.484712
556 0.430775
557 0.434535
558 0.507829
559 0.425913
560 0.428344
561 0.275914
562 0.492733
563 0.399131
564 0.446455
565 0.563618
566 0.604841
567 0.587588
568 0.410563
569 0.28954
570 0.417045
571 0.531274
572 0.56401
573 0.370988
574 0.385658
575 0.274999
576 0.3276
577 0.378637
578 0.50762
579 0.524985
580 0.367725
581 0.291527
582 0.470719
583 0.542834
584 0.471592
585 0.434606
586 0.428689
587 0.554257
588 0.371962
589 0.34339
590 0.282275
591 0.359891
592 0.428002
593 0.364486
594 0.285436
595 0.31849
596 0.49245
597 0.431934
598 0.406404
599 0.374555
600 0.23498
601 0.28562
602 0.235597
603 0.22462
604 0.369448
605 0.326125
606 0.479076
607 0.406889
608 0.408425
609 0.455787
610 0.462201
611 0.43477
612 0.403845
613 0.328121
614 0.51092
615 0.324767
616 0.354477
617 0.420653
618 0.298712
619 0.348497
620 0.389774
621 0.375691
622 0.456855
623 0.335379
624 0.242118
625 0.319914
626 0.325487
627 0.318955
628 0.425339
629 0.446577
630 0.270869
631 0.404643
632 0.250476
633 0.192763
634 0.252932
635 0.294646
636 0.217127
637 0.319531
638 0.367363
639 0.407259
640 0.393839
641 0.492097
642 0.430064
643 0.374231
644 0.302789
645 0.255354
646 0.310646
647 0.42571
648 0.290546
649 0.355138
650 0.301637
651 0.409815
652 0.401633
653 0.493479
654 0.417396
655 0.515763
656 0.362175
657 0.524077
658 0.362724
659 0.526202
660 0.491404
661 0.518795
662 0.539442
663 0.358517
664 0.440375
665 0.396336
666 0.505908
667 0.312748
668 0.511704
669 0.515598
670 0.578598
671 0.501551
672 0.399274
673 0.46542
674 0.464738
675 0.38303
676 0.488454
677 0.306443
678 0.291964
679 0.232935
680 0.234047
681 0.41644
682 0.299663
683 0.348833
684 0.494589
685 0.398799
686 0.450898
687 0.336039
688 0.272494
689 0.472945
690 0.42737
691 0.410889
692 0.304179
693 0.276816
694 0.233087
695 0.290452
696 0.449747
697 0.413533
698 0.428463
699 0.380735
700 0.404916
701 0.383886
702 0.487636
703 0.281184
704 0.427705
705 0.414444
706 0.360074
707 0.345405
708 0.270221
709 0.430765
710 0.301376
711 0.51548
712 0.463753
713 0.533431
714 0.38785
715 0.288218
716 0.399672
717 0.501954
718 0.478894
719 0.329435
720 0.348376
721 0.252183
722 0.253247
723 0.295903
724 0.228643
725 0.309685
726 0.447282
727 0.520087
728 0.364161
729 0.310389
730 0.466611
731 0.491311
732 0.426577
733 0.428982
734 0.544743
735 0.529864
736 0.560602
737 0.41382
738 0.473618
739 0.519947
740 0.496126
741 0.462765
742 0.475283
743 0.442303
744 0.566268
745 0.333352
746 0.486176
747 0.430131
748 0.346532
749 0.248037
750 0.417338
751 0.328779
752 0.317817
753 0.335666
754 0.361058
755 0.29448
756 0.451445
757 0.371691
758 0.301066
759 0.295481
760 0.364734
761 0.446889
762 0.2896
763 0.269849
764 0.279296
765 0.33884
766 0.399563
767 0.486671
768 0.32206
769 0.328045
770 0.387572
771 0.268641
772 0.356986
773 0.42512
774 0.494527
775 0.512441
776 0.455047
777 0.398383
778 0.373399
779 0.302367
780 0.388029
781 0.487133
782 0.443213
783 0.484394
784 0.298669
785 0.22215
786 0.359081
787 0.390147
788 0.393759
789 0.500265
790 0.439789
791 0.575574
792 0.414125
793 0.26645
794 0.236182
795 0.256141
796 0.366228
797 0.472578
798 0.281012
799 0.314521
800 0.44451
801 0.33931
802 0.385778
803 0.379127
804 0.379343
805 0.383185
806 0.34058
807 0.251862
808 0.470904
809 0.344367
810 0.502732
811 0.558649
812 0.424991
813 0.32094
814 0.505647
815 0.505236
816 0.565259
817 0.483663
818 0.382802
819 0.344723
820 0.487549
821 0.446062
822 0.54425
823 0.372359
824 0.301494
825 0.214384
826 0.196773
827 0.215416
828 0.265061
829 0.385299
830 0.413634
831 0.440011
832 0.511007
833 0.497255
834 0.592238
835 0.511203
836 0.566821
837 0.429173
838 0.281477
839 0.27911
840 0.201182
841 0.430919
842 0.53694
843 0.573685
844 0.381001
845 0.479994
846 0.288441
847 0.433104
848 0.252823
849 0.238583
850 0.230561
851 0.356467
852 0.41383
853 0.425799
854 0.295324
855 0.464071
856 0.299414
857 0.288354
858 0.204542
859 0.334448
860 0.303386
861 0.426616
862 0.393374
863 0.503157
864 0.47623
865 0.405256
866 0.306618
867 0.235985
868 0.326331
869 0.423045
870 0.46519
871 0.578305
872 0.412858
873 0.406251
874 0.5387
875 0.512817
876 0.377405
877 0.319929
878 0.396443
879 0.285119
880 0.460722
881 0.315034
882 0.283103
883 0.403691
884 0.287802
885 0.366058
886 0.422883
887 0.402861
888 0.492349
889 0.571412
890 0.327909
891 0.496084
892 0.341276
893 0.500907
894 0.46021
895 0.475127
896 0.381594
897 0.332942
898 0.494188
899 0.535145
900 0.378354
901 0.484102
902 0.446026
903 0.361904
904 0.277744
905 0.215132
906 0.223262
907 0.203048
908 0.187439
909 0.39724
910 0.248817
911 0.453123
912 0.267626
913 0.478575
914 0.27328
915 0.247889
916 0.325502
917 0.428906
918 0.388584
919 0.26598
920 0.275826
921 0.328926
922 0.308318
923 0.234242
924 0.206481
925 0.167914
926 0.37452
927 0.462243
928 0.412787
929 0.454701
930 0.403335
931 0.490578
932 0.49686
933 0.472879
934 0.541624
935 0.326861
936 0.405329
937 0.260456
938 0.384846
939 0.495455
940 0.528485
941 0.540062
942 0.391496
943 0.532022
944 0.352466
945 0.513483
946 0.577186
947 0.445022
948 0.395194
949 0.490822
950 0.453137
951 0.451397
952 0.275447
953 0.488272
954 0.285162
955 0.320659
956 0.279402
957 0.409168
958 0.393017
959 0.394199
960 0.369965
961 0.441167
962 0.434587
963 0.407358
964 0.333967
965 0.48453
966 0.414269
967 0.316006
968 0.312236
969 0.213656
970 0.208581
971 0.426403
972 0.498001
973 0.347519
974 0.401471
975 0.322704
976 0.372044
977 0.516605
978 0.527173
979 0.429619
980 0.378539
981 0.333839
982 0.271204
983 0.30408
984 0.478945
985 0.461903
986 0.56683
987 0.543729
988 0.487409
989 0.38661
990 0.351486
991 0.516149
992 0.497217
993 0.545433
994 0.401098
995 0.281653
996 0.419388
997 0.313031
998 0.493852
999 0.454365
1000 0.357923
1001 0.280552
1002 0.433482
1003 0.490252
1004 0.589581
1005 0.516156
1006 0.410466
1007 0.280934
1008 0.421295
1009 0.393998
1010 0.53004
1011 0.578435
1012 0.41449
1013 0.4803
1014 0.282178
1015 0.303261
1016 0.325379
1017 0.258961
1018 0.292805
1019 0.366139
1020 0.473085
1021 0.434129
1022 0.268542
1023 0.315967
1024 0.393645
1025 0.523676
1026 0.540656
1027 0.462827
1028 0.286195
1029 0.403752
1030 0.361675
1031 0.425129
1032 0.48341
1033 0.548081
1034 0.543743
1035 0.537397
1036 0.341305
1037 0.521181
1038 0.50612
1039 0.435819
1040 0.403946
1041 0.537186
1042 0.298506
1043 0.483689
1044 0.325582
1045 0.244011
1046 0.211753
1047 0.201184
1048 0.221629
1049 0.416471
1050 0.441073
1051 0.287182
1052 0.241154
1053 0.241306
1054 0.331577
1055 0.295021
1056 0.425131
1057 0.423628
1058 0.317222
1059 0.371076
1060 0.332242
1061 0.345996
1062 0.286488
1063 0.368649
1064 0.400741
1065 0.534862
1066 0.485398
1067 0.363425
1068 0.423474
1069 0.394956
1070 0.288683
1071 0.408418
1072 0.453123
1073 0.413258
1074 0.377544
1075 0.306994
1076 0.259838
1077 0.422116
1078 0.251142
1079 0.402776
1080 0.260373
1081 0.230307
1082 0.209993
1083 0.433145
1084 0.256585
1085 0.455149
1086 0.389
1087 0.426048
1088 0.485108
1089 0.511603
1090 0.293101
1091 0.454205
1092 0.286307
1093 0.450006
1094 0.418774
1095 0.35637
1096 0.452281
1097 0.431898
1098 0.346206
1099 0.290947
1100 0.228266
1101 0.223177
1102 0.185158
1103 0.165681
1104 0.294915
1105 0.469092
1106 0.482148
1107 0.339483
1108 0.341085
1109 0.32294
1110 0.435644
1111 0.540908
1112 0.523573
1113 0.303526
1114 0.519595
1115 0.532381
1116 0.536871
1117 0.395893
1118 0.526144
1119 0.494813
1120 0.431834
1121 0.54804
1122 0.402093
1123 0.517792
1124 0.554127
1125 0.57153
1126 0.628176
1127 0.413083
1128 0.573653
1129 0.460364
1130 0.511763
1131 0.356723
1132 0.479161
1133 0.45143
1134 0.298053
1135 0.230936
1136 0.183014
1137 0.345315
1138 0.204256
1139 0.382296
1140 0.411631
1141 0.509408
1142 0.437491
1143 0.389797
1144 0.415726
1145 0.444297
1146 0.548543
1147 0.432911
1148 0.573901
1149 0.349042
1150 0.258468
1151 0.404616
1152 0.514832
1153 0.545993
1154 0.605685
1155 0.534604
1156 0.619005
1157 0.639902
1158 0.438246
1159 0.415287
1160 0.253967
1161 0.303713
1162 0.226468
1163 0.181832
1164 0.300372
1165 0.229515
1166 0.312868
1167 0.422742
1168 0.531791
1169 0.438284
1170 0.459225
1171 0.304887
1172 0.26271
1173 0.437381
1174 0.462746
1175 0.473345
1176 0.375518
1177 0.500936
1178 0.572733
1179 0.523846
1180 0.497601
1181 0.396631
1182 0.407158
1183 0.3644
1184 0.2615
1185 0.357581
1186 0.342068
1187 0.494797
1188 0.463388
1189 0.580383
1190 0.510565
1191 0.485642
1192 0.496358
1193 0.437707
1194 0.355775
1195 0.469658
1196 0.554177
1197 0.352956
1198 0.457505
1199 0.353393
1200 0.444668
1201 0.444139
1202 0.385072
1203 0.360491
1204 0.264756
1205 0.192001
1206 0.377373
1207 0.32703
1208 0.462148
1209 0.435561
1210 0.331669
1211 0.329486
1212 0.462324
1213 0.552248
1214 0.30628
1215 0.394673
1216 0.409316
1217 0.363225
1218 0.239637
1219 0.220573
1220 0.28536
1221 0.324584
1222 0.410067
1223 0.359738
1224 0.255712
1225 0.196125
1226 0.333774
1227 0.237156
1228 0.289122
1229 0.271536
1230 0.338923
1231 0.453931
1232 0.42021
1233 0.488416
1234 0.457585
1235 0.288515
1236 0.387085
1237 0.309432
1238 0.274968
1239 0.397276
1240 0.398727
1241 0.366144
1242 0.302155
1243 0.345665
1244 0.487862
1245 0.548957
1246 0.478857
1247 0.455395
1248 0.49303
1249 0.436547
1250 0.568133
1251 0.478088
1252 0.52336
1253 0.369153
1254 0.483349
1255 0.360688
1256 0.467001
1257 0.356004
1258 0.396618
1259 0.368005
1260 0.246312
1261 0.276088
1262 0.423845
1263 0.265061
1264 0.334643
1265 0.341096
1266 0.463938
1267 0.4603
1268 0.352202
1269 0.316628
1270 0.306161
1271 0.241607
1272 0.437373
1273 0.367803
1274 0.324023
1275 0.497402
1276 0.286567
1277 0.424948
1278 0.508502
1279 0.490721
1280 0.417724
1281 0.520954
1282 0.507372
1283 0.441437
1284 0.34448
1285 0.338403
1286 0.303353
1287 0.303491
1288 0.452255
1289 0.422702
1290 0.329917
1291 0.317738
1292 0.41892
1293 0.301353
1294 0.434995
1295 0.313958
1296 0.478499
1297 0.359553
1298 0.501294
1299 0.531678
1300 0.408693
1301 0.507964
1302 0.368152
1303 0.33841
1304 0.268532
1305 0.314673
1306 0.373793
1307 0.331482
1308 0.501139
1309 0.390689
1310 0.328183
1311 0.223886
1312 0.325916
1313 0.260427
1314 0.237478
1315 0.28999
1316 0.474688
1317 0.453582
1318 0.345868
1319 0.299356
1320 0.279048
1321 0.454769
1322 0.492244
1323 0.511601
1324 0.395158
1325 0.271421
1326 0.28261
1327 0.328105
1328 0.376699
1329 0.490976
1330 0.47127
1331 0.514156
1332 0.576145
1333 0.459981
1334 0.466507
1335 0.565082
1336 0.599392
1337 0.342339
1338 0.337098
1339 0.316213
1340 0.40585
1341 0.52489
1342 0.426247
1343 0.340629
1344 0.413094
1345 0.348932
1346 0.389099
1347 0.325832
1348 0.374794
1349 0.439293
1350 0.298927
1351 0.406595
1352 0.335893
1353 0.383272
1354 0.525783
1355 0.427533
1356 0.536761
1357 0.545212
1358 0.49308
1359 0.429459
1360 0.378033
1361 0.420971
1362 0.461829
1363 0.366188
1364 0.420148
1365 0.298665
1366 0.365128
1367 0.337085
1368 0.252058
1369 0.462149
1370 0.287434
1371 0.479643
1372 0.385014
1373 0.531508
1374 0.431551
1375 0.465338
1376 0.337665
1377 0.251827
1378 0.205046
1379 0.32942
1380 0.353102
1381 0.334763
1382 0.44925
1383 0.273075
1384 0.236193
1385 0.37608
1386 0.502072
1387 0.388769
1388 0.467317
1389 0.282332
1390 0.366237
1391 0.332488
1392 0.499045
1393 0.520616
1394 0.39505
1395 0.312241
1396 0.32347
1397 0.413876
1398 0.414838
1399 0.44626
1400 0.282833
1401 0.42672
1402 0.245846
1403 0.250271
1404 0.219587
1405 0.279554
1406 0.192697
1407 0.286781
1408 0.439328
1409 0.507191
1410 0.455371
1411 0.524504
1412 0.357286
1413 0.509956
1414 0.34927
1415 0.528523
1416 0.551115
1417 0.481468
1418 0.546316
1419 0.367448
1420 0.317901
1421 0.480509
1422 0.482179
1423 0.355186
1424 0.254683
1425 0.288369
1426 0.457779
1427 0.41088
1428 0.385023
1429 0.506666
1430 0.346673
1431 0.315598
1432 0.246201
1433 0.351907
1434 0.431712
1435 0.44928
1436 0.549515
1437 0.484631
1438 0.445366
1439 0.319346
1440 0.349844
1441 0.337625
1442 0.445168
1443 0.455537
1444 0.327914
1445 0.27118
1446 0.480947
1447 0.496751
1448 0.398391
1449 0.362001
1450 0.308821
1451 0.456173
1452 0.516381
1453 0.493445
1454 0.44953
1455 0.287969
1456 0.269539
1457 0.309937
1458 0.284207
1459 0.35097
1460 0.424664
1461 0.46672
1462 0.46694
1463 0.509274
1464 0.461059
1465 0.428371
1466 0.265036
1467 0.439901
1468 0.52162
1469 0.366853
1470 0.309781
1471 0.378396
1472 0.296318
1473 0.458156
1474 0.275853
1475 0.29738
1476 0.299634
1477 0.378356
1478 0.501062
1479 0.539745
1480 0.314021
1481 0.445274
1482 0.320572
1483 0.33896
1484 0.435163
1485 0.310065
1486 0.432872
1487 0.289349
1488 0.483148
1489 0.290727
1490 0.23117
1491 0.332621
1492 0.322586
1493 0.255619
1494 0.323859
1495 0.290206
1496 0.432433
1497 0.539697
1498 0.321307
1499 0.278281
1500 0.230905
1501 0.44139
1502 0.380371
1503 0.303471
1504 0.377989
1505 0.448907
1506 0.401677
1507 0.49275
1508 0.562756
1509 0.369982
1510 0.512396
1511 0.507008
1512 0.5048
1513 0.516341
1514 0.517494
1515 0.434375
1516 0.37803
1517 0.468582
1518 0.510869
1519 0.366879
1520 0.257139
1521 0.382036
1522 0.251307
1523 0.283253
1524 0.462631
1525 0.263016
1526 0.400861
1527 0.469068
1528 0.352772
1529 0.374253
1530 0.376997
1531 0.366576
1532 0.269432
1533 0.338923
1534 0.384182
1535 0.342365
1536 0.349317
1537 0.510115
1538 0.504316
1539 0.383731
1540 0.436176
1541 0.488692
1542 0.330723
1543 0.386536
1544 0.462975
1545 0.291697
1546 0.346858
1547 0.452061
1548 0.312808
1549 0.344881
1550 0.410759
1551 0.369921
1552 0.265188
1553 0.237719
1554 0.414762
1555 0.335416
1556 0.30765
1557 0.28688
1558 0.314887
1559 0.437043
1560 0.377412
1561 0.308167
1562 0.215968
1563 0.32546
1564 0.289772
1565 0.299262
1566 0.426984
1567 0.493154
1568 0.359559
1569 0.309814
1570 0.473009
1571 0.278989
1572 0.395797
1573 0.488365
1574 0.500696
1575 0.477751
1576 0.449015
1577 0.475877
1578 0.437829
1579 0.517185
1580 0.476894
1581 0.342205
1582 0.425433
1583 0.366813
1584 0.479223
1585 0.385006
1586 0.538393
1587 0.407501
1588 0.427558
1589 0.441523
1590 0.469207
1591 0.366955
1592 0.332308
1593 0.439296
1594 0.365488
1595 0.480019
1596 0.354883
1597 0.515798
1598 0.340519
1599 0.270552
1600 0.399942
1601 0.232626
1602 0.468161
1603 0.287503
1604 0.312883
1605 0.215589
1606 0.212984
1607 0.256464
1608 0.278727
1609 0.346061
1610 0.250154
1611 0.228075
1612 0.431857
1613 0.393663
1614 0.376981
1615 0.509685
1616 0.40074
1617 0.412874
1618 0.278788
1619 0.357018
1620 0.281699
1621 0.202552
1622 0.278529
1623 0.259335
1624 0.410566
1625 0.378434
1626 0.435146
1627 0.543318
1628 0.304482
1629 0.384397
1630 0.48135
1631 0.560328
1632 0.524656
1633 0.564243
1634 0.391004
1635 0.280277
1636 0.227323
1637 0.212074
1638 0.241697
1639 0.359292
1640 0.352162
1641 0.382154
1642 0.518622
1643 0.56782
1644 0.518734
1645 0.38564
1646 0.410578
1647 0.435267
1648 0.347938
1649 0.279864
1650 0.411043
1651 0.484711
1652 0.440762
1653 0.562723
1654 0.608819
1655 0.414228
1656 0.506785
1657 0.543332
1658 0.556422
1659 0.567818
1660 0.417513
1661 0.4592
1662 0.322911
1663 0.50944
1664 0.447514
1665 0.401678
1666 0.323283
1667 0.442989
1668 0.48041
1669 0.422818
1670 0.494844
1671 0.403168
1672 0.501618
1673 0.409368
1674 0.480305
1675 0.557414
1676 0.42833
1677 0.280629
1678 0.263014
1679 0.446682
1680 0.445538
1681 0.280066
1682 0.25682
1683 0.257729
1684 0.431471
1685 0.497728
1686 0.47562
1687 0.516542
1688 0.461394
1689 0.489432
1690 0.507728
1691 0.383043
1692 0.452437
1693 0.503438
1694 0.435668
1695 0.55556
1696 0.556288
1697 0.369168
1698 0.478711
1699 0.457503
1700 0.326989
1701 0.404718
1702 0.486104
1703 0.486316
1704 0.455344
1705 0.288663
1706 0.232129
1707 0.440354
1708 0.352323
1709 0.500912
1710 0.536448
1711 0.336829
1712 0.392973
1713 0.463057
1714 0.408741
1715 0.455064
1716 0.517307
1717 0.549329
1718 0.341934
1719 0.512012
1720 0.368081
1721 0.26221
1722 0.242286
1723 0.382246
1724 0.478245
1725 0.491437
1726 0.410394
1727 0.510843
1728 0.476189
1729 0.41394
1730 0.436955
1731 0.523506
1732 0.393695
1733 0.399198
1734 0.355824
1735 0.507349
1736 0.526871
1737 0.457419
1738 0.559012
1739 0.467395
1740 0.343773
1741 0.248806
1742 0.34585
1743 0.3592
1744 0.227462
1745 0.435691
1746 0.344145
1747 0.516882
1748 0.483224
1749 0.381685
1750 0.375005
1751 0.350352
1752 0.330714
1753 0.484129
1754 0.52698
1755 0.551768
1756 0.397216
1757 0.258544
1758 0.451654
1759 0.365029
1760 0.314782
1761 0.393634
1762 0.290977
1763 0.241628
1764 0.346456
1765 0.259883
1766 0.22126
1767 0.420649
1768 0.332198
1769 0.503691
1770 0.345988
1771 0.462373
1772 0.286359
1773 0.36036
1774 0.237078
1775 0.220443
1776 0.336749
1777 0.377107
1778 0.237606
1779 0.327123
1780 0.465214
1781 0.431597
1782 0.329632
1783 0.421377
1784 0.42199
1785 0.394781
1786 0.507376
1787 0.554911
1788 0.581015
1789 0.495553
1790 0.359925
1791 0.442093
1792 0.355928
1793 0.291118
1794 0.387716
1795 0.333435
1796 0.278144
1797 0.389177
1798 0.370853
1799 0.44022
1800 0.389301
1801 0.347086
1802 0.395832
1803 0.243623
1804 0.275097
1805 0.219187
1806 0.343582
1807 0.30848
1808 0.339983
1809 0.500682
1810 0.438998
1811 0.436184
1812 0.348141
1813 0.399969
1814 0.496787
1815 0.531423
1816 0.397417
1817 0.50743
1818 0.577799
1819 0.499741
1820 0.466155
1821 0.444442
1822 0.383495
1823 0.315631
1824 0.301177
1825 0.41116
1826 0.501085
1827 0.571227
1828 0.418584
1829 0.303982
1830 0.453355
1831 0.449859
1832 0.283227
1833 0.469369
1834 0.427656
1835 0.296625
1836 0.241679
1837 0.294459
1838 0.359029
1839 0.43521
1840 0.294945
1841 0.290545
1842 0.203781
1843 0.218112
1844 0.3556
1845 0.218595
1846 0.328723
1847 0.25635
1848 0.27982
1849 0.35165
1850 0.411833
1851 0.24198
1852 0.350342
1853 0.465705
1854 0.571827
1855 0.421559
1856 0.417247
1857 0.368384
1858 0.402004
1859 0.52415
1860 0.455185
1861 0.520748
1862 0.56652
1863 0.382992
1864 0.26646
1865 0.374571
1866 0.259867
1867 0.404097
1868 0.486915
1869 0.376941
1870 0.337406
1871 0.310081
1872 0.337129
1873 0.303463
1874 0.258991
1875 0.363865
1876 0.266277
1877 0.252795
1878 0.212137
1879 0.170585
1880 0.153026
1881 0.341223
1882 0.456578
1883 0.298927
1884 0.478174
1885 0.35958
1886 0.392572
1887 0.404129
1888 0.369809
1889 0.502575
1890 0.421283
1891 0.453129
1892 0.451888
1893 0.449014
1894 0.369338
1895 0.393266
1896 0.510892
1897 0.376706
1898 0.534036
1899 0.36491
1900 0.413551
1901 0.383221
1902 0.499285
1903 0.43942
1904 0.423877
1905 0.398153
1906 0.366225
1907 0.523205
1908 0.555259
1909 0.411775
1910 0.291367
1911 0.448273
1912 0.322912
1913 0.295723
1914 0.354263
1915 0.390331
1916 0.476416
1917 0.292154
1918 0.321745
1919 0.221002
1920 0.346232
1921 0.300001
1922 0.460934
1923 0.438863
1924 0.55294
1925 0.486781
1926 0.499439
1927 0.385199
1928 0.322082
1929 0.455345
1930 0.539104
1931 0.43671
1932 0.556393
1933 0.510926
1934 0.390158
1935 0.53974
1936 0.353383
1937 0.411359
1938 0.478884
1939 0.420813
1940 0.556493
1941 0.421698
1942 0.278836
1943 0.438405
1944 0.462745
1945 0.453079
1946 0.473148
1947 0.27943
1948 0.336436
1949 0.24794
1950 0.263934
1951 0.286218
1952 0.319224
1953 0.490136
1954 0.284562
1955 0.355715
1956 0.327859
1957 0.327364
1958 0.492173
1959 0.340731
1960 0.361686
1961 0.276878
1962 0.418705
1963 0.480566
1964 0.347418
1965 0.532698
1966 0.352056
1967 0.320156
1968 0.220288
1969 0.232809
1970 0.34683
1971 0.468704
1972 0.501627
1973 0.58007
1974 0.460226
1975 0.593217
1976 0.604358
1977 0.547724
1978 0.593655
1979 0.332648
1980 0.521075
1981 0.407679
1982 0.505314
1983 0.360783
1984 0.26733
1985 0.274572
1986 0.266714
1987 0.356576
1988 0.236816
1989 0.447679
1990 0.518819
1991 0.359013
1992 0.467122
1993 0.307933
1994 0.427224
1995 0.301936
1996 0.373686
1997 0.392217
1998 0.532261
1999 0.349631
2000 0.462707
2001 0.504949
2002 0.570833
2003 0.367846
2004 0.54247
2005 0.471632
2006 0.520281
2007 0.327489
2008 0.284788
2009 0.307747
2010 0.394935
2011 0.43829
2012 0.460186
2013 0.323865
2014 0.249452
2015 0.418999
2016 0.438003
2017 0.521787
2018 0.450985
2019 0.298201
2020 0.323477
2021 0.204989
2022 0.282465
2023 0.304195
2024 0.297397
2025 0.488382
2026 0.563905
2027 0.458257
2028 0.529437
2029 0.533617
2030 0.307835
2031 0.273936
2032 0.363391
2033 0.47663
2034 0.568834
2035 0.342004
2036 0.366364
2037 0.36769
2038 0.274702
2039 0.244195
2040 0.19469
2041 0.395263
2042 0.290772
2043 0.208186
2044 0.417285
2045 0.394588
2046 0.346629
2047 0.485055
2048 0.464042
2049 0.278022
2050 0.348208
2051 0.494173
2052 0.535306
2053 0.336115
2054 0.368547
2055 0.32473
2056 0.253041
2057 0.382887
2058 0.477603
2059 0.350148
2060 0.531326
2061 0.358795
2062 0.428111
2063 0.472425
2064 0.532933
2065 0.351982
2066 0.350105
2067 0.413061
2068 0.498255
2069 0.412654
2070 0.329447
2071 0.223959
2072 0.277905
2073 0.196497
2074 0.159043
2075 0.160857
2076 0.131125
2077 0.172716
2078 0.319356
2079 0.448892
2080 0.322998
2081 0.321727
2082 0.217126
2083 0.368129
2084 0.469435
2085 0.428034
2086 0.401871
2087 0.490734
2088 0.422323
2089 0.362828
2090 0.374078
2091 0.26635
2092 0.197146
2093 0.411513
2094 0.341285
2095 0.289132
2096 0.443512
2097 0.496761
2098 0.442675
2099 0
