0 2.56637
1 1.76218
2 2.44194
3 2.91669
4 3.0596
5 2.24322
6 1.51062
7 0.58272
8 -0.190534
9 -0.951919
10 -0.765658
11 -0.813897
12 -0.779434
13 -1.835
14 -0.345326
15 -0.525735
16 -0.0349491
17 -0.250859
18 0.267245
19 0.31921
20 0.25229
21 0.217637
22 0.201946
23 0.193398
24 0.195825
25 0.194624
26 0.192259
27 0.192111
28 0.193797
29 0.191191
30 0.192983
31 0.192318
32 0.195244
33 0.195401
34 0.194037
35 0.193518
36 0.194981
37 0.195151
38 0.195882
39 0.195408
40 0.193294
41 0.194346
42 0.195945
43 0.192958
44 0.192638
45 0.193675
46 0.193026
47 0.1946
48 0.194006
49 0.194249
50 0.193648
51 0.192566
52 0.191811
53 0.194585
54 0.19421
55 0.195032
56 0.194221
57 0.195935
58 0.194133
59 0.196606
60 0.196445
61 0.197757
62 0.194433
63 0.194426
64 0.195504
65 0.193263
66 0.192194
67 0.194204
68 0.193639
69 0.192188
70 0.192244
71 0.19485
72 0.197065
73 0.193638
74 0.195249
75 0.193995
76 0.192711
77 0.193495
78 0.194734
79 0.192782
80 0.191873
81 0.192777
82 0.193354
83 0.19519
84 0.195321
85 0.195272
86 0.196275
87 0.196156
88 0.19314
89 0.195331
90 0.197507
91 0.194358
92 0.193762
93 0.193584
94 0.192579
95 0.193428
96 0.193009
97 0.194477
98 0.193213
99 0.194405
100 0.192872
101 0.192445
102 0.194064
103 0.192607
104 0.195356
105 0.197513
106 0.193969
107 0.193134
108 0.194969
109 0.195566
110 0.193334
111 0.192696
112 0.192519
113 0.191558
114 0.192295
115 0.19554
116 0.191804
117 0.193378
118 0.196186
119 0.194869
120 0.193795
121 0.191884
122 0.191074
123 0.191177
124 0.19112
125 0.195236
126 0.193115
127 0.192875
128 0.195042
129 0.194006
130 0.1925
131 0.194403
132 0.192821
133 0.193434
134 0.193142
135 0.192478
136 0.191503
137 0.192592
138 0.192316
139 0.194629
140 0.193302
141 0.192766
142 0.195622
143 0.195479
144 0.192649
145 0.195241
146 0.195133
147 0.193659
148 0.192944
149 0.195208
150 0.196986
151 0.194303
152 0.193674
153 0.195774
154 0.196556
155 0.194585
156 0.196202
157 0.197022
158 0.194067
159 0.193154
160 0.191913
161 0.191793
162 0.191058
163 0.19147
164 0.193068
165 0.19183
166 0.191634
167 0.195887
168 0.192772
169 0.193148
170 0.192644
171 0.194588
172 0.1925
173 0.195646
174 0.193506
175 0.191805
176 0.192449
177 0.191777
178 0.193467
179 0.192347
180 0.193812
181 0.192698
182 0.192612
183 0.19263
184 0.191935
185 0.191403
186 0.192821
187 0.191712
188 0.195064
189 0.192734
190 0.191454
191 0.194848
192 0.192876
193 0.192519
194 0.191633
195 0.19122
196 0.190722
197 0.192908
198 0.195668
199 0.196296
200 0.195198
201 0.194554
202 0.193896
203 0.192074
204 0.193872
205 0.194245
206 0.19399
207 0.193474
208 0.194246
209 0.193136
210 0.192345
211 0.192383
212 0.193836
213 0.192679
214 0.193856
215 0.193009
216 0.192335
217 0.194271
218 0.192331
219 0.196631
220 0.197414
221 0.194913
222 0.193301
223 0.196747
224 0.193584
225 0.192176
226 0.195819
227 0.194926
228 0.195789
229 0.195047
230 0.193951
231 0.19208
232 0.194797
233 0.19436
234 0.193063
235 0.192456
236 0.193657
237 0.192672
238 0.19388
239 0.192958
240 0.19228
241 0.191794
242 0.191901
243 0.19428
244 0.193588
245 0.193595
246 0.193255
247 0.192361
248 0.192942
249 0.194438
250 0.195998
251 0.195181
252 0.194358
253 0.196933
254 0.194527
255 0.194318
256 0.192986
257 0.19227
258 0.192388
259 0.191882
260 0.19391
261 0.193005
262 0.192223
263 0.192384
264 0.192292
265 0.194414
266 0.194669
267 0.196761
268 0.194324
269 0.195229
270 0.196112
271 0.1948
272 0.194247
273 0.192713
274 0.192268
275 0.191542
276 0.193702
277 0.192418
278 0.191888
279 0.191452
280 0.191117
281 0.192773
282 0.192825
283 0.194657
284 0.194694
285 0.193611
286 0.195507
287 0.196922
288 0.194005
289 0.193397
290 0.192009
291 0.194163
292 0.192915
293 0.191915
294 0.191132
295 0.191183
296 0.190813
297 0.192522
298 0.193713
299 0.192124
300 0.192984
301 0.194902
302 0.193517
303 0.194734
304 0.192091
305 0.195519
306 0.194813
307 0.194602
308 0.193055
309 0.192851
310 0.19186
311 0.192124
312 0.192547
313 0.191678
314 0.191286
315 0.19285
316 0.194226
317 0.192896
318 0.193465
319 0.195025
320 0.19455
321 0.194866
322 0.193924
323 0.192641
324 0.196656
325 0.193602
326 0.19319
327 0.191745
328 0.191122
329 0.191175
330 0.190369
331 0.195935
332 0.192781
333 0.191498
334 0.192522
335 0.191751
336 0.193071
337 0.193304
338 0.19439
339 0.196351
340 0.194222
341 0.193913
342 0.19446
343 0.194342
344 0.192606
345 0.19187
346 0.191471
347 0.192607
348 0.195194
349 0.193063
350 0.193035
351 0.191934
352 0.191537
353 0.193663
354 0.192697
355 0.194175
356 0.19225
357 0.195823
358 0.194509
359 0.194756
360 0.193484
361 0.194624
362 0.193152
363 0.192239
364 0.194272
365 0.195111
366 0.193126
367 0.192098
368 0.191344
369 0.191128
370 0.19079
371 0.192676
372 0.191983
373 0.191081
374 0.193651
375 0.194043
376 0.196777
377 0.194494
378 0.192878
379 0.192523
380 0.195268
381 0.192405
382 0.192114
383 0.193543
384 0.191738
385 0.192971
386 0.193166
387 0.193744
388 0.192508
389 0.192121
390 0.194667
391 0.192417
392 0.194153
393 0.197091
394 0.194103
395 0.193083
396 0.192025
397 0.196022
398 0.193187
399 0.192059
400 0.193351
401 0.192429
402 0.192786
403 0.192376
404 0.196129
405 0.195464
406 0.194612
407 0.193408
408 0.192652
409 0.192682
410 0.195744
411 0.193105
412 0.193079
413 0.191943
414 0.192611
415 0.192308
416 0.192382
417 0.192027
418 0.193779
419 0.194603
420 0.19255
421 0.196104
422 0.193147
423 0.196144
424 0.193954
425 0.192595
426 0.191685
427 0.1928
428 0.193038
429 0.194825
430 0.193911
431 0.194572
432 0.194148
433 0.196252
434 0.197483
435 0.194918
436 0.193136
437 0.195473
438 0.194133
439 0.19415
440 0.192903
441 0.192352
442 0.191483
443 0.192379
444 0.19383
445 0.191825
446 0.194057
447 0.194137
448 0.193017
449 0.192211
450 0.19388
451 0.195562
452 0.194482
453 0.193447
454 0.191893
455 0.195785
456 0.19492
457 0.19239
458 0.19431
459 0.193362
460 0.192792
461 0.192337
462 0.19171
463 0.193799
464 0.193895
465 0.193157
466 0.194509
467 0.193009
468 0.193799
469 0.192713
470 0.191611
471 0.191891
472 0.19211
473 0.195388
474 0.193005
475 0.193749
476 0.194055
477 0.196622
478 0.197428
479 0.19489
480 0.193391
481 0.195229
482 0.193324
483 0.192865
484 0.191751
485 0.191424
486 0.193972
487 0.192133
488 0.192333
489 0.19221
490 0.195031
491 0.19454
492 0.194335
493 0.192995
494 0.195437
495 0.193243
496 0.194893
497 0.194395
498 0.193188
499 0.195145
500 0.196124
501 0.194349
502 0.194936
503 0.192352
504 0.192707
505 0.191502
506 0.191036
507 0.19502
508 0.192921
509 0.191981
510 0.191704
511 0.192673
512 0.195119
513 0.192905
514 0.192838
515 0.193181
516 0.191947
517 0.192936
518 0.192651
519 0.193658
520 0.19364
521 0.194445
522 0.193266
523 0.194622
524 0.19309
525 0.192346
526 0.192723
527 0.192837
528 0.19243
529 0.19175
530 0.19514
531 0.193287
532 0.19316
533 0.192462
534 0.195235
535 0.196766
536 0.19452
537 0.193768
538 0.195708
539 0.194257
540 0.193128
541 0.192925
542 0.19325
543 0.192589
544 0.196266
545 0.195475
546 0.194027
547 0.194252
548 0.19668
549 0.197932
550 0.194895
551 0.194037
552 0.194424
553 0.193068
554 0.19515
555 0.195345
556 0.194043
557 0.194021
558 0.19534
559 0.193965
560 0.193556
561 0.192335
562 0.195468
563 0.193361
564 0.193891
565 0.197149
566 0.197974
567 0.197026
568 0.194963
569 0.19285
570 0.194299
571 0.196849
572 0.196744
573 0.194278
574 0.192763
575 0.192038
576 0.19269
577 0.192487
578 0.195456
579 0.195891
580 0.193877
581 0.193196
582 0.195998
583 0.19753
584 0.195091
585 0.193808
586 0.19423
587 0.197308
588 0.194593
589 0.193561
590 0.191954
591 0.1928
592 0.193757
593 0.192986
594 0.192025
595 0.19181
596 0.195624
597 0.194111
598 0.193384
599 0.192795
600 0.191521
601 0.19147
602 0.191261
603 0.190713
604 0.192544
605 0.191915
606 0.194987
607 0.193724
608 0.192747
609 0.194103
610 0.19419
611 0.193762
612 0.193228
613 0.192595
614 0.195387
615 0.193197
616 0.192817
617 0.193699
618 0.19252
619 0.192599
620 0.193169
621 0.192668
622 0.194423
623 0.192925
624 0.192316
625 0.192471
626 0.192126
627 0.191914
628 0.193333
629 0.193378
630 0.192856
631 0.193786
632 0.191752
633 0.191562
634 0.190912
635 0.191831
636 0.191068
637 0.191924
638 0.192911
639 0.19316
640 0.193362
641 0.195223
642 0.193938
643 0.1932
644 0.192211
645 0.191524
646 0.191993
647 0.194425
648 0.192522
649 0.192923
650 0.192064
651 0.193161
652 0.193709
653 0.194927
654 0.193161
655 0.195222
656 0.193336
657 0.196327
658 0.194013
659 0.195554
660 0.194866
661 0.195461
662 0.196038
663 0.193569
664 0.194282
665 0.193365
666 0.19539
667 0.193436
668 0.196163
669 0.196447
670 0.19683
671 0.195467
672 0.193863
673 0.194184
674 0.194954
675 0.193185
676 0.194929
677 0.192417
678 0.192088
679 0.191219
680 0.191163
681 0.193934
682 0.192014
683 0.192191
684 0.195036
685 0.193281
686 0.194318
687 0.192486
688 0.192128
689 0.19586
690 0.19453
691 0.193594
692 0.191962
693 0.191526
694 0.191209
695 0.191797
696 0.194849
697 0.193558
698 0.19373
699 0.192966
700 0.193214
701 0.193285
702 0.19423
703 0.193203
704 0.194326
705 0.193885
706 0.192884
707 0.192748
708 0.191666
709 0.194273
710 0.192445
711 0.195635
712 0.194476
713 0.195372
714 0.19388
715 0.192395
716 0.193696
717 0.195934
718 0.195038
719 0.193298
720 0.192482
721 0.191413
722 0.191762
723 0.191563
724 0.191
725 0.191952
726 0.194911
727 0.196285
728 0.193979
729 0.192676
730 0.195409
731 0.195639
732 0.193684
733 0.193665
734 0.196576
735 0.19601
736 0.197199
737 0.194403
738 0.194453
739 0.195787
740 0.195573
741 0.194695
742 0.194543
743 0.193921
744 0.197139
745 0.195033
746 0.195619
747 0.194024
748 0.192769
749 0.192196
750 0.194148
751 0.19221
752 0.192263
753 0.192623
754 0.192447
755 0.192133
756 0.194416
757 0.193216
758 0.192255
759 0.191852
760 0.193017
761 0.194256
762 0.192601
763 0.192368
764 0.191877
765 0.192185
766 0.192951
767 0.194843
768 0.192843
769 0.192291
770 0.193256
771 0.191954
772 0.192553
773 0.193875
774 0.194878
775 0.19515
776 0.194318
777 0.1937
778 0.192776
779 0.192594
780 0.19303
781 0.195056
782 0.193756
783 0.194702
784 0.193266
785 0.191876
786 0.193128
787 0.193186
788 0.193223
789 0.194996
790 0.193509
791 0.196278
792 0.193989
793 0.192442
794 0.191631
795 0.191558
796 0.192983
797 0.195375
798 0.192715
799 0.192476
800 0.194126
801 0.19265
802 0.193447
803 0.193188
804 0.192612
805 0.192798
806 0.192368
807 0.191558
808 0.195767
809 0.193316
810 0.195064
811 0.19621
812 0.194289
813 0.193184
814 0.196279
815 0.195905
816 0.19687
817 0.194898
818 0.193271
819 0.19293
820 0.195605
821 0.194094
822 0.195772
823 0.193619
824 0.192399
825 0.191579
826 0.190394
827 0.190884
828 0.191274
829 0.193084
830 0.19292
831 0.19328
832 0.195193
833 0.195
834 0.197249
835 0.19535
836 0.196592
837 0.19439
838 0.192943
839 0.19186
840 0.191868
841 0.195437
842 0.197311
843 0.196967
844 0.193849
845 0.194582
846 0.193351
847 0.194211
848 0.19222
849 0.191555
850 0.190914
851 0.192754
852 0.19353
853 0.192718
854 0.191764
855 0.194316
856 0.192657
857 0.192023
858 0.19146
859 0.192763
860 0.191697
861 0.193652
862 0.192785
863 0.195261
864 0.194736
865 0.193611
866 0.192404
867 0.191596
868 0.19259
869 0.193867
870 0.194025
871 0.196547
872 0.194033
873 0.192965
874 0.196868
875 0.195954
876 0.193794
877 0.192271
878 0.193219
879 0.192056
880 0.194671
881 0.192628
882 0.19167
883 0.193562
884 0.192219
885 0.192468
886 0.193671
887 0.19314
888 0.19456
889 0.196716
890 0.194317
891 0.195948
892 0.193104
893 0.195359
894 0.19431
895 0.194021
896 0.19315
897 0.192365
898 0.195573
899 0.197102
900 0.194006
901 0.194898
902 0.194423
903 0.19379
904 0.192027
905 0.191197
906 0.191231
907 0.190667
908 0.190887
909 0.193903
910 0.192006
911 0.194547
912 0.192746
913 0.194546
914 0.192157
915 0.191745
916 0.192757
917 0.194367
918 0.1933
919 0.192312
920 0.191785
921 0.192479
922 0.19211
923 0.191543
924 0.190478
925 0.191007
926 0.193511
927 0.194879
928 0.193495
929 0.194116
930 0.193466
931 0.195153
932 0.195316
933 0.194497
934 0.195756
935 0.193722
936 0.1935
937 0.192225
938 0.193242
939 0.195332
940 0.195486
941 0.195955
942 0.19346
943 0.196368
944 0.193126
945 0.195851
946 0.1977
947 0.194657
948 0.193876
949 0.195509
950 0.194384
951 0.19423
952 0.192894
953 0.195231
954 0.193633
955 0.192918
956 0.192015
957 0.193455
958 0.193165
959 0.192996
960 0.192341
961 0.193882
962 0.193722
963 0.193234
964 0.192296
965 0.195017
966 0.19393
967 0.192385
968 0.192163
969 0.191031
970 0.191546
971 0.194876
972 0.196375
973 0.193535
974 0.193054
975 0.192257
976 0.19295
977 0.196065
978 0.195482
979 0.19407
980 0.193105
981 0.192806
982 0.191692
983 0.192124
984 0.196049
985 0.194145
986 0.196493
987 0.195977
988 0.194423
989 0.193559
990 0.193162
991 0.196677
992 0.195245
993 0.195601
994 0.193554
995 0.19264
996 0.194329
997 0.192827
998 0.195808
999 0.194009
1000 0.193304
1001 0.192375
1002 0.194535
1003 0.195562
1004 0.197171
1005 0.195607
1006 0.193511
1007 0.192532
1008 0.1943
1009 0.193202
1010 0.195933
1011 0.197089
1012 0.194643
1013 0.194975
1014 0.192377
1015 0.19248
1016 0.19212
1017 0.191413
1018 0.191446
1019 0.192568
1020 0.194798
1021 0.194517
1022 0.193188
1023 0.192704
1024 0.193162
1025 0.196348
1026 0.196388
1027 0.194197
1028 0.192957
1029 0.193805
1030 0.193218
1031 0.193571
1032 0.194588
1033 0.196013
1034 0.195664
1035 0.195995
1036 0.193992
1037 0.196585
1038 0.196294
1039 0.194579
1040 0.193204
1041 0.196869
1042 0.192868
1043 0.195198
1044 0.193322
1045 0.192392
1046 0.191442
1047 0.191044
1048 0.190358
1049 0.194427
1050 0.193901
1051 0.192538
1052 0.191979
1053 0.191418
1054 0.192291
1055 0.191613
1056 0.193094
1057 0.193266
1058 0.192143
1059 0.192693
1060 0.19248
1061 0.192422
1062 0.191875
1063 0.192521
1064 0.192607
1065 0.196034
1066 0.194708
1067 0.193195
1068 0.19395
1069 0.193435
1070 0.192066
1071 0.193252
1072 0.194338
1073 0.193407
1074 0.19312
1075 0.192041
1076 0.191155
1077 0.19406
1078 0.192522
1079 0.193867
1080 0.192222
1081 0.191293
1082 0.191033
1083 0.194965
1084 0.192036
1085 0.194996
1086 0.192976
1087 0.192962
1088 0.19483
1089 0.195118
1090 0.193498
1091 0.194609
1092 0.192944
1093 0.195134
1094 0.194177
1095 0.19284
1096 0.194256
1097 0.193745
1098 0.192995
1099 0.19203
1100 0.19149
1101 0.190851
1102 0.190475
1103 0.190092
1104 0.192228
1105 0.195244
1106 0.195095
1107 0.193432
1108 0.192642
1109 0.192475
1110 0.194243
1111 0.196812
1112 0.196348
1113 0.194066
1114 0.196818
1115 0.197392
1116 0.196644
1117 0.193714
1118 0.195861
1119 0.195623
1120 0.193352
1121 0.196356
1122 0.193323
1123 0.195137
1124 0.196049
1125 0.196688
1126 0.198122
1127 0.194667
1128 0.197178
1129 0.19561
1130 0.19583
1131 0.193346
1132 0.194965
1133 0.194633
1134 0.193135
1135 0.191991
1136 0.191076
1137 0.192386
1138 0.191137
1139 0.192936
1140 0.193936
1141 0.195737
1142 0.19382
1143 0.193036
1144 0.192994
1145 0.19362
1146 0.195999
1147 0.194524
1148 0.197225
1149 0.194181
1150 0.19316
1151 0.193929
1152 0.196279
1153 0.196011
1154 0.197418
1155 0.195891
1156 0.197516
1157 0.198837
1158 0.195379
1159 0.19377
1160 0.19234
1161 0.192569
1162 0.191651
1163 0.190627
1164 0.191635
1165 0.191115
1166 0.191718
1167 0.194313
1168 0.195996
1169 0.194358
1170 0.194101
1171 0.192473
1172 0.191713
1173 0.194829
1174 0.195026
1175 0.194727
1176 0.193139
1177 0.195079
1178 0.197124
1179 0.195706
1180 0.194818
1181 0.193548
1182 0.193532
1183 0.192648
1184 0.192023
1185 0.19243
1186 0.192265
1187 0.195507
1188 0.194283
1189 0.196583
1190 0.1953
1191 0.194557
1192 0.194795
1193 0.19399
1194 0.193129
1195 0.194987
1196 0.196923
1197 0.193892
1198 0.194635
1199 0.193101
1200 0.194207
1201 0.193937
1202 0.193583
1203 0.192644
1204 0.191319
1205 0.190928
1206 0.193392
1207 0.192121
1208 0.194512
1209 0.194165
1210 0.192889
1211 0.192651
1212 0.19486
1213 0.197422
1214 0.194474
1215 0.194137
1216 0.19359
1217 0.192965
1218 0.192117
1219 0.19182
1220 0.191569
1221 0.191744
1222 0.193077
1223 0.193041
1224 0.191652
1225 0.191327
1226 0.192323
1227 0.191509
1228 0.191558
1229 0.191171
1230 0.191861
1231 0.194226
1232 0.19332
1233 0.194523
1234 0.193946
1235 0.192489
1236 0.193826
1237 0.192086
1238 0.191711
1239 0.193192
1240 0.193451
1241 0.192868
1242 0.192023
1243 0.192244
1244 0.195554
1245 0.196724
1246 0.194762
1247 0.194462
1248 0.194764
1249 0.193511
1250 0.196767
1251 0.194694
1252 0.195382
1253 0.193508
1254 0.19475
1255 0.193
1256 0.194762
1257 0.193315
1258 0.193227
1259 0.192566
1260 0.192075
1261 0.191782
1262 0.194098
1263 0.192349
1264 0.192449
1265 0.192292
1266 0.194729
1267 0.19406
1268 0.193148
1269 0.192241
1270 0.192257
1271 0.191187
1272 0.194129
1273 0.193067
1274 0.192211
1275 0.195285
1276 0.19282
1277 0.194639
1278 0.196141
1279 0.194999
1280 0.193676
1281 0.195646
1282 0.195316
1283 0.194382
1284 0.192845
1285 0.192635
1286 0.19217
1287 0.191572
1288 0.194722
1289 0.193833
1290 0.192785
1291 0.192463
1292 0.19432
1293 0.191736
1294 0.193883
1295 0.192304
1296 0.19432
1297 0.193016
1298 0.195658
1299 0.196169
1300 0.193891
1301 0.195546
1302 0.193587
1303 0.192794
1304 0.191936
1305 0.191559
1306 0.192721
1307 0.191911
1308 0.195566
1309 0.193356
1310 0.193494
1311 0.192393
1312 0.19256
1313 0.191795
1314 0.191192
1315 0.191797
1316 0.195928
1317 0.194607
1318 0.193147
1319 0.192137
1320 0.192021
1321 0.19493
1322 0.195055
1323 0.195143
1324 0.193915
1325 0.192508
1326 0.191667
1327 0.192417
1328 0.193013
1329 0.194952
1330 0.194367
1331 0.195222
1332 0.196801
1333 0.194888
1334 0.194402
1335 0.196957
1336 0.198218
1337 0.195002
1338 0.193423
1339 0.192533
1340 0.193497
1341 0.195852
1342 0.194158
1343 0.193088
1344 0.193664
1345 0.192865
1346 0.193225
1347 0.192132
1348 0.192721
1349 0.193793
1350 0.192564
1351 0.193467
1352 0.192279
1353 0.192511
1354 0.195945
1355 0.193581
1356 0.195647
1357 0.196032
1358 0.194738
1359 0.193976
1360 0.19345
1361 0.193541
1362 0.194977
1363 0.193271
1364 0.193097
1365 0.192275
1366 0.192836
1367 0.192108
1368 0.191644
1369 0.194535
1370 0.192605
1371 0.195246
1372 0.194074
1373 0.195474
1374 0.194381
1375 0.19475
1376 0.193486
1377 0.192048
1378 0.191441
1379 0.192357
1380 0.192591
1381 0.191875
1382 0.193931
1383 0.192122
1384 0.191796
1385 0.193729
1386 0.195945
1387 0.193646
1388 0.194394
1389 0.193182
1390 0.192689
1391 0.192986
1392 0.195975
1393 0.196349
1394 0.19428
1395 0.192942
1396 0.192156
1397 0.194003
1398 0.193542
1399 0.193601
1400 0.19272
1401 0.193952
1402 0.191981
1403 0.191439
1404 0.191211
1405 0.19099
1406 0.190543
1407 0.191337
1408 0.194282
1409 0.195525
1410 0.194603
1411 0.195097
1412 0.193315
1413 0.196056
1414 0.193289
1415 0.195757
1416 0.196387
1417 0.194642
1418 0.196206
1419 0.193429
1420 0.192628
1421 0.195261
1422 0.19484
1423 0.192993
1424 0.192573
1425 0.192343
1426 0.195319
1427 0.194031
1428 0.192949
1429 0.195026
1430 0.193418
1431 0.19233
1432 0.191773
1433 0.192696
1434 0.193814
1435 0.193472
1436 0.195522
1437 0.194552
1438 0.194157
1439 0.192659
1440 0.19274
1441 0.192177
1442 0.19407
1443 0.194383
1444 0.192358
1445 0.192341
1446 0.19518
1447 0.195978
1448 0.193915
1449 0.19429
1450 0.192674
1451 0.194953
1452 0.196112
1453 0.19519
1454 0.193378
1455 0.192865
1456 0.192015
1457 0.192267
1458 0.19213
1459 0.192242
1460 0.193711
1461 0.194549
1462 0.193979
1463 0.195048
1464 0.194488
1465 0.193313
1466 0.192589
1467 0.194061
1468 0.196269
1469 0.194025
1470 0.193304
1471 0.193081
1472 0.192365
1473 0.194506
1474 0.192228
1475 0.191969
1476 0.191468
1477 0.192984
1478 0.195699
1479 0.196714
1480 0.194178
1481 0.194209
1482 0.19304
1483 0.192689
1484 0.194221
1485 0.192733
1486 0.193982
1487 0.192314
1488 0.195018
1489 0.192747
1490 0.192126
1491 0.192464
1492 0.19211
1493 0.19141
1494 0.192043
1495 0.191692
1496 0.193277
1497 0.196761
1498 0.193792
1499 0.191987
1500 0.190656
1501 0.194959
1502 0.193352
1503 0.192284
1504 0.193044
1505 0.194077
1506 0.192877
1507 0.195172
1508 0.197076
1509 0.193579
1510 0.195403
1511 0.19574
1512 0.195053
1513 0.195087
1514 0.19504
1515 0.194229
1516 0.193403
1517 0.194935
1518 0.195589
1519 0.194131
1520 0.192175
1521 0.19311
1522 0.19176
1523 0.191323
1524 0.194735
1525 0.192058
1526 0.193769
1527 0.194007
1528 0.193253
1529 0.192862
1530 0.19304
1531 0.192695
1532 0.191985
1533 0.19213
1534 0.193404
1535 0.192522
1536 0.192529
1537 0.195705
1538 0.1955
1539 0.193946
1540 0.193876
1541 0.19451
1542 0.193521
1543 0.193593
1544 0.194595
1545 0.192788
1546 0.192606
1547 0.19455
1548 0.192936
1549 0.192462
1550 0.193357
1551 0.192494
1552 0.191747
1553 0.191599
1554 0.194229
1555 0.192716
1556 0.192087
1557 0.192042
1558 0.192024
1559 0.194594
1560 0.193036
1561 0.192457
1562 0.192225
1563 0.192278
1564 0.191826
1565 0.191795
1566 0.194128
1567 0.195457
1568 0.1931
1569 0.192123
1570 0.196122
1571 0.191824
1572 0.192879
1573 0.195214
1574 0.195137
1575 0.194948
1576 0.19434
1577 0.194417
1578 0.194069
1579 0.195401
1580 0.194739
1581 0.192826
1582 0.193927
1583 0.192698
1584 0.194787
1585 0.193184
1586 0.196737
1587 0.193573
1588 0.194218
1589 0.194322
1590 0.194753
1591 0.192803
1592 0.192431
1593 0.193933
1594 0.192527
1595 0.194369
1596 0.1932
1597 0.196131
1598 0.193725
1599 0.192717
1600 0.192952
1601 0.191274
1602 0.194341
1603 0.192227
1604 0.192156
1605 0.191274
1606 0.19055
1607 0.191614
1608 0.190988
1609 0.192408
1610 0.190951
1611 0.191833
1612 0.195063
1613 0.193811
1614 0.192768
1615 0.195459
1616 0.193401
1617 0.193375
1618 0.192554
1619 0.192512
1620 0.192251
1621 0.191553
1622 0.191416
1623 0.191337
1624 0.193523
1625 0.193069
1626 0.193988
1627 0.196001
1628 0.193784
1629 0.194225
1630 0.196585
1631 0.196813
1632 0.195035
1633 0.196493
1634 0.193742
1635 0.192691
1636 0.191488
1637 0.190541
1638 0.191224
1639 0.192871
1640 0.192526
1641 0.192259
1642 0.194988
1643 0.19623
1644 0.195507
1645 0.193932
1646 0.193675
1647 0.194471
1648 0.193186
1649 0.192246
1650 0.193437
1651 0.195047
1652 0.193924
1653 0.196748
1654 0.197853
1655 0.19442
1656 0.194977
1657 0.196112
1658 0.195727
1659 0.196884
1660 0.194406
1661 0.194925
1662 0.193141
1663 0.196862
1664 0.194373
1665 0.193884
1666 0.192695
1667 0.19372
1668 0.195094
1669 0.193873
1670 0.194977
1671 0.193522
1672 0.194738
1673 0.193702
1674 0.194545
1675 0.196861
1676 0.194634
1677 0.192638
1678 0.191821
1679 0.194647
1680 0.194685
1681 0.192559
1682 0.192218
1683 0.192445
1684 0.19449
1685 0.195734
1686 0.194518
1687 0.195155
1688 0.194126
1689 0.194824
1690 0.195307
1691 0.193801
1692 0.194047
1693 0.195198
1694 0.193706
1695 0.196414
1696 0.196718
1697 0.194182
1698 0.19499
1699 0.194814
1700 0.19283
1701 0.193178
1702 0.194793
1703 0.194766
1704 0.194205
1705 0.192603
1706 0.191819
1707 0.19443
1708 0.192491
1709 0.195723
1710 0.196657
1711 0.193196
1712 0.193076
1713 0.195013
1714 0.193454
1715 0.193874
1716 0.194999
1717 0.195617
1718 0.193626
1719 0.195686
1720 0.193728
1721 0.1925
1722 0.192084
1723 0.192903
1724 0.195306
1725 0.194914
1726 0.193167
1727 0.195225
1728 0.194649
1729 0.193648
1730 0.193938
1731 0.195624
1732 0.193863
1733 0.193032
1734 0.192854
1735 0.195207
1736 0.196337
1737 0.194355
1738 0.196522
1739 0.194896
1740 0.192797
1741 0.192113
1742 0.192509
1743 0.191748
1744 0.191573
1745 0.193872
1746 0.193028
1747 0.19595
1748 0.194929
1749 0.193232
1750 0.193429
1751 0.192432
1752 0.19209
1753 0.195196
1754 0.196101
1755 0.196114
1756 0.194743
1757 0.193468
1758 0.196215
1759 0.193813
1760 0.19238
1761 0.192802
1762 0.191709
1763 0.19157
1764 0.192522
1765 0.191766
1766 0.191196
1767 0.194175
1768 0.192812
1769 0.195215
1770 0.192779
1771 0.194393
1772 0.19295
1773 0.193032
1774 0.191582
1775 0.191243
1776 0.192595
1777 0.193396
1778 0.191897
1779 0.192107
1780 0.194686
1781 0.194167
1782 0.192703
1783 0.193943
1784 0.193629
1785 0.192884
1786 0.195311
1787 0.196045
1788 0.19714
1789 0.195098
1790 0.193906
1791 0.194167
1792 0.192917
1793 0.191942
1794 0.192947
1795 0.191996
1796 0.19151
1797 0.192949
1798 0.192838
1799 0.193833
1800 0.193334
1801 0.19246
1802 0.19214
1803 0.19213
1804 0.191651
1805 0.191246
1806 0.19261
1807 0.191885
1808 0.192066
1809 0.196004
1810 0.194054
1811 0.194477
1812 0.193007
1813 0.193467
1814 0.194993
1815 0.196132
1816 0.193854
1817 0.195832
1818 0.197179
1819 0.195699
1820 0.194274
1821 0.194129
1822 0.193034
1823 0.192696
1824 0.191829
1825 0.193843
1826 0.19522
1827 0.196802
1828 0.194554
1829 0.193201
1830 0.195079
1831 0.194864
1832 0.191982
1833 0.194722
1834 0.193841
1835 0.192319
1836 0.191967
1837 0.192707
1838 0.192379
1839 0.193848
1840 0.192319
1841 0.191203
1842 0.191177
1843 0.190778
1844 0.192538
1845 0.191427
1846 0.192534
1847 0.191776
1848 0.191829
1849 0.192425
1850 0.193517
1851 0.192407
1852 0.1927
1853 0.196038
1854 0.198031
1855 0.194403
1856 0.194346
1857 0.193091
1858 0.192773
1859 0.195948
1860 0.193869
1861 0.194936
1862 0.196301
1863 0.194555
1864 0.192821
1865 0.193303
1866 0.191756
1867 0.193402
1868 0.195427
1869 0.193146
1870 0.192587
1871 0.192277
1872 0.192608
1873 0.191939
1874 0.191547
1875 0.192374
1876 0.191739
1877 0.19134
1878 0.190544
1879 0.190512
1880 0.189673
1881 0.192969
1882 0.195061
1883 0.192651
1884 0.195239
1885 0.192794
1886 0.193139
1887 0.193524
1888 0.193
1889 0.19522
1890 0.193699
1891 0.194056
1892 0.194215
1893 0.194179
1894 0.193241
1895 0.193381
1896 0.196068
1897 0.193587
1898 0.196292
1899 0.193365
1900 0.193301
1901 0.19309
1902 0.194974
1903 0.194062
1904 0.193291
1905 0.193097
1906 0.193048
1907 0.196397
1908 0.196412
1909 0.194583
1910 0.193547
1911 0.194961
1912 0.193035
1913 0.192596
1914 0.192821
1915 0.193015
1916 0.195228
1917 0.193425
1918 0.19242
1919 0.191356
1920 0.192527
1921 0.191973
1922 0.194328
1923 0.19459
1924 0.196626
1925 0.194962
1926 0.195406
1927 0.193417
1928 0.19304
1929 0.19457
1930 0.197116
1931 0.19403
1932 0.196178
1933 0.195143
1934 0.193698
1935 0.196023
1936 0.194125
1937 0.193949
1938 0.195049
1939 0.193804
1940 0.196536
1941 0.194216
1942 0.193294
1943 0.194338
1944 0.195443
1945 0.19438
1946 0.193732
1947 0.192405
1948 0.192499
1949 0.191859
1950 0.191201
1951 0.191603
1952 0.191337
1953 0.195798
1954 0.191973
1955 0.192295
1956 0.191789
1957 0.192261
1958 0.19533
1959 0.193247
1960 0.192828
1961 0.191721
1962 0.19389
1963 0.195008
1964 0.193078
1965 0.196022
1966 0.193286
1967 0.192349
1968 0.19171
1969 0.191036
1970 0.19244
1971 0.194622
1972 0.194793
1973 0.196825
1974 0.194842
1975 0.196536
1976 0.197826
1977 0.195867
1978 0.196752
1979 0.193752
1980 0.196234
1981 0.194633
1982 0.195364
1983 0.192723
1984 0.1918
1985 0.191462
1986 0.191964
1987 0.192812
1988 0.191526
1989 0.194598
1990 0.195634
1991 0.193884
1992 0.19439
1993 0.192585
1994 0.194232
1995 0.192949
1996 0.19279
1997 0.192795
1998 0.197106
1999 0.192665
2000 0.194244
2001 0.194831
2002 0.196483
2003 0.193838
2004 0.19667
2005 0.194633
2006 0.195118
2007 0.192541
2008 0.192507
2009 0.191961
2010 0.193464
2011 0.193759
2012 0.194258
2013 0.19323
2014 0.191881
2015 0.194283
2016 0.193954
2017 0.195587
2018 0.193516
2019 0.192844
2020 0.192229
2021 0.191686
2022 0.191734
2023 0.191582
2024 0.191333
2025 0.195651
2026 0.197085
2027 0.194153
2028 0.195642
2029 0.195442
2030 0.193345
2031 0.19272
2032 0.193225
2033 0.195286
2034 0.196329
2035 0.194119
2036 0.192699
2037 0.192963
2038 0.192059
2039 0.191499
2040 0.190219
2041 0.192708
2042 0.191655
2043 0.19196
2044 0.194345
2045 0.193422
2046 0.19193
2047 0.195427
2048 0.194806
2049 0.193112
2050 0.193012
2051 0.196215
2052 0.196586
2053 0.194242
2054 0.193145
2055 0.192042
2056 0.191644
2057 0.19355
2058 0.195431
2059 0.192295
2060 0.196081
2061 0.193492
2062 0.193898
2063 0.194502
2064 0.196049
2065 0.194056
2066 0.193194
2067 0.193718
2068 0.195135
2069 0.194471
2070 0.192002
2071 0.191125
2072 0.191315
2073 0.190357
2074 0.190283
2075 0.190171
2076 0.189497
2077 0.190236
2078 0.192398
2079 0.194084
2080 0.192902
2081 0.191704
2082 0.191391
2083 0.192818
2084 0.195513
2085 0.193736
2086 0.193725
2087 0.194879
2088 0.193643
2089 0.192907
2090 0.193148
2091 0.192389
2092 0.191413
2093 0.194369
2094 0.192551
2095 0.191681
2096 0.194134
2097 0.195841
2098 0.194584
2099 0
