0 -13.7008
1 -3.25624
2 -0.120274
3 0.692101
4 0.779257
5 0.47999
6 0.45481
7 0.303332
8 0.356731
9 0.348275
10 0.412437
11 0.484078
12 0.432216
13 0.481393
14 0.530258
15 0.42566
16 0.328397
17 0.355838
18 0.418836
19 0.392264
20 0.501846
21 0.368327
22 0.468335
23 0.51866
24 0.337821
25 0.343538
26 0.389867
27 0.325486
28 0.359366
29 0.294899
30 0.408666
31 0.330309
32 0.463146
33 0.4794
34 0.408454
35 0.366721
36 0.430193
37 0.451661
38 0.473919
39 0.471373
40 0.336033
41 0.398589
42 0.47371
43 0.336483
44 0.341097
45 0.422017
46 0.336468
47 0.441249
48 0.430804
49 0.471822
50 0.363285
51 0.280562
52 0.300199
53 0.427767
54 0.422128
55 0.45335
56 0.418488
57 0.503063
58 0.368605
59 0.459961
60 0.447487
61 0.510694
62 0.38113
63 0.406341
64 0.470168
65 0.336169
66 0.262055
67 0.408644
68 0.419416
69 0.338426
70 0.333274
71 0.438154
72 0.515702
73 0.368491
74 0.441298
75 0.422789
76 0.334896
77 0.373069
78 0.457607
79 0.386389
80 0.299978
81 0.359874
82 0.383369
83 0.456563
84 0.46374
85 0.46376
86 0.497773
87 0.490076
88 0.322073
89 0.40082
90 0.50644
91 0.358824
92 0.351394
93 0.429103
94 0.302627
95 0.397416
96 0.368745
97 0.438441
98 0.357059
99 0.44921
100 0.368382
101 0.342598
102 0.424837
103 0.343973
104 0.456901
105 0.534102
106 0.370782
107 0.355722
108 0.446452
109 0.496845
110 0.34073
111 0.32846
112 0.369953
113 0.313694
114 0.366409
115 0.481267
116 0.330665
117 0.396114
118 0.495366
119 0.460356
120 0.314201
121 0.317336
122 0.291136
123 0.287552
124 0.236658
125 0.447519
126 0.41504
127 0.391552
128 0.449958
129 0.423521
130 0.317751
131 0.429919
132 0.326099
133 0.416123
134 0.387937
135 0.292846
136 0.274077
137 0.349988
138 0.382407
139 0.46447
140 0.393365
141 0.330874
142 0.448039
143 0.465633
144 0.301855
145 0.42551
146 0.468251
147 0.401498
148 0.334796
149 0.437272
150 0.517762
151 0.427798
152 0.371716
153 0.448446
154 0.50202
155 0.404949
156 0.469113
157 0.513067
158 0.357756
159 0.339835
160 0.326643
161 0.338668
162 0.28647
163 0.313835
164 0.417403
165 0.315556
166 0.2476
167 0.460877
168 0.331682
169 0.377209
170 0.371277
171 0.456196
172 0.308484
173 0.463471
174 0.36529
175 0.27217
176 0.33486
177 0.343961
178 0.416326
179 0.370358
180 0.417576
181 0.393303
182 0.347449
183 0.378422
184 0.341866
185 0.261365
186 0.403561
187 0.323061
188 0.447218
189 0.324319
190 0.269298
191 0.44506
192 0.391857
193 0.291506
194 0.340314
195 0.340673
196 0.287708
197 0.380523
198 0.476777
199 0.514812
200 0.446978
201 0.429536
202 0.406314
203 0.291044
204 0.382819
205 0.429785
206 0.435678
207 0.385202
208 0.438531
209 0.388906
210 0.326389
211 0.336026
212 0.442507
213 0.30139
214 0.411115
215 0.297496
216 0.339289
217 0.446216
218 0.332232
219 0.46022
220 0.52784
221 0.391306
222 0.285944
223 0.467838
224 0.354608
225 0.254518
226 0.439622
227 0.455623
228 0.482016
229 0.448297
230 0.369887
231 0.273337
232 0.405234
233 0.432099
234 0.394655
235 0.363084
236 0.395344
237 0.360051
238 0.420875
239 0.410756
240 0.308719
241 0.322515
242 0.295961
243 0.426143
244 0.422099
245 0.407258
246 0.428013
247 0.290851
248 0.355825
249 0.415173
250 0.4876
251 0.489549
252 0.409899
253 0.494235
254 0.379256
255 0.401843
256 0.365212
257 0.311308
258 0.375525
259 0.307718
260 0.430995
261 0.390832
262 0.343633
263 0.351562
264 0.370208
265 0.441807
266 0.446799
267 0.503749
268 0.399388
269 0.424513
270 0.472142
271 0.417603
272 0.444739
273 0.33483
274 0.342771
275 0.325329
276 0.436645
277 0.379361
278 0.300429
279 0.275346
280 0.25242
281 0.38928
282 0.409372
283 0.462793
284 0.471941
285 0.349816
286 0.428193
287 0.519693
288 0.346661
289 0.367904
290 0.271934
291 0.424109
292 0.384713
293 0.312923
294 0.318883
295 0.312583
296 0.299339
297 0.372837
298 0.43514
299 0.359186
300 0.373111
301 0.468997
302 0.375103
303 0.447924
304 0.294011
305 0.441517
306 0.436846
307 0.455984
308 0.351345
309 0.369268
310 0.299275
311 0.318421
312 0.391694
313 0.323763
314 0.30926
315 0.358742
316 0.455476
317 0.332533
318 0.353471
319 0.447386
320 0.431949
321 0.45195
322 0.410268
323 0.319938
324 0.469559
325 0.387982
326 0.390614
327 0.311637
328 0.261321
329 0.305442
330 0.251987
331 0.456039
332 0.355009
333 0.280671
334 0.383545
335 0.2916
336 0.396426
337 0.421645
338 0.450214
339 0.512328
340 0.381631
341 0.383438
342 0.412845
343 0.437888
344 0.34423
345 0.272703
346 0.28319
347 0.37311
348 0.469161
349 0.406073
350 0.395922
351 0.324235
352 0.315144
353 0.415527
354 0.387128
355 0.450423
356 0.331503
357 0.47277
358 0.412017
359 0.456693
360 0.350368
361 0.451633
362 0.326791
363 0.29866
364 0.415223
365 0.469659
366 0.345419
367 0.274822
368 0.323299
369 0.29903
370 0.282917
371 0.40995
372 0.325267
373 0.282534
374 0.40078
375 0.447447
376 0.525912
377 0.3776
378 0.312728
379 0.306699
380 0.459711
381 0.328375
382 0.325834
383 0.415656
384 0.32192
385 0.395044
386 0.399942
387 0.43463
388 0.337092
389 0.303408
390 0.432944
391 0.331727
392 0.412613
393 0.519983
394 0.361373
395 0.277355
396 0.260517
397 0.444757
398 0.349125
399 0.265129
400 0.389418
401 0.357888
402 0.381035
403 0.368478
404 0.480608
405 0.474293
406 0.430786
407 0.395862
408 0.340022
409 0.285219
410 0.453116
411 0.359764
412 0.349994
413 0.297247
414 0.381363
415 0.356374
416 0.375328
417 0.304087
418 0.41166
419 0.453625
420 0.374329
421 0.480664
422 0.365257
423 0.479152
424 0.403118
425 0.32899
426 0.282317
427 0.366814
428 0.395066
429 0.47924
430 0.406382
431 0.444614
432 0.384616
433 0.477045
434 0.516349
435 0.41818
436 0.28902
437 0.429421
438 0.413989
439 0.435434
440 0.346481
441 0.296739
442 0.320269
443 0.346158
444 0.443983
445 0.321112
446 0.417009
447 0.428648
448 0.379455
449 0.294288
450 0.393852
451 0.476077
452 0.451344
453 0.346091
454 0.268504
455 0.438464
456 0.45937
457 0.304543
458 0.425194
459 0.371717
460 0.393366
461 0.334412
462 0.254811
463 0.401787
464 0.438156
465 0.364192
466 0.449012
467 0.296496
468 0.404449
469 0.364227
470 0.326916
471 0.348704
472 0.333105
473 0.474095
474 0.320242
475 0.394151
476 0.434624
477 0.493049
478 0.511734
479 0.393323
480 0.264601
481 0.445215
482 0.36548
483 0.369641
484 0.306539
485 0.249659
486 0.428641
487 0.322538
488 0.371777
489 0.307988
490 0.4441
491 0.443415
492 0.43782
493 0.2957
494 0.442411
495 0.363883
496 0.436995
497 0.439231
498 0.357109
499 0.439713
500 0.505497
501 0.321763
502 0.44383
503 0.325501
504 0.350946
505 0.315107
506 0.241822
507 0.452007
508 0.347959
509 0.280712
510 0.298586
511 0.385699
512 0.472727
513 0.358172
514 0.366294
515 0.420056
516 0.334484
517 0.376187
518 0.374493
519 0.423222
520 0.410222
521 0.451191
522 0.32921
523 0.415324
524 0.413341
525 0.28945
526 0.379938
527 0.395429
528 0.356001
529 0.271289
530 0.452236
531 0.401989
532 0.412206
533 0.294329
534 0.431905
535 0.522066
536 0.362126
537 0.269961
538 0.434584
539 0.416082
540 0.377674
541 0.389958
542 0.403592
543 0.271851
544 0.447943
545 0.479398
546 0.40089
547 0.392383
548 0.474955
549 0.528747
550 0.383021
551 0.290798
552 0.427805
553 0.312946
554 0.461547
555 0.469596
556 0.40433
557 0.390458
558 0.459575
559 0.404991
560 0.41676
561 0.287079
562 0.453827
563 0.401356
564 0.400327
565 0.48979
566 0.515508
567 0.506617
568 0.385441
569 0.28491
570 0.388434
571 0.488135
572 0.520529
573 0.365461
574 0.371494
575 0.30327
576 0.340968
577 0.38004
578 0.475082
579 0.494244
580 0.372824
581 0.288181
582 0.430683
583 0.51055
584 0.440102
585 0.397345
586 0.38224
587 0.499385
588 0.375995
589 0.346332
590 0.304272
591 0.365436
592 0.432111
593 0.384719
594 0.314379
595 0.330792
596 0.476874
597 0.430482
598 0.392364
599 0.385759
600 0.280122
601 0.330197
602 0.307183
603 0.281908
604 0.401865
605 0.35635
606 0.461316
607 0.409879
608 0.38413
609 0.426189
610 0.435639
611 0.412887
612 0.393281
613 0.319389
614 0.478119
615 0.350295
616 0.345325
617 0.425306
618 0.328674
619 0.354422
620 0.402295
621 0.380191
622 0.446358
623 0.364273
624 0.28173
625 0.349068
626 0.367312
627 0.347178
628 0.417716
629 0.451068
630 0.296176
631 0.40532
632 0.314222
633 0.254431
634 0.314924
635 0.364087
636 0.290914
637 0.356509
638 0.393699
639 0.414716
640 0.388044
641 0.457342
642 0.419615
643 0.374586
644 0.330606
645 0.294265
646 0.335391
647 0.444547
648 0.33575
649 0.370095
650 0.328444
651 0.406308
652 0.398691
653 0.457145
654 0.395585
655 0.470499
656 0.349854
657 0.471726
658 0.355577
659 0.460004
660 0.449085
661 0.449556
662 0.485494
663 0.338748
664 0.398605
665 0.377712
666 0.471493
667 0.324238
668 0.449015
669 0.468858
670 0.498943
671 0.451519
672 0.360807
673 0.412448
674 0.438496
675 0.359453
676 0.459774
677 0.331643
678 0.316405
679 0.293684
680 0.281049
681 0.442087
682 0.351264
683 0.346933
684 0.474059
685 0.398374
686 0.427506
687 0.354428
688 0.284627
689 0.4523
690 0.433373
691 0.407173
692 0.335898
693 0.314582
694 0.285441
695 0.323429
696 0.456474
697 0.423461
698 0.416867
699 0.376929
700 0.391724
701 0.375573
702 0.470147
703 0.305606
704 0.398277
705 0.417234
706 0.36857
707 0.365478
708 0.292798
709 0.432004
710 0.328422
711 0.469967
712 0.443928
713 0.479233
714 0.387976
715 0.29542
716 0.381469
717 0.47622
718 0.46316
719 0.340191
720 0.355103
721 0.30063
722 0.303265
723 0.347996
724 0.298628
725 0.336596
726 0.44322
727 0.504758
728 0.37962
729 0.310431
730 0.434476
731 0.470752
732 0.407976
733 0.387286
734 0.483814
735 0.466434
736 0.491095
737 0.376404
738 0.406469
739 0.46478
740 0.446675
741 0.412578
742 0.428372
743 0.399209
744 0.510391
745 0.329407
746 0.42939
747 0.420363
748 0.36203
749 0.270891
750 0.419578
751 0.367733
752 0.341939
753 0.355055
754 0.385653
755 0.320815
756 0.441557
757 0.398235
758 0.331334
759 0.321403
760 0.370718
761 0.457043
762 0.334077
763 0.305762
764 0.316733
765 0.364095
766 0.40418
767 0.474574
768 0.350027
769 0.331191
770 0.40285
771 0.309151
772 0.364024
773 0.421313
774 0.462113
775 0.470444
776 0.42434
777 0.376327
778 0.369324
779 0.321164
780 0.376496
781 0.46912
782 0.422735
783 0.455764
784 0.329224
785 0.252275
786 0.372386
787 0.410733
788 0.391514
789 0.466833
790 0.410555
791 0.506798
792 0.413186
793 0.295335
794 0.278641
795 0.300533
796 0.387915
797 0.483433
798 0.32726
799 0.324084
800 0.445015
801 0.362734
802 0.383048
803 0.383674
804 0.38159
805 0.386338
806 0.366759
807 0.279579
808 0.460181
809 0.363847
810 0.449857
811 0.5154
812 0.412437
813 0.308559
814 0.453498
815 0.466776
816 0.492133
817 0.44319
818 0.362246
819 0.323841
820 0.448293
821 0.416882
822 0.489869
823 0.374848
824 0.320973
825 0.272481
826 0.270959
827 0.296695
828 0.326682
829 0.41246
830 0.424341
831 0.421283
832 0.46554
833 0.44227
834 0.5075
835 0.442949
836 0.483348
837 0.40355
838 0.298084
839 0.31055
840 0.252417
841 0.427398
842 0.509735
843 0.527041
844 0.359021
845 0.436434
846 0.301291
847 0.420636
848 0.312955
849 0.284504
850 0.289666
851 0.381618
852 0.426687
853 0.434217
854 0.310704
855 0.442656
856 0.336827
857 0.32985
858 0.263116
859 0.367009
860 0.346599
861 0.426591
862 0.391728
863 0.46348
864 0.451026
865 0.391268
866 0.330899
867 0.271014
868 0.343397
869 0.429224
870 0.441948
871 0.522207
872 0.397377
873 0.359199
874 0.476614
875 0.478308
876 0.372419
877 0.316423
878 0.3986
879 0.312522
880 0.449454
881 0.35825
882 0.303398
883 0.416245
884 0.328996
885 0.369003
886 0.425587
887 0.396586
888 0.4407
889 0.526126
890 0.322707
891 0.444157
892 0.340922
893 0.448837
894 0.435497
895 0.439027
896 0.374555
897 0.317507
898 0.448393
899 0.5091
900 0.36617
901 0.429975
902 0.42813
903 0.368957
904 0.318004
905 0.27448
906 0.293244
907 0.293435
908 0.263508
909 0.435934
910 0.312488
911 0.449202
912 0.308135
913 0.466373
914 0.333307
915 0.280609
916 0.346422
917 0.439559
918 0.4142
919 0.309815
920 0.307422
921 0.36533
922 0.357606
923 0.303162
924 0.285413
925 0.244514
926 0.401012
927 0.482759
928 0.409496
929 0.429188
930 0.380512
931 0.441218
932 0.454828
933 0.420733
934 0.487492
935 0.32792
936 0.391877
937 0.292685
938 0.372832
939 0.469796
940 0.480508
941 0.483701
942 0.357385
943 0.475666
944 0.343543
945 0.440554
946 0.518933
947 0.417049
948 0.356094
949 0.441136
950 0.424659
951 0.430398
952 0.285603
953 0.459448
954 0.32587
955 0.341655
956 0.311143
957 0.414533
958 0.407791
959 0.394026
960 0.367629
961 0.421438
962 0.420833
963 0.400397
964 0.333879
965 0.452532
966 0.42012
967 0.33505
968 0.345092
969 0.277956
970 0.256061
971 0.433859
972 0.508738
973 0.361504
974 0.388154
975 0.340355
976 0.362372
977 0.477338
978 0.492453
979 0.407234
980 0.366857
981 0.34962
982 0.306746
983 0.316096
984 0.466666
985 0.439874
986 0.492263
987 0.483197
988 0.434644
989 0.365739
990 0.328003
991 0.469007
992 0.457228
993 0.485513
994 0.396446
995 0.28455
996 0.41039
997 0.330359
998 0.459455
999 0.44931
1000 0.371394
1001 0.295801
1002 0.412443
1003 0.461632
1004 0.517362
1005 0.466806
1006 0.391714
1007 0.283888
1008 0.39956
1009 0.384418
1010 0.473195
1011 0.525364
1012 0.386009
1013 0.438426
1014 0.303647
1015 0.317424
1016 0.363393
1017 0.311818
1018 0.332224
1019 0.38195
1020 0.463195
1021 0.44207
1022 0.299685
1023 0.322074
1024 0.394022
1025 0.487491
1026 0.495155
1027 0.437581
1028 0.293715
1029 0.387514
1030 0.371685
1031 0.402243
1032 0.446857
1033 0.484845
1034 0.473587
1035 0.479759
1036 0.319619
1037 0.452577
1038 0.469008
1039 0.405282
1040 0.363069
1041 0.494218
1042 0.313198
1043 0.445685
1044 0.360259
1045 0.289145
1046 0.279005
1047 0.28049
1048 0.284686
1049 0.432887
1050 0.464938
1051 0.335015
1052 0.286245
1053 0.291224
1054 0.369665
1055 0.336688
1056 0.421981
1057 0.433446
1058 0.337588
1059 0.37649
1060 0.356358
1061 0.368738
1062 0.321177
1063 0.377461
1064 0.394925
1065 0.493446
1066 0.46469
1067 0.350336
1068 0.396239
1069 0.399441
1070 0.306885
1071 0.39246
1072 0.445837
1073 0.410688
1074 0.383421
1075 0.334226
1076 0.283865
1077 0.438403
1078 0.302819
1079 0.409309
1080 0.318758
1081 0.288894
1082 0.268382
1083 0.456067
1084 0.312921
1085 0.437688
1086 0.402251
1087 0.402801
1088 0.448353
1089 0.485416
1090 0.305853
1091 0.427942
1092 0.307185
1093 0.423872
1094 0.422511
1095 0.352201
1096 0.424952
1097 0.426064
1098 0.357868
1099 0.323519
1100 0.287361
1101 0.294447
1102 0.279262
1103 0.258927
1104 0.342956
1105 0.476182
1106 0.482379
1107 0.356367
1108 0.34538
1109 0.332905
1110 0.410136
1111 0.497861
1112 0.491815
1113 0.302208
1114 0.443585
1115 0.490259
1116 0.474213
1117 0.362291
1118 0.453155
1119 0.456657
1120 0.388994
1121 0.486095
1122 0.378797
1123 0.441712
1124 0.482854
1125 0.481065
1126 0.532749
1127 0.365624
1128 0.473563
1129 0.416882
1130 0.451063
1131 0.342451
1132 0.428654
1133 0.442411
1134 0.33037
1135 0.281122
1136 0.241126
1137 0.394906
1138 0.28489
1139 0.391543
1140 0.41504
1141 0.47698
1142 0.421285
1143 0.371743
1144 0.38975
1145 0.410854
1146 0.496884
1147 0.398728
1148 0.506077
1149 0.360298
1150 0.272795
1151 0.386488
1152 0.485679
1153 0.478877
1154 0.51336
1155 0.451208
1156 0.494754
1157 0.536685
1158 0.393451
1159 0.37898
1160 0.278408
1161 0.331517
1162 0.299652
1163 0.255083
1164 0.359721
1165 0.306635
1166 0.347632
1167 0.425639
1168 0.50034
1169 0.417324
1170 0.429743
1171 0.325605
1172 0.273026
1173 0.425625
1174 0.46015
1175 0.450154
1176 0.36118
1177 0.439441
1178 0.511176
1179 0.460798
1180 0.439914
1181 0.365601
1182 0.385693
1183 0.380823
1184 0.292464
1185 0.368839
1186 0.356749
1187 0.467491
1188 0.433453
1189 0.501149
1190 0.457581
1191 0.420659
1192 0.440358
1193 0.409468
1194 0.337838
1195 0.414712
1196 0.518553
1197 0.34995
1198 0.416959
1199 0.35263
1200 0.414289
1201 0.428603
1202 0.385324
1203 0.37864
1204 0.312817
1205 0.243766
1206 0.400152
1207 0.360587
1208 0.442593
1209 0.439081
1210 0.346595
1211 0.325222
1212 0.436908
1213 0.531626
1214 0.330734
1215 0.365286
1216 0.406954
1217 0.382476
1218 0.292403
1219 0.273774
1220 0.333121
1221 0.366517
1222 0.427214
1223 0.391023
1224 0.310716
1225 0.251848
1226 0.382714
1227 0.309901
1228 0.333724
1229 0.327795
1230 0.359985
1231 0.452573
1232 0.414204
1233 0.447872
1234 0.439775
1235 0.305521
1236 0.383571
1237 0.347247
1238 0.307515
1239 0.402009
1240 0.415489
1241 0.384279
1242 0.330081
1243 0.345127
1244 0.460011
1245 0.5063
1246 0.43867
1247 0.403083
1248 0.441226
1249 0.394501
1250 0.495439
1251 0.430046
1252 0.463464
1253 0.349236
1254 0.437444
1255 0.356927
1256 0.438574
1257 0.362133
1258 0.386813
1259 0.391263
1260 0.292671
1261 0.299194
1262 0.449171
1263 0.324064
1264 0.353211
1265 0.355817
1266 0.444732
1267 0.45238
1268 0.363094
1269 0.333477
1270 0.342633
1271 0.280008
1272 0.437157
1273 0.400789
1274 0.329527
1275 0.480759
1276 0.314378
1277 0.38858
1278 0.480243
1279 0.46102
1280 0.385843
1281 0.457896
1282 0.463641
1283 0.415205
1284 0.345561
1285 0.348628
1286 0.332412
1287 0.322968
1288 0.445366
1289 0.434139
1290 0.349331
1291 0.324695
1292 0.42578
1293 0.325938
1294 0.428946
1295 0.336714
1296 0.450957
1297 0.363237
1298 0.446345
1299 0.491999
1300 0.378135
1301 0.457384
1302 0.368013
1303 0.346546
1304 0.302528
1305 0.336629
1306 0.397335
1307 0.348337
1308 0.474578
1309 0.406632
1310 0.351136
1311 0.270183
1312 0.358802
1313 0.327588
1314 0.296118
1315 0.322924
1316 0.473315
1317 0.458358
1318 0.364061
1319 0.323354
1320 0.297055
1321 0.438147
1322 0.471531
1323 0.476124
1324 0.393276
1325 0.296018
1326 0.306997
1327 0.351927
1328 0.387459
1329 0.46692
1330 0.438462
1331 0.449329
1332 0.50503
1333 0.415287
1334 0.395362
1335 0.481109
1336 0.5368
1337 0.33992
1338 0.331674
1339 0.325361
1340 0.396499
1341 0.497491
1342 0.421928
1343 0.335087
1344 0.399642
1345 0.362171
1346 0.392212
1347 0.347899
1348 0.372862
1349 0.446705
1350 0.328516
1351 0.401478
1352 0.357452
1353 0.371046
1354 0.490507
1355 0.407232
1356 0.466217
1357 0.485972
1358 0.439242
1359 0.394207
1360 0.354865
1361 0.392386
1362 0.445445
1363 0.369944
1364 0.407705
1365 0.322771
1366 0.372802
1367 0.37085
1368 0.285338
1369 0.462372
1370 0.322932
1371 0.445016
1372 0.385368
1373 0.476778
1374 0.410874
1375 0.436158
1376 0.35256
1377 0.292566
1378 0.259106
1379 0.367965
1380 0.397102
1381 0.360282
1382 0.453786
1383 0.324075
1384 0.269699
1385 0.381418
1386 0.4936
1387 0.388557
1388 0.444314
1389 0.304975
1390 0.362021
1391 0.346838
1392 0.46254
1393 0.493505
1394 0.390794
1395 0.319156
1396 0.330095
1397 0.411648
1398 0.411085
1399 0.443464
1400 0.302822
1401 0.421311
1402 0.306842
1403 0.300095
1404 0.283837
1405 0.345309
1406 0.280565
1407 0.32616
1408 0.442813
1409 0.489327
1410 0.42445
1411 0.471976
1412 0.337175
1413 0.465539
1414 0.344303
1415 0.455645
1416 0.501176
1417 0.419858
1418 0.477696
1419 0.366429
1420 0.306104
1421 0.444944
1422 0.467913
1423 0.370362
1424 0.285039
1425 0.301553
1426 0.45631
1427 0.42184
1428 0.365309
1429 0.47336
1430 0.368095
1431 0.332262
1432 0.28334
1433 0.36315
1434 0.432689
1435 0.427269
1436 0.491949
1437 0.446628
1438 0.413904
1439 0.32594
1440 0.353742
1441 0.349291
1442 0.425912
1443 0.454356
1444 0.357268
1445 0.274978
1446 0.446607
1447 0.485907
1448 0.391458
1449 0.363599
1450 0.316639
1451 0.429339
1452 0.485
1453 0.452571
1454 0.429356
1455 0.307042
1456 0.292311
1457 0.346876
1458 0.327436
1459 0.369996
1460 0.423493
1461 0.44614
1462 0.432071
1463 0.457298
1464 0.425297
1465 0.410663
1466 0.279198
1467 0.403632
1468 0.496586
1469 0.380472
1470 0.317916
1471 0.381697
1472 0.317584
1473 0.44914
1474 0.325191
1475 0.32095
1476 0.331957
1477 0.384439
1478 0.473386
1479 0.514662
1480 0.323028
1481 0.415397
1482 0.338564
1483 0.339516
1484 0.434571
1485 0.330278
1486 0.424481
1487 0.31633
1488 0.461185
1489 0.34975
1490 0.264125
1491 0.353303
1492 0.368696
1493 0.30622
1494 0.362815
1495 0.326374
1496 0.422587
1497 0.526055
1498 0.352424
1499 0.307346
1500 0.271812
1501 0.446638
1502 0.411562
1503 0.327995
1504 0.371602
1505 0.443998
1506 0.393922
1507 0.446248
1508 0.516083
1509 0.348581
1510 0.44193
1511 0.462468
1512 0.44674
1513 0.450864
1514 0.462212
1515 0.402243
1516 0.35215
1517 0.42566
1518 0.478242
1519 0.374811
1520 0.274976
1521 0.391378
1522 0.311174
1523 0.307599
1524 0.469991
1525 0.313261
1526 0.385976
1527 0.459713
1528 0.361528
1529 0.362635
1530 0.381408
1531 0.386637
1532 0.306319
1533 0.350721
1534 0.403397
1535 0.367059
1536 0.346491
1537 0.473368
1538 0.481619
1539 0.369379
1540 0.395216
1541 0.459902
1542 0.335577
1543 0.360255
1544 0.455612
1545 0.3244
1546 0.339288
1547 0.452634
1548 0.346421
1549 0.348917
1550 0.412159
1551 0.389662
1552 0.311173
1553 0.272969
1554 0.430221
1555 0.377101
1556 0.341635
1557 0.323692
1558 0.336946
1559 0.440664
1560 0.402128
1561 0.342451
1562 0.261778
1563 0.357134
1564 0.343532
1565 0.33096
1566 0.424078
1567 0.481696
1568 0.372255
1569 0.311614
1570 0.465115
1571 0.318781
1572 0.373979
1573 0.463191
1574 0.465206
1575 0.433954
1576 0.40691
1577 0.429585
1578 0.399112
1579 0.457172
1580 0.445399
1581 0.334261
1582 0.401776
1583 0.361638
1584 0.44934
1585 0.373565
1586 0.482135
1587 0.396388
1588 0.38851
1589 0.40741
1590 0.442533
1591 0.369331
1592 0.328626
1593 0.426265
1594 0.367294
1595 0.453978
1596 0.35337
1597 0.472954
1598 0.36629
1599 0.289823
1600 0.413358
1601 0.279839
1602 0.459309
1603 0.33458
1604 0.340683
1605 0.288167
1606 0.2817
1607 0.324364
1608 0.339651
1609 0.395552
1610 0.320861
1611 0.279414
1612 0.445438
1613 0.420866
1614 0.368481
1615 0.471904
1616 0.395815
1617 0.404098
1618 0.307908
1619 0.37055
1620 0.338165
1621 0.265884
1622 0.333874
1623 0.316074
1624 0.425536
1625 0.397746
1626 0.406717
1627 0.506703
1628 0.327618
1629 0.353826
1630 0.443396
1631 0.500505
1632 0.459105
1633 0.492215
1634 0.374769
1635 0.302553
1636 0.276137
1637 0.276883
1638 0.304149
1639 0.397449
1640 0.385036
1641 0.37912
1642 0.473248
1643 0.512733
1644 0.469305
1645 0.361603
1646 0.373265
1647 0.420506
1648 0.361642
1649 0.299898
1650 0.397454
1651 0.470289
1652 0.412328
1653 0.483246
1654 0.534064
1655 0.374607
1656 0.428338
1657 0.475913
1658 0.478014
1659 0.498846
1660 0.376707
1661 0.417067
1662 0.309409
1663 0.463968
1664 0.435403
1665 0.392578
1666 0.3238
1667 0.411982
1668 0.457406
1669 0.399416
1670 0.449558
1671 0.38026
1672 0.452426
1673 0.389583
1674 0.418625
1675 0.50255
1676 0.41414
1677 0.304697
1678 0.269337
1679 0.434606
1680 0.460667
1681 0.318089
1682 0.299671
1683 0.29096
1684 0.432877
1685 0.485933
1686 0.439705
1687 0.460595
1688 0.419049
1689 0.423817
1690 0.459276
1691 0.366313
1692 0.399832
1693 0.462895
1694 0.402537
1695 0.477075
1696 0.500059
1697 0.346902
1698 0.418592
1699 0.441332
1700 0.33454
1701 0.379558
1702 0.457625
1703 0.451275
1704 0.434413
1705 0.323923
1706 0.240462
1707 0.43797
1708 0.378053
1709 0.458511
1710 0.504799
1711 0.335745
1712 0.362138
1713 0.443965
1714 0.398704
1715 0.416348
1716 0.46422
1717 0.503099
1718 0.329468
1719 0.45724
1720 0.383765
1721 0.29743
1722 0.270926
1723 0.391583
1724 0.474439
1725 0.465797
1726 0.384622
1727 0.455145
1728 0.445316
1729 0.38568
1730 0.395833
1731 0.481734
1732 0.385184
1733 0.382857
1734 0.343024
1735 0.459561
1736 0.488974
1737 0.409618
1738 0.483317
1739 0.440067
1740 0.346015
1741 0.268895
1742 0.361565
1743 0.396954
1744 0.274713
1745 0.433411
1746 0.361735
1747 0.471594
1748 0.464488
1749 0.368848
1750 0.36272
1751 0.362554
1752 0.335465
1753 0.451798
1754 0.483236
1755 0.501506
1756 0.388536
1757 0.265387
1758 0.432285
1759 0.389832
1760 0.33011
1761 0.401913
1762 0.339677
1763 0.2854
1764 0.375209
1765 0.330017
1766 0.269928
1767 0.438211
1768 0.362188
1769 0.477543
1770 0.35515
1771 0.439171
1772 0.317737
1773 0.372235
1774 0.303591
1775 0.26983
1776 0.372849
1777 0.417529
1778 0.300143
1779 0.334659
1780 0.459691
1781 0.436024
1782 0.337506
1783 0.402196
1784 0.415504
1785 0.38107
1786 0.450474
1787 0.488661
1788 0.502682
1789 0.452923
1790 0.328914
1791 0.407174
1792 0.372151
1793 0.303786
1794 0.391656
1795 0.368956
1796 0.311949
1797 0.399779
1798 0.384316
1799 0.428946
1800 0.395679
1801 0.351313
1802 0.406937
1803 0.294685
1804 0.316075
1805 0.28303
1806 0.381615
1807 0.358029
1808 0.351244
1809 0.477715
1810 0.427851
1811 0.418868
1812 0.35139
1813 0.376428
1814 0.454762
1815 0.49362
1816 0.370994
1817 0.438087
1818 0.511885
1819 0.447558
1820 0.414468
1821 0.409889
1822 0.373504
1823 0.332666
1824 0.320969
1825 0.402528
1826 0.469423
1827 0.520792
1828 0.411354
1829 0.297093
1830 0.422254
1831 0.453692
1832 0.300486
1833 0.434038
1834 0.440255
1835 0.328497
1836 0.278752
1837 0.319805
1838 0.379995
1839 0.449833
1840 0.337398
1841 0.32781
1842 0.271535
1843 0.280979
1844 0.401995
1845 0.297132
1846 0.367482
1847 0.319336
1848 0.319403
1849 0.379019
1850 0.435255
1851 0.29793
1852 0.346421
1853 0.443404
1854 0.525499
1855 0.402077
1856 0.386142
1857 0.360858
1858 0.380121
1859 0.482624
1860 0.425708
1861 0.445347
1862 0.512422
1863 0.385364
1864 0.274169
1865 0.377983
1866 0.297744
1867 0.388877
1868 0.477993
1869 0.382477
1870 0.346744
1871 0.33222
1872 0.358754
1873 0.346857
1874 0.302708
1875 0.393744
1876 0.327604
1877 0.311203
1878 0.292711
1879 0.268904
1880 0.238598
1881 0.382708
1882 0.486686
1883 0.331815
1884 0.453623
1885 0.372464
1886 0.381304
1887 0.400503
1888 0.365364
1889 0.468186
1890 0.406862
1891 0.410026
1892 0.420975
1893 0.427842
1894 0.36173
1895 0.36757
1896 0.481039
1897 0.363334
1898 0.484289
1899 0.369291
1900 0.387501
1901 0.367422
1902 0.461533
1903 0.422405
1904 0.398287
1905 0.38405
1906 0.35265
1907 0.472742
1908 0.509298
1909 0.400045
1910 0.281773
1911 0.427274
1912 0.357661
1913 0.32145
1914 0.369374
1915 0.395691
1916 0.467763
1917 0.329448
1918 0.346715
1919 0.27312
1920 0.37273
1921 0.335736
1922 0.447045
1923 0.42549
1924 0.491999
1925 0.441909
1926 0.449346
1927 0.377295
1928 0.312295
1929 0.417257
1930 0.506949
1931 0.401624
1932 0.475943
1933 0.465443
1934 0.353196
1935 0.486876
1936 0.360052
1937 0.376111
1938 0.446988
1939 0.389787
1940 0.494118
1941 0.42002
1942 0.27926
1943 0.406208
1944 0.455283
1945 0.425356
1946 0.454207
1947 0.305086
1948 0.345847
1949 0.303852
1950 0.313882
1951 0.337115
1952 0.343636
1953 0.488266
1954 0.325283
1955 0.355659
1956 0.355742
1957 0.337646
1958 0.47384
1959 0.36652
1960 0.36977
1961 0.300044
1962 0.401887
1963 0.47704
1964 0.342357
1965 0.4849
1966 0.372435
1967 0.335991
1968 0.272327
1969 0.278818
1970 0.374179
1971 0.464946
1972 0.465604
1973 0.512392
1974 0.405941
1975 0.482467
1976 0.513493
1977 0.454231
1978 0.511584
1979 0.308262
1980 0.451606
1981 0.387581
1982 0.45763
1983 0.379412
1984 0.293336
1985 0.314639
1986 0.313451
1987 0.393922
1988 0.289396
1989 0.423609
1990 0.506133
1991 0.357463
1992 0.43507
1993 0.319394
1994 0.414312
1995 0.330864
1996 0.373654
1997 0.38547
1998 0.506645
1999 0.354754
2000 0.412466
2001 0.451801
2002 0.515525
2003 0.344585
2004 0.467022
2005 0.430763
2006 0.470444
2007 0.34034
2008 0.30363
2009 0.326299
2010 0.403441
2011 0.434087
2012 0.449724
2013 0.351227
2014 0.268773
2015 0.410839
2016 0.432258
2017 0.480073
2018 0.438862
2019 0.308942
2020 0.3404
2021 0.267002
2022 0.325832
2023 0.362119
2024 0.327701
2025 0.460581
2026 0.525402
2027 0.421383
2028 0.457278
2029 0.489441
2030 0.320642
2031 0.287655
2032 0.363115
2033 0.454441
2034 0.533699
2035 0.352454
2036 0.347171
2037 0.381966
2038 0.317039
2039 0.301712
2040 0.258145
2041 0.428705
2042 0.361416
2043 0.261266
2044 0.427168
2045 0.424699
2046 0.357214
2047 0.450666
2048 0.459325
2049 0.303164
2050 0.332923
2051 0.469507
2052 0.508332
2053 0.355235
2054 0.354746
2055 0.345842
2056 0.288791
2057 0.386012
2058 0.476813
2059 0.352669
2060 0.48367
2061 0.367665
2062 0.392872
2063 0.431545
2064 0.49823
2065 0.358266
2066 0.336694
2067 0.390336
2068 0.468325
2069 0.407233
2070 0.349611
2071 0.268489
2072 0.334526
2073 0.28619
2074 0.258788
2075 0.269926
2076 0.255149
2077 0.276712
2078 0.37625
2079 0.480581
2080 0.365276
2081 0.349552
2082 0.269963
2083 0.369533
2084 0.468621
2085 0.427505
2086 0.378835
2087 0.451231
2088 0.411114
2089 0.358106
2090 0.38174
2091 0.312473
2092 0.244509
2093 0.426871
2094 0.39007
2095 0.310189
2096 0.426248
2097 0.479752
2098 0.432618
2099 0
