0 -1.21586
1 -0.153611
2 0.126115
3 0.193991
4 0.204014
5 0.180198
6 0.182093
7 0.168141
8 0.174323
9 0.173319
10 0.179751
11 0.186885
12 0.181322
13 0.186419
14 0.191548
15 0.180888
16 0.171177
17 0.174299
18 0.180735
19 0.177572
20 0.188832
21 0.174853
22 0.185349
23 0.190557
24 0.171946
25 0.172882
26 0.177884
27 0.171144
28 0.174641
29 0.167895
30 0.179724
31 0.171264
32 0.184913
33 0.186359
34 0.179088
35 0.174946
36 0.181663
37 0.183679
38 0.185789
39 0.185597
40 0.17178
41 0.178493
42 0.186259
43 0.171953
44 0.172561
45 0.181049
46 0.171989
47 0.182739
48 0.181433
49 0.185751
50 0.174671
51 0.166542
52 0.168715
53 0.181702
54 0.180591
55 0.183652
56 0.179995
57 0.18896
58 0.174964
59 0.184601
60 0.183125
61 0.189708
62 0.176245
63 0.179123
64 0.185858
65 0.172078
66 0.164569
67 0.179835
68 0.18068
69 0.172136
70 0.171659
71 0.182462
72 0.19025
73 0.174799
74 0.182641
75 0.180896
76 0.171899
77 0.17586
78 0.184569
79 0.177107
80 0.168295
81 0.174701
82 0.176942
83 0.184186
84 0.184632
85 0.184576
86 0.188146
87 0.187535
88 0.170326
89 0.178723
90 0.189603
91 0.174141
92 0.173516
93 0.181791
94 0.16863
95 0.178477
96 0.175312
97 0.182523
98 0.173902
99 0.183618
100 0.175236
101 0.172688
102 0.181258
103 0.172688
104 0.184215
105 0.192043
106 0.175151
107 0.173881
108 0.18337
109 0.188473
110 0.172239
111 0.171337
112 0.175874
113 0.169947
114 0.175171
115 0.186927
116 0.17115
117 0.178006
118 0.188209
119 0.184543
120 0.169598
121 0.17045
122 0.167979
123 0.167627
124 0.162074
125 0.183711
126 0.179854
127 0.177294
128 0.183438
129 0.180882
130 0.170007
131 0.181857
132 0.170986
133 0.180352
134 0.177379
135 0.16775
136 0.165987
137 0.173835
138 0.176789
139 0.185008
140 0.177581
141 0.171282
142 0.183527
143 0.185266
144 0.16821
145 0.181196
146 0.185526
147 0.178542
148 0.17167
149 0.182358
150 0.190478
151 0.180989
152 0.175338
153 0.183443
154 0.18889
155 0.178609
156 0.185324
157 0.189986
158 0.17404
159 0.172567
160 0.171442
161 0.17275
162 0.167224
163 0.169982
164 0.180615
165 0.169975
166 0.16297
167 0.185173
168 0.171474
169 0.176196
170 0.175497
171 0.184414
172 0.168903
173 0.185192
174 0.175021
175 0.16562
176 0.172262
177 0.173069
178 0.180315
179 0.175301
180 0.18027
181 0.177808
182 0.173182
183 0.176526
184 0.17285
185 0.164532
186 0.179314
187 0.170649
188 0.183504
189 0.17074
190 0.165245
191 0.183485
192 0.177776
193 0.167399
194 0.172701
195 0.17285
196 0.167224
197 0.17661
198 0.186185
199 0.18981
200 0.182755
201 0.181308
202 0.179282
203 0.167518
204 0.177077
205 0.181654
206 0.18204
207 0.176727
208 0.182454
209 0.177422
210 0.171111
211 0.172166
212 0.183206
213 0.168355
214 0.179903
215 0.168123
216 0.17252
217 0.18344
218 0.171349
219 0.184504
220 0.191385
221 0.177351
222 0.166709
223 0.185912
224 0.174072
225 0.163651
226 0.182813
227 0.184065
228 0.186518
229 0.183095
230 0.175432
231 0.165731
232 0.179471
233 0.181901
234 0.177833
235 0.174631
236 0.178181
237 0.174472
238 0.180725
239 0.179656
240 0.169244
241 0.170946
242 0.168158
243 0.181443
244 0.180622
245 0.179008
246 0.18136
247 0.167369
248 0.174269
249 0.180129
250 0.18726
251 0.187227
252 0.179031
253 0.188088
254 0.176255
255 0.178836
256 0.175154
257 0.169689
258 0.176388
259 0.169179
260 0.181881
261 0.177533
262 0.172745
263 0.173682
264 0.175578
265 0.182762
266 0.182954
267 0.188837
268 0.178061
269 0.180884
270 0.185854
271 0.180135
272 0.183079
273 0.171874
274 0.172989
275 0.171111
276 0.182542
277 0.176425
278 0.168467
279 0.16621
280 0.163901
281 0.177815
282 0.179333
283 0.184587
284 0.185544
285 0.173058
286 0.181347
287 0.190813
288 0.172833
289 0.175418
290 0.165632
291 0.181461
292 0.177054
293 0.169674
294 0.170503
295 0.170003
296 0.168522
297 0.175909
298 0.182146
299 0.174146
300 0.175639
301 0.185628
302 0.175752
303 0.18347
304 0.167527
305 0.18298
306 0.182163
307 0.184126
308 0.173357
309 0.175637
310 0.168536
311 0.170549
312 0.17801
313 0.170854
314 0.169383
315 0.174446
316 0.184357
317 0.17144
318 0.173718
319 0.183424
320 0.181595
321 0.183591
322 0.179437
323 0.170241
324 0.185882
325 0.177233
326 0.177638
327 0.169685
328 0.164811
329 0.169482
330 0.163664
331 0.18461
332 0.173841
333 0.166285
334 0.177183
335 0.167585
336 0.17831
337 0.180574
338 0.183319
339 0.18971
340 0.176291
341 0.176803
342 0.179934
343 0.182531
344 0.172878
345 0.165797
346 0.167045
347 0.176093
348 0.18559
349 0.178788
350 0.177984
351 0.170881
352 0.170105
353 0.180388
354 0.177107
355 0.183622
356 0.171212
357 0.186038
358 0.17952
359 0.184251
360 0.173209
361 0.184021
362 0.171117
363 0.168342
364 0.180296
365 0.185724
366 0.172805
367 0.165866
368 0.171239
369 0.168701
370 0.166808
371 0.179854
372 0.170952
373 0.166558
374 0.17875
375 0.183195
376 0.191109
377 0.17584
378 0.169687
379 0.169288
380 0.185108
381 0.171162
382 0.170965
383 0.180378
384 0.17057
385 0.178102
386 0.178457
387 0.182086
388 0.172044
389 0.168757
390 0.182259
391 0.171488
392 0.179701
393 0.190727
394 0.174385
395 0.166137
396 0.164662
397 0.183707
398 0.173395
399 0.164704
400 0.177759
401 0.174356
402 0.176608
403 0.175106
404 0.186655
405 0.18578
406 0.181349
407 0.178037
408 0.172617
409 0.16701
410 0.184369
411 0.174398
412 0.1735
413 0.168145
414 0.176991
415 0.174177
416 0.176129
417 0.168692
418 0.179847
419 0.183961
420 0.175544
421 0.186691
422 0.174672
423 0.18665
424 0.17876
425 0.171401
426 0.166768
427 0.175557
428 0.178047
429 0.186473
430 0.178746
431 0.182925
432 0.17671
433 0.186279
434 0.190187
435 0.180144
436 0.167055
437 0.181898
438 0.180021
439 0.18212
440 0.173004
441 0.16823
442 0.170802
443 0.173273
444 0.183185
445 0.170216
446 0.180274
447 0.181431
448 0.176435
449 0.167702
450 0.178086
451 0.186306
452 0.183548
453 0.172864
454 0.165172
455 0.182855
456 0.184682
457 0.168452
458 0.181216
459 0.175687
460 0.178003
461 0.171966
462 0.163879
463 0.179062
464 0.182482
465 0.174567
466 0.183543
467 0.167847
468 0.179276
469 0.175013
470 0.17121
471 0.173491
472 0.171764
473 0.186297
474 0.170123
475 0.177915
476 0.18192
477 0.187758
478 0.189568
479 0.177602
480 0.16467
481 0.18368
482 0.175133
483 0.175556
484 0.169169
485 0.163449
486 0.181962
487 0.170612
488 0.175755
489 0.169052
490 0.183167
491 0.182752
492 0.182232
493 0.16762
494 0.183162
495 0.174786
496 0.182281
497 0.182398
498 0.173935
499 0.182508
500 0.189306
501 0.170192
502 0.18319
503 0.171012
504 0.173872
505 0.170196
506 0.162592
507 0.184299
508 0.173242
509 0.166417
510 0.168404
511 0.17731
512 0.185975
513 0.17392
514 0.174993
515 0.180753
516 0.17187
517 0.17622
518 0.17595
519 0.180913
520 0.179375
521 0.183709
522 0.171107
523 0.180245
524 0.180044
525 0.167235
526 0.176719
527 0.178255
528 0.174158
529 0.165335
530 0.184166
531 0.178624
532 0.179714
533 0.167538
534 0.181911
535 0.191006
536 0.174399
537 0.165142
538 0.182463
539 0.180266
540 0.176092
541 0.177436
542 0.179076
543 0.165378
544 0.18361
545 0.186532
546 0.178271
547 0.177453
548 0.186056
549 0.191536
550 0.176508
551 0.167338
552 0.181872
553 0.169663
554 0.184855
555 0.185392
556 0.178678
557 0.177348
558 0.184662
559 0.178925
560 0.180289
561 0.166898
562 0.184339
563 0.178579
564 0.178309
565 0.187404
566 0.18992
567 0.18903
568 0.176827
569 0.166878
570 0.177689
571 0.187549
572 0.190545
573 0.174539
574 0.175749
575 0.168967
576 0.172893
577 0.176555
578 0.186052
579 0.187845
580 0.175476
581 0.167065
582 0.18191
583 0.189786
584 0.182197
585 0.177959
586 0.176613
587 0.188846
588 0.175937
589 0.173144
590 0.168988
591 0.175325
592 0.181942
593 0.176899
594 0.169762
595 0.171559
596 0.186561
597 0.181405
598 0.177507
599 0.177163
600 0.166515
601 0.171897
602 0.169459
603 0.166707
604 0.178982
605 0.17392
606 0.184699
607 0.179259
608 0.176728
609 0.181142
610 0.182105
611 0.179726
612 0.177843
613 0.170244
614 0.1868
615 0.173368
616 0.17295
617 0.181323
618 0.1713
619 0.173977
620 0.178882
621 0.176436
622 0.183259
623 0.17485
624 0.166573
625 0.173714
626 0.175477
627 0.173132
628 0.180289
629 0.183737
630 0.167722
631 0.179368
632 0.170044
633 0.164016
634 0.170274
635 0.175264
636 0.167459
637 0.174211
638 0.177914
639 0.179947
640 0.177035
641 0.184279
642 0.180387
643 0.175924
644 0.171642
645 0.168073
646 0.172229
647 0.183324
648 0.171815
649 0.175547
650 0.171274
651 0.179348
652 0.178253
653 0.184238
654 0.177741
655 0.185697
656 0.173139
657 0.185986
658 0.173762
659 0.184652
660 0.183292
661 0.183308
662 0.187118
663 0.172071
664 0.178565
665 0.176293
666 0.185987
667 0.170485
668 0.183529
669 0.185311
670 0.18832
671 0.183442
672 0.174342
673 0.179919
674 0.182589
675 0.174238
676 0.184756
677 0.171561
678 0.170299
679 0.168091
680 0.166705
681 0.183167
682 0.173425
683 0.172931
684 0.186118
685 0.178135
686 0.181258
687 0.173892
688 0.166833
689 0.184161
690 0.181844
691 0.179104
692 0.171967
693 0.170165
694 0.167242
695 0.170975
696 0.184412
697 0.180628
698 0.179989
699 0.176038
700 0.177777
701 0.176011
702 0.185836
703 0.16869
704 0.178498
705 0.180388
706 0.175329
707 0.17511
708 0.167658
709 0.182157
710 0.171049
711 0.185643
712 0.182645
713 0.18641
714 0.177131
715 0.167905
716 0.176889
717 0.186393
718 0.184775
719 0.172155
720 0.174187
721 0.168775
722 0.169077
723 0.173606
724 0.168361
725 0.172141
726 0.182886
727 0.189021
728 0.176076
729 0.169241
730 0.182256
731 0.185754
732 0.179045
733 0.17694
734 0.187024
735 0.185006
736 0.187577
737 0.175812
738 0.179179
739 0.185159
740 0.183136
741 0.17957
742 0.181348
743 0.178288
744 0.189872
745 0.171004
746 0.181626
747 0.180677
748 0.174781
749 0.165392
750 0.180955
751 0.175344
752 0.172629
753 0.174021
754 0.177277
755 0.170398
756 0.182895
757 0.178303
758 0.171522
759 0.170656
760 0.175743
761 0.184516
762 0.171682
763 0.169049
764 0.170353
765 0.175135
766 0.178896
767 0.186044
768 0.173184
769 0.171542
770 0.17916
771 0.16937
772 0.174974
773 0.180669
774 0.184645
775 0.185365
776 0.180741
777 0.176067
778 0.175616
779 0.170675
780 0.176272
781 0.185596
782 0.180521
783 0.184094
784 0.171307
785 0.16371
786 0.176188
787 0.179791
788 0.177405
789 0.185137
790 0.179213
791 0.18931
792 0.179718
793 0.167951
794 0.166609
795 0.168886
796 0.177515
797 0.187054
798 0.170792
799 0.170741
800 0.183406
801 0.174694
802 0.176772
803 0.176875
804 0.176718
805 0.177198
806 0.175272
807 0.166231
808 0.184994
809 0.174617
810 0.18339
811 0.190059
812 0.179537
813 0.168984
814 0.184186
815 0.185208
816 0.187601
817 0.182607
818 0.174629
819 0.170867
820 0.183739
821 0.180065
822 0.187562
823 0.175759
824 0.170673
825 0.165989
826 0.165975
827 0.168469
828 0.171249
829 0.179817
830 0.180769
831 0.180342
832 0.184944
833 0.182461
834 0.189248
835 0.182494
836 0.186897
837 0.17885
838 0.168314
839 0.169937
840 0.163818
841 0.181567
842 0.189411
843 0.190999
844 0.173738
845 0.1824
846 0.168531
847 0.181082
848 0.169814
849 0.167079
850 0.16759
851 0.176937
852 0.181187
853 0.181855
854 0.169119
855 0.183131
856 0.172161
857 0.171652
858 0.164787
859 0.17562
860 0.173129
861 0.181235
862 0.177375
863 0.184829
864 0.183513
865 0.17754
866 0.171635
867 0.165702
868 0.173143
869 0.181615
870 0.182441
871 0.190669
872 0.177851
873 0.174187
874 0.186426
875 0.18646
876 0.175526
877 0.170025
878 0.178813
879 0.169673
880 0.183796
881 0.174218
882 0.168677
883 0.180486
884 0.171337
885 0.175413
886 0.181148
887 0.177993
888 0.182406
889 0.191297
890 0.170219
891 0.183203
892 0.17244
893 0.183639
894 0.181954
895 0.18239
896 0.175852
897 0.170113
898 0.1836
899 0.189606
900 0.174621
901 0.18149
902 0.181452
903 0.175458
904 0.170386
905 0.166149
906 0.168201
907 0.168133
908 0.164794
909 0.182532
910 0.169364
911 0.183641
912 0.168865
913 0.185537
914 0.171694
915 0.166513
916 0.173318
917 0.182772
918 0.179895
919 0.169222
920 0.169308
921 0.175392
922 0.174458
923 0.168815
924 0.16719
925 0.162961
926 0.178907
927 0.186863
928 0.179001
929 0.181241
930 0.176375
931 0.18273
932 0.183976
933 0.180346
934 0.187417
935 0.171001
936 0.178007
937 0.167738
938 0.175977
939 0.185588
940 0.186354
941 0.186689
942 0.173775
943 0.186424
944 0.172622
945 0.182642
946 0.190544
947 0.17997
948 0.173824
949 0.182856
950 0.181038
951 0.181647
952 0.166669
953 0.184996
954 0.171011
955 0.172801
956 0.169571
957 0.180259
958 0.179246
959 0.177787
960 0.175098
961 0.180753
962 0.180601
963 0.178519
964 0.171656
965 0.184047
966 0.180572
967 0.171857
968 0.173203
969 0.166484
970 0.164147
971 0.182214
972 0.189516
973 0.174093
974 0.177261
975 0.172574
976 0.174801
977 0.186374
978 0.187681
979 0.178909
980 0.175113
981 0.173689
982 0.169359
983 0.170152
984 0.185468
985 0.182203
986 0.187497
987 0.1866
988 0.181855
989 0.175024
990 0.171261
991 0.185775
992 0.184112
993 0.186974
994 0.177973
995 0.16677
996 0.180061
997 0.171457
998 0.184641
999 0.183368
1000 0.175494
1001 0.16787
1002 0.18004
1003 0.184684
1004 0.190123
1005 0.18488
1006 0.177556
1007 0.166766
1008 0.178936
1009 0.176951
1010 0.185783
1011 0.190994
1012 0.176629
1013 0.182514
1014 0.168829
1015 0.170508
1016 0.175215
1017 0.169756
1018 0.171761
1019 0.176717
1020 0.184913
1021 0.182639
1022 0.168131
1023 0.170797
1024 0.178112
1025 0.187348
1026 0.187804
1027 0.182047
1028 0.16755
1029 0.177652
1030 0.17583
1031 0.178733
1032 0.183066
1033 0.186867
1034 0.185617
1035 0.186472
1036 0.170043
1037 0.184057
1038 0.185562
1039 0.178893
1040 0.174537
1041 0.188369
1042 0.169458
1043 0.183396
1044 0.174565
1045 0.167494
1046 0.166632
1047 0.166883
1048 0.167035
1049 0.182017
1050 0.185022
1051 0.171652
1052 0.167067
1053 0.16786
1054 0.175891
1055 0.172068
1056 0.180733
1057 0.181842
1058 0.171997
1059 0.176257
1060 0.174237
1061 0.175553
1062 0.170551
1063 0.176379
1064 0.177905
1065 0.1879
1066 0.184811
1067 0.173167
1068 0.17826
1069 0.178718
1070 0.169071
1071 0.177893
1072 0.183238
1073 0.179461
1074 0.176763
1075 0.171976
1076 0.166876
1077 0.182903
1078 0.16854
1079 0.179686
1080 0.170331
1081 0.16752
1082 0.165316
1083 0.184699
1084 0.16939
1085 0.182352
1086 0.17856
1087 0.178659
1088 0.183266
1089 0.187193
1090 0.16863
1091 0.181675
1092 0.169088
1093 0.181188
1094 0.180794
1095 0.173483
1096 0.18107
1097 0.181209
1098 0.174238
1099 0.170934
1100 0.167446
1101 0.168292
1102 0.166682
1103 0.164466
1104 0.17288
1105 0.186243
1106 0.186587
1107 0.173673
1108 0.173029
1109 0.171907
1110 0.17967
1111 0.188327
1112 0.187598
1113 0.168081
1114 0.183067
1115 0.187686
1116 0.185866
1117 0.174259
1118 0.183969
1119 0.184285
1120 0.177139
1121 0.187285
1122 0.176116
1123 0.182683
1124 0.186757
1125 0.186396
1126 0.191792
1127 0.174555
1128 0.186095
1129 0.180143
1130 0.18379
1131 0.172476
1132 0.181582
1133 0.182954
1134 0.171472
1135 0.166717
1136 0.16276
1137 0.178654
1138 0.166798
1139 0.177729
1140 0.179864
1141 0.186194
1142 0.180369
1143 0.175491
1144 0.177533
1145 0.179602
1146 0.188349
1147 0.177938
1148 0.189305
1149 0.174386
1150 0.165669
1151 0.17744
1152 0.187306
1153 0.186062
1154 0.189561
1155 0.183214
1156 0.187873
1157 0.192285
1158 0.177584
1159 0.17655
1160 0.166453
1161 0.172166
1162 0.168757
1163 0.164061
1164 0.174847
1165 0.169138
1166 0.173226
1167 0.181012
1168 0.18855
1169 0.179826
1170 0.181463
1171 0.171037
1172 0.165805
1173 0.181472
1174 0.184579
1175 0.183342
1176 0.174182
1177 0.182467
1178 0.189743
1179 0.184347
1180 0.182357
1181 0.174955
1182 0.177295
1183 0.176846
1184 0.16769
1185 0.175652
1186 0.174134
1187 0.185386
1188 0.181489
1189 0.188519
1190 0.18402
1191 0.180392
1192 0.182602
1193 0.179539
1194 0.172158
1195 0.180069
1196 0.190692
1197 0.173044
1198 0.180292
1199 0.173705
1200 0.18013
1201 0.181417
1202 0.176949
1203 0.176447
1204 0.1699
1205 0.162869
1206 0.17903
1207 0.174468
1208 0.182749
1209 0.182315
1210 0.172963
1211 0.170915
1212 0.182389
1213 0.191962
1214 0.171025
1215 0.174999
1216 0.179484
1217 0.176968
1218 0.167693
1219 0.165998
1220 0.172144
1221 0.175266
1222 0.181279
1223 0.177504
1224 0.169494
1225 0.163667
1226 0.177339
1227 0.169524
1228 0.171945
1229 0.171273
1230 0.17451
1231 0.183869
1232 0.179646
1233 0.183166
1234 0.182503
1235 0.168811
1236 0.177179
1237 0.173418
1238 0.16923
1239 0.178896
1240 0.180118
1241 0.176856
1242 0.171375
1243 0.173007
1244 0.18467
1245 0.1891
1246 0.181998
1247 0.178547
1248 0.182753
1249 0.177814
1250 0.188215
1251 0.18126
1252 0.184912
1253 0.173146
1254 0.182562
1255 0.174081
1256 0.182612
1257 0.174578
1258 0.177275
1259 0.177809
1260 0.167735
1261 0.16845
1262 0.18394
1263 0.17071
1264 0.173805
1265 0.174027
1266 0.183142
1267 0.183717
1268 0.17458
1269 0.171849
1270 0.173063
1271 0.16647
1272 0.182608
1273 0.178549
1274 0.17108
1275 0.186921
1276 0.169622
1277 0.177368
1278 0.186659
1279 0.184527
1280 0.176675
1281 0.184328
1282 0.184929
1283 0.179975
1284 0.172971
1285 0.173585
1286 0.171966
1287 0.170813
1288 0.18328
1289 0.1819
1290 0.1732
1291 0.170863
1292 0.181499
1293 0.170923
1294 0.181623
1295 0.171899
1296 0.183856
1297 0.174534
1298 0.183151
1299 0.187761
1300 0.175936
1301 0.184388
1302 0.175269
1303 0.173313
1304 0.168848
1305 0.172397
1306 0.178485
1307 0.173091
1308 0.186119
1309 0.179021
1310 0.173574
1311 0.165458
1312 0.17486
1313 0.171465
1314 0.168125
1315 0.170732
1316 0.186094
1317 0.184235
1318 0.174589
1319 0.170809
1320 0.168263
1321 0.182661
1322 0.185592
1323 0.185933
1324 0.177613
1325 0.168048
1326 0.169484
1327 0.174012
1328 0.177277
1329 0.185186
1330 0.182038
1331 0.183168
1332 0.189029
1333 0.179799
1334 0.17785
1335 0.186703
1336 0.192417
1337 0.172084
1338 0.171738
1339 0.17126
1340 0.178379
1341 0.188416
1342 0.180448
1343 0.17169
1344 0.17871
1345 0.174812
1346 0.177882
1347 0.173214
1348 0.17581
1349 0.183423
1350 0.171079
1351 0.178806
1352 0.174224
1353 0.175544
1354 0.18775
1355 0.178871
1356 0.184991
1357 0.187035
1358 0.182311
1359 0.177852
1360 0.173998
1361 0.177912
1362 0.183273
1363 0.175309
1364 0.179394
1365 0.17069
1366 0.17602
1367 0.175779
1368 0.166814
1369 0.185195
1370 0.17045
1371 0.18317
1372 0.176753
1373 0.186309
1374 0.179333
1375 0.182197
1376 0.173748
1377 0.167909
1378 0.164561
1379 0.175724
1380 0.178351
1381 0.174259
1382 0.184042
1383 0.170757
1384 0.165374
1385 0.17688
1386 0.188187
1387 0.176924
1388 0.182956
1389 0.168772
1390 0.174991
1391 0.173179
1392 0.184914
1393 0.187823
1394 0.1773
1395 0.170285
1396 0.171683
1397 0.180007
1398 0.179574
1399 0.182897
1400 0.1684
1401 0.181042
1402 0.169204
1403 0.168707
1404 0.167027
1405 0.173431
1406 0.166527
1407 0.171108
1408 0.182872
1409 0.187358
1410 0.18047
1411 0.185697
1412 0.171873
1413 0.185451
1414 0.172666
1415 0.184177
1416 0.188646
1417 0.180137
1418 0.186336
1419 0.175058
1420 0.169016
1421 0.183359
1422 0.185483
1423 0.17536
1424 0.166871
1425 0.168792
1426 0.184623
1427 0.180601
1428 0.174618
1429 0.186028
1430 0.175229
1431 0.171791
1432 0.166869
1433 0.17511
1434 0.181913
1435 0.180957
1436 0.187575
1437 0.18294
1438 0.179858
1439 0.171023
1440 0.174149
1441 0.173538
1442 0.18124
1443 0.183993
1444 0.174051
1445 0.165728
1446 0.183557
1447 0.187261
1448 0.177327
1449 0.174751
1450 0.170125
1451 0.181706
1452 0.187052
1453 0.183506
1454 0.181352
1455 0.169114
1456 0.167952
1457 0.173621
1458 0.171356
1459 0.175512
1460 0.180824
1461 0.183005
1462 0.181453
1463 0.184154
1464 0.180941
1465 0.179677
1466 0.166192
1467 0.179148
1468 0.188495
1469 0.176311
1470 0.170056
1471 0.177002
1472 0.170246
1473 0.183807
1474 0.170831
1475 0.170633
1476 0.171791
1477 0.177034
1478 0.185828
1479 0.189962
1480 0.170203
1481 0.180289
1482 0.172445
1483 0.17254
1484 0.182271
1485 0.171302
1486 0.181175
1487 0.169845
1488 0.185017
1489 0.173406
1490 0.164788
1491 0.174164
1492 0.175677
1493 0.169025
1494 0.17492
1495 0.171037
1496 0.18079
1497 0.191295
1498 0.173342
1499 0.169181
1500 0.165731
1501 0.183761
1502 0.179668
1503 0.170973
1504 0.175633
1505 0.183137
1506 0.177679
1507 0.18297
1508 0.190241
1509 0.172877
1510 0.182767
1511 0.184811
1512 0.183071
1513 0.183425
1514 0.184735
1515 0.17867
1516 0.173612
1517 0.181239
1518 0.18656
1519 0.175854
1520 0.165781
1521 0.17816
1522 0.169743
1523 0.169192
1524 0.18593
1525 0.169481
1526 0.177064
1527 0.184669
1528 0.174482
1529 0.174707
1530 0.176769
1531 0.177372
1532 0.169028
1533 0.173699
1534 0.179068
1535 0.175165
1536 0.172913
1537 0.185986
1538 0.186667
1539 0.175044
1540 0.177954
1541 0.184819
1542 0.171895
1543 0.174512
1544 0.184442
1545 0.170776
1546 0.172361
1547 0.184137
1548 0.173016
1549 0.173306
1550 0.179905
1551 0.177593
1552 0.16956
1553 0.165725
1554 0.182028
1555 0.176214
1556 0.172553
1557 0.170858
1558 0.17227
1559 0.182834
1560 0.17865
1561 0.172664
1562 0.16459
1563 0.174659
1564 0.173025
1565 0.171485
1566 0.180926
1567 0.186764
1568 0.175442
1569 0.169379
1570 0.18554
1571 0.170198
1572 0.175874
1573 0.184921
1574 0.184947
1575 0.181646
1576 0.179019
1577 0.181548
1578 0.178329
1579 0.184305
1580 0.18308
1581 0.171675
1582 0.178906
1583 0.174649
1584 0.183672
1585 0.17554
1586 0.186887
1587 0.177933
1588 0.177292
1589 0.179266
1590 0.182941
1591 0.175348
1592 0.171249
1593 0.181455
1594 0.17511
1595 0.184062
1596 0.173481
1597 0.18608
1598 0.175042
1599 0.167341
1600 0.180323
1601 0.16628
1602 0.184882
1603 0.171763
1604 0.172683
1605 0.167398
1606 0.166903
1607 0.171198
1608 0.172544
1609 0.178211
1610 0.170473
1611 0.166251
1612 0.183419
1613 0.180555
1614 0.174965
1615 0.185799
1616 0.177941
1617 0.179003
1618 0.169169
1619 0.175907
1620 0.172537
1621 0.165088
1622 0.17218
1623 0.170122
1624 0.181252
1625 0.178068
1626 0.178919
1627 0.189368
1628 0.170886
1629 0.173845
1630 0.183006
1631 0.188619
1632 0.184028
1633 0.187682
1634 0.175865
1635 0.168877
1636 0.166449
1637 0.166575
1638 0.16912
1639 0.178464
1640 0.176879
1641 0.176119
1642 0.185758
1643 0.189684
1644 0.185219
1645 0.174359
1646 0.175932
1647 0.180905
1648 0.174746
1649 0.168352
1650 0.178433
1651 0.185706
1652 0.179349
1653 0.186627
1654 0.191963
1655 0.175504
1656 0.181311
1657 0.186198
1658 0.186217
1659 0.188347
1660 0.17586
1661 0.180451
1662 0.169288
1663 0.18531
1664 0.182028
1665 0.177666
1666 0.170665
1667 0.179926
1668 0.184403
1669 0.178172
1670 0.183462
1671 0.176316
1672 0.183924
1673 0.177301
1674 0.18029
1675 0.188926
1676 0.179829
1677 0.168845
1678 0.165455
1679 0.1825
1680 0.184785
1681 0.169964
1682 0.16847
1683 0.167707
1684 0.182118
1685 0.187058
1686 0.182039
1687 0.184376
1688 0.180261
1689 0.18086
1690 0.184577
1691 0.17495
1692 0.178493
1693 0.184973
1694 0.178512
1695 0.186164
1696 0.188572
1697 0.172795
1698 0.180483
1699 0.182903
1700 0.171804
1701 0.176466
1702 0.184436
1703 0.183567
1704 0.181884
1705 0.170807
1706 0.162461
1707 0.182952
1708 0.176178
1709 0.184227
1710 0.188979
1711 0.17167
1712 0.174703
1713 0.183222
1714 0.178311
1715 0.179978
1716 0.184855
1717 0.188931
1718 0.170934
1719 0.18454
1720 0.177003
1721 0.168287
1722 0.165626
1723 0.177997
1724 0.18606
1725 0.184855
1726 0.176483
1727 0.184068
1728 0.18309
1729 0.17693
1730 0.178001
1731 0.186944
1732 0.17685
1733 0.176792
1734 0.172695
1735 0.184688
1736 0.187407
1737 0.179031
1738 0.18684
1739 0.18253
1740 0.173094
1741 0.165382
1742 0.175109
1743 0.178568
1744 0.165634
1745 0.182142
1746 0.174435
1747 0.185727
1748 0.184846
1749 0.175141
1750 0.174801
1751 0.174969
1752 0.172024
1753 0.183819
1754 0.186697
1755 0.188544
1756 0.177116
1757 0.164785
1758 0.182327
1759 0.177664
1760 0.171338
1761 0.178883
1762 0.172556
1763 0.167003
1764 0.176372
1765 0.171637
1766 0.165304
1767 0.182707
1768 0.174459
1769 0.186391
1770 0.173595
1771 0.182653
1772 0.170109
1773 0.176044
1774 0.16897
1775 0.165548
1776 0.176077
1777 0.180499
1778 0.16822
1779 0.171874
1780 0.184755
1781 0.182088
1782 0.171862
1783 0.178801
1784 0.180191
1785 0.176452
1786 0.183495
1787 0.187262
1788 0.188633
1789 0.183646
1790 0.171126
1791 0.179581
1792 0.175955
1793 0.168824
1794 0.177942
1795 0.175528
1796 0.169559
1797 0.178662
1798 0.17689
1799 0.181432
1800 0.177968
1801 0.17352
1802 0.179483
1803 0.167937
1804 0.170356
1805 0.16688
1806 0.177014
1807 0.174274
1808 0.1734
1809 0.186413
1810 0.181083
1811 0.180282
1812 0.173477
1813 0.176205
1814 0.184104
1815 0.187928
1816 0.175128
1817 0.18224
1818 0.189846
1819 0.183072
1820 0.179766
1821 0.179569
1822 0.175999
1823 0.171878
1824 0.170666
1825 0.178914
1826 0.185408
1827 0.190515
1828 0.17932
1829 0.167888
1830 0.181114
1831 0.184224
1832 0.16813
1833 0.182092
1834 0.182724
1835 0.171253
1836 0.166353
1837 0.170766
1838 0.176726
1839 0.183663
1840 0.171957
1841 0.17135
1842 0.165797
1843 0.166804
1844 0.179164
1845 0.16802
1846 0.175391
1847 0.17042
1848 0.170485
1849 0.1765
1850 0.182243
1851 0.16796
1852 0.173119
1853 0.182952
1854 0.191176
1855 0.178245
1856 0.176995
1857 0.174652
1858 0.176598
1859 0.186971
1860 0.180796
1861 0.182806
1862 0.189873
1863 0.176917
1864 0.165748
1865 0.176836
1866 0.168344
1867 0.177515
1868 0.186458
1869 0.176504
1870 0.173059
1871 0.171825
1872 0.174664
1873 0.173342
1874 0.168702
1875 0.178183
1876 0.171273
1877 0.169709
1878 0.167947
1879 0.165639
1880 0.162392
1881 0.177023
1882 0.187387
1883 0.171042
1884 0.183943
1885 0.175614
1886 0.176671
1887 0.178626
1888 0.174911
1889 0.185506
1890 0.179
1891 0.179404
1892 0.180579
1893 0.181384
1894 0.174563
1895 0.175202
1896 0.186942
1897 0.17447
1898 0.187126
1899 0.175195
1900 0.177334
1901 0.175174
1902 0.184896
1903 0.180625
1904 0.178217
1905 0.176911
1906 0.17367
1907 0.185943
1908 0.189484
1909 0.178259
1910 0.166345
1911 0.181783
1912 0.174417
1913 0.170595
1914 0.17553
1915 0.178116
1916 0.185465
1917 0.17113
1918 0.173326
1919 0.165839
1920 0.176205
1921 0.171967
1922 0.183315
1923 0.180743
1924 0.187629
1925 0.182399
1926 0.18343
1927 0.176199
1928 0.16966
1929 0.180451
1930 0.189437
1931 0.178194
1932 0.186011
1933 0.185062
1934 0.173494
1935 0.187541
1936 0.174354
1937 0.176107
1938 0.183394
1939 0.177276
1940 0.188051
1941 0.180434
1942 0.166098
1943 0.179422
1944 0.184254
1945 0.18085
1946 0.183936
1947 0.168771
1948 0.173403
1949 0.169101
1950 0.170125
1951 0.172357
1952 0.17278
1953 0.187652
1954 0.170631
1955 0.174085
1956 0.174209
1957 0.172239
1958 0.186195
1959 0.174913
1960 0.1755
1961 0.168381
1962 0.178936
1963 0.186438
1964 0.172223
1965 0.187206
1966 0.175632
1967 0.172207
1968 0.165841
1969 0.166626
1970 0.176152
1971 0.18504
1972 0.184681
1973 0.189557
1974 0.178606
1975 0.18673
1976 0.189864
1977 0.183635
1978 0.189805
1979 0.168883
1980 0.18409
1981 0.177218
1982 0.184485
1983 0.17637
1984 0.167804
1985 0.170253
1986 0.170065
1987 0.178249
1988 0.167124
1989 0.180947
1990 0.189278
1991 0.17375
1992 0.182113
1993 0.170268
1994 0.180319
1995 0.171505
1996 0.175983
1997 0.176947
1998 0.189443
1999 0.17351
2000 0.179691
2001 0.183664
2002 0.190245
2003 0.172386
2004 0.185382
2005 0.181519
2006 0.185723
2007 0.172346
2008 0.168957
2009 0.171367
2010 0.179114
2011 0.181875
2012 0.183422
2013 0.173452
2014 0.165218
2015 0.179998
2016 0.181759
2017 0.186425
2018 0.18222
2019 0.169167
2020 0.172889
2021 0.16538
2022 0.171415
2023 0.174915
2024 0.171056
2025 0.184561
2026 0.191011
2027 0.180114
2028 0.184044
2029 0.187654
2030 0.17041
2031 0.167312
2032 0.175115
2033 0.184113
2034 0.191956
2035 0.173199
2036 0.17317
2037 0.177071
2038 0.17039
2039 0.16885
2040 0.164287
2041 0.181894
2042 0.174638
2043 0.16424
2044 0.181518
2045 0.181065
2046 0.173874
2047 0.183581
2048 0.184572
2049 0.168516
2050 0.171769
2051 0.185767
2052 0.189472
2053 0.173554
2054 0.173977
2055 0.173382
2056 0.16745
2057 0.17728
2058 0.186414
2059 0.173262
2060 0.187024
2061 0.175019
2062 0.177789
2063 0.181643
2064 0.188538
2065 0.174023
2066 0.172102
2067 0.177708
2068 0.185612
2069 0.179095
2070 0.173401
2071 0.16536
2072 0.172456
2073 0.167375
2074 0.164552
2075 0.165754
2076 0.164222
2077 0.166265
2078 0.176206
2079 0.186696
2080 0.174627
2081 0.173398
2082 0.165431
2083 0.175739
2084 0.185582
2085 0.181033
2086 0.17601
2087 0.183737
2088 0.179636
2089 0.174231
2090 0.176886
2091 0.169901
2092 0.162885
2093 0.181712
2094 0.17757
2095 0.169153
2096 0.181178
2097 0.186578
2098 0.181616
2099 0
