0 4.47312
1 9.82317
2 16.5764
3 15.3522
4 15.8406
5 19.1716
6 23.1924
7 24.7301
8 22.0641
9 15.7093
10 8.97354
11 15.3431
12 -6.2818
13 -15.1276
14 -13.1369
15 -12.0168
16 -5.97444
17 -1.70381
18 -2.30302
19 -0.230171
20 -0.0677229
21 0.066668
22 0.0497813
23 0.151174
24 0.17676
25 0.171554
26 0.187785
27 0.184127
28 0.173106
29 0.171335
30 0.177664
31 0.180087
32 0.181476
33 0.167316
34 0.17402
35 0.191907
36 0.18175
37 0.160166
38 0.166484
39 0.178454
40 0.182934
41 0.16317
42 0.161363
43 0.184337
44 0.167301
45 0.167329
46 0.187581
47 0.179234
48 0.178197
49 0.180725
50 0.167983
51 0.190318
52 0.189532
53 0.183162
54 0.172625
55 0.178276
56 0.187356
57 0.190407
58 0.196565
59 0.19667
60 0.202776
61 0.188402
62 0.175596
63 0.192487
64 0.184529
65 0.199667
66 0.164136
67 0.165082
68 0.178654
69 0.160458
70 0.181646
71 0.183013
72 0.188316
73 0.196027
74 0.170859
75 0.188952
76 0.184796
77 0.198237
78 0.191405
79 0.179929
80 0.176514
81 0.180301
82 0.178649
83 0.178598
84 0.151815
85 0.183871
86 0.17589
87 0.153995
88 0.162181
89 0.183888
90 0.199093
91 0.160389
92 0.161018
93 0.19613
94 0.216207
95 0.179961
96 0.16102
97 0.182847
98 0.185184
99 0.186857
100 0.167752
101 0.166472
102 0.191639
103 0.185582
104 0.148295
105 0.173492
106 0.189905
107 0.196836
108 0.204179
109 0.190592
110 0.195026
111 0.196053
112 0.185309
113 0.181576
114 0.184544
115 0.187212
116 0.168799
117 0.166001
118 0.174504
119 0.183071
120 0.177092
121 0.174605
122 0.161832
123 0.164548
124 0.194981
125 0.185353
126 0.170549
127 0.156317
128 0.180617
129 0.181058
130 0.177323
131 0.165265
132 0.186545
133 0.193267
134 0.202272
135 0.18524
136 0.18187
137 0.183012
138 0.174936
139 0.178476
140 0.181633
141 0.181175
142 0.168356
143 0.150055
144 0.168395
145 0.192608
146 0.178377
147 0.181116
148 0.194081
149 0.18993
150 0.194914
151 0.181671
152 0.188137
153 0.199747
154 0.195958
155 0.174289
156 0.191853
157 0.175541
158 0.175677
159 0.182698
160 0.159002
161 0.163193
162 0.185625
163 0.185591
164 0.171768
165 0.165258
166 0.194512
167 0.182703
168 0.19691
169 0.162752
170 0.161687
171 0.192281
172 0.165188
173 0.168384
174 0.179893
175 0.168403
176 0.184926
177 0.161451
178 0.17342
179 0.166026
180 0.171945
181 0.189351
182 0.184623
183 0.181721
184 0.164739
185 0.172776
186 0.169632
187 0.185642
188 0.174156
189 0.145388
190 0.168395
191 0.183566
192 0.18238
193 0.157796
194 0.176325
195 0.171865
196 0.179779
197 0.184616
198 0.162828
199 0.162798
200 0.17821
201 0.175681
202 0.170654
203 0.166571
204 0.170107
205 0.174131
206 0.16757
207 0.172706
208 0.186652
209 0.172957
210 0.16743
211 0.161199
212 0.183905
213 0.174468
214 0.180923
215 0.17302
216 0.167906
217 0.178909
218 0.183985
219 0.19103
220 0.180645
221 0.167534
222 0.172153
223 0.194308
224 0.170317
225 0.182795
226 0.18828
227 0.17563
228 0.192333
229 0.161122
230 0.166703
231 0.18874
232 0.176431
233 0.181691
234 0.189314
235 0.183318
236 0.192955
237 0.168366
238 0.18133
239 0.180616
240 0.166725
241 0.190953
242 0.162289
243 0.167077
244 0.172016
245 0.168883
246 0.173424
247 0.169377
248 0.170077
249 0.176329
250 0.18384
251 0.186596
252 0.174883
253 0.161168
254 0.183032
255 0.204535
256 0.206667
257 0.183691
258 0.159598
259 0.18239
260 0.204943
261 0.208773
262 0.199233
263 0.161701
264 0.179181
265 0.202776
266 0.204843
267 0.200311
268 0.187911
269 0.201861
270 0.199646
271 0.188656
272 0.170044
273 0.179303
274 0.182214
275 0.19651
276 0.182693
277 0.188429
278 0.166179
279 0.182745
280 0.182478
281 0.181943
282 0.208447
283 0.174178
284 0.166453
285 0.157819
286 0.175512
287 0.16292
288 0.178628
289 0.157319
290 0.181365
291 0.179846
292 0.174052
293 0.193522
294 0.195027
295 0.180736
296 0.17624
297 0.177134
298 0.174102
299 0.172379
300 0.18814
301 0.197907
302 0.17436
303 0.163502
304 0.16019
305 0.195627
306 0.191027
307 0.181727
308 0.185586
309 0.161655
310 0.195729
311 0.193446
312 0.186583
313 0.187403
314 0.181338
315 0.182611
316 0.178509
317 0.183755
318 0.172037
319 0.17947
320 0.188212
321 0.191001
322 0.192444
323 0.202134
324 0.194949
325 0.184721
326 0.202069
327 0.204323
328 0.195486
329 0.188846
330 0.192049
331 0.189681
332 0.199353
333 0.20908
334 0.19736
335 0.196296
336 0.175499
337 0.183217
338 0.174856
339 0.189498
340 0.175518
341 0.173069
342 0.18615
343 0.174131
344 0.195713
345 0.174012
346 0.172309
347 0.171118
348 0.156739
349 0.193617
350 0.187505
351 0.174289
352 0.17331
353 0.157889
354 0.172495
355 0.17375
356 0.180609
357 0.162849
358 0.168865
359 0.17698
360 0.165872
361 0.164482
362 0.18114
363 0.17325
364 0.185605
365 0.179046
366 0.17044
367 0.176862
368 0.190666
369 0.17834
370 0.179507
371 0.183327
372 0.164328
373 0.175302
374 0.161729
375 0.154123
376 0.153373
377 0.180401
378 0.177138
379 0.154951
380 0.161419
381 0.178791
382 0.162484
383 0.174884
384 0.156128
385 0.179158
386 0.172182
387 0.148825
388 0.175536
389 0.186414
390 0.174976
391 0.181524
392 0.176093
393 0.190936
394 0.188736
395 0.174456
396 0.18171
397 0.19362
398 0.174865
399 0.180372
400 0.167326
401 0.172446
402 0.181396
403 0.18768
404 0.195327
405 0.184944
406 0.192122
407 0.205971
408 0.198221
409 0.20856
410 0.212639
411 0.213629
412 0.206383
413 0.183659
414 0.182242
415 0.198287
416 0.200954
417 0.201884
418 0.172568
419 0.172877
420 0.183364
421 0.18759
422 0.171762
423 0.186286
424 0.17343
425 0.179971
426 0.170877
427 0.162987
428 0.161282
429 0.177789
430 0.175235
431 0.171746
432 0.186413
433 0.188578
434 0.16752
435 0.181056
436 0.177554
437 0.176008
438 0.198833
439 0.167165
440 0.192462
441 0.196136
442 0.17918
443 0.168913
444 0.15333
445 0.155135
446 0.168891
447 0.18507
448 0.177283
449 0.157654
450 0.151109
451 0.168997
452 0.16998
453 0.177359
454 0.164231
455 0.168945
456 0.174514
457 0.177843
458 0.188487
459 0.177411
460 0.201324
461 0.174867
462 0.167649
463 0.188773
464 0.187988
465 0.196813
466 0.177504
467 0.165329
468 0.185158
469 0.183491
470 0.203314
471 0.191815
472 0.178418
473 0.19325
474 0.167473
475 0.194421
476 0.17865
477 0.16631
478 0.169615
479 0.180875
480 0.184931
481 0.180056
482 0.178377
483 0.172809
484 0.176141
485 0.195617
486 0.191747
487 0.186542
488 0.182136
489 0.175066
490 0.194894
491 0.198213
492 0.190034
493 0.185429
494 0.172929
495 0.198121
496 0.208698
497 0.216301
498 0.176554
499 0.173065
500 0.181125
501 0.184292
502 0.177479
503 0.178056
504 0.171538
505 0.177178
506 0.156103
507 0.178555
508 0.176476
509 0.178165
510 0.155778
511 0.170261
512 0.180377
513 0.176815
514 0.169974
515 0.174097
516 0.190005
517 0.175774
518 0.179404
519 0.178448
520 0.18236
521 0.188306
522 0.17492
523 0.169559
524 0.185052
525 0.191307
526 0.189525
527 0.166417
528 0.168469
529 0.176842
530 0.183936
531 0.167573
532 0.156359
533 0.174339
534 0.176301
535 0.174426
536 0.176684
537 0.177913
538 0.167529
539 0.197467
540 0.169815
541 0.18622
542 0.191645
543 0.163446
544 0.17997
545 0.169957
546 0.178599
547 0.167768
548 0.165696
549 0.194392
550 0.173644
551 0.14723
552 0.164457
553 0.194112
554 0.192232
555 0.170712
556 0.158374
557 0.166274
558 0.189846
559 0.166795
560 0.172221
561 0.161841
562 0.18154
563 0.194066
564 0.169516
565 0.178893
566 0.16958
567 0.196041
568 0.199947
569 0.199935
570 0.190347
571 0.16428
572 0.18892
573 0.195902
574 0.196401
575 0.180921
576 0.172213
577 0.192094
578 0.203571
579 0.182177
580 0.177062
581 0.192233
582 0.196061
583 0.193505
584 0.184826
585 0.168853
586 0.180812
587 0.186166
588 0.186686
589 0.200051
590 0.178065
591 0.166632
592 0.178982
593 0.179574
594 0.18597
595 0.165819
596 0.170639
597 0.166536
598 0.161202
599 0.178369
600 0.173247
601 0.174398
602 0.171533
603 0.158801
604 0.175293
605 0.158864
606 0.162689
607 0.182911
608 0.168503
609 0.17836
610 0.15474
611 0.154546
612 0.189841
613 0.188706
614 0.180018
615 0.146208
616 0.15753
617 0.181936
618 0.176714
619 0.17535
620 0.151875
621 0.168049
622 0.18119
623 0.175673
624 0.155988
625 0.17045
626 0.166591
627 0.171412
628 0.197092
629 0.169409
630 0.196529
631 0.183273
632 0.165815
633 0.187017
634 0.190766
635 0.175531
636 0.173369
637 0.174297
638 0.168352
639 0.155772
640 0.161798
641 0.155966
642 0.175738
643 0.169187
644 0.16173
645 0.161516
646 0.165542
647 0.160559
648 0.171179
649 0.159293
650 0.172013
651 0.171103
652 0.17807
653 0.181453
654 0.173115
655 0.169596
656 0.194407
657 0.202938
658 0.183922
659 0.174814
660 0.172128
661 0.18564
662 0.184218
663 0.159571
664 0.16499
665 0.178047
666 0.176794
667 0.175086
668 0.163993
669 0.163705
670 0.193865
671 0.182786
672 0.162041
673 0.177486
674 0.176342
675 0.176354
676 0.191378
677 0.183389
678 0.196125
679 0.203987
680 0.167276
681 0.174095
682 0.19051
683 0.178976
684 0.19617
685 0.180961
686 0.177759
687 0.191881
688 0.179705
689 0.190231
690 0.16876
691 0.192123
692 0.197745
693 0.204809
694 0.173796
695 0.177642
696 0.187411
697 0.189753
698 0.195665
699 0.179483
700 0.18303
701 0.183972
702 0.174463
703 0.164812
704 0.165954
705 0.194877
706 0.18672
707 0.172159
708 0.168634
709 0.169881
710 0.188659
711 0.170795
712 0.168908
713 0.170478
714 0.16587
715 0.161342
716 0.153503
717 0.151371
718 0.176287
719 0.168413
720 0.16682
721 0.164007
722 0.143841
723 0.180271
724 0.189635
725 0.178075
726 0.160464
727 0.158519
728 0.189528
729 0.18686
730 0.182583
731 0.161351
732 0.166424
733 0.176724
734 0.195917
735 0.178924
736 0.173624
737 0.194107
738 0.191244
739 0.188527
740 0.163713
741 0.182328
742 0.183777
743 0.182424
744 0.17335
745 0.149049
746 0.176102
747 0.186975
748 0.177379
749 0.1725
750 0.183696
751 0.186784
752 0.196245
753 0.187583
754 0.173003
755 0.188936
756 0.200948
757 0.19239
758 0.197668
759 0.190054
760 0.199559
761 0.191388
762 0.197822
763 0.200222
764 0.195952
765 0.183937
766 0.169911
767 0.181094
768 0.191932
769 0.191785
770 0.188853
771 0.172673
772 0.175691
773 0.20111
774 0.21209
775 0.18219
776 0.163302
777 0.180835
778 0.17718
779 0.188928
780 0.174046
781 0.1813
782 0.180625
783 0.167636
784 0.188512
785 0.195587
786 0.198903
787 0.194365
788 0.170771
789 0.19395
790 0.184085
791 0.179715
792 0.187867
793 0.182023
794 0.177436
795 0.167832
796 0.172722
797 0.183717
798 0.18659
799 0.180986
800 0.153669
801 0.16757
802 0.177577
803 0.201146
804 0.203026
805 0.17854
806 0.164021
807 0.166042
808 0.20148
809 0.180083
810 0.176809
811 0.169627
812 0.166689
813 0.177288
814 0.177169
815 0.16068
816 0.154493
817 0.178828
818 0.178249
819 0.186506
820 0.169161
821 0.160537
822 0.18886
823 0.200791
824 0.188074
825 0.189878
826 0.189963
827 0.1874
828 0.182889
829 0.165609
830 0.176677
831 0.188771
832 0.172781
833 0.158049
834 0.161113
835 0.153804
836 0.166073
837 0.178437
838 0.175551
839 0.163429
840 0.165013
841 0.161977
842 0.190897
843 0.207188
844 0.184128
845 0.159595
846 0.160072
847 0.188374
848 0.184395
849 0.186311
850 0.169339
851 0.170551
852 0.170057
853 0.1847
854 0.163514
855 0.177941
856 0.191853
857 0.185945
858 0.173821
859 0.182643
860 0.165595
861 0.179904
862 0.17645
863 0.176659
864 0.203304
865 0.17686
866 0.188483
867 0.177317
868 0.170458
869 0.200608
870 0.181731
871 0.176742
872 0.168446
873 0.170761
874 0.180965
875 0.177932
876 0.165458
877 0.174736
878 0.185098
879 0.179194
880 0.175268
881 0.187485
882 0.210868
883 0.18006
884 0.179329
885 0.170087
886 0.203523
887 0.193309
888 0.170632
889 0.154551
890 0.171299
891 0.172211
892 0.183441
893 0.164829
894 0.144035
895 0.192794
896 0.187573
897 0.180559
898 0.17192
899 0.157145
900 0.159777
901 0.191377
902 0.188776
903 0.167083
904 0.167771
905 0.183298
906 0.209667
907 0.188966
908 0.180944
909 0.189738
910 0.197669
911 0.203492
912 0.1946
913 0.167073
914 0.1791
915 0.190218
916 0.183788
917 0.187266
918 0.187622
919 0.177203
920 0.184023
921 0.161857
922 0.165554
923 0.207967
924 0.185584
925 0.168419
926 0.15318
927 0.178791
928 0.186624
929 0.185616
930 0.171837
931 0.172485
932 0.194727
933 0.172899
934 0.179615
935 0.190954
936 0.182168
937 0.186108
938 0.176676
939 0.157444
940 0.177971
941 0.191217
942 0.17499
943 0.194632
944 0.185307
945 0.175711
946 0.191469
947 0.182898
948 0.19871
949 0.209232
950 0.190203
951 0.182401
952 0.196858
953 0.197586
954 0.19381
955 0.171186
956 0.175499
957 0.171575
958 0.179876
959 0.181979
960 0.176797
961 0.163909
962 0.169397
963 0.192454
964 0.171869
965 0.19608
966 0.195568
967 0.173058
968 0.196069
969 0.165538
970 0.161927
971 0.175829
972 0.161173
973 0.183598
974 0.163933
975 0.170177
976 0.17801
977 0.16973
978 0.195927
979 0.181763
980 0.176027
981 0.210394
982 0.177331
983 0.167534
984 0.173495
985 0.181627
986 0.192921
987 0.181465
988 0.175277
989 0.178202
990 0.204917
991 0.180071
992 0.170412
993 0.203937
994 0.212132
995 0.198211
996 0.176223
997 0.170618
998 0.180686
999 0.183711
1000 0.173865
1001 0.174787
1002 0.180644
1003 0.170822
1004 0.164069
1005 0.165699
1006 0.1609
1007 0.170419
1008 0.155669
1009 0.169244
1010 0.175261
1011 0.16195
1012 0.192923
1013 0.196681
1014 0.189732
1015 0.186754
1016 0.188568
1017 0.182023
1018 0.184891
1019 0.19278
1020 0.171846
1021 0.164766
1022 0.178862
1023 0.191141
1024 0.191423
1025 0.18853
1026 0.157865
1027 0.208493
1028 0.180984
1029 0.162966
1030 0.157841
1031 0.18665
1032 0.181361
1033 0.184461
1034 0.173804
1035 0.190266
1036 0.199214
1037 0.182142
1038 0.193586
1039 0.194941
1040 0.169125
1041 0.195872
1042 0.181028
1043 0.194554
1044 0.170555
1045 0.169445
1046 0.199874
1047 0.192439
1048 0.162545
1049 0.170388
1050 0.180158
1051 0.174867
1052 0.184775
1053 0.160651
1054 0.159488
1055 0.164356
1056 0.175362
1057 0.190826
1058 0.179999
1059 0.171049
1060 0.176579
1061 0.185218
1062 0.203099
1063 0.194705
1064 0.189194
1065 0.193286
1066 0.180565
1067 0.202947
1068 0.202669
1069 0.17856
1070 0.194223
1071 0.173064
1072 0.179019
1073 0.174762
1074 0.169876
1075 0.176466
1076 0.163151
1077 0.180124
1078 0.18017
1079 0.182351
1080 0.180912
1081 0.161456
1082 0.166444
1083 0.164744
1084 0.192603
1085 0.190518
1086 0.178939
1087 0.185025
1088 0.178897
1089 0.192315
1090 0.197788
1091 0.188189
1092 0.178342
1093 0.198385
1094 0.192337
1095 0.179712
1096 0.163924
1097 0.1705
1098 0.200681
1099 0.180207
1100 0.168026
1101 0.152491
1102 0.185171
1103 0.175114
1104 0.16277
1105 0.162145
1106 0.161503
1107 0.182974
1108 0.181263
1109 0.189051
1110 0.181839
1111 0.17257
1112 0.175348
1113 0.179648
1114 0.192245
1115 0.188397
1116 0.159369
1117 0.151292
1118 0.163334
1119 0.177201
1120 0.15947
1121 0.174262
1122 0.154455
1123 0.164757
1124 0.192588
1125 0.172133
1126 0.193878
1127 0.177551
1128 0.19809
1129 0.172005
1130 0.173282
1131 0.198798
1132 0.185906
1133 0.20159
1134 0.171888
1135 0.167708
1136 0.208163
1137 0.192668
1138 0.18654
1139 0.169239
1140 0.164002
1141 0.200466
1142 0.192705
1143 0.187087
1144 0.161466
1145 0.16603
1146 0.174693
1147 0.190649
1148 0.181732
1149 0.162274
1150 0.167633
1151 0.168012
1152 0.174559
1153 0.175134
1154 0.167849
1155 0.1888
1156 0.166964
1157 0.170615
1158 0.175608
1159 0.193157
1160 0.182464
1161 0.160497
1162 0.182247
1163 0.182805
1164 0.197774
1165 0.188047
1166 0.186147
1167 0.201517
1168 0.206073
1169 0.186743
1170 0.192677
1171 0.183765
1172 0.183194
1173 0.192334
1174 0.171857
1175 0.173056
1176 0.179167
1177 0.190332
1178 0.187372
1179 0.156234
1180 0.15378
1181 0.162348
1182 0.179236
1183 0.200551
1184 0.164428
1185 0.158987
1186 0.177339
1187 0.17148
1188 0.163681
1189 0.161394
1190 0.174074
1191 0.181128
1192 0.173406
1193 0.173785
1194 0.175899
1195 0.171756
1196 0.177713
1197 0.171682
1198 0.163291
1199 0.168114
1200 0.166826
1201 0.186031
1202 0.180394
1203 0.16442
1204 0.17024
1205 0.181636
1206 0.197346
1207 0.199278
1208 0.176351
1209 0.167513
1210 0.175362
1211 0.168592
1212 0.172973
1213 0.181953
1214 0.172314
1215 0.170846
1216 0.179385
1217 0.171847
1218 0.162892
1219 0.194797
1220 0.198414
1221 0.186307
1222 0.16903
1223 0.176625
1224 0.172775
1225 0.198152
1226 0.193029
1227 0.169186
1228 0.193437
1229 0.172014
1230 0.190121
1231 0.192571
1232 0.176434
1233 0.200796
1234 0.170913
1235 0.17576
1236 0.18869
1237 0.178311
1238 0.175789
1239 0.167264
1240 0.1777
1241 0.181288
1242 0.182786
1243 0.178815
1244 0.16005
1245 0.175951
1246 0.214247
1247 0.187912
1248 0.189788
1249 0.165334
1250 0.172929
1251 0.170257
1252 0.174272
1253 0.173068
1254 0.16202
1255 0.158768
1256 0.155012
1257 0.161523
1258 0.175892
1259 0.170433
1260 0.153709
1261 0.164548
1262 0.166143
1263 0.179232
1264 0.188998
1265 0.189787
1266 0.179253
1267 0.185307
1268 0.170171
1269 0.162015
1270 0.170453
1271 0.162102
1272 0.190717
1273 0.153954
1274 0.135626
1275 0.144137
1276 0.170281
1277 0.169476
1278 0.167202
1279 0.162484
1280 0.157576
1281 0.177904
1282 0.162561
1283 0.152379
1284 0.169076
1285 0.172923
1286 0.174621
1287 0.162802
1288 0.162013
1289 0.189199
1290 0.191187
1291 0.180965
1292 0.173927
1293 0.199113
1294 0.182509
1295 0.194826
1296 0.196622
1297 0.186048
1298 0.195081
1299 0.171526
1300 0.157797
1301 0.17074
1302 0.173087
1303 0.17559
1304 0.170621
1305 0.164132
1306 0.159579
1307 0.152477
1308 0.19179
1309 0.19797
1310 0.190184
1311 0.184852
1312 0.172054
1313 0.201088
1314 0.200055
1315 0.180699
1316 0.187412
1317 0.169516
1318 0.189949
1319 0.18719
1320 0.165593
1321 0.169385
1322 0.177424
1323 0.169636
1324 0.178029
1325 0.184503
1326 0.16882
1327 0.175362
1328 0.164697
1329 0.17274
1330 0.200514
1331 0.188234
1332 0.170316
1333 0.144496
1334 0.185988
1335 0.1742
1336 0.182077
1337 0.159312
1338 0.158716
1339 0.158506
1340 0.172759
1341 0.179237
1342 0.16658
1343 0.172002
1344 0.16258
1345 0.167361
1346 0.183125
1347 0.166965
1348 0.174965
1349 0.161109
1350 0.166
1351 0.178874
1352 0.170259
1353 0.161376
1354 0.170757
1355 0.194148
1356 0.178616
1357 0.187519
1358 0.178874
1359 0.194214
1360 0.204472
1361 0.185716
1362 0.191384
1363 0.170163
1364 0.179834
1365 0.185137
1366 0.16667
1367 0.188269
1368 0.160342
1369 0.153183
1370 0.180943
1371 0.181467
1372 0.181754
1373 0.168299
1374 0.180441
1375 0.200589
1376 0.194686
1377 0.198172
1378 0.180235
1379 0.172233
1380 0.210787
1381 0.197935
1382 0.180582
1383 0.187491
1384 0.182466
1385 0.195315
1386 0.191465
1387 0.166994
1388 0.191469
1389 0.187871
1390 0.19429
1391 0.183095
1392 0.173947
1393 0.185924
1394 0.169921
1395 0.204322
1396 0.203892
1397 0.189638
1398 0.204023
1399 0.181492
1400 0.190251
1401 0.174002
1402 0.183694
1403 0.183637
1404 0.189286
1405 0.182758
1406 0.171386
1407 0.181156
1408 0.18285
1409 0.182681
1410 0.181442
1411 0.19579
1412 0.187627
1413 0.166768
1414 0.176155
1415 0.1664
1416 0.192602
1417 0.181881
1418 0.177058
1419 0.165988
1420 0.181385
1421 0.186549
1422 0.194754
1423 0.18947
1424 0.188023
1425 0.191473
1426 0.180466
1427 0.175018
1428 0.172001
1429 0.182153
1430 0.183058
1431 0.175987
1432 0.170493
1433 0.177228
1434 0.183362
1435 0.182271
1436 0.189856
1437 0.203131
1438 0.203876
1439 0.18897
1440 0.203474
1441 0.195007
1442 0.182693
1443 0.198885
1444 0.182052
1445 0.176905
1446 0.169896
1447 0.167286
1448 0.160475
1449 0.174907
1450 0.165854
1451 0.160917
1452 0.162784
1453 0.161475
1454 0.178149
1455 0.176546
1456 0.159131
1457 0.176579
1458 0.153053
1459 0.168455
1460 0.161555
1461 0.164513
1462 0.154476
1463 0.165814
1464 0.166218
1465 0.180704
1466 0.164457
1467 0.162706
1468 0.174631
1469 0.192541
1470 0.169091
1471 0.158702
1472 0.155523
1473 0.151827
1474 0.182061
1475 0.170134
1476 0.158454
1477 0.169732
1478 0.164263
1479 0.175818
1480 0.169568
1481 0.169609
1482 0.15845
1483 0.17308
1484 0.180009
1485 0.169374
1486 0.169399
1487 0.162344
1488 0.161917
1489 0.187107
1490 0.154849
1491 0.173269
1492 0.150423
1493 0.18184
1494 0.177657
1495 0.184482
1496 0.183514
1497 0.160652
1498 0.202703
1499 0.198018
1500 0.199825
1501 0.196823
1502 0.19027
1503 0.182664
1504 0.181329
1505 0.200115
1506 0.17462
1507 0.167656
1508 0.173358
1509 0.173778
1510 0.182051
1511 0.176576
1512 0.171222
1513 0.184991
1514 0.170368
1515 0.169241
1516 0.169377
1517 0.19215
1518 0.199684
1519 0.185938
1520 0.168014
1521 0.178144
1522 0.192426
1523 0.177159
1524 0.17345
1525 0.14915
1526 0.182776
1527 0.18692
1528 0.170457
1529 0.176693
1530 0.178646
1531 0.186422
1532 0.174021
1533 0.168484
1534 0.195161
1535 0.176487
1536 0.179247
1537 0.153778
1538 0.155389
1539 0.170277
1540 0.167736
1541 0.160379
1542 0.160264
1543 0.171711
1544 0.171331
1545 0.174202
1546 0.165373
1547 0.199263
1548 0.183656
1549 0.210778
1550 0.183783
1551 0.17011
1552 0.196326
1553 0.172816
1554 0.189854
1555 0.183174
1556 0.175921
1557 0.181044
1558 0.164069
1559 0.170471
1560 0.173459
1561 0.189611
1562 0.170355
1563 0.159484
1564 0.162367
1565 0.171733
1566 0.168792
1567 0.179637
1568 0.177737
1569 0.17064
1570 0.189027
1571 0.175132
1572 0.177123
1573 0.184722
1574 0.17738
1575 0.16967
1576 0.172834
1577 0.180736
1578 0.170132
1579 0.163158
1580 0.166469
1581 0.179628
1582 0.176158
1583 0.172913
1584 0.168652
1585 0.174987
1586 0.186246
1587 0.182962
1588 0.181315
1589 0.186283
1590 0.182952
1591 0.175061
1592 0.184608
1593 0.18784
1594 0.199109
1595 0.173047
1596 0.18309
1597 0.180496
1598 0.184716
1599 0.187484
1600 0.181561
1601 0.184104
1602 0.203708
1603 0.173825
1604 0.167901
1605 0.168481
1606 0.182931
1607 0.181619
1608 0.165098
1609 0.161514
1610 0.172969
1611 0.194766
1612 0.175045
1613 0.158838
1614 0.151114
1615 0.15549
1616 0.180092
1617 0.160954
1618 0.15718
1619 0.167238
1620 0.1685
1621 0.182127
1622 0.168724
1623 0.186427
1624 0.19783
1625 0.170985
1626 0.19051
1627 0.184396
1628 0.185404
1629 0.180942
1630 0.161816
1631 0.168526
1632 0.161364
1633 0.1862
1634 0.168766
1635 0.161082
1636 0.174105
1637 0.181482
1638 0.182394
1639 0.168267
1640 0.157966
1641 0.162678
1642 0.198061
1643 0.192547
1644 0.172234
1645 0.187604
1646 0.178642
1647 0.185301
1648 0.19766
1649 0.186034
1650 0.188783
1651 0.17021
1652 0.195514
1653 0.187803
1654 0.175811
1655 0.173094
1656 0.161513
1657 0.1843
1658 0.178535
1659 0.175299
1660 0.165844
1661 0.173261
1662 0.191165
1663 0.170838
1664 0.188256
1665 0.183071
1666 0.167433
1667 0.170388
1668 0.161207
1669 0.171319
1670 0.17655
1671 0.171761
1672 0.184336
1673 0.192257
1674 0.175364
1675 0.166069
1676 0.161399
1677 0.188043
1678 0.192282
1679 0.19121
1680 0.162415
1681 0.177621
1682 0.204413
1683 0.187383
1684 0.200262
1685 0.166798
1686 0.183387
1687 0.179938
1688 0.201401
1689 0.185334
1690 0.15258
1691 0.162488
1692 0.164316
1693 0.179975
1694 0.183336
1695 0.183616
1696 0.153056
1697 0.154586
1698 0.166736
1699 0.166143
1700 0.178262
1701 0.161487
1702 0.155353
1703 0.156375
1704 0.153825
1705 0.168606
1706 0.188019
1707 0.158783
1708 0.17034
1709 0.18549
1710 0.179883
1711 0.18913
1712 0.184492
1713 0.181421
1714 0.188124
1715 0.187965
1716 0.192446
1717 0.184041
1718 0.175927
1719 0.182736
1720 0.175586
1721 0.185972
1722 0.172798
1723 0.183825
1724 0.184632
1725 0.167234
1726 0.169848
1727 0.199651
1728 0.192505
1729 0.194622
1730 0.176676
1731 0.17104
1732 0.180935
1733 0.171398
1734 0.161923
1735 0.197585
1736 0.170642
1737 0.179514
1738 0.167734
1739 0.159914
1740 0.198144
1741 0.198055
1742 0.193712
1743 0.187044
1744 0.185006
1745 0.184851
1746 0.184395
1747 0.178285
1748 0.172799
1749 0.157627
1750 0.201743
1751 0.179573
1752 0.177877
1753 0.165836
1754 0.157804
1755 0.168122
1756 0.168975
1757 0.178518
1758 0.175288
1759 0.162769
1760 0.161041
1761 0.18199
1762 0.178004
1763 0.178669
1764 0.159194
1765 0.181413
1766 0.189927
1767 0.17873
1768 0.168895
1769 0.172894
1770 0.159014
1771 0.1743
1772 0.177049
1773 0.162829
1774 0.163323
1775 0.169805
1776 0.157433
1777 0.18011
1778 0.170145
1779 0.176551
1780 0.195149
1781 0.16408
1782 0.16055
1783 0.150988
1784 0.178995
1785 0.183865
1786 0.175088
1787 0.170351
1788 0.167703
1789 0.174714
1790 0.180657
1791 0.18523
1792 0.192147
1793 0.169368
1794 0.177985
1795 0.185575
1796 0.190508
1797 0.17324
1798 0.188559
1799 0.177383
1800 0.172757
1801 0.184565
1802 0.174336
1803 0.170249
1804 0.187821
1805 0.185192
1806 0.186447
1807 0.192794
1808 0.191532
1809 0.190585
1810 0.19092
1811 0.170062
1812 0.161946
1813 0.177102
1814 0.173425
1815 0.184484
1816 0.154203
1817 0.159261
1818 0.180951
1819 0.168527
1820 0.176734
1821 0.161192
1822 0.15905
1823 0.183019
1824 0.166195
1825 0.170471
1826 0.184943
1827 0.179998
1828 0.198163
1829 0.184615
1830 0.168701
1831 0.181684
1832 0.193822
1833 0.193724
1834 0.179514
1835 0.152759
1836 0.163098
1837 0.17872
1838 0.172712
1839 0.16034
1840 0.156572
1841 0.20921
1842 0.173332
1843 0.176167
1844 0.160795
1845 0.184194
1846 0.192675
1847 0.198543
1848 0.177542
1849 0.181127
1850 0.196695
1851 0.18371
1852 0.201194
1853 0.197324
1854 0.198987
1855 0.193753
1856 0.182969
1857 0.192402
1858 0.20371
1859 0.203652
1860 0.205238
1861 0.182657
1862 0.173749
1863 0.194243
1864 0.170248
1865 0.184872
1866 0.181064
1867 0.17609
1868 0.183396
1869 0.178233
1870 0.189868
1871 0.191133
1872 0.191021
1873 0.176061
1874 0.16653
1875 0.165393
1876 0.16698
1877 0.167833
1878 0.175513
1879 0.153515
1880 0.158806
1881 0.179098
1882 0.170612
1883 0.19134
1884 0.188749
1885 0.183587
1886 0.177533
1887 0.196104
1888 0.191618
1889 0.176959
1890 0.184355
1891 0.186063
1892 0.193953
1893 0.175638
1894 0.169406
1895 0.164208
1896 0.195133
1897 0.179406
1898 0.163762
1899 0.16095
1900 0.178308
1901 0.176556
1902 0.165311
1903 0.174688
1904 0.167079
1905 0.173061
1906 0.166124
1907 0.160084
1908 0.170664
1909 0.188319
1910 0.158664
1911 0.159308
1912 0.179694
1913 0.186557
1914 0.202095
1915 0.163999
1916 0.186437
1917 0.170812
1918 0.177591
1919 0.190923
1920 0.191523
1921 0.179317
1922 0.168657
1923 0.139771
1924 0.160012
1925 0.192449
1926 0.187095
1927 0.160431
1928 0.163054
1929 0.181046
1930 0.17968
1931 0.200697
1932 0.169509
1933 0.175753
1934 0.181091
1935 0.173685
1936 0.176073
1937 0.160436
1938 0.19668
1939 0.189944
1940 0.171421
1941 0.166205
1942 0.161424
1943 0.196882
1944 0.184844
1945 0.167615
1946 0.184279
1947 0.174239
1948 0.191794
1949 0.180971
1950 0.165017
1951 0.185441
1952 0.169305
1953 0.188566
1954 0.195134
1955 0.17552
1956 0.172103
1957 0.179651
1958 0.198902
1959 0.188187
1960 0.177251
1961 0.156015
1962 0.181495
1963 0.190609
1964 0.184971
1965 0.185666
1966 0.162563
1967 0.184126
1968 0.191265
1969 0.196326
1970 0.186579
1971 0.193227
1972 0.194954
1973 0.201957
1974 0.202386
1975 0.204873
1976 0.183005
1977 0.169802
1978 0.204924
1979 0.18084
1980 0.168409
1981 0.156692
1982 0.180021
1983 0.190143
1984 0.181539
1985 0.166926
1986 0.175183
1987 0.205423
1988 0.202379
1989 0.170003
1990 0.165923
1991 0.185029
1992 0.173148
1993 0.191025
1994 0.184523
1995 0.165698
1996 0.177794
1997 0.176767
1998 0.181123
1999 0.198048
2000 0.168245
2001 0.162896
2002 0.159682
2003 0.153907
2004 0.17469
2005 0.168607
2006 0.137081
2007 0.173971
2008 0.153602
2009 0.153284
2010 0.166745
2011 0.188384
2012 0.181047
2013 0.181508
2014 0.169641
2015 0.173459
2016 0.19242
2017 0.173072
2018 0.179667
2019 0.151435
2020 0.191985
2021 0.185423
2022 0.166402
2023 0.175285
2024 0.178088
2025 0.191323
2026 0.177198
2027 0.184006
2028 0.199889
2029 0.182181
2030 0.181835
2031 0.165656
2032 0.178973
2033 0.183833
2034 0.181847
2035 0.188603
2036 0.179596
2037 0.178884
2038 0.164011
2039 0.17423
2040 0.181116
2041 0.181208
2042 0.182378
2043 0.17092
2044 0.155236
2045 0.177697
2046 0.176363
2047 0.193529
2048 0.198069
2049 0.195396
2050 0.17569
2051 0.169455
2052 0.18071
2053 0.198019
2054 0.189162
2055 0.170709
2056 0.151255
2057 0.174684
2058 0.173968
2059 0.188027
2060 0.203947
2061 0.171498
2062 0.155192
2063 0.197816
2064 0.179233
2065 0.168255
2066 0.170332
2067 0.151723
2068 0.175742
2069 0.159734
2070 0.158732
2071 0.165751
2072 0.156329
2073 0.175606
2074 0.171316
2075 0.169081
2076 0.179912
2077 0.176027
2078 0.163105
2079 0.180534
2080 0.179948
2081 0.175574
2082 0.184888
2083 0.17182
2084 0.163317
2085 0.196376
2086 0.190102
2087 0.169484
2088 0.180614
2089 0.177972
2090 0.193706
2091 0.197904
2092 0.182535
2093 0.189217
2094 0.204207
2095 0.209356
2096 0.193527
2097 0.180711
2098 0.185172
2099 0
