0 894.512
1 703.442
2 90.9557
3 28.7468
4 8.8036
5 1.92685
6 0.711358
7 0.290832
8 0.314651
9 0.31997
10 0.413475
11 0.516478
12 0.468438
13 0.577908
14 0.625376
15 0.469589
16 0.345951
17 0.375307
18 0.432745
19 0.40995
20 0.547283
21 0.389296
22 0.556353
23 0.567445
24 0.334308
25 0.358047
26 0.378706
27 0.294376
28 0.331394
29 0.254707
30 0.402019
31 0.306925
32 0.505875
33 0.497149
34 0.428516
35 0.393108
36 0.474894
37 0.500446
38 0.540727
39 0.528776
40 0.355517
41 0.447539
42 0.497023
43 0.315352
44 0.344279
45 0.416796
46 0.322493
47 0.477428
48 0.44791
49 0.51192
50 0.346733
51 0.245865
52 0.270608
53 0.418394
54 0.417479
55 0.489976
56 0.461442
57 0.565562
58 0.403472
59 0.550886
60 0.504968
61 0.595652
62 0.416728
63 0.47927
64 0.49404
65 0.308545
66 0.231344
67 0.398582
68 0.387476
69 0.296838
70 0.322193
71 0.460461
72 0.544884
73 0.373788
74 0.503884
75 0.437917
76 0.335117
77 0.389832
78 0.469945
79 0.366258
80 0.272666
81 0.351681
82 0.373541
83 0.48504
84 0.504896
85 0.543946
86 0.594148
87 0.558088
88 0.349052
89 0.462618
90 0.534456
91 0.346964
92 0.368457
93 0.423376
94 0.272324
95 0.411778
96 0.355937
97 0.453881
98 0.352285
99 0.48078
100 0.355041
101 0.344135
102 0.426666
103 0.33694
104 0.513808
105 0.571393
106 0.367964
107 0.389996
108 0.489917
109 0.522703
110 0.325557
111 0.326927
112 0.347398
113 0.280495
114 0.366181
115 0.476816
116 0.301548
117 0.435957
118 0.523312
119 0.474589
120 0.290321
121 0.285116
122 0.2361
123 0.21769
124 0.172173
125 0.429459
126 0.376314
127 0.398742
128 0.46755
129 0.426309
130 0.309893
131 0.443742
132 0.306131
133 0.436017
134 0.362301
135 0.235731
136 0.221349
137 0.31806
138 0.356501
139 0.465306
140 0.379746
141 0.333652
142 0.47884
143 0.46311
144 0.280309
145 0.468905
146 0.478585
147 0.409495
148 0.346912
149 0.485732
150 0.559874
151 0.456818
152 0.418965
153 0.521365
154 0.560817
155 0.458102
156 0.577647
157 0.58367
158 0.366207
159 0.346494
160 0.306362
161 0.300553
162 0.226615
163 0.272531
164 0.377442
165 0.230762
166 0.194782
167 0.434603
168 0.276421
169 0.377859
170 0.359588
171 0.457714
172 0.289117
173 0.501774
174 0.333917
175 0.226321
176 0.289841
177 0.307587
178 0.401481
179 0.352536
180 0.427082
181 0.38081
182 0.331558
183 0.363136
184 0.298342
185 0.210907
186 0.377902
187 0.279634
188 0.45228
189 0.269252
190 0.239223
191 0.431447
192 0.347039
193 0.235036
194 0.300098
195 0.285551
196 0.235642
197 0.376453
198 0.484834
199 0.565383
200 0.504545
201 0.48917
202 0.42592
203 0.278347
204 0.403681
205 0.432386
206 0.452431
207 0.401772
208 0.473557
209 0.386797
210 0.305627
211 0.328091
212 0.430173
213 0.260835
214 0.412748
215 0.24422
216 0.332556
217 0.422372
218 0.311905
219 0.514965
220 0.557961
221 0.389983
222 0.281816
223 0.484645
224 0.313352
225 0.21952
226 0.447652
227 0.454207
228 0.541753
229 0.486247
230 0.372733
231 0.255514
232 0.416963
233 0.424958
234 0.386365
235 0.362924
236 0.395745
237 0.356138
238 0.433619
239 0.391935
240 0.268028
241 0.278661
242 0.260588
243 0.422972
244 0.405968
245 0.420783
246 0.42428
247 0.263415
248 0.352939
249 0.414358
250 0.529494
251 0.543088
252 0.468206
253 0.574443
254 0.414702
255 0.441932
256 0.360857
257 0.292869
258 0.350916
259 0.272367
260 0.437523
261 0.364194
262 0.315793
263 0.332052
264 0.363773
265 0.461837
266 0.485843
267 0.5706
268 0.437361
269 0.49866
270 0.52954
271 0.463018
272 0.491007
273 0.328384
274 0.333841
275 0.307113
276 0.440702
277 0.3424
278 0.2352
279 0.200307
280 0.194692
281 0.359156
282 0.381808
283 0.48924
284 0.489048
285 0.362095
286 0.487592
287 0.561232
288 0.331466
289 0.374232
290 0.245162
291 0.435433
292 0.348864
293 0.263315
294 0.266022
295 0.252898
296 0.247089
297 0.347178
298 0.411834
299 0.329695
300 0.38524
301 0.483903
302 0.382164
303 0.475166
304 0.280043
305 0.494356
306 0.449248
307 0.489938
308 0.346397
309 0.368045
310 0.257831
311 0.290873
312 0.356695
313 0.262377
314 0.265869
315 0.33569
316 0.437093
317 0.283234
318 0.356984
319 0.455554
320 0.449142
321 0.494303
322 0.426677
323 0.332052
324 0.508402
325 0.385495
326 0.394669
327 0.26119
328 0.203337
329 0.23627
330 0.189108
331 0.443681
332 0.286085
333 0.228836
334 0.342564
335 0.241112
336 0.400082
337 0.412578
338 0.491298
339 0.564779
340 0.403579
341 0.423588
342 0.445642
343 0.457288
344 0.313603
345 0.220402
346 0.231298
347 0.345884
348 0.464424
349 0.391067
350 0.395021
351 0.295408
352 0.295502
353 0.40845
354 0.376986
355 0.460574
356 0.332769
357 0.527469
358 0.430041
359 0.504512
360 0.362966
361 0.488693
362 0.299132
363 0.284073
364 0.414953
365 0.463011
366 0.297782
367 0.225591
368 0.266297
369 0.227972
370 0.229704
371 0.36799
372 0.255241
373 0.234001
374 0.387678
375 0.447078
376 0.568855
377 0.371146
378 0.299095
379 0.291267
380 0.45288
381 0.28175
382 0.308525
383 0.391524
384 0.28276
385 0.399436
386 0.39008
387 0.437425
388 0.302318
389 0.284134
390 0.419034
391 0.30252
392 0.448334
393 0.536265
394 0.324269
395 0.230694
396 0.227472
397 0.424187
398 0.283695
399 0.20936
400 0.359284
401 0.316229
402 0.368889
403 0.362036
404 0.52265
405 0.510755
406 0.474016
407 0.418108
408 0.32977
409 0.269552
410 0.462115
411 0.325228
412 0.322199
413 0.254656
414 0.362491
415 0.319527
416 0.343485
417 0.27035
418 0.423522
419 0.455811
420 0.380948
421 0.521837
422 0.383944
423 0.549999
424 0.407195
425 0.309993
426 0.248667
427 0.355584
428 0.387455
429 0.499845
430 0.424905
431 0.49293
432 0.417169
433 0.561673
434 0.58542
435 0.4452
436 0.293251
437 0.467159
438 0.41961
439 0.456168
440 0.322645
441 0.261475
442 0.28283
443 0.317843
444 0.426485
445 0.288137
446 0.438494
447 0.41774
448 0.362589
449 0.268925
450 0.405727
451 0.491306
452 0.462554
453 0.321623
454 0.249423
455 0.453784
456 0.435327
457 0.272541
458 0.437259
459 0.355269
460 0.391234
461 0.291092
462 0.20654
463 0.388969
464 0.413614
465 0.356461
466 0.459075
467 0.272239
468 0.418676
469 0.330785
470 0.290752
471 0.317096
472 0.309057
473 0.469401
474 0.280144
475 0.421051
476 0.446679
477 0.558888
478 0.577811
479 0.410507
480 0.259998
481 0.464237
482 0.341819
483 0.358889
484 0.246695
485 0.20022
486 0.393568
487 0.255175
488 0.350661
489 0.276723
490 0.46431
491 0.448457
492 0.443999
493 0.279865
494 0.473422
495 0.356674
496 0.479771
497 0.45201
498 0.370059
499 0.498579
500 0.53261
501 0.316222
502 0.485094
503 0.308406
504 0.336803
505 0.263504
506 0.188084
507 0.435235
508 0.271885
509 0.216447
510 0.246796
511 0.361307
512 0.463092
513 0.324195
514 0.368969
515 0.411317
516 0.30985
517 0.373793
518 0.368237
519 0.435998
520 0.423257
521 0.471362
522 0.322614
523 0.446309
524 0.398825
525 0.252721
526 0.375853
527 0.369096
528 0.311413
529 0.237936
530 0.457735
531 0.380338
532 0.40909
533 0.275352
534 0.473519
535 0.536313
536 0.322852
537 0.250377
538 0.439012
539 0.400717
540 0.376766
541 0.3913
542 0.387685
543 0.23755
544 0.487653
545 0.484402
546 0.417878
547 0.431379
548 0.545983
549 0.596286
550 0.397223
551 0.292534
552 0.430715
553 0.296612
554 0.523682
555 0.484305
556 0.428887
557 0.425858
558 0.509088
559 0.430496
560 0.435286
561 0.275724
562 0.498541
563 0.396954
564 0.444265
565 0.55714
566 0.595942
567 0.592934
568 0.418415
569 0.292729
570 0.423497
571 0.519464
572 0.575138
573 0.370151
574 0.389595
575 0.281598
576 0.332236
577 0.37465
578 0.50261
579 0.526805
580 0.370958
581 0.28511
582 0.463091
583 0.540568
584 0.462582
585 0.435212
586 0.420965
587 0.552494
588 0.378595
589 0.339745
590 0.283493
591 0.358111
592 0.421937
593 0.351392
594 0.273846
595 0.323682
596 0.484932
597 0.430471
598 0.405082
599 0.369251
600 0.235811
601 0.284782
602 0.242796
603 0.2305
604 0.37107
605 0.325314
606 0.482685
607 0.40369
608 0.405189
609 0.455196
610 0.461024
611 0.434468
612 0.402103
613 0.325099
614 0.504887
615 0.328158
616 0.3501
617 0.413255
618 0.294414
619 0.344401
620 0.386418
621 0.377703
622 0.456521
623 0.332
624 0.236752
625 0.320513
626 0.333028
627 0.322151
628 0.422355
629 0.440518
630 0.260532
631 0.404611
632 0.258076
633 0.187017
634 0.259702
635 0.302757
636 0.225305
637 0.329811
638 0.366834
639 0.403774
640 0.396055
641 0.486155
642 0.429943
643 0.373179
644 0.301244
645 0.258227
646 0.312897
647 0.419955
648 0.286294
649 0.354902
650 0.30103
651 0.407442
652 0.39769
653 0.483928
654 0.421147
655 0.515105
656 0.364344
657 0.530088
658 0.368088
659 0.536918
660 0.490265
661 0.522016
662 0.549489
663 0.352823
664 0.436771
665 0.395563
666 0.510064
667 0.318934
668 0.515689
669 0.517903
670 0.581936
671 0.512478
672 0.403711
673 0.461004
674 0.466036
675 0.374894
676 0.488467
677 0.301968
678 0.28447
679 0.234505
680 0.239585
681 0.421492
682 0.297172
683 0.34089
684 0.479971
685 0.39171
686 0.45652
687 0.334926
688 0.275701
689 0.469776
690 0.421406
691 0.410017
692 0.306414
693 0.277008
694 0.236041
695 0.291313
696 0.445673
697 0.416985
698 0.430413
699 0.382265
700 0.403322
701 0.387395
702 0.488436
703 0.284905
704 0.428868
705 0.403572
706 0.354562
707 0.343414
708 0.264475
709 0.429054
710 0.309124
711 0.52029
712 0.468251
713 0.534763
714 0.396934
715 0.292039
716 0.403275
717 0.499689
718 0.483613
719 0.325275
720 0.342276
721 0.256515
722 0.260482
723 0.294572
724 0.235948
725 0.306095
726 0.442172
727 0.519523
728 0.361681
729 0.313243
730 0.463244
731 0.491518
732 0.426129
733 0.422699
734 0.549908
735 0.52902
736 0.571794
737 0.418362
738 0.472756
739 0.523043
740 0.493688
741 0.460441
742 0.48041
743 0.44722
744 0.571086
745 0.334963
746 0.49242
747 0.428648
748 0.346539
749 0.238927
750 0.417042
751 0.331026
752 0.314564
753 0.331619
754 0.360979
755 0.294516
756 0.451394
757 0.371903
758 0.299372
759 0.292304
760 0.359234
761 0.443367
762 0.280899
763 0.26362
764 0.277294
765 0.333919
766 0.399746
767 0.483133
768 0.320624
769 0.315592
770 0.381685
771 0.274407
772 0.357256
773 0.425679
774 0.492362
775 0.511376
776 0.459499
777 0.397721
778 0.367716
779 0.301862
780 0.386563
781 0.48378
782 0.43955
783 0.485526
784 0.298443
785 0.21122
786 0.352986
787 0.386481
788 0.395401
789 0.496908
790 0.444148
791 0.582883
792 0.425926
793 0.265215
794 0.238415
795 0.260583
796 0.370042
797 0.463907
798 0.273575
799 0.31303
800 0.433789
801 0.339032
802 0.389191
803 0.376314
804 0.379915
805 0.372645
806 0.33418
807 0.253393
808 0.469224
809 0.352015
810 0.513201
811 0.560675
812 0.421458
813 0.320175
814 0.507903
815 0.508609
816 0.571097
817 0.49796
818 0.383144
819 0.337496
820 0.478728
821 0.439777
822 0.546544
823 0.37391
824 0.295036
825 0.213619
826 0.208348
827 0.237989
828 0.278359
829 0.389091
830 0.414081
831 0.443004
832 0.512656
833 0.501377
834 0.602424
835 0.520868
836 0.580775
837 0.435083
838 0.285601
839 0.27134
840 0.208071
841 0.43999
842 0.522749
843 0.577497
844 0.382984
845 0.482536
846 0.294391
847 0.444556
848 0.266184
849 0.226571
850 0.233827
851 0.358022
852 0.416909
853 0.415389
854 0.291152
855 0.455474
856 0.297768
857 0.297471
858 0.206117
859 0.338364
860 0.308385
861 0.423487
862 0.394742
863 0.506044
864 0.481671
865 0.39808
866 0.299367
867 0.235547
868 0.320354
869 0.420107
870 0.465262
871 0.584403
872 0.415909
873 0.391854
874 0.535489
875 0.507687
876 0.374575
877 0.312357
878 0.39151
879 0.290076
880 0.466271
881 0.324129
882 0.280255
883 0.396966
884 0.291199
885 0.368638
886 0.419252
887 0.404486
888 0.492927
889 0.573154
890 0.322009
891 0.500779
892 0.348063
893 0.511333
894 0.461949
895 0.47744
896 0.378535
897 0.324827
898 0.491242
899 0.535587
900 0.376624
901 0.48699
902 0.449416
903 0.360072
904 0.277402
905 0.215481
906 0.230489
907 0.215333
908 0.200948
909 0.394318
910 0.257984
911 0.457689
912 0.279951
913 0.495689
914 0.294743
915 0.243733
916 0.320841
917 0.426928
918 0.386813
919 0.262017
920 0.270564
921 0.329747
922 0.303164
923 0.229522
924 0.206526
925 0.175808
926 0.371572
927 0.461283
928 0.403065
929 0.462399
930 0.405668
931 0.491612
932 0.498714
933 0.472196
934 0.533034
935 0.333771
936 0.408991
937 0.264199
938 0.389467
939 0.488572
940 0.517597
941 0.537526
942 0.391323
943 0.541432
944 0.362349
945 0.51929
946 0.571277
947 0.441318
948 0.390505
949 0.489591
950 0.455873
951 0.448825
952 0.272351
953 0.48203
954 0.289539
955 0.322397
956 0.278103
957 0.4127
958 0.393386
959 0.387588
960 0.369104
961 0.44197
962 0.424681
963 0.409058
964 0.336807
965 0.486121
966 0.410474
967 0.312936
968 0.316517
969 0.218245
970 0.212668
971 0.430948
972 0.495558
973 0.331634
974 0.395918
975 0.328818
976 0.366912
977 0.512538
978 0.528012
979 0.430026
980 0.378228
981 0.33497
982 0.269386
983 0.300789
984 0.475798
985 0.455136
986 0.565697
987 0.55572
988 0.493875
989 0.386759
990 0.349694
991 0.518262
992 0.495106
993 0.55225
994 0.409263
995 0.281094
996 0.418775
997 0.310315
998 0.504217
999 0.456007
1000 0.355902
1001 0.278726
1002 0.429996
1003 0.482791
1004 0.592535
1005 0.524311
1006 0.416599
1007 0.280526
1008 0.41654
1009 0.382433
1010 0.535504
1011 0.582698
1012 0.411996
1013 0.48352
1014 0.29175
1015 0.309295
1016 0.326206
1017 0.255921
1018 0.29733
1019 0.361156
1020 0.471517
1021 0.432534
1022 0.25791
1023 0.305864
1024 0.400342
1025 0.522639
1026 0.540765
1027 0.459128
1028 0.289259
1029 0.40869
1030 0.357156
1031 0.421066
1032 0.49012
1033 0.540817
1034 0.547094
1035 0.551577
1036 0.344538
1037 0.534458
1038 0.501369
1039 0.436543
1040 0.38996
1041 0.544064
1042 0.302304
1043 0.49613
1044 0.332454
1045 0.234819
1046 0.219517
1047 0.210492
1048 0.235276
1049 0.417626
1050 0.430307
1051 0.276951
1052 0.230168
1053 0.243449
1054 0.329572
1055 0.296538
1056 0.423892
1057 0.414269
1058 0.306431
1059 0.36728
1060 0.332451
1061 0.34257
1062 0.288407
1063 0.369522
1064 0.396349
1065 0.537404
1066 0.485285
1067 0.359994
1068 0.422688
1069 0.394644
1070 0.282896
1071 0.40642
1072 0.446144
1073 0.41326
1074 0.377674
1075 0.304756
1076 0.255157
1077 0.423302
1078 0.252704
1079 0.407662
1080 0.269983
1081 0.230466
1082 0.224815
1083 0.427335
1084 0.264256
1085 0.468474
1086 0.39683
1087 0.428658
1088 0.489204
1089 0.517748
1090 0.299468
1091 0.453369
1092 0.287866
1093 0.46113
1094 0.414057
1095 0.349723
1096 0.447132
1097 0.428013
1098 0.337594
1099 0.284912
1100 0.229477
1101 0.22586
1102 0.192903
1103 0.187944
1104 0.320232
1105 0.465929
1106 0.479095
1107 0.332678
1108 0.33414
1109 0.321356
1110 0.433326
1111 0.536847
1112 0.52282
1113 0.300907
1114 0.509868
1115 0.526106
1116 0.531496
1117 0.402816
1118 0.53329
1119 0.500478
1120 0.433914
1121 0.552415
1122 0.412543
1123 0.525275
1124 0.552783
1125 0.578095
1126 0.637763
1127 0.422213
1128 0.576297
1129 0.463156
1130 0.510064
1131 0.36203
1132 0.482043
1133 0.443613
1134 0.29398
1135 0.217586
1136 0.188486
1137 0.349191
1138 0.218517
1139 0.387474
1140 0.403668
1141 0.502607
1142 0.436102
1143 0.390823
1144 0.410442
1145 0.442047
1146 0.55081
1147 0.437182
1148 0.579481
1149 0.357018
1150 0.259909
1151 0.398276
1152 0.506292
1153 0.540042
1154 0.611959
1155 0.547553
1156 0.62694
1157 0.648747
1158 0.45353
1159 0.406056
1160 0.260298
1161 0.297118
1162 0.235666
1163 0.1865
1164 0.306079
1165 0.234416
1166 0.324259
1167 0.42161
1168 0.517535
1169 0.440024
1170 0.456675
1171 0.306694
1172 0.25559
1173 0.429338
1174 0.460597
1175 0.474855
1176 0.37926
1177 0.505196
1178 0.576465
1179 0.522878
1180 0.505355
1181 0.397361
1182 0.413345
1183 0.367363
1184 0.261521
1185 0.350753
1186 0.336539
1187 0.496141
1188 0.461943
1189 0.58239
1190 0.522153
1191 0.490427
1192 0.498719
1193 0.44671
1194 0.350539
1195 0.461938
1196 0.548859
1197 0.339274
1198 0.455819
1199 0.36033
1200 0.447364
1201 0.440051
1202 0.387752
1203 0.364622
1204 0.265865
1205 0.189215
1206 0.37155
1207 0.32458
1208 0.462825
1209 0.430369
1210 0.326213
1211 0.321604
1212 0.464419
1213 0.547448
1214 0.304631
1215 0.385073
1216 0.40425
1217 0.361887
1218 0.236931
1219 0.22113
1220 0.293534
1221 0.331899
1222 0.414502
1223 0.354098
1224 0.246713
1225 0.192013
1226 0.340445
1227 0.245444
1228 0.287878
1229 0.280821
1230 0.341907
1231 0.451939
1232 0.41852
1233 0.490217
1234 0.448658
1235 0.29121
1236 0.386641
1237 0.309939
1238 0.27822
1239 0.396803
1240 0.393506
1241 0.362618
1242 0.302305
1243 0.337532
1244 0.487587
1245 0.544146
1246 0.475091
1247 0.457085
1248 0.491111
1249 0.437669
1250 0.570761
1251 0.477613
1252 0.525373
1253 0.375705
1254 0.488184
1255 0.366701
1256 0.475948
1257 0.35935
1258 0.402727
1259 0.373634
1260 0.241053
1261 0.268055
1262 0.420375
1263 0.267579
1264 0.338483
1265 0.337239
1266 0.462037
1267 0.453122
1268 0.345494
1269 0.314181
1270 0.306693
1271 0.240921
1272 0.435747
1273 0.366589
1274 0.318167
1275 0.488408
1276 0.283245
1277 0.424145
1278 0.500036
1279 0.499399
1280 0.426924
1281 0.529389
1282 0.514707
1283 0.445491
1284 0.345614
1285 0.341725
1286 0.30184
1287 0.303515
1288 0.449009
1289 0.416964
1290 0.324033
1291 0.313346
1292 0.416027
1293 0.300111
1294 0.445337
1295 0.322492
1296 0.482992
1297 0.363295
1298 0.506971
1299 0.527768
1300 0.402647
1301 0.507474
1302 0.373154
1303 0.334707
1304 0.270378
1305 0.310723
1306 0.368213
1307 0.329
1308 0.506003
1309 0.389821
1310 0.328219
1311 0.228608
1312 0.326964
1313 0.266358
1314 0.24261
1315 0.31168
1316 0.471416
1317 0.445662
1318 0.343901
1319 0.295663
1320 0.277484
1321 0.453165
1322 0.485328
1323 0.517108
1324 0.396024
1325 0.271879
1326 0.279033
1327 0.325416
1328 0.37616
1329 0.490111
1330 0.465414
1331 0.519376
1332 0.577529
1333 0.470063
1334 0.45795
1335 0.567473
1336 0.604534
1337 0.335283
1338 0.336324
1339 0.313243
1340 0.419828
1341 0.522926
1342 0.419477
1343 0.335672
1344 0.408108
1345 0.353953
1346 0.391006
1347 0.329376
1348 0.374644
1349 0.440544
1350 0.301093
1351 0.406254
1352 0.342096
1353 0.379553
1354 0.513923
1355 0.430092
1356 0.546735
1357 0.554299
1358 0.502783
1359 0.430123
1360 0.371273
1361 0.417872
1362 0.463437
1363 0.371446
1364 0.418514
1365 0.303995
1366 0.370167
1367 0.334107
1368 0.253105
1369 0.463112
1370 0.289811
1371 0.486422
1372 0.391589
1373 0.535481
1374 0.434203
1375 0.477998
1376 0.33635
1377 0.246798
1378 0.201757
1379 0.342273
1380 0.362272
1381 0.34125
1382 0.449742
1383 0.269459
1384 0.233292
1385 0.375455
1386 0.489311
1387 0.384458
1388 0.471271
1389 0.28505
1390 0.36534
1391 0.331845
1392 0.500804
1393 0.519698
1394 0.390213
1395 0.300803
1396 0.321148
1397 0.411881
1398 0.411811
1399 0.448842
1400 0.283984
1401 0.428773
1402 0.251842
1403 0.251228
1404 0.226813
1405 0.29877
1406 0.207118
1407 0.287837
1408 0.435528
1409 0.4983
1410 0.457681
1411 0.522674
1412 0.355215
1413 0.526801
1414 0.351555
1415 0.532598
1416 0.546002
1417 0.470101
1418 0.546523
1419 0.378157
1420 0.312528
1421 0.480894
1422 0.470284
1423 0.34985
1424 0.244135
1425 0.281113
1426 0.4534
1427 0.406631
1428 0.373246
1429 0.500375
1430 0.352966
1431 0.307563
1432 0.244928
1433 0.348748
1434 0.423199
1435 0.446895
1436 0.552678
1437 0.484531
1438 0.442598
1439 0.321159
1440 0.353658
1441 0.338589
1442 0.441846
1443 0.454556
1444 0.327536
1445 0.252119
1446 0.461113
1447 0.496109
1448 0.392209
1449 0.359934
1450 0.311978
1451 0.456985
1452 0.512773
1453 0.485193
1454 0.451159
1455 0.283132
1456 0.264426
1457 0.310495
1458 0.284002
1459 0.354315
1460 0.423173
1461 0.466273
1462 0.467667
1463 0.509886
1464 0.457684
1465 0.423446
1466 0.261334
1467 0.433984
1468 0.504503
1469 0.359256
1470 0.306243
1471 0.370025
1472 0.294885
1473 0.454508
1474 0.273827
1475 0.286317
1476 0.290062
1477 0.384052
1478 0.505762
1479 0.550414
1480 0.316991
1481 0.450107
1482 0.324904
1483 0.339827
1484 0.421551
1485 0.304196
1486 0.435265
1487 0.29644
1488 0.490309
1489 0.307081
1490 0.218987
1491 0.315342
1492 0.314675
1493 0.249212
1494 0.325977
1495 0.290972
1496 0.441437
1497 0.544267
1498 0.317805
1499 0.27629
1500 0.246853
1501 0.45229
1502 0.378016
1503 0.301034
1504 0.369027
1505 0.447994
1506 0.407157
1507 0.508606
1508 0.564533
1509 0.367924
1510 0.517871
1511 0.507436
1512 0.511087
1513 0.526336
1514 0.535027
1515 0.438524
1516 0.381084
1517 0.473332
1518 0.50562
1519 0.360452
1520 0.24643
1521 0.37244
1522 0.262441
1523 0.282723
1524 0.448481
1525 0.255949
1526 0.403341
1527 0.44741
1528 0.340674
1529 0.362489
1530 0.371879
1531 0.367748
1532 0.261945
1533 0.332094
1534 0.378118
1535 0.338681
1536 0.345228
1537 0.505733
1538 0.498615
1539 0.375235
1540 0.434581
1541 0.484204
1542 0.315994
1543 0.376359
1544 0.450833
1545 0.289877
1546 0.337032
1547 0.438941
1548 0.315736
1549 0.344178
1550 0.404976
1551 0.359374
1552 0.260791
1553 0.234863
1554 0.416464
1555 0.334467
1556 0.307429
1557 0.281223
1558 0.31659
1559 0.433727
1560 0.373496
1561 0.302436
1562 0.214059
1563 0.325047
1564 0.293355
1565 0.300612
1566 0.429558
1567 0.480078
1568 0.349611
1569 0.308638
1570 0.46509
1571 0.282449
1572 0.398773
1573 0.480329
1574 0.50216
1575 0.475618
1576 0.453474
1577 0.472334
1578 0.43778
1579 0.518635
1580 0.47113
1581 0.337655
1582 0.424291
1583 0.366385
1584 0.481917
1585 0.385622
1586 0.541847
1587 0.410423
1588 0.423644
1589 0.437176
1590 0.47194
1591 0.363588
1592 0.329846
1593 0.435698
1594 0.364157
1595 0.481196
1596 0.35787
1597 0.522049
1598 0.35405
1599 0.27201
1600 0.393426
1601 0.233935
1602 0.475218
1603 0.293961
1604 0.314249
1605 0.230326
1606 0.221876
1607 0.271166
1608 0.289839
1609 0.354635
1610 0.253997
1611 0.244044
1612 0.434009
1613 0.39543
1614 0.374125
1615 0.502613
1616 0.402812
1617 0.414593
1618 0.28726
1619 0.360265
1620 0.290506
1621 0.206743
1622 0.285494
1623 0.265536
1624 0.417098
1625 0.377806
1626 0.431934
1627 0.546351
1628 0.302529
1629 0.374377
1630 0.471854
1631 0.554615
1632 0.528962
1633 0.573876
1634 0.389878
1635 0.277152
1636 0.23093
1637 0.218247
1638 0.25229
1639 0.359117
1640 0.351641
1641 0.377659
1642 0.517237
1643 0.573395
1644 0.518618
1645 0.390264
1646 0.406933
1647 0.437688
1648 0.342796
1649 0.277561
1650 0.401178
1651 0.477767
1652 0.439549
1653 0.568849
1654 0.60794
1655 0.412762
1656 0.512586
1657 0.547629
1658 0.566573
1659 0.587434
1660 0.419221
1661 0.464578
1662 0.321485
1663 0.519395
1664 0.44874
1665 0.39964
1666 0.319634
1667 0.441549
1668 0.475448
1669 0.42032
1670 0.493055
1671 0.408183
1672 0.506567
1673 0.413793
1674 0.469324
1675 0.558135
1676 0.426355
1677 0.276286
1678 0.250936
1679 0.44207
1680 0.437897
1681 0.258322
1682 0.257392
1683 0.256942
1684 0.429555
1685 0.497116
1686 0.471698
1687 0.522918
1688 0.467995
1689 0.486888
1690 0.508132
1691 0.384893
1692 0.445617
1693 0.500054
1694 0.441458
1695 0.56066
1696 0.561736
1697 0.369242
1698 0.47686
1699 0.453921
1700 0.331143
1701 0.401665
1702 0.48435
1703 0.481095
1704 0.452671
1705 0.29534
1706 0.203633
1707 0.434738
1708 0.355583
1709 0.513493
1710 0.522813
1711 0.32553
1712 0.386452
1713 0.458677
1714 0.40855
1715 0.460309
1716 0.523719
1717 0.556586
1718 0.34247
1719 0.517425
1720 0.374685
1721 0.260913
1722 0.232041
1723 0.381953
1724 0.479681
1725 0.486426
1726 0.415786
1727 0.517872
1728 0.48418
1729 0.414184
1730 0.44096
1731 0.526449
1732 0.397251
1733 0.401499
1734 0.349724
1735 0.509969
1736 0.526812
1737 0.459457
1738 0.564201
1739 0.47543
1740 0.33739
1741 0.242769
1742 0.3494
1743 0.352715
1744 0.215314
1745 0.433571
1746 0.341833
1747 0.521987
1748 0.483926
1749 0.373636
1750 0.367773
1751 0.352561
1752 0.32786
1753 0.486953
1754 0.522203
1755 0.561287
1756 0.398755
1757 0.25679
1758 0.450561
1759 0.363793
1760 0.309842
1761 0.386488
1762 0.297752
1763 0.243155
1764 0.337804
1765 0.266619
1766 0.221653
1767 0.421484
1768 0.334908
1769 0.51442
1770 0.353681
1771 0.465007
1772 0.288876
1773 0.369488
1774 0.249926
1775 0.216926
1776 0.346772
1777 0.367423
1778 0.232191
1779 0.316636
1780 0.451884
1781 0.423215
1782 0.325409
1783 0.422168
1784 0.414028
1785 0.398498
1786 0.51184
1787 0.558204
1788 0.590816
1789 0.512149
1790 0.355422
1791 0.436263
1792 0.357362
1793 0.277207
1794 0.380844
1795 0.331864
1796 0.278668
1797 0.386438
1798 0.371811
1799 0.440351
1800 0.386176
1801 0.347209
1802 0.388101
1803 0.240542
1804 0.266837
1805 0.22359
1806 0.352137
1807 0.312867
1808 0.336399
1809 0.48921
1810 0.434775
1811 0.447085
1812 0.355612
1813 0.400232
1814 0.49478
1815 0.528632
1816 0.395635
1817 0.515038
1818 0.5803
1819 0.502474
1820 0.477423
1821 0.451266
1822 0.379488
1823 0.316555
1824 0.304612
1825 0.411038
1826 0.500449
1827 0.578374
1828 0.430879
1829 0.303892
1830 0.45499
1831 0.445069
1832 0.275661
1833 0.468689
1834 0.420791
1835 0.283333
1836 0.230518
1837 0.276538
1838 0.354766
1839 0.431545
1840 0.28799
1841 0.288151
1842 0.203663
1843 0.221521
1844 0.355254
1845 0.223943
1846 0.331828
1847 0.262797
1848 0.278841
1849 0.354685
1850 0.4062
1851 0.240021
1852 0.337788
1853 0.444681
1854 0.575789
1855 0.410009
1856 0.414917
1857 0.371379
1858 0.40522
1859 0.519996
1860 0.456435
1861 0.520657
1862 0.582241
1863 0.395223
1864 0.25604
1865 0.36338
1866 0.260107
1867 0.396374
1868 0.470509
1869 0.36278
1870 0.329756
1871 0.308358
1872 0.330726
1873 0.30022
1874 0.254773
1875 0.365879
1876 0.264397
1877 0.248616
1878 0.217675
1879 0.175821
1880 0.164388
1881 0.340301
1882 0.454607
1883 0.295146
1884 0.483345
1885 0.362515
1886 0.399692
1887 0.397955
1888 0.372398
1889 0.504918
1890 0.421622
1891 0.449987
1892 0.456596
1893 0.454302
1894 0.364608
1895 0.390266
1896 0.504187
1897 0.373321
1898 0.545194
1899 0.380272
1900 0.417742
1901 0.382954
1902 0.499521
1903 0.435778
1904 0.419482
1905 0.393931
1906 0.366253
1907 0.520081
1908 0.550983
1909 0.405647
1910 0.276993
1911 0.440947
1912 0.326554
1913 0.298429
1914 0.354666
1915 0.390947
1916 0.468608
1917 0.291104
1918 0.327446
1919 0.223815
1920 0.352038
1921 0.303895
1922 0.462737
1923 0.442815
1924 0.555302
1925 0.494393
1926 0.513861
1927 0.389511
1928 0.320807
1929 0.448019
1930 0.537153
1931 0.428064
1932 0.56222
1933 0.51491
1934 0.385871
1935 0.552144
1936 0.371209
1937 0.41215
1938 0.468156
1939 0.412564
1940 0.560475
1941 0.424531
1942 0.261014
1943 0.428693
1944 0.462848
1945 0.451096
1946 0.482435
1947 0.284716
1948 0.323188
1949 0.256214
1950 0.267557
1951 0.292307
1952 0.313569
1953 0.488139
1954 0.272448
1955 0.343905
1956 0.32518
1957 0.323444
1958 0.486812
1959 0.339342
1960 0.359719
1961 0.273475
1962 0.417252
1963 0.475917
1964 0.335025
1965 0.539829
1966 0.360577
1967 0.313658
1968 0.215066
1969 0.224094
1970 0.352829
1971 0.460756
1972 0.507694
1973 0.580358
1974 0.464597
1975 0.594776
1976 0.609507
1977 0.55762
1978 0.631087
1979 0.337739
1980 0.534581
1981 0.410689
1982 0.510617
1983 0.369792
1984 0.262324
1985 0.274662
1986 0.270218
1987 0.358831
1988 0.237988
1989 0.441668
1990 0.506932
1991 0.343497
1992 0.462693
1993 0.311665
1994 0.430699
1995 0.308725
1996 0.380407
1997 0.391715
1998 0.534653
1999 0.351916
2000 0.46884
2001 0.498423
2002 0.57704
2003 0.362684
2004 0.554166
2005 0.467399
2006 0.533717
2007 0.328579
2008 0.28758
2009 0.301304
2010 0.403171
2011 0.441084
2012 0.457898
2013 0.322055
2014 0.241988
2015 0.414282
2016 0.430991
2017 0.51906
2018 0.452825
2019 0.288631
2020 0.317888
2021 0.219673
2022 0.290351
2023 0.311941
2024 0.301406
2025 0.488659
2026 0.547125
2027 0.45461
2028 0.54373
2029 0.553996
2030 0.298867
2031 0.270216
2032 0.361914
2033 0.471462
2034 0.580335
2035 0.333506
2036 0.361344
2037 0.36678
2038 0.27073
2039 0.240429
2040 0.202388
2041 0.408727
2042 0.295899
2043 0.203316
2044 0.417836
2045 0.396548
2046 0.351548
2047 0.485926
2048 0.466993
2049 0.265216
2050 0.355841
2051 0.478912
2052 0.538039
2053 0.342013
2054 0.355844
2055 0.315885
2056 0.253266
2057 0.381523
2058 0.46527
2059 0.344488
2060 0.531871
2061 0.368705
2062 0.433285
2063 0.471542
2064 0.54745
2065 0.353764
2066 0.341208
2067 0.400094
2068 0.492347
2069 0.403063
2070 0.328911
2071 0.222302
2072 0.294668
2073 0.204669
2074 0.160949
2075 0.179024
2076 0.158016
2077 0.197689
2078 0.335369
2079 0.455583
2080 0.318448
2081 0.323272
2082 0.225133
2083 0.362192
2084 0.460723
2085 0.424122
2086 0.399867
2087 0.487105
2088 0.420597
2089 0.359098
2090 0.369634
2091 0.26088
2092 0.189786
2093 0.406791
2094 0.337859
2095 0.280286
2096 0.438733
2097 0.490945
2098 0.442346
2099 0
