0 760.056
1 1559.31
2 15.5293
3 31.4401
4 19.3893
5 4.52275
6 1.42904
7 0.443366
8 0.193017
9 0.184353
10 0.163934
11 0.174524
12 0.171511
13 0.175176
14 0.214021
15 0.176069
16 0.16684
17 0.185619
18 0.212012
19 0.183582
20 0.171105
21 0.172534
22 0.183941
23 0.22144
24 0.176537
25 0.163217
26 0.188595
27 0.18596
28 0.164116
29 0.165802
30 0.197627
31 0.161573
32 0.169768
33 0.178671
34 0.183036
35 0.170024
36 0.1998
37 0.201055
38 0.189907
39 0.181336
40 0.177176
41 0.177948
42 0.214947
43 0.174147
44 0.152033
45 0.197998
46 0.184457
47 0.173564
48 0.158246
49 0.184278
50 0.163787
51 0.170505
52 0.152352
53 0.19302
54 0.163071
55 0.1627
56 0.169243
57 0.194421
58 0.187642
59 0.208311
60 0.183294
61 0.210669
62 0.175038
63 0.200017
64 0.184774
65 0.170493
66 0.155124
67 0.176651
68 0.179249
69 0.145774
70 0.152778
71 0.191049
72 0.202917
73 0.153343
74 0.180957
75 0.188448
76 0.179017
77 0.163758
78 0.20619
79 0.178452
80 0.157216
81 0.178022
82 0.18346
83 0.180992
84 0.161643
85 0.190102
86 0.194565
87 0.19869
88 0.179661
89 0.193001
90 0.200517
91 0.172978
92 0.154982
93 0.185584
94 0.1761
95 0.177727
96 0.176273
97 0.192039
98 0.16068
99 0.191012
100 0.17155
101 0.171952
102 0.181438
103 0.171982
104 0.169775
105 0.184138
106 0.166574
107 0.165684
108 0.208165
109 0.209161
110 0.175374
111 0.168156
112 0.185668
113 0.18109
114 0.173829
115 0.169092
116 0.16918
117 0.16448
118 0.177207
119 0.208912
120 0.176443
121 0.166341
122 0.173493
123 0.159438
124 0.154894
125 0.17683
126 0.175738
127 0.159374
128 0.146254
129 0.185835
130 0.165847
131 0.178684
132 0.173778
133 0.183267
134 0.173352
135 0.159637
136 0.158105
137 0.182512
138 0.166337
139 0.156777
140 0.166634
141 0.173362
142 0.188114
143 0.184467
144 0.161463
145 0.167295
146 0.184619
147 0.185253
148 0.16843
149 0.200668
150 0.212848
151 0.181364
152 0.187511
153 0.221838
154 0.233215
155 0.196041
156 0.212978
157 0.218229
158 0.176282
159 0.162109
160 0.178883
161 0.180298
162 0.155201
163 0.151844
164 0.166831
165 0.143064
166 0.153284
167 0.168951
168 0.172597
169 0.170106
170 0.161426
171 0.190932
172 0.174167
173 0.185461
174 0.174205
175 0.173261
176 0.142725
177 0.165384
178 0.16805
179 0.157733
180 0.165313
181 0.169176
182 0.161909
183 0.175004
184 0.173793
185 0.156461
186 0.160429
187 0.155907
188 0.168099
189 0.156255
190 0.162608
191 0.174414
192 0.185366
193 0.165151
194 0.15023
195 0.175216
196 0.163867
197 0.162059
198 0.160746
199 0.183422
200 0.184229
201 0.187525
202 0.183577
203 0.165933
204 0.189335
205 0.192163
206 0.178595
207 0.165407
208 0.201688
209 0.18089
210 0.161616
211 0.168738
212 0.18696
213 0.166704
214 0.1773
215 0.154257
216 0.167487
217 0.158674
218 0.175433
219 0.14407
220 0.187404
221 0.176986
222 0.161819
223 0.204843
224 0.189276
225 0.172383
226 0.170026
227 0.190648
228 0.186982
229 0.166945
230 0.180553
231 0.16234
232 0.197876
233 0.188122
234 0.161204
235 0.16411
236 0.183529
237 0.179634
238 0.16937
239 0.166468
240 0.175689
241 0.146129
242 0.173585
243 0.182955
244 0.156145
245 0.165851
246 0.16079
247 0.163184
248 0.155423
249 0.171871
250 0.192133
251 0.179768
252 0.17731
253 0.197203
254 0.195883
255 0.191946
256 0.182195
257 0.176273
258 0.168703
259 0.163407
260 0.177914
261 0.163433
262 0.154967
263 0.160971
264 0.175858
265 0.184922
266 0.183458
267 0.17857
268 0.167465
269 0.193967
270 0.203741
271 0.195176
272 0.183402
273 0.159278
274 0.16367
275 0.160559
276 0.199983
277 0.169837
278 0.138378
279 0.140907
280 0.161082
281 0.17264
282 0.149047
283 0.15938
284 0.13898
285 0.17091
286 0.172715
287 0.226383
288 0.159842
289 0.182158
290 0.160737
291 0.209726
292 0.169093
293 0.160307
294 0.146724
295 0.162973
296 0.170669
297 0.160281
298 0.172777
299 0.154816
300 0.169202
301 0.184804
302 0.197115
303 0.176889
304 0.155652
305 0.200563
306 0.176335
307 0.191138
308 0.166432
309 0.184531
310 0.165274
311 0.168231
312 0.181197
313 0.15495
314 0.158507
315 0.161814
316 0.180826
317 0.144899
318 0.157803
319 0.180645
320 0.185416
321 0.173816
322 0.180899
323 0.17635
324 0.190855
325 0.19198
326 0.18921
327 0.153491
328 0.167227
329 0.14532
330 0.142499
331 0.177919
332 0.156786
333 0.159461
334 0.173874
335 0.169385
336 0.177539
337 0.145274
338 0.179405
339 0.166935
340 0.177447
341 0.180104
342 0.209406
343 0.204767
344 0.168491
345 0.158344
346 0.140144
347 0.168172
348 0.180724
349 0.156511
350 0.168002
351 0.174046
352 0.169051
353 0.179628
354 0.176115
355 0.158356
356 0.170258
357 0.187811
358 0.181745
359 0.195515
360 0.159731
361 0.196824
362 0.158459
363 0.159616
364 0.161621
365 0.198362
366 0.173462
367 0.150944
368 0.15384
369 0.169108
370 0.163834
371 0.162001
372 0.172836
373 0.155391
374 0.157712
375 0.177285
376 0.17645
377 0.166171
378 0.174785
379 0.162107
380 0.206314
381 0.175517
382 0.149686
383 0.171897
384 0.173142
385 0.158691
386 0.164591
387 0.183326
388 0.150897
389 0.15781
390 0.177307
391 0.173275
392 0.162083
393 0.179108
394 0.177243
395 0.176631
396 0.161075
397 0.208761
398 0.174376
399 0.15845
400 0.16859
401 0.17469
402 0.170911
403 0.148145
404 0.185485
405 0.185254
406 0.177993
407 0.177007
408 0.187215
409 0.172953
410 0.218855
411 0.186869
412 0.171175
413 0.159661
414 0.18479
415 0.173561
416 0.163774
417 0.16403
418 0.183822
419 0.168302
420 0.162687
421 0.158116
422 0.171836
423 0.197162
424 0.171641
425 0.180238
426 0.160148
427 0.198283
428 0.185123
429 0.167441
430 0.171691
431 0.183893
432 0.170875
433 0.213499
434 0.204933
435 0.17903
436 0.166599
437 0.217104
438 0.197086
439 0.184033
440 0.169991
441 0.158944
442 0.171627
443 0.172684
444 0.179287
445 0.166473
446 0.163797
447 0.158967
448 0.178181
449 0.157566
450 0.178499
451 0.191061
452 0.179379
453 0.157625
454 0.161446
455 0.201175
456 0.184801
457 0.1664
458 0.159201
459 0.170509
460 0.191117
461 0.167898
462 0.155839
463 0.165291
464 0.172953
465 0.18051
466 0.162959
467 0.164378
468 0.179468
469 0.157103
470 0.157431
471 0.162523
472 0.161754
473 0.163235
474 0.146641
475 0.158813
476 0.154146
477 0.213586
478 0.173609
479 0.182476
480 0.166586
481 0.205926
482 0.187364
483 0.192238
484 0.150465
485 0.15513
486 0.161784
487 0.142712
488 0.170993
489 0.161787
490 0.189039
491 0.167609
492 0.16137
493 0.149478
494 0.197303
495 0.175214
496 0.188885
497 0.162812
498 0.175519
499 0.190707
500 0.208327
501 0.167026
502 0.178248
503 0.168974
504 0.179338
505 0.173596
506 0.154712
507 0.17586
508 0.157124
509 0.178265
510 0.147767
511 0.170958
512 0.183172
513 0.1457
514 0.165446
515 0.177895
516 0.170509
517 0.16761
518 0.178246
519 0.178518
520 0.162356
521 0.173968
522 0.160618
523 0.179083
524 0.174187
525 0.156999
526 0.164422
527 0.177361
528 0.163341
529 0.158925
530 0.178584
531 0.180772
532 0.175482
533 0.157074
534 0.195573
535 0.196913
536 0.152872
537 0.1565
538 0.194197
539 0.196959
540 0.166456
541 0.158367
542 0.181287
543 0.150632
544 0.205272
545 0.201071
546 0.175324
547 0.152925
548 0.22127
549 0.223355
550 0.173438
551 0.163168
552 0.190726
553 0.18481
554 0.191913
555 0.175737
556 0.181655
557 0.162558
558 0.228275
559 0.194851
560 0.176805
561 0.157629
562 0.210672
563 0.184846
564 0.190774
565 0.167236
566 0.215328
567 0.180308
568 0.170151
569 0.171903
570 0.222586
571 0.214931
572 0.203573
573 0.159498
574 0.18227
575 0.174234
576 0.194325
577 0.177171
578 0.174817
579 0.182752
580 0.1796
581 0.161898
582 0.201603
583 0.225705
584 0.16073
585 0.172673
586 0.17868
587 0.225693
588 0.198131
589 0.174714
590 0.180194
591 0.185706
592 0.186574
593 0.154512
594 0.156404
595 0.171374
596 0.182702
597 0.190936
598 0.175353
599 0.16551
600 0.154723
601 0.153607
602 0.172552
603 0.166162
604 0.165671
605 0.160333
606 0.16232
607 0.161912
608 0.176641
609 0.173885
610 0.185966
611 0.171708
612 0.173872
613 0.175294
614 0.191006
615 0.183387
616 0.160663
617 0.172513
618 0.173838
619 0.162544
620 0.166034
621 0.183328
622 0.164165
623 0.166464
624 0.15332
625 0.169989
626 0.188776
627 0.171568
628 0.165819
629 0.168222
630 0.16533
631 0.176821
632 0.172337
633 0.144229
634 0.158683
635 0.175611
636 0.163094
637 0.156877
638 0.163443
639 0.164466
640 0.172848
641 0.171132
642 0.171323
643 0.173132
644 0.172517
645 0.182488
646 0.169366
647 0.170076
648 0.152086
649 0.156392
650 0.171775
651 0.186382
652 0.162325
653 0.175567
654 0.18789
655 0.182279
656 0.165254
657 0.202914
658 0.166873
659 0.208126
660 0.175189
661 0.192003
662 0.191643
663 0.178539
664 0.172218
665 0.200199
666 0.216334
667 0.167564
668 0.196745
669 0.199739
670 0.20719
671 0.183605
672 0.187071
673 0.191587
674 0.205883
675 0.185478
676 0.169078
677 0.150945
678 0.176227
679 0.159464
680 0.173971
681 0.174744
682 0.155881
683 0.155768
684 0.157596
685 0.186098
686 0.181949
687 0.177563
688 0.182805
689 0.193053
690 0.179044
691 0.173403
692 0.150729
693 0.181486
694 0.178748
695 0.16141
696 0.149398
697 0.169385
698 0.164327
699 0.165536
700 0.182161
701 0.1854
702 0.188661
703 0.166042
704 0.180813
705 0.157239
706 0.178793
707 0.159642
708 0.168399
709 0.179453
710 0.173046
711 0.166904
712 0.163842
713 0.196858
714 0.167395
715 0.175227
716 0.194048
717 0.206982
718 0.189698
719 0.150001
720 0.161742
721 0.169834
722 0.170125
723 0.161704
724 0.164138
725 0.145919
726 0.158564
727 0.181081
728 0.156189
729 0.168663
730 0.1944
731 0.222795
732 0.171507
733 0.151363
734 0.209715
735 0.204532
736 0.192653
737 0.171925
738 0.194951
739 0.214703
740 0.196715
741 0.172526
742 0.193111
743 0.194137
744 0.211699
745 0.16537
746 0.195541
747 0.181452
748 0.18708
749 0.159426
750 0.188546
751 0.187397
752 0.155738
753 0.163904
754 0.183517
755 0.167601
756 0.171846
757 0.167446
758 0.171279
759 0.158523
760 0.177584
761 0.175082
762 0.149602
763 0.15692
764 0.168254
765 0.180504
766 0.168965
767 0.16957
768 0.165847
769 0.146026
770 0.187566
771 0.183508
772 0.151972
773 0.177637
774 0.184038
775 0.16149
776 0.171966
777 0.187003
778 0.17312
779 0.169274
780 0.187235
781 0.180003
782 0.175277
783 0.169301
784 0.174903
785 0.148082
786 0.176986
787 0.191613
788 0.178452
789 0.15516
790 0.182653
791 0.189018
792 0.183364
793 0.17467
794 0.176853
795 0.173212
796 0.175339
797 0.156593
798 0.135998
799 0.144225
800 0.174811
801 0.182339
802 0.166861
803 0.17614
804 0.185462
805 0.160974
806 0.157883
807 0.166408
808 0.181
809 0.188909
810 0.177519
811 0.172355
812 0.169281
813 0.1654
814 0.225851
815 0.22478
816 0.195602
817 0.185074
818 0.187322
819 0.173303
820 0.211026
821 0.195462
822 0.183075
823 0.168648
824 0.168787
825 0.152738
826 0.161745
827 0.174449
828 0.159305
829 0.151417
830 0.156413
831 0.156905
832 0.176921
833 0.181996
834 0.199987
835 0.197285
836 0.214668
837 0.182522
838 0.179132
839 0.161558
840 0.162432
841 0.179443
842 0.172254
843 0.176011
844 0.173609
845 0.195233
846 0.156314
847 0.209261
848 0.165276
849 0.147001
850 0.148164
851 0.180123
852 0.173657
853 0.147722
854 0.167364
855 0.181615
856 0.160749
857 0.181138
858 0.153122
859 0.179809
860 0.169164
861 0.156006
862 0.174259
863 0.17528
864 0.18036
865 0.169733
866 0.146094
867 0.164471
868 0.159609
869 0.178641
870 0.178096
871 0.172403
872 0.177809
873 0.153607
874 0.203367
875 0.192606
876 0.16476
877 0.160749
878 0.188449
879 0.179803
880 0.178154
881 0.171659
882 0.166931
883 0.162983
884 0.167722
885 0.163144
886 0.167365
887 0.177987
888 0.173539
889 0.205145
890 0.168798
891 0.188312
892 0.165559
893 0.216498
894 0.178642
895 0.192183
896 0.161857
897 0.17786
898 0.205504
899 0.205298
900 0.170753
901 0.176595
902 0.196817
903 0.17462
904 0.152555
905 0.15813
906 0.167857
907 0.152674
908 0.155767
909 0.145925
910 0.150392
911 0.167269
912 0.154214
913 0.186176
914 0.17059
915 0.16616
916 0.151347
917 0.19669
918 0.178683
919 0.159347
920 0.158999
921 0.179694
922 0.163108
923 0.146254
924 0.14127
925 0.148212
926 0.140873
927 0.151072
928 0.167811
929 0.166168
930 0.191988
931 0.195957
932 0.193027
933 0.182391
934 0.164635
935 0.180372
936 0.192141
937 0.161006
938 0.190854
939 0.178607
940 0.177559
941 0.162912
942 0.161463
943 0.201936
944 0.189516
945 0.195654
946 0.18249
947 0.176567
948 0.176583
949 0.215571
950 0.208713
951 0.179712
952 0.159206
953 0.195889
954 0.159324
955 0.16962
956 0.155707
957 0.195255
958 0.172546
959 0.156736
960 0.164305
961 0.189809
962 0.164869
963 0.179588
964 0.169772
965 0.195793
966 0.173834
967 0.172927
968 0.169357
969 0.170701
970 0.163816
971 0.185848
972 0.179031
973 0.13938
974 0.164974
975 0.176065
976 0.171474
977 0.186506
978 0.195056
979 0.168126
980 0.171101
981 0.181317
982 0.157202
983 0.170675
984 0.174942
985 0.179158
986 0.158695
987 0.191917
988 0.198303
989 0.171525
990 0.185266
991 0.218332
992 0.199598
993 0.188084
994 0.165701
995 0.17441
996 0.201206
997 0.16694
998 0.186044
999 0.172693
1000 0.167056
1001 0.154725
1002 0.195648
1003 0.186913
1004 0.196826
1005 0.172791
1006 0.182154
1007 0.164238
1008 0.205318
1009 0.181101
1010 0.18994
1011 0.179966
1012 0.16577
1013 0.190042
1014 0.186519
1015 0.178005
1016 0.177593
1017 0.14837
1018 0.156796
1019 0.155467
1020 0.173971
1021 0.164224
1022 0.161095
1023 0.156679
1024 0.201946
1025 0.204385
1026 0.180436
1027 0.160854
1028 0.171155
1029 0.210209
1030 0.181501
1031 0.17697
1032 0.187616
1033 0.182124
1034 0.186154
1035 0.200083
1036 0.171168
1037 0.211711
1038 0.212287
1039 0.199279
1040 0.149107
1041 0.244766
1042 0.165938
1043 0.193025
1044 0.163901
1045 0.158452
1046 0.170233
1047 0.156522
1048 0.173205
1049 0.157093
1050 0.145914
1051 0.153315
1052 0.151445
1053 0.160784
1054 0.180919
1055 0.163629
1056 0.163333
1057 0.155869
1058 0.146445
1059 0.160128
1060 0.1762
1061 0.171945
1062 0.163867
1063 0.177697
1064 0.168493
1065 0.178041
1066 0.163783
1067 0.172298
1068 0.172398
1069 0.198727
1070 0.170321
1071 0.165898
1072 0.186661
1073 0.180412
1074 0.162038
1075 0.177935
1076 0.173214
1077 0.182092
1078 0.151584
1079 0.17128
1080 0.183674
1081 0.167925
1082 0.159269
1083 0.189547
1084 0.166063
1085 0.163928
1086 0.160239
1087 0.179016
1088 0.161164
1089 0.20514
1090 0.170266
1091 0.184207
1092 0.155173
1093 0.200544
1094 0.161769
1095 0.18112
1096 0.165937
1097 0.188848
1098 0.170408
1099 0.156876
1100 0.166898
1101 0.149767
1102 0.138524
1103 0.140758
1104 0.174632
1105 0.151957
1106 0.155024
1107 0.15966
1108 0.158769
1109 0.180435
1110 0.204984
1111 0.179781
1112 0.188391
1113 0.170518
1114 0.203084
1115 0.200751
1116 0.217498
1117 0.169157
1118 0.225302
1119 0.212334
1120 0.19158
1121 0.181887
1122 0.206379
1123 0.205926
1124 0.200213
1125 0.207277
1126 0.1934
1127 0.16593
1128 0.203554
1129 0.194722
1130 0.200691
1131 0.170178
1132 0.206915
1133 0.169965
1134 0.172109
1135 0.137902
1136 0.165649
1137 0.172683
1138 0.151492
1139 0.162166
1140 0.149284
1141 0.178687
1142 0.169428
1143 0.176794
1144 0.17484
1145 0.192287
1146 0.20504
1147 0.183422
1148 0.172896
1149 0.165005
1150 0.168748
1151 0.187083
1152 0.214374
1153 0.188069
1154 0.169682
1155 0.18911
1156 0.205618
1157 0.223076
1158 0.195733
1159 0.182701
1160 0.168682
1161 0.155299
1162 0.169708
1163 0.143123
1164 0.148379
1165 0.150658
1166 0.159459
1167 0.152511
1168 0.17681
1169 0.178797
1170 0.175381
1171 0.185608
1172 0.169005
1173 0.170814
1174 0.1844
1175 0.173268
1176 0.156949
1177 0.197357
1178 0.206215
1179 0.19433
1180 0.187872
1181 0.178401
1182 0.197966
1183 0.182628
1184 0.166862
1185 0.161639
1186 0.163039
1187 0.17954
1188 0.168989
1189 0.178709
1190 0.189487
1191 0.190178
1192 0.184743
1193 0.209171
1194 0.176346
1195 0.202512
1196 0.196954
1197 0.1659
1198 0.171607
1199 0.185693
1200 0.206593
1201 0.176532
1202 0.178322
1203 0.161811
1204 0.166904
1205 0.149345
1206 0.172249
1207 0.161902
1208 0.167843
1209 0.14677
1210 0.171057
1211 0.1609
1212 0.197359
1213 0.172618
1214 0.152173
1215 0.17008
1216 0.191417
1217 0.199876
1218 0.155735
1219 0.166479
1220 0.184747
1221 0.163519
1222 0.143758
1223 0.158028
1224 0.15012
1225 0.13909
1226 0.173853
1227 0.165236
1228 0.151791
1229 0.159289
1230 0.174182
1231 0.15736
1232 0.162175
1233 0.169877
1234 0.15955
1235 0.170301
1236 0.174123
1237 0.169892
1238 0.175785
1239 0.17266
1240 0.165171
1241 0.163636
1242 0.157747
1243 0.165054
1244 0.191918
1245 0.190643
1246 0.166356
1247 0.175818
1248 0.195931
1249 0.194664
1250 0.19407
1251 0.183591
1252 0.180345
1253 0.173643
1254 0.209594
1255 0.18686
1256 0.202776
1257 0.169921
1258 0.179726
1259 0.180906
1260 0.165172
1261 0.149476
1262 0.176467
1263 0.168663
1264 0.16071
1265 0.162741
1266 0.191095
1267 0.158663
1268 0.156981
1269 0.164285
1270 0.170065
1271 0.166343
1272 0.168848
1273 0.158508
1274 0.164591
1275 0.158956
1276 0.15809
1277 0.16711
1278 0.163071
1279 0.215462
1280 0.182351
1281 0.20349
1282 0.21262
1283 0.185807
1284 0.158416
1285 0.17832
1286 0.171477
1287 0.172404
1288 0.169692
1289 0.162573
1290 0.171271
1291 0.1662
1292 0.190189
1293 0.179036
1294 0.176946
1295 0.165795
1296 0.192481
1297 0.165135
1298 0.198174
1299 0.174227
1300 0.18149
1301 0.171563
1302 0.193191
1303 0.18198
1304 0.173559
1305 0.174475
1306 0.164148
1307 0.158328
1308 0.150964
1309 0.160888
1310 0.180234
1311 0.154415
1312 0.176251
1313 0.179399
1314 0.162894
1315 0.194402
1316 0.162566
1317 0.164842
1318 0.162327
1319 0.160529
1320 0.175663
1321 0.203562
1322 0.177622
1323 0.175741
1324 0.161048
1325 0.178669
1326 0.16867
1327 0.184993
1328 0.172394
1329 0.168465
1330 0.155566
1331 0.178573
1332 0.201879
1333 0.20177
1334 0.177533
1335 0.218541
1336 0.23147
1337 0.164167
1338 0.165744
1339 0.174603
1340 0.227397
1341 0.180703
1342 0.165917
1343 0.174297
1344 0.180636
1345 0.188211
1346 0.177237
1347 0.161998
1348 0.174749
1349 0.174219
1350 0.167708
1351 0.154654
1352 0.171909
1353 0.168833
1354 0.169225
1355 0.198333
1356 0.18166
1357 0.196601
1358 0.209422
1359 0.179379
1360 0.177883
1361 0.185906
1362 0.197781
1363 0.174889
1364 0.179041
1365 0.1704
1366 0.185488
1367 0.170933
1368 0.170296
1369 0.168663
1370 0.161156
1371 0.17453
1372 0.161205
1373 0.20652
1374 0.181249
1375 0.196305
1376 0.16686
1377 0.148944
1378 0.139787
1379 0.183787
1380 0.158335
1381 0.16189
1382 0.154738
1383 0.148628
1384 0.164592
1385 0.178263
1386 0.187556
1387 0.166494
1388 0.174428
1389 0.162333
1390 0.185062
1391 0.158226
1392 0.201284
1393 0.181174
1394 0.168037
1395 0.145332
1396 0.174737
1397 0.200652
1398 0.177183
1399 0.162375
1400 0.163949
1401 0.183297
1402 0.148874
1403 0.171857
1404 0.178062
1405 0.193636
1406 0.165929
1407 0.135911
1408 0.155644
1409 0.165929
1410 0.155796
1411 0.176146
1412 0.171695
1413 0.216282
1414 0.165529
1415 0.202615
1416 0.187858
1417 0.185554
1418 0.174424
1419 0.175198
1420 0.168726
1421 0.210837
1422 0.185411
1423 0.175444
1424 0.156235
1425 0.164894
1426 0.191762
1427 0.189934
1428 0.163515
1429 0.175291
1430 0.177842
1431 0.171151
1432 0.166172
1433 0.17657
1434 0.171577
1435 0.169179
1436 0.173091
1437 0.175548
1438 0.177492
1439 0.165195
1440 0.179974
1441 0.18357
1442 0.188515
1443 0.160085
1444 0.153863
1445 0.152518
1446 0.186475
1447 0.223464
1448 0.162855
1449 0.153224
1450 0.177491
1451 0.200253
1452 0.183439
1453 0.163329
1454 0.156731
1455 0.158224
1456 0.169932
1457 0.17276
1458 0.164705
1459 0.160799
1460 0.16867
1461 0.17924
1462 0.156297
1463 0.183483
1464 0.173517
1465 0.175596
1466 0.161149
1467 0.191474
1468 0.194332
1469 0.170907
1470 0.165481
1471 0.195851
1472 0.183387
1473 0.178942
1474 0.156078
1475 0.140507
1476 0.146651
1477 0.197655
1478 0.183591
1479 0.216223
1480 0.169697
1481 0.183846
1482 0.180066
1483 0.18742
1484 0.162841
1485 0.171797
1486 0.174565
1487 0.164034
1488 0.198807
1489 0.166174
1490 0.156029
1491 0.166399
1492 0.167415
1493 0.163732
1494 0.145381
1495 0.160111
1496 0.171707
1497 0.188957
1498 0.166088
1499 0.181108
1500 0.173614
1501 0.217573
1502 0.172564
1503 0.163438
1504 0.147286
1505 0.200292
1506 0.194636
1507 0.179516
1508 0.190908
1509 0.178255
1510 0.169961
1511 0.20052
1512 0.198087
1513 0.182472
1514 0.220371
1515 0.188843
1516 0.184899
1517 0.203575
1518 0.200329
1519 0.173418
1520 0.151105
1521 0.186078
1522 0.197296
1523 0.160821
1524 0.152365
1525 0.133955
1526 0.141176
1527 0.163356
1528 0.187368
1529 0.160733
1530 0.177361
1531 0.193334
1532 0.153022
1533 0.166511
1534 0.176213
1535 0.168346
1536 0.160096
1537 0.17346
1538 0.19236
1539 0.16753
1540 0.165691
1541 0.21331
1542 0.156301
1543 0.158696
1544 0.179966
1545 0.182287
1546 0.14875
1547 0.165984
1548 0.194044
1549 0.153896
1550 0.179532
1551 0.17536
1552 0.164361
1553 0.162037
1554 0.197049
1555 0.166158
1556 0.162912
1557 0.159936
1558 0.173046
1559 0.170215
1560 0.161231
1561 0.167959
1562 0.153525
1563 0.171682
1564 0.171006
1565 0.15434
1566 0.158948
1567 0.163732
1568 0.158952
1569 0.16368
1570 0.179527
1571 0.159766
1572 0.170426
1573 0.167538
1574 0.205842
1575 0.166054
1576 0.180879
1577 0.189198
1578 0.195692
1579 0.206086
1580 0.178499
1581 0.176077
1582 0.178377
1583 0.197434
1584 0.201215
1585 0.16287
1586 0.193567
1587 0.17437
1588 0.188416
1589 0.181953
1590 0.213583
1591 0.180634
1592 0.175753
1593 0.198171
1594 0.190747
1595 0.177079
1596 0.166082
1597 0.197118
1598 0.186213
1599 0.16785
1600 0.171032
1601 0.152075
1602 0.179828
1603 0.17797
1604 0.18872
1605 0.178809
1606 0.153276
1607 0.168096
1608 0.150211
1609 0.169769
1610 0.160529
1611 0.164904
1612 0.171008
1613 0.175347
1614 0.164623
1615 0.163133
1616 0.185878
1617 0.182368
1618 0.161687
1619 0.185345
1620 0.174068
1621 0.164013
1622 0.147458
1623 0.144665
1624 0.164467
1625 0.155619
1626 0.168214
1627 0.218208
1628 0.149543
1629 0.159915
1630 0.188669
1631 0.224801
1632 0.172878
1633 0.192439
1634 0.166963
1635 0.152812
1636 0.174409
1637 0.175386
1638 0.163402
1639 0.144851
1640 0.161277
1641 0.147594
1642 0.166215
1643 0.199832
1644 0.171228
1645 0.173294
1646 0.19175
1647 0.214531
1648 0.185423
1649 0.163108
1650 0.17348
1651 0.186813
1652 0.177484
1653 0.16918
1654 0.21249
1655 0.169798
1656 0.187864
1657 0.219042
1658 0.218357
1659 0.192187
1660 0.182902
1661 0.194489
1662 0.185996
1663 0.209193
1664 0.198974
1665 0.179604
1666 0.161691
1667 0.199255
1668 0.205062
1669 0.170429
1670 0.174688
1671 0.19628
1672 0.200229
1673 0.179834
1674 0.175007
1675 0.197704
1676 0.184847
1677 0.164825
1678 0.169073
1679 0.216991
1680 0.191154
1681 0.154703
1682 0.159498
1683 0.162655
1684 0.180872
1685 0.169145
1686 0.144568
1687 0.174195
1688 0.194912
1689 0.19021
1690 0.203497
1691 0.179602
1692 0.177205
1693 0.204185
1694 0.202641
1695 0.191266
1696 0.209743
1697 0.174196
1698 0.181896
1699 0.183363
1700 0.182284
1701 0.158382
1702 0.204786
1703 0.186308
1704 0.157136
1705 0.174222
1706 0.152662
1707 0.201648
1708 0.18457
1709 0.178168
1710 0.145134
1711 0.163999
1712 0.153066
1713 0.200749
1714 0.197843
1715 0.174198
1716 0.196409
1717 0.19708
1718 0.160202
1719 0.187729
1720 0.177405
1721 0.182255
1722 0.159968
1723 0.186639
1724 0.184546
1725 0.163454
1726 0.176821
1727 0.193646
1728 0.198431
1729 0.185205
1730 0.183361
1731 0.210661
1732 0.186538
1733 0.173472
1734 0.163243
1735 0.21679
1736 0.201444
1737 0.191518
1738 0.184946
1739 0.190636
1740 0.179892
1741 0.155695
1742 0.193914
1743 0.171445
1744 0.135421
1745 0.160924
1746 0.150151
1747 0.173679
1748 0.170146
1749 0.173879
1750 0.171229
1751 0.182518
1752 0.172887
1753 0.190626
1754 0.185379
1755 0.175378
1756 0.169408
1757 0.153651
1758 0.211488
1759 0.182614
1760 0.174417
1761 0.154574
1762 0.184916
1763 0.168977
1764 0.160442
1765 0.166633
1766 0.149247
1767 0.169131
1768 0.157338
1769 0.182744
1770 0.172488
1771 0.184847
1772 0.148417
1773 0.204439
1774 0.173764
1775 0.149582
1776 0.170137
1777 0.153524
1778 0.152158
1779 0.149171
1780 0.156432
1781 0.1824
1782 0.173566
1783 0.17611
1784 0.180364
1785 0.190526
1786 0.200165
1787 0.212381
1788 0.199696
1789 0.175678
1790 0.181981
1791 0.186019
1792 0.186998
1793 0.174808
1794 0.163107
1795 0.177945
1796 0.169675
1797 0.157099
1798 0.172867
1799 0.166947
1800 0.164467
1801 0.171829
1802 0.155861
1803 0.168608
1804 0.157761
1805 0.142546
1806 0.180401
1807 0.16209
1808 0.148185
1809 0.141937
1810 0.182005
1811 0.186675
1812 0.168159
1813 0.191868
1814 0.204023
1815 0.189269
1816 0.176623
1817 0.180925
1818 0.212047
1819 0.202498
1820 0.188721
1821 0.1958
1822 0.180881
1823 0.176732
1824 0.175536
1825 0.189561
1826 0.185325
1827 0.169537
1828 0.174552
1829 0.175643
1830 0.200241
1831 0.189465
1832 0.163446
1833 0.167037
1834 0.15778
1835 0.166716
1836 0.147125
1837 0.150802
1838 0.176828
1839 0.166812
1840 0.148141
1841 0.168777
1842 0.171122
1843 0.139548
1844 0.164199
1845 0.147737
1846 0.14996
1847 0.173084
1848 0.165105
1849 0.168427
1850 0.163095
1851 0.141204
1852 0.147274
1853 0.14527
1854 0.221134
1855 0.155334
1856 0.186772
1857 0.181208
1858 0.197974
1859 0.187104
1860 0.178546
1861 0.178923
1862 0.201049
1863 0.185868
1864 0.162268
1865 0.192771
1866 0.175792
1867 0.172113
1868 0.160412
1869 0.180813
1870 0.163498
1871 0.177876
1872 0.176882
1873 0.169273
1874 0.155672
1875 0.17145
1876 0.159236
1877 0.154816
1878 0.155673
1879 0.129227
1880 0.145138
1881 0.126711
1882 0.152048
1883 0.158949
1884 0.156649
1885 0.167564
1886 0.188252
1887 0.163376
1888 0.180693
1889 0.185499
1890 0.184064
1891 0.18792
1892 0.191534
1893 0.195436
1894 0.168088
1895 0.180235
1896 0.194637
1897 0.178052
1898 0.186144
1899 0.177719
1900 0.181282
1901 0.187059
1902 0.201757
1903 0.175439
1904 0.171718
1905 0.177222
1906 0.178007
1907 0.181942
1908 0.201372
1909 0.174067
1910 0.173592
1911 0.201303
1912 0.17779
1913 0.169125
1914 0.169692
1915 0.178043
1916 0.166803
1917 0.148113
1918 0.181219
1919 0.151316
1920 0.179774
1921 0.163264
1922 0.1708
1923 0.164979
1924 0.182766
1925 0.184133
1926 0.207064
1927 0.165978
1928 0.184437
1929 0.187935
1930 0.201938
1931 0.173995
1932 0.182335
1933 0.205421
1934 0.173293
1935 0.194638
1936 0.186742
1937 0.173152
1938 0.188388
1939 0.188647
1940 0.173421
1941 0.175047
1942 0.168347
1943 0.169867
1944 0.195155
1945 0.180367
1946 0.169514
1947 0.174496
1948 0.155256
1949 0.172075
1950 0.156175
1951 0.167565
1952 0.149634
1953 0.175783
1954 0.146797
1955 0.159709
1956 0.171488
1957 0.176181
1958 0.180955
1959 0.174322
1960 0.174703
1961 0.166875
1962 0.189159
1963 0.179588
1964 0.168062
1965 0.177514
1966 0.171084
1967 0.182156
1968 0.167759
1969 0.135056
1970 0.172928
1971 0.153895
1972 0.171184
1973 0.171318
1974 0.178811
1975 0.200153
1976 0.221309
1977 0.204978
1978 0.255808
1979 0.178336
1980 0.227171
1981 0.189573
1982 0.215942
1983 0.163908
1984 0.179285
1985 0.157067
1986 0.16697
1987 0.189889
1988 0.147958
1989 0.155156
1990 0.162203
1991 0.168452
1992 0.165715
1993 0.17334
1994 0.189857
1995 0.168152
1996 0.182008
1997 0.17439
1998 0.180257
1999 0.177942
2000 0.176449
2001 0.186789
2002 0.216766
2003 0.156404
2004 0.19742
2005 0.171601
2006 0.216919
2007 0.154069
2008 0.15447
2009 0.163007
2010 0.20316
2011 0.175727
2012 0.154225
2013 0.160498
2014 0.165206
2015 0.185412
2016 0.180293
2017 0.16352
2018 0.156569
2019 0.163472
2020 0.168012
2021 0.185057
2022 0.178581
2023 0.156831
2024 0.164643
2025 0.147943
2026 0.174938
2027 0.157115
2028 0.175135
2029 0.245253
2030 0.157645
2031 0.158762
2032 0.191819
2033 0.205073
2034 0.213787
2035 0.144603
2036 0.173995
2037 0.188009
2038 0.186049
2039 0.147388
2040 0.155775
2041 0.184464
2042 0.154742
2043 0.131346
2044 0.157537
2045 0.171508
2046 0.167076
2047 0.164133
2048 0.193987
2049 0.159636
2050 0.210969
2051 0.16932
2052 0.228662
2053 0.157026
2054 0.162177
2055 0.173204
2056 0.174605
2057 0.163433
2058 0.168247
2059 0.168105
2060 0.165493
2061 0.17367
2062 0.180035
2063 0.193286
2064 0.217001
2065 0.16465
2066 0.152222
2067 0.176424
2068 0.213784
2069 0.169923
2070 0.16829
2071 0.161046
2072 0.177954
2073 0.158242
2074 0.119423
2075 0.130108
2076 0.146648
2077 0.122921
2078 0.133796
2079 0.153967
2080 0.167561
2081 0.18191
2082 0.163455
2083 0.173282
2084 0.166036
2085 0.167051
2086 0.169207
2087 0.186612
2088 0.188595
2089 0.16464
2090 0.172096
2091 0.168059
2092 0.12376
2093 0.174836
2094 0.164022
2095 0.170029
2096 0.151401
2097 0.193226
2098 0.172976
2099 0
