0 -1.06424
1 0.344181
2 -11.2052
3 -16.0313
4 -19.3326
5 -22.9729
6 -28.6824
7 -30.5747
8 -31.2131
9 -31.4281
10 -31.7032
11 -35.9349
12 -22.7663
13 -29.2561
14 -28.0457
15 -16.3806
16 -10.1538
17 -10.2064
18 -4.20007
19 -0.823323
20 -1.30482
21 -0.65853
22 -0.335077
23 0.015589
24 0.125684
25 0.121923
26 0.12425
27 0.148573
28 0.146028
29 0.156347
30 0.160488
31 0.157608
32 0.168658
33 0.183822
34 0.167677
35 0.181426
36 0.191615
37 0.185453
38 0.189566
39 0.191834
40 0.173522
41 0.191478
42 0.18874
43 0.156366
44 0.174348
45 0.181577
46 0.155178
47 0.175701
48 0.17816
49 0.181361
50 0.174029
51 0.160268
52 0.168663
53 0.177005
54 0.166915
55 0.171022
56 0.184204
57 0.197562
58 0.182939
59 0.19454
60 0.198372
61 0.185695
62 0.180282
63 0.192646
64 0.203898
65 0.15716
66 0.164117
67 0.184406
68 0.165447
69 0.145511
70 0.16971
71 0.182372
72 0.172746
73 0.164265
74 0.18719
75 0.18848
76 0.159177
77 0.179865
78 0.180061
79 0.168346
80 0.157883
81 0.178652
82 0.17121
83 0.169484
84 0.17803
85 0.184074
86 0.194609
87 0.201275
88 0.178397
89 0.202742
90 0.200137
91 0.160674
92 0.16811
93 0.189684
94 0.156759
95 0.171581
96 0.175114
97 0.166212
98 0.169445
99 0.178129
100 0.176857
101 0.163532
102 0.185298
103 0.167429
104 0.180361
105 0.194682
106 0.164641
107 0.177724
108 0.203123
109 0.190019
110 0.164592
111 0.176842
112 0.183295
113 0.155649
114 0.161131
115 0.175742
116 0.155531
117 0.175619
118 0.199876
119 0.180636
120 0.169598
121 0.184522
122 0.174778
123 0.148684
124 0.147481
125 0.169961
126 0.154606
127 0.154248
128 0.186826
129 0.177383
130 0.163447
131 0.189365
132 0.163614
133 0.163792
134 0.171798
135 0.14924
136 0.157612
137 0.165705
138 0.154052
139 0.166013
140 0.165208
141 0.165035
142 0.191061
143 0.181699
144 0.164066
145 0.186532
146 0.191623
147 0.161618
148 0.170076
149 0.199247
150 0.190771
151 0.175357
152 0.181785
153 0.202702
154 0.198565
155 0.181378
156 0.201544
157 0.199931
158 0.170934
159 0.177574
160 0.179255
161 0.161729
162 0.146953
163 0.149659
164 0.165622
165 0.139667
166 0.146682
167 0.178722
168 0.155991
169 0.156186
170 0.175206
171 0.16705
172 0.159332
173 0.183403
174 0.177575
175 0.147249
176 0.172126
177 0.16056
178 0.158351
179 0.161073
180 0.166899
181 0.175114
182 0.161956
183 0.171897
184 0.1633
185 0.147136
186 0.166116
187 0.154538
188 0.158063
189 0.160804
190 0.154303
191 0.181674
192 0.153618
193 0.136063
194 0.164166
195 0.160464
196 0.145566
197 0.169697
198 0.174709
199 0.178708
200 0.178364
201 0.190797
202 0.192227
203 0.167685
204 0.175701
205 0.183348
206 0.16385
207 0.17267
208 0.183145
209 0.179404
210 0.165296
211 0.172406
212 0.173869
213 0.155069
214 0.170696
215 0.165164
216 0.156852
217 0.177845
218 0.155539
219 0.178714
220 0.199876
221 0.168538
222 0.168275
223 0.208321
224 0.168457
225 0.150162
226 0.198799
227 0.170607
228 0.165799
229 0.188228
230 0.1787
231 0.168862
232 0.185376
233 0.174054
234 0.159314
235 0.172857
236 0.178209
237 0.1665
238 0.170569
239 0.1794
240 0.158785
241 0.168958
242 0.162725
243 0.165255
244 0.165631
245 0.161624
246 0.176878
247 0.161901
248 0.172188
249 0.182743
250 0.172591
251 0.180147
252 0.180863
253 0.204465
254 0.183923
255 0.181255
256 0.181842
257 0.160644
258 0.169946
259 0.160388
260 0.168216
261 0.167672
262 0.156232
263 0.174041
264 0.17251
265 0.175167
266 0.175925
267 0.188193
268 0.182153
269 0.18933
270 0.198987
271 0.179781
272 0.186016
273 0.174895
274 0.174234
275 0.173281
276 0.167607
277 0.163475
278 0.149401
279 0.159031
280 0.154431
281 0.156451
282 0.154981
283 0.159777
284 0.177452
285 0.169635
286 0.195276
287 0.197215
288 0.163896
289 0.176231
290 0.166924
291 0.165577
292 0.165072
293 0.148883
294 0.169584
295 0.160648
296 0.147362
297 0.157601
298 0.16212
299 0.156585
300 0.163895
301 0.186765
302 0.164318
303 0.178983
304 0.170001
305 0.180861
306 0.182537
307 0.165193
308 0.171803
309 0.176915
310 0.165271
311 0.157987
312 0.167764
313 0.147002
314 0.150048
315 0.167326
316 0.166679
317 0.149937
318 0.169419
319 0.191847
320 0.16923
321 0.176474
322 0.183287
323 0.172681
324 0.194463
325 0.176369
326 0.165452
327 0.168654
328 0.153294
329 0.156958
330 0.144752
331 0.158941
332 0.149946
333 0.141703
334 0.177798
335 0.155751
336 0.15725
337 0.173291
338 0.170034
339 0.191046
340 0.175628
341 0.182531
342 0.19271
343 0.178937
344 0.158076
345 0.161285
346 0.162393
347 0.164258
348 0.164094
349 0.15894
350 0.170235
351 0.170104
352 0.163282
353 0.175513
354 0.164073
355 0.168893
356 0.169069
357 0.185266
358 0.182484
359 0.175335
360 0.175958
361 0.183911
362 0.169526
363 0.159587
364 0.187744
365 0.167031
366 0.153921
367 0.160353
368 0.173301
369 0.150127
370 0.146358
371 0.160092
372 0.14691
373 0.141233
374 0.168888
375 0.171703
376 0.171417
377 0.171331
378 0.171045
379 0.182794
380 0.176481
381 0.156507
382 0.155853
383 0.182997
384 0.155116
385 0.167328
386 0.175031
387 0.162048
388 0.165046
389 0.162458
390 0.182992
391 0.156053
392 0.167517
393 0.188332
394 0.157966
395 0.158657
396 0.170891
397 0.166884
398 0.143269
399 0.137115
400 0.175953
401 0.159128
402 0.155888
403 0.168554
404 0.178356
405 0.183628
406 0.172953
407 0.186237
408 0.171807
409 0.165187
410 0.181061
411 0.163773
412 0.1564
413 0.165403
414 0.166846
415 0.163074
416 0.154676
417 0.15635
418 0.171999
419 0.174663
420 0.160928
421 0.188447
422 0.179939
423 0.189768
424 0.184209
425 0.164694
426 0.170105
427 0.172468
428 0.163629
429 0.166776
430 0.169532
431 0.177914
432 0.180906
433 0.19462
434 0.196741
435 0.180392
436 0.169467
437 0.19697
438 0.180241
439 0.163432
440 0.17246
441 0.160512
442 0.167392
443 0.154855
444 0.162365
445 0.155447
446 0.173971
447 0.183675
448 0.161797
449 0.162437
450 0.178129
451 0.179973
452 0.171101
453 0.166838
454 0.170324
455 0.187484
456 0.175837
457 0.149643
458 0.190501
459 0.178666
460 0.162004
461 0.167783
462 0.149328
463 0.173249
464 0.172061
465 0.154681
466 0.182902
467 0.166848
468 0.168167
469 0.172457
470 0.154777
471 0.163433
472 0.158887
473 0.166148
474 0.152669
475 0.169962
476 0.1917
477 0.177009
478 0.190612
479 0.179535
480 0.167721
481 0.200405
482 0.172174
483 0.157411
484 0.167943
485 0.154749
486 0.168007
487 0.151126
488 0.147615
489 0.161825
490 0.170201
491 0.175455
492 0.165838
493 0.167563
494 0.18669
495 0.17519
496 0.167655
497 0.185569
498 0.164476
499 0.190493
500 0.194257
501 0.157012
502 0.191441
503 0.173439
504 0.159612
505 0.160576
506 0.149499
507 0.181546
508 0.154855
509 0.139847
510 0.164479
511 0.163249
512 0.162341
513 0.15543
514 0.172134
515 0.189308
516 0.163479
517 0.172792
518 0.174508
519 0.168652
520 0.172089
521 0.177283
522 0.171148
523 0.181123
524 0.181987
525 0.152097
526 0.176738
527 0.173718
528 0.151639
529 0.155397
530 0.18076
531 0.171921
532 0.161932
533 0.164187
534 0.179839
535 0.193319
536 0.15511
537 0.159824
538 0.198192
539 0.172932
540 0.157342
541 0.17803
542 0.173417
543 0.153727
544 0.184949
545 0.18347
546 0.161674
547 0.188095
548 0.200532
549 0.195483
550 0.176661
551 0.169254
552 0.19842
553 0.162538
554 0.173451
555 0.190864
556 0.165243
557 0.183658
558 0.193049
559 0.181691
560 0.176976
561 0.171093
562 0.186468
563 0.171576
564 0.162057
565 0.19866
566 0.188853
567 0.191516
568 0.186643
569 0.175244
570 0.191134
571 0.183258
572 0.176989
573 0.168366
574 0.182579
575 0.174932
576 0.164904
577 0.167687
578 0.174238
579 0.18346
580 0.167765
581 0.170305
582 0.188424
583 0.181205
584 0.164589
585 0.185826
586 0.191155
587 0.192332
588 0.175936
589 0.167036
590 0.172403
591 0.16543
592 0.170927
593 0.15953
594 0.16201
595 0.169946
596 0.179698
597 0.165897
598 0.164068
599 0.183524
600 0.162594
601 0.164923
602 0.155036
603 0.14236
604 0.165913
605 0.155738
606 0.165597
607 0.173943
608 0.169049
609 0.188839
610 0.180709
611 0.17518
612 0.182088
613 0.17
614 0.182883
615 0.166161
616 0.157051
617 0.190235
618 0.159998
619 0.16206
620 0.175733
621 0.162906
622 0.175934
623 0.167144
624 0.156184
625 0.170578
626 0.156901
627 0.15043
628 0.169373
629 0.171466
630 0.153822
631 0.181329
632 0.165937
633 0.143683
634 0.164919
635 0.156003
636 0.139589
637 0.157488
638 0.164928
639 0.162704
640 0.167412
641 0.179654
642 0.181738
643 0.170971
644 0.170441
645 0.162958
646 0.16677
647 0.164646
648 0.152691
649 0.160836
650 0.168559
651 0.164676
652 0.170083
653 0.170018
654 0.174697
655 0.186542
656 0.178758
657 0.185955
658 0.175218
659 0.178597
660 0.196663
661 0.179339
662 0.197764
663 0.177781
664 0.183289
665 0.180057
666 0.174642
667 0.167471
668 0.184892
669 0.200119
670 0.179142
671 0.190875
672 0.181385
673 0.193764
674 0.190204
675 0.171167
676 0.189234
677 0.171531
678 0.161815
679 0.165504
680 0.150341
681 0.158395
682 0.15276
683 0.156273
684 0.18798
685 0.171153
686 0.172524
687 0.176748
688 0.159081
689 0.185283
690 0.174406
691 0.162665
692 0.171241
693 0.171361
694 0.158852
695 0.155022
696 0.167799
697 0.161812
698 0.170292
699 0.179913
700 0.177427
701 0.174482
702 0.177891
703 0.159017
704 0.173242
705 0.186794
706 0.154223
707 0.168542
708 0.16296
709 0.170204
710 0.160363
711 0.168603
712 0.184668
713 0.174742
714 0.181304
715 0.170386
716 0.187655
717 0.178342
718 0.168528
719 0.162355
720 0.178719
721 0.166482
722 0.151755
723 0.159582
724 0.146348
725 0.154142
726 0.167087
727 0.172335
728 0.164907
729 0.168606
730 0.198187
731 0.180614
732 0.16967
733 0.181439
734 0.199823
735 0.186893
736 0.187479
737 0.186283
738 0.192428
739 0.204385
740 0.180739
741 0.181904
742 0.193943
743 0.185409
744 0.193442
745 0.169011
746 0.187098
747 0.192907
748 0.160468
749 0.161968
750 0.175142
751 0.163637
752 0.145492
753 0.16804
754 0.165694
755 0.155872
756 0.172449
757 0.171401
758 0.156678
759 0.168274
760 0.172916
761 0.170464
762 0.156222
763 0.159602
764 0.16816
765 0.162146
766 0.165187
767 0.169584
768 0.161323
769 0.166201
770 0.182846
771 0.154239
772 0.16272
773 0.177464
774 0.172016
775 0.180479
776 0.18132
777 0.181161
778 0.179922
779 0.168249
780 0.169408
781 0.178871
782 0.168842
783 0.18055
784 0.169052
785 0.155663
786 0.178301
787 0.165522
788 0.155652
789 0.182228
790 0.179007
791 0.189272
792 0.186274
793 0.165043
794 0.170565
795 0.164855
796 0.161326
797 0.162944
798 0.151281
799 0.163414
800 0.190067
801 0.161782
802 0.167165
803 0.179258
804 0.169031
805 0.169191
806 0.164441
807 0.160634
808 0.175889
809 0.169727
810 0.167829
811 0.198191
812 0.172723
813 0.172256
814 0.203655
815 0.183413
816 0.179105
817 0.186952
818 0.178087
819 0.183518
820 0.186438
821 0.17468
822 0.173413
823 0.178221
824 0.163327
825 0.165524
826 0.147461
827 0.150477
828 0.147173
829 0.157052
830 0.160933
831 0.166435
832 0.18649
833 0.186574
834 0.193533
835 0.189293
836 0.195637
837 0.193251
838 0.167029
839 0.175086
840 0.157014
841 0.163721
842 0.174494
843 0.167377
844 0.172514
845 0.199552
846 0.1773
847 0.171015
848 0.162476
849 0.147307
850 0.160598
851 0.155866
852 0.158139
853 0.160036
854 0.161238
855 0.182531
856 0.163445
857 0.154767
858 0.159748
859 0.159708
860 0.155405
861 0.153567
862 0.16773
863 0.177211
864 0.184924
865 0.173546
866 0.174271
867 0.162668
868 0.166731
869 0.171152
870 0.160855
871 0.185544
872 0.17726
873 0.181011
874 0.207692
875 0.181797
876 0.170257
877 0.174701
878 0.181374
879 0.16808
880 0.165655
881 0.166954
882 0.151122
883 0.182949
884 0.163902
885 0.162177
886 0.181407
887 0.163119
888 0.176774
889 0.198822
890 0.165129
891 0.187554
892 0.183718
893 0.174047
894 0.186766
895 0.177335
896 0.180364
897 0.174225
898 0.190558
899 0.19096
900 0.15804
901 0.192285
902 0.196789
903 0.167216
904 0.170463
905 0.159496
906 0.155323
907 0.143754
908 0.139911
909 0.155771
910 0.146572
911 0.161206
912 0.160798
913 0.170218
914 0.161792
915 0.149138
916 0.176979
917 0.165852
918 0.158743
919 0.154277
920 0.167048
921 0.165207
922 0.154865
923 0.147941
924 0.155516
925 0.149032
926 0.158921
927 0.160996
928 0.155178
929 0.176391
930 0.182083
931 0.182442
932 0.187037
933 0.18014
934 0.193406
935 0.171871
936 0.175655
937 0.17062
938 0.16452
939 0.186929
940 0.172017
941 0.183267
942 0.178199
943 0.202163
944 0.181763
945 0.184247
946 0.209463
947 0.174752
948 0.176918
949 0.20218
950 0.178323
951 0.174339
952 0.16706
953 0.193733
954 0.170907
955 0.155519
956 0.169885
957 0.165397
958 0.169836
959 0.161859
960 0.168849
961 0.179075
962 0.176417
963 0.170565
964 0.170543
965 0.190328
966 0.174666
967 0.15722
968 0.167604
969 0.159157
970 0.153579
971 0.169251
972 0.158912
973 0.147742
974 0.174998
975 0.174268
976 0.166948
977 0.185274
978 0.178128
979 0.174961
980 0.181781
981 0.179068
982 0.166812
983 0.162017
984 0.175613
985 0.166773
986 0.179404
987 0.200025
988 0.190064
989 0.18249
990 0.179578
991 0.189996
992 0.179663
993 0.178374
994 0.186171
995 0.166015
996 0.189649
997 0.168018
998 0.170352
999 0.181394
1000 0.163105
1001 0.168118
1002 0.187227
1003 0.180193
1004 0.183497
1005 0.192664
1006 0.18187
1007 0.172112
1008 0.189185
1009 0.175712
1010 0.172992
1011 0.188125
1012 0.170584
1013 0.191733
1014 0.17524
1015 0.166025
1016 0.170369
1017 0.148606
1018 0.156188
1019 0.168394
1020 0.166671
1021 0.16783
1022 0.155805
1023 0.171331
1024 0.179732
1025 0.172141
1026 0.177964
1027 0.179805
1028 0.169971
1029 0.18866
1030 0.176801
1031 0.165636
1032 0.181677
1033 0.18456
1034 0.185491
1035 0.193313
1036 0.181847
1037 0.197168
1038 0.199359
1039 0.167919
1040 0.177978
1041 0.203636
1042 0.166088
1043 0.182877
1044 0.182352
1045 0.148715
1046 0.157251
1047 0.148277
1048 0.149831
1049 0.1565
1050 0.157477
1051 0.151296
1052 0.161255
1053 0.163563
1054 0.158586
1055 0.14872
1056 0.164513
1057 0.170681
1058 0.15812
1059 0.173529
1060 0.169959
1061 0.162648
1062 0.160752
1063 0.164838
1064 0.172456
1065 0.176144
1066 0.179287
1067 0.167221
1068 0.190383
1069 0.186599
1070 0.159365
1071 0.176345
1072 0.182568
1073 0.162935
1074 0.169481
1075 0.171027
1076 0.158973
1077 0.179368
1078 0.155971
1079 0.160377
1080 0.166229
1081 0.146491
1082 0.159477
1083 0.163816
1084 0.14779
1085 0.165219
1086 0.179209
1087 0.16795
1088 0.191802
1089 0.185058
1090 0.162601
1091 0.189763
1092 0.166259
1093 0.162375
1094 0.181318
1095 0.159139
1096 0.183015
1097 0.179501
1098 0.157029
1099 0.169616
1100 0.160587
1101 0.148389
1102 0.146295
1103 0.142642
1104 0.153853
1105 0.162808
1106 0.160254
1107 0.164838
1108 0.174198
1109 0.177137
1110 0.171098
1111 0.180876
1112 0.176889
1113 0.161657
1114 0.197533
1115 0.200512
1116 0.172694
1117 0.178912
1118 0.199242
1119 0.194181
1120 0.176334
1121 0.203253
1122 0.181814
1123 0.182475
1124 0.199029
1125 0.188288
1126 0.20389
1127 0.18276
1128 0.202009
1129 0.196722
1130 0.178816
1131 0.179029
1132 0.185264
1133 0.190486
1134 0.153159
1135 0.161502
1136 0.151707
1137 0.158479
1138 0.145631
1139 0.152849
1140 0.170846
1141 0.167383
1142 0.170646
1143 0.175335
1144 0.1825
1145 0.180259
1146 0.184805
1147 0.174865
1148 0.196447
1149 0.180217
1150 0.160365
1151 0.190112
1152 0.184601
1153 0.175521
1154 0.191677
1155 0.199862
1156 0.205474
1157 0.215846
1158 0.182906
1159 0.19089
1160 0.172911
1161 0.170749
1162 0.158078
1163 0.144479
1164 0.16225
1165 0.145718
1166 0.148118
1167 0.175695
1168 0.175844
1169 0.170413
1170 0.184371
1171 0.175033
1172 0.158
1173 0.182971
1174 0.167571
1175 0.162558
1176 0.171988
1177 0.189573
1178 0.207031
1179 0.177175
1180 0.191105
1181 0.18939
1182 0.183107
1183 0.177267
1184 0.158865
1185 0.171698
1186 0.166112
1187 0.172013
1188 0.17787
1189 0.184332
1190 0.197314
1191 0.188546
1192 0.197111
1193 0.187738
1194 0.173043
1195 0.191002
1196 0.187104
1197 0.162637
1198 0.183207
1199 0.183569
1200 0.177004
1201 0.18042
1202 0.167943
1203 0.168892
1204 0.16274
1205 0.151665
1206 0.170369
1207 0.156956
1208 0.160196
1209 0.179953
1210 0.161474
1211 0.173075
1212 0.189274
1213 0.176204
1214 0.160194
1215 0.179704
1216 0.194359
1217 0.163838
1218 0.155508
1219 0.1582
1220 0.163282
1221 0.151955
1222 0.161023
1223 0.16142
1224 0.15197
1225 0.157064
1226 0.164816
1227 0.146463
1228 0.14437
1229 0.155451
1230 0.153481
1231 0.167259
1232 0.165065
1233 0.180491
1234 0.181847
1235 0.16251
1236 0.182143
1237 0.172049
1238 0.151093
1239 0.173319
1240 0.166551
1241 0.159879
1242 0.167103
1243 0.171534
1244 0.176349
1245 0.178801
1246 0.175179
1247 0.188636
1248 0.195568
1249 0.182803
1250 0.192162
1251 0.189304
1252 0.187358
1253 0.181457
1254 0.1895
1255 0.177364
1256 0.176403
1257 0.175212
1258 0.168752
1259 0.177419
1260 0.15829
1261 0.15837
1262 0.175856
1263 0.153371
1264 0.158539
1265 0.173767
1266 0.170136
1267 0.170551
1268 0.166341
1269 0.171692
1270 0.171653
1271 0.153476
1272 0.173394
1273 0.165236
1274 0.151306
1275 0.18809
1276 0.163225
1277 0.169409
1278 0.19633
1279 0.169706
1280 0.176585
1281 0.201255
1282 0.196436
1283 0.177762
1284 0.176258
1285 0.178746
1286 0.167224
1287 0.160894
1288 0.173023
1289 0.171255
1290 0.161802
1291 0.1697
1292 0.181942
1293 0.16281
1294 0.169773
1295 0.170271
1296 0.172387
1297 0.171371
1298 0.17556
1299 0.193858
1300 0.17118
1301 0.196227
1302 0.179343
1303 0.16492
1304 0.169531
1305 0.163723
1306 0.165494
1307 0.160959
1308 0.174871
1309 0.172544
1310 0.164308
1311 0.169172
1312 0.165676
1313 0.15744
1314 0.14397
1315 0.162481
1316 0.17226
1317 0.164182
1318 0.159962
1319 0.168942
1320 0.166181
1321 0.169513
1322 0.169413
1323 0.172669
1324 0.177143
1325 0.16675
1326 0.173312
1327 0.166841
1328 0.16156
1329 0.170798
1330 0.173531
1331 0.18591
1332 0.198786
1333 0.185362
1334 0.184393
1335 0.20543
1336 0.200897
1337 0.169606
1338 0.185383
1339 0.184214
1340 0.162684
1341 0.175987
1342 0.165684
1343 0.16709
1344 0.191703
1345 0.169492
1346 0.165003
1347 0.166352
1348 0.166886
1349 0.177656
1350 0.15997
1351 0.172734
1352 0.173276
1353 0.16985
1354 0.185934
1355 0.172948
1356 0.184666
1357 0.200251
1358 0.185535
1359 0.186162
1360 0.185221
1361 0.184707
1362 0.181409
1363 0.165956
1364 0.174584
1365 0.170301
1366 0.169293
1367 0.16995
1368 0.155385
1369 0.178088
1370 0.158193
1371 0.161996
1372 0.184093
1373 0.174353
1374 0.185069
1375 0.182312
1376 0.174947
1377 0.15936
1378 0.156231
1379 0.159809
1380 0.158193
1381 0.148648
1382 0.175126
1383 0.158002
1384 0.155215
1385 0.181186
1386 0.169719
1387 0.155656
1388 0.181216
1389 0.172591
1390 0.169661
1391 0.174718
1392 0.173819
1393 0.179094
1394 0.168508
1395 0.171862
1396 0.17788
1397 0.180087
1398 0.1674
1399 0.173177
1400 0.16452
1401 0.184981
1402 0.166241
1403 0.151448
1404 0.161481
1405 0.148845
1406 0.143198
1407 0.15213
1408 0.169914
1409 0.169872
1410 0.167883
1411 0.190226
1412 0.179611
1413 0.185487
1414 0.17661
1415 0.176854
1416 0.195904
1417 0.172888
1418 0.196558
1419 0.183923
1420 0.173463
1421 0.192901
1422 0.181364
1423 0.156008
1424 0.166938
1425 0.165097
1426 0.177766
1427 0.167392
1428 0.161254
1429 0.189731
1430 0.172774
1431 0.161715
1432 0.16932
1433 0.167469
1434 0.170831
1435 0.163516
1436 0.182808
1437 0.190586
1438 0.181416
1439 0.176493
1440 0.179704
1441 0.170852
1442 0.16931
1443 0.17728
1444 0.160445
1445 0.16511
1446 0.18433
1447 0.189135
1448 0.159496
1449 0.18042
1450 0.180363
1451 0.179451
1452 0.186331
1453 0.171339
1454 0.181498
1455 0.171114
1456 0.167211
1457 0.171927
1458 0.153295
1459 0.155996
1460 0.171992
1461 0.170139
1462 0.180073
1463 0.1859
1464 0.183994
1465 0.184389
1466 0.165856
1467 0.181021
1468 0.186283
1469 0.161075
1470 0.168158
1471 0.190641
1472 0.167103
1473 0.169292
1474 0.166307
1475 0.152718
1476 0.168753
1477 0.164896
1478 0.172727
1479 0.17768
1480 0.159604
1481 0.190146
1482 0.176437
1483 0.15845
1484 0.177761
1485 0.157499
1486 0.170832
1487 0.168809
1488 0.168399
1489 0.173131
1490 0.149477
1491 0.175878
1492 0.166493
1493 0.145273
1494 0.16336
1495 0.161166
1496 0.167034
1497 0.182185
1498 0.154462
1499 0.163363
1500 0.166437
1501 0.170942
1502 0.156354
1503 0.152368
1504 0.178849
1505 0.177651
1506 0.164327
1507 0.181354
1508 0.199379
1509 0.173752
1510 0.195223
1511 0.203874
1512 0.177034
1513 0.187013
1514 0.195584
1515 0.18005
1516 0.177018
1517 0.193926
1518 0.18676
1519 0.169761
1520 0.164136
1521 0.191104
1522 0.161791
1523 0.153217
1524 0.188655
1525 0.146773
1526 0.166912
1527 0.192605
1528 0.156877
1529 0.165205
1530 0.180332
1531 0.165694
1532 0.156843
1533 0.166861
1534 0.16634
1535 0.152829
1536 0.160572
1537 0.186153
1538 0.18456
1539 0.169803
1540 0.19073
1541 0.195164
1542 0.161134
1543 0.167249
1544 0.185095
1545 0.158683
1546 0.164995
1547 0.18676
1548 0.159931
1549 0.163754
1550 0.186018
1551 0.167405
1552 0.15187
1553 0.162194
1554 0.181496
1555 0.155687
1556 0.14944
1557 0.162467
1558 0.160707
1559 0.167801
1560 0.165325
1561 0.156922
1562 0.157422
1563 0.166758
1564 0.149225
1565 0.144571
1566 0.174446
1567 0.17179
1568 0.165819
1569 0.166409
1570 0.188606
1571 0.160444
1572 0.162516
1573 0.188767
1574 0.173129
1575 0.178006
1576 0.187707
1577 0.194448
1578 0.18348
1579 0.187771
1580 0.188309
1581 0.168675
1582 0.183398
1583 0.17656
1584 0.174024
1585 0.171984
1586 0.183285
1587 0.184166
1588 0.172359
1589 0.187293
1590 0.183406
1591 0.169881
1592 0.166626
1593 0.183311
1594 0.164493
1595 0.17143
1596 0.171283
1597 0.181144
1598 0.181514
1599 0.158848
1600 0.183392
1601 0.156564
1602 0.171307
1603 0.16725
1604 0.14861
1605 0.164304
1606 0.146807
1607 0.155368
1608 0.150657
1609 0.153555
1610 0.151125
1611 0.151842
1612 0.167774
1613 0.168618
1614 0.162461
1615 0.188545
1616 0.175701
1617 0.169514
1618 0.171943
1619 0.167938
1620 0.164353
1621 0.143027
1622 0.15895
1623 0.159046
1624 0.158908
1625 0.162805
1626 0.166082
1627 0.182886
1628 0.166651
1629 0.171093
1630 0.193126
1631 0.181214
1632 0.178796
1633 0.195245
1634 0.183358
1635 0.16986
1636 0.168616
1637 0.153647
1638 0.150572
1639 0.152078
1640 0.158541
1641 0.159277
1642 0.181658
1643 0.191566
1644 0.178742
1645 0.182837
1646 0.186159
1647 0.184955
1648 0.16741
1649 0.15909
1650 0.178229
1651 0.174648
1652 0.162896
1653 0.195395
1654 0.201611
1655 0.177693
1656 0.197425
1657 0.200744
1658 0.19173
1659 0.192526
1660 0.186418
1661 0.197321
1662 0.17827
1663 0.181764
1664 0.181428
1665 0.16423
1666 0.172095
1667 0.185512
1668 0.184843
1669 0.16651
1670 0.190198
1671 0.183887
1672 0.185007
1673 0.1814
1674 0.179349
1675 0.197173
1676 0.177618
1677 0.162693
1678 0.16845
1679 0.175662
1680 0.165149
1681 0.144784
1682 0.162609
1683 0.167965
1684 0.16461
1685 0.167507
1686 0.168586
1687 0.187142
1688 0.189557
1689 0.185867
1690 0.192662
1691 0.177391
1692 0.181805
1693 0.191215
1694 0.174532
1695 0.189764
1696 0.196445
1697 0.180017
1698 0.192293
1699 0.190474
1700 0.157573
1701 0.170858
1702 0.193454
1703 0.172958
1704 0.17553
1705 0.175355
1706 0.163146
1707 0.180603
1708 0.161216
1709 0.1614
1710 0.187471
1711 0.166252
1712 0.177993
1713 0.192524
1714 0.16589
1715 0.177553
1716 0.194773
1717 0.192083
1718 0.167521
1719 0.198822
1720 0.184552
1721 0.154902
1722 0.168416
1723 0.175571
1724 0.163081
1725 0.167643
1726 0.174463
1727 0.193401
1728 0.191322
1729 0.177017
1730 0.182211
1731 0.192115
1732 0.170229
1733 0.176925
1734 0.181391
1735 0.183042
1736 0.189983
1737 0.166467
1738 0.199108
1739 0.193184
1740 0.170586
1741 0.166855
1742 0.178131
1743 0.163062
1744 0.139767
1745 0.177184
1746 0.173337
1747 0.165085
1748 0.184889
1749 0.17062
1750 0.179278
1751 0.178587
1752 0.164861
1753 0.180028
1754 0.179882
1755 0.178448
1756 0.180762
1757 0.165667
1758 0.190283
1759 0.170515
1760 0.15043
1761 0.181219
1762 0.166559
1763 0.151539
1764 0.171009
1765 0.153608
1766 0.145839
1767 0.172856
1768 0.164099
1769 0.160677
1770 0.17216
1771 0.176093
1772 0.172099
1773 0.163186
1774 0.16769
1775 0.147308
1776 0.166873
1777 0.164238
1778 0.145713
1779 0.163333
1780 0.183845
1781 0.167298
1782 0.15942
1783 0.186628
1784 0.180531
1785 0.166196
1786 0.186122
1787 0.189777
1788 0.191227
1789 0.190627
1790 0.180524
1791 0.19481
1792 0.180427
1793 0.158742
1794 0.176079
1795 0.164681
1796 0.151688
1797 0.169763
1798 0.169549
1799 0.164506
1800 0.172964
1801 0.165632
1802 0.179268
1803 0.160768
1804 0.15452
1805 0.156889
1806 0.157746
1807 0.158334
1808 0.150592
1809 0.183934
1810 0.171101
1811 0.168752
1812 0.17613
1813 0.176598
1814 0.184239
1815 0.180053
1816 0.168368
1817 0.187612
1818 0.202074
1819 0.181337
1820 0.184233
1821 0.193599
1822 0.179033
1823 0.170745
1824 0.16938
1825 0.176456
1826 0.175478
1827 0.17967
1828 0.181221
1829 0.177334
1830 0.18898
1831 0.189713
1832 0.158045
1833 0.187297
1834 0.183889
1835 0.149138
1836 0.159971
1837 0.169975
1838 0.159113
1839 0.155809
1840 0.150718
1841 0.155808
1842 0.155351
1843 0.1466
1844 0.159905
1845 0.143798
1846 0.148102
1847 0.156169
1848 0.145594
1849 0.164709
1850 0.157876
1851 0.148511
1852 0.166936
1853 0.180343
1854 0.170309
1855 0.167748
1856 0.175917
1857 0.187836
1858 0.173259
1859 0.183677
1860 0.178137
1861 0.17827
1862 0.199419
1863 0.178036
1864 0.163145
1865 0.188849
1866 0.163936
1867 0.161356
1868 0.178547
1869 0.161032
1870 0.164976
1871 0.174469
1872 0.167165
1873 0.15769
1874 0.153775
1875 0.163514
1876 0.154411
1877 0.145587
1878 0.150883
1879 0.143147
1880 0.135774
1881 0.14924
1882 0.1681
1883 0.140188
1884 0.186508
1885 0.178814
1886 0.164168
1887 0.182426
1888 0.167297
1889 0.177619
1890 0.176532
1891 0.173358
1892 0.187479
1893 0.181338
1894 0.175329
1895 0.176744
1896 0.190801
1897 0.166461
1898 0.186875
1899 0.183425
1900 0.176468
1901 0.187817
1902 0.183558
1903 0.179575
1904 0.17196
1905 0.179381
1906 0.176072
1907 0.187038
1908 0.19256
1909 0.171707
1910 0.172218
1911 0.197876
1912 0.168896
1913 0.153067
1914 0.17604
1915 0.168646
1916 0.170476
1917 0.161355
1918 0.171717
1919 0.16456
1920 0.163592
1921 0.159608
1922 0.162334
1923 0.172754
1924 0.176502
1925 0.189207
1926 0.19139
1927 0.185491
1928 0.170969
1929 0.182024
1930 0.183285
1931 0.169802
1932 0.19696
1933 0.19973
1934 0.167192
1935 0.196494
1936 0.181433
1937 0.170423
1938 0.191292
1939 0.175046
1940 0.187583
1941 0.183438
1942 0.159727
1943 0.193677
1944 0.183091
1945 0.17183
1946 0.185272
1947 0.166029
1948 0.174022
1949 0.16447
1950 0.152159
1951 0.160559
1952 0.157374
1953 0.162983
1954 0.155585
1955 0.162676
1956 0.178336
1957 0.158745
1958 0.175311
1959 0.162726
1960 0.162244
1961 0.171539
1962 0.175058
1963 0.178704
1964 0.151054
1965 0.186037
1966 0.184839
1967 0.157925
1968 0.165221
1969 0.153475
1970 0.164835
1971 0.164268
1972 0.170856
1973 0.186324
1974 0.193963
1975 0.202122
1976 0.206565
1977 0.184228
1978 0.205753
1979 0.181783
1980 0.195123
1981 0.190757
1982 0.171551
1983 0.181764
1984 0.15931
1985 0.165863
1986 0.160797
1987 0.154621
1988 0.148492
1989 0.164771
1990 0.179234
1991 0.157547
1992 0.181251
1993 0.175831
1994 0.173995
1995 0.168725
1996 0.164713
1997 0.173278
1998 0.1744
1999 0.164296
2000 0.176976
2001 0.191837
2002 0.183525
2003 0.173118
2004 0.199906
2005 0.2025
2006 0.180493
2007 0.181393
2008 0.171354
2009 0.177405
2010 0.173139
2011 0.169917
2012 0.169441
2013 0.168377
2014 0.162204
2015 0.183872
2016 0.172187
2017 0.169294
2018 0.180863
2019 0.170102
2020 0.181982
2021 0.162704
2022 0.153003
2023 0.155733
2024 0.147798
2025 0.173457
2026 0.188109
2027 0.176014
2028 0.197279
2029 0.201714
2030 0.166341
2031 0.165347
2032 0.181619
2033 0.169441
2034 0.179293
2035 0.165544
2036 0.184214
2037 0.187339
2038 0.152375
2039 0.152393
2040 0.152196
2041 0.170554
2042 0.151109
2043 0.138516
2044 0.178911
2045 0.168881
2046 0.158569
2047 0.183407
2048 0.177788
2049 0.154129
2050 0.165552
2051 0.193626
2052 0.170796
2053 0.159387
2054 0.182035
2055 0.177462
2056 0.156104
2057 0.166947
2058 0.173234
2059 0.155796
2060 0.187528
2061 0.183645
2062 0.171958
2063 0.192972
2064 0.184729
2065 0.172864
2066 0.177355
2067 0.187799
2068 0.175234
2069 0.164264
2070 0.165361
2071 0.165137
2072 0.168698
2073 0.150824
2074 0.133228
2075 0.142319
2076 0.134159
2077 0.137465
2078 0.148456
2079 0.157612
2080 0.147215
2081 0.158456
2082 0.162127
2083 0.16816
2084 0.173182
2085 0.1622
2086 0.167011
2087 0.190957
2088 0.180184
2089 0.171546
2090 0.181412
2091 0.167386
2092 0.152994
2093 0.174821
2094 0.152868
2095 0.142028
2096 0.184509
2097 0.185699
2098 0.166176
2099 0
