0 -21.4193
1 -4.36969
2 -2.39372
3 -5.42877
4 -7.75424
5 -9.12073
6 -9.86907
7 -10.5525
8 -10.3509
9 -10.0862
10 -10.1671
11 -11.4271
12 -10.5068
13 -10.0359
14 -10.8437
15 -10.5233
16 -11.471
17 -8.70959
18 -11.0908
19 -10.2558
20 -7.8185
21 -8.47584
22 -8.98034
23 -7.99599
24 -4.61561
25 -5.06277
26 -6.21886
27 -1.56425
28 -1.31774
29 -2.08833
30 -0.0680008
31 -0.289626
32 -0.182848
33 0.0323753
34 0.0335073
35 0.149483
36 0.121724
37 0.0900608
38 0.144638
39 0.160858
40 0.200183
41 0.18797
42 0.170664
43 0.199672
44 0.206641
45 0.200129
46 0.203504
47 0.194658
48 0.16975
49 0.175797
50 0.197918
51 0.163458
52 0.163314
53 0.192699
54 0.165365
55 0.173924
56 0.176383
57 0.159765
58 0.176942
59 0.151434
60 0.141084
61 0.151287
62 0.154969
63 0.142454
64 0.154569
65 0.172433
66 0.15221
67 0.161498
68 0.171944
69 0.172071
70 0.166368
71 0.158925
72 0.186978
73 0.183632
74 0.161731
75 0.154975
76 0.152903
77 0.156842
78 0.155204
79 0.146126
80 0.163775
81 0.179232
82 0.163799
83 0.186127
84 0.181715
85 0.182709
86 0.178063
87 0.169196
88 0.169929
89 0.151079
90 0.159235
91 0.156087
92 0.156318
93 0.155142
94 0.15169
95 0.167698
96 0.152865
97 0.149762
98 0.159132
99 0.161858
100 0.148938
101 0.14264
102 0.162745
103 0.165243
104 0.147444
105 0.147236
106 0.18626
107 0.160204
108 0.152382
109 0.158673
110 0.158639
111 0.152664
112 0.145666
113 0.151987
114 0.156839
115 0.161963
116 0.170908
117 0.173518
118 0.179701
119 0.179282
120 0.193382
121 0.169533
122 0.170034
123 0.176187
124 0.164226
125 0.181193
126 0.178797
127 0.178965
128 0.180089
129 0.185108
130 0.177769
131 0.180755
132 0.172259
133 0.165213
134 0.17261
135 0.162179
136 0.159119
137 0.188074
138 0.182293
139 0.169358
140 0.192008
141 0.203924
142 0.184841
143 0.164193
144 0.177804
145 0.165692
146 0.149001
147 0.167782
148 0.160185
149 0.168275
150 0.169808
151 0.170757
152 0.179255
153 0.164434
154 0.163457
155 0.168125
156 0.178327
157 0.168437
158 0.183531
159 0.185512
160 0.176918
161 0.167076
162 0.172818
163 0.168343
164 0.158146
165 0.16367
166 0.173985
167 0.188515
168 0.185558
169 0.183566
170 0.194337
171 0.183573
172 0.163315
173 0.178324
174 0.177828
175 0.161265
176 0.178397
177 0.158327
178 0.173428
179 0.190632
180 0.183273
181 0.178456
182 0.172765
183 0.202086
184 0.162648
185 0.171746
186 0.166757
187 0.160817
188 0.186224
189 0.165849
190 0.173309
191 0.198532
192 0.183818
193 0.188808
194 0.193751
195 0.180859
196 0.186767
197 0.166538
198 0.154256
199 0.164897
200 0.145685
201 0.155038
202 0.153816
203 0.154474
204 0.171661
205 0.18798
206 0.175693
207 0.155165
208 0.160675
209 0.166279
210 0.158821
211 0.153705
212 0.193786
213 0.191997
214 0.163722
215 0.175381
216 0.186545
217 0.165466
218 0.170273
219 0.199343
220 0.163578
221 0.189137
222 0.189948
223 0.162378
224 0.200826
225 0.184751
226 0.164377
227 0.194423
228 0.175954
229 0.150347
230 0.187848
231 0.178401
232 0.156067
233 0.185841
234 0.192155
235 0.176993
236 0.183175
237 0.199835
238 0.173988
239 0.188425
240 0.207405
241 0.166817
242 0.171828
243 0.174729
244 0.161386
245 0.161631
246 0.150159
247 0.164746
248 0.162635
249 0.157183
250 0.201577
251 0.186802
252 0.169118
253 0.176025
254 0.171206
255 0.175878
256 0.158506
257 0.166778
258 0.164706
259 0.164011
260 0.18243
261 0.184322
262 0.174882
263 0.166924
264 0.17983
265 0.173279
266 0.152032
267 0.178726
268 0.197664
269 0.161043
270 0.190502
271 0.193844
272 0.163002
273 0.168399
274 0.184365
275 0.175705
276 0.180086
277 0.174334
278 0.163127
279 0.206532
280 0.171088
281 0.163059
282 0.199545
283 0.160452
284 0.206533
285 0.177776
286 0.171179
287 0.181696
288 0.175031
289 0.18962
290 0.17567
291 0.200137
292 0.199356
293 0.188146
294 0.181121
295 0.19986
296 0.183735
297 0.179063
298 0.16958
299 0.170139
300 0.194831
301 0.174828
302 0.178445
303 0.188872
304 0.178184
305 0.165839
306 0.172913
307 0.179761
308 0.159929
309 0.177859
310 0.201395
311 0.190468
312 0.172618
313 0.160061
314 0.166712
315 0.158645
316 0.161667
317 0.163252
318 0.169335
319 0.165553
320 0.185315
321 0.193285
322 0.160955
323 0.194337
324 0.167864
325 0.177366
326 0.189826
327 0.175175
328 0.183587
329 0.176327
330 0.173274
331 0.180915
332 0.175621
333 0.16923
334 0.168254
335 0.167929
336 0.155874
337 0.162766
338 0.177518
339 0.158604
340 0.162884
341 0.1734
342 0.169786
343 0.176059
344 0.171067
345 0.168011
346 0.161806
347 0.167163
348 0.173001
349 0.158624
350 0.167884
351 0.179081
352 0.178323
353 0.202629
354 0.162845
355 0.193754
356 0.171399
357 0.156558
358 0.192788
359 0.175266
360 0.169393
361 0.18781
362 0.203629
363 0.17208
364 0.168589
365 0.180557
366 0.157588
367 0.162936
368 0.16317
369 0.157284
370 0.178036
371 0.155626
372 0.177797
373 0.165528
374 0.149729
375 0.160494
376 0.160051
377 0.155538
378 0.160105
379 0.185561
380 0.182369
381 0.188889
382 0.192914
383 0.18253
384 0.165475
385 0.169741
386 0.169806
387 0.14868
388 0.157995
389 0.166313
390 0.172258
391 0.172601
392 0.158834
393 0.166783
394 0.182511
395 0.169443
396 0.161787
397 0.15626
398 0.174261
399 0.171994
400 0.165556
401 0.165992
402 0.180779
403 0.190114
404 0.167394
405 0.181216
406 0.189178
407 0.167923
408 0.187227
409 0.192491
410 0.173494
411 0.187263
412 0.187621
413 0.206946
414 0.1874
415 0.182641
416 0.199011
417 0.180725
418 0.198383
419 0.197318
420 0.189286
421 0.168908
422 0.165719
423 0.195516
424 0.157987
425 0.142201
426 0.174739
427 0.149147
428 0.16373
429 0.172418
430 0.175543
431 0.178058
432 0.164989
433 0.181413
434 0.177441
435 0.16996
436 0.159235
437 0.203447
438 0.203921
439 0.162137
440 0.185261
441 0.194817
442 0.180661
443 0.18013
444 0.197997
445 0.205566
446 0.184534
447 0.178916
448 0.172072
449 0.17345
450 0.160097
451 0.161122
452 0.180785
453 0.169935
454 0.156426
455 0.153608
456 0.16064
457 0.15195
458 0.152468
459 0.155711
460 0.174512
461 0.168239
462 0.164546
463 0.1942
464 0.199444
465 0.167014
466 0.201715
467 0.216422
468 0.186982
469 0.192887
470 0.203734
471 0.173577
472 0.181272
473 0.17113
474 0.178
475 0.18857
476 0.186655
477 0.20545
478 0.1994
479 0.211312
480 0.176583
481 0.187752
482 0.206636
483 0.17656
484 0.183551
485 0.175519
486 0.195966
487 0.194712
488 0.181243
489 0.166776
490 0.168249
491 0.187856
492 0.168454
493 0.150715
494 0.187781
495 0.167247
496 0.162414
497 0.1736
498 0.154133
499 0.168509
500 0.163385
501 0.167106
502 0.165014
503 0.168463
504 0.161482
505 0.188045
506 0.197594
507 0.173158
508 0.168156
509 0.181802
510 0.17264
511 0.156045
512 0.178
513 0.162576
514 0.168169
515 0.182089
516 0.186707
517 0.197524
518 0.183256
519 0.195838
520 0.198188
521 0.178452
522 0.177569
523 0.180141
524 0.179996
525 0.166009
526 0.165435
527 0.197615
528 0.174245
529 0.174715
530 0.182146
531 0.18849
532 0.196866
533 0.193771
534 0.192916
535 0.195504
536 0.180073
537 0.190159
538 0.183434
539 0.164612
540 0.193351
541 0.19179
542 0.175949
543 0.173734
544 0.196626
545 0.191948
546 0.168417
547 0.164336
548 0.185102
549 0.171931
550 0.167707
551 0.172599
552 0.174284
553 0.176062
554 0.172818
555 0.171587
556 0.174113
557 0.168876
558 0.193381
559 0.199328
560 0.177327
561 0.174047
562 0.175074
563 0.185832
564 0.17629
565 0.163411
566 0.164968
567 0.179549
568 0.170872
569 0.159711
570 0.180511
571 0.177195
572 0.160798
573 0.169705
574 0.173459
575 0.151391
576 0.164099
577 0.17359
578 0.164807
579 0.165772
580 0.176149
581 0.185945
582 0.158449
583 0.164562
584 0.176522
585 0.173386
586 0.18905
587 0.194584
588 0.211299
589 0.186479
590 0.203635
591 0.185552
592 0.18431
593 0.165097
594 0.17569
595 0.182969
596 0.154801
597 0.198537
598 0.175678
599 0.169011
600 0.186274
601 0.168822
602 0.18633
603 0.190877
604 0.170651
605 0.18057
606 0.177344
607 0.177066
608 0.162703
609 0.175643
610 0.164572
611 0.150507
612 0.190675
613 0.160968
614 0.149704
615 0.172986
616 0.15652
617 0.15402
618 0.15062
619 0.164688
620 0.153977
621 0.152084
622 0.156491
623 0.159293
624 0.157879
625 0.155136
626 0.166942
627 0.180007
628 0.173871
629 0.15939
630 0.177418
631 0.184607
632 0.17006
633 0.164962
634 0.190313
635 0.18247
636 0.164881
637 0.164151
638 0.18129
639 0.163879
640 0.166676
641 0.179539
642 0.165717
643 0.186583
644 0.184124
645 0.177916
646 0.20016
647 0.195145
648 0.197281
649 0.175697
650 0.1738
651 0.174528
652 0.171329
653 0.170454
654 0.174677
655 0.186988
656 0.170905
657 0.185393
658 0.190731
659 0.163827
660 0.175384
661 0.162301
662 0.164517
663 0.161594
664 0.146939
665 0.158618
666 0.16588
667 0.154374
668 0.169386
669 0.186803
670 0.166635
671 0.158658
672 0.165179
673 0.159153
674 0.158223
675 0.157196
676 0.149144
677 0.187953
678 0.185404
679 0.156886
680 0.183149
681 0.193307
682 0.170997
683 0.186097
684 0.170605
685 0.162734
686 0.177678
687 0.168097
688 0.152323
689 0.153169
690 0.166042
691 0.152853
692 0.150888
693 0.158772
694 0.15288
695 0.143848
696 0.159891
697 0.164177
698 0.164685
699 0.162267
700 0.163417
701 0.178146
702 0.179193
703 0.181173
704 0.177771
705 0.178238
706 0.191985
707 0.198151
708 0.18303
709 0.183122
710 0.165911
711 0.159454
712 0.177654
713 0.15016
714 0.157417
715 0.166983
716 0.161872
717 0.188175
718 0.176121
719 0.183557
720 0.211291
721 0.196754
722 0.170897
723 0.174111
724 0.16216
725 0.168264
726 0.175763
727 0.157377
728 0.181686
729 0.210521
730 0.175362
731 0.161335
732 0.176488
733 0.165982
734 0.169175
735 0.163522
736 0.167017
737 0.184689
738 0.169283
739 0.189848
740 0.189421
741 0.174063
742 0.155587
743 0.182797
744 0.160262
745 0.147526
746 0.175179
747 0.150247
748 0.148897
749 0.164376
750 0.15659
751 0.144369
752 0.149836
753 0.183952
754 0.152691
755 0.164562
756 0.175802
757 0.150476
758 0.16013
759 0.169293
760 0.166063
761 0.166658
762 0.192578
763 0.194942
764 0.182632
765 0.173013
766 0.164009
767 0.16756
768 0.147704
769 0.165
770 0.175999
771 0.162904
772 0.181249
773 0.17709
774 0.167406
775 0.156299
776 0.166694
777 0.149462
778 0.142439
779 0.151864
780 0.153447
781 0.154413
782 0.152802
783 0.154895
784 0.194123
785 0.182211
786 0.160907
787 0.171515
788 0.165692
789 0.166182
790 0.163256
791 0.164664
792 0.181818
793 0.172651
794 0.167648
795 0.178879
796 0.182038
797 0.169961
798 0.164499
799 0.162557
800 0.151036
801 0.151304
802 0.161924
803 0.156048
804 0.145842
805 0.16171
806 0.159807
807 0.146484
808 0.15821
809 0.159123
810 0.158203
811 0.172672
812 0.169181
813 0.182523
814 0.162455
815 0.162813
816 0.17814
817 0.16076
818 0.17597
819 0.188802
820 0.167787
821 0.181138
822 0.181874
823 0.164133
824 0.167537
825 0.15494
826 0.152786
827 0.159641
828 0.146955
829 0.158496
830 0.160073
831 0.155428
832 0.171578
833 0.162754
834 0.180417
835 0.16642
836 0.145249
837 0.16192
838 0.16097
839 0.166612
840 0.155755
841 0.158626
842 0.181112
843 0.164124
844 0.158976
845 0.176541
846 0.16946
847 0.158323
848 0.177022
849 0.172596
850 0.167695
851 0.162768
852 0.151515
853 0.151071
854 0.158042
855 0.156843
856 0.154181
857 0.185335
858 0.179163
859 0.181527
860 0.17788
861 0.167114
862 0.16791
863 0.169096
864 0.161444
865 0.150274
866 0.180454
867 0.171983
868 0.169677
869 0.182962
870 0.175026
871 0.185208
872 0.182632
873 0.172456
874 0.167049
875 0.16663
876 0.162698
877 0.168352
878 0.165695
879 0.153657
880 0.180297
881 0.188964
882 0.172086
883 0.179648
884 0.169051
885 0.168065
886 0.17018
887 0.155573
888 0.162964
889 0.18222
890 0.17111
891 0.163519
892 0.187489
893 0.18095
894 0.174411
895 0.186865
896 0.182687
897 0.189474
898 0.170411
899 0.177364
900 0.165429
901 0.161156
902 0.161236
903 0.15761
904 0.176288
905 0.165916
906 0.1768
907 0.175376
908 0.199341
909 0.202031
910 0.198922
911 0.185399
912 0.197559
913 0.214794
914 0.169068
915 0.196683
916 0.178169
917 0.17013
918 0.18683
919 0.16603
920 0.187979
921 0.171518
922 0.17564
923 0.168986
924 0.154471
925 0.169143
926 0.152937
927 0.163504
928 0.168654
929 0.170453
930 0.172227
931 0.176436
932 0.174526
933 0.156822
934 0.174717
935 0.160038
936 0.156486
937 0.166228
938 0.155418
939 0.162822
940 0.154776
941 0.149704
942 0.1827
943 0.152568
944 0.148286
945 0.169919
946 0.157973
947 0.153924
948 0.152856
949 0.144318
950 0.168077
951 0.157431
952 0.156514
953 0.162324
954 0.196217
955 0.163417
956 0.155984
957 0.168388
958 0.146055
959 0.164495
960 0.167771
961 0.162718
962 0.18562
963 0.18607
964 0.171704
965 0.17575
966 0.169333
967 0.180474
968 0.181461
969 0.174517
970 0.179443
971 0.204442
972 0.196539
973 0.178955
974 0.16396
975 0.162184
976 0.170293
977 0.16158
978 0.163142
979 0.181629
980 0.175123
981 0.177032
982 0.184517
983 0.166747
984 0.178114
985 0.179094
986 0.175345
987 0.175292
988 0.171213
989 0.165673
990 0.16168
991 0.169506
992 0.154834
993 0.158854
994 0.163014
995 0.15507
996 0.171147
997 0.155412
998 0.162319
999 0.163685
1000 0.184395
1001 0.171214
1002 0.168758
1003 0.186446
1004 0.175777
1005 0.199028
1006 0.174825
1007 0.167343
1008 0.187341
1009 0.167583
1010 0.17592
1011 0.171211
1012 0.156423
1013 0.170431
1014 0.171333
1015 0.159263
1016 0.188438
1017 0.172299
1018 0.18417
1019 0.178053
1020 0.172548
1021 0.171686
1022 0.176308
1023 0.164267
1024 0.151006
1025 0.159173
1026 0.157308
1027 0.148928
1028 0.157539
1029 0.154611
1030 0.153817
1031 0.162154
1032 0.154402
1033 0.162404
1034 0.150448
1035 0.153429
1036 0.158103
1037 0.178612
1038 0.16297
1039 0.158988
1040 0.179753
1041 0.182792
1042 0.184456
1043 0.164274
1044 0.181318
1045 0.177873
1046 0.155484
1047 0.16204
1048 0.171704
1049 0.169525
1050 0.165186
1051 0.174314
1052 0.171464
1053 0.173712
1054 0.182428
1055 0.175801
1056 0.183044
1057 0.195251
1058 0.207817
1059 0.178605
1060 0.178728
1061 0.176772
1062 0.154922
1063 0.179282
1064 0.172693
1065 0.155229
1066 0.186356
1067 0.175894
1068 0.150755
1069 0.175811
1070 0.16374
1071 0.158394
1072 0.193838
1073 0.167353
1074 0.191101
1075 0.180445
1076 0.163736
1077 0.187498
1078 0.176208
1079 0.17857
1080 0.168603
1081 0.16651
1082 0.196075
1083 0.173351
1084 0.167854
1085 0.188698
1086 0.190551
1087 0.187655
1088 0.161955
1089 0.185291
1090 0.188437
1091 0.169295
1092 0.169218
1093 0.164407
1094 0.187477
1095 0.163622
1096 0.154239
1097 0.17494
1098 0.167235
1099 0.168894
1100 0.183361
1101 0.166674
1102 0.164222
1103 0.199905
1104 0.170538
1105 0.155443
1106 0.178645
1107 0.188185
1108 0.174094
1109 0.181046
1110 0.194689
1111 0.165554
1112 0.183639
1113 0.185084
1114 0.166791
1115 0.162494
1116 0.15286
1117 0.173569
1118 0.16925
1119 0.150076
1120 0.157058
1121 0.153735
1122 0.167588
1123 0.152417
1124 0.147874
1125 0.19412
1126 0.174451
1127 0.191633
1128 0.195899
1129 0.188942
1130 0.204733
1131 0.183512
1132 0.183777
1133 0.186209
1134 0.184144
1135 0.17486
1136 0.1621
1137 0.190192
1138 0.160861
1139 0.177152
1140 0.20011
1141 0.173694
1142 0.196021
1143 0.204406
1144 0.182075
1145 0.174267
1146 0.197238
1147 0.175068
1148 0.1781
1149 0.167922
1150 0.172599
1151 0.204222
1152 0.167485
1153 0.187753
1154 0.186489
1155 0.17665
1156 0.210224
1157 0.176272
1158 0.166323
1159 0.177124
1160 0.179023
1161 0.169021
1162 0.164912
1163 0.187102
1164 0.189001
1165 0.177873
1166 0.157414
1167 0.1843
1168 0.167105
1169 0.158999
1170 0.16351
1171 0.15994
1172 0.174079
1173 0.177518
1174 0.170832
1175 0.18335
1176 0.202035
1177 0.180948
1178 0.170659
1179 0.169254
1180 0.162824
1181 0.161987
1182 0.162176
1183 0.152888
1184 0.166806
1185 0.16642
1186 0.165263
1187 0.161179
1188 0.162748
1189 0.183613
1190 0.163922
1191 0.163281
1192 0.203567
1193 0.172448
1194 0.160134
1195 0.186147
1196 0.170123
1197 0.157483
1198 0.190067
1199 0.174548
1200 0.19265
1201 0.210121
1202 0.183135
1203 0.166735
1204 0.188282
1205 0.172788
1206 0.164408
1207 0.153484
1208 0.168218
1209 0.170814
1210 0.15093
1211 0.162626
1212 0.169696
1213 0.151913
1214 0.165793
1215 0.152837
1216 0.157886
1217 0.165553
1218 0.158884
1219 0.176634
1220 0.16535
1221 0.1802
1222 0.191091
1223 0.185239
1224 0.175105
1225 0.175951
1226 0.159112
1227 0.170954
1228 0.162398
1229 0.156032
1230 0.170736
1231 0.163447
1232 0.168193
1233 0.176515
1234 0.158059
1235 0.170445
1236 0.189743
1237 0.174205
1238 0.203926
1239 0.20404
1240 0.208576
1241 0.185731
1242 0.170866
1243 0.197682
1244 0.164975
1245 0.158427
1246 0.160276
1247 0.161581
1248 0.174933
1249 0.147781
1250 0.164219
1251 0.161821
1252 0.156935
1253 0.159475
1254 0.15643
1255 0.181124
1256 0.191027
1257 0.190287
1258 0.195791
1259 0.168568
1260 0.163329
1261 0.171919
1262 0.164609
1263 0.147829
1264 0.176899
1265 0.177514
1266 0.171575
1267 0.194519
1268 0.186473
1269 0.173208
1270 0.161513
1271 0.166559
1272 0.167755
1273 0.162463
1274 0.18536
1275 0.166129
1276 0.183653
1277 0.203803
1278 0.169309
1279 0.181935
1280 0.199535
1281 0.183777
1282 0.180912
1283 0.169283
1284 0.179033
1285 0.157981
1286 0.166718
1287 0.181172
1288 0.175973
1289 0.176303
1290 0.174848
1291 0.194016
1292 0.167249
1293 0.175254
1294 0.166734
1295 0.162747
1296 0.17553
1297 0.169466
1298 0.174889
1299 0.179468
1300 0.190614
1301 0.16465
1302 0.192955
1303 0.168555
1304 0.161911
1305 0.199433
1306 0.175027
1307 0.168278
1308 0.180649
1309 0.152744
1310 0.147654
1311 0.146891
1312 0.155411
1313 0.145974
1314 0.148647
1315 0.180437
1316 0.163505
1317 0.158625
1318 0.169593
1319 0.189101
1320 0.166131
1321 0.147891
1322 0.163606
1323 0.153451
1324 0.155707
1325 0.154688
1326 0.15526
1327 0.173397
1328 0.168033
1329 0.163926
1330 0.169868
1331 0.172302
1332 0.16921
1333 0.15489
1334 0.174051
1335 0.16748
1336 0.162911
1337 0.157877
1338 0.155026
1339 0.173673
1340 0.161332
1341 0.147505
1342 0.163145
1343 0.182923
1344 0.168203
1345 0.167648
1346 0.206934
1347 0.178566
1348 0.154226
1349 0.200411
1350 0.1741
1351 0.165698
1352 0.176632
1353 0.15997
1354 0.176906
1355 0.175563
1356 0.18058
1357 0.191378
1358 0.176959
1359 0.191876
1360 0.172986
1361 0.160112
1362 0.171359
1363 0.159689
1364 0.159799
1365 0.155271
1366 0.16598
1367 0.163693
1368 0.156042
1369 0.191853
1370 0.166358
1371 0.17344
1372 0.192296
1373 0.178754
1374 0.183568
1375 0.193545
1376 0.188636
1377 0.168297
1378 0.178716
1379 0.173871
1380 0.156412
1381 0.174211
1382 0.17685
1383 0.167924
1384 0.17695
1385 0.207477
1386 0.190511
1387 0.174303
1388 0.204641
1389 0.183938
1390 0.180155
1391 0.200198
1392 0.178426
1393 0.191717
1394 0.172183
1395 0.180743
1396 0.186223
1397 0.162461
1398 0.18533
1399 0.185732
1400 0.171771
1401 0.182823
1402 0.176676
1403 0.151584
1404 0.168675
1405 0.177506
1406 0.158753
1407 0.175295
1408 0.195948
1409 0.175274
1410 0.169262
1411 0.177536
1412 0.193122
1413 0.169018
1414 0.178041
1415 0.179606
1416 0.162416
1417 0.18112
1418 0.170238
1419 0.156791
1420 0.168413
1421 0.181087
1422 0.159102
1423 0.168052
1424 0.188213
1425 0.165725
1426 0.167545
1427 0.172436
1428 0.161601
1429 0.172973
1430 0.157356
1431 0.159147
1432 0.162494
1433 0.164259
1434 0.155108
1435 0.173483
1436 0.194639
1437 0.154617
1438 0.182403
1439 0.180012
1440 0.167991
1441 0.167956
1442 0.162322
1443 0.173472
1444 0.187873
1445 0.158684
1446 0.159795
1447 0.197935
1448 0.182334
1449 0.177072
1450 0.190936
1451 0.20061
1452 0.182378
1453 0.190955
1454 0.194636
1455 0.174607
1456 0.178095
1457 0.160023
1458 0.183095
1459 0.165808
1460 0.1455
1461 0.184903
1462 0.163211
1463 0.175992
1464 0.181965
1465 0.193901
1466 0.194049
1467 0.179872
1468 0.199052
1469 0.174132
1470 0.179351
1471 0.193169
1472 0.154141
1473 0.160068
1474 0.190378
1475 0.172024
1476 0.15561
1477 0.200383
1478 0.19433
1479 0.182828
1480 0.206472
1481 0.204968
1482 0.196976
1483 0.202905
1484 0.194271
1485 0.181976
1486 0.19268
1487 0.181686
1488 0.159161
1489 0.182628
1490 0.177834
1491 0.148308
1492 0.146802
1493 0.166414
1494 0.166372
1495 0.152649
1496 0.160127
1497 0.174856
1498 0.167217
1499 0.169295
1500 0.175637
1501 0.174124
1502 0.168979
1503 0.169887
1504 0.165758
1505 0.180715
1506 0.164659
1507 0.163357
1508 0.165231
1509 0.171084
1510 0.171307
1511 0.158649
1512 0.168516
1513 0.182942
1514 0.18643
1515 0.178984
1516 0.188296
1517 0.187731
1518 0.201452
1519 0.184647
1520 0.171013
1521 0.172376
1522 0.151826
1523 0.146587
1524 0.15282
1525 0.150502
1526 0.136614
1527 0.151985
1528 0.164117
1529 0.157337
1530 0.168031
1531 0.174312
1532 0.174239
1533 0.188373
1534 0.187729
1535 0.180707
1536 0.194509
1537 0.169876
1538 0.166189
1539 0.159381
1540 0.160525
1541 0.167497
1542 0.158646
1543 0.165302
1544 0.167111
1545 0.155376
1546 0.155782
1547 0.158432
1548 0.154406
1549 0.170175
1550 0.173234
1551 0.171221
1552 0.158584
1553 0.171333
1554 0.168381
1555 0.171344
1556 0.162134
1557 0.19004
1558 0.196552
1559 0.183677
1560 0.175316
1561 0.168699
1562 0.167943
1563 0.1683
1564 0.17186
1565 0.171744
1566 0.181013
1567 0.197123
1568 0.181873
1569 0.157049
1570 0.187942
1571 0.169681
1572 0.154751
1573 0.163434
1574 0.163864
1575 0.161407
1576 0.161652
1577 0.162008
1578 0.159293
1579 0.176016
1580 0.184647
1581 0.174153
1582 0.163884
1583 0.163957
1584 0.193998
1585 0.172152
1586 0.145928
1587 0.154244
1588 0.163353
1589 0.163499
1590 0.149553
1591 0.163611
1592 0.183861
1593 0.1684
1594 0.199884
1595 0.185454
1596 0.187594
1597 0.196695
1598 0.187274
1599 0.178729
1600 0.161687
1601 0.181599
1602 0.173355
1603 0.148204
1604 0.175718
1605 0.173636
1606 0.178803
1607 0.188347
1608 0.19549
1609 0.187789
1610 0.195524
1611 0.197461
1612 0.196667
1613 0.176066
1614 0.182494
1615 0.200921
1616 0.181982
1617 0.169974
1618 0.204959
1619 0.192506
1620 0.162174
1621 0.158135
1622 0.154729
1623 0.146129
1624 0.150984
1625 0.157387
1626 0.161866
1627 0.174794
1628 0.186459
1629 0.181237
1630 0.176698
1631 0.188652
1632 0.166345
1633 0.183552
1634 0.192503
1635 0.162222
1636 0.16737
1637 0.195802
1638 0.173528
1639 0.184666
1640 0.185969
1641 0.193974
1642 0.183087
1643 0.176275
1644 0.169398
1645 0.176232
1646 0.156054
1647 0.161179
1648 0.173048
1649 0.151452
1650 0.161012
1651 0.164664
1652 0.15372
1653 0.160602
1654 0.171277
1655 0.151704
1656 0.163905
1657 0.158496
1658 0.144707
1659 0.137656
1660 0.143028
1661 0.135652
1662 0.14195
1663 0.155138
1664 0.146734
1665 0.156328
1666 0.172034
1667 0.162865
1668 0.164029
1669 0.171754
1670 0.162839
1671 0.167306
1672 0.172692
1673 0.158649
1674 0.182915
1675 0.184997
1676 0.195475
1677 0.158037
1678 0.195525
1679 0.183147
1680 0.163703
1681 0.170973
1682 0.181713
1683 0.166651
1684 0.178093
1685 0.18399
1686 0.170928
1687 0.176515
1688 0.159656
1689 0.168255
1690 0.172194
1691 0.159536
1692 0.176703
1693 0.174545
1694 0.171425
1695 0.19521
1696 0.178113
1697 0.183402
1698 0.170078
1699 0.179205
1700 0.195862
1701 0.157859
1702 0.164092
1703 0.173839
1704 0.166797
1705 0.173487
1706 0.170956
1707 0.17728
1708 0.170571
1709 0.176957
1710 0.185719
1711 0.17753
1712 0.166545
1713 0.157489
1714 0.196394
1715 0.157992
1716 0.172566
1717 0.200132
1718 0.162664
1719 0.175909
1720 0.173476
1721 0.177115
1722 0.166263
1723 0.156682
1724 0.189886
1725 0.192587
1726 0.169096
1727 0.169143
1728 0.179609
1729 0.178938
1730 0.156448
1731 0.156513
1732 0.197504
1733 0.175255
1734 0.177058
1735 0.174022
1736 0.180208
1737 0.175393
1738 0.158134
1739 0.159839
1740 0.167785
1741 0.167006
1742 0.175958
1743 0.181899
1744 0.196996
1745 0.176573
1746 0.161455
1747 0.195907
1748 0.157217
1749 0.155795
1750 0.174165
1751 0.175429
1752 0.167154
1753 0.176749
1754 0.179755
1755 0.176975
1756 0.191821
1757 0.172763
1758 0.184478
1759 0.172409
1760 0.187867
1761 0.177423
1762 0.161737
1763 0.157431
1764 0.170241
1765 0.169356
1766 0.159668
1767 0.18014
1768 0.180349
1769 0.171716
1770 0.195837
1771 0.182964
1772 0.146612
1773 0.189857
1774 0.198857
1775 0.17587
1776 0.198726
1777 0.179608
1778 0.210118
1779 0.222452
1780 0.182305
1781 0.206219
1782 0.182608
1783 0.17431
1784 0.192448
1785 0.162899
1786 0.16106
1787 0.164496
1788 0.162596
1789 0.187469
1790 0.174242
1791 0.160045
1792 0.194216
1793 0.168977
1794 0.163204
1795 0.17772
1796 0.169621
1797 0.154139
1798 0.152677
1799 0.168835
1800 0.164232
1801 0.154303
1802 0.149491
1803 0.172297
1804 0.180877
1805 0.156529
1806 0.172797
1807 0.169847
1808 0.150748
1809 0.182688
1810 0.171733
1811 0.162572
1812 0.190517
1813 0.173517
1814 0.180428
1815 0.187441
1816 0.175336
1817 0.189147
1818 0.168785
1819 0.183773
1820 0.188179
1821 0.170061
1822 0.167367
1823 0.173893
1824 0.189101
1825 0.163884
1826 0.173178
1827 0.17987
1828 0.178019
1829 0.175536
1830 0.173572
1831 0.169493
1832 0.150758
1833 0.152213
1834 0.159398
1835 0.153628
1836 0.145972
1837 0.176345
1838 0.173132
1839 0.159757
1840 0.20055
1841 0.172747
1842 0.183538
1843 0.181434
1844 0.165848
1845 0.170902
1846 0.16979
1847 0.180338
1848 0.190328
1849 0.169734
1850 0.163492
1851 0.176311
1852 0.17505
1853 0.154592
1854 0.15386
1855 0.180958
1856 0.164555
1857 0.173106
1858 0.178142
1859 0.159453
1860 0.168675
1861 0.180455
1862 0.161703
1863 0.154314
1864 0.175644
1865 0.168717
1866 0.165962
1867 0.184591
1868 0.188113
1869 0.182247
1870 0.186384
1871 0.185164
1872 0.208298
1873 0.186972
1874 0.157113
1875 0.184179
1876 0.179617
1877 0.161642
1878 0.179047
1879 0.195827
1880 0.166567
1881 0.169266
1882 0.186264
1883 0.173326
1884 0.164081
1885 0.181801
1886 0.170398
1887 0.180395
1888 0.1918
1889 0.160561
1890 0.163513
1891 0.194823
1892 0.176211
1893 0.171779
1894 0.177009
1895 0.1788
1896 0.193973
1897 0.1757
1898 0.167499
1899 0.180395
1900 0.153637
1901 0.156102
1902 0.170933
1903 0.166158
1904 0.162102
1905 0.168404
1906 0.171691
1907 0.179014
1908 0.156814
1909 0.152924
1910 0.154187
1911 0.163469
1912 0.159483
1913 0.156022
1914 0.168239
1915 0.168546
1916 0.186035
1917 0.167369
1918 0.155202
1919 0.177812
1920 0.180666
1921 0.15555
1922 0.158581
1923 0.178435
1924 0.1724
1925 0.16968
1926 0.183796
1927 0.184297
1928 0.18056
1929 0.181537
1930 0.17311
1931 0.179959
1932 0.16466
1933 0.154934
1934 0.174027
1935 0.16053
1936 0.168706
1937 0.180594
1938 0.188426
1939 0.185277
1940 0.186016
1941 0.192145
1942 0.167782
1943 0.175902
1944 0.16399
1945 0.147222
1946 0.169452
1947 0.162065
1948 0.155169
1949 0.165514
1950 0.168228
1951 0.166312
1952 0.174494
1953 0.15316
1954 0.156605
1955 0.179286
1956 0.162497
1957 0.181755
1958 0.163898
1959 0.1648
1960 0.176018
1961 0.163873
1962 0.179797
1963 0.178532
1964 0.178685
1965 0.175225
1966 0.173824
1967 0.178805
1968 0.186308
1969 0.170228
1970 0.175
1971 0.166909
1972 0.16996
1973 0.169637
1974 0.152532
1975 0.168682
1976 0.171854
1977 0.17204
1978 0.189595
1979 0.175836
1980 0.179845
1981 0.202367
1982 0.18211
1983 0.186708
1984 0.203666
1985 0.188234
1986 0.202364
1987 0.179782
1988 0.162566
1989 0.172476
1990 0.171264
1991 0.169859
1992 0.16365
1993 0.175447
1994 0.162153
1995 0.1575
1996 0.168483
1997 0.166956
1998 0.146059
1999 0.176996
2000 0.181468
2001 0.15048
2002 0.177805
2003 0.152583
2004 0.175735
2005 0.177401
2006 0.173954
2007 0.18343
2008 0.2066
2009 0.197524
2010 0.173047
2011 0.179488
2012 0.170875
2013 0.161052
2014 0.1508
2015 0.165195
2016 0.169447
2017 0.170831
2018 0.181033
2019 0.185429
2020 0.193736
2021 0.167826
2022 0.177733
2023 0.177635
2024 0.157229
2025 0.177349
2026 0.165091
2027 0.156014
2028 0.16851
2029 0.176678
2030 0.160785
2031 0.172119
2032 0.190582
2033 0.169001
2034 0.186225
2035 0.189978
2036 0.171256
2037 0.184056
2038 0.171023
2039 0.169973
2040 0.187604
2041 0.181646
2042 0.187812
2043 0.187546
2044 0.187193
2045 0.201207
2046 0.200842
2047 0.195314
2048 0.183092
2049 0.167862
2050 0.190612
2051 0.163285
2052 0.14379
2053 0.149983
2054 0.154787
2055 0.151023
2056 0.165796
2057 0.178903
2058 0.188491
2059 0.193339
2060 0.212186
2061 0.208418
2062 0.181712
2063 0.188281
2064 0.204829
2065 0.194606
2066 0.190072
2067 0.184187
2068 0.179859
2069 0.190808
2070 0.176558
2071 0.154066
2072 0.155951
2073 0.175103
2074 0.162054
2075 0.16633
2076 0.180698
2077 0.17766
2078 0.18138
2079 0.189177
2080 0.180866
2081 0.177248
2082 0.172819
2083 0.182403
2084 0.192146
2085 0.17503
2086 0.180161
2087 0.194977
2088 0.176389
2089 0.166026
2090 0.167923
2091 0.155207
2092 0.142364
2093 0.143327
2094 0.147845
2095 0.151593
2096 0.145135
2097 0.178398
2098 0.194917
2099 0
