0 -0.954181
1 -0.382348
2 -0.129181
3 -0.120319
4 -0.11009
5 -0.0586955
6 0.0294633
7 0.0784084
8 0.119389
9 0.130157
10 0.171834
11 0.215246
12 0.0581732
13 0.0788567
14 0.0260452
15 -0.0928137
16 0.0634907
17 0.0850508
18 0.0373958
19 0.11783
20 0.179374
21 0.125027
22 0.159345
23 0.185826
24 0.164625
25 0.159672
26 0.17164
27 0.17133
28 0.172543
29 0.165507
30 0.178418
31 0.174727
32 0.194168
33 0.193354
34 0.180554
35 0.173365
36 0.184662
37 0.188484
38 0.189451
39 0.184593
40 0.167586
41 0.175029
42 0.185209
43 0.16787
44 0.166707
45 0.178298
46 0.172292
47 0.185447
48 0.184934
49 0.186201
50 0.172561
51 0.163764
52 0.169292
53 0.183831
54 0.185577
55 0.185898
56 0.181678
57 0.191821
58 0.174601
59 0.188008
60 0.187575
61 0.190951
62 0.171595
63 0.176058
64 0.184655
65 0.170487
66 0.161643
67 0.181127
68 0.184371
69 0.175187
70 0.173287
71 0.187153
72 0.193043
73 0.173182
74 0.182368
75 0.180683
76 0.171394
77 0.17585
78 0.187754
79 0.178795
80 0.165459
81 0.175236
82 0.179234
83 0.187046
84 0.189319
85 0.186825
86 0.192301
87 0.189191
88 0.170977
89 0.185141
90 0.197659
91 0.176213
92 0.172687
93 0.180761
94 0.169156
95 0.178413
96 0.174742
97 0.18545
98 0.17559
99 0.181627
100 0.171016
101 0.17019
102 0.180552
103 0.172304
104 0.18849
105 0.197839
106 0.175467
107 0.173484
108 0.189109
109 0.196765
110 0.17308
111 0.168906
112 0.174919
113 0.171202
114 0.176667
115 0.187929
116 0.167493
117 0.173606
118 0.189536
119 0.186189
120 0.162455
121 0.164581
122 0.165959
123 0.165856
124 0.159996
125 0.182812
126 0.184288
127 0.180731
128 0.184551
129 0.179824
130 0.166905
131 0.181447
132 0.170828
133 0.181021
134 0.171473
135 0.161943
136 0.160648
137 0.172003
138 0.179698
139 0.186155
140 0.175133
141 0.168607
142 0.184531
143 0.18982
144 0.168529
145 0.183415
146 0.189317
147 0.183305
148 0.174791
149 0.187715
150 0.196308
151 0.183732
152 0.174614
153 0.185321
154 0.19402
155 0.181151
156 0.18707
157 0.192636
158 0.17196
159 0.170256
160 0.169256
161 0.171311
162 0.165988
163 0.167641
164 0.181174
165 0.16587
166 0.160201
167 0.182175
168 0.170009
169 0.176998
170 0.175307
171 0.18667
172 0.166806
173 0.187256
174 0.177541
175 0.162823
176 0.171966
177 0.175768
178 0.181478
179 0.176548
180 0.181953
181 0.179384
182 0.172945
183 0.176604
184 0.170647
185 0.16365
186 0.176646
187 0.167888
188 0.183114
189 0.166041
190 0.160473
191 0.180394
192 0.178045
193 0.163064
194 0.167407
195 0.171736
196 0.168925
197 0.179631
198 0.195802
199 0.196121
200 0.186046
201 0.181423
202 0.177575
203 0.164308
204 0.175702
205 0.184046
206 0.185671
207 0.173921
208 0.180819
209 0.178014
210 0.168464
211 0.170777
212 0.183232
213 0.170204
214 0.184915
215 0.170413
216 0.174175
217 0.190768
218 0.17607
219 0.188175
220 0.195832
221 0.178925
222 0.162795
223 0.183558
224 0.173563
225 0.159913
226 0.179055
227 0.184103
228 0.192624
229 0.178409
230 0.172466
231 0.163397
232 0.181166
233 0.184884
234 0.180827
235 0.175283
236 0.181175
237 0.177094
238 0.183192
239 0.180554
240 0.167445
241 0.168207
242 0.167493
243 0.1827
244 0.181655
245 0.177127
246 0.178204
247 0.162811
248 0.174666
249 0.18431
250 0.190719
251 0.191507
252 0.180483
253 0.189925
254 0.178139
255 0.18201
256 0.172828
257 0.168459
258 0.176133
259 0.1692
260 0.185219
261 0.180069
262 0.171049
263 0.172219
264 0.175666
265 0.184816
266 0.18731
267 0.190003
268 0.178904
269 0.17967
270 0.188023
271 0.182072
272 0.184549
273 0.170984
274 0.173353
275 0.172098
276 0.184574
277 0.177383
278 0.165419
279 0.160561
280 0.160941
281 0.178682
282 0.181972
283 0.184797
284 0.183975
285 0.170567
286 0.182998
287 0.196697
288 0.173944
289 0.172974
290 0.162332
291 0.184477
292 0.177798
293 0.167951
294 0.165536
295 0.166001
296 0.167781
297 0.176802
298 0.183849
299 0.173637
300 0.175585
301 0.189711
302 0.177537
303 0.182251
304 0.162322
305 0.187678
306 0.187992
307 0.184576
308 0.172246
309 0.176512
310 0.170832
311 0.170858
312 0.180732
313 0.170026
314 0.167252
315 0.174555
316 0.184496
317 0.168134
318 0.167882
319 0.183525
320 0.184539
321 0.183735
322 0.17709
323 0.167149
324 0.187955
325 0.180775
326 0.176108
327 0.164547
328 0.161703
329 0.168701
330 0.165709
331 0.193446
332 0.171936
333 0.162453
334 0.177361
335 0.165741
336 0.179687
337 0.183099
338 0.189002
339 0.194346
340 0.177877
341 0.178113
342 0.183281
343 0.18591
344 0.173095
345 0.161834
346 0.16535
347 0.180707
348 0.190658
349 0.180541
350 0.177509
351 0.165756
352 0.168463
353 0.184063
354 0.177833
355 0.185424
356 0.171628
357 0.188131
358 0.179278
359 0.18624
360 0.175596
361 0.191026
362 0.168648
363 0.167286
364 0.18273
365 0.189121
366 0.167789
367 0.158045
368 0.165109
369 0.165744
370 0.164154
371 0.17714
372 0.171373
373 0.166941
374 0.180116
375 0.187875
376 0.197269
377 0.171163
378 0.165181
379 0.170773
380 0.193825
381 0.170828
382 0.168915
383 0.181252
384 0.170627
385 0.178707
386 0.179362
387 0.181444
388 0.167571
389 0.165256
390 0.18099
391 0.171977
392 0.185092
393 0.195599
394 0.17476
395 0.163186
396 0.163519
397 0.187516
398 0.174089
399 0.160361
400 0.172978
401 0.171674
402 0.177966
403 0.173284
404 0.190104
405 0.189705
406 0.182142
407 0.176756
408 0.171952
409 0.168912
410 0.193536
411 0.175139
412 0.172504
413 0.16738
414 0.179607
415 0.173725
416 0.174681
417 0.169022
418 0.184813
419 0.18519
420 0.175886
421 0.189941
422 0.172046
423 0.189297
424 0.181019
425 0.169025
426 0.164052
427 0.178105
428 0.182316
429 0.196071
430 0.180003
431 0.184041
432 0.179947
433 0.194446
434 0.194848
435 0.181637
436 0.167495
437 0.18634
438 0.183745
439 0.182828
440 0.169937
441 0.163464
442 0.169133
443 0.1734
444 0.184118
445 0.16722
446 0.178853
447 0.181022
448 0.179146
449 0.166144
450 0.178848
451 0.191507
452 0.18762
453 0.167799
454 0.159911
455 0.183135
456 0.186898
457 0.16498
458 0.179108
459 0.176804
460 0.179388
461 0.170428
462 0.16033
463 0.18118
464 0.185645
465 0.177577
466 0.181306
467 0.162638
468 0.181722
469 0.175426
470 0.169632
471 0.169881
472 0.171115
473 0.186605
474 0.171284
475 0.18256
476 0.182562
477 0.19017
478 0.196153
479 0.172977
480 0.160457
481 0.182171
482 0.177952
483 0.177271
484 0.167789
485 0.163431
486 0.189267
487 0.171968
488 0.174164
489 0.167716
490 0.187745
491 0.185026
492 0.180464
493 0.166323
494 0.189356
495 0.177894
496 0.183953
497 0.186426
498 0.176026
499 0.185792
500 0.192234
501 0.174147
502 0.188561
503 0.175738
504 0.172455
505 0.165882
506 0.162637
507 0.184831
508 0.174111
509 0.164847
510 0.16447
511 0.177315
512 0.188943
513 0.171339
514 0.171183
515 0.178638
516 0.172269
517 0.177867
518 0.177682
519 0.18307
520 0.182954
521 0.186017
522 0.172165
523 0.179352
524 0.179103
525 0.165001
526 0.176026
527 0.180542
528 0.172747
529 0.161626
530 0.181856
531 0.182072
532 0.182328
533 0.166692
534 0.184244
535 0.202021
536 0.175221
537 0.16297
538 0.183083
539 0.183077
540 0.175508
541 0.174371
542 0.175102
543 0.159782
544 0.182049
545 0.186036
546 0.179798
547 0.175263
548 0.189502
549 0.195854
550 0.176651
551 0.165684
552 0.183337
553 0.174147
554 0.194691
555 0.186501
556 0.179483
557 0.178541
558 0.18682
559 0.179264
560 0.178615
561 0.16755
562 0.19159
563 0.180125
564 0.180028
565 0.19208
566 0.193353
567 0.192446
568 0.174763
569 0.163831
570 0.183553
571 0.196631
572 0.192446
573 0.171788
574 0.173284
575 0.16849
576 0.173237
577 0.18063
578 0.193212
579 0.192525
580 0.173667
581 0.161109
582 0.183361
583 0.193058
584 0.18458
585 0.174106
586 0.175651
587 0.190412
588 0.176389
589 0.172857
590 0.167183
591 0.176113
592 0.189569
593 0.178178
594 0.168215
595 0.171811
596 0.191947
597 0.182482
598 0.175492
599 0.172184
600 0.160339
601 0.168153
602 0.165336
603 0.164231
604 0.177628
605 0.174612
606 0.183813
607 0.180087
608 0.179254
609 0.183366
610 0.183513
611 0.183187
612 0.177596
613 0.170916
614 0.188358
615 0.172438
616 0.172725
617 0.18124
618 0.171179
619 0.174857
620 0.177233
621 0.175947
622 0.187452
623 0.16964
624 0.16268
625 0.171692
626 0.177373
627 0.175103
628 0.18232
629 0.18231
630 0.163111
631 0.177651
632 0.166299
633 0.159949
634 0.165564
635 0.174721
636 0.166219
637 0.172146
638 0.179432
639 0.181545
640 0.17847
641 0.189912
642 0.1796
643 0.176029
644 0.16997
645 0.167723
646 0.175336
647 0.187815
648 0.173529
649 0.176723
650 0.169039
651 0.179225
652 0.180791
653 0.186322
654 0.177173
655 0.183599
656 0.174653
657 0.19286
658 0.17516
659 0.18624
660 0.187868
661 0.18856
662 0.1914
663 0.17247
664 0.180499
665 0.17817
666 0.190042
667 0.175118
668 0.190724
669 0.188897
670 0.192043
671 0.184939
672 0.173299
673 0.181552
674 0.185493
675 0.176769
676 0.188589
677 0.169445
678 0.166864
679 0.165529
680 0.168437
681 0.187041
682 0.175637
683 0.17776
684 0.192277
685 0.185236
686 0.182201
687 0.17042
688 0.167337
689 0.186587
690 0.185802
691 0.179834
692 0.166989
693 0.16541
694 0.164497
695 0.17312
696 0.187073
697 0.180753
698 0.183114
699 0.173844
700 0.178805
701 0.178434
702 0.188601
703 0.164375
704 0.175596
705 0.180723
706 0.17611
707 0.17044
708 0.164478
709 0.184834
710 0.169654
711 0.188715
712 0.186679
713 0.187635
714 0.172859
715 0.164834
716 0.179524
717 0.196221
718 0.187637
719 0.171253
720 0.171209
721 0.166441
722 0.168773
723 0.173672
724 0.167211
725 0.173066
726 0.184702
727 0.189365
728 0.174962
729 0.165493
730 0.184287
731 0.190621
732 0.181849
733 0.178725
734 0.189785
735 0.188838
736 0.194685
737 0.174113
738 0.180479
739 0.189211
740 0.189152
741 0.18133
742 0.182571
743 0.182987
744 0.197298
745 0.169697
746 0.181263
747 0.182653
748 0.17389
749 0.160646
750 0.177259
751 0.176125
752 0.173752
753 0.172389
754 0.174885
755 0.169967
756 0.186291
757 0.180122
758 0.170126
759 0.168954
760 0.17869
761 0.18844
762 0.170687
763 0.165845
764 0.166398
765 0.174414
766 0.18233
767 0.185675
768 0.170722
769 0.166917
770 0.177064
771 0.167267
772 0.175142
773 0.183034
774 0.192989
775 0.18827
776 0.18176
777 0.175703
778 0.173994
779 0.168973
780 0.175825
781 0.187494
782 0.181639
783 0.180464
784 0.165257
785 0.157266
786 0.174404
787 0.18378
788 0.178508
789 0.186913
790 0.180976
791 0.19246
792 0.178388
793 0.163297
794 0.162574
795 0.168445
796 0.18094
797 0.189271
798 0.16501
799 0.163441
800 0.181042
801 0.173068
802 0.173028
803 0.174334
804 0.178639
805 0.175725
806 0.174989
807 0.165557
808 0.187561
809 0.174047
810 0.185124
811 0.191683
812 0.180776
813 0.167292
814 0.185402
815 0.191304
816 0.194053
817 0.181461
818 0.171177
819 0.170532
820 0.189212
821 0.182971
822 0.187729
823 0.174309
824 0.166973
825 0.163129
826 0.163413
827 0.169108
828 0.173872
829 0.183447
830 0.183629
831 0.183962
832 0.186947
833 0.185592
834 0.19311
835 0.183988
836 0.189263
837 0.179641
838 0.163674
839 0.166755
840 0.162888
841 0.185093
842 0.199565
843 0.194203
844 0.172327
845 0.178558
846 0.168473
847 0.186939
848 0.173394
849 0.16399
850 0.164449
851 0.181264
852 0.184177
853 0.183095
854 0.166152
855 0.184203
856 0.174461
857 0.167625
858 0.159313
859 0.175628
860 0.174346
861 0.187785
862 0.177695
863 0.18751
864 0.186584
865 0.179224
866 0.168448
867 0.164429
868 0.174669
869 0.187299
870 0.186625
871 0.192348
872 0.177518
873 0.174522
874 0.190574
875 0.190858
876 0.174183
877 0.167195
878 0.178425
879 0.170812
880 0.191573
881 0.170692
882 0.166818
883 0.180587
884 0.173708
885 0.178879
886 0.184115
887 0.18159
888 0.186883
889 0.191799
890 0.168969
891 0.182932
892 0.167511
893 0.186901
894 0.185644
895 0.182187
896 0.172771
897 0.168135
898 0.186917
899 0.200212
900 0.176172
901 0.181979
902 0.183645
903 0.178092
904 0.167338
905 0.163863
906 0.164844
907 0.165722
908 0.162776
909 0.180847
910 0.169078
911 0.185055
912 0.166127
913 0.180886
914 0.169112
915 0.166699
916 0.173473
917 0.183024
918 0.18487
919 0.16699
920 0.166297
921 0.175834
922 0.174172
923 0.164083
924 0.161568
925 0.161156
926 0.185926
927 0.190951
928 0.178826
929 0.182826
930 0.174436
931 0.186004
932 0.187182
933 0.185299
934 0.191542
935 0.174107
936 0.176049
937 0.162714
938 0.181521
939 0.191172
940 0.191008
941 0.187753
942 0.170675
943 0.183769
944 0.175428
945 0.189713
946 0.191464
947 0.177688
948 0.170832
949 0.181058
950 0.184537
951 0.181126
952 0.166095
953 0.192534
954 0.177293
955 0.172178
956 0.166704
957 0.185995
958 0.183144
959 0.178039
960 0.174751
961 0.183362
962 0.183549
963 0.177587
964 0.168377
965 0.183241
966 0.178697
967 0.169282
968 0.166295
969 0.163109
970 0.162294
971 0.186919
972 0.194827
973 0.176125
974 0.175336
975 0.170773
976 0.18056
977 0.192191
978 0.191745
979 0.179505
980 0.172212
981 0.171822
982 0.167167
983 0.169821
984 0.186714
985 0.183763
986 0.192846
987 0.18416
988 0.18242
989 0.173768
990 0.172301
991 0.1944
992 0.192716
993 0.189003
994 0.177163
995 0.166511
996 0.181271
997 0.174514
998 0.192017
999 0.184127
1000 0.173507
1001 0.166909
1002 0.184482
1003 0.189466
1004 0.193202
1005 0.186831
1006 0.172179
1007 0.162607
1008 0.176863
1009 0.181497
1010 0.194813
1011 0.195514
1012 0.177805
1013 0.186415
1014 0.165887
1015 0.169854
1016 0.175583
1017 0.170822
1018 0.171586
1019 0.177327
1020 0.187276
1021 0.182893
1022 0.161646
1023 0.16825
1024 0.18124
1025 0.193129
1026 0.192426
1027 0.18065
1028 0.16511
1029 0.182197
1030 0.18293
1031 0.182843
1032 0.18854
1033 0.192436
1034 0.190719
1035 0.187748
1036 0.170418
1037 0.190663
1038 0.193211
1039 0.180989
1040 0.172038
1041 0.1877
1042 0.168547
1043 0.184868
1044 0.164995
1045 0.1628
1046 0.162985
1047 0.164343
1048 0.16837
1049 0.185842
1050 0.184606
1051 0.169863
1052 0.162453
1053 0.165185
1054 0.177206
1055 0.174079
1056 0.183211
1057 0.18351
1058 0.171435
1059 0.176639
1060 0.17296
1061 0.173576
1062 0.168862
1063 0.177098
1064 0.181024
1065 0.190157
1066 0.187226
1067 0.171629
1068 0.17776
1069 0.177641
1070 0.16675
1071 0.179182
1072 0.185062
1073 0.181403
1074 0.173995
1075 0.167712
1076 0.163897
1077 0.180066
1078 0.163234
1079 0.176223
1080 0.165549
1081 0.165831
1082 0.163124
1083 0.187157
1084 0.173378
1085 0.188173
1086 0.178474
1087 0.180898
1088 0.187506
1089 0.192175
1090 0.166261
1091 0.179554
1092 0.168391
1093 0.186046
1094 0.181839
1095 0.170933
1096 0.180132
1097 0.181732
1098 0.173657
1099 0.167647
1100 0.16502
1101 0.167611
1102 0.165391
1103 0.163047
1104 0.177156
1105 0.193907
1106 0.191824
1107 0.172955
1108 0.170187
1109 0.170815
1110 0.182482
1111 0.194629
1112 0.186216
1113 0.162763
1114 0.17808
1115 0.191601
1116 0.189419
1117 0.171906
1118 0.184208
1119 0.190773
1120 0.182007
1121 0.191068
1122 0.179076
1123 0.189969
1124 0.192474
1125 0.192614
1126 0.193831
1127 0.169845
1128 0.186754
1129 0.182239
1130 0.185265
1131 0.168275
1132 0.183361
1133 0.186258
1134 0.16845
1135 0.162158
1136 0.159947
1137 0.176697
1138 0.165803
1139 0.18242
1140 0.183475
1141 0.188734
1142 0.182236
1143 0.175419
1144 0.178569
1145 0.183983
1146 0.195752
1147 0.179099
1148 0.189473
1149 0.172788
1150 0.164353
1151 0.179131
1152 0.192235
1153 0.193241
1154 0.194702
1155 0.183145
1156 0.191562
1157 0.200531
1158 0.17633
1159 0.175542
1160 0.165156
1161 0.172696
1162 0.165924
1163 0.162965
1164 0.171958
1165 0.166686
1166 0.173102
1167 0.182444
1168 0.194316
1169 0.179042
1170 0.179904
1171 0.169107
1172 0.164896
1173 0.188378
1174 0.191678
1175 0.184421
1176 0.171888
1177 0.186044
1178 0.197064
1179 0.187925
1180 0.183895
1181 0.173788
1182 0.178775
1183 0.175847
1184 0.163609
1185 0.17391
1186 0.174462
1187 0.189746
1188 0.182504
1189 0.19172
1190 0.186284
1191 0.181175
1192 0.18404
1193 0.179894
1194 0.17292
1195 0.18302
1196 0.191981
1197 0.174434
1198 0.177149
1199 0.173368
1200 0.186144
1201 0.186756
1202 0.1775
1203 0.176392
1204 0.166445
1205 0.160463
1206 0.180285
1207 0.175042
1208 0.185034
1209 0.183327
1210 0.170805
1211 0.170093
1212 0.184354
1213 0.191891
1214 0.167929
1215 0.173883
1216 0.181416
1217 0.177979
1218 0.166008
1219 0.164257
1220 0.173566
1221 0.178124
1222 0.185969
1223 0.174499
1224 0.163829
1225 0.158295
1226 0.174717
1227 0.167989
1228 0.167444
1229 0.1691
1230 0.178294
1231 0.187974
1232 0.181835
1233 0.188831
1234 0.18156
1235 0.167978
1236 0.175956
1237 0.171488
1238 0.168362
1239 0.178267
1240 0.180557
1241 0.176692
1242 0.16609
1243 0.171987
1244 0.190586
1245 0.191796
1246 0.183031
1247 0.176214
1248 0.182894
1249 0.179748
1250 0.19147
1251 0.18381
1252 0.191029
1253 0.172011
1254 0.183797
1255 0.177178
1256 0.187415
1257 0.172801
1258 0.175476
1259 0.175262
1260 0.162819
1261 0.164305
1262 0.181965
1263 0.17065
1264 0.173423
1265 0.173598
1266 0.183955
1267 0.186174
1268 0.172823
1269 0.169829
1270 0.170262
1271 0.164029
1272 0.186348
1273 0.179726
1274 0.171204
1275 0.185136
1276 0.165036
1277 0.172587
1278 0.188119
1279 0.187688
1280 0.173149
1281 0.184141
1282 0.189804
1283 0.179353
1284 0.171352
1285 0.171014
1286 0.171834
1287 0.172963
1288 0.187108
1289 0.182388
1290 0.172264
1291 0.169213
1292 0.18128
1293 0.172415
1294 0.183414
1295 0.169309
1296 0.18085
1297 0.176867
1298 0.189876
1299 0.188
1300 0.175143
1301 0.187748
1302 0.170475
1303 0.172283
1304 0.167693
1305 0.174262
1306 0.181854
1307 0.177562
1308 0.187343
1309 0.179835
1310 0.171869
1311 0.162508
1312 0.17374
1313 0.167626
1314 0.164437
1315 0.167726
1316 0.18806
1317 0.185579
1318 0.171151
1319 0.167025
1320 0.165853
1321 0.18834
1322 0.192573
1323 0.187611
1324 0.175711
1325 0.164146
1326 0.168779
1327 0.175108
1328 0.180826
1329 0.187301
1330 0.183104
1331 0.185649
1332 0.188841
1333 0.179009
1334 0.175217
1335 0.18914
1336 0.196658
1337 0.169248
1338 0.168734
1339 0.169926
1340 0.184737
1341 0.195477
1342 0.181776
1343 0.172405
1344 0.181755
1345 0.180642
1346 0.178917
1347 0.17138
1348 0.177221
1349 0.184091
1350 0.170411
1351 0.177977
1352 0.172447
1353 0.173774
1354 0.188644
1355 0.178668
1356 0.183672
1357 0.187532
1358 0.18571
1359 0.17539
1360 0.17392
1361 0.179025
1362 0.186804
1363 0.17518
1364 0.17892
1365 0.170831
1366 0.178644
1367 0.17413
1368 0.165593
1369 0.187527
1370 0.168332
1371 0.185121
1372 0.179554
1373 0.187644
1374 0.177406
1375 0.180955
1376 0.17073
1377 0.164606
1378 0.161856
1379 0.177308
1380 0.181415
1381 0.179517
1382 0.187463
1383 0.172605
1384 0.165193
1385 0.179436
1386 0.193415
1387 0.178304
1388 0.182366
1389 0.161001
1390 0.173801
1391 0.174963
1392 0.188866
1393 0.190698
1394 0.17637
1395 0.168355
1396 0.170768
1397 0.183886
1398 0.184405
1399 0.183194
1400 0.168261
1401 0.184892
1402 0.172973
1403 0.165323
1404 0.16209
1405 0.17248
1406 0.16393
1407 0.169947
1408 0.183944
1409 0.19164
1410 0.181042
1411 0.183589
1412 0.168188
1413 0.18587
1414 0.174975
1415 0.191728
1416 0.189367
1417 0.183349
1418 0.187121
1419 0.173502
1420 0.169253
1421 0.185763
1422 0.187167
1423 0.173379
1424 0.159089
1425 0.166237
1426 0.190436
1427 0.181046
1428 0.172712
1429 0.183928
1430 0.174547
1431 0.171077
1432 0.165317
1433 0.175969
1434 0.189795
1435 0.186899
1436 0.191603
1437 0.185538
1438 0.180947
1439 0.167689
1440 0.172312
1441 0.175376
1442 0.186221
1443 0.18334
1444 0.169662
1445 0.160297
1446 0.184666
1447 0.19292
1448 0.176723
1449 0.170148
1450 0.169046
1451 0.185896
1452 0.190493
1453 0.188959
1454 0.179328
1455 0.166356
1456 0.165776
1457 0.172893
1458 0.1711
1459 0.175055
1460 0.182579
1461 0.186756
1462 0.180966
1463 0.1843
1464 0.182269
1465 0.175898
1466 0.162261
1467 0.17615
1468 0.190916
1469 0.174292
1470 0.16575
1471 0.17385
1472 0.170191
1473 0.187178
1474 0.170122
1475 0.167781
1476 0.169131
1477 0.180504
1478 0.189862
1479 0.18985
1480 0.163346
1481 0.174435
1482 0.169012
1483 0.172211
1484 0.178859
1485 0.170534
1486 0.178673
1487 0.170624
1488 0.19266
1489 0.177704
1490 0.16396
1491 0.175486
1492 0.178361
1493 0.169284
1494 0.173447
1495 0.170357
1496 0.185009
1497 0.195363
1498 0.171927
1499 0.165669
1500 0.161765
1501 0.184234
1502 0.185322
1503 0.171561
1504 0.175024
1505 0.185414
1506 0.184067
1507 0.189488
1508 0.19528
1509 0.17715
1510 0.188012
1511 0.187639
1512 0.186962
1513 0.185984
1514 0.185649
1515 0.177513
1516 0.171577
1517 0.182287
1518 0.189978
1519 0.173199
1520 0.1629
1521 0.180343
1522 0.167405
1523 0.168855
1524 0.186073
1525 0.172425
1526 0.183198
1527 0.189626
1528 0.175956
1529 0.174914
1530 0.17634
1531 0.176643
1532 0.167282
1533 0.172807
1534 0.180073
1535 0.175391
1536 0.174096
1537 0.192647
1538 0.189852
1539 0.174792
1540 0.177652
1541 0.183262
1542 0.172762
1543 0.172483
1544 0.184298
1545 0.167767
1546 0.170831
1547 0.182563
1548 0.172191
1549 0.172686
1550 0.179252
1551 0.178506
1552 0.165216
1553 0.161169
1554 0.180729
1555 0.177292
1556 0.172437
1557 0.167221
1558 0.17207
1559 0.191301
1560 0.179723
1561 0.170894
1562 0.162246
1563 0.175379
1564 0.172495
1565 0.171126
1566 0.18286
1567 0.191651
1568 0.172686
1569 0.167714
1570 0.189444
1571 0.167719
1572 0.175645
1573 0.187127
1574 0.189945
1575 0.183405
1576 0.179059
1577 0.18251
1578 0.180917
1579 0.188255
1580 0.186214
1581 0.171832
1582 0.179581
1583 0.175415
1584 0.18539
1585 0.179804
1586 0.193917
1587 0.176393
1588 0.176404
1589 0.180316
1590 0.182875
1591 0.174056
1592 0.167343
1593 0.180317
1594 0.175145
1595 0.185069
1596 0.175093
1597 0.194703
1598 0.17204
1599 0.165553
1600 0.179913
1601 0.16867
1602 0.191041
1603 0.175335
1604 0.168352
1605 0.160437
1606 0.164463
1607 0.169777
1608 0.173266
1609 0.176789
1610 0.16809
1611 0.16325
1612 0.185603
1613 0.181869
1614 0.176412
1615 0.185897
1616 0.179373
1617 0.179823
1618 0.168069
1619 0.174553
1620 0.167593
1621 0.160128
1622 0.16793
1623 0.170366
1624 0.187246
1625 0.178373
1626 0.179976
1627 0.197599
1628 0.168788
1629 0.172934
1630 0.186286
1631 0.197527
1632 0.187447
1633 0.188804
1634 0.174258
1635 0.164612
1636 0.162059
1637 0.16353
1638 0.168739
1639 0.179255
1640 0.176487
1641 0.174103
1642 0.188512
1643 0.194846
1644 0.185237
1645 0.172794
1646 0.175417
1647 0.180616
1648 0.17649
1649 0.166942
1650 0.181447
1651 0.191762
1652 0.185277
1653 0.191665
1654 0.199521
1655 0.177195
1656 0.18356
1657 0.19038
1658 0.193229
1659 0.190937
1660 0.175023
1661 0.176483
1662 0.163761
1663 0.185727
1664 0.18161
1665 0.178147
1666 0.165489
1667 0.181204
1668 0.188453
1669 0.183077
1670 0.187715
1671 0.180302
1672 0.185729
1673 0.177954
1674 0.185489
1675 0.193502
1676 0.180662
1677 0.16512
1678 0.162443
1679 0.183706
1680 0.186169
1681 0.165058
1682 0.159278
1683 0.165281
1684 0.189529
1685 0.190022
1686 0.184334
1687 0.184059
1688 0.182179
1689 0.184927
1690 0.188922
1691 0.177113
1692 0.181394
1693 0.187871
1694 0.182534
1695 0.189333
1696 0.188945
1697 0.169528
1698 0.176772
1699 0.181485
1700 0.169037
1701 0.172735
1702 0.184493
1703 0.188459
1704 0.179036
1705 0.166822
1706 0.158619
1707 0.184397
1708 0.177179
1709 0.186452
1710 0.188239
1711 0.168704
1712 0.175172
1713 0.185686
1714 0.181588
1715 0.184224
1716 0.189078
1717 0.192376
1718 0.17393
1719 0.189568
1720 0.175468
1721 0.164347
1722 0.160469
1723 0.180105
1724 0.192461
1725 0.186617
1726 0.177567
1727 0.189523
1728 0.1889
1729 0.17933
1730 0.179547
1731 0.18999
1732 0.179792
1733 0.175891
1734 0.173282
1735 0.192382
1736 0.194693
1737 0.183888
1738 0.191471
1739 0.181802
1740 0.170184
1741 0.159628
1742 0.173026
1743 0.180294
1744 0.163837
1745 0.180196
1746 0.173123
1747 0.187966
1748 0.185013
1749 0.175106
1750 0.17285
1751 0.175316
1752 0.174161
1753 0.190355
1754 0.192429
1755 0.191967
1756 0.174733
1757 0.157285
1758 0.181648
1759 0.176601
1760 0.169544
1761 0.173186
1762 0.169776
1763 0.16352
1764 0.173215
1765 0.169037
1766 0.164538
1767 0.182068
1768 0.176597
1769 0.191258
1770 0.175041
1771 0.181544
1772 0.166774
1773 0.176583
1774 0.169269
1775 0.16347
1776 0.178271
1777 0.181508
1778 0.16543
1779 0.16957
1780 0.18449
1781 0.185172
1782 0.169923
1783 0.177735
1784 0.182299
1785 0.180745
1786 0.187764
1787 0.195006
1788 0.19352
1789 0.186117
1790 0.170363
1791 0.179842
1792 0.174894
1793 0.167586
1794 0.175497
1795 0.173982
1796 0.167053
1797 0.177695
1798 0.178882
1799 0.182848
1800 0.178223
1801 0.171477
1802 0.177736
1803 0.163562
1804 0.168912
1805 0.166806
1806 0.182833
1807 0.17512
1808 0.173948
1809 0.189653
1810 0.183102
1811 0.179716
1812 0.171452
1813 0.176709
1814 0.188772
1815 0.189945
1816 0.17521
1817 0.183856
1818 0.189837
1819 0.18643
1820 0.17836
1821 0.177996
1822 0.175664
1823 0.173323
1824 0.171972
1825 0.184334
1826 0.192393
1827 0.195599
1828 0.179451
1829 0.166933
1830 0.185765
1831 0.190762
1832 0.171628
1833 0.186775
1834 0.183073
1835 0.167745
1836 0.160429
1837 0.167444
1838 0.179431
1839 0.185109
1840 0.171193
1841 0.170563
1842 0.166128
1843 0.167438
1844 0.18538
1845 0.168811
1846 0.173538
1847 0.169329
1848 0.171761
1849 0.177261
1850 0.182894
1851 0.167132
1852 0.175311
1853 0.18518
1854 0.19225
1855 0.178813
1856 0.174565
1857 0.174676
1858 0.178252
1859 0.1922
1860 0.182836
1861 0.184906
1862 0.190386
1863 0.175467
1864 0.162551
1865 0.1747
1866 0.168694
1867 0.182784
1868 0.189854
1869 0.17671
1870 0.169166
1871 0.169221
1872 0.174806
1873 0.17146
1874 0.166734
1875 0.177661
1876 0.171266
1877 0.167205
1878 0.164238
1879 0.162378
1880 0.161397
1881 0.178823
1882 0.194295
1883 0.170163
1884 0.182482
1885 0.175763
1886 0.17895
1887 0.179204
1888 0.174198
1889 0.187001
1890 0.17864
1891 0.179511
1892 0.181673
1893 0.18632
1894 0.174892
1895 0.176685
1896 0.189571
1897 0.179486
1898 0.19294
1899 0.179031
1900 0.176945
1901 0.173107
1902 0.187635
1903 0.181774
1904 0.177604
1905 0.172076
1906 0.172902
1907 0.186844
1908 0.191808
1909 0.175555
1910 0.160937
1911 0.179701
1912 0.177066
1913 0.173598
1914 0.176345
1915 0.180711
1916 0.18897
1917 0.166261
1918 0.167371
1919 0.163911
1920 0.179827
1921 0.171461
1922 0.18344
1923 0.183936
1924 0.19103
1925 0.184115
1926 0.181817
1927 0.173922
1928 0.16925
1929 0.182997
1930 0.191298
1931 0.180381
1932 0.188705
1933 0.187993
1934 0.175566
1935 0.189381
1936 0.171679
1937 0.174301
1938 0.183755
1939 0.178044
1940 0.187916
1941 0.177176
1942 0.160942
1943 0.177718
1944 0.188604
1945 0.182303
1946 0.180799
1947 0.162777
1948 0.171084
1949 0.167146
1950 0.171402
1951 0.172427
1952 0.174108
1953 0.189885
1954 0.170499
1955 0.174119
1956 0.174855
1957 0.175085
1958 0.192242
1959 0.173606
1960 0.172459
1961 0.164596
1962 0.181973
1963 0.191525
1964 0.172569
1965 0.186607
1966 0.171042
1967 0.171235
1968 0.16347
1969 0.165367
1970 0.180657
1971 0.190104
1972 0.189664
1973 0.193527
1974 0.178096
1975 0.186687
1976 0.19381
1977 0.185836
1978 0.186726
1979 0.166541
1980 0.185996
1981 0.173324
1982 0.186976
1983 0.176856
1984 0.164234
1985 0.169548
1986 0.173331
1987 0.177676
1988 0.164187
1989 0.186463
1990 0.194055
1991 0.175747
1992 0.181901
1993 0.166668
1994 0.178626
1995 0.172143
1996 0.178625
1997 0.176099
1998 0.188913
1999 0.172796
2000 0.181333
2001 0.187104
2002 0.192305
2003 0.174647
2004 0.19322
2005 0.187153
2006 0.185968
2007 0.169173
2008 0.168582
2009 0.172562
2010 0.181859
2011 0.187424
2012 0.184963
2013 0.172111
2014 0.164156
2015 0.184546
2016 0.186426
2017 0.188723
2018 0.182877
2019 0.163625
2020 0.17014
2021 0.164413
2022 0.171809
2023 0.175969
2024 0.173918
2025 0.189161
2026 0.201925
2027 0.184098
2028 0.186522
2029 0.189576
2030 0.169406
2031 0.164794
2032 0.175383
2033 0.190183
2034 0.198657
2035 0.167986
2036 0.169537
2037 0.177992
2038 0.168813
2039 0.166727
2040 0.162048
2041 0.184046
2042 0.171682
2043 0.162353
2044 0.181235
2045 0.185946
2046 0.177172
2047 0.185137
2048 0.186733
2049 0.166948
2050 0.170618
2051 0.188316
2052 0.192382
2053 0.168956
2054 0.166463
2055 0.169002
2056 0.165873
2057 0.179802
2058 0.191128
2059 0.175766
2060 0.189595
2061 0.172383
2062 0.178565
2063 0.185995
2064 0.196678
2065 0.171924
2066 0.169874
2067 0.179191
2068 0.189147
2069 0.178072
2070 0.168208
2071 0.159708
2072 0.172893
2073 0.16767
2074 0.160611
2075 0.164277
2076 0.163711
2077 0.165674
2078 0.178315
2079 0.191369
2080 0.171012
2081 0.167442
2082 0.163118
2083 0.179748
2084 0.188248
2085 0.180263
2086 0.174758
2087 0.181583
2088 0.180512
2089 0.172209
2090 0.17321
2091 0.166054
2092 0.162132
2093 0.181505
2094 0.182048
2095 0.172161
2096 0.18269
2097 0.191044
2098 0.184915
2099 0
