0 -1.6673
1 -1.04393
2 -1.14405
3 -1.34973
4 -1.38765
5 -1.34302
6 -1.3043
7 -1.29121
8 -1.30334
9 -1.25493
10 -1.22921
11 -0.797569
12 -0.489257
13 0.145957
14 0.132208
15 -0.0892459
16 0.243917
17 -0.0236454
18 -0.0952146
19 0.0515194
20 0.191686
21 0.151986
22 0.158684
23 0.169685
24 0.161951
25 0.166416
26 0.176217
27 0.176368
28 0.163436
29 0.153564
30 0.178968
31 0.158199
32 0.182845
33 0.185701
34 0.179959
35 0.167232
36 0.19525
37 0.190042
38 0.181528
39 0.183223
40 0.169067
41 0.185654
42 0.192656
43 0.167516
44 0.162462
45 0.185487
46 0.172603
47 0.172964
48 0.179525
49 0.191321
50 0.168023
51 0.163448
52 0.168198
53 0.187604
54 0.171133
55 0.169903
56 0.181298
57 0.196337
58 0.168906
59 0.187612
60 0.192374
61 0.192966
62 0.164889
63 0.185686
64 0.192634
65 0.167705
66 0.156551
67 0.18733
68 0.18409
69 0.161255
70 0.159573
71 0.19123
72 0.196954
73 0.166711
74 0.181382
75 0.184525
76 0.177622
77 0.172659
78 0.184473
79 0.173887
80 0.153857
81 0.175626
82 0.179473
83 0.176646
84 0.176638
85 0.181976
86 0.192061
87 0.193237
88 0.170194
89 0.184111
90 0.202603
91 0.169167
92 0.164689
93 0.183236
94 0.176797
95 0.173161
96 0.168529
97 0.183107
98 0.157759
99 0.185041
100 0.178558
101 0.16852
102 0.177105
103 0.178218
104 0.182569
105 0.187629
106 0.174715
107 0.163269
108 0.195312
109 0.195124
110 0.160496
111 0.167076
112 0.187182
113 0.17191
114 0.164588
115 0.183878
116 0.162203
117 0.173453
118 0.1908
119 0.191015
120 0.155008
121 0.167608
122 0.172049
123 0.162262
124 0.146924
125 0.179413
126 0.170538
127 0.167572
128 0.179899
129 0.19079
130 0.170423
131 0.177871
132 0.169116
133 0.179261
134 0.163385
135 0.161226
136 0.168481
137 0.167864
138 0.171716
139 0.171719
140 0.168016
141 0.172008
142 0.184024
143 0.193205
144 0.161947
145 0.177208
146 0.193262
147 0.178554
148 0.158076
149 0.182316
150 0.198578
151 0.17307
152 0.158071
153 0.187424
154 0.200599
155 0.17309
156 0.178928
157 0.1958
158 0.177806
159 0.168141
160 0.173685
161 0.183599
162 0.158432
163 0.152287
164 0.177047
165 0.15919
166 0.152408
167 0.183097
168 0.16736
169 0.163691
170 0.156696
171 0.179753
172 0.169741
173 0.187133
174 0.169783
175 0.162016
176 0.174775
177 0.173892
178 0.174606
179 0.160329
180 0.174286
181 0.177175
182 0.171644
183 0.170853
184 0.167768
185 0.163043
186 0.172565
187 0.163367
188 0.176523
189 0.162792
190 0.163251
191 0.178603
192 0.184102
193 0.157919
194 0.156339
195 0.177382
196 0.160948
197 0.167507
198 0.181326
199 0.188284
200 0.170877
201 0.178863
202 0.187037
203 0.171861
204 0.177039
205 0.183154
206 0.177313
207 0.172347
208 0.183524
209 0.180024
210 0.172981
211 0.171482
212 0.179439
213 0.160249
214 0.169432
215 0.16188
216 0.171936
217 0.17179
218 0.16496
219 0.173758
220 0.187519
221 0.178332
222 0.157303
223 0.19963
224 0.176651
225 0.150229
226 0.179425
227 0.197806
228 0.18104
229 0.173963
230 0.183151
231 0.167124
232 0.192644
233 0.180161
234 0.1669
235 0.164691
236 0.185148
237 0.1796
238 0.177989
239 0.17518
240 0.16557
241 0.166018
242 0.166818
243 0.176299
244 0.171538
245 0.168561
246 0.174191
247 0.167422
248 0.173928
249 0.179758
250 0.191016
251 0.180762
252 0.177459
253 0.194559
254 0.182185
255 0.182601
256 0.177462
257 0.169141
258 0.172237
259 0.170207
260 0.17627
261 0.166288
262 0.168732
263 0.162989
264 0.177744
265 0.186266
266 0.174812
267 0.187184
268 0.17219
269 0.184756
270 0.192835
271 0.185221
272 0.174393
273 0.167918
274 0.178556
275 0.168649
276 0.188012
277 0.164749
278 0.156265
279 0.161153
280 0.163984
281 0.178478
282 0.166958
283 0.175565
284 0.178197
285 0.169673
286 0.186828
287 0.19646
288 0.170416
289 0.168747
290 0.171361
291 0.184472
292 0.167398
293 0.159741
294 0.156098
295 0.173187
296 0.169417
297 0.162393
298 0.177171
299 0.162218
300 0.170867
301 0.188626
302 0.175969
303 0.173624
304 0.16248
305 0.189272
306 0.181487
307 0.186948
308 0.156306
309 0.170554
310 0.172305
311 0.168903
312 0.169373
313 0.159213
314 0.164534
315 0.166163
316 0.189091
317 0.158489
318 0.165928
319 0.188633
320 0.185061
321 0.168036
322 0.171552
323 0.175018
324 0.18877
325 0.177696
326 0.172806
327 0.165619
328 0.164314
329 0.165467
330 0.160922
331 0.173105
332 0.158061
333 0.161677
334 0.166713
335 0.170192
336 0.181212
337 0.172444
338 0.185117
339 0.179364
340 0.171755
341 0.179946
342 0.184489
343 0.194272
344 0.166115
345 0.15758
346 0.163329
347 0.179364
348 0.17892
349 0.164679
350 0.172496
351 0.168673
352 0.179054
353 0.180486
354 0.169058
355 0.176469
356 0.157733
357 0.192394
358 0.183908
359 0.183868
360 0.163483
361 0.196385
362 0.173362
363 0.161791
364 0.173797
365 0.194359
366 0.157136
367 0.154699
368 0.176257
369 0.169865
370 0.155511
371 0.1647
372 0.160859
373 0.156277
374 0.172656
375 0.186312
376 0.189107
377 0.165519
378 0.171542
379 0.17873
380 0.18574
381 0.160233
382 0.164413
383 0.175636
384 0.171604
385 0.17814
386 0.173706
387 0.18696
388 0.162398
389 0.164364
390 0.183631
391 0.167842
392 0.168375
393 0.183167
394 0.172464
395 0.158892
396 0.165279
397 0.199732
398 0.164084
399 0.145483
400 0.170283
401 0.188592
402 0.172086
403 0.158877
404 0.192613
405 0.18298
406 0.178545
407 0.182359
408 0.176496
409 0.167263
410 0.18856
411 0.165259
412 0.163292
413 0.157419
414 0.188656
415 0.171033
416 0.164255
417 0.162823
418 0.18352
419 0.182613
420 0.167607
421 0.180905
422 0.177167
423 0.195768
424 0.176315
425 0.167684
426 0.159373
427 0.185196
428 0.177959
429 0.173856
430 0.172774
431 0.18614
432 0.175241
433 0.192948
434 0.199265
435 0.176095
436 0.156798
437 0.195876
438 0.185215
439 0.17303
440 0.160394
441 0.173229
442 0.174902
443 0.167402
444 0.174559
445 0.151453
446 0.174256
447 0.184441
448 0.174146
449 0.154608
450 0.184123
451 0.189087
452 0.175577
453 0.161118
454 0.163582
455 0.197982
456 0.180835
457 0.157883
458 0.173791
459 0.187483
460 0.178651
461 0.161189
462 0.165224
463 0.179875
464 0.181754
465 0.16727
466 0.175375
467 0.166656
468 0.185972
469 0.171626
470 0.161731
471 0.164371
472 0.175529
473 0.184202
474 0.158111
475 0.174868
476 0.179595
477 0.201362
478 0.190099
479 0.170813
480 0.168138
481 0.201139
482 0.179223
483 0.166204
484 0.156903
485 0.167531
486 0.183719
487 0.156493
488 0.165359
489 0.158499
490 0.198055
491 0.181399
492 0.170965
493 0.160401
494 0.197017
495 0.179742
496 0.17528
497 0.177048
498 0.178332
499 0.176812
500 0.187567
501 0.17182
502 0.178818
503 0.173209
504 0.182506
505 0.167203
506 0.15547
507 0.179057
508 0.165199
509 0.153683
510 0.163208
511 0.181401
512 0.179153
513 0.155595
514 0.172601
515 0.185416
516 0.1733
517 0.166846
518 0.169603
519 0.17849
520 0.172747
521 0.181877
522 0.169085
523 0.181659
524 0.175665
525 0.162435
526 0.165557
527 0.172569
528 0.171192
529 0.150938
530 0.187722
531 0.177532
532 0.172006
533 0.158802
534 0.19649
535 0.194874
536 0.160466
537 0.157177
538 0.192209
539 0.197798
540 0.167172
541 0.167644
542 0.183034
543 0.157141
544 0.1832
545 0.185239
546 0.173344
547 0.165325
548 0.199083
549 0.197767
550 0.170519
551 0.163859
552 0.199022
553 0.183271
554 0.177725
555 0.175561
556 0.181058
557 0.16362
558 0.185197
559 0.18833
560 0.176828
561 0.155926
562 0.192353
563 0.180932
564 0.172547
565 0.177929
566 0.200794
567 0.190962
568 0.173369
569 0.171284
570 0.192504
571 0.199213
572 0.180339
573 0.166369
574 0.179116
575 0.182717
576 0.17546
577 0.170628
578 0.182967
579 0.178304
580 0.165293
581 0.171887
582 0.19237
583 0.195771
584 0.166506
585 0.167981
586 0.182062
587 0.197026
588 0.168608
589 0.165685
590 0.171352
591 0.176683
592 0.175443
593 0.163616
594 0.162036
595 0.173405
596 0.188796
597 0.172274
598 0.16424
599 0.1796
600 0.168424
601 0.172005
602 0.166746
603 0.157619
604 0.166186
605 0.167457
606 0.1766
607 0.17196
608 0.178229
609 0.177472
610 0.189528
611 0.176709
612 0.17404
613 0.173193
614 0.191182
615 0.168988
616 0.165473
617 0.180251
618 0.171911
619 0.163303
620 0.175143
621 0.175743
622 0.177945
623 0.168759
624 0.163094
625 0.173306
626 0.173211
627 0.165784
628 0.164961
629 0.178423
630 0.166831
631 0.174838
632 0.169563
633 0.167372
634 0.16524
635 0.164582
636 0.154228
637 0.158027
638 0.17208
639 0.178945
640 0.166741
641 0.184708
642 0.180061
643 0.174993
644 0.169221
645 0.169207
646 0.172923
647 0.17547
648 0.160914
649 0.166616
650 0.166272
651 0.187689
652 0.177701
653 0.179288
654 0.17081
655 0.189592
656 0.175972
657 0.18759
658 0.167764
659 0.191267
660 0.178298
661 0.179258
662 0.18853
663 0.1732
664 0.181466
665 0.178411
666 0.184536
667 0.160674
668 0.18728
669 0.188955
670 0.185846
671 0.180577
672 0.178259
673 0.189022
674 0.184791
675 0.172703
676 0.182054
677 0.169414
678 0.169759
679 0.167907
680 0.164857
681 0.177867
682 0.162712
683 0.164411
684 0.179226
685 0.180758
686 0.170835
687 0.167395
688 0.171527
689 0.180168
690 0.181682
691 0.165843
692 0.165982
693 0.173232
694 0.163155
695 0.167766
696 0.176444
697 0.17237
698 0.171092
699 0.169594
700 0.188069
701 0.181317
702 0.182318
703 0.160545
704 0.178161
705 0.180626
706 0.172253
707 0.164919
708 0.164061
709 0.186594
710 0.165802
711 0.181398
712 0.172232
713 0.190944
714 0.176746
715 0.162393
716 0.181564
717 0.198415
718 0.177762
719 0.161765
720 0.175087
721 0.174389
722 0.173355
723 0.164088
724 0.157232
725 0.164455
726 0.176338
727 0.184689
728 0.172105
729 0.165909
730 0.193075
731 0.20003
732 0.171456
733 0.164986
734 0.197305
735 0.194355
736 0.186036
737 0.175549
738 0.18613
739 0.191541
740 0.189542
741 0.177467
742 0.181467
743 0.182789
744 0.195216
745 0.165709
746 0.182548
747 0.183004
748 0.180637
749 0.15202
750 0.173604
751 0.175924
752 0.162715
753 0.156311
754 0.174823
755 0.173026
756 0.174951
757 0.173943
758 0.165992
759 0.170555
760 0.177832
761 0.182335
762 0.154861
763 0.1586
764 0.168892
765 0.175936
766 0.167385
767 0.174871
768 0.168765
769 0.169794
770 0.181745
771 0.175262
772 0.168941
773 0.174573
774 0.186536
775 0.171871
776 0.175335
777 0.184848
778 0.177581
779 0.171064
780 0.17761
781 0.179863
782 0.172406
783 0.178627
784 0.165533
785 0.168098
786 0.180845
787 0.173422
788 0.162044
789 0.167362
790 0.178525
791 0.195173
792 0.174997
793 0.166808
794 0.167105
795 0.167348
796 0.173082
797 0.175899
798 0.153826
799 0.169012
800 0.18486
801 0.174903
802 0.158326
803 0.168193
804 0.182294
805 0.170434
806 0.170532
807 0.162039
808 0.186434
809 0.172653
810 0.180713
811 0.176331
812 0.173279
813 0.169909
814 0.192042
815 0.199696
816 0.184732
817 0.176829
818 0.180757
819 0.174276
820 0.197194
821 0.177781
822 0.179863
823 0.169079
824 0.175136
825 0.167456
826 0.16176
827 0.16047
828 0.160314
829 0.168843
830 0.170978
831 0.173723
832 0.184009
833 0.186943
834 0.193387
835 0.185446
836 0.191569
837 0.180815
838 0.172578
839 0.173329
840 0.1615
841 0.178561
842 0.175902
843 0.177648
844 0.173417
845 0.187766
846 0.174896
847 0.191704
848 0.163756
849 0.158037
850 0.156931
851 0.187389
852 0.175235
853 0.166887
854 0.162158
855 0.191269
856 0.174211
857 0.166142
858 0.157591
859 0.181243
860 0.165468
861 0.167697
862 0.171199
863 0.185902
864 0.178828
865 0.177992
866 0.176164
867 0.163911
868 0.174632
869 0.181359
870 0.171912
871 0.184693
872 0.175938
873 0.174036
874 0.19564
875 0.190996
876 0.167287
877 0.16246
878 0.192603
879 0.17191
880 0.169344
881 0.165824
882 0.166921
883 0.177846
884 0.164595
885 0.169336
886 0.174236
887 0.181464
888 0.183376
889 0.187916
890 0.169871
891 0.180583
892 0.17592
893 0.188658
894 0.175471
895 0.187187
896 0.167532
897 0.168057
898 0.185975
899 0.190158
900 0.159172
901 0.175067
902 0.189854
903 0.177028
904 0.158586
905 0.164012
906 0.169307
907 0.157234
908 0.151036
909 0.171057
910 0.158166
911 0.173222
912 0.160549
913 0.1985
914 0.164556
915 0.1549
916 0.166184
917 0.191787
918 0.165231
919 0.153557
920 0.171502
921 0.176471
922 0.170795
923 0.15346
924 0.157456
925 0.158993
926 0.178417
927 0.17882
928 0.166203
929 0.175675
930 0.18058
931 0.19687
932 0.18503
933 0.177439
934 0.186516
935 0.169387
936 0.181396
937 0.168785
938 0.176558
939 0.175646
940 0.183412
941 0.179971
942 0.172355
943 0.19431
944 0.173718
945 0.189675
946 0.191427
947 0.181825
948 0.165432
949 0.193156
950 0.188096
951 0.177351
952 0.158406
953 0.198154
954 0.1708
955 0.16386
956 0.164111
957 0.18871
958 0.168164
959 0.164525
960 0.173242
961 0.183952
962 0.18094
963 0.175354
964 0.171487
965 0.185186
966 0.179886
967 0.16338
968 0.168533
969 0.165716
970 0.160002
971 0.175021
972 0.181653
973 0.165079
974 0.169582
975 0.179619
976 0.191088
977 0.184073
978 0.178708
979 0.173175
980 0.169654
981 0.180048
982 0.173345
983 0.16092
984 0.184471
985 0.176602
986 0.181645
987 0.186913
988 0.190521
989 0.173634
990 0.17633
991 0.195702
992 0.182532
993 0.180773
994 0.167033
995 0.170188
996 0.182962
997 0.171008
998 0.179836
999 0.172846
1000 0.171933
1001 0.160542
1002 0.191167
1003 0.192494
1004 0.182241
1005 0.178554
1006 0.182021
1007 0.172221
1008 0.185702
1009 0.177628
1010 0.180788
1011 0.180379
1012 0.176599
1013 0.190923
1014 0.170284
1015 0.175349
1016 0.16884
1017 0.159051
1018 0.167217
1019 0.168881
1020 0.18433
1021 0.172224
1022 0.161601
1023 0.173519
1024 0.183675
1025 0.190946
1026 0.176146
1027 0.175149
1028 0.167517
1029 0.193332
1030 0.184967
1031 0.171357
1032 0.173985
1033 0.189727
1034 0.182243
1035 0.18505
1036 0.177443
1037 0.192162
1038 0.193501
1039 0.177791
1040 0.174162
1041 0.193876
1042 0.167066
1043 0.17883
1044 0.169127
1045 0.162515
1046 0.155603
1047 0.174541
1048 0.16355
1049 0.167335
1050 0.17457
1051 0.156298
1052 0.152541
1053 0.170202
1054 0.178531
1055 0.158107
1056 0.163764
1057 0.172943
1058 0.16959
1059 0.17127
1060 0.177702
1061 0.178088
1062 0.164911
1063 0.171102
1064 0.173626
1065 0.187693
1066 0.178877
1067 0.171847
1068 0.179685
1069 0.191798
1070 0.169482
1071 0.173005
1072 0.184213
1073 0.177052
1074 0.161301
1075 0.166973
1076 0.166964
1077 0.18207
1078 0.158218
1079 0.169376
1080 0.164298
1081 0.165241
1082 0.151043
1083 0.191951
1084 0.163188
1085 0.168621
1086 0.167579
1087 0.186288
1088 0.182487
1089 0.185616
1090 0.165837
1091 0.185554
1092 0.176264
1093 0.17834
1094 0.171002
1095 0.1734
1096 0.16939
1097 0.178902
1098 0.178387
1099 0.162554
1100 0.169464
1101 0.169644
1102 0.158117
1103 0.152901
1104 0.162648
1105 0.180633
1106 0.174106
1107 0.164025
1108 0.172836
1109 0.185078
1110 0.190029
1111 0.181782
1112 0.18382
1113 0.158101
1114 0.19073
1115 0.196138
1116 0.184029
1117 0.164291
1118 0.194696
1119 0.19602
1120 0.175668
1121 0.184973
1122 0.178834
1123 0.187601
1124 0.188408
1125 0.188198
1126 0.190582
1127 0.171277
1128 0.195658
1129 0.187177
1130 0.188223
1131 0.161666
1132 0.192133
1133 0.186301
1134 0.162551
1135 0.159548
1136 0.164708
1137 0.183561
1138 0.154045
1139 0.165736
1140 0.168386
1141 0.191944
1142 0.178784
1143 0.167665
1144 0.181485
1145 0.190468
1146 0.189283
1147 0.172095
1148 0.191543
1149 0.173418
1150 0.171766
1151 0.182606
1152 0.186765
1153 0.179959
1154 0.170021
1155 0.184387
1156 0.204972
1157 0.197711
1158 0.180188
1159 0.17461
1160 0.168661
1161 0.171095
1162 0.158665
1163 0.15516
1164 0.163531
1165 0.157777
1166 0.163537
1167 0.169633
1168 0.189493
1169 0.178933
1170 0.177504
1171 0.171351
1172 0.174787
1173 0.183927
1174 0.179077
1175 0.173224
1176 0.15622
1177 0.193082
1178 0.200236
1179 0.1829
1180 0.176578
1181 0.177766
1182 0.18429
1183 0.177678
1184 0.162599
1185 0.170376
1186 0.173869
1187 0.183267
1188 0.175876
1189 0.191273
1190 0.178549
1191 0.182235
1192 0.190653
1193 0.1829
1194 0.169469
1195 0.183348
1196 0.191071
1197 0.170479
1198 0.174546
1199 0.177228
1200 0.18286
1201 0.178499
1202 0.176593
1203 0.169255
1204 0.16776
1205 0.163697
1206 0.17599
1207 0.167711
1208 0.170681
1209 0.173061
1210 0.170089
1211 0.16795
1212 0.194342
1213 0.19326
1214 0.159205
1215 0.170753
1216 0.189791
1217 0.190554
1218 0.16107
1219 0.156209
1220 0.170961
1221 0.17177
1222 0.169003
1223 0.169769
1224 0.162633
1225 0.158073
1226 0.184944
1227 0.162606
1228 0.157903
1229 0.159266
1230 0.180529
1231 0.180825
1232 0.170612
1233 0.181049
1234 0.182557
1235 0.170673
1236 0.182163
1237 0.172505
1238 0.166186
1239 0.165928
1240 0.17145
1241 0.172577
1242 0.162849
1243 0.176538
1244 0.191534
1245 0.184097
1246 0.177673
1247 0.175205
1248 0.194711
1249 0.185049
1250 0.188152
1251 0.178826
1252 0.188017
1253 0.171019
1254 0.186367
1255 0.175933
1256 0.187895
1257 0.164222
1258 0.169917
1259 0.175993
1260 0.1648
1261 0.160485
1262 0.181597
1263 0.163888
1264 0.162112
1265 0.166861
1266 0.195963
1267 0.182746
1268 0.163462
1269 0.169677
1270 0.182049
1271 0.168735
1272 0.17771
1273 0.171856
1274 0.159996
1275 0.178274
1276 0.166146
1277 0.176091
1278 0.182565
1279 0.194976
1280 0.173789
1281 0.18301
1282 0.189963
1283 0.180283
1284 0.163665
1285 0.173939
1286 0.174378
1287 0.16494
1288 0.17479
1289 0.17186
1290 0.166357
1291 0.165996
1292 0.195015
1293 0.173814
1294 0.173025
1295 0.165013
1296 0.189262
1297 0.162188
1298 0.176458
1299 0.193074
1300 0.178693
1301 0.178461
1302 0.176346
1303 0.179299
1304 0.162396
1305 0.175943
1306 0.174607
1307 0.162333
1308 0.177338
1309 0.174895
1310 0.17019
1311 0.162519
1312 0.175374
1313 0.162587
1314 0.154997
1315 0.155964
1316 0.180562
1317 0.180099
1318 0.164583
1319 0.161123
1320 0.17438
1321 0.18735
1322 0.179127
1323 0.174849
1324 0.166523
1325 0.171897
1326 0.17216
1327 0.175132
1328 0.172042
1329 0.173041
1330 0.17788
1331 0.183647
1332 0.192091
1333 0.183874
1334 0.184028
1335 0.193338
1336 0.202709
1337 0.161098
1338 0.166729
1339 0.175108
1340 0.182972
1341 0.176901
1342 0.167105
1343 0.172759
1344 0.178846
1345 0.180661
1346 0.174503
1347 0.16462
1348 0.175043
1349 0.179582
1350 0.162282
1351 0.172709
1352 0.174776
1353 0.176553
1354 0.182541
1355 0.179658
1356 0.18552
1357 0.1843
1358 0.188138
1359 0.171476
1360 0.17668
1361 0.185829
1362 0.178566
1363 0.167235
1364 0.170577
1365 0.169487
1366 0.176975
1367 0.167584
1368 0.160829
1369 0.178536
1370 0.163483
1371 0.17877
1372 0.162139
1373 0.195007
1374 0.185238
1375 0.179805
1376 0.16887
1377 0.173836
1378 0.165075
1379 0.169746
1380 0.168243
1381 0.154807
1382 0.171256
1383 0.168442
1384 0.163231
1385 0.172352
1386 0.197546
1387 0.16747
1388 0.168364
1389 0.169913
1390 0.189281
1391 0.174714
1392 0.1762
1393 0.181504
1394 0.172008
1395 0.159381
1396 0.174402
1397 0.186419
1398 0.172432
1399 0.167009
1400 0.159726
1401 0.187276
1402 0.165732
1403 0.166941
1404 0.155474
1405 0.162472
1406 0.158169
1407 0.161506
1408 0.176554
1409 0.180537
1410 0.177596
1411 0.18447
1412 0.173907
1413 0.196091
1414 0.17453
1415 0.184504
1416 0.181026
1417 0.184161
1418 0.186124
1419 0.173913
1420 0.171505
1421 0.186982
1422 0.190562
1423 0.168842
1424 0.157065
1425 0.174818
1426 0.200293
1427 0.171277
1428 0.162762
1429 0.184291
1430 0.18294
1431 0.170034
1432 0.163391
1433 0.179324
1434 0.175967
1435 0.17034
1436 0.180325
1437 0.183021
1438 0.18109
1439 0.168491
1440 0.181078
1441 0.175846
1442 0.175137
1443 0.176033
1444 0.163239
1445 0.164895
1446 0.189343
1447 0.186862
1448 0.157316
1449 0.160473
1450 0.176462
1451 0.188153
1452 0.182757
1453 0.173665
1454 0.177551
1455 0.169872
1456 0.170824
1457 0.17927
1458 0.165751
1459 0.165835
1460 0.171103
1461 0.180455
1462 0.174605
1463 0.184267
1464 0.185494
1465 0.182368
1466 0.162215
1467 0.181652
1468 0.193126
1469 0.16661
1470 0.14913
1471 0.182154
1472 0.177239
1473 0.175934
1474 0.158017
1475 0.166982
1476 0.171042
1477 0.175015
1478 0.178357
1479 0.182052
1480 0.158754
1481 0.185627
1482 0.178354
1483 0.176419
1484 0.16768
1485 0.159616
1486 0.177071
1487 0.163949
1488 0.194281
1489 0.166461
1490 0.154803
1491 0.166007
1492 0.183272
1493 0.156734
1494 0.161526
1495 0.170681
1496 0.179384
1497 0.180449
1498 0.161107
1499 0.168257
1500 0.168656
1501 0.202454
1502 0.169159
1503 0.153015
1504 0.171285
1505 0.190566
1506 0.175628
1507 0.175684
1508 0.192961
1509 0.17366
1510 0.180697
1511 0.191492
1512 0.186469
1513 0.179712
1514 0.190115
1515 0.18219
1516 0.174901
1517 0.184119
1518 0.189041
1519 0.166373
1520 0.158039
1521 0.181387
1522 0.168498
1523 0.157828
1524 0.171125
1525 0.159276
1526 0.176112
1527 0.176773
1528 0.177678
1529 0.165854
1530 0.173348
1531 0.180371
1532 0.157337
1533 0.169954
1534 0.176652
1535 0.167565
1536 0.164102
1537 0.188107
1538 0.187068
1539 0.171423
1540 0.174358
1541 0.199305
1542 0.175127
1543 0.169999
1544 0.183724
1545 0.170625
1546 0.156322
1547 0.179629
1548 0.174879
1549 0.162258
1550 0.177475
1551 0.183579
1552 0.166414
1553 0.15538
1554 0.185776
1555 0.173259
1556 0.15912
1557 0.16578
1558 0.174275
1559 0.181726
1560 0.168446
1561 0.166423
1562 0.160853
1563 0.180431
1564 0.173392
1565 0.159215
1566 0.168352
1567 0.187523
1568 0.163753
1569 0.164378
1570 0.192614
1571 0.168056
1572 0.166426
1573 0.175829
1574 0.180977
1575 0.179825
1576 0.178713
1577 0.19006
1578 0.183866
1579 0.186762
1580 0.181728
1581 0.168661
1582 0.179543
1583 0.175601
1584 0.18064
1585 0.167325
1586 0.190583
1587 0.177082
1588 0.175889
1589 0.17481
1590 0.192817
1591 0.167868
1592 0.164858
1593 0.185143
1594 0.173571
1595 0.174231
1596 0.166354
1597 0.189789
1598 0.170132
1599 0.165841
1600 0.176957
1601 0.159446
1602 0.18118
1603 0.157718
1604 0.172894
1605 0.164935
1606 0.160135
1607 0.160971
1608 0.163059
1609 0.166435
1610 0.161099
1611 0.16129
1612 0.184025
1613 0.182565
1614 0.167332
1615 0.17632
1616 0.183263
1617 0.17827
1618 0.165029
1619 0.176978
1620 0.164375
1621 0.156924
1622 0.160282
1623 0.161511
1624 0.177274
1625 0.164279
1626 0.170818
1627 0.186263
1628 0.169505
1629 0.171503
1630 0.187758
1631 0.200323
1632 0.181973
1633 0.18397
1634 0.179297
1635 0.176546
1636 0.168243
1637 0.162604
1638 0.158667
1639 0.167113
1640 0.164129
1641 0.170216
1642 0.187517
1643 0.193359
1644 0.178721
1645 0.17187
1646 0.180517
1647 0.187051
1648 0.173391
1649 0.159619
1650 0.175948
1651 0.185158
1652 0.169378
1653 0.17289
1654 0.192078
1655 0.183187
1656 0.183094
1657 0.197782
1658 0.19615
1659 0.190174
1660 0.175564
1661 0.189283
1662 0.178125
1663 0.184676
1664 0.176038
1665 0.174003
1666 0.154828
1667 0.188325
1668 0.191771
1669 0.171071
1670 0.177035
1671 0.178998
1672 0.187321
1673 0.176268
1674 0.185079
1675 0.187641
1676 0.177838
1677 0.170607
1678 0.165373
1679 0.195427
1680 0.182346
1681 0.151704
1682 0.156385
1683 0.173372
1684 0.195291
1685 0.177975
1686 0.169395
1687 0.182811
1688 0.187473
1689 0.191013
1690 0.1864
1691 0.174284
1692 0.180228
1693 0.188883
1694 0.180567
1695 0.18892
1696 0.190237
1697 0.172727
1698 0.180217
1699 0.184154
1700 0.171598
1701 0.17004
1702 0.192596
1703 0.185599
1704 0.176526
1705 0.166451
1706 0.164255
1707 0.194358
1708 0.169342
1709 0.173831
1710 0.178751
1711 0.174111
1712 0.17812
1713 0.187993
1714 0.180329
1715 0.166855
1716 0.183414
1717 0.191505
1718 0.16845
1719 0.18769
1720 0.183418
1721 0.166717
1722 0.162552
1723 0.177676
1724 0.183728
1725 0.169465
1726 0.171554
1727 0.191779
1728 0.188128
1729 0.176034
1730 0.1761
1731 0.191525
1732 0.174667
1733 0.169892
1734 0.174384
1735 0.188169
1736 0.184533
1737 0.173664
1738 0.17881
1739 0.18465
1740 0.179188
1741 0.159711
1742 0.1858
1743 0.180321
1744 0.151332
1745 0.174636
1746 0.170687
1747 0.186451
1748 0.178569
1749 0.170683
1750 0.172435
1751 0.185522
1752 0.177866
1753 0.178321
1754 0.182942
1755 0.185982
1756 0.162062
1757 0.166198
1758 0.194306
1759 0.175577
1760 0.152724
1761 0.164285
1762 0.172383
1763 0.160659
1764 0.169923
1765 0.171647
1766 0.159576
1767 0.169557
1768 0.171716
1769 0.178395
1770 0.165185
1771 0.185211
1772 0.161944
1773 0.183739
1774 0.159081
1775 0.153444
1776 0.174048
1777 0.177542
1778 0.150912
1779 0.162436
1780 0.184909
1781 0.179715
1782 0.149413
1783 0.17445
1784 0.18789
1785 0.174104
1786 0.175507
1787 0.190185
1788 0.189984
1789 0.182387
1790 0.174838
1791 0.191188
1792 0.181643
1793 0.163392
1794 0.170985
1795 0.176593
1796 0.165762
1797 0.17203
1798 0.171546
1799 0.177914
1800 0.164658
1801 0.170988
1802 0.185011
1803 0.161428
1804 0.166527
1805 0.159861
1806 0.170177
1807 0.165569
1808 0.166177
1809 0.176102
1810 0.177011
1811 0.181858
1812 0.169618
1813 0.186714
1814 0.190672
1815 0.18123
1816 0.171753
1817 0.184381
1818 0.203329
1819 0.185736
1820 0.178762
1821 0.181644
1822 0.187052
1823 0.171699
1824 0.165984
1825 0.179843
1826 0.182002
1827 0.17898
1828 0.170076
1829 0.169453
1830 0.18923
1831 0.197771
1832 0.161175
1833 0.17467
1834 0.184997
1835 0.167947
1836 0.144199
1837 0.165513
1838 0.182627
1839 0.173482
1840 0.149002
1841 0.161656
1842 0.169768
1843 0.163993
1844 0.172823
1845 0.157653
1846 0.165422
1847 0.160503
1848 0.169098
1849 0.165265
1850 0.173021
1851 0.16462
1852 0.167014
1853 0.187002
1854 0.197322
1855 0.172634
1856 0.173354
1857 0.178654
1858 0.191239
1859 0.185793
1860 0.173438
1861 0.181816
1862 0.193919
1863 0.182403
1864 0.169432
1865 0.175044
1866 0.170848
1867 0.171119
1868 0.174383
1869 0.170874
1870 0.166171
1871 0.173172
1872 0.182956
1873 0.170493
1874 0.158522
1875 0.174619
1876 0.168567
1877 0.160892
1878 0.155386
1879 0.162158
1880 0.152069
1881 0.169678
1882 0.179693
1883 0.1588
1884 0.175109
1885 0.178426
1886 0.180088
1887 0.173851
1888 0.178438
1889 0.180231
1890 0.174053
1891 0.182114
1892 0.179637
1893 0.189694
1894 0.173282
1895 0.17293
1896 0.187922
1897 0.171535
1898 0.179745
1899 0.171837
1900 0.181762
1901 0.16706
1902 0.195727
1903 0.17317
1904 0.16976
1905 0.178856
1906 0.176908
1907 0.187051
1908 0.184151
1909 0.175433
1910 0.160795
1911 0.199027
1912 0.184561
1913 0.161142
1914 0.163672
1915 0.182886
1916 0.180634
1917 0.160189
1918 0.173214
1919 0.161367
1920 0.183946
1921 0.162895
1922 0.172064
1923 0.178748
1924 0.19058
1925 0.174792
1926 0.181435
1927 0.180258
1928 0.172255
1929 0.18555
1930 0.192087
1931 0.172817
1932 0.181996
1933 0.191115
1934 0.183304
1935 0.189614
1936 0.173102
1937 0.180741
1938 0.17795
1939 0.181899
1940 0.194818
1941 0.175166
1942 0.164915
1943 0.181071
1944 0.18402
1945 0.175866
1946 0.174286
1947 0.16758
1948 0.179436
1949 0.168315
1950 0.164179
1951 0.159675
1952 0.168604
1953 0.183196
1954 0.160222
1955 0.172433
1956 0.171594
1957 0.175657
1958 0.188839
1959 0.167204
1960 0.170207
1961 0.166224
1962 0.179852
1963 0.183427
1964 0.163809
1965 0.174502
1966 0.173345
1967 0.176808
1968 0.15444
1969 0.173255
1970 0.175541
1971 0.172741
1972 0.178966
1973 0.184847
1974 0.178298
1975 0.194675
1976 0.198657
1977 0.187176
1978 0.18716
1979 0.173789
1980 0.193194
1981 0.174673
1982 0.18946
1983 0.152447
1984 0.15785
1985 0.178313
1986 0.167335
1987 0.171064
1988 0.152107
1989 0.17633
1990 0.189248
1991 0.166946
1992 0.16685
1993 0.169705
1994 0.185153
1995 0.16141
1996 0.17884
1997 0.173968
1998 0.183652
1999 0.16473
2000 0.177828
2001 0.186428
2002 0.189728
2003 0.169522
2004 0.191637
2005 0.188653
2006 0.187901
2007 0.171598
2008 0.168196
2009 0.173593
2010 0.189439
2011 0.17574
2012 0.172372
2013 0.167366
2014 0.165963
2015 0.184756
2016 0.179996
2017 0.179164
2018 0.16797
2019 0.167272
2020 0.182628
2021 0.163883
2022 0.168646
2023 0.161159
2024 0.1596
2025 0.179084
2026 0.190139
2027 0.171381
2028 0.181064
2029 0.19511
2030 0.176807
2031 0.161901
2032 0.184052
2033 0.184015
2034 0.181141
2035 0.164215
2036 0.170005
2037 0.186766
2038 0.172486
2039 0.155768
2040 0.154987
2041 0.185309
2042 0.163568
2043 0.146966
2044 0.177725
2045 0.193411
2046 0.169978
2047 0.176196
2048 0.187396
2049 0.162556
2050 0.16432
2051 0.187733
2052 0.190019
2053 0.159786
2054 0.163327
2055 0.179339
2056 0.169677
2057 0.168869
2058 0.185458
2059 0.167203
2060 0.1835
2061 0.175628
2062 0.182565
2063 0.173526
2064 0.184678
2065 0.175854
2066 0.169861
2067 0.183708
2068 0.197111
2069 0.174729
2070 0.162891
2071 0.162862
2072 0.184738
2073 0.161806
2074 0.144541
2075 0.154108
2076 0.160092
2077 0.158137
2078 0.164086
2079 0.177488
2080 0.158391
2081 0.157973
2082 0.167439
2083 0.182148
2084 0.177299
2085 0.166671
2086 0.165321
2087 0.189031
2088 0.183443
2089 0.169111
2090 0.171869
2091 0.167161
2092 0.157608
2093 0.177966
2094 0.174798
2095 0.157427
2096 0.177325
2097 0.189477
2098 0.174757
2099 0
