0 8.32266
1 5.79295
2 2.90919
3 2.28132
4 2.48744
5 1.34263
6 -2.35538
7 -5.26686
8 -10.8654
9 -14.7816
10 -11.4744
11 -17.5426
12 -6.55861
13 -12.1333
14 -1.87869
15 -0.040671
16 -1.77123
17 -0.145365
18 -0.929675
19 -0.0496229
20 0.0172173
21 0.155239
22 0.149224
23 0.17346
24 0.167858
25 0.180356
26 0.176084
27 0.180462
28 0.178093
29 0.179667
30 0.174043
31 0.181262
32 0.168345
33 0.159084
34 0.1693
35 0.158088
36 0.163794
37 0.175144
38 0.155607
39 0.16931
40 0.187324
41 0.189185
42 0.178794
43 0.205674
44 0.206487
45 0.204094
46 0.200225
47 0.199851
48 0.175392
49 0.171632
50 0.195591
51 0.159261
52 0.162603
53 0.186388
54 0.156482
55 0.174225
56 0.18171
57 0.158541
58 0.178483
59 0.163188
60 0.150207
61 0.14905
62 0.161531
63 0.14414
64 0.152966
65 0.172801
66 0.151408
67 0.160942
68 0.161352
69 0.181723
70 0.155397
71 0.161574
72 0.190653
73 0.179121
74 0.157569
75 0.161895
76 0.164458
77 0.162469
78 0.151748
79 0.147619
80 0.158439
81 0.179043
82 0.163351
83 0.186795
84 0.179603
85 0.184555
86 0.182431
87 0.162975
88 0.171376
89 0.156131
90 0.166505
91 0.153363
92 0.153671
93 0.153426
94 0.152618
95 0.175284
96 0.151841
97 0.145715
98 0.157603
99 0.16538
100 0.144344
101 0.135884
102 0.161444
103 0.16941
104 0.154678
105 0.140827
106 0.180632
107 0.16117
108 0.142088
109 0.16503
110 0.160306
111 0.155968
112 0.141166
113 0.151967
114 0.153729
115 0.155774
116 0.176138
117 0.178606
118 0.174895
119 0.179035
120 0.191707
121 0.16772
122 0.177993
123 0.175093
124 0.163211
125 0.183471
126 0.175837
127 0.170906
128 0.180454
129 0.182942
130 0.175623
131 0.17766
132 0.175422
133 0.16598
134 0.170565
135 0.164329
136 0.157281
137 0.183845
138 0.180546
139 0.168992
140 0.187535
141 0.204488
142 0.186254
143 0.167337
144 0.172897
145 0.164321
146 0.145423
147 0.172666
148 0.160218
149 0.161266
150 0.172735
151 0.171943
152 0.175783
153 0.169816
154 0.164012
155 0.170612
156 0.178839
157 0.168625
158 0.178208
159 0.187749
160 0.171265
161 0.167561
162 0.171453
163 0.16183
164 0.158138
165 0.171227
166 0.178307
167 0.181404
168 0.183761
169 0.182443
170 0.189854
171 0.184174
172 0.164038
173 0.179377
174 0.182521
175 0.161129
176 0.184501
177 0.154762
178 0.178593
179 0.191576
180 0.180047
181 0.181243
182 0.17648
183 0.201553
184 0.163673
185 0.170937
186 0.169213
187 0.169161
188 0.188116
189 0.166174
190 0.172154
191 0.198964
192 0.18125
193 0.189513
194 0.194595
195 0.178406
196 0.193094
197 0.16885
198 0.161579
199 0.164466
200 0.147342
201 0.160367
202 0.160871
203 0.15653
204 0.172492
205 0.185613
206 0.173608
207 0.159494
208 0.163459
209 0.168914
210 0.168779
211 0.149983
212 0.188978
213 0.198804
214 0.167181
215 0.17736
216 0.195546
217 0.168039
218 0.168925
219 0.193605
220 0.162807
221 0.18693
222 0.189459
223 0.159475
224 0.194045
225 0.177838
226 0.161645
227 0.191165
228 0.176668
229 0.16198
230 0.184224
231 0.182407
232 0.152995
233 0.177036
234 0.194018
235 0.174469
236 0.18943
237 0.201287
238 0.180375
239 0.1815
240 0.206251
241 0.170338
242 0.171791
243 0.171299
244 0.16209
245 0.161368
246 0.149586
247 0.166569
248 0.171366
249 0.152631
250 0.19642
251 0.182634
252 0.173087
253 0.173924
254 0.172092
255 0.177748
256 0.161832
257 0.172695
258 0.163639
259 0.16208
260 0.180949
261 0.186521
262 0.178758
263 0.173134
264 0.178818
265 0.178624
266 0.156829
267 0.176001
268 0.192812
269 0.164122
270 0.189087
271 0.195627
272 0.16136
273 0.173521
274 0.183288
275 0.174458
276 0.180722
277 0.178151
278 0.165641
279 0.202956
280 0.164922
281 0.164595
282 0.19628
283 0.160394
284 0.197876
285 0.172631
286 0.162663
287 0.180789
288 0.171559
289 0.184548
290 0.176601
291 0.196295
292 0.199633
293 0.189468
294 0.185593
295 0.202848
296 0.185081
297 0.180231
298 0.175855
299 0.169465
300 0.19006
301 0.17178
302 0.180719
303 0.186144
304 0.173949
305 0.167368
306 0.174373
307 0.183402
308 0.162049
309 0.181754
310 0.201291
311 0.186752
312 0.180723
313 0.171378
314 0.172134
315 0.160853
316 0.160181
317 0.161921
318 0.177717
319 0.167938
320 0.187462
321 0.191478
322 0.166269
323 0.200082
324 0.170294
325 0.170831
326 0.184981
327 0.171501
328 0.178961
329 0.177915
330 0.173278
331 0.178293
332 0.177106
333 0.167844
334 0.16513
335 0.172725
336 0.158814
337 0.162975
338 0.175664
339 0.158576
340 0.161708
341 0.168088
342 0.169733
343 0.17066
344 0.171419
345 0.163746
346 0.164376
347 0.166556
348 0.169752
349 0.156227
350 0.169906
351 0.175333
352 0.173082
353 0.197622
354 0.163073
355 0.187272
356 0.171554
357 0.159195
358 0.192147
359 0.176639
360 0.177349
361 0.18482
362 0.201145
363 0.171881
364 0.17013
365 0.182023
366 0.156849
367 0.163179
368 0.162571
369 0.163901
370 0.180567
371 0.153303
372 0.177937
373 0.165965
374 0.149272
375 0.160492
376 0.157795
377 0.150746
378 0.163596
379 0.18462
380 0.18957
381 0.187965
382 0.195028
383 0.190148
384 0.168685
385 0.175044
386 0.17051
387 0.146133
388 0.157761
389 0.168857
390 0.171824
391 0.17637
392 0.160055
393 0.172271
394 0.182553
395 0.168538
396 0.162936
397 0.157642
398 0.170308
399 0.1701
400 0.161426
401 0.166317
402 0.180714
403 0.190327
404 0.172844
405 0.183726
406 0.193829
407 0.163562
408 0.184403
409 0.190675
410 0.183306
411 0.186561
412 0.183902
413 0.198239
414 0.187613
415 0.186119
416 0.197595
417 0.181678
418 0.198162
419 0.196099
420 0.189537
421 0.177941
422 0.166334
423 0.187814
424 0.161367
425 0.143993
426 0.174031
427 0.149158
428 0.163031
429 0.165234
430 0.167686
431 0.173078
432 0.163838
433 0.178415
434 0.182237
435 0.171483
436 0.161525
437 0.201446
438 0.201357
439 0.166471
440 0.180142
441 0.195393
442 0.18175
443 0.18466
444 0.200155
445 0.20398
446 0.186052
447 0.179017
448 0.173572
449 0.1757
450 0.157794
451 0.16143
452 0.178491
453 0.172347
454 0.157262
455 0.162987
456 0.168967
457 0.153659
458 0.14681
459 0.164639
460 0.179476
461 0.170119
462 0.169502
463 0.199746
464 0.203377
465 0.168677
466 0.191466
467 0.208649
468 0.182742
469 0.195673
470 0.204238
471 0.173276
472 0.182187
473 0.166914
474 0.181375
475 0.187881
476 0.18859
477 0.198446
478 0.196953
479 0.21311
480 0.181481
481 0.186503
482 0.203423
483 0.176815
484 0.188259
485 0.18398
486 0.194729
487 0.190305
488 0.182173
489 0.175145
490 0.171176
491 0.194441
492 0.172103
493 0.152444
494 0.192208
495 0.16728
496 0.157338
497 0.173759
498 0.157458
499 0.167191
500 0.159906
501 0.164666
502 0.167708
503 0.171244
504 0.162549
505 0.188924
506 0.196802
507 0.169353
508 0.174737
509 0.187431
510 0.17156
511 0.154124
512 0.176058
513 0.159175
514 0.176677
515 0.188085
516 0.187362
517 0.196147
518 0.183948
519 0.19418
520 0.200679
521 0.175639
522 0.174138
523 0.178705
524 0.175604
525 0.160657
526 0.163453
527 0.194307
528 0.173348
529 0.173569
530 0.186865
531 0.187768
532 0.194579
533 0.19241
534 0.194218
535 0.191661
536 0.185361
537 0.188597
538 0.181767
539 0.168145
540 0.192238
541 0.187805
542 0.175725
543 0.178861
544 0.192829
545 0.190205
546 0.162764
547 0.162211
548 0.188981
549 0.174707
550 0.167144
551 0.173631
552 0.172398
553 0.182809
554 0.172942
555 0.174911
556 0.174416
557 0.165205
558 0.191104
559 0.196493
560 0.176203
561 0.182042
562 0.171714
563 0.185125
564 0.176396
565 0.161388
566 0.16981
567 0.179107
568 0.169678
569 0.162364
570 0.181744
571 0.174139
572 0.158738
573 0.170676
574 0.172152
575 0.149981
576 0.167637
577 0.173161
578 0.164021
579 0.166026
580 0.178855
581 0.182697
582 0.160163
583 0.166874
584 0.175358
585 0.174752
586 0.186796
587 0.198609
588 0.207803
589 0.194645
590 0.203864
591 0.186656
592 0.182478
593 0.173727
594 0.176758
595 0.183366
596 0.156453
597 0.193273
598 0.170685
599 0.170837
600 0.189104
601 0.165982
602 0.185169
603 0.192903
604 0.170436
605 0.177516
606 0.175986
607 0.16873
608 0.168028
609 0.175239
610 0.168271
611 0.149058
612 0.189481
613 0.155013
614 0.146884
615 0.168744
616 0.153984
617 0.148659
618 0.157256
619 0.170034
620 0.15279
621 0.151638
622 0.153982
623 0.155619
624 0.152967
625 0.158952
626 0.167346
627 0.181716
628 0.182762
629 0.167076
630 0.175515
631 0.18302
632 0.167374
633 0.16465
634 0.186472
635 0.180275
636 0.160217
637 0.16698
638 0.186335
639 0.15889
640 0.166953
641 0.175954
642 0.163573
643 0.186707
644 0.185668
645 0.178844
646 0.196348
647 0.195747
648 0.191937
649 0.177206
650 0.174016
651 0.176953
652 0.169312
653 0.176703
654 0.177987
655 0.189357
656 0.170587
657 0.174825
658 0.188082
659 0.160368
660 0.170336
661 0.164047
662 0.165585
663 0.164056
664 0.149794
665 0.158272
666 0.166019
667 0.154162
668 0.170145
669 0.185836
670 0.166609
671 0.158029
672 0.163789
673 0.156357
674 0.159736
675 0.157707
676 0.15162
677 0.182245
678 0.183991
679 0.159472
680 0.184904
681 0.199362
682 0.167327
683 0.189216
684 0.167007
685 0.165528
686 0.178104
687 0.166308
688 0.156095
689 0.152884
690 0.168501
691 0.152773
692 0.147669
693 0.159377
694 0.153687
695 0.145963
696 0.161642
697 0.162057
698 0.163242
699 0.162869
700 0.165681
701 0.177928
702 0.17865
703 0.180776
704 0.178044
705 0.176131
706 0.193369
707 0.1967
708 0.183383
709 0.179525
710 0.171556
711 0.16549
712 0.180086
713 0.151874
714 0.156939
715 0.167231
716 0.160662
717 0.188542
718 0.180055
719 0.184439
720 0.207475
721 0.196641
722 0.173423
723 0.176498
724 0.164444
725 0.171629
726 0.172684
727 0.159685
728 0.178565
729 0.205411
730 0.172889
731 0.162926
732 0.177558
733 0.161786
734 0.16651
735 0.162503
736 0.170622
737 0.183801
738 0.170184
739 0.188551
740 0.190215
741 0.171394
742 0.16155
743 0.184018
744 0.159143
745 0.147829
746 0.185846
747 0.147189
748 0.141672
749 0.156485
750 0.158114
751 0.145961
752 0.14822
753 0.181728
754 0.152791
755 0.165972
756 0.176318
757 0.144577
758 0.16356
759 0.17098
760 0.169817
761 0.166056
762 0.189423
763 0.19588
764 0.18189
765 0.176003
766 0.169508
767 0.170049
768 0.145364
769 0.158052
770 0.178167
771 0.16741
772 0.182133
773 0.180959
774 0.169965
775 0.161435
776 0.160956
777 0.148485
778 0.137387
779 0.155841
780 0.150734
781 0.160435
782 0.16288
783 0.155524
784 0.186448
785 0.182623
786 0.157358
787 0.173762
788 0.166182
789 0.161699
790 0.162328
791 0.159954
792 0.183944
793 0.175881
794 0.176127
795 0.184111
796 0.182955
797 0.173587
798 0.166672
799 0.164787
800 0.151305
801 0.14979
802 0.161161
803 0.158545
804 0.146174
805 0.156987
806 0.160119
807 0.147039
808 0.157906
809 0.158891
810 0.157894
811 0.169524
812 0.166194
813 0.182108
814 0.165141
815 0.163785
816 0.18292
817 0.162949
818 0.180644
819 0.186468
820 0.168623
821 0.185917
822 0.182771
823 0.166086
824 0.168362
825 0.150835
826 0.152116
827 0.154561
828 0.146456
829 0.164171
830 0.161778
831 0.152809
832 0.171423
833 0.161477
834 0.179878
835 0.170102
836 0.146557
837 0.16423
838 0.162658
839 0.165381
840 0.15817
841 0.160711
842 0.186217
843 0.165036
844 0.15923
845 0.178062
846 0.163921
847 0.156666
848 0.173346
849 0.168192
850 0.166437
851 0.165932
852 0.155893
853 0.150384
854 0.166135
855 0.154499
856 0.1548
857 0.184008
858 0.178181
859 0.180957
860 0.175564
861 0.167475
862 0.166609
863 0.16876
864 0.165035
865 0.154443
866 0.182793
867 0.168923
868 0.171051
869 0.181722
870 0.171862
871 0.183753
872 0.18329
873 0.16782
874 0.167156
875 0.166362
876 0.159816
877 0.173035
878 0.16578
879 0.155002
880 0.179348
881 0.185996
882 0.170991
883 0.178906
884 0.176191
885 0.173113
886 0.169653
887 0.160607
888 0.158746
889 0.179813
890 0.168277
891 0.163324
892 0.183103
893 0.179812
894 0.17138
895 0.18584
896 0.180248
897 0.183939
898 0.17067
899 0.172167
900 0.169167
901 0.158021
902 0.157294
903 0.152817
904 0.176874
905 0.177824
906 0.1717
907 0.177332
908 0.198209
909 0.195421
910 0.19984
911 0.187787
912 0.19488
913 0.209623
914 0.168564
915 0.205533
916 0.184016
917 0.163177
918 0.185012
919 0.170186
920 0.189528
921 0.173363
922 0.170205
923 0.169212
924 0.154353
925 0.171227
926 0.147631
927 0.162276
928 0.166894
929 0.170859
930 0.173138
931 0.175709
932 0.170409
933 0.159198
934 0.174954
935 0.160746
936 0.151501
937 0.170733
938 0.157032
939 0.167521
940 0.15616
941 0.14938
942 0.180933
943 0.154147
944 0.146819
945 0.166842
946 0.157036
947 0.153149
948 0.151337
949 0.142435
950 0.165973
951 0.159809
952 0.155735
953 0.165749
954 0.195775
955 0.152414
956 0.156281
957 0.171396
958 0.146629
959 0.165521
960 0.167876
961 0.15924
962 0.180833
963 0.182772
964 0.173017
965 0.175499
966 0.169282
967 0.174709
968 0.181677
969 0.170492
970 0.183561
971 0.19995
972 0.199919
973 0.179227
974 0.168157
975 0.165787
976 0.170964
977 0.159816
978 0.157787
979 0.176502
980 0.170953
981 0.169781
982 0.182789
983 0.166928
984 0.177567
985 0.176766
986 0.175496
987 0.175493
988 0.168491
989 0.166297
990 0.161673
991 0.174151
992 0.151575
993 0.160134
994 0.158996
995 0.158857
996 0.174114
997 0.164828
998 0.166805
999 0.163104
1000 0.189138
1001 0.177708
1002 0.166286
1003 0.186791
1004 0.169889
1005 0.196344
1006 0.169856
1007 0.164302
1008 0.186664
1009 0.163124
1010 0.171153
1011 0.178858
1012 0.155143
1013 0.175658
1014 0.168541
1015 0.158215
1016 0.192064
1017 0.165872
1018 0.183508
1019 0.17949
1020 0.171514
1021 0.171205
1022 0.179008
1023 0.162895
1024 0.153229
1025 0.160465
1026 0.154174
1027 0.146762
1028 0.162431
1029 0.153601
1030 0.155905
1031 0.160337
1032 0.154749
1033 0.166101
1034 0.149978
1035 0.152253
1036 0.154325
1037 0.171067
1038 0.169664
1039 0.170281
1040 0.178575
1041 0.182114
1042 0.18554
1043 0.164277
1044 0.183518
1045 0.176072
1046 0.14825
1047 0.167301
1048 0.174392
1049 0.169312
1050 0.165459
1051 0.1767
1052 0.171167
1053 0.171613
1054 0.183668
1055 0.178022
1056 0.181047
1057 0.196845
1058 0.205187
1059 0.179629
1060 0.18106
1061 0.180679
1062 0.158229
1063 0.176336
1064 0.167468
1065 0.156113
1066 0.183173
1067 0.170291
1068 0.153994
1069 0.181471
1070 0.161825
1071 0.161291
1072 0.19191
1073 0.172274
1074 0.195227
1075 0.183227
1076 0.163886
1077 0.184989
1078 0.175552
1079 0.181311
1080 0.173849
1081 0.168966
1082 0.193803
1083 0.16975
1084 0.167791
1085 0.183158
1086 0.191803
1087 0.176897
1088 0.166251
1089 0.18124
1090 0.181612
1091 0.165859
1092 0.166325
1093 0.166669
1094 0.186728
1095 0.161872
1096 0.151435
1097 0.175418
1098 0.171444
1099 0.169106
1100 0.182994
1101 0.170983
1102 0.162801
1103 0.198452
1104 0.169179
1105 0.158042
1106 0.178707
1107 0.187857
1108 0.173952
1109 0.181158
1110 0.194819
1111 0.168208
1112 0.180905
1113 0.186239
1114 0.164063
1115 0.166675
1116 0.150585
1117 0.179655
1118 0.169819
1119 0.150263
1120 0.157305
1121 0.151367
1122 0.17109
1123 0.151863
1124 0.150109
1125 0.19368
1126 0.177543
1127 0.192394
1128 0.194559
1129 0.187517
1130 0.204075
1131 0.182759
1132 0.186578
1133 0.180569
1134 0.180148
1135 0.179046
1136 0.166902
1137 0.187869
1138 0.161073
1139 0.173795
1140 0.198417
1141 0.172525
1142 0.197119
1143 0.205918
1144 0.186858
1145 0.174113
1146 0.198831
1147 0.178229
1148 0.176511
1149 0.171758
1150 0.169122
1151 0.19749
1152 0.17043
1153 0.192135
1154 0.185693
1155 0.172221
1156 0.200681
1157 0.173238
1158 0.16705
1159 0.178756
1160 0.179436
1161 0.170501
1162 0.166811
1163 0.184124
1164 0.185224
1165 0.176714
1166 0.162933
1167 0.191075
1168 0.167362
1169 0.154528
1170 0.161986
1171 0.161729
1172 0.17041
1173 0.172817
1174 0.16912
1175 0.185064
1176 0.200379
1177 0.180274
1178 0.177446
1179 0.174784
1180 0.168293
1181 0.166833
1182 0.160269
1183 0.147485
1184 0.166771
1185 0.167397
1186 0.16355
1187 0.163625
1188 0.162932
1189 0.186928
1190 0.165364
1191 0.161538
1192 0.198931
1193 0.166621
1194 0.15741
1195 0.186472
1196 0.169037
1197 0.164463
1198 0.191309
1199 0.179299
1200 0.188149
1201 0.209389
1202 0.182547
1203 0.16871
1204 0.188873
1205 0.16914
1206 0.159865
1207 0.151857
1208 0.166834
1209 0.167945
1210 0.14535
1211 0.161991
1212 0.165838
1213 0.150366
1214 0.168342
1215 0.151559
1216 0.150424
1217 0.161201
1218 0.167586
1219 0.171706
1220 0.165631
1221 0.175655
1222 0.190311
1223 0.186561
1224 0.173101
1225 0.173738
1226 0.166216
1227 0.17286
1228 0.164115
1229 0.153742
1230 0.172533
1231 0.161945
1232 0.167702
1233 0.180634
1234 0.150019
1235 0.177988
1236 0.197261
1237 0.18194
1238 0.205504
1239 0.207045
1240 0.213702
1241 0.189308
1242 0.175201
1243 0.194882
1244 0.159992
1245 0.161012
1246 0.15791
1247 0.166039
1248 0.167933
1249 0.146131
1250 0.161397
1251 0.164221
1252 0.161871
1253 0.168256
1254 0.153618
1255 0.174246
1256 0.180481
1257 0.188172
1258 0.191103
1259 0.164261
1260 0.165884
1261 0.17152
1262 0.158418
1263 0.142788
1264 0.177489
1265 0.173622
1266 0.169983
1267 0.192127
1268 0.183335
1269 0.171218
1270 0.160317
1271 0.171444
1272 0.167552
1273 0.166466
1274 0.183148
1275 0.165053
1276 0.179858
1277 0.208804
1278 0.174542
1279 0.18626
1280 0.201975
1281 0.183246
1282 0.181683
1283 0.176713
1284 0.182702
1285 0.161982
1286 0.162243
1287 0.177868
1288 0.173734
1289 0.175853
1290 0.178072
1291 0.191922
1292 0.168049
1293 0.181433
1294 0.162984
1295 0.161176
1296 0.179023
1297 0.177463
1298 0.171688
1299 0.181201
1300 0.187472
1301 0.164059
1302 0.188249
1303 0.170147
1304 0.16378
1305 0.194304
1306 0.171803
1307 0.163874
1308 0.174347
1309 0.15959
1310 0.147865
1311 0.149686
1312 0.153248
1313 0.144257
1314 0.140652
1315 0.17743
1316 0.16898
1317 0.158048
1318 0.167256
1319 0.190995
1320 0.158616
1321 0.147201
1322 0.164396
1323 0.157962
1324 0.159133
1325 0.158379
1326 0.151588
1327 0.169013
1328 0.163401
1329 0.158995
1330 0.171188
1331 0.170341
1332 0.167796
1333 0.150288
1334 0.178039
1335 0.164612
1336 0.166336
1337 0.157235
1338 0.158284
1339 0.16894
1340 0.161999
1341 0.148853
1342 0.169615
1343 0.190194
1344 0.171302
1345 0.163193
1346 0.208341
1347 0.173494
1348 0.155681
1349 0.193732
1350 0.167671
1351 0.163803
1352 0.175975
1353 0.159705
1354 0.176709
1355 0.173205
1356 0.178638
1357 0.189197
1358 0.170312
1359 0.190438
1360 0.173957
1361 0.151965
1362 0.171275
1363 0.154338
1364 0.158949
1365 0.155696
1366 0.161008
1367 0.164024
1368 0.155639
1369 0.192121
1370 0.164376
1371 0.173214
1372 0.196088
1373 0.177537
1374 0.184247
1375 0.190288
1376 0.186205
1377 0.166461
1378 0.174971
1379 0.17268
1380 0.150701
1381 0.181277
1382 0.176071
1383 0.170007
1384 0.177042
1385 0.204445
1386 0.188328
1387 0.174313
1388 0.202488
1389 0.183313
1390 0.181845
1391 0.200928
1392 0.18515
1393 0.194496
1394 0.171792
1395 0.183692
1396 0.190034
1397 0.16782
1398 0.183565
1399 0.187888
1400 0.168607
1401 0.178533
1402 0.173668
1403 0.150205
1404 0.173356
1405 0.184512
1406 0.152874
1407 0.17475
1408 0.199972
1409 0.177739
1410 0.171788
1411 0.178791
1412 0.18608
1413 0.169436
1414 0.184407
1415 0.178508
1416 0.163714
1417 0.18312
1418 0.16573
1419 0.153597
1420 0.1654
1421 0.176904
1422 0.151812
1423 0.166993
1424 0.192181
1425 0.16645
1426 0.167516
1427 0.168723
1428 0.163045
1429 0.174312
1430 0.157522
1431 0.153498
1432 0.15738
1433 0.171862
1434 0.153647
1435 0.174477
1436 0.18696
1437 0.159841
1438 0.176786
1439 0.178162
1440 0.162712
1441 0.162718
1442 0.158152
1443 0.163924
1444 0.179013
1445 0.152454
1446 0.160654
1447 0.191676
1448 0.183183
1449 0.181966
1450 0.191948
1451 0.204214
1452 0.184702
1453 0.196653
1454 0.194001
1455 0.16471
1456 0.183788
1457 0.160248
1458 0.188316
1459 0.158131
1460 0.142462
1461 0.189973
1462 0.170119
1463 0.174107
1464 0.186456
1465 0.19486
1466 0.195451
1467 0.178854
1468 0.19434
1469 0.177463
1470 0.179263
1471 0.196245
1472 0.16003
1473 0.160449
1474 0.189956
1475 0.171048
1476 0.162489
1477 0.198791
1478 0.19188
1479 0.186668
1480 0.202715
1481 0.200344
1482 0.19191
1483 0.200996
1484 0.194697
1485 0.185651
1486 0.192703
1487 0.180877
1488 0.165534
1489 0.18229
1490 0.189581
1491 0.141904
1492 0.16031
1493 0.16959
1494 0.177196
1495 0.152231
1496 0.15701
1497 0.174652
1498 0.172965
1499 0.168573
1500 0.171663
1501 0.17121
1502 0.164155
1503 0.173937
1504 0.171198
1505 0.176019
1506 0.168763
1507 0.164629
1508 0.164535
1509 0.171222
1510 0.169186
1511 0.158555
1512 0.165758
1513 0.174817
1514 0.184117
1515 0.181134
1516 0.193639
1517 0.194205
1518 0.203753
1519 0.179168
1520 0.170439
1521 0.172269
1522 0.154741
1523 0.150642
1524 0.159366
1525 0.150585
1526 0.14095
1527 0.148068
1528 0.164179
1529 0.15496
1530 0.16575
1531 0.18507
1532 0.166657
1533 0.183714
1534 0.189621
1535 0.178192
1536 0.190685
1537 0.17195
1538 0.166522
1539 0.161114
1540 0.165723
1541 0.172237
1542 0.159562
1543 0.163712
1544 0.164795
1545 0.158459
1546 0.161221
1547 0.146873
1548 0.163826
1549 0.172309
1550 0.179396
1551 0.173649
1552 0.160203
1553 0.17621
1554 0.170518
1555 0.182227
1556 0.162835
1557 0.196371
1558 0.191543
1559 0.178958
1560 0.172628
1561 0.165589
1562 0.169435
1563 0.170817
1564 0.176366
1565 0.175909
1566 0.181511
1567 0.191919
1568 0.184884
1569 0.167346
1570 0.190508
1571 0.169397
1572 0.14479
1573 0.161819
1574 0.158522
1575 0.155906
1576 0.167301
1577 0.167327
1578 0.156863
1579 0.17744
1580 0.184381
1581 0.172151
1582 0.16221
1583 0.164681
1584 0.188886
1585 0.184021
1586 0.148052
1587 0.16382
1588 0.172464
1589 0.168731
1590 0.147477
1591 0.165178
1592 0.184465
1593 0.170991
1594 0.207309
1595 0.185857
1596 0.188062
1597 0.18941
1598 0.182422
1599 0.169689
1600 0.15754
1601 0.181158
1602 0.17217
1603 0.151758
1604 0.172372
1605 0.173741
1606 0.173217
1607 0.190542
1608 0.1954
1609 0.187473
1610 0.192556
1611 0.19477
1612 0.196055
1613 0.182979
1614 0.188069
1615 0.197452
1616 0.17134
1617 0.174657
1618 0.204142
1619 0.193128
1620 0.158373
1621 0.172312
1622 0.159238
1623 0.15019
1624 0.151115
1625 0.169626
1626 0.170288
1627 0.170343
1628 0.192748
1629 0.180187
1630 0.181257
1631 0.191387
1632 0.162749
1633 0.181028
1634 0.197205
1635 0.167449
1636 0.171352
1637 0.192797
1638 0.17217
1639 0.183505
1640 0.186926
1641 0.193896
1642 0.185405
1643 0.17481
1644 0.172513
1645 0.184045
1646 0.160046
1647 0.161758
1648 0.170348
1649 0.153204
1650 0.158935
1651 0.167461
1652 0.153529
1653 0.161822
1654 0.167654
1655 0.148163
1656 0.161514
1657 0.154298
1658 0.140665
1659 0.144594
1660 0.145802
1661 0.132573
1662 0.146005
1663 0.154611
1664 0.147209
1665 0.151862
1666 0.167238
1667 0.166453
1668 0.16045
1669 0.170768
1670 0.156819
1671 0.177075
1672 0.17815
1673 0.173143
1674 0.18091
1675 0.183143
1676 0.19939
1677 0.163823
1678 0.188435
1679 0.185498
1680 0.161147
1681 0.171815
1682 0.177627
1683 0.166409
1684 0.178589
1685 0.18396
1686 0.172753
1687 0.183906
1688 0.164446
1689 0.170161
1690 0.177355
1691 0.160582
1692 0.177496
1693 0.175156
1694 0.173015
1695 0.185855
1696 0.180359
1697 0.179901
1698 0.171033
1699 0.184004
1700 0.191617
1701 0.160586
1702 0.161541
1703 0.170695
1704 0.166697
1705 0.177701
1706 0.169005
1707 0.174766
1708 0.176291
1709 0.173638
1710 0.176517
1711 0.164964
1712 0.166506
1713 0.157608
1714 0.179254
1715 0.153236
1716 0.167428
1717 0.196196
1718 0.164659
1719 0.173977
1720 0.178202
1721 0.183456
1722 0.167938
1723 0.163078
1724 0.185443
1725 0.18694
1726 0.168704
1727 0.171081
1728 0.179603
1729 0.172794
1730 0.152377
1731 0.161713
1732 0.194029
1733 0.170215
1734 0.178541
1735 0.174528
1736 0.187199
1737 0.178547
1738 0.152088
1739 0.159304
1740 0.167508
1741 0.169109
1742 0.170673
1743 0.174807
1744 0.198815
1745 0.17499
1746 0.159211
1747 0.198522
1748 0.158419
1749 0.160966
1750 0.172885
1751 0.176787
1752 0.163741
1753 0.175186
1754 0.178194
1755 0.172075
1756 0.191217
1757 0.175192
1758 0.188059
1759 0.172703
1760 0.188625
1761 0.17919
1762 0.161791
1763 0.15592
1764 0.163715
1765 0.169231
1766 0.168174
1767 0.18335
1768 0.176411
1769 0.17851
1770 0.192938
1771 0.179249
1772 0.136666
1773 0.18942
1774 0.184309
1775 0.167233
1776 0.191947
1777 0.181297
1778 0.197428
1779 0.218199
1780 0.179698
1781 0.208086
1782 0.196317
1783 0.181518
1784 0.198102
1785 0.166371
1786 0.164157
1787 0.16341
1788 0.165901
1789 0.182793
1790 0.169462
1791 0.162508
1792 0.187858
1793 0.170581
1794 0.158154
1795 0.179353
1796 0.163078
1797 0.157561
1798 0.154366
1799 0.168969
1800 0.167937
1801 0.156937
1802 0.151791
1803 0.172319
1804 0.174536
1805 0.150307
1806 0.171634
1807 0.165362
1808 0.153495
1809 0.179128
1810 0.164301
1811 0.157841
1812 0.186589
1813 0.170286
1814 0.181089
1815 0.191815
1816 0.17159
1817 0.18679
1818 0.168077
1819 0.182442
1820 0.190673
1821 0.175442
1822 0.172609
1823 0.171397
1824 0.194496
1825 0.156639
1826 0.182808
1827 0.187759
1828 0.17807
1829 0.176378
1830 0.172467
1831 0.17021
1832 0.149349
1833 0.159029
1834 0.165375
1835 0.153165
1836 0.139863
1837 0.178818
1838 0.166842
1839 0.175154
1840 0.194466
1841 0.172175
1842 0.185585
1843 0.182355
1844 0.16902
1845 0.174375
1846 0.177345
1847 0.182567
1848 0.195566
1849 0.172927
1850 0.169181
1851 0.173693
1852 0.180363
1853 0.155156
1854 0.155909
1855 0.1868
1856 0.161505
1857 0.173121
1858 0.176528
1859 0.159593
1860 0.175735
1861 0.173114
1862 0.159824
1863 0.151837
1864 0.172386
1865 0.164066
1866 0.162296
1867 0.181512
1868 0.185425
1869 0.18839
1870 0.187028
1871 0.186928
1872 0.198659
1873 0.179941
1874 0.168357
1875 0.183676
1876 0.183184
1877 0.168574
1878 0.180535
1879 0.197852
1880 0.170402
1881 0.175051
1882 0.186723
1883 0.172567
1884 0.160907
1885 0.175341
1886 0.173039
1887 0.179313
1888 0.179627
1889 0.160571
1890 0.16453
1891 0.18801
1892 0.172144
1893 0.169985
1894 0.182851
1895 0.174701
1896 0.189037
1897 0.173233
1898 0.168974
1899 0.179738
1900 0.153843
1901 0.156214
1902 0.165645
1903 0.161052
1904 0.161268
1905 0.163005
1906 0.168342
1907 0.170473
1908 0.159112
1909 0.151619
1910 0.148465
1911 0.15978
1912 0.16214
1913 0.156113
1914 0.171275
1915 0.170829
1916 0.181832
1917 0.171892
1918 0.16094
1919 0.175666
1920 0.1837
1921 0.160354
1922 0.161498
1923 0.175661
1924 0.167938
1925 0.16679
1926 0.187659
1927 0.18277
1928 0.17986
1929 0.184261
1930 0.170209
1931 0.180267
1932 0.168322
1933 0.155111
1934 0.174184
1935 0.158339
1936 0.166818
1937 0.180328
1938 0.18409
1939 0.181752
1940 0.185193
1941 0.197598
1942 0.171779
1943 0.17726
1944 0.164651
1945 0.146719
1946 0.174942
1947 0.163717
1948 0.162892
1949 0.176891
1950 0.165987
1951 0.159926
1952 0.187515
1953 0.154948
1954 0.159786
1955 0.177508
1956 0.160154
1957 0.178195
1958 0.164276
1959 0.165927
1960 0.178676
1961 0.166363
1962 0.180293
1963 0.178255
1964 0.178862
1965 0.177553
1966 0.171846
1967 0.175276
1968 0.183451
1969 0.172753
1970 0.172996
1971 0.171814
1972 0.168101
1973 0.171996
1974 0.152766
1975 0.169352
1976 0.174395
1977 0.173084
1978 0.183991
1979 0.170523
1980 0.179377
1981 0.199994
1982 0.17925
1983 0.185312
1984 0.207836
1985 0.183761
1986 0.1949
1987 0.18522
1988 0.169774
1989 0.174377
1990 0.161197
1991 0.167989
1992 0.162411
1993 0.178266
1994 0.157445
1995 0.161046
1996 0.170279
1997 0.172235
1998 0.131547
1999 0.186565
2000 0.189815
2001 0.152519
2002 0.179023
2003 0.152402
2004 0.171287
2005 0.187397
2006 0.176223
2007 0.192601
2008 0.213267
2009 0.198444
2010 0.174195
2011 0.185052
2012 0.166294
2013 0.162056
2014 0.158706
2015 0.169552
2016 0.168423
2017 0.176504
2018 0.185176
2019 0.184914
2020 0.206405
2021 0.176521
2022 0.181622
2023 0.178821
2024 0.149577
2025 0.178821
2026 0.169195
2027 0.157554
2028 0.171839
2029 0.180864
2030 0.167247
2031 0.176925
2032 0.199205
2033 0.166695
2034 0.187158
2035 0.189933
2036 0.170426
2037 0.183429
2038 0.170319
2039 0.16782
2040 0.186485
2041 0.183586
2042 0.183704
2043 0.192721
2044 0.190583
2045 0.194046
2046 0.192089
2047 0.186595
2048 0.185407
2049 0.174518
2050 0.194037
2051 0.162332
2052 0.140575
2053 0.144738
2054 0.15741
2055 0.156433
2056 0.164973
2057 0.188633
2058 0.185454
2059 0.190831
2060 0.204366
2061 0.208875
2062 0.187307
2063 0.189277
2064 0.198735
2065 0.200031
2066 0.187447
2067 0.185124
2068 0.186573
2069 0.190984
2070 0.181794
2071 0.156809
2072 0.15549
2073 0.17255
2074 0.162517
2075 0.163127
2076 0.183261
2077 0.172504
2078 0.183029
2079 0.188421
2080 0.181005
2081 0.173597
2082 0.174595
2083 0.181682
2084 0.194014
2085 0.174806
2086 0.177951
2087 0.19048
2088 0.172956
2089 0.163248
2090 0.167989
2091 0.156939
2092 0.143165
2093 0.149221
2094 0.146116
2095 0.157363
2096 0.147678
2097 0.173935
2098 0.193578
2099 0
