0 69.8885
1 -32.2709
2 -36.1716
3 -35.4062
4 -23.8623
5 -16.016
6 -11.5622
7 -10.9294
8 -9.04354
9 -8.47803
10 -9.34047
11 -8.08529
12 -9.12929
13 -9.34702
14 -7.17237
15 -11.4411
16 -7.45765
17 -5.63523
18 -8.65133
19 -6.69698
20 -8.00681
21 1.26884
22 -3.10988
23 -5.00706
24 6.51722
25 -0.836922
26 -4.02051
27 3.19667
28 0.970619
29 -0.401221
30 1.30782
31 0.12774
32 0.317754
33 0.54521
34 0.0243883
35 0.192107
36 0.270084
37 0.122182
38 0.197184
39 0.137785
40 0.158663
41 0.164367
42 0.148006
43 0.180012
44 0.162837
45 0.155622
46 0.1872
47 0.171541
48 0.189156
49 0.186799
50 0.16524
51 0.190702
52 0.188121
53 0.188411
54 0.169757
55 0.193803
56 0.192318
57 0.188824
58 0.205616
59 0.196093
60 0.203341
61 0.201178
62 0.180704
63 0.199308
64 0.189176
65 0.188583
66 0.173057
67 0.163838
68 0.161008
69 0.167348
70 0.183615
71 0.185778
72 0.179398
73 0.19953
74 0.164352
75 0.193617
76 0.180245
77 0.186565
78 0.186316
79 0.187844
80 0.178835
81 0.186277
82 0.163664
83 0.179179
84 0.169935
85 0.188205
86 0.17662
87 0.161651
88 0.173364
89 0.174279
90 0.188381
91 0.157102
92 0.17633
93 0.189798
94 0.203063
95 0.176579
96 0.153323
97 0.17938
98 0.191319
99 0.167624
100 0.17406
101 0.167752
102 0.171101
103 0.162667
104 0.16078
105 0.179985
106 0.179173
107 0.186592
108 0.206953
109 0.158962
110 0.209411
111 0.215312
112 0.184406
113 0.181366
114 0.202411
115 0.182843
116 0.196017
117 0.175719
118 0.171921
119 0.177472
120 0.180975
121 0.18267
122 0.159143
123 0.176831
124 0.179165
125 0.173577
126 0.17823
127 0.131095
128 0.166194
129 0.192835
130 0.170591
131 0.147523
132 0.188752
133 0.184352
134 0.19808
135 0.188243
136 0.176467
137 0.181033
138 0.1811
139 0.200456
140 0.180918
141 0.185126
142 0.180337
143 0.15174
144 0.169737
145 0.175904
146 0.172745
147 0.177261
148 0.178024
149 0.189322
150 0.204013
151 0.178431
152 0.207839
153 0.214602
154 0.187841
155 0.180587
156 0.177075
157 0.186539
158 0.165875
159 0.180542
160 0.182243
161 0.176575
162 0.18358
163 0.174536
164 0.188272
165 0.155457
166 0.173106
167 0.177632
168 0.191626
169 0.178765
170 0.148389
171 0.169606
172 0.158027
173 0.163796
174 0.175943
175 0.155931
176 0.183016
177 0.156315
178 0.148425
179 0.175149
180 0.152991
181 0.171398
182 0.184851
183 0.165509
184 0.162893
185 0.145407
186 0.167007
187 0.180749
188 0.170027
189 0.147994
190 0.158335
191 0.17735
192 0.182294
193 0.160469
194 0.150931
195 0.187267
196 0.174716
197 0.17763
198 0.164251
199 0.160064
200 0.166525
201 0.175874
202 0.168391
203 0.166974
204 0.166592
205 0.171466
206 0.170682
207 0.180453
208 0.179882
209 0.170871
210 0.165575
211 0.163622
212 0.186531
213 0.175694
214 0.187644
215 0.166898
216 0.168181
217 0.169168
218 0.176882
219 0.19534
220 0.186166
221 0.171611
222 0.171697
223 0.190685
224 0.169486
225 0.180029
226 0.181126
227 0.173229
228 0.190655
229 0.157533
230 0.162713
231 0.196456
232 0.182739
233 0.177683
234 0.190473
235 0.164647
236 0.190596
237 0.18034
238 0.187303
239 0.187437
240 0.156512
241 0.203174
242 0.156754
243 0.177047
244 0.166778
245 0.16692
246 0.185539
247 0.161694
248 0.168396
249 0.172113
250 0.189984
251 0.184797
252 0.161031
253 0.1572
254 0.175874
255 0.227236
256 0.199602
257 0.184243
258 0.18058
259 0.197683
260 0.203491
261 0.212353
262 0.220285
263 0.171333
264 0.178584
265 0.208948
266 0.181391
267 0.196753
268 0.189355
269 0.203369
270 0.195494
271 0.179827
272 0.175516
273 0.17546
274 0.203354
275 0.20434
276 0.191689
277 0.186211
278 0.161322
279 0.185647
280 0.190614
281 0.19526
282 0.205187
283 0.166769
284 0.164484
285 0.165401
286 0.176013
287 0.179417
288 0.195585
289 0.150139
290 0.161236
291 0.1783
292 0.194431
293 0.200848
294 0.189689
295 0.183756
296 0.186838
297 0.184926
298 0.168009
299 0.16499
300 0.181037
301 0.188119
302 0.185592
303 0.153653
304 0.144582
305 0.19432
306 0.187441
307 0.183152
308 0.18286
309 0.161394
310 0.193572
311 0.195844
312 0.192534
313 0.191899
314 0.18031
315 0.180668
316 0.186686
317 0.17632
318 0.176497
319 0.177695
320 0.181005
321 0.194604
322 0.195796
323 0.200729
324 0.203197
325 0.188779
326 0.200877
327 0.205481
328 0.202594
329 0.205987
330 0.202019
331 0.195117
332 0.189576
333 0.203475
334 0.214538
335 0.217698
336 0.16767
337 0.192538
338 0.183387
339 0.184542
340 0.177482
341 0.176695
342 0.18165
343 0.172711
344 0.19547
345 0.175732
346 0.171587
347 0.179171
348 0.162078
349 0.197149
350 0.180971
351 0.175724
352 0.173701
353 0.167908
354 0.185433
355 0.166915
356 0.197356
357 0.17465
358 0.166
359 0.161954
360 0.160452
361 0.159825
362 0.179894
363 0.158489
364 0.190257
365 0.165446
366 0.177066
367 0.180125
368 0.187124
369 0.188312
370 0.182942
371 0.176981
372 0.162908
373 0.175472
374 0.155601
375 0.161256
376 0.164074
377 0.164827
378 0.18119
379 0.158175
380 0.18259
381 0.159304
382 0.164954
383 0.172244
384 0.148788
385 0.172445
386 0.180883
387 0.160308
388 0.164184
389 0.165773
390 0.175583
391 0.184577
392 0.186306
393 0.172934
394 0.197828
395 0.171508
396 0.181637
397 0.190453
398 0.190038
399 0.17523
400 0.152446
401 0.17733
402 0.192862
403 0.175539
404 0.191228
405 0.194757
406 0.197109
407 0.213771
408 0.195843
409 0.211368
410 0.216827
411 0.198838
412 0.217916
413 0.170189
414 0.181607
415 0.208888
416 0.210093
417 0.197628
418 0.182954
419 0.167862
420 0.205704
421 0.180824
422 0.181848
423 0.186299
424 0.184291
425 0.175743
426 0.167705
427 0.172122
428 0.180712
429 0.165373
430 0.178676
431 0.181888
432 0.161979
433 0.197227
434 0.175255
435 0.187042
436 0.172558
437 0.175914
438 0.195532
439 0.175836
440 0.191341
441 0.182586
442 0.17656
443 0.169353
444 0.16014
445 0.17736
446 0.175249
447 0.182801
448 0.180463
449 0.155105
450 0.146286
451 0.14717
452 0.176586
453 0.155977
454 0.15881
455 0.173516
456 0.170164
457 0.167152
458 0.175072
459 0.17433
460 0.189508
461 0.165668
462 0.157211
463 0.180112
464 0.186227
465 0.195529
466 0.193302
467 0.160096
468 0.181308
469 0.163512
470 0.210778
471 0.188834
472 0.184625
473 0.185215
474 0.168724
475 0.212877
476 0.183124
477 0.160559
478 0.177826
479 0.174756
480 0.185746
481 0.192884
482 0.186135
483 0.174094
484 0.182235
485 0.202977
486 0.186908
487 0.177197
488 0.164503
489 0.186104
490 0.186845
491 0.206801
492 0.185496
493 0.182759
494 0.177175
495 0.200012
496 0.201523
497 0.216413
498 0.179158
499 0.185086
500 0.172292
501 0.184026
502 0.184989
503 0.179524
504 0.167599
505 0.171633
506 0.148279
507 0.181498
508 0.173049
509 0.165089
510 0.165145
511 0.163176
512 0.171549
513 0.190032
514 0.176143
515 0.165821
516 0.180025
517 0.174806
518 0.198499
519 0.186505
520 0.178884
521 0.186567
522 0.183459
523 0.155151
524 0.1868
525 0.181396
526 0.175605
527 0.162505
528 0.174502
529 0.171102
530 0.182863
531 0.170737
532 0.164115
533 0.17415
534 0.17739
535 0.165016
536 0.168498
537 0.181647
538 0.169991
539 0.201188
540 0.152428
541 0.194659
542 0.195535
543 0.170585
544 0.209534
545 0.16742
546 0.163433
547 0.182017
548 0.164325
549 0.193252
550 0.188467
551 0.139463
552 0.164348
553 0.187178
554 0.182969
555 0.15362
556 0.153491
557 0.160555
558 0.185236
559 0.16526
560 0.177322
561 0.164727
562 0.174295
563 0.189589
564 0.176054
565 0.189892
566 0.177289
567 0.194215
568 0.186587
569 0.189032
570 0.194727
571 0.161882
572 0.201727
573 0.191777
574 0.210451
575 0.192631
576 0.187549
577 0.210488
578 0.195803
579 0.175492
580 0.183451
581 0.191325
582 0.196306
583 0.2011
584 0.170837
585 0.169095
586 0.162775
587 0.187821
588 0.180507
589 0.198099
590 0.174882
591 0.161577
592 0.181969
593 0.178794
594 0.187998
595 0.169324
596 0.167029
597 0.164957
598 0.163151
599 0.177249
600 0.162972
601 0.181686
602 0.176374
603 0.162963
604 0.177432
605 0.15459
606 0.170808
607 0.187604
608 0.168404
609 0.168159
610 0.157741
611 0.171839
612 0.184862
613 0.165563
614 0.175743
615 0.169947
616 0.167182
617 0.183134
618 0.17983
619 0.174334
620 0.160933
621 0.163983
622 0.1676
623 0.191309
624 0.174851
625 0.16426
626 0.172134
627 0.173343
628 0.178051
629 0.172348
630 0.178338
631 0.188917
632 0.158097
633 0.173218
634 0.177456
635 0.184889
636 0.177495
637 0.183146
638 0.160376
639 0.161442
640 0.152374
641 0.156717
642 0.174893
643 0.167827
644 0.147629
645 0.161882
646 0.157331
647 0.166866
648 0.178424
649 0.157569
650 0.184736
651 0.175052
652 0.178689
653 0.178411
654 0.179297
655 0.179731
656 0.203076
657 0.205206
658 0.183265
659 0.170834
660 0.175044
661 0.201676
662 0.196756
663 0.156371
664 0.159366
665 0.179983
666 0.178561
667 0.171313
668 0.158881
669 0.15331
670 0.19747
671 0.168244
672 0.162349
673 0.185477
674 0.189021
675 0.173026
676 0.169267
677 0.184916
678 0.195167
679 0.196425
680 0.172347
681 0.181855
682 0.186332
683 0.167502
684 0.189462
685 0.176048
686 0.18324
687 0.203955
688 0.169701
689 0.194307
690 0.175823
691 0.181461
692 0.188826
693 0.206025
694 0.188911
695 0.182756
696 0.189614
697 0.177131
698 0.19874
699 0.174657
700 0.189172
701 0.18708
702 0.177407
703 0.179436
704 0.170986
705 0.196842
706 0.181237
707 0.169488
708 0.165099
709 0.158175
710 0.184937
711 0.179608
712 0.163911
713 0.172304
714 0.150798
715 0.149462
716 0.169726
717 0.145817
718 0.190589
719 0.176563
720 0.162128
721 0.151891
722 0.160482
723 0.189267
724 0.182564
725 0.186149
726 0.150583
727 0.154642
728 0.177493
729 0.191517
730 0.203332
731 0.16016
732 0.155698
733 0.185581
734 0.193004
735 0.162424
736 0.184568
737 0.180478
738 0.186413
739 0.195396
740 0.157507
741 0.194797
742 0.185054
743 0.174451
744 0.166694
745 0.142629
746 0.180511
747 0.182483
748 0.15879
749 0.16389
750 0.169811
751 0.189013
752 0.211257
753 0.191052
754 0.172685
755 0.182607
756 0.213117
757 0.195732
758 0.18974
759 0.191436
760 0.197059
761 0.204003
762 0.197892
763 0.210806
764 0.195369
765 0.191853
766 0.164386
767 0.170111
768 0.208596
769 0.206191
770 0.196605
771 0.177707
772 0.147665
773 0.204032
774 0.186704
775 0.194581
776 0.174884
777 0.169004
778 0.168482
779 0.198077
780 0.171336
781 0.180542
782 0.177755
783 0.165635
784 0.176977
785 0.200723
786 0.200821
787 0.206801
788 0.157346
789 0.201382
790 0.20221
791 0.180029
792 0.188806
793 0.174043
794 0.176943
795 0.168748
796 0.170396
797 0.187621
798 0.188916
799 0.193655
800 0.151792
801 0.162951
802 0.179986
803 0.216153
804 0.19881
805 0.162751
806 0.176571
807 0.159175
808 0.202123
809 0.184484
810 0.179324
811 0.171477
812 0.162397
813 0.169185
814 0.181237
815 0.163709
816 0.15058
817 0.183959
818 0.181395
819 0.18821
820 0.165627
821 0.165072
822 0.187986
823 0.206838
824 0.184323
825 0.190517
826 0.188649
827 0.180399
828 0.185814
829 0.161409
830 0.162143
831 0.20301
832 0.165828
833 0.164787
834 0.155408
835 0.157044
836 0.156548
837 0.206108
838 0.176226
839 0.157215
840 0.159194
841 0.163111
842 0.199066
843 0.201694
844 0.200248
845 0.160986
846 0.158211
847 0.186174
848 0.192092
849 0.188297
850 0.173342
851 0.170484
852 0.168007
853 0.160683
854 0.177295
855 0.181697
856 0.175683
857 0.189374
858 0.16452
859 0.171397
860 0.169227
861 0.173768
862 0.189929
863 0.173994
864 0.209975
865 0.184889
866 0.189649
867 0.179635
868 0.176105
869 0.200207
870 0.190808
871 0.172828
872 0.168625
873 0.18461
874 0.166759
875 0.166868
876 0.164349
877 0.173051
878 0.192013
879 0.172036
880 0.168296
881 0.171151
882 0.201606
883 0.180878
884 0.18231
885 0.168199
886 0.216913
887 0.206729
888 0.165983
889 0.14574
890 0.169036
891 0.172058
892 0.172886
893 0.164669
894 0.135122
895 0.194545
896 0.172
897 0.175684
898 0.167299
899 0.141746
900 0.179228
901 0.178447
902 0.186497
903 0.177377
904 0.171624
905 0.181718
906 0.200262
907 0.175675
908 0.174586
909 0.195564
910 0.194252
911 0.212858
912 0.185661
913 0.171955
914 0.180894
915 0.178987
916 0.186171
917 0.188439
918 0.172643
919 0.183248
920 0.188498
921 0.166927
922 0.169077
923 0.193751
924 0.177245
925 0.1743
926 0.148514
927 0.18043
928 0.203443
929 0.189096
930 0.165704
931 0.159598
932 0.186946
933 0.174836
934 0.181179
935 0.188251
936 0.182758
937 0.186737
938 0.188642
939 0.165246
940 0.174457
941 0.187588
942 0.170497
943 0.205899
944 0.170762
945 0.180121
946 0.201275
947 0.183268
948 0.20278
949 0.20676
950 0.194562
951 0.190369
952 0.195903
953 0.206335
954 0.203862
955 0.174133
956 0.18391
957 0.180609
958 0.19283
959 0.17784
960 0.175155
961 0.169065
962 0.174257
963 0.188518
964 0.162383
965 0.19044
966 0.161987
967 0.175737
968 0.177007
969 0.16096
970 0.172882
971 0.18784
972 0.161434
973 0.172412
974 0.164398
975 0.158208
976 0.17785
977 0.181386
978 0.208645
979 0.186359
980 0.174075
981 0.21127
982 0.171383
983 0.169888
984 0.17712
985 0.190346
986 0.193871
987 0.184367
988 0.17593
989 0.177355
990 0.209055
991 0.185896
992 0.167114
993 0.213469
994 0.213006
995 0.177443
996 0.166365
997 0.168825
998 0.168901
999 0.183181
1000 0.185281
1001 0.183954
1002 0.185144
1003 0.169099
1004 0.171545
1005 0.164667
1006 0.16276
1007 0.17676
1008 0.16879
1009 0.167391
1010 0.174937
1011 0.164381
1012 0.188449
1013 0.174471
1014 0.194724
1015 0.176515
1016 0.163776
1017 0.190829
1018 0.184985
1019 0.193894
1020 0.173428
1021 0.172283
1022 0.185146
1023 0.180909
1024 0.193027
1025 0.17077
1026 0.164689
1027 0.208968
1028 0.184342
1029 0.173042
1030 0.200126
1031 0.177408
1032 0.171061
1033 0.181188
1034 0.162877
1035 0.18021
1036 0.190304
1037 0.193247
1038 0.203905
1039 0.183562
1040 0.194762
1041 0.194577
1042 0.190211
1043 0.19705
1044 0.158266
1045 0.186805
1046 0.200148
1047 0.177951
1048 0.182155
1049 0.172142
1050 0.178798
1051 0.17729
1052 0.190223
1053 0.157372
1054 0.150686
1055 0.166681
1056 0.173193
1057 0.199097
1058 0.179419
1059 0.164926
1060 0.172953
1061 0.187233
1062 0.19331
1063 0.196407
1064 0.184294
1065 0.201961
1066 0.192476
1067 0.207792
1068 0.211152
1069 0.182711
1070 0.198985
1071 0.177571
1072 0.17377
1073 0.175958
1074 0.179042
1075 0.176922
1076 0.169667
1077 0.162693
1078 0.185056
1079 0.177578
1080 0.166812
1081 0.160479
1082 0.16873
1083 0.182452
1084 0.207152
1085 0.179576
1086 0.182311
1087 0.187136
1088 0.186492
1089 0.198268
1090 0.207603
1091 0.198053
1092 0.182934
1093 0.213942
1094 0.204195
1095 0.190202
1096 0.163444
1097 0.18597
1098 0.179076
1099 0.185525
1100 0.165496
1101 0.162266
1102 0.178866
1103 0.17153
1104 0.156533
1105 0.156336
1106 0.17563
1107 0.179326
1108 0.187174
1109 0.176599
1110 0.183933
1111 0.17293
1112 0.1644
1113 0.18907
1114 0.186328
1115 0.181886
1116 0.175191
1117 0.150378
1118 0.153342
1119 0.17292
1120 0.155432
1121 0.171071
1122 0.149382
1123 0.157542
1124 0.18093
1125 0.179419
1126 0.184487
1127 0.185626
1128 0.195623
1129 0.175811
1130 0.174844
1131 0.198942
1132 0.195736
1133 0.191117
1134 0.170663
1135 0.176536
1136 0.19555
1137 0.182644
1138 0.194188
1139 0.164232
1140 0.145182
1141 0.210444
1142 0.204309
1143 0.198006
1144 0.155597
1145 0.177094
1146 0.207978
1147 0.182669
1148 0.186204
1149 0.153013
1150 0.176226
1151 0.157947
1152 0.170507
1153 0.176906
1154 0.167884
1155 0.174339
1156 0.157219
1157 0.159144
1158 0.166517
1159 0.191929
1160 0.189214
1161 0.172363
1162 0.187271
1163 0.17037
1164 0.202842
1165 0.192869
1166 0.204982
1167 0.206874
1168 0.187008
1169 0.196641
1170 0.19458
1171 0.184473
1172 0.184987
1173 0.188126
1174 0.183158
1175 0.160318
1176 0.17312
1177 0.187893
1178 0.204577
1179 0.153412
1180 0.153999
1181 0.175629
1182 0.193057
1183 0.192493
1184 0.182129
1185 0.16486
1186 0.166197
1187 0.180884
1188 0.180852
1189 0.151609
1190 0.168074
1191 0.190345
1192 0.169286
1193 0.187958
1194 0.169593
1195 0.169255
1196 0.18203
1197 0.165081
1198 0.166252
1199 0.168763
1200 0.161411
1201 0.188217
1202 0.183281
1203 0.155497
1204 0.16891
1205 0.175693
1206 0.193696
1207 0.204856
1208 0.182077
1209 0.160397
1210 0.164879
1211 0.176812
1212 0.174821
1213 0.175929
1214 0.181725
1215 0.166788
1216 0.162192
1217 0.162349
1218 0.168015
1219 0.201812
1220 0.199868
1221 0.183326
1222 0.172616
1223 0.159536
1224 0.198228
1225 0.187282
1226 0.181674
1227 0.171842
1228 0.204708
1229 0.181523
1230 0.186147
1231 0.179721
1232 0.167898
1233 0.213299
1234 0.153569
1235 0.170635
1236 0.196687
1237 0.16113
1238 0.176692
1239 0.165691
1240 0.183776
1241 0.183809
1242 0.185732
1243 0.1822
1244 0.181743
1245 0.172351
1246 0.19314
1247 0.18374
1248 0.189028
1249 0.156999
1250 0.180238
1251 0.157811
1252 0.178967
1253 0.170811
1254 0.164861
1255 0.151767
1256 0.146363
1257 0.17295
1258 0.166096
1259 0.180926
1260 0.163111
1261 0.170722
1262 0.156719
1263 0.172362
1264 0.183301
1265 0.191326
1266 0.192603
1267 0.186599
1268 0.163246
1269 0.167854
1270 0.158237
1271 0.170064
1272 0.191817
1273 0.188781
1274 0.145792
1275 0.134436
1276 0.163329
1277 0.157568
1278 0.156106
1279 0.180757
1280 0.13449
1281 0.172182
1282 0.156458
1283 0.15827
1284 0.157054
1285 0.173616
1286 0.178461
1287 0.167744
1288 0.1507
1289 0.168727
1290 0.184719
1291 0.182591
1292 0.180928
1293 0.183129
1294 0.183401
1295 0.182844
1296 0.18936
1297 0.190503
1298 0.183345
1299 0.171134
1300 0.158747
1301 0.168023
1302 0.164331
1303 0.187363
1304 0.169589
1305 0.158585
1306 0.163634
1307 0.136748
1308 0.191861
1309 0.197971
1310 0.191025
1311 0.183397
1312 0.182392
1313 0.20086
1314 0.213732
1315 0.176204
1316 0.187551
1317 0.172115
1318 0.194689
1319 0.201986
1320 0.164596
1321 0.173306
1322 0.187581
1323 0.161622
1324 0.192908
1325 0.182255
1326 0.161083
1327 0.176844
1328 0.151278
1329 0.186318
1330 0.194257
1331 0.181446
1332 0.16319
1333 0.139067
1334 0.184961
1335 0.166065
1336 0.180377
1337 0.160284
1338 0.16051
1339 0.158838
1340 0.173895
1341 0.184487
1342 0.179341
1343 0.181876
1344 0.146087
1345 0.172576
1346 0.188183
1347 0.173309
1348 0.175509
1349 0.158725
1350 0.170293
1351 0.166894
1352 0.162325
1353 0.163025
1354 0.15536
1355 0.188345
1356 0.173137
1357 0.176774
1358 0.18351
1359 0.189114
1360 0.195514
1361 0.185921
1362 0.207238
1363 0.173751
1364 0.168141
1365 0.193566
1366 0.173156
1367 0.17651
1368 0.166361
1369 0.161655
1370 0.163082
1371 0.164422
1372 0.182861
1373 0.159577
1374 0.166124
1375 0.196021
1376 0.198068
1377 0.180004
1378 0.179609
1379 0.157763
1380 0.211886
1381 0.204372
1382 0.178635
1383 0.190864
1384 0.179663
1385 0.192656
1386 0.18389
1387 0.1569
1388 0.192293
1389 0.188364
1390 0.201522
1391 0.184672
1392 0.161317
1393 0.180701
1394 0.184593
1395 0.194914
1396 0.211966
1397 0.177743
1398 0.201265
1399 0.172773
1400 0.194005
1401 0.212046
1402 0.18521
1403 0.177802
1404 0.179808
1405 0.191404
1406 0.168282
1407 0.183662
1408 0.171509
1409 0.192396
1410 0.18423
1411 0.195874
1412 0.19122
1413 0.162529
1414 0.160871
1415 0.18134
1416 0.174121
1417 0.188609
1418 0.173601
1419 0.155117
1420 0.184006
1421 0.184169
1422 0.186404
1423 0.200776
1424 0.183152
1425 0.193776
1426 0.195709
1427 0.170527
1428 0.180847
1429 0.190314
1430 0.184095
1431 0.186707
1432 0.174123
1433 0.180594
1434 0.176384
1435 0.16085
1436 0.19669
1437 0.212048
1438 0.200915
1439 0.210016
1440 0.210074
1441 0.20066
1442 0.221093
1443 0.220747
1444 0.198291
1445 0.183276
1446 0.171074
1447 0.16133
1448 0.179819
1449 0.154734
1450 0.157202
1451 0.171879
1452 0.167372
1453 0.159719
1454 0.163235
1455 0.176474
1456 0.158547
1457 0.165569
1458 0.154249
1459 0.166764
1460 0.16608
1461 0.170427
1462 0.14975
1463 0.177192
1464 0.15112
1465 0.156573
1466 0.174949
1467 0.147411
1468 0.180579
1469 0.18216
1470 0.174664
1471 0.165522
1472 0.161442
1473 0.148651
1474 0.174474
1475 0.180409
1476 0.166
1477 0.181586
1478 0.158445
1479 0.178652
1480 0.172526
1481 0.177313
1482 0.155087
1483 0.18998
1484 0.180522
1485 0.174196
1486 0.182828
1487 0.147995
1488 0.162025
1489 0.162716
1490 0.159113
1491 0.172428
1492 0.144148
1493 0.170363
1494 0.186915
1495 0.169214
1496 0.183262
1497 0.153946
1498 0.208033
1499 0.193985
1500 0.201088
1501 0.193805
1502 0.201191
1503 0.194974
1504 0.189658
1505 0.170454
1506 0.18998
1507 0.169333
1508 0.16512
1509 0.16609
1510 0.184541
1511 0.181495
1512 0.163854
1513 0.200135
1514 0.178689
1515 0.181999
1516 0.1872
1517 0.185156
1518 0.179994
1519 0.174763
1520 0.163215
1521 0.190041
1522 0.177446
1523 0.168345
1524 0.165519
1525 0.162576
1526 0.193394
1527 0.178405
1528 0.164435
1529 0.164366
1530 0.17766
1531 0.184152
1532 0.177002
1533 0.168679
1534 0.194577
1535 0.168199
1536 0.181222
1537 0.14242
1538 0.156466
1539 0.156152
1540 0.164219
1541 0.175034
1542 0.164409
1543 0.162579
1544 0.167854
1545 0.19044
1546 0.151417
1547 0.173828
1548 0.186498
1549 0.20155
1550 0.184511
1551 0.158105
1552 0.170479
1553 0.177609
1554 0.182163
1555 0.189831
1556 0.163851
1557 0.1817
1558 0.172859
1559 0.165556
1560 0.178461
1561 0.196731
1562 0.17138
1563 0.157819
1564 0.173961
1565 0.183628
1566 0.183425
1567 0.165368
1568 0.190374
1569 0.168677
1570 0.185166
1571 0.174855
1572 0.197723
1573 0.194965
1574 0.159076
1575 0.189947
1576 0.169586
1577 0.1949
1578 0.175821
1579 0.153322
1580 0.17642
1581 0.158058
1582 0.166371
1583 0.157055
1584 0.164863
1585 0.169446
1586 0.187939
1587 0.182187
1588 0.180128
1589 0.186586
1590 0.171986
1591 0.168863
1592 0.18464
1593 0.183225
1594 0.203917
1595 0.179818
1596 0.174878
1597 0.195121
1598 0.179446
1599 0.182171
1600 0.181192
1601 0.187394
1602 0.166558
1603 0.177399
1604 0.163148
1605 0.161541
1606 0.194465
1607 0.168874
1608 0.16162
1609 0.156759
1610 0.171522
1611 0.184369
1612 0.177263
1613 0.159144
1614 0.146363
1615 0.164572
1616 0.183645
1617 0.172426
1618 0.161153
1619 0.17108
1620 0.149202
1621 0.185878
1622 0.164218
1623 0.188009
1624 0.167961
1625 0.160661
1626 0.186367
1627 0.174472
1628 0.199654
1629 0.162373
1630 0.150064
1631 0.167349
1632 0.173824
1633 0.191822
1634 0.174741
1635 0.164173
1636 0.168712
1637 0.184917
1638 0.175855
1639 0.175783
1640 0.157515
1641 0.162633
1642 0.199095
1643 0.189913
1644 0.172543
1645 0.178407
1646 0.163166
1647 0.161243
1648 0.205885
1649 0.193247
1650 0.183881
1651 0.179707
1652 0.195494
1653 0.185339
1654 0.181449
1655 0.166682
1656 0.156059
1657 0.171435
1658 0.196566
1659 0.183769
1660 0.169102
1661 0.152615
1662 0.177388
1663 0.184843
1664 0.169283
1665 0.189065
1666 0.170462
1667 0.170858
1668 0.16283
1669 0.164438
1670 0.189617
1671 0.147488
1672 0.182702
1673 0.188152
1674 0.161823
1675 0.175592
1676 0.171452
1677 0.191294
1678 0.18909
1679 0.177836
1680 0.148367
1681 0.191842
1682 0.188966
1683 0.185283
1684 0.184333
1685 0.168827
1686 0.174366
1687 0.168751
1688 0.181832
1689 0.198189
1690 0.162293
1691 0.166712
1692 0.152335
1693 0.180661
1694 0.197956
1695 0.183043
1696 0.170142
1697 0.157018
1698 0.155042
1699 0.168319
1700 0.193141
1701 0.162218
1702 0.156722
1703 0.180423
1704 0.150072
1705 0.163437
1706 0.211504
1707 0.162726
1708 0.161892
1709 0.182372
1710 0.176404
1711 0.184923
1712 0.187439
1713 0.175288
1714 0.189189
1715 0.177805
1716 0.176901
1717 0.180819
1718 0.157553
1719 0.18761
1720 0.190608
1721 0.202046
1722 0.176192
1723 0.171111
1724 0.193787
1725 0.171016
1726 0.187687
1727 0.191655
1728 0.172506
1729 0.1749
1730 0.189981
1731 0.172338
1732 0.194497
1733 0.170943
1734 0.151948
1735 0.218873
1736 0.174601
1737 0.175564
1738 0.167609
1739 0.1602
1740 0.183998
1741 0.198295
1742 0.179408
1743 0.188391
1744 0.17073
1745 0.198897
1746 0.175485
1747 0.168398
1748 0.185264
1749 0.186539
1750 0.174293
1751 0.180175
1752 0.168685
1753 0.161358
1754 0.158384
1755 0.177791
1756 0.143504
1757 0.185678
1758 0.185024
1759 0.16006
1760 0.158849
1761 0.171396
1762 0.182108
1763 0.174509
1764 0.145916
1765 0.168757
1766 0.186226
1767 0.186562
1768 0.171136
1769 0.165396
1770 0.163129
1771 0.178709
1772 0.175646
1773 0.156504
1774 0.171861
1775 0.163632
1776 0.160922
1777 0.172328
1778 0.158827
1779 0.157931
1780 0.180697
1781 0.172986
1782 0.166311
1783 0.161581
1784 0.17144
1785 0.181183
1786 0.173289
1787 0.170236
1788 0.17472
1789 0.17055
1790 0.173239
1791 0.192043
1792 0.194801
1793 0.169155
1794 0.171525
1795 0.189593
1796 0.185992
1797 0.187189
1798 0.184751
1799 0.179085
1800 0.161042
1801 0.185363
1802 0.180521
1803 0.178058
1804 0.170797
1805 0.199616
1806 0.200643
1807 0.198071
1808 0.203484
1809 0.207478
1810 0.189683
1811 0.181109
1812 0.183824
1813 0.178269
1814 0.180738
1815 0.202221
1816 0.171583
1817 0.155583
1818 0.160397
1819 0.181673
1820 0.175777
1821 0.153936
1822 0.154259
1823 0.175427
1824 0.187396
1825 0.198389
1826 0.178339
1827 0.176858
1828 0.196503
1829 0.191571
1830 0.168242
1831 0.168839
1832 0.178242
1833 0.207418
1834 0.177969
1835 0.13939
1836 0.16668
1837 0.213562
1838 0.187296
1839 0.153524
1840 0.168417
1841 0.190884
1842 0.16632
1843 0.166379
1844 0.154982
1845 0.18173
1846 0.19298
1847 0.18472
1848 0.1807
1849 0.183859
1850 0.198558
1851 0.177428
1852 0.203213
1853 0.213616
1854 0.182312
1855 0.199502
1856 0.192016
1857 0.204179
1858 0.200331
1859 0.206237
1860 0.201814
1861 0.183067
1862 0.176337
1863 0.168652
1864 0.181984
1865 0.178279
1866 0.174301
1867 0.176463
1868 0.19501
1869 0.162935
1870 0.186117
1871 0.196639
1872 0.178549
1873 0.195347
1874 0.15594
1875 0.185847
1876 0.186956
1877 0.186751
1878 0.171308
1879 0.162656
1880 0.160616
1881 0.153024
1882 0.162944
1883 0.191675
1884 0.185552
1885 0.208238
1886 0.193621
1887 0.178214
1888 0.168755
1889 0.17336
1890 0.205157
1891 0.178645
1892 0.192468
1893 0.174188
1894 0.150117
1895 0.164615
1896 0.190063
1897 0.201967
1898 0.161188
1899 0.164567
1900 0.182794
1901 0.187806
1902 0.160948
1903 0.170434
1904 0.175466
1905 0.180264
1906 0.162735
1907 0.166612
1908 0.171096
1909 0.16777
1910 0.166501
1911 0.16885
1912 0.178256
1913 0.182908
1914 0.177401
1915 0.171527
1916 0.167475
1917 0.188817
1918 0.173385
1919 0.170288
1920 0.181176
1921 0.17303
1922 0.159657
1923 0.158472
1924 0.157222
1925 0.195414
1926 0.178953
1927 0.172553
1928 0.165702
1929 0.194863
1930 0.188736
1931 0.184705
1932 0.174119
1933 0.17573
1934 0.189388
1935 0.174366
1936 0.17126
1937 0.16003
1938 0.187648
1939 0.190557
1940 0.148648
1941 0.197955
1942 0.174855
1943 0.19986
1944 0.179634
1945 0.173651
1946 0.194562
1947 0.185038
1948 0.191389
1949 0.175942
1950 0.164604
1951 0.18821
1952 0.182833
1953 0.163161
1954 0.207956
1955 0.165354
1956 0.168639
1957 0.183479
1958 0.199126
1959 0.190174
1960 0.181285
1961 0.159443
1962 0.174609
1963 0.198499
1964 0.187755
1965 0.178458
1966 0.16863
1967 0.156218
1968 0.187375
1969 0.184302
1970 0.181524
1971 0.184997
1972 0.179286
1973 0.22755
1974 0.21042
1975 0.192023
1976 0.172825
1977 0.186319
1978 0.20513
1979 0.167151
1980 0.174313
1981 0.151924
1982 0.182866
1983 0.189777
1984 0.180135
1985 0.163503
1986 0.159139
1987 0.196009
1988 0.205479
1989 0.172674
1990 0.154639
1991 0.193669
1992 0.176644
1993 0.20653
1994 0.182498
1995 0.164032
1996 0.173949
1997 0.164734
1998 0.201641
1999 0.205933
2000 0.177146
2001 0.157633
2002 0.174332
2003 0.168623
2004 0.158222
2005 0.150993
2006 0.154332
2007 0.148406
2008 0.160866
2009 0.156514
2010 0.17141
2011 0.195572
2012 0.161292
2013 0.166088
2014 0.176224
2015 0.173693
2016 0.189046
2017 0.160751
2018 0.193434
2019 0.183364
2020 0.1738
2021 0.182429
2022 0.164315
2023 0.171716
2024 0.183974
2025 0.177857
2026 0.170656
2027 0.186944
2028 0.194785
2029 0.176907
2030 0.175296
2031 0.164504
2032 0.165985
2033 0.199192
2034 0.195499
2035 0.17993
2036 0.170939
2037 0.180846
2038 0.164113
2039 0.172458
2040 0.174391
2041 0.188359
2042 0.187394
2043 0.178279
2044 0.157595
2045 0.189894
2046 0.181308
2047 0.20704
2048 0.194738
2049 0.159973
2050 0.18686
2051 0.159491
2052 0.183638
2053 0.180463
2054 0.19928
2055 0.185859
2056 0.147856
2057 0.180153
2058 0.171677
2059 0.192084
2060 0.189479
2061 0.162214
2062 0.159758
2063 0.181827
2064 0.176572
2065 0.174737
2066 0.166661
2067 0.169065
2068 0.177693
2069 0.163541
2070 0.160784
2071 0.139197
2072 0.167108
2073 0.178028
2074 0.171142
2075 0.160509
2076 0.14878
2077 0.16421
2078 0.170338
2079 0.172598
2080 0.192196
2081 0.186642
2082 0.18938
2083 0.169086
2084 0.179491
2085 0.214183
2086 0.180837
2087 0.178834
2088 0.187124
2089 0.178125
2090 0.191654
2091 0.197754
2092 0.193723
2093 0.192152
2094 0.195569
2095 0.211319
2096 0.199555
2097 0.189627
2098 0.190723
2099 0
