0 -6.12743
1 2.28176
2 7.22998
3 -1.12279
4 -10.3384
5 -16.2158
6 -20.9706
7 -25.9766
8 -30.4923
9 -32.5399
10 -38.9566
11 -28.5811
12 -27.7717
13 -0.77189
14 1.79079
15 -0.670722
16 -3.9589
17 -1.72024
18 -0.516688
19 0.0772822
20 0.156929
21 0.322554
22 0.230088
23 0.302371
24 0.34914
25 0.283341
26 0.444997
27 0.44854
28 0.392303
29 0.343283
30 0.514135
31 0.285871
32 0.458908
33 0.276064
34 0.486381
35 0.350985
36 0.407125
37 0.285759
38 0.438537
39 0.345668
40 0.343999
41 0.3063
42 0.282521
43 0.379542
44 0.333183
45 0.297487
46 0.477118
47 0.500188
48 0.406783
49 0.45575
50 0.33795
51 0.40626
52 0.358783
53 0.457627
54 0.424088
55 0.488066
56 0.486553
57 0.548045
58 0.572012
59 0.583905
60 0.585043
61 0.427495
62 0.317599
63 0.409939
64 0.299064
65 0.406181
66 0.322061
67 0.357252
68 0.408806
69 0.25322
70 0.372682
71 0.466816
72 0.51792
73 0.561186
74 0.394588
75 0.502741
76 0.43968
77 0.432254
78 0.37771
79 0.412067
80 0.380144
81 0.369479
82 0.296121
83 0.378081
84 0.239219
85 0.428889
86 0.310198
87 0.258402
88 0.375407
89 0.509645
90 0.563725
91 0.358369
92 0.481382
93 0.537166
94 0.564204
95 0.378749
96 0.269424
97 0.42746
98 0.329404
99 0.291305
100 0.323779
101 0.326051
102 0.475204
103 0.540389
104 0.305404
105 0.501831
106 0.504361
107 0.46235
108 0.50466
109 0.579216
110 0.592917
111 0.557886
112 0.407166
113 0.377598
114 0.35115
115 0.360135
116 0.243792
117 0.237307
118 0.332409
119 0.415223
120 0.406345
121 0.437099
122 0.305514
123 0.258937
124 0.39932
125 0.422936
126 0.302136
127 0.223745
128 0.380095
129 0.359519
130 0.372823
131 0.398501
132 0.539794
133 0.531069
134 0.584511
135 0.508314
136 0.415422
137 0.314999
138 0.218478
139 0.263433
140 0.311909
141 0.474651
142 0.3785
143 0.288178
144 0.377948
145 0.473368
146 0.292239
147 0.476393
148 0.465694
149 0.542246
150 0.478729
151 0.487482
152 0.502413
153 0.570727
154 0.444538
155 0.301483
156 0.460706
157 0.26089
158 0.300341
159 0.366784
160 0.334473
161 0.247197
162 0.477912
163 0.516222
164 0.379922
165 0.357986
166 0.494299
167 0.292631
168 0.381745
169 0.338604
170 0.245894
171 0.456935
172 0.351611
173 0.350825
174 0.437727
175 0.322596
176 0.352795
177 0.246613
178 0.411095
179 0.263607
180 0.387802
181 0.526505
182 0.55834
183 0.420265
184 0.273206
185 0.238198
186 0.184247
187 0.301345
188 0.340761
189 0.254642
190 0.387452
191 0.454222
192 0.443731
193 0.273474
194 0.429473
195 0.266455
196 0.355967
197 0.290009
198 0.344369
199 0.230299
200 0.392574
201 0.367108
202 0.374806
203 0.302832
204 0.342789
205 0.332892
206 0.302838
207 0.428737
208 0.478387
209 0.333706
210 0.323069
211 0.262989
212 0.358149
213 0.326918
214 0.484476
215 0.398329
216 0.37275
217 0.424846
218 0.46652
219 0.42116
220 0.409824
221 0.331744
222 0.345075
223 0.460256
224 0.296207
225 0.449524
226 0.502427
227 0.384083
228 0.405073
229 0.327296
230 0.313361
231 0.445674
232 0.422997
233 0.446732
234 0.535118
235 0.412049
236 0.479236
237 0.281947
238 0.40197
239 0.358171
240 0.278157
241 0.432259
242 0.299425
243 0.359381
244 0.303294
245 0.354233
246 0.334899
247 0.259896
248 0.329343
249 0.400366
250 0.536005
251 0.596641
252 0.416315
253 0.30596
254 0.44632
255 0.465693
256 0.56408
257 0.496592
258 0.316426
259 0.382011
260 0.496757
261 0.534118
262 0.531235
263 0.354845
264 0.459782
265 0.522537
266 0.47018
267 0.512807
268 0.575007
269 0.615349
270 0.528431
271 0.42578
272 0.280767
273 0.29384
274 0.346815
275 0.467328
276 0.482116
277 0.553517
278 0.393792
279 0.487033
280 0.354418
281 0.344175
282 0.495346
283 0.326569
284 0.261155
285 0.200492
286 0.342338
287 0.22175
288 0.447516
289 0.320051
290 0.466977
291 0.392564
292 0.519308
293 0.466629
294 0.516489
295 0.421111
296 0.425085
297 0.31012
298 0.290307
299 0.242898
300 0.435067
301 0.543237
302 0.470645
303 0.341612
304 0.290397
305 0.437715
306 0.316917
307 0.460057
308 0.532911
309 0.384314
310 0.486223
311 0.529621
312 0.467998
313 0.370477
314 0.37387
315 0.360467
316 0.375871
317 0.409855
318 0.429461
319 0.488172
320 0.520882
321 0.578287
322 0.550205
323 0.608284
324 0.549838
325 0.348599
326 0.476503
327 0.50451
328 0.4838
329 0.580349
330 0.585429
331 0.51072
332 0.536165
333 0.604593
334 0.479286
335 0.49102
336 0.323443
337 0.36194
338 0.25995
339 0.425211
340 0.275655
341 0.444634
342 0.5395
343 0.39951
344 0.505035
345 0.426938
346 0.331807
347 0.310862
348 0.204158
349 0.453115
350 0.41518
351 0.417726
352 0.384245
353 0.367742
354 0.270931
355 0.263351
356 0.409638
357 0.320066
358 0.370846
359 0.435942
360 0.249005
361 0.224298
362 0.390762
363 0.340908
364 0.51861
365 0.499673
366 0.5428
367 0.430902
368 0.468592
369 0.369633
370 0.326147
371 0.368535
372 0.273196
373 0.318435
374 0.260415
375 0.243156
376 0.222041
377 0.355635
378 0.404735
379 0.287626
380 0.418862
381 0.363475
382 0.249795
383 0.333549
384 0.221344
385 0.364933
386 0.305195
387 0.211334
388 0.375653
389 0.475955
390 0.362252
391 0.534948
392 0.546784
393 0.539602
394 0.458815
395 0.374328
396 0.307571
397 0.395425
398 0.304644
399 0.392562
400 0.307132
401 0.43733
402 0.500918
403 0.558278
404 0.576902
405 0.545763
406 0.53584
407 0.58964
408 0.420666
409 0.532138
410 0.585342
411 0.623868
412 0.580328
413 0.442141
414 0.331753
415 0.469616
416 0.484809
417 0.488845
418 0.368635
419 0.404998
420 0.433027
421 0.389047
422 0.295389
423 0.497718
424 0.395506
425 0.415712
426 0.290255
427 0.302076
428 0.268162
429 0.343867
430 0.333424
431 0.472065
432 0.507603
433 0.586287
434 0.327116
435 0.443181
436 0.309489
437 0.29473
438 0.42148
439 0.331757
440 0.518255
441 0.528721
442 0.48132
443 0.330349
444 0.230724
445 0.187927
446 0.210062
447 0.301708
448 0.461445
449 0.279317
450 0.244462
451 0.393016
452 0.317019
453 0.252995
454 0.34887
455 0.468765
456 0.345569
457 0.368471
458 0.50346
459 0.375255
460 0.412683
461 0.372513
462 0.259248
463 0.362635
464 0.480713
465 0.543037
466 0.449182
467 0.360835
468 0.498579
469 0.355384
470 0.52321
471 0.49078
472 0.345907
473 0.415043
474 0.26673
475 0.473047
476 0.321146
477 0.327503
478 0.310292
479 0.444201
480 0.422245
481 0.488233
482 0.477627
483 0.384579
484 0.346464
485 0.491578
486 0.451785
487 0.391666
488 0.421968
489 0.396323
490 0.463072
491 0.549583
492 0.593517
493 0.40574
494 0.355223
495 0.507654
496 0.50395
497 0.535161
498 0.35791
499 0.404861
500 0.261832
501 0.324026
502 0.274897
503 0.473681
504 0.327308
505 0.433308
506 0.286362
507 0.494106
508 0.326987
509 0.373298
510 0.246368
511 0.334359
512 0.247143
513 0.468177
514 0.430988
515 0.501319
516 0.543594
517 0.484703
518 0.484815
519 0.422488
520 0.388363
521 0.372321
522 0.336348
523 0.254636
524 0.438324
525 0.501748
526 0.537448
527 0.339401
528 0.360989
529 0.290623
530 0.34718
531 0.287394
532 0.222822
533 0.386851
534 0.409525
535 0.364794
536 0.447045
537 0.54587
538 0.303961
539 0.49125
540 0.271316
541 0.47313
542 0.365092
543 0.325462
544 0.468846
545 0.309753
546 0.267201
547 0.262208
548 0.309628
549 0.49049
550 0.393328
551 0.249761
552 0.322956
553 0.485919
554 0.373456
555 0.275326
556 0.339848
557 0.291088
558 0.381021
559 0.273021
560 0.449998
561 0.329899
562 0.490371
563 0.566995
564 0.454625
565 0.522778
566 0.341903
567 0.47753
568 0.454807
569 0.555468
570 0.422772
571 0.288145
572 0.421121
573 0.4086
574 0.52878
575 0.459218
576 0.553484
577 0.549183
578 0.603793
579 0.369863
580 0.338789
581 0.380288
582 0.417691
583 0.399333
584 0.494174
585 0.417888
586 0.388966
587 0.426411
588 0.463422
589 0.530276
590 0.377793
591 0.327545
592 0.376856
593 0.326709
594 0.396665
595 0.279698
596 0.353276
597 0.271964
598 0.241186
599 0.397733
600 0.38309
601 0.433528
602 0.446673
603 0.377205
604 0.356305
605 0.234047
606 0.211201
607 0.430119
608 0.279554
609 0.413194
610 0.249038
611 0.269414
612 0.357462
613 0.477927
614 0.460175
615 0.299755
616 0.258343
617 0.367257
618 0.302763
619 0.251092
620 0.22886
621 0.390688
622 0.409812
623 0.453415
624 0.314875
625 0.439494
626 0.296252
627 0.261091
628 0.385663
629 0.387165
630 0.495724
631 0.488728
632 0.354467
633 0.405241
634 0.368684
635 0.318053
636 0.256546
637 0.347252
638 0.247863
639 0.206556
640 0.211268
641 0.189654
642 0.332082
643 0.367533
644 0.329002
645 0.353871
646 0.43745
647 0.291316
648 0.317578
649 0.224426
650 0.388065
651 0.348982
652 0.474316
653 0.487164
654 0.490723
655 0.357376
656 0.537308
657 0.55192
658 0.431692
659 0.276885
660 0.321657
661 0.408178
662 0.334848
663 0.225164
664 0.324072
665 0.441785
666 0.326779
667 0.355144
668 0.468643
669 0.299176
670 0.482897
671 0.426392
672 0.292698
673 0.409479
674 0.511712
675 0.358417
676 0.408164
677 0.500668
678 0.518244
679 0.522069
680 0.351866
681 0.455883
682 0.415425
683 0.264279
684 0.39064
685 0.413475
686 0.39779
687 0.502738
688 0.571296
689 0.54969
690 0.341925
691 0.43757
692 0.449379
693 0.462642
694 0.383567
695 0.479747
696 0.468073
697 0.441913
698 0.521959
699 0.395477
700 0.463501
701 0.390216
702 0.402941
703 0.296285
704 0.294264
705 0.476742
706 0.414071
707 0.285883
708 0.350145
709 0.333918
710 0.366268
711 0.301582
712 0.414256
713 0.438389
714 0.264902
715 0.260276
716 0.194141
717 0.16854
718 0.330292
719 0.448719
720 0.381277
721 0.344069
722 0.266591
723 0.416254
724 0.378846
725 0.382409
726 0.277592
727 0.238264
728 0.417023
729 0.41607
730 0.527053
731 0.35815
732 0.4164
733 0.370677
734 0.477842
735 0.269578
736 0.446945
737 0.438321
738 0.529502
739 0.421376
740 0.323602
741 0.427774
742 0.387722
743 0.313254
744 0.287758
745 0.20858
746 0.414763
747 0.424087
748 0.509323
749 0.402845
750 0.511556
751 0.526728
752 0.546382
753 0.443361
754 0.315111
755 0.441603
756 0.509164
757 0.457649
758 0.536463
759 0.592793
760 0.577554
761 0.461551
762 0.576189
763 0.539084
764 0.507809
765 0.357208
766 0.256289
767 0.312324
768 0.424612
769 0.49615
770 0.57915
771 0.486226
772 0.360334
773 0.496959
774 0.52567
775 0.319899
776 0.279116
777 0.425876
778 0.301676
779 0.336459
780 0.487622
781 0.503032
782 0.440831
783 0.297965
784 0.46631
785 0.504718
786 0.441195
787 0.525934
788 0.3973
789 0.532803
790 0.411268
791 0.364975
792 0.363392
793 0.371585
794 0.333378
795 0.263883
796 0.272466
797 0.377289
798 0.512377
799 0.550313
800 0.315728
801 0.334378
802 0.384438
803 0.527136
804 0.432458
805 0.542093
806 0.30594
807 0.2662
808 0.407563
809 0.327003
810 0.329331
811 0.370934
812 0.43202
813 0.329897
814 0.415522
815 0.247392
816 0.185669
817 0.335695
818 0.435049
819 0.542938
820 0.369378
821 0.455393
822 0.538255
823 0.538203
824 0.367543
825 0.513343
826 0.471969
827 0.326575
828 0.414611
829 0.29473
830 0.319458
831 0.467669
832 0.355811
833 0.23632
834 0.305171
835 0.236802
836 0.196093
837 0.43528
838 0.456204
839 0.341395
840 0.428599
841 0.269244
842 0.473596
843 0.485607
844 0.515564
845 0.310862
846 0.282801
847 0.350152
848 0.380049
849 0.501046
850 0.353529
851 0.47444
852 0.350866
853 0.388249
854 0.264504
855 0.402883
856 0.446939
857 0.482593
858 0.416549
859 0.560256
860 0.310396
861 0.383712
862 0.384251
863 0.333261
864 0.516222
865 0.499079
866 0.58663
867 0.42785
868 0.347667
869 0.500544
870 0.326609
871 0.329944
872 0.290198
873 0.435592
874 0.337339
875 0.350352
876 0.336471
877 0.472651
878 0.391725
879 0.375527
880 0.429211
881 0.543149
882 0.60505
883 0.424579
884 0.454448
885 0.342178
886 0.504974
887 0.35038
888 0.248207
889 0.201981
890 0.408659
891 0.25298
892 0.425962
893 0.363812
894 0.270479
895 0.488771
896 0.514463
897 0.413764
898 0.269448
899 0.207672
900 0.166775
901 0.385316
902 0.49818
903 0.404737
904 0.502472
905 0.585129
906 0.632545
907 0.382773
908 0.319034
909 0.448835
910 0.460548
911 0.45961
912 0.561827
913 0.372196
914 0.344286
915 0.420912
916 0.369067
917 0.360201
918 0.477455
919 0.461206
920 0.477317
921 0.306381
922 0.355346
923 0.502557
924 0.360963
925 0.26492
926 0.214351
927 0.405245
928 0.377515
929 0.492008
930 0.500122
931 0.393105
932 0.484969
933 0.322016
934 0.315043
935 0.415202
936 0.4222
937 0.43351
938 0.500902
939 0.289157
940 0.351335
941 0.457437
942 0.320165
943 0.486156
944 0.463587
945 0.470908
946 0.471296
947 0.557812
948 0.591107
949 0.60815
950 0.453792
951 0.373936
952 0.427813
953 0.499611
954 0.400174
955 0.290788
956 0.470098
957 0.330167
958 0.406417
959 0.433007
960 0.495371
961 0.319043
962 0.345363
963 0.455379
964 0.275037
965 0.466234
966 0.534986
967 0.298513
968 0.408316
969 0.359913
970 0.238923
971 0.273727
972 0.343349
973 0.447194
974 0.337859
975 0.413398
976 0.529593
977 0.37177
978 0.550586
979 0.488756
980 0.441523
981 0.549386
982 0.413105
983 0.268544
984 0.271697
985 0.426783
986 0.412031
987 0.448674
988 0.524303
989 0.594244
990 0.606711
991 0.354967
992 0.275635
993 0.475193
994 0.438913
995 0.406329
996 0.368543
997 0.472975
998 0.36117
999 0.395523
1000 0.410089
1001 0.353033
1002 0.328543
1003 0.316885
1004 0.269941
1005 0.238705
1006 0.195104
1007 0.35768
1008 0.223826
1009 0.388211
1010 0.427234
1011 0.474426
1012 0.547536
1013 0.570973
1014 0.540951
1015 0.419603
1016 0.398876
1017 0.356764
1018 0.387432
1019 0.433917
1020 0.379337
1021 0.293088
1022 0.469544
1023 0.480972
1024 0.508972
1025 0.500596
1026 0.296154
1027 0.516104
1028 0.331111
1029 0.253614
1030 0.272432
1031 0.415908
1032 0.337483
1033 0.520042
1034 0.527098
1035 0.596871
1036 0.584155
1037 0.496346
1038 0.499202
1039 0.352225
1040 0.239794
1041 0.425079
1042 0.333844
1043 0.47601
1044 0.320823
1045 0.519105
1046 0.517887
1047 0.460384
1048 0.277011
1049 0.334734
1050 0.300979
1051 0.203324
1052 0.412879
1053 0.278856
1054 0.284664
1055 0.28349
1056 0.385853
1057 0.492036
1058 0.485634
1059 0.417946
1060 0.442223
1061 0.43356
1062 0.547052
1063 0.495049
1064 0.48326
1065 0.532072
1066 0.40516
1067 0.53189
1068 0.542762
1069 0.368653
1070 0.47507
1071 0.359424
1072 0.321695
1073 0.254713
1074 0.337594
1075 0.316241
1076 0.258278
1077 0.441026
1078 0.477114
1079 0.471558
1080 0.398832
1081 0.322852
1082 0.326328
1083 0.241864
1084 0.446301
1085 0.494352
1086 0.539238
1087 0.602696
1088 0.569869
1089 0.520201
1090 0.494587
1091 0.423887
1092 0.318537
1093 0.482281
1094 0.501703
1095 0.422257
1096 0.308044
1097 0.473928
1098 0.460523
1099 0.348034
1100 0.375048
1101 0.291644
1102 0.34984
1103 0.312938
1104 0.238588
1105 0.23266
1106 0.365149
1107 0.49639
1108 0.535976
1109 0.603688
1110 0.563075
1111 0.380382
1112 0.303883
1113 0.358824
1114 0.340922
1115 0.352475
1116 0.33936
1117 0.217962
1118 0.219497
1119 0.41295
1120 0.250521
1121 0.373142
1122 0.261768
1123 0.420042
1124 0.447544
1125 0.310058
1126 0.484221
1127 0.499009
1128 0.545754
1129 0.331641
1130 0.440775
1131 0.512433
1132 0.372297
1133 0.542814
1134 0.341816
1135 0.292494
1136 0.489456
1137 0.49344
1138 0.410504
1139 0.326478
1140 0.313771
1141 0.490392
1142 0.449107
1143 0.523799
1144 0.361554
1145 0.372808
1146 0.271048
1147 0.429116
1148 0.329461
1149 0.224643
1150 0.335319
1151 0.261493
1152 0.293988
1153 0.415855
1154 0.447848
1155 0.524896
1156 0.321796
1157 0.370914
1158 0.297261
1159 0.461816
1160 0.359377
1161 0.337641
1162 0.509207
1163 0.412303
1164 0.509678
1165 0.537063
1166 0.56272
1167 0.46016
1168 0.580115
1169 0.455677
1170 0.431844
1171 0.325218
1172 0.354836
1173 0.415402
1174 0.27917
1175 0.271041
1176 0.418758
1177 0.515689
1178 0.459465
1179 0.280676
1180 0.261715
1181 0.226812
1182 0.309149
1183 0.474436
1184 0.361811
1185 0.456118
1186 0.504241
1187 0.379116
1188 0.254239
1189 0.199691
1190 0.349555
1191 0.32679
1192 0.428865
1193 0.548786
1194 0.40854
1195 0.339751
1196 0.400376
1197 0.314229
1198 0.221964
1199 0.259087
1200 0.319118
1201 0.445003
1202 0.522167
1203 0.399572
1204 0.429778
1205 0.454488
1206 0.534251
1207 0.527038
1208 0.458697
1209 0.322194
1210 0.32958
1211 0.276189
1212 0.275196
1213 0.305805
1214 0.412504
1215 0.431959
1216 0.492905
1217 0.452349
1218 0.276213
1219 0.480441
1220 0.513429
1221 0.405151
1222 0.252918
1223 0.488425
1224 0.396877
1225 0.447472
1226 0.433321
1227 0.458172
1228 0.535241
1229 0.301264
1230 0.450841
1231 0.458396
1232 0.311727
1233 0.500657
1234 0.346269
1235 0.312974
1236 0.41205
1237 0.327284
1238 0.301486
1239 0.333403
1240 0.497752
1241 0.505763
1242 0.553476
1243 0.536806
1244 0.343195
1245 0.353279
1246 0.480322
1247 0.279734
1248 0.378946
1249 0.306147
1250 0.361321
1251 0.255895
1252 0.420528
1253 0.383738
1254 0.252968
1255 0.200504
1256 0.265621
1257 0.213135
1258 0.322175
1259 0.443769
1260 0.361185
1261 0.387239
1262 0.344329
1263 0.45213
1264 0.41888
1265 0.541057
1266 0.382777
1267 0.482062
1268 0.277859
1269 0.216234
1270 0.210104
1271 0.19491
1272 0.419548
1273 0.295323
1274 0.268666
1275 0.20807
1276 0.286975
1277 0.182083
1278 0.267025
1279 0.35343
1280 0.271598
1281 0.432456
1282 0.31829
1283 0.236154
1284 0.323654
1285 0.374198
1286 0.352701
1287 0.291563
1288 0.29657
1289 0.443348
1290 0.463026
1291 0.435285
1292 0.535885
1293 0.52756
1294 0.390185
1295 0.446917
1296 0.538164
1297 0.356209
1298 0.4045
1299 0.338971
1300 0.219258
1301 0.281726
1302 0.307047
1303 0.358241
1304 0.365688
1305 0.37531
1306 0.318246
1307 0.226377
1308 0.457344
1309 0.527338
1310 0.517543
1311 0.55833
1312 0.478435
1313 0.553858
1314 0.496804
1315 0.34444
1316 0.338223
1317 0.285377
1318 0.412947
1319 0.480255
1320 0.378035
1321 0.374346
1322 0.464128
1323 0.306595
1324 0.310374
1325 0.491373
1326 0.356863
1327 0.327619
1328 0.30451
1329 0.490885
1330 0.460713
1331 0.526825
1332 0.377825
1333 0.248394
1334 0.340521
1335 0.206657
1336 0.365988
1337 0.244611
1338 0.306556
1339 0.237992
1340 0.377045
1341 0.398078
1342 0.425796
1343 0.432363
1344 0.277723
1345 0.281606
1346 0.380339
1347 0.25528
1348 0.259884
1349 0.226649
1350 0.352909
1351 0.333008
1352 0.393846
1353 0.332401
1354 0.432653
1355 0.493707
1356 0.377787
1357 0.455097
1358 0.440864
1359 0.480004
1360 0.511223
1361 0.465028
1362 0.548762
1363 0.31428
1364 0.289874
1365 0.390192
1366 0.234335
1367 0.35201
1368 0.332589
1369 0.25703
1370 0.457011
1371 0.455792
1372 0.439563
1373 0.319387
1374 0.417932
1375 0.51524
1376 0.454023
1377 0.511328
1378 0.417164
1379 0.270117
1380 0.484671
1381 0.496742
1382 0.340284
1383 0.517246
1384 0.563883
1385 0.491148
1386 0.394741
1387 0.279758
1388 0.384095
1389 0.307819
1390 0.513201
1391 0.494997
1392 0.358705
1393 0.424712
1394 0.419575
1395 0.543574
1396 0.568919
1397 0.497776
1398 0.592144
1399 0.334514
1400 0.441973
1401 0.264867
1402 0.369557
1403 0.327641
1404 0.494452
1405 0.502034
1406 0.516525
1407 0.4938
1408 0.407932
1409 0.430144
1410 0.337019
1411 0.448909
1412 0.417034
1413 0.29507
1414 0.341604
1415 0.380038
1416 0.518557
1417 0.499845
1418 0.469739
1419 0.373077
1420 0.414685
1421 0.377997
1422 0.535337
1423 0.425559
1424 0.533849
1425 0.51992
1426 0.417186
1427 0.282902
1428 0.272399
1429 0.335734
1430 0.302106
1431 0.449943
1432 0.464587
1433 0.473525
1434 0.482546
1435 0.479074
1436 0.50651
1437 0.594857
1438 0.616265
1439 0.580056
1440 0.617105
1441 0.466089
1442 0.345527
1443 0.499919
1444 0.380622
1445 0.311647
1446 0.28659
1447 0.360326
1448 0.221345
1449 0.267181
1450 0.246457
1451 0.31746
1452 0.271406
1453 0.278361
1454 0.461216
1455 0.414225
1456 0.271871
1457 0.322055
1458 0.22788
1459 0.206824
1460 0.216912
1461 0.249725
1462 0.246423
1463 0.424793
1464 0.446479
1465 0.417779
1466 0.305581
1467 0.253335
1468 0.282186
1469 0.366671
1470 0.239704
1471 0.283069
1472 0.317659
1473 0.226201
1474 0.357562
1475 0.424416
1476 0.316228
1477 0.442763
1478 0.368047
1479 0.421505
1480 0.323712
1481 0.390099
1482 0.24441
1483 0.296185
1484 0.314516
1485 0.324521
1486 0.39155
1487 0.249696
1488 0.275185
1489 0.439223
1490 0.27393
1491 0.347274
1492 0.264604
1493 0.460748
1494 0.368705
1495 0.539693
1496 0.529174
1497 0.385945
1498 0.550063
1499 0.471599
1500 0.581043
1501 0.509042
1502 0.543626
1503 0.469652
1504 0.379867
1505 0.430094
1506 0.284635
1507 0.202236
1508 0.324434
1509 0.336374
1510 0.471836
1511 0.571898
1512 0.311385
1513 0.516666
1514 0.321467
1515 0.289653
1516 0.348175
1517 0.491688
1518 0.513878
1519 0.524035
1520 0.446908
1521 0.456124
1522 0.364554
1523 0.240382
1524 0.23267
1525 0.209314
1526 0.360236
1527 0.476498
1528 0.452536
1529 0.469228
1530 0.507637
1531 0.465596
1532 0.302862
1533 0.330938
1534 0.418097
1535 0.251271
1536 0.282129
1537 0.251518
1538 0.223316
1539 0.247355
1540 0.360901
1541 0.287283
1542 0.236289
1543 0.373966
1544 0.47047
1545 0.390682
1546 0.347636
1547 0.511001
1548 0.428339
1549 0.555812
1550 0.468497
1551 0.30976
1552 0.418608
1553 0.278877
1554 0.388881
1555 0.403112
1556 0.382322
1557 0.388928
1558 0.334084
1559 0.370676
1560 0.334332
1561 0.502345
1562 0.319921
1563 0.318838
1564 0.349784
1565 0.376749
1566 0.226799
1567 0.401264
1568 0.465165
1569 0.306934
1570 0.46432
1571 0.522637
1572 0.534829
1573 0.381759
1574 0.47431
1575 0.283462
1576 0.211713
1577 0.366492
1578 0.327343
1579 0.222944
1580 0.372399
1581 0.472284
1582 0.393269
1583 0.314
1584 0.406202
1585 0.393949
1586 0.39933
1587 0.440643
1588 0.477356
1589 0.495383
1590 0.374971
1591 0.320535
1592 0.339968
1593 0.456594
1594 0.526212
1595 0.38069
1596 0.47833
1597 0.43717
1598 0.415279
1599 0.367088
1600 0.44351
1601 0.423106
1602 0.465839
1603 0.355343
1604 0.303005
1605 0.243462
1606 0.400731
1607 0.351822
1608 0.334147
1609 0.302825
1610 0.432405
1611 0.456609
1612 0.365701
1613 0.249594
1614 0.234907
1615 0.178354
1616 0.264433
1617 0.224538
1618 0.388122
1619 0.428471
1620 0.422675
1621 0.544519
1622 0.455432
1623 0.562253
1624 0.518918
1625 0.325227
1626 0.372429
1627 0.370569
1628 0.436481
1629 0.310296
1630 0.272327
1631 0.290625
1632 0.244126
1633 0.387924
1634 0.346861
1635 0.355338
1636 0.339755
1637 0.503279
1638 0.390197
1639 0.320494
1640 0.347768
1641 0.211987
1642 0.451227
1643 0.413245
1644 0.448766
1645 0.549335
1646 0.50606
1647 0.434114
1648 0.509047
1649 0.456705
1650 0.413196
1651 0.309956
1652 0.505733
1653 0.452965
1654 0.295899
1655 0.266692
1656 0.204774
1657 0.253861
1658 0.372593
1659 0.457506
1660 0.456817
1661 0.475774
1662 0.450414
1663 0.289149
1664 0.286497
1665 0.314756
1666 0.210374
1667 0.288877
1668 0.327547
1669 0.437779
1670 0.503662
1671 0.356249
1672 0.491033
1673 0.489872
1674 0.319394
1675 0.281112
1676 0.309212
1677 0.48077
1678 0.422862
1679 0.468283
1680 0.337815
1681 0.518425
1682 0.480195
1683 0.412394
1684 0.507838
1685 0.310892
1686 0.322287
1687 0.276361
1688 0.444181
1689 0.486596
1690 0.303671
1691 0.343768
1692 0.234018
1693 0.335969
1694 0.298118
1695 0.482344
1696 0.342572
1697 0.24568
1698 0.235047
1699 0.196551
1700 0.268697
1701 0.251226
1702 0.261188
1703 0.285037
1704 0.265823
1705 0.436257
1706 0.536209
1707 0.375305
1708 0.384367
1709 0.43543
1710 0.362961
1711 0.348421
1712 0.434554
1713 0.450702
1714 0.537724
1715 0.521009
1716 0.594672
1717 0.431662
1718 0.280823
1719 0.362694
1720 0.272471
1721 0.360856
1722 0.402165
1723 0.522209
1724 0.528334
1725 0.402111
1726 0.404795
1727 0.522711
1728 0.339654
1729 0.390305
1730 0.436436
1731 0.33103
1732 0.37906
1733 0.371695
1734 0.283496
1735 0.484148
1736 0.364877
1737 0.387528
1738 0.317776
1739 0.24383
1740 0.446425
1741 0.518002
1742 0.565367
1743 0.584179
1744 0.49373
1745 0.558147
1746 0.316078
1747 0.303325
1748 0.30033
1749 0.217762
1750 0.422585
1751 0.4713
1752 0.433462
1753 0.355558
1754 0.323134
1755 0.241171
1756 0.174887
1757 0.363569
1758 0.425669
1759 0.323661
1760 0.283242
1761 0.442523
1762 0.363981
1763 0.32663
1764 0.242154
1765 0.41702
1766 0.445239
1767 0.394573
1768 0.374195
1769 0.373525
1770 0.248053
1771 0.254736
1772 0.430548
1773 0.285995
1774 0.268357
1775 0.319226
1776 0.284947
1777 0.297429
1778 0.346126
1779 0.439179
1780 0.547165
1781 0.316062
1782 0.356654
1783 0.256413
1784 0.328876
1785 0.332364
1786 0.387294
1787 0.425134
1788 0.408723
1789 0.368875
1790 0.398854
1791 0.496612
1792 0.5604
1793 0.389273
1794 0.416532
1795 0.428325
1796 0.425745
1797 0.26178
1798 0.419736
1799 0.406179
1800 0.315116
1801 0.404593
1802 0.480978
1803 0.360653
1804 0.488153
1805 0.543092
1806 0.534817
1807 0.439136
1808 0.489652
1809 0.51084
1810 0.418552
1811 0.282677
1812 0.247611
1813 0.300441
1814 0.227843
1815 0.431924
1816 0.300036
1817 0.290551
1818 0.418239
1819 0.381813
1820 0.385215
1821 0.271041
1822 0.276822
1823 0.416373
1824 0.293674
1825 0.490804
1826 0.521514
1827 0.517653
1828 0.535904
1829 0.495865
1830 0.30512
1831 0.275449
1832 0.320777
1833 0.452187
1834 0.253533
1835 0.209579
1836 0.412113
1837 0.472993
1838 0.278127
1839 0.243422
1840 0.38437
1841 0.498618
1842 0.282662
1843 0.438263
1844 0.341309
1845 0.45869
1846 0.386885
1847 0.522729
1848 0.412586
1849 0.525032
1850 0.495387
1851 0.402625
1852 0.530796
1853 0.582673
1854 0.530914
1855 0.607518
1856 0.460995
1857 0.50148
1858 0.489764
1859 0.525044
1860 0.508696
1861 0.406438
1862 0.307342
1863 0.431213
1864 0.293301
1865 0.443099
1866 0.455303
1867 0.501088
1868 0.565673
1869 0.355131
1870 0.444632
1871 0.474953
1872 0.429814
1873 0.288596
1874 0.20869
1875 0.201288
1876 0.160529
1877 0.310898
1878 0.38516
1879 0.362837
1880 0.39891
1881 0.445742
1882 0.332231
1883 0.499474
1884 0.552734
1885 0.505363
1886 0.31321
1887 0.509268
1888 0.333529
1889 0.268256
1890 0.483734
1891 0.474695
1892 0.452556
1893 0.400062
1894 0.31259
1895 0.257718
1896 0.391579
1897 0.323908
1898 0.24801
1899 0.222829
1900 0.436036
1901 0.306458
1902 0.265574
1903 0.40978
1904 0.433268
1905 0.318875
1906 0.280172
1907 0.310107
1908 0.291887
1909 0.359925
1910 0.272038
1911 0.326284
1912 0.42628
1913 0.547738
1914 0.593036
1915 0.371798
1916 0.526073
1917 0.330651
1918 0.238886
1919 0.299287
1920 0.427429
1921 0.336954
1922 0.325439
1923 0.217761
1924 0.195352
1925 0.339358
1926 0.430979
1927 0.301883
1928 0.455298
1929 0.461228
1930 0.411173
1931 0.515663
1932 0.332739
1933 0.321198
1934 0.366728
1935 0.366467
1936 0.267082
1937 0.240123
1938 0.444077
1939 0.45479
1940 0.333606
1941 0.481567
1942 0.307494
1943 0.512939
1944 0.370839
1945 0.313007
1946 0.493933
1947 0.279606
1948 0.391707
1949 0.408211
1950 0.340439
1951 0.420273
1952 0.43144
1953 0.551478
1954 0.545997
1955 0.344026
1956 0.305414
1957 0.343047
1958 0.424217
1959 0.436697
1960 0.455611
1961 0.303862
1962 0.431503
1963 0.485847
1964 0.395721
1965 0.405114
1966 0.359056
1967 0.391679
1968 0.530093
1969 0.581919
1970 0.561389
1971 0.606452
1972 0.523926
1973 0.587162
1974 0.436155
1975 0.504609
1976 0.385588
1977 0.361032
1978 0.462312
1979 0.374717
1980 0.290544
1981 0.206249
1982 0.44361
1983 0.402528
1984 0.401239
1985 0.325104
1986 0.501813
1987 0.525989
1988 0.5871
1989 0.37591
1990 0.341589
1991 0.318101
1992 0.251719
1993 0.451568
1994 0.521879
1995 0.419903
1996 0.467514
1997 0.424197
1998 0.439318
1999 0.471961
2000 0.311947
2001 0.228762
2002 0.202337
2003 0.199543
2004 0.218308
2005 0.333988
2006 0.246087
2007 0.385628
2008 0.275463
2009 0.26774
2010 0.405303
2011 0.4935
2012 0.411909
2013 0.483245
2014 0.441798
2015 0.357375
2016 0.461649
2017 0.287864
2018 0.396656
2019 0.281978
2020 0.48158
2021 0.37952
2022 0.410841
2023 0.496821
2024 0.412375
2025 0.430833
2026 0.363512
2027 0.479537
2028 0.494541
2029 0.399485
2030 0.416616
2031 0.284384
2032 0.302904
2033 0.375888
2034 0.45939
2035 0.487479
2036 0.428132
2037 0.45239
2038 0.279216
2039 0.234891
2040 0.296906
2041 0.370736
2042 0.418968
2043 0.485387
2044 0.296711
2045 0.448331
2046 0.410711
2047 0.546887
2048 0.471839
2049 0.509859
2050 0.339638
2051 0.286583
2052 0.297652
2053 0.431276
2054 0.486286
2055 0.440101
2056 0.287395
2057 0.416299
2058 0.312396
2059 0.440024
2060 0.522351
2061 0.387777
2062 0.256145
2063 0.415512
2064 0.269803
2065 0.238733
2066 0.303785
2067 0.247007
2068 0.354935
2069 0.315435
2070 0.290163
2071 0.304115
2072 0.196439
2073 0.353378
2074 0.410759
2075 0.316098
2076 0.405098
2077 0.532219
2078 0.295977
2079 0.467423
2080 0.530095
2081 0.388881
2082 0.342034
2083 0.42666
2084 0.266319
2085 0.467771
2086 0.407537
2087 0.384897
2088 0.467808
2089 0.494578
2090 0.51236
2091 0.502516
2092 0.45142
2093 0.44967
2094 0.556531
2095 0.558728
2096 0.528063
2097 0.506025
2098 0.436716
2099 0
