0 0.169641
1 0.165342
2 0.157468
3 0.147511
4 0.137945
5 0.132233
6 0.12927
7 0.1271
8 0.127195
9 0.127384
10 0.125563
11 0.138986
12 0.15441
13 0.170339
14 0.162174
15 0.182639
16 0.164499
17 0.184507
18 0.185073
19 0.178128
20 0.174047
21 0.175777
22 0.179272
23 0.182643
24 0.180951
25 0.178153
26 0.174344
27 0.173229
28 0.174076
29 0.176899
30 0.181084
31 0.180144
32 0.17509
33 0.172023
34 0.170662
35 0.175626
36 0.180445
37 0.179254
38 0.180109
39 0.179759
40 0.175307
41 0.171869
42 0.17683
43 0.180309
44 0.182943
45 0.180394
46 0.176431
47 0.170779
48 0.17203
49 0.178119
50 0.176635
51 0.180462
52 0.181638
53 0.174084
54 0.172556
55 0.171791
56 0.175442
57 0.179917
58 0.178834
59 0.176968
60 0.175341
61 0.174573
62 0.169411
63 0.174562
64 0.178134
65 0.180062
66 0.179356
67 0.177086
68 0.175464
69 0.171756
70 0.172321
71 0.17892
72 0.180669
73 0.179738
74 0.175155
75 0.171728
76 0.170401
77 0.174212
78 0.175886
79 0.181102
80 0.181601
81 0.178293
82 0.175353
83 0.170882
84 0.174594
85 0.176585
86 0.180189
87 0.17952
88 0.174995
89 0.174019
90 0.171842
91 0.172767
92 0.175114
93 0.179106
94 0.18193
95 0.176619
96 0.172556
97 0.171236
98 0.174568
99 0.173982
100 0.177106
101 0.180386
102 0.181853
103 0.173574
104 0.170182
105 0.174027
106 0.175361
107 0.176561
108 0.180156
109 0.178752
110 0.17553
111 0.170943
112 0.170717
113 0.172591
114 0.18014
115 0.183463
116 0.180668
117 0.176036
118 0.172978
119 0.174247
120 0.172789
121 0.179272
122 0.179777
123 0.181066
124 0.176574
125 0.172811
126 0.171174
127 0.177488
128 0.18077
129 0.180175
130 0.179128
131 0.176394
132 0.172671
133 0.171975
134 0.17294
135 0.177686
136 0.183768
137 0.181482
138 0.175542
139 0.174388
140 0.175378
141 0.175313
142 0.1762
143 0.180252
144 0.178791
145 0.174079
146 0.173994
147 0.17171
148 0.176803
149 0.178316
150 0.180948
151 0.178766
152 0.17744
153 0.172267
154 0.171557
155 0.174341
156 0.178946
157 0.182629
158 0.180886
159 0.175047
160 0.17132
161 0.172354
162 0.173268
163 0.178189
164 0.18166
165 0.183109
166 0.177114
167 0.171713
168 0.171196
169 0.177043
170 0.180743
171 0.179131
172 0.179515
173 0.176703
174 0.171949
175 0.172962
176 0.172547
177 0.181559
178 0.183029
179 0.18034
180 0.174544
181 0.173058
182 0.175408
183 0.172629
184 0.179082
185 0.17845
186 0.182126
187 0.177744
188 0.17167
189 0.172047
190 0.179298
191 0.180349
192 0.181504
193 0.179696
194 0.176244
195 0.173981
196 0.169699
197 0.173238
198 0.176521
199 0.179769
200 0.180437
201 0.176672
202 0.173495
203 0.173931
204 0.176952
205 0.177316
206 0.177971
207 0.178874
208 0.177471
209 0.173599
210 0.169929
211 0.179561
212 0.18107
213 0.178501
214 0.178374
215 0.179273
216 0.171641
217 0.171445
218 0.176383
219 0.177343
220 0.183755
221 0.180184
222 0.17335
223 0.174448
224 0.173274
225 0.174269
226 0.180395
227 0.180387
228 0.178337
229 0.176843
230 0.173369
231 0.169763
232 0.177942
233 0.181498
234 0.181132
235 0.17918
236 0.178565
237 0.171986
238 0.172501
239 0.177864
240 0.178513
241 0.181436
242 0.177333
243 0.172936
244 0.170539
245 0.17183
246 0.179084
247 0.180487
248 0.178687
249 0.181759
250 0.174796
251 0.172324
252 0.171152
253 0.17787
254 0.179909
255 0.179331
256 0.178237
257 0.175664
258 0.172769
259 0.17347
260 0.177465
261 0.179418
262 0.18025
263 0.178421
264 0.174149
265 0.16955
266 0.176352
267 0.180609
268 0.177838
269 0.181755
270 0.179554
271 0.172799
272 0.170699
273 0.174099
274 0.178672
275 0.18287
276 0.180334
277 0.175948
278 0.176932
279 0.170315
280 0.172854
281 0.178895
282 0.178713
283 0.184038
284 0.176381
285 0.174443
286 0.170785
287 0.176456
288 0.17963
289 0.179812
290 0.182026
291 0.179748
292 0.174713
293 0.170339
294 0.175265
295 0.177142
296 0.181788
297 0.179577
298 0.17693
299 0.175086
300 0.172734
301 0.174881
302 0.178334
303 0.18013
304 0.178571
305 0.17695
306 0.173996
307 0.171238
308 0.176713
309 0.182179
310 0.18247
311 0.178176
312 0.175587
313 0.172269
314 0.169835
315 0.174077
316 0.179458
317 0.184456
318 0.178573
319 0.177176
320 0.172177
321 0.172215
322 0.177921
323 0.177594
324 0.181288
325 0.18014
326 0.175761
327 0.17231
328 0.172791
329 0.175537
330 0.180308
331 0.180849
332 0.178451
333 0.175075
334 0.17328
335 0.169652
336 0.175032
337 0.180048
338 0.180672
339 0.178763
340 0.175228
341 0.173011
342 0.173534
343 0.175431
344 0.177362
345 0.179263
346 0.179678
347 0.177314
348 0.171162
349 0.174172
350 0.174978
351 0.179659
352 0.183137
353 0.177198
354 0.178798
355 0.171341
356 0.170425
357 0.175398
358 0.182074
359 0.181773
360 0.179447
361 0.176377
362 0.170563
363 0.172494
364 0.177123
365 0.176666
366 0.180018
367 0.178638
368 0.176369
369 0.173191
370 0.170501
371 0.177048
372 0.178059
373 0.17812
374 0.17795
375 0.17742
376 0.173351
377 0.172029
378 0.176492
379 0.181471
380 0.182605
381 0.179635
382 0.174578
383 0.170378
384 0.172798
385 0.175776
386 0.176329
387 0.180365
388 0.180412
389 0.177409
390 0.172613
391 0.171043
392 0.174973
393 0.180075
394 0.180705
395 0.178341
396 0.175927
397 0.173879
398 0.171521
399 0.17443
400 0.178346
401 0.183447
402 0.180961
403 0.174414
404 0.173839
405 0.1745
406 0.172465
407 0.180449
408 0.181941
409 0.182218
410 0.175624
411 0.172404
412 0.173605
413 0.177211
414 0.181055
415 0.18247
416 0.177541
417 0.177312
418 0.173623
419 0.173822
420 0.174777
421 0.178447
422 0.182709
423 0.175797
424 0.172885
425 0.172766
426 0.172069
427 0.177619
428 0.179504
429 0.183228
430 0.178413
431 0.172941
432 0.171334
433 0.174131
434 0.177666
435 0.179194
436 0.183764
437 0.179169
438 0.173087
439 0.17272
440 0.175056
441 0.177658
442 0.18052
443 0.183458
444 0.178833
445 0.172225
446 0.170409
447 0.173632
448 0.178859
449 0.178427
450 0.180332
451 0.17935
452 0.174721
453 0.168927
454 0.17201
455 0.176048
456 0.179876
457 0.179259
458 0.179106
459 0.177025
460 0.173915
461 0.17071
462 0.178752
463 0.18189
464 0.180854
465 0.179211
466 0.175625
467 0.171152
468 0.175334
469 0.180015
470 0.178836
471 0.180496
472 0.176487
473 0.175439
474 0.173143
475 0.176664
476 0.180359
477 0.182289
478 0.181535
479 0.17291
480 0.173882
481 0.174995
482 0.176324
483 0.179587
484 0.180125
485 0.181937
486 0.176138
487 0.172241
488 0.171003
489 0.175747
490 0.182284
491 0.180305
492 0.176368
493 0.178073
494 0.17193
495 0.171393
496 0.174702
497 0.17838
498 0.181234
499 0.17807
500 0.175712
501 0.172688
502 0.174246
503 0.173665
504 0.181204
505 0.182298
506 0.180767
507 0.174015
508 0.171812
509 0.169554
510 0.174504
511 0.182153
512 0.180434
513 0.180847
514 0.176375
515 0.174853
516 0.173504
517 0.176081
518 0.180353
519 0.183174
520 0.177222
521 0.17366
522 0.171649
523 0.175517
524 0.17503
525 0.179408
526 0.18255
527 0.179575
528 0.174878
529 0.171845
530 0.174005
531 0.179189
532 0.183119
533 0.181618
534 0.177409
535 0.173532
536 0.173251
537 0.173907
538 0.175931
539 0.182967
540 0.18237
541 0.176545
542 0.172184
543 0.17396
544 0.17651
545 0.1757
546 0.179367
547 0.180938
548 0.178028
549 0.174089
550 0.1714
551 0.173004
552 0.178019
553 0.180697
554 0.181524
555 0.177239
556 0.173578
557 0.174838
558 0.176555
559 0.177845
560 0.180083
561 0.179771
562 0.177254
563 0.172643
564 0.171693
565 0.174606
566 0.179899
567 0.179986
568 0.178542
569 0.178562
570 0.174425
571 0.169423
572 0.173607
573 0.177973
574 0.178627
575 0.180174
576 0.17846
577 0.174973
578 0.171776
579 0.174242
580 0.177993
581 0.177631
582 0.180827
583 0.177541
584 0.174451
585 0.17391
586 0.178855
587 0.181753
588 0.179931
589 0.179867
590 0.174785
591 0.174737
592 0.170396
593 0.177759
594 0.178045
595 0.180144
596 0.181146
597 0.17413
598 0.173236
599 0.174033
600 0.175115
601 0.179736
602 0.182136
603 0.178677
604 0.175501
605 0.17119
606 0.172465
607 0.174026
608 0.181776
609 0.180512
610 0.176599
611 0.177379
612 0.170672
613 0.169632
614 0.174971
615 0.179488
616 0.179929
617 0.177883
618 0.176101
619 0.171063
620 0.171901
621 0.17342
622 0.178076
623 0.179419
624 0.181576
625 0.17629
626 0.174416
627 0.1712
628 0.174693
629 0.178865
630 0.182322
631 0.178335
632 0.176216
633 0.174992
634 0.172153
635 0.17249
636 0.177805
637 0.183711
638 0.178099
639 0.176162
640 0.172606
641 0.17295
642 0.177586
643 0.180597
644 0.181166
645 0.181732
646 0.175873
647 0.172473
648 0.16988
649 0.17632
650 0.179595
651 0.181599
652 0.179096
653 0.177472
654 0.174035
655 0.170233
656 0.175698
657 0.180329
658 0.180657
659 0.178623
660 0.17314
661 0.17208
662 0.172092
663 0.173712
664 0.178506
665 0.181911
666 0.178803
667 0.175952
668 0.172991
669 0.171565
670 0.174127
671 0.178785
672 0.179236
673 0.179627
674 0.175045
675 0.172152
676 0.174511
677 0.177182
678 0.176522
679 0.182591
680 0.180556
681 0.174071
682 0.173777
683 0.17258
684 0.174458
685 0.178866
686 0.180574
687 0.177918
688 0.174144
689 0.171075
690 0.170302
691 0.173932
692 0.180362
693 0.180339
694 0.177513
695 0.17643
696 0.17301
697 0.172449
698 0.173965
699 0.179542
700 0.182175
701 0.179532
702 0.176153
703 0.173062
704 0.17386
705 0.177084
706 0.181223
707 0.180101
708 0.179829
709 0.173787
710 0.170005
711 0.173228
712 0.173492
713 0.180454
714 0.180523
715 0.179531
716 0.176668
717 0.174602
718 0.172842
719 0.178513
720 0.179744
721 0.180021
722 0.177473
723 0.172973
724 0.173158
725 0.175719
726 0.175335
727 0.180194
728 0.183048
729 0.178365
730 0.172199
731 0.171773
732 0.170066
733 0.178144
734 0.179909
735 0.182106
736 0.178667
737 0.175767
738 0.173983
739 0.17349
740 0.1751
741 0.177589
742 0.182908
743 0.176431
744 0.173377
745 0.173135
746 0.172011
747 0.173348
748 0.178861
749 0.181322
750 0.177052
751 0.174049
752 0.173474
753 0.169466
754 0.177551
755 0.180326
756 0.178085
757 0.177821
758 0.177699
759 0.175019
760 0.171161
761 0.17799
762 0.180161
763 0.181867
764 0.177189
765 0.174169
766 0.171338
767 0.17045
768 0.175971
769 0.181447
770 0.181559
771 0.181319
772 0.174589
773 0.16966
774 0.169011
775 0.177365
776 0.178847
777 0.178243
778 0.17801
779 0.176843
780 0.174703
781 0.172923
782 0.172653
783 0.18178
784 0.18107
785 0.177192
786 0.175714
787 0.173718
788 0.173589
789 0.172694
790 0.176967
791 0.182269
792 0.181592
793 0.177166
794 0.172411
795 0.172722
796 0.173198
797 0.177295
798 0.179719
799 0.178442
800 0.176509
801 0.174678
802 0.170712
803 0.171106
804 0.176664
805 0.180504
806 0.178228
807 0.17891
808 0.173889
809 0.173234
810 0.172943
811 0.176611
812 0.181246
813 0.179727
814 0.176915
815 0.174117
816 0.171047
817 0.176345
818 0.180366
819 0.179383
820 0.180217
821 0.177965
822 0.172871
823 0.170957
824 0.170908
825 0.175965
826 0.179514
827 0.178717
828 0.17987
829 0.174407
830 0.173154
831 0.172447
832 0.173653
833 0.181078
834 0.180497
835 0.176365
836 0.173981
837 0.172358
838 0.174943
839 0.174895
840 0.178559
841 0.181506
842 0.178847
843 0.173999
844 0.173341
845 0.171801
846 0.175447
847 0.180549
848 0.180392
849 0.178531
850 0.174653
851 0.171137
852 0.169897
853 0.175529
854 0.17928
855 0.181741
856 0.181182
857 0.174774
858 0.173374
859 0.171638
860 0.174513
861 0.177653
862 0.181647
863 0.178966
864 0.173403
865 0.17391
866 0.172094
867 0.178575
868 0.180672
869 0.180398
870 0.178254
871 0.176515
872 0.172461
873 0.170876
874 0.174301
875 0.17829
876 0.182109
877 0.179077
878 0.174172
879 0.174675
880 0.175072
881 0.174809
882 0.179067
883 0.179417
884 0.180001
885 0.175427
886 0.170773
887 0.171287
888 0.178161
889 0.179617
890 0.17974
891 0.180322
892 0.177629
893 0.172988
894 0.172845
895 0.174848
896 0.180186
897 0.179655
898 0.179225
899 0.173787
900 0.173834
901 0.170985
902 0.173174
903 0.179413
904 0.182932
905 0.181471
906 0.175581
907 0.173426
908 0.172863
909 0.178658
910 0.180076
911 0.182062
912 0.180177
913 0.173044
914 0.175051
915 0.1722
916 0.176236
917 0.179189
918 0.181288
919 0.180194
920 0.172356
921 0.17254
922 0.17168
923 0.17484
924 0.180204
925 0.17913
926 0.180308
927 0.174507
928 0.172641
929 0.171009
930 0.178553
931 0.17928
932 0.178746
933 0.178688
934 0.174894
935 0.171902
936 0.172262
937 0.173282
938 0.180585
939 0.179291
940 0.177474
941 0.176089
942 0.171415
943 0.171411
944 0.175786
945 0.177919
946 0.179555
947 0.178206
948 0.174215
949 0.172938
950 0.173003
951 0.174588
952 0.178553
953 0.183564
954 0.175976
955 0.176069
956 0.172341
957 0.168995
958 0.174867
959 0.179717
960 0.182185
961 0.180868
962 0.176203
963 0.171812
964 0.172319
965 0.173857
966 0.180539
967 0.182243
968 0.181077
969 0.175344
970 0.173571
971 0.173096
972 0.175635
973 0.178487
974 0.179681
975 0.178244
976 0.175159
977 0.172539
978 0.174144
979 0.174799
980 0.180324
981 0.181468
982 0.177436
983 0.175318
984 0.172514
985 0.174614
986 0.176508
987 0.178741
988 0.178744
989 0.178619
990 0.176198
991 0.169429
992 0.172225
993 0.174253
994 0.180352
995 0.1821
996 0.179653
997 0.174798
998 0.171405
999 0.174207
1000 0.176002
1001 0.180695
1002 0.182787
1003 0.177223
1004 0.176002
1005 0.169364
1006 0.175377
1007 0.177988
1008 0.178885
1009 0.178857
1010 0.179926
1011 0.172962
1012 0.173092
1013 0.171203
1014 0.178028
1015 0.182366
1016 0.180041
1017 0.178891
1018 0.174704
1019 0.172871
1020 0.171312
1021 0.176889
1022 0.177384
1023 0.180403
1024 0.177808
1025 0.173662
1026 0.170174
1027 0.174945
1028 0.175432
1029 0.179071
1030 0.178074
1031 0.179953
1032 0.175549
1033 0.170834
1034 0.170285
1035 0.17419
1036 0.181809
1037 0.181208
1038 0.181
1039 0.176764
1040 0.173575
1041 0.17158
1042 0.172544
1043 0.180704
1044 0.181769
1045 0.177017
1046 0.174259
1047 0.174009
1048 0.174432
1049 0.175377
1050 0.179455
1051 0.180083
1052 0.179637
1053 0.177232
1054 0.17282
1055 0.174105
1056 0.178306
1057 0.182337
1058 0.178769
1059 0.178584
1060 0.174144
1061 0.171455
1062 0.173955
1063 0.175347
1064 0.1782
1065 0.182699
1066 0.178191
1067 0.173012
1068 0.173916
1069 0.17281
1070 0.17534
1071 0.181759
1072 0.179585
1073 0.182358
1074 0.174106
1075 0.170661
1076 0.172106
1077 0.177561
1078 0.182297
1079 0.179893
1080 0.177797
1081 0.177271
1082 0.172157
1083 0.171864
1084 0.176456
1085 0.182726
1086 0.181773
1087 0.176133
1088 0.175121
1089 0.172885
1090 0.173859
1091 0.175694
1092 0.178502
1093 0.182124
1094 0.177035
1095 0.1738
1096 0.171832
1097 0.174334
1098 0.175914
1099 0.182477
1100 0.179735
1101 0.177448
1102 0.176189
1103 0.172938
1104 0.170134
1105 0.176493
1106 0.180718
1107 0.182293
1108 0.179083
1109 0.176669
1110 0.169926
1111 0.174717
1112 0.177088
1113 0.178907
1114 0.178715
1115 0.178156
1116 0.176646
1117 0.171419
1118 0.170855
1119 0.174816
1120 0.178175
1121 0.182395
1122 0.176232
1123 0.177131
1124 0.175815
1125 0.172367
1126 0.177544
1127 0.180479
1128 0.182228
1129 0.179808
1130 0.173487
1131 0.172808
1132 0.173438
1133 0.177654
1134 0.17925
1135 0.179139
1136 0.18067
1137 0.173036
1138 0.172894
1139 0.174961
1140 0.178675
1141 0.182571
1142 0.181847
1143 0.176099
1144 0.172648
1145 0.175176
1146 0.173179
1147 0.178692
1148 0.177831
1149 0.182533
1150 0.179459
1151 0.172772
1152 0.173784
1153 0.17502
1154 0.177918
1155 0.182886
1156 0.178508
1157 0.176859
1158 0.173202
1159 0.172892
1160 0.173259
1161 0.178614
1162 0.18248
1163 0.180714
1164 0.175347
1165 0.1713
1166 0.174594
1167 0.173473
1168 0.177748
1169 0.178413
1170 0.181468
1171 0.177202
1172 0.174171
1173 0.170901
1174 0.177608
1175 0.181529
1176 0.180618
1177 0.177617
1178 0.17711
1179 0.17221
1180 0.171262
1181 0.172514
1182 0.177869
1183 0.181944
1184 0.179942
1185 0.176245
1186 0.172683
1187 0.172079
1188 0.176818
1189 0.176616
1190 0.180867
1191 0.183286
1192 0.175154
1193 0.17012
1194 0.17316
1195 0.174739
1196 0.17891
1197 0.183503
1198 0.180005
1199 0.178673
1200 0.175188
1201 0.170603
1202 0.172125
1203 0.179466
1204 0.180727
1205 0.178369
1206 0.174404
1207 0.175797
1208 0.173626
1209 0.17052
1210 0.176662
1211 0.180063
1212 0.17924
1213 0.177896
1214 0.171488
1215 0.172798
1216 0.17241
1217 0.178372
1218 0.180782
1219 0.181497
1220 0.178432
1221 0.175613
1222 0.171617
1223 0.172835
1224 0.176343
1225 0.17933
1226 0.180586
1227 0.177103
1228 0.174147
1229 0.173535
1230 0.171603
1231 0.176307
1232 0.180714
1233 0.179334
1234 0.179215
1235 0.175409
1236 0.17405
1237 0.17754
1238 0.18015
1239 0.182285
1240 0.177416
1241 0.176371
1242 0.174767
1243 0.168733
1244 0.172898
1245 0.176455
1246 0.183731
1247 0.181104
1248 0.174735
1249 0.173178
1250 0.171496
1251 0.173057
1252 0.1784
1253 0.180129
1254 0.18385
1255 0.177347
1256 0.174237
1257 0.171559
1258 0.173437
1259 0.176939
1260 0.180444
1261 0.179001
1262 0.175124
1263 0.17618
1264 0.172383
1265 0.17521
1266 0.179452
1267 0.181928
1268 0.178125
1269 0.174813
1270 0.17269
1271 0.17354
1272 0.175126
1273 0.180871
1274 0.178448
1275 0.182039
1276 0.178313
1277 0.172916
1278 0.172435
1279 0.178428
1280 0.179362
1281 0.180254
1282 0.177069
1283 0.178344
1284 0.171262
1285 0.171914
1286 0.174364
1287 0.182223
1288 0.181374
1289 0.178918
1290 0.175767
1291 0.171519
1292 0.174186
1293 0.173806
1294 0.178026
1295 0.18021
1296 0.182667
1297 0.175778
1298 0.172723
1299 0.172256
1300 0.174035
1301 0.181701
1302 0.179718
1303 0.179264
1304 0.177838
1305 0.172828
1306 0.170335
1307 0.174484
1308 0.176533
1309 0.17889
1310 0.1779
1311 0.176931
1312 0.171406
1313 0.171979
1314 0.176958
1315 0.178508
1316 0.179355
1317 0.179499
1318 0.178309
1319 0.16993
1320 0.170117
1321 0.174023
1322 0.17817
1323 0.180221
1324 0.179738
1325 0.177105
1326 0.174518
1327 0.170319
1328 0.173543
1329 0.177508
1330 0.182333
1331 0.179095
1332 0.175054
1333 0.174409
1334 0.173183
1335 0.175176
1336 0.175236
1337 0.179059
1338 0.180415
1339 0.177342
1340 0.172659
1341 0.174448
1342 0.177493
1343 0.175864
1344 0.178771
1345 0.182568
1346 0.178117
1347 0.172064
1348 0.173273
1349 0.170945
1350 0.178413
1351 0.180757
1352 0.179626
1353 0.178031
1354 0.175194
1355 0.173758
1356 0.174634
1357 0.175796
1358 0.181978
1359 0.180055
1360 0.175173
1361 0.172587
1362 0.170166
1363 0.175218
1364 0.17558
1365 0.181636
1366 0.17824
1367 0.179726
1368 0.176601
1369 0.170829
1370 0.173397
1371 0.179631
1372 0.181445
1373 0.180221
1374 0.178148
1375 0.174992
1376 0.171075
1377 0.173462
1378 0.17579
1379 0.177569
1380 0.182118
1381 0.179424
1382 0.174392
1383 0.172157
1384 0.178038
1385 0.178271
1386 0.178814
1387 0.18214
1388 0.17747
1389 0.175553
1390 0.173447
1391 0.17441
1392 0.178779
1393 0.179175
1394 0.180717
1395 0.177375
1396 0.173115
1397 0.174738
1398 0.175437
1399 0.176899
1400 0.179921
1401 0.18024
1402 0.174156
1403 0.174312
1404 0.173437
1405 0.174526
1406 0.179343
1407 0.183301
1408 0.178726
1409 0.17575
1410 0.172801
1411 0.173433
1412 0.172765
1413 0.181487
1414 0.181042
1415 0.177992
1416 0.175084
1417 0.172525
1418 0.17104
1419 0.175124
1420 0.18048
1421 0.178995
1422 0.180292
1423 0.177535
1424 0.170253
1425 0.171967
1426 0.174596
1427 0.179345
1428 0.181316
1429 0.177811
1430 0.175344
1431 0.172146
1432 0.173537
1433 0.171998
1434 0.182193
1435 0.182962
1436 0.176396
1437 0.175305
1438 0.172913
1439 0.173278
1440 0.174152
1441 0.177071
1442 0.180736
1443 0.182294
1444 0.174651
1445 0.171826
1446 0.174497
1447 0.177632
1448 0.180458
1449 0.181659
1450 0.181961
1451 0.174548
1452 0.174465
1453 0.172309
1454 0.174717
1455 0.178016
1456 0.179782
1457 0.180973
1458 0.173131
1459 0.17239
1460 0.175579
1461 0.175576
1462 0.17971
1463 0.180997
1464 0.182453
1465 0.176097
1466 0.171556
1467 0.173808
1468 0.17576
1469 0.180938
1470 0.181962
1471 0.176588
1472 0.174873
1473 0.174978
1474 0.172241
1475 0.17424
1476 0.182737
1477 0.183228
1478 0.178912
1479 0.176168
1480 0.173956
1481 0.174748
1482 0.178019
1483 0.18084
1484 0.180096
1485 0.179744
1486 0.173718
1487 0.169142
1488 0.174195
1489 0.179539
1490 0.178817
1491 0.179128
1492 0.176337
1493 0.175843
1494 0.170825
1495 0.172841
1496 0.17612
1497 0.181571
1498 0.180183
1499 0.177887
1500 0.173128
1501 0.172182
1502 0.17321
1503 0.177082
1504 0.180821
1505 0.180008
1506 0.178544
1507 0.1735
1508 0.171364
1509 0.17268
1510 0.176188
1511 0.180518
1512 0.182251
1513 0.179078
1514 0.175656
1515 0.17364
1516 0.173332
1517 0.178536
1518 0.178585
1519 0.180963
1520 0.177109
1521 0.171
1522 0.169324
1523 0.17346
1524 0.177537
1525 0.177709
1526 0.180127
1527 0.179502
1528 0.173863
1529 0.171519
1530 0.175077
1531 0.176962
1532 0.182688
1533 0.181598
1534 0.177674
1535 0.174746
1536 0.171229
1537 0.171465
1538 0.174331
1539 0.180932
1540 0.182414
1541 0.177208
1542 0.172768
1543 0.171542
1544 0.171765
1545 0.175938
1546 0.178267
1547 0.18237
1548 0.179746
1549 0.176259
1550 0.169957
1551 0.171779
1552 0.175646
1553 0.181469
1554 0.182413
1555 0.177623
1556 0.178537
1557 0.173452
1558 0.171989
1559 0.174104
1560 0.179715
1561 0.18044
1562 0.178951
1563 0.175429
1564 0.173637
1565 0.174355
1566 0.178123
1567 0.179364
1568 0.17794
1569 0.180836
1570 0.174229
1571 0.169476
1572 0.171249
1573 0.176399
1574 0.179946
1575 0.181813
1576 0.178778
1577 0.175038
1578 0.173222
1579 0.173724
1580 0.175531
1581 0.178591
1582 0.180083
1583 0.180752
1584 0.174875
1585 0.170143
1586 0.172647
1587 0.175589
1588 0.178948
1589 0.178203
1590 0.181809
1591 0.17727
1592 0.171722
1593 0.174924
1594 0.176083
1595 0.181294
1596 0.18108
1597 0.179123
1598 0.172901
1599 0.170678
1600 0.174356
1601 0.1757
1602 0.178538
1603 0.182624
1604 0.178395
1605 0.174166
1606 0.172351
1607 0.177341
1608 0.178747
1609 0.182218
1610 0.180262
1611 0.179568
1612 0.172489
1613 0.172076
1614 0.175538
1615 0.179661
1616 0.180518
1617 0.182037
1618 0.175993
1619 0.171156
1620 0.17091
1621 0.173223
1622 0.175561
1623 0.18061
1624 0.182495
1625 0.17808
1626 0.171784
1627 0.174329
1628 0.173727
1629 0.180054
1630 0.182219
1631 0.17878
1632 0.1773
1633 0.174778
1634 0.169464
1635 0.173919
1636 0.181514
1637 0.181883
1638 0.180351
1639 0.175706
1640 0.175009
1641 0.171982
1642 0.1741
1643 0.177254
1644 0.182463
1645 0.177745
1646 0.175891
1647 0.171497
1648 0.170876
1649 0.173219
1650 0.179853
1651 0.179188
1652 0.180934
1653 0.176549
1654 0.171678
1655 0.169755
1656 0.172826
1657 0.175299
1658 0.179687
1659 0.178703
1660 0.1755
1661 0.173149
1662 0.173459
1663 0.172214
1664 0.175988
1665 0.180398
1666 0.181399
1667 0.176582
1668 0.174258
1669 0.170063
1670 0.176853
1671 0.177262
1672 0.181063
1673 0.179235
1674 0.181748
1675 0.17572
1676 0.168525
1677 0.174626
1678 0.17736
1679 0.180233
1680 0.179943
1681 0.179342
1682 0.172603
1683 0.174497
1684 0.174266
1685 0.176976
1686 0.178952
1687 0.179609
1688 0.17782
1689 0.174425
1690 0.171334
1691 0.176331
1692 0.177498
1693 0.179762
1694 0.181044
1695 0.179308
1696 0.174833
1697 0.169735
1698 0.173578
1699 0.178456
1700 0.179485
1701 0.179422
1702 0.17747
1703 0.173985
1704 0.174406
1705 0.172893
1706 0.178845
1707 0.17806
1708 0.182226
1709 0.177452
1710 0.174064
1711 0.169284
1712 0.174387
1713 0.181052
1714 0.177442
1715 0.181409
1716 0.180238
1717 0.173491
1718 0.170221
1719 0.171782
1720 0.179707
1721 0.180405
1722 0.179989
1723 0.178536
1724 0.17645
1725 0.171182
1726 0.171537
1727 0.177151
1728 0.181935
1729 0.178853
1730 0.176359
1731 0.17543
1732 0.172305
1733 0.175863
1734 0.17676
1735 0.180951
1736 0.178153
1737 0.1769
1738 0.172939
1739 0.172423
1740 0.173597
1741 0.180092
1742 0.181003
1743 0.181827
1744 0.174229
1745 0.173362
1746 0.174782
1747 0.171787
1748 0.175996
1749 0.18025
1750 0.183466
1751 0.176353
1752 0.174745
1753 0.170343
1754 0.176053
1755 0.179874
1756 0.180823
1757 0.180615
1758 0.177271
1759 0.174817
1760 0.170022
1761 0.172051
1762 0.175311
1763 0.18285
1764 0.181445
1765 0.177992
1766 0.174351
1767 0.172765
1768 0.17233
1769 0.17974
1770 0.180225
1771 0.178948
1772 0.177961
1773 0.173669
1774 0.173119
1775 0.177702
1776 0.178871
1777 0.183347
1778 0.180731
1779 0.175644
1780 0.174867
1781 0.172406
1782 0.174433
1783 0.180161
1784 0.180271
1785 0.17792
1786 0.173264
1787 0.172825
1788 0.175753
1789 0.176501
1790 0.177852
1791 0.182678
1792 0.177832
1793 0.17371
1794 0.172033
1795 0.172733
1796 0.174543
1797 0.177899
1798 0.180997
1799 0.17971
1800 0.175329
1801 0.171298
1802 0.172362
1803 0.175305
1804 0.176909
1805 0.182728
1806 0.179123
1807 0.172932
1808 0.173873
1809 0.17282
1810 0.175658
1811 0.181262
1812 0.179989
1813 0.180672
1814 0.17571
1815 0.171808
1816 0.173083
1817 0.175363
1818 0.181691
1819 0.181633
1820 0.17886
1821 0.173259
1822 0.172492
1823 0.174465
1824 0.173957
1825 0.18206
1826 0.181996
1827 0.17847
1828 0.172565
1829 0.172915
1830 0.172618
1831 0.172916
1832 0.177865
1833 0.180967
1834 0.17934
1835 0.17299
1836 0.174194
1837 0.17152
1838 0.17897
1839 0.182843
1840 0.179735
1841 0.177836
1842 0.175635
1843 0.172291
1844 0.172797
1845 0.175556
1846 0.181732
1847 0.183307
1848 0.176823
1849 0.172801
1850 0.172364
1851 0.175578
1852 0.174407
1853 0.178422
1854 0.18167
1855 0.178445
1856 0.176367
1857 0.172168
1858 0.171866
1859 0.174783
1860 0.18002
1861 0.179319
1862 0.178187
1863 0.17738
1864 0.17345
1865 0.170648
1866 0.176261
1867 0.18052
1868 0.183732
1869 0.179064
1870 0.175635
1871 0.173879
1872 0.172674
1873 0.173489
1874 0.180715
1875 0.182233
1876 0.17847
1877 0.175753
1878 0.173429
1879 0.170894
1880 0.175943
1881 0.182212
1882 0.180801
1883 0.177013
1884 0.175521
1885 0.171994
1886 0.173249
1887 0.178395
1888 0.177999
1889 0.180693
1890 0.179316
1891 0.173555
1892 0.17247
1893 0.175359
1894 0.178063
1895 0.181269
1896 0.178479
1897 0.177969
1898 0.17443
1899 0.169122
1900 0.171627
1901 0.177678
1902 0.181445
1903 0.180088
1904 0.177719
1905 0.17458
1906 0.173125
1907 0.170074
1908 0.174563
1909 0.177437
1910 0.183428
1911 0.178454
1912 0.174541
1913 0.171582
1914 0.17392
1915 0.178189
1916 0.179813
1917 0.178819
1918 0.180313
1919 0.176067
1920 0.16948
1921 0.171539
1922 0.177502
1923 0.181052
1924 0.180442
1925 0.180704
1926 0.175703
1927 0.173344
1928 0.172363
1929 0.174227
1930 0.179952
1931 0.180329
1932 0.177046
1933 0.175412
1934 0.17154
1935 0.1749
1936 0.17719
1937 0.181613
1938 0.180351
1939 0.180516
1940 0.175828
1941 0.16963
1942 0.172267
1943 0.174395
1944 0.177794
1945 0.182442
1946 0.179172
1947 0.175916
1948 0.172561
1949 0.170521
1950 0.173791
1951 0.181308
1952 0.180097
1953 0.178561
1954 0.175068
1955 0.171319
1956 0.174181
1957 0.174532
1958 0.181115
1959 0.180119
1960 0.180615
1961 0.174998
1962 0.172093
1963 0.172457
1964 0.178077
1965 0.1801
1966 0.18064
1967 0.178755
1968 0.174386
1969 0.173235
1970 0.171514
1971 0.175742
1972 0.178583
1973 0.180086
1974 0.179139
1975 0.175476
1976 0.172881
1977 0.175903
1978 0.175386
1979 0.180524
1980 0.181865
1981 0.17972
1982 0.175117
1983 0.17364
1984 0.172081
1985 0.179755
1986 0.179255
1987 0.178805
1988 0.176035
1989 0.175485
1990 0.173137
1991 0.17242
1992 0.1775
1993 0.178236
1994 0.179441
1995 0.178458
1996 0.175144
1997 0.169177
1998 0.177287
1999 0.178646
2000 0.177373
2001 0.179039
2002 0.177526
2003 0.17646
2004 0.173473
2005 0.174955
2006 0.17786
2007 0.183601
2008 0.180037
2009 0.17628
2010 0.173271
2011 0.172244
2012 0.171887
2013 0.174749
2014 0.180727
2015 0.182357
2016 0.178851
2017 0.174615
2018 0.17275
2019 0.176586
2020 0.175674
2021 0.180751
2022 0.178757
2023 0.177652
2024 0.175536
2025 0.171162
2026 0.171706
2027 0.177614
2028 0.182926
2029 0.178762
2030 0.178628
2031 0.17599
2032 0.171633
2033 0.173981
2034 0.177984
2035 0.179714
2036 0.181759
2037 0.176445
2038 0.172254
2039 0.173495
2040 0.176394
2041 0.180764
2042 0.181587
2043 0.179863
2044 0.178138
2045 0.174877
2046 0.172873
2047 0.173345
2048 0.177257
2049 0.182092
2050 0.177781
2051 0.173928
2052 0.172073
2053 0.173592
2054 0.174134
2055 0.17954
2056 0.183258
2057 0.182769
2058 0.176319
2059 0.174179
2060 0.173393
2061 0.175961
2062 0.180028
2063 0.182832
2064 0.180381
2065 0.175839
2066 0.172471
2067 0.17156
2068 0.176267
2069 0.17943
2070 0.179571
2071 0.177174
2072 0.1753
2073 0.171247
2074 0.174735
2075 0.17879
2076 0.179539
2077 0.180299
2078 0.179682
2079 0.175123
2080 0.17181
2081 0.172511
2082 0.178594
2083 0.182867
2084 0.179789
2085 0.178111
2086 0.176024
2087 0.172114
2088 0.170542
2089 0.175403
2090 0.177251
2091 0.179623
2092 0.177241
2093 0.174636
2094 0.172716
2095 0.17256
2096 0.178555
2097 0.182267
2098 0.180266
2099 0
